
0	340	136	336	134	72	73	0.0824742	0	0.298901	2
1	367	127	366	126	72	73	0.0206186	0	0.279121	2
2	288	439	286	438	72	73	0.0309278	0	0.964835	2
3	378	183	377	183	72	74	0.0103093	0	0.402198	2
4	416	163	411	163	72	80	0.0515464	0	0.358242	2
5	398	166	397	165	73	74	0.0206186	0	0.364835	2
6	307	110	303	108	73	76	0.0824742	0	0.241758	2
7	376	127	376	124	73	75	0.0927835	0	0.279121	1
8	350	134	346	132	73	75	0.0824742	0	0.294505	2
9	288	120	287	118	73	75	0.0515464	0	0.263736	2
10	332	124	329	122	73	74	0.0721649	0	0.272527	2
11	257	148	258	146	73	74	0.0515464	0	0.325275	1
12	281	159	281	158	73	74	0.0103093	0	0.349451	1
13	50	175	43	175	74	89	0.0721649	0	0.384615	2
14	814	373	813	373	75	79	0.0103093	0	0.81978	2
15	745	405	744	405	75	77	0.0103093	0	0.89011	2
16	823	388	821	388	75	78	0.0206186	0	0.852747	2
17	333	131	332	130	75	76	0.0206186	0	0.287912	2
18	322	146	321	144	75	77	0.0515464	0	0.320879	2
19	406	151	405	150	75	76	0.0206186	0	0.331868	2
20	397	166	396	166	75	76	0.0103093	0	0.364835	2
21	475	122	475	121	75	76	0.0103093	0	0.268132	1
22	387	142	386	140	75	76	0.0515464	0	0.312088	2
23	358	112	357	111	75	76	0.0206186	0	0.246154	2
24	785	401	780	400	75	88	0.0618557	0	0.881319	2
25	320	156	320	156	75	77	0	0	0.342857	1
26	365	125	365	123	75	76	0.0412371	0	0.274725	1
27	383	160	382	160	75	76	0.0103093	0	0.351648	2
28	288	136	287	135	75	76	0.0206186	0	0.298901	2
29	368	105	368	105	75	77	0	0	0.230769	1
30	285	438	284	437	75	76	0.0206186	0	0.962637	2
31	307	151	306	150	75	79	0.0206186	0	0.331868	2
32	294	183	294	182	75	78	0.0103093	0	0.402198	1
33	352	168	351	168	75	81	0.0103093	0	0.369231	2
34	362	139	360	136	75	76	0.113402	0	0.305495	2
35	375	122	373	121	76	78	0.0309278	0	0.268132	2
36	290	453	282	452	76	80	0.0927835	0	0.995604	2
37	716	440	714	440	76	77	0.0206186	0	0.967033	2
38	301	137	300	135	76	79	0.0515464	0	0.301099	2
39	319	172	317	171	76	84	0.0309278	0	0.378022	2
40	346	314	347	316	76	110	0.0515464	0	0.69011	1
41	322	117	320	116	77	78	0.0309278	0	0.257143	2
42	350	143	345	142	77	78	0.0618557	0	0.314286	2
43	240	131	242	131	77	78	0.0206186	0	0.287912	1
44	368	136	363	133	77	79	0.14433	0	0.298901	2
45	475	122	475	120	77	78	0.0412371	0	0.268132	1
46	395	168	394	168	77	78	0.0103093	0	0.369231	2
47	358	104	357	103	77	79	0.0206186	0	0.228571	2
48	336	119	330	116	77	80	0.154639	0	0.261538	2
49	290	100	289	99	77	78	0.0206186	0	0.21978	2
50	376	95	375	96	77	78	0.0206186	0	0.208791	2
51	321	145	320	145	78	79	0.0103093	0	0.318681	2
52	711	441	710	440	78	79	0.0206186	0	0.969231	2
53	361	116	360	116	78	79	0.0103093	0	0.254945	2
54	296	453	295	454	78	80	0.0206186	0	0.995604	2
55	745	406	744	406	78	79	0.0103093	0	0.892308	2
56	405	142	403	140	78	79	0.0618557	0	0.312088	2
57	207	125	208	125	78	80	0.0103093	0	0.274725	1
58	48	157	45	159	78	84	0.0721649	0	0.345055	2
59	285	109	285	107	78	79	0.0412371	0	0.23956	1
60	488	137	486	135	78	80	0.0618557	0	0.301099	2
61	297	440	298	442	78	110	0.0515464	0	0.967033	1
62	397	167	396	167	79	81	0.0103093	0	0.367033	2
63	450	148	449	147	79	80	0.0206186	0	0.325275	2
64	821	389	818	390	79	83	0.0412371	0	0.854945	2
65	318	114	316	113	79	80	0.0309278	0	0.250549	2
66	318	157	314	156	79	82	0.0515464	0	0.345055	2
67	247	130	250	128	79	80	0.0721649	0	0.285714	1
68	274	129	273	129	79	80	0.0103093	0	0.283516	2
69	40	177	40	178	79	81	0.0103093	0	0.389011	1
70	135	167	130	167	79	82	0.0515464	0	0.367033	2
71	362	177	362	177	79	80	0	0	0.389011	1
72	675	439	673	439	79	82	0.0206186	0	0.964835	2
73	283	158	283	157	79	80	0.0103093	0	0.347253	1
74	728	396	727	396	80	82	0.0103093	0	0.87033	2
75	813	374	812	374	80	83	0.0103093	0	0.821978	2
76	319	144	318	143	80	81	0.0206186	0	0.316484	2
77	402	142	400	141	80	81	0.0309278	0	0.312088	2
78	340	201	339	200	80	82	0.0206186	0	0.441758	2
79	804	392	798	395	80	92	0.154639	0	0.861538	2
80	371	139	366	138	80	81	0.0618557	0	0.305495	2
81	305	138	306	135	80	83	0.103093	0	0.303297	1
82	354	188	354	185	80	83	0.0927835	0	0.413187	1
83	203	112	203	112	80	82	0	0	0.246154	1
84	293	139	293	137	80	82	0.0412371	0	0.305495	1
85	41	144	25	143	80	91	0.175258	0	0.316484	2
86	358	106	351	105	80	84	0.0824742	0	0.232967	2
87	401	154	399	153	80	81	0.0309278	0	0.338462	2
88	204	98	203	98	80	83	0.0103093	0	0.215385	2
89	47	208	45	209	80	93	0.0309278	0	0.457143	2
90	443	144	441	143	81	82	0.0309278	0	0.316484	2
91	712	444	710	443	81	83	0.0309278	0	0.975824	2
92	409	167	406	167	81	82	0.0309278	0	0.367033	2
93	214	121	215	120	81	83	0.0206186	0	0.265934	1
94	281	453	263	454	81	93	0.195876	0	0.995604	2
95	353	151	352	150	81	82	0.0206186	0	0.331868	2
96	314	112	311	111	81	82	0.0412371	0	0.246154	2
97	195	135	196	135	81	83	0.0103093	0	0.296703	1
98	431	162	432	158	81	82	0.175258	0	0.356044	1
99	341	153	332	153	81	82	0.0927835	0	0.336264	2
100	414	177	407	177	81	83	0.0721649	0	0.389011	2
101	716	260	719	263	81	110	0.123711	0	0.571429	1
102	396	439	398	441	81	110	0.0618557	0	0.964835	1
103	297	107	294	106	81	82	0.0412371	0	0.235165	2
104	688	443	685	441	81	84	0.0721649	0	0.973626	2
105	389	146	387	146	81	82	0.0206186	0	0.320879	2
106	372	169	372	168	82	83	0.0103093	0	0.371429	1
107	401	157	399	156	82	83	0.0309278	0	0.345055	2
108	399	140	396	141	82	84	0.0412371	0	0.307692	2
109	316	143	315	141	82	83	0.0515464	0	0.314286	2
110	132	208	128	208	82	85	0.0412371	0	0.457143	2
111	663	445	662	444	82	85	0.0206186	0	0.978022	2
112	352	168	352	168	82	83	0	0	0.369231	1
113	258	116	261	115	82	83	0.0412371	0	0.254945	1
114	663	455	663	454	82	86	0.0103093	0	1	1
115	747	426	741	427	82	100	0.0721649	0	0.936264	2
116	292	149	293	147	82	84	0.0515464	0	0.327473	1
117	283	159	283	159	82	84	0	0	0.349451	1
118	291	189	291	187	82	83	0.0412371	0	0.415385	1
119	728	396	727	395	83	87	0.0206186	0	0.87033	2
120	348	152	347	151	83	84	0.0206186	0	0.334066	2
121	382	131	381	131	83	84	0.0103093	0	0.287912	2
122	442	144	440	143	83	84	0.0309278	0	0.316484	2
123	631	452	630	454	83	109	0.0515464	0	0.993407	2
124	370	104	365	105	83	87	0.0618557	0	0.228571	2
125	294	137	294	136	83	84	0.0103093	0	0.301099	1
126	329	134	327	132	83	84	0.0618557	0	0.294505	2
127	673	441	672	440	83	85	0.0206186	0	0.969231	2
128	301	176	302	174	83	84	0.0515464	0	0.386813	1
129	129	167	113	164	83	91	0.257732	0	0.367033	2
130	130	196	123	196	83	86	0.0721649	0	0.430769	2
131	311	111	308	110	83	84	0.0412371	0	0.243956	2
132	216	103	219	101	83	87	0.0721649	0	0.226374	1
133	340	134	336	131	83	84	0.134021	0	0.294505	2
134	294	106	292	105	83	84	0.0309278	0	0.232967	2
135	342	196	346	189	83	85	0.546392	0	0.430769	1
136	813	375	812	374	84	87	0.0206186	0	0.824176	2
137	373	168	374	164	84	87	0.175258	0	0.369231	1
138	818	391	816	391	84	89	0.0206186	0	0.859341	2
139	710	444	710	443	84	89	0.0103093	0	0.975824	1
140	201	136	202	135	84	85	0.0206186	0	0.298901	1
141	33	186	29	187	84	89	0.0515464	0	0.408791	2
142	280	133	279	133	84	86	0.0103093	0	0.292308	2
143	375	203	374	202	84	87	0.0206186	0	0.446154	2
144	306	135	306	135	84	85	0	0	0.296703	1
145	397	156	395	155	84	85	0.0309278	0	0.342857	2
146	268	115	269	115	84	85	0.0103093	0	0.252747	1
147	212	119	212	118	84	85	0.0103093	0	0.261538	1
148	112	199	111	199	84	86	0.0103093	0	0.437363	2
149	361	125	358	125	85	86	0.0309278	0	0.274725	2
150	50	194	49	193	85	88	0.0206186	0	0.426374	2
151	397	144	396	145	85	86	0.0206186	0	0.316484	2
152	354	135	351	134	85	86	0.0412371	0	0.296703	2
153	381	132	380	132	85	86	0.0103093	0	0.29011	2
154	295	136	295	136	85	86	0	0	0.298901	1
155	265	127	264	128	85	86	0.0206186	0	0.279121	2
156	460	119	456	118	85	86	0.0515464	0	0.261538	2
157	291	146	291	146	85	86	0	0	0.320879	1
158	760	444	758	444	85	91	0.0206186	0	0.975824	2
159	188	91	190	90	85	86	0.0309278	0	0.2	1
160	480	126	479	125	85	87	0.0206186	0	0.276923	2
161	372	149	371	147	85	86	0.0515464	0	0.327473	2
162	350	86	334	95	85	97	1	0	0.189011	2
163	382	157	381	152	85	87	0.268041	0	0.345055	2
164	583	413	581	412	85	89	0.0309278	0	0.907692	2
165	398	167	397	167	86	87	0.0103093	0	0.367033	2
166	125	215	125	214	86	87	0.0103093	0	0.472527	1
167	305	134	305	134	86	87	0	0	0.294505	1
168	671	440	670	438	86	88	0.0515464	0	0.967033	2
169	205	135	206	134	86	88	0.0206186	0	0.296703	1
170	390	178	386	178	86	87	0.0412371	0	0.391209	2
171	278	117	277	116	86	87	0.0206186	0	0.257143	2
172	269	156	265	155	86	87	0.0515464	0	0.342857	2
173	304	150	304	150	86	87	0	0	0.32967	1
174	207	112	210	109	86	89	0.123711	0	0.246154	1
175	327	127	324	126	86	87	0.0412371	0	0.279121	2
176	717	428	717	426	86	93	0.0412371	0	0.940659	1
177	345	110	342	110	86	87	0.0309278	0	0.241758	2
178	24	385	24	384	86	88	0.0103093	0	0.846154	1
179	343	150	338	148	86	87	0.0927835	0	0.32967	2
180	459	99	450	99	86	89	0.0927835	0	0.217582	2
181	460	179	459	178	86	90	0.0206186	0	0.393407	2
182	44	165	25	161	86	95	0.360825	0	0.362637	2
183	450	441	452	443	86	110	0.0618557	0	0.969231	1
184	348	133	343	133	87	88	0.0515464	0	0.292308	2
185	358	125	354	125	87	88	0.0412371	0	0.274725	2
186	308	187	311	188	87	89	0.0412371	0	0.410989	1
187	380	134	379	135	87	88	0.0206186	0	0.294505	2
188	306	175	307	175	87	88	0.0103093	0	0.384615	1
189	121	197	114	196	87	91	0.0824742	0	0.432967	2
190	387	168	384	169	87	88	0.0412371	0	0.369231	2
191	293	147	293	149	87	89	0.0412371	0	0.323077	1
192	374	181	374	179	87	88	0.0412371	0	0.397802	1
193	300	107	297	104	87	89	0.123711	0	0.235165	2
194	287	186	285	184	87	88	0.0618557	0	0.408791	2
195	178	98	188	95	87	89	0.195876	0	0.215385	1
196	771	407	765	407	87	101	0.0618557	0	0.894505	2
197	690	455	688	452	87	90	0.113402	0	1	2
198	742	438	738	437	87	98	0.0515464	0	0.962637	2
199	664	455	663	454	87	89	0.0206186	0	1	2
200	283	147	280	148	87	88	0.0412371	0	0.323077	2
201	816	379	815	379	88	95	0.0103093	0	0.832967	2
202	806	379	805	380	88	95	0.0206186	0	0.832967	2
203	304	134	304	135	88	89	0.0103093	0	0.294505	1
204	355	191	356	193	88	89	0.0515464	0	0.41978	1
205	282	135	281	135	88	90	0.0103093	0	0.296703	2
206	816	368	818	371	88	110	0.113402	0	0.808791	1
207	276	117	275	117	88	89	0.0103093	0	0.257143	2
208	430	146	427	145	88	89	0.0412371	0	0.320879	2
209	728	396	727	395	88	89	0.0206186	0	0.87033	2
210	228	99	227	98	88	89	0.0206186	0	0.217582	2
211	264	158	263	158	88	89	0.0103093	0	0.347253	2
212	320	193	316	192	88	98	0.0515464	0	0.424176	2
213	125	215	114	212	88	93	0.206186	0	0.472527	2
214	463	104	459	105	88	89	0.0515464	0	0.228571	2
215	385	173	383	174	89	90	0.0309278	0	0.38022	2
216	375	179	376	177	89	90	0.0515464	0	0.393407	1
217	781	401	777	401	89	97	0.0412371	0	0.881319	2
218	381	150	380	148	89	90	0.0515464	0	0.32967	2
219	309	176	310	177	89	90	0.0206186	0	0.386813	1
220	363	105	362	104	89	90	0.0206186	0	0.230769	2
221	283	184	281	183	89	90	0.0309278	0	0.404396	2
222	254	146	252	147	89	90	0.0309278	0	0.320879	2
223	262	130	261	130	89	90	0.0103093	0	0.285714	2
224	29	192	28	191	90	91	0.0206186	0	0.421978	2
225	356	160	356	159	90	91	0.0103093	0	0.351648	1
226	386	163	384	163	90	91	0.0206186	0	0.358242	2
227	711	445	713	444	90	96	0.0309278	0	0.978022	1
228	815	393	818	396	90	110	0.123711	0	0.863736	1
229	304	137	303	137	90	91	0.0103093	0	0.301099	2
230	41	175	25	175	90	95	0.164948	0	0.384615	2
231	297	120	297	118	90	91	0.0412371	0	0.263736	1
232	45	191	39	190	90	91	0.0721649	0	0.41978	2
233	207	132	208	130	90	91	0.0515464	0	0.29011	1
234	366	168	367	168	90	91	0.0103093	0	0.369231	1
235	416	129	401	128	90	97	0.164948	0	0.283516	2
236	358	126	355	125	90	91	0.0412371	0	0.276923	2
237	80	204	78	204	90	98	0.0206186	0	0.448352	2
238	727	397	726	396	90	95	0.0206186	0	0.872527	2
239	454	129	452	129	90	95	0.0206186	0	0.283516	2
240	298	103	297	101	90	91	0.0515464	0	0.226374	2
241	203	100	203	99	90	92	0.0103093	0	0.21978	1
242	425	143	423	141	90	91	0.0618557	0	0.314286	2
243	354	171	353	170	90	91	0.0206186	0	0.375824	2
244	287	118	285	117	90	91	0.0309278	0	0.259341	2
245	298	153	298	155	90	92	0.0412371	0	0.336264	1
246	755	337	745	338	90	104	0.113402	0	0.740659	2
247	686	256	690	258	90	110	0.0824742	0	0.562637	1
248	280	150	280	150	90	93	0	0	0.32967	1
249	425	296	428	298	90	110	0.0721649	0	0.650549	1
250	396	167	395	166	90	91	0.0206186	0	0.367033	2
251	357	194	357	194	91	94	0	0	0.426374	1
252	312	180	305	178	91	97	0.113402	0	0.395604	2
253	275	115	273	115	91	92	0.0206186	0	0.252747	2
254	226	97	228	96	91	92	0.0309278	0	0.213187	1
255	100	199	99	203	91	106	0.175258	0	0.437363	2
256	362	103	358	104	91	94	0.0515464	0	0.226374	2
257	103	171	102	171	91	92	0.0103093	0	0.375824	2
258	303	165	303	166	91	93	0.0103093	0	0.362637	1
259	729	453	730	452	91	96	0.0206186	0	0.995604	1
260	367	168	367	167	92	93	0.0103093	0	0.369231	1
261	277	135	276	135	92	93	0.0103093	0	0.296703	2
262	247	150	244	152	92	93	0.0721649	0	0.32967	2
263	283	117	281	117	92	93	0.0206186	0	0.257143	2
264	297	101	295	100	92	93	0.0309278	0	0.221978	2
265	266	133	265	133	92	93	0.0103093	0	0.292308	2
266	393	152	392	151	92	93	0.0206186	0	0.334066	2
267	444	106	438	106	92	93	0.0618557	0	0.232967	2
268	110	201	109	201	92	95	0.0103093	0	0.441758	2
269	300	139	297	138	92	94	0.0412371	0	0.305495	2
270	419	138	413	138	92	95	0.0618557	0	0.303297	2
271	324	147	322	146	92	93	0.0309278	0	0.323077	2
272	223	113	224	112	92	93	0.0206186	0	0.248352	1
273	113	164	108	163	92	94	0.0618557	0	0.36044	2
274	209	130	210	129	92	93	0.0206186	0	0.285714	1
275	315	117	315	116	92	93	0.0103093	0	0.257143	1
276	737	345	729	346	92	104	0.0927835	0	0.758242	2
277	103	173	102	173	93	94	0.0103093	0	0.38022	2
278	358	146	357	146	93	94	0.0103093	0	0.320879	2
279	323	159	321	159	93	94	0.0206186	0	0.349451	2
280	261	104	256	104	93	94	0.0515464	0	0.228571	2
281	798	396	802	399	93	110	0.134021	0	0.87033	1
282	691	439	699	439	93	109	0.0824742	0	0.964835	1
283	333	153	331	153	93	94	0.0206186	0	0.336264	2
284	688	453	689	450	93	104	0.103093	0	0.995604	1
285	204	146	205	144	93	94	0.0515464	0	0.320879	1
286	295	102	293	102	94	95	0.0206186	0	0.224176	2
287	369	168	370	168	94	96	0.0103093	0	0.369231	1
288	279	149	277	149	94	95	0.0206186	0	0.327473	2
289	278	130	276	129	94	95	0.0309278	0	0.285714	2
290	383	172	384	172	94	95	0.0103093	0	0.378022	1
291	394	154	393	153	94	96	0.0206186	0	0.338462	2
292	663	455	662	454	94	96	0.0206186	0	1	2
293	243	155	244	154	94	104	0.0206186	0	0.340659	1
294	264	134	262	133	94	95	0.0309278	0	0.294505	2
295	717	426	716	425	94	97	0.0206186	0	0.936264	2
296	367	140	366	138	94	95	0.0515464	0	0.307692	2
297	419	175	419	174	94	95	0.0103093	0	0.384615	1
298	405	138	399	140	94	96	0.103093	0	0.303297	2
299	99	173	99	173	95	96	0	0	0.38022	1
300	319	151	318	150	95	96	0.0206186	0	0.331868	2
301	309	133	308	131	95	96	0.0515464	0	0.292308	2
302	358	194	357	193	95	97	0.0206186	0	0.426374	2
303	216	128	225	130	95	101	0.134021	0	0.281319	1
304	279	119	279	118	95	96	0.0103093	0	0.261538	1
305	295	112	294	112	95	96	0.0103093	0	0.246154	2
306	381	185	380	183	95	101	0.0515464	0	0.406593	2
307	381	147	380	145	95	96	0.0515464	0	0.323077	2
308	359	176	359	176	95	96	0	0	0.386813	1
309	349	126	347	128	95	96	0.0618557	0	0.276923	2
310	299	137	297	135	95	96	0.0618557	0	0.301099	2
311	292	152	291	150	95	96	0.0515464	0	0.334066	2
312	786	440	786	439	95	99	0.0103093	0	0.967033	1
313	237	93	235	93	95	96	0.0206186	0	0.204396	2
314	443	176	436	177	95	96	0.0824742	0	0.386813	2
315	323	99	315	97	95	97	0.123711	0	0.217582	2
316	224	108	225	108	95	96	0.0103093	0	0.237363	1
317	226	120	228	119	95	96	0.0309278	0	0.263736	1
318	813	378	815	380	96	109	0.0618557	0	0.830769	1
319	293	102	291	101	96	97	0.0309278	0	0.224176	2
320	727	396	726	395	96	99	0.0206186	0	0.87033	2
321	384	173	385	173	96	97	0.0103093	0	0.38022	1
322	277	149	276	148	96	97	0.0206186	0	0.327473	2
323	365	137	364	135	96	97	0.0515464	0	0.301099	2
324	823	385	825	387	96	109	0.0618557	0	0.846154	1
325	393	193	392	193	96	102	0.0103093	0	0.424176	2
326	803	381	807	383	96	110	0.0824742	0	0.837363	1
327	262	133	261	132	96	97	0.0206186	0	0.292308	2
328	109	202	107	203	96	104	0.0309278	0	0.443956	2
329	309	194	307	192	96	97	0.0618557	0	0.426374	2
330	418	176	417	176	96	97	0.0103093	0	0.386813	2
331	351	141	350	141	96	97	0.0103093	0	0.30989	2
332	316	146	315	146	97	98	0.0103093	0	0.320879	2
333	365	177	364	176	97	98	0.0206186	0	0.389011	2
334	715	445	715	444	97	98	0.0103093	0	0.978022	1
335	307	131	305	128	97	99	0.113402	0	0.287912	2
336	661	455	659	454	97	101	0.0309278	0	1	2
337	293	111	290	110	97	99	0.0412371	0	0.243956	2
338	409	87	396	88	97	100	0.14433	0	0.191209	2
339	288	150	285	148	97	99	0.0721649	0	0.32967	2
340	380	139	380	136	97	100	0.0927835	0	0.305495	1
341	279	118	278	117	97	98	0.0206186	0	0.259341	2
342	395	176	395	177	97	98	0.0103093	0	0.386813	1
343	272	135	272	134	97	98	0.0103093	0	0.296703	1
344	297	127	296	126	97	98	0.0206186	0	0.279121	2
345	709	435	711	434	97	102	0.0309278	0	0.956044	1
346	286	187	285	186	97	100	0.0206186	0	0.410989	2
347	292	86	295	84	97	100	0.0721649	0	0.189011	1
348	371	167	371	166	97	99	0.0103093	0	0.367033	1
349	394	154	393	153	97	98	0.0206186	0	0.338462	2
350	224	142	228	143	97	101	0.0515464	0	0.312088	1
351	271	162	270	161	97	99	0.0206186	0	0.356044	2
352	239	60	241	60	97	98	0.0206186	0	0.131868	1
353	227	108	228	108	97	98	0.0103093	0	0.237363	1
354	317	133	315	130	97	99	0.113402	0	0.292308	2
355	275	147	274	147	98	99	0.0103093	0	0.323077	2
356	305	175	304	173	98	99	0.0515464	0	0.384615	2
357	354	172	352	171	98	99	0.0309278	0	0.378022	2
358	740	407	739	407	98	99	0.0103093	0	0.894505	2
359	365	134	365	133	98	99	0.0103093	0	0.294505	1
360	350	143	349	142	98	100	0.0206186	0	0.314286	2
361	291	101	289	100	98	99	0.0309278	0	0.221978	2
362	776	402	779	404	98	110	0.0721649	0	0.883516	1
363	261	133	261	133	98	99	0	0	0.292308	1
364	232	118	234	117	98	99	0.0309278	0	0.259341	1
365	281	176	280	175	98	99	0.0206186	0	0.386813	2
366	335	104	330	104	98	100	0.0515464	0	0.228571	2
367	243	72	243	71	98	99	0.0103093	0	0.158242	1
368	390	173	390	173	99	100	0	0	0.38022	1
369	95	168	92	168	99	100	0.0309278	0	0.369231	2
370	294	125	292	123	99	100	0.0618557	0	0.274725	2
371	407	142	403	141	99	100	0.0515464	0	0.312088	2
372	426	152	423	151	99	100	0.0412371	0	0.334066	2
373	412	131	411	131	99	100	0.0103093	0	0.287912	2
374	393	154	393	154	99	100	0	0	0.338462	1
375	738	437	737	436	99	100	0.0206186	0	0.96044	2
376	300	108	298	107	99	100	0.0309278	0	0.237363	2
377	716	445	717	443	99	104	0.0515464	0	0.978022	1
378	222	113	226	112	99	102	0.0515464	0	0.248352	1
379	548	32	547	32	99	104	0.0103093	0	0.0703297	2
380	715	425	713	425	99	102	0.0206186	0	0.934066	2
381	727	396	726	395	100	103	0.0206186	0	0.87033	2
382	303	173	301	170	100	101	0.113402	0	0.38022	2
383	285	101	283	100	100	101	0.0309278	0	0.221978	2
384	303	128	302	127	100	101	0.0206186	0	0.281319	2
385	267	111	266	110	100	101	0.0206186	0	0.243956	2
386	332	115	326	114	100	101	0.0721649	0	0.252747	2
387	355	171	354	169	100	101	0.0515464	0	0.375824	2
388	328	164	326	162	100	101	0.0618557	0	0.36044	2
389	279	117	279	116	100	101	0.0103093	0	0.257143	1
390	366	134	364	133	100	102	0.0309278	0	0.294505	2
391	264	140	263	140	100	102	0.0103093	0	0.307692	2
392	398	127	396	126	100	101	0.0309278	0	0.279121	2
393	281	175	280	174	100	101	0.0206186	0	0.384615	2
394	418	176	417	176	100	101	0.0103093	0	0.386813	2
395	264	157	265	156	100	101	0.0206186	0	0.345055	1
396	313	129	312	127	100	101	0.0515464	0	0.283516	2
397	417	111	414	109	100	101	0.0721649	0	0.243956	2
398	245	60	249	60	100	102	0.0412371	0	0.131868	1
399	306	189	305	186	100	101	0.103093	0	0.415385	2
400	249	79	248	79	100	101	0.0103093	0	0.173626	2
401	389	173	387	172	101	102	0.0309278	0	0.38022	2
402	298	91	299	91	101	102	0.0103093	0	0.2	1
403	273	146	272	145	101	102	0.0206186	0	0.320879	2
404	738	407	736	407	101	103	0.0206186	0	0.894505	2
405	293	108	288	106	101	104	0.0927835	0	0.237363	2
406	404	184	403	184	101	102	0.0103093	0	0.404396	2
407	394	89	389	90	101	102	0.0618557	0	0.195604	2
408	303	112	301	111	101	102	0.0309278	0	0.246154	2
409	402	142	400	142	101	102	0.0206186	0	0.312088	2
410	238	117	238	116	101	102	0.0103093	0	0.257143	1
411	326	98	318	97	101	103	0.0927835	0	0.215385	2
412	97	172	95	172	101	102	0.0206186	0	0.378022	2
413	378	146	374	143	101	104	0.134021	0	0.320879	2
414	660	454	661	454	102	107	0.0103093	0	0.997802	1
415	230	130	231	129	102	104	0.0206186	0	0.285714	1
416	387	152	385	152	102	103	0.0206186	0	0.334066	2
417	348	141	346	139	102	103	0.0618557	0	0.30989	2
418	303	126	303	124	102	103	0.0412371	0	0.276923	1
419	281	102	279	101	102	103	0.0309278	0	0.224176	2
420	231	142	230	142	102	105	0.0103093	0	0.312088	2
421	279	116	278	115	102	103	0.0206186	0	0.254945	2
422	255	102	252	103	102	103	0.0412371	0	0.224176	2
423	271	162	271	162	102	103	0	0	0.356044	1
424	266	108	266	108	102	103	0	0	0.237363	1
425	246	72	245	71	102	103	0.0206186	0	0.158242	2
426	765	401	770	403	102	110	0.0927835	0	0.881319	1
427	283	92	278	92	102	105	0.0515464	0	0.202198	2
428	403	159	401	158	102	103	0.0309278	0	0.349451	2
429	386	172	385	171	103	104	0.0206186	0	0.378022	2
430	403	184	402	184	103	104	0.0103093	0	0.404396	2
431	279	179	276	177	103	104	0.0721649	0	0.393407	2
432	290	163	289	162	103	104	0.0206186	0	0.358242	2
433	85	225	85	224	103	105	0.0103093	0	0.494505	1
434	327	148	327	148	103	104	0	0	0.325275	1
435	554	425	562	427	103	110	0.123711	0	0.934066	1
436	245	81	244	79	103	104	0.0515464	0	0.178022	2
437	292	92	292	92	103	104	0	0	0.202198	1
438	363	133	361	132	103	104	0.0309278	0	0.292308	2
439	586	414	594	416	103	110	0.123711	0	0.90989	1
440	253	60	255	60	103	104	0.0206186	0	0.131868	1
441	83	182	75	182	103	106	0.0824742	0	0.4	2
442	736	453	738	454	103	108	0.0309278	0	0.995604	1
443	271	147	271	147	104	105	0	0	0.323077	1
444	735	407	734	408	104	107	0.0206186	0	0.894505	2
445	717	392	717	391	104	105	0.0103093	0	0.861538	1
446	278	116	278	116	104	105	0	0	0.254945	1
447	723	336	720	339	104	109	0.123711	0	0.738462	2
448	305	179	310	178	104	110	0.0618557	0	0.393407	1
449	261	149	258	149	104	105	0.0309278	0	0.327473	2
450	302	123	301	122	104	105	0.0206186	0	0.27033	2
451	302	91	302	90	104	105	0.0103093	0	0.2	1
452	381	98	373	99	104	106	0.0927835	0	0.215385	2
453	244	117	244	117	104	105	0	0	0.257143	1
454	291	122	289	122	104	106	0.0206186	0	0.268132	2
455	727	396	731	397	105	110	0.0515464	0	0.87033	1
456	713	433	713	433	105	106	0	0	0.951648	1
457	393	168	391	166	105	106	0.0618557	0	0.369231	2
458	251	133	250	134	105	107	0.0206186	0	0.292308	2
459	233	128	237	125	105	108	0.134021	0	0.281319	1
460	373	142	372	140	105	106	0.0515464	0	0.312088	2
461	729	346	727	349	105	110	0.113402	0	0.76044	2
462	339	137	333	134	105	106	0.154639	0	0.301099	2
463	404	184	404	184	105	106	0	0	0.404396	1
464	288	162	287	162	105	106	0.0103093	0	0.356044	2
465	244	78	244	77	105	106	0.0103093	0	0.171429	1
466	246	156	251	154	105	109	0.0927835	0	0.342857	1
467	356	138	356	138	105	106	0	0	0.303297	1
468	309	138	309	137	105	108	0.0103093	0	0.303297	1
469	716	375	716	375	105	110	0	0	0.824176	1
470	84	166	76	171	105	110	0.340206	0	0.364835	2
471	109	204	110	204	105	108	0.0103093	0	0.448352	1
472	259	96	259	95	105	106	0.0103093	0	0.210989	1
473	259	61	265	60	105	107	0.0721649	0	0.134066	1
474	395	141	392	140	105	107	0.0412371	0	0.30989	2
475	274	176	272	174	105	106	0.0618557	0	0.386813	2
476	390	192	386	189	105	106	0.134021	0	0.421978	2
477	546	33	546	33	105	107	0	0	0.0725275	1
478	419	180	417	181	105	106	0.0309278	0	0.395604	2
479	250	106	247	107	105	106	0.0412371	0	0.232967	2
480	327	144	327	144	105	106	0	0	0.316484	1
481	264	135	265	134	105	108	0.0206186	0	0.296703	1
482	791	416	796	417	105	110	0.0618557	0	0.914286	1
483	774	236	778	237	105	110	0.0515464	0	0.518681	1
484	240	68	244	70	105	110	0.0824742	0	0.149451	1
485	301	164	301	164	105	106	0	0	0.36044	1
486	748	450	752	452	105	110	0.0824742	0	0.989011	1
487	278	100	277	100	106	107	0.0103093	0	0.21978	2
488	720	386	720	386	106	107	0	0	0.848352	1
489	271	147	272	146	106	107	0.0206186	0	0.323077	1
490	85	224	84	225	106	107	0.0206186	0	0.492308	2
491	391	155	392	156	106	107	0.0206186	0	0.340659	1
492	320	159	320	159	106	107	0	0	0.349451	1
493	309	122	309	121	106	108	0.0103093	0	0.268132	1
494	297	396	300	396	106	110	0.0309278	0	0.87033	1
495	230	143	230	142	106	107	0.0103093	0	0.314286	1
496	265	116	265	115	106	107	0.0103093	0	0.254945	1
497	284	110	283	109	106	107	0.0206186	0	0.241758	2
498	302	89	302	88	106	107	0.0103093	0	0.195604	1
499	245	77	245	77	107	108	0	0	0.169231	1
500	262	96	263	95	107	108	0.0206186	0	0.210989	1
501	277	173	277	172	107	108	0.0103093	0	0.38022	1
502	24	386	27	386	107	110	0.0309278	0	0.848352	1
503	737	441	740	441	107	110	0.0309278	0	0.969231	1
504	373	140	372	138	107	108	0.0515464	0	0.307692	2
505	79	204	79	204	107	108	0	0	0.448352	1
506	381	177	378	176	107	108	0.0412371	0	0.389011	2
507	301	164	301	164	107	108	0	0	0.36044	1
508	744	408	747	408	107	110	0.0309278	0	0.896703	1
509	100	205	102	205	107	110	0.0206186	0	0.450549	1
510	319	145	319	144	107	108	0.0103093	0	0.318681	1
511	224	91	223	92	107	108	0.0206186	0	0.2	2
512	255	144	256	144	107	108	0.0103093	0	0.316484	1
513	371	94	362	93	107	109	0.103093	0	0.206593	2
514	723	387	723	387	108	109	0	0	0.850549	1
515	663	455	664	454	108	109	0.0206186	0	1	1
516	716	433	716	433	108	109	0	0	0.951648	1
517	321	159	321	159	108	109	0	0	0.349451	1
518	380	114	375	114	108	109	0.0515464	0	0.250549	2
519	282	117	282	117	108	109	0	0	0.257143	1
520	304	87	304	86	108	109	0.0103093	0	0.191209	1
521	80	226	72	227	108	110	0.0927835	0	0.496703	2
522	393	140	392	141	108	110	0.0206186	0	0.307692	2
523	746	425	747	425	108	110	0.0103093	0	0.934066	1
524	299	100	298	99	108	109	0.0206186	0	0.21978	2
525	248	106	247	106	108	109	0.0103093	0	0.232967	2
526	361	172	362	171	108	109	0.0206186	0	0.378022	1
527	262	111	262	110	108	109	0.0103093	0	0.243956	1
528	393	188	393	188	108	109	0	0	0.413187	1
529	735	408	735	408	109	110	0	0	0.896703	1
530	274	98	272	97	109	110	0.0309278	0	0.215385	2
531	391	175	390	174	109	110	0.0206186	0	0.384615	2
532	302	164	301	163	109	110	0.0206186	0	0.36044	2
533	277	172	277	171	109	110	0.0103093	0	0.378022	1
534	282	130	279	128	109	110	0.0721649	0	0.285714	2
535	310	122	310	122	109	110	0	0	0.268132	1
536	647	451	648	451	109	110	0.0103093	0	0.991209	1
537	113	204	113	204	109	110	0	0	0.448352	1
538	273	61	276	62	109	110	0.0412371	0	0.134066	1
539	302	143	301	143	109	110	0.0103093	0	0.314286	2
540	317	145	316	144	109	110	0.0206186	0	0.318681	2
541	265	75	268	76	109	110	0.0412371	0	0.164835	1
542	549	37	549	37	109	110	0	0	0.0813187	1