
0	158	231	157	230	192	194	0.00273224	0	0.511062	2
1	445	206	443	204	192	193	0.00819672	0	0.455752	2
2	465	256	463	254	192	194	0.00819672	0	0.566372	2
3	422	44	414	48	192	219	0.0327869	0	0.0973451	2
4	456	211	453	210	192	193	0.00546448	0	0.466814	2
5	432	388	435	389	192	194	0.00546448	0	0.858407	1
6	382	234	382	233	193	194	0.00136612	0	0.517699	1
7	753	314	752	313	193	194	0.00273224	0	0.69469	2
8	352	355	357	354	193	194	0.00819672	0	0.785398	1
9	413	144	406	140	194	197	0.0314208	0	0.318584	2
10	470	264	469	263	194	196	0.00273224	0	0.584071	2
11	140	231	138	232	194	195	0.00409836	0	0.511062	2
12	444	427	445	429	194	196	0.0068306	0	0.94469	1
13	386	152	385	152	194	197	0.00136612	0	0.336283	2
14	430	160	427	159	194	195	0.00546448	0	0.353982	2
15	515	224	514	224	194	195	0.00136612	0	0.495575	2
16	278	26	270	26	194	209	0.010929	0	0.0575221	2
17	417	438	419	436	195	196	0.00819672	0	0.969027	1
18	432	427	434	427	195	196	0.00273224	0	0.94469	1
19	145	213	138	220	195	200	0.0765027	0	0.471239	2
20	157	231	158	257	195	230	0.924863	0	0.511062	1
21	439	390	442	389	195	196	0.00546448	0	0.862832	1
22	388	226	387	225	195	196	0.00273224	0	0.5	2
23	374	242	374	239	195	197	0.0122951	0	0.535398	1
24	625	51	621	77	195	230	0.928962	0	0.112832	2
25	575	446	575	444	195	200	0.00546448	0	0.986726	1
26	427	443	426	443	195	196	0.00136612	0	0.980088	2
27	483	265	480	263	195	198	0.00956284	0	0.586283	2
28	512	246	510	248	195	197	0.00819672	0	0.544248	2
29	139	242	135	246	195	197	0.0273224	0	0.535398	2
30	483	225	483	252	195	230	0.995902	0	0.497788	1
31	531	102	531	102	195	196	0	0	0.225664	1
32	398	101	397	100	195	197	0.00273224	0	0.223451	2
33	385	235	384	234	196	197	0.00273224	0	0.519912	2
34	372	95	371	94	196	197	0.00273224	0	0.210177	2
35	136	229	134	230	196	197	0.00409836	0	0.506637	2
36	417	170	412	166	196	199	0.0286885	0	0.376106	2
37	514	224	513	223	196	199	0.00273224	0	0.495575	2
38	433	151	432	150	196	197	0.00273224	0	0.334071	2
39	390	38	390	37	196	200	0.00136612	0	0.0840708	1
40	423	436	429	436	197	198	0.00819672	0	0.964602	1
41	584	402	585	401	197	198	0.00273224	0	0.889381	1
42	371	150	368	149	197	198	0.00546448	0	0.331858	2
43	446	388	450	387	197	198	0.0068306	0	0.858407	1
44	470	264	469	263	197	198	0.00273224	0	0.584071	2
45	133	229	132	231	198	199	0.0068306	0	0.506637	2
46	404	138	401	137	198	199	0.00546448	0	0.30531	2
47	133	249	129	253	198	200	0.0273224	0	0.550885	2
48	567	204	567	206	198	202	0.00546448	0	0.451327	1
49	371	94	374	120	198	230	0.927596	0	0.207965	1
50	508	248	504	254	198	201	0.0546448	0	0.548673	2
51	397	100	397	100	198	199	0	0	0.221239	1
52	386	152	384	152	198	202	0.00273224	0	0.336283	2
53	531	213	531	215	198	199	0.00546448	0	0.471239	1
54	399	333	412	329	198	201	0.0396175	0	0.736726	1
55	381	94	380	94	198	199	0.00136612	0	0.207965	2
56	391	187	391	187	198	199	0	0	0.413717	1
57	377	104	379	130	199	230	0.92623	0	0.230088	1
58	376	237	376	237	199	200	0	0	0.524336	1
59	438	438	447	437	199	200	0.0136612	0	0.969027	1
60	456	246	453	244	199	200	0.00956284	0	0.544248	2
61	141	243	137	245	199	201	0.010929	0	0.537611	2
62	587	401	589	400	199	202	0.00409836	0	0.887168	1
63	456	387	460	387	199	200	0.00546448	0	0.856195	1
64	122	231	121	231	199	200	0.00136612	0	0.511062	2
65	381	173	380	172	199	200	0.00273224	0	0.382743	2
66	546	82	545	81	199	200	0.00273224	0	0.181416	2
67	413	155	411	154	199	200	0.00409836	0	0.34292	2
68	476	132	492	137	199	209	0.0560109	0	0.292035	1
69	685	361	688	388	199	230	1	0	0.798673	1
70	571	391	583	394	200	214	0.0286885	0	0.865044	1
71	368	367	364	368	200	208	0.0068306	0	0.811947	2
72	378	351	382	349	200	201	0.010929	0	0.776549	1
73	410	165	408	164	200	201	0.00409836	0	0.365044	2
74	388	224	386	224	200	201	0.00273224	0	0.495575	2
75	243	364	246	391	200	230	1	0	0.80531	1
76	492	241	471	249	200	209	0.11612	0	0.533186	2
77	513	223	515	250	200	230	0.998634	0	0.493363	1
78	532	215	530	215	200	203	0.00273224	0	0.475664	2
79	469	265	468	264	200	201	0.00273224	0	0.586283	2
80	376	238	374	237	201	203	0.00409836	0	0.526549	2
81	444	432	443	432	201	202	0.00136612	0	0.955752	2
82	138	222	137	222	201	202	0.00136612	0	0.49115	2
83	407	365	404	366	201	207	0.00546448	0	0.807522	2
84	391	37	390	37	201	206	0.00136612	0	0.0818584	2
85	464	388	483	391	201	205	0.0382514	0	0.858407	1
86	410	153	407	152	201	202	0.00546448	0	0.338496	2
87	380	171	379	170	201	202	0.00273224	0	0.378319	2
88	571	448	574	448	201	202	0.00409836	0	0.99115	1
89	543	97	543	97	201	202	0	0	0.214602	1
90	423	444	422	443	201	203	0.00273224	0	0.982301	2
91	580	421	580	422	201	203	0.00136612	0	0.931416	1
92	370	214	369	214	201	202	0.00136612	0	0.473451	2
93	497	271	488	275	201	205	0.034153	0	0.599558	2
94	394	137	390	137	202	203	0.00546448	0	0.303097	2
95	501	255	493	257	202	205	0.0163934	0	0.564159	2
96	405	183	404	181	202	203	0.0068306	0	0.404867	2
97	134	251	129	257	202	205	0.0560109	0	0.55531	2
98	461	419	466	417	202	203	0.0122951	0	0.926991	1
99	448	225	447	225	202	203	0.00136612	0	0.497788	2
100	444	432	447	430	203	204	0.00956284	0	0.955752	1
101	591	399	593	401	203	206	0.00819672	0	0.882743	1
102	409	146	408	145	203	204	0.00273224	0	0.323009	2
103	475	430	491	434	203	207	0.0437158	0	0.951327	1
104	752	286	752	290	203	206	0.0218579	0	0.632743	1
105	135	222	129	232	203	209	0.144809	0	0.49115	2
106	582	48	580	48	203	209	0.00273224	0	0.106195	2
107	120	233	119	233	203	205	0.00136612	0	0.515487	2
108	455	263	447	266	203	206	0.023224	0	0.581858	2
109	422	220	419	219	203	204	0.00546448	0	0.486726	2
110	39	89	36	89	203	209	0.00409836	0	0.196903	2
111	748	318	748	317	203	204	0.00136612	0	0.70354	1
112	289	61	293	87	203	230	0.928962	0	0.134956	1
113	377	229	375	228	204	205	0.00409836	0	0.506637	2
114	404	183	403	182	204	205	0.00273224	0	0.404867	2
115	388	137	385	136	204	205	0.00546448	0	0.303097	2
116	547	99	548	99	204	205	0.00136612	0	0.219027	1
117	472	417	482	418	204	206	0.0150273	0	0.922566	1
118	378	171	376	171	204	206	0.00273224	0	0.378319	2
119	395	100	394	99	204	205	0.00273224	0	0.221239	2
120	590	446	594	446	204	205	0.00546448	0	0.986726	1
121	464	261	459	260	204	205	0.00819672	0	0.577434	2
122	439	240	436	238	204	205	0.00956284	0	0.530973	2
123	584	438	583	438	205	206	0.00136612	0	0.969027	2
124	409	146	407	146	205	209	0.00273224	0	0.323009	2
125	431	438	437	434	205	206	0.0300546	0	0.969027	1
126	266	189	276	194	205	218	0.0478142	0	0.418142	1
127	219	230	215	231	206	213	0.0068306	0	0.50885	2
128	590	411	591	411	206	208	0.00136612	0	0.909292	1
129	597	448	595	448	206	210	0.00273224	0	0.99115	2
130	446	225	445	225	206	207	0.00136612	0	0.497788	2
131	373	230	371	230	206	207	0.00273224	0	0.50885	2
132	434	237	427	235	206	208	0.0150273	0	0.524336	2
133	571	47	570	49	206	214	0.0068306	0	0.103982	2
134	492	260	485	261	206	208	0.010929	0	0.575221	2
135	129	261	126	266	206	208	0.0382514	0	0.577434	2
136	367	201	365	200	206	209	0.00409836	0	0.44469	2
137	581	426	581	426	206	207	0	0	0.942478	1
138	394	100	398	126	206	230	0.928962	0	0.221239	1
139	742	310	741	312	206	208	0.0068306	0	0.685841	2
140	485	396	494	395	206	208	0.0136612	0	0.876106	1
141	584	439	584	438	207	209	0.00136612	0	0.971239	1
142	382	38	387	63	207	230	0.860656	0	0.0840708	1
143	754	292	755	294	207	208	0.0068306	0	0.646018	1
144	367	237	365	237	208	209	0.00273224	0	0.524336	2
145	448	365	448	365	208	209	0	0	0.807522	1
146	378	224	378	222	208	209	0.00546448	0	0.495575	1
147	122	248	121	250	208	209	0.0068306	0	0.548673	2
148	359	211	358	211	208	209	0.00136612	0	0.466814	2
149	445	225	450	251	208	230	0.930328	0	0.497788	1
150	595	401	596	400	208	211	0.00273224	0	0.887168	1
151	404	367	404	366	208	209	0.00136612	0	0.811947	1
152	543	225	543	225	208	209	0	0	0.497788	1
153	452	341	462	343	208	210	0.0191257	0	0.754425	1
154	489	295	487	295	208	211	0.00273224	0	0.652655	2
155	393	164	392	163	208	209	0.00273224	0	0.362832	2
156	364	368	370	394	209	230	0.931694	0	0.814159	1
157	741	314	741	315	209	210	0.00136612	0	0.69469	1
158	756	296	760	298	209	211	0.010929	0	0.654867	1
159	574	444	583	443	209	212	0.0136612	0	0.982301	1
160	751	320	752	319	209	210	0.00273224	0	0.707965	1
161	536	180	543	191	209	221	0.174863	0	0.39823	1
162	422	236	417	235	210	211	0.00819672	0	0.522124	2
163	365	239	364	239	210	213	0.00136612	0	0.528761	2
164	409	147	412	155	210	227	0.0915301	0	0.325221	1
165	129	237	126	238	210	212	0.00546448	0	0.524336	2
166	37	89	35	89	210	212	0.00273224	0	0.196903	2
167	607	223	607	228	210	224	0.034153	0	0.493363	1
168	748	284	765	287	210	218	0.0355191	0	0.628319	1
169	507	430	524	423	210	213	0.0901639	0	0.951327	1
170	392	163	388	161	210	212	0.010929	0	0.360619	2
171	119	231	117	232	210	213	0.00409836	0	0.511062	2
172	404	368	410	394	210	230	0.931694	0	0.814159	1
173	387	183	386	182	210	211	0.00273224	0	0.404867	2
174	119	252	116	254	210	213	0.00956284	0	0.557522	2
175	495	136	505	142	210	217	0.0628415	0	0.300885	1
176	577	97	578	97	210	211	0.00136612	0	0.214602	1
177	371	27	377	52	210	230	0.862022	0	0.0597345	1
178	438	90	442	90	210	211	0.00546448	0	0.199115	1
179	470	269	457	269	211	214	0.0177596	0	0.595133	2
180	446	269	438	267	211	213	0.0163934	0	0.595133	2
181	115	269	114	269	211	212	0.00136612	0	0.595133	2
182	741	316	751	318	211	216	0.0191257	0	0.699115	1
183	366	138	344	143	211	219	0.0642077	0	0.30531	2
184	377	95	384	120	211	230	0.863388	0	0.210177	1
185	504	426	510	424	211	212	0.0136612	0	0.942478	1
186	576	239	576	240	211	212	0.00136612	0	0.528761	1
187	260	204	261	205	211	213	0.00273224	0	0.451327	1
188	500	434	507	433	212	213	0.010929	0	0.960177	1
189	594	449	592	450	212	213	0.00409836	0	0.993363	2
190	582	99	584	100	212	213	0.00409836	0	0.219027	1
191	414	259	409	259	212	213	0.0068306	0	0.573009	2
192	763	300	777	299	212	217	0.0204918	0	0.663717	1
193	560	103	561	103	212	213	0.00136612	0	0.227876	1
194	572	90	574	89	212	213	0.00409836	0	0.199115	1
195	488	297	487	297	212	213	0.00136612	0	0.65708	2
196	36	90	35	90	213	214	0.00136612	0	0.199115	2
197	410	236	405	237	213	214	0.00819672	0	0.522124	2
198	596	405	594	407	213	214	0.00819672	0	0.896018	2
199	388	161	389	162	213	217	0.00273224	0	0.356195	1
200	363	240	362	240	214	216	0.00136612	0	0.530973	2
201	517	434	527	433	214	215	0.0150273	0	0.960177	1
202	480	362	479	361	214	215	0.00273224	0	0.800885	2
203	117	257	116	259	214	215	0.0068306	0	0.568584	2
204	126	242	125	251	214	217	0.112022	0	0.535398	2
205	591	452	591	453	214	220	0.00136612	0	1	1
206	281	230	281	230	214	215	0	0	0.50885	1
207	538	226	538	227	214	215	0.00136612	0	0.5	1
208	367	230	366	230	214	215	0.00136612	0	0.50885	2
209	738	328	748	330	214	216	0.0191257	0	0.725664	1
210	407	261	405	264	214	215	0.0150273	0	0.577434	2
211	467	294	457	300	214	219	0.0628415	0	0.650442	2
212	563	198	565	201	214	216	0.0150273	0	0.438053	1
213	605	436	608	435	215	216	0.00546448	0	0.964602	1
214	36	91	37	91	215	220	0.00136612	0	0.201327	1
215	762	321	765	322	215	217	0.00546448	0	0.710177	1
216	388	199	381	196	215	218	0.0218579	0	0.440265	2
217	117	235	117	235	215	216	0	0	0.519912	1
218	571	50	579	73	215	230	0.733607	0	0.110619	1
219	487	334	494	334	215	216	0.00956284	0	0.738938	1
220	433	111	440	134	215	230	0.73224	0	0.245575	1
221	381	232	379	232	215	216	0.00273224	0	0.513274	2
222	401	237	396	238	215	216	0.00819672	0	0.524336	2
223	580	89	582	88	215	216	0.00409836	0	0.196903	1
224	527	451	527	450	215	218	0.00136612	0	0.997788	1
225	460	357	464	355	215	216	0.010929	0	0.789823	1
226	397	177	397	177	215	216	0	0	0.391593	1
227	539	229	539	230	216	220	0.00136612	0	0.506637	1
228	117	283	116	286	216	217	0.0136612	0	0.626106	2
229	113	268	113	270	216	217	0.00546448	0	0.59292	1
230	480	362	488	385	216	230	0.733607	0	0.800885	1
231	354	169	351	169	216	217	0.00409836	0	0.373894	2
232	540	404	560	400	216	219	0.0491803	0	0.893805	1
233	610	436	611	436	217	218	0.00136612	0	0.964602	1
234	362	243	358	242	217	219	0.0068306	0	0.537611	2
235	118	235	125	258	217	230	0.73224	0	0.519912	1
236	566	203	569	205	217	220	0.00956284	0	0.449115	1
237	412	213	411	212	217	218	0.00273224	0	0.471239	2
238	352	56	359	78	217	230	0.670765	0	0.123894	1
239	769	335	771	335	217	218	0.00273224	0	0.74115	1
240	125	252	126	253	218	219	0.00273224	0	0.557522	1
241	768	322	770	322	218	219	0.00273224	0	0.712389	1
242	517	368	517	368	218	221	0	0	0.814159	1
243	508	150	521	155	218	224	0.0519126	0	0.331858	1
244	538	430	541	426	218	219	0.0259563	0	0.951327	1
245	376	224	371	224	218	219	0.0068306	0	0.495575	2
246	577	243	576	242	218	219	0.00273224	0	0.537611	2
247	381	156	388	178	218	230	0.670765	0	0.345133	1
248	128	288	128	288	218	219	0	0	0.637168	1
249	761	332	766	333	218	219	0.00819672	0	0.734513	1
250	578	100	580	100	218	219	0.00273224	0	0.221239	1
251	115	276	115	278	219	220	0.00546448	0	0.610619	1
252	389	268	379	268	219	221	0.0136612	0	0.59292	2
253	217	233	224	255	219	230	0.670765	0	0.515487	1
254	401	53	401	53	219	220	0	0	0.117257	1
255	391	164	392	164	219	220	0.00136612	0	0.362832	1
256	614	437	614	438	219	220	0.00136612	0	0.966814	1
257	405	77	408	79	219	226	0.00956284	0	0.170354	1
258	530	446	532	440	219	220	0.0519126	0	0.986726	1
259	767	286	782	291	219	224	0.0546448	0	0.632743	1
260	548	425	564	424	220	222	0.023224	0	0.940265	1
261	355	232	353	231	220	221	0.00409836	0	0.513274	2
262	584	102	587	102	220	221	0.00409836	0	0.225664	1
263	128	289	129	301	220	224	0.198087	0	0.639381	1
264	344	144	338	145	220	224	0.00956284	0	0.318584	2
265	122	253	123	254	220	221	0.00273224	0	0.559735	1
266	414	48	414	48	220	222	0	0	0.106195	1
267	411	217	412	218	220	224	0.00273224	0	0.480088	1
268	760	92	766	113	220	230	0.610656	0	0.20354	1
269	354	168	351	169	220	222	0.00546448	0	0.371681	2
270	117	281	117	282	221	222	0.00136612	0	0.621681	1
271	785	303	787	304	221	222	0.00409836	0	0.670354	1
272	615	439	616	440	221	223	0.00273224	0	0.971239	1
273	775	336	777	339	221	224	0.0150273	0	0.743363	1
274	381	191	379	192	221	224	0.00409836	0	0.422566	2
275	528	178	528	178	221	222	0	0	0.393805	1
276	37	93	44	115	221	230	0.670765	0	0.205752	1
277	785	337	791	337	221	222	0.00819672	0	0.745575	1
278	440	261	430	264	221	224	0.0259563	0	0.577434	2
279	464	303	463	302	221	222	0.00273224	0	0.670354	2
280	49	371	56	394	221	230	0.73224	0	0.820796	1
281	607	100	612	101	221	223	0.00819672	0	0.221239	1
282	540	230	541	230	221	223	0.00136612	0	0.50885	1
283	544	193	551	205	222	228	0.206284	0	0.426991	1
284	355	189	353	188	222	223	0.00409836	0	0.418142	2
285	529	222	528	223	222	223	0.00273224	0	0.49115	2
286	544	427	562	421	222	224	0.0737705	0	0.94469	1
287	118	285	119	287	223	224	0.0068306	0	0.630531	1
288	790	306	792	306	223	224	0.00273224	0	0.676991	1
289	317	154	318	153	223	225	0.00273224	0	0.340708	1
290	450	276	444	280	223	225	0.0300546	0	0.610619	2
291	616	450	617	452	223	226	0.0068306	0	0.995575	1
292	185	235	185	235	223	224	0	0	0.519912	1
293	386	231	386	231	224	225	0	0	0.511062	1
294	788	330	799	334	224	226	0.0368852	0	0.730088	1
295	542	229	542	229	224	225	0	0	0.506637	1
296	616	103	619	104	224	225	0.00546448	0	0.227876	1
297	524	370	524	370	224	225	0	0	0.818584	1
298	778	327	788	328	224	226	0.0150273	0	0.723451	1
299	588	424	590	424	225	226	0.00273224	0	0.938053	1
300	578	226	580	230	225	227	0.0245902	0	0.5	1
301	796	309	799	311	225	226	0.00956284	0	0.683628	1
302	355	234	350	234	225	226	0.0068306	0	0.517699	2
303	273	219	277	226	225	228	0.0724044	0	0.484513	1
304	617	441	618	442	225	226	0.00273224	0	0.975664	1
305	130	304	133	312	225	227	0.0915301	0	0.672566	1
306	378	272	374	272	225	227	0.00546448	0	0.60177	2
307	377	196	375	199	225	227	0.0150273	0	0.433628	2
308	338	147	337	150	225	227	0.0136612	0	0.325221	2
309	445	53	450	73	225	230	0.553279	0	0.117257	1
310	185	236	190	256	225	230	0.553279	0	0.522124	1
311	414	215	416	218	225	227	0.0150273	0	0.475664	1
312	430	157	435	177	225	230	0.553279	0	0.347345	1
313	360	208	358	209	225	226	0.00409836	0	0.460177	2
314	351	33	356	53	225	230	0.553279	0	0.0730088	1
315	563	369	568	389	225	230	0.553279	0	0.816372	1
316	396	237	396	239	225	227	0.00546448	0	0.524336	1
317	780	341	790	345	225	227	0.0355191	0	0.754425	1
318	350	261	344	263	226	227	0.0136612	0	0.577434	2
319	284	213	291	231	226	230	0.452186	0	0.471239	1
320	544	229	545	232	226	227	0.0136612	0	0.506637	1
321	121	297	125	307	226	228	0.142077	0	0.65708	1
322	386	233	386	235	226	227	0.00546448	0	0.515487	1
323	523	365	527	384	226	230	0.498634	0	0.807522	1
324	528	153	530	156	226	227	0.0150273	0	0.338496	1
325	347	237	343	242	227	228	0.0396175	0	0.524336	2
326	805	315	809	321	227	228	0.0546448	0	0.696903	1
327	595	425	601	427	227	228	0.0136612	0	0.940265	1
328	803	339	807	350	227	229	0.170765	0	0.75	1
329	123	316	125	320	227	228	0.0245902	0	0.699115	1
330	405	57	406	61	227	228	0.023224	0	0.126106	1
331	435	282	432	288	227	228	0.0532787	0	0.623894	2
332	622	395	637	405	227	230	0.157104	0	0.873894	1
333	402	160	405	178	227	230	0.446721	0	0.353982	1
334	414	160	415	172	228	230	0.198087	0	0.353982	1
335	337	154	336	159	228	229	0.0355191	0	0.340708	2
336	375	203	372	217	228	230	0.271858	0	0.449115	2
337	552	240	554	252	228	230	0.199454	0	0.530973	1
338	623	450	625	454	228	229	0.0245902	0	0.995575	1
339	549	226	552	237	228	230	0.169399	0	0.5	1
340	397	244	396	249	228	229	0.0355191	0	0.539823	2
341	279	39	280	52	228	230	0.23224	0	0.0862832	1
342	24	247	25	260	228	230	0.23224	0	0.54646	1
343	246	73	247	86	228	230	0.23224	0	0.161504	1
344	396	62	397	74	228	230	0.198087	0	0.137168	1
345	809	361	809	366	228	229	0.034153	0	0.798673	1
346	604	372	605	378	228	229	0.0505464	0	0.823009	1
347	206	68	206	75	229	230	0.0669399	0	0.150442	1
348	161	80	161	86	229	230	0.0491803	0	0.176991	1
349	544	65	544	71	229	230	0.0491803	0	0.143805	1
350	407	67	407	73	229	230	0.0491803	0	0.14823	1
351	234	65	234	72	229	230	0.0669399	0	0.143805	1
352	289	46	290	52	229	230	0.0505464	0	0.10177	1
353	489	389	490	394	229	230	0.0355191	0	0.860619	1
354	196	73	196	80	229	230	0.0669399	0	0.161504	1
355	338	46	338	53	229	230	0.0669399	0	0.10177	1
356	375	194	376	200	229	230	0.0505464	0	0.429204	1
357	612	243	613	249	229	230	0.0505464	0	0.537611	1
358	529	388	530	393	229	230	0.0355191	0	0.858407	1