
0	341	148	344	146	127	129	0.0333333	0	0.325275	1
1	400	132	400	131	127	128	0.0047619	0	0.29011	1
2	290	107	291	106	127	128	0.00952381	0	0.235165	1
3	159	170	159	170	127	130	0	0	0.373626	1
4	290	140	294	137	128	129	0.0619048	0	0.307692	1
5	545	113	545	113	128	129	0	0	0.248352	1
6	367	96	371	93	128	134	0.0619048	0	0.210989	1
7	322	76	331	74	128	130	0.0619048	0	0.167033	1
8	242	309	243	308	128	139	0.00952381	0	0.679121	1
9	546	166	546	166	128	134	0	0	0.364835	1
10	333	87	335	87	128	129	0.00952381	0	0.191209	1
11	411	84	411	83	128	129	0.0047619	0	0.184615	1
12	321	146	324	138	128	134	0.319048	0	0.320879	1
13	327	170	328	166	129	130	0.0809524	0	0.373626	1
14	366	134	367	130	129	132	0.0809524	0	0.294505	1
15	391	87	391	85	129	131	0.0190476	0	0.191209	1
16	365	123	365	119	129	132	0.0761905	0	0.27033	1
17	238	323	238	323	129	131	0	0	0.70989	1
18	335	180	335	179	129	130	0.0047619	0	0.395604	1
19	298	67	301	64	129	131	0.0571429	0	0.147253	1
20	386	150	388	150	130	131	0.00952381	0	0.32967	1
21	403	131	404	131	130	131	0.0047619	0	0.287912	1
22	234	164	240	163	130	131	0.0333333	0	0.36044	1
23	416	79	416	78	130	131	0.0047619	0	0.173626	1
24	317	171	318	166	130	131	0.12381	0	0.375824	1
25	432	102	432	102	130	131	0	0	0.224176	1
26	202	307	201	306	130	131	0.00952381	0	0.674725	2
27	247	335	246	333	130	132	0.0238095	0	0.736264	2
28	225	325	224	325	130	131	0.0047619	0	0.714286	2
29	331	165	331	162	131	132	0.0428571	0	0.362637	1
30	301	135	303	134	131	132	0.0142857	0	0.296703	1
31	543	116	538	118	131	134	0.0428571	0	0.254945	2
32	371	166	370	165	131	132	0.00952381	0	0.364835	2
33	202	336	202	337	131	132	0.0047619	0	0.738462	1
34	214	337	214	336	131	134	0.0047619	0	0.740659	1
35	403	141	402	140	131	132	0.00952381	0	0.30989	2
36	159	192	160	191	131	133	0.00952381	0	0.421978	1
37	342	106	344	107	131	132	0.0142857	0	0.232967	1
38	445	455	392	454	131	165	0.257143	0	1	2
39	155	254	151	255	131	134	0.0238095	0	0.558242	2
40	73	32	71	30	131	133	0.0285714	0	0.0703297	2
41	389	150	389	150	132	133	0	0	0.32967	1
42	252	168	252	165	132	134	0.0428571	0	0.369231	1
43	319	164	327	159	132	138	0.157143	0	0.36044	1
44	407	130	409	129	132	133	0.0142857	0	0.285714	1
45	432	106	436	106	132	134	0.0190476	0	0.232967	1
46	239	322	238	321	132	133	0.00952381	0	0.707692	2
47	392	86	391	86	132	133	0.0047619	0	0.189011	2
48	303	65	304	63	132	134	0.0238095	0	0.142857	1
49	666	370	611	368	132	165	0.280952	0	0.813187	2
50	204	296	199	294	132	133	0.0428571	0	0.650549	2
51	329	174	331	171	132	134	0.052381	0	0.382418	1
52	305	135	307	137	133	134	0.0285714	0	0.296703	1
53	62	89	62	89	133	134	0	0	0.195604	1
54	391	137	391	137	133	134	0	0	0.301099	1
55	350	139	350	137	133	134	0.0190476	0	0.305495	1
56	333	162	334	161	133	134	0.00952381	0	0.356044	1
57	344	191	345	191	133	134	0.0047619	0	0.41978	1
58	367	163	367	162	133	134	0.0047619	0	0.358242	1
59	290	108	293	108	133	134	0.0142857	0	0.237363	1
60	400	111	400	110	133	134	0.0047619	0	0.243956	1
61	298	156	298	158	133	134	0.0190476	0	0.342857	1
62	51	96	53	96	133	137	0.00952381	0	0.210989	1
63	202	339	200	339	133	140	0.00952381	0	0.745055	2
64	391	99	391	98	133	134	0.0047619	0	0.217582	1
65	308	159	308	161	133	134	0.0190476	0	0.349451	1
66	41	112	42	111	133	138	0.00952381	0	0.246154	1
67	389	112	389	112	133	136	0	0	0.246154	1
68	344	109	345	110	133	134	0.00952381	0	0.23956	1
69	311	102	326	103	133	139	0.0761905	0	0.224176	1
70	343	151	344	150	134	136	0.00952381	0	0.331868	1
71	161	189	161	189	134	135	0	0	0.415385	1
72	391	149	391	149	134	135	0	0	0.327473	1
73	413	130	416	130	134	135	0.0142857	0	0.285714	1
74	243	185	244	177	134	138	0.309524	0	0.406593	1
75	432	169	427	163	134	138	0.195238	0	0.371429	2
76	407	140	409	141	134	135	0.0142857	0	0.307692	1
77	217	201	226	198	135	138	0.0857143	0	0.441758	1
78	369	160	369	158	135	136	0.0190476	0	0.351648	1
79	456	203	456	203	135	140	0	0	0.446154	1
80	392	136	393	136	135	137	0.0047619	0	0.298901	1
81	253	164	253	161	135	136	0.0428571	0	0.36044	1
82	546	167	545	166	135	142	0.00952381	0	0.367033	2
83	337	164	337	163	135	136	0.0047619	0	0.36044	1
84	354	140	353	138	135	136	0.0238095	0	0.307692	2
85	124	220	129	215	135	138	0.142857	0	0.483516	1
86	536	119	533	120	135	136	0.0190476	0	0.261538	2
87	306	64	306	63	135	136	0.0047619	0	0.140659	1
88	442	161	440	158	135	138	0.052381	0	0.353846	2
89	308	162	308	162	135	136	0	0	0.356044	1
90	139	231	138	230	135	136	0.00952381	0	0.507692	2
91	373	92	375	88	135	140	0.0857143	0	0.202198	1
92	242	320	241	320	135	136	0.0047619	0	0.703297	2
93	195	320	193	319	135	136	0.0142857	0	0.703297	2
94	213	336	212	335	135	136	0.00952381	0	0.738462	2
95	523	113	515	114	135	138	0.0428571	0	0.248352	2
96	553	152	551	150	135	136	0.0285714	0	0.334066	2
97	453	163	452	163	135	137	0.0047619	0	0.358242	2
98	442	88	442	88	135	136	0	0	0.193407	1
99	381	157	382	157	135	136	0.0047619	0	0.345055	1
100	369	221	368	217	135	141	0.0809524	0	0.485714	2
101	69	78	69	77	135	136	0.0047619	0	0.171429	1
102	150	256	148	258	135	138	0.0285714	0	0.562637	2
103	808	33	751	30	135	165	0.314286	0	0.0725275	2
104	401	110	401	110	136	137	0	0	0.241758	1
105	358	148	360	147	136	139	0.0142857	0	0.325275	1
106	332	126	333	125	136	137	0.00952381	0	0.276923	1
107	445	101	448	100	136	137	0.0190476	0	0.221978	1
108	422	75	425	74	136	138	0.0190476	0	0.164835	1
109	216	306	216	305	136	137	0.0047619	0	0.672527	1
110	412	140	415	140	136	137	0.0142857	0	0.307692	1
111	376	103	376	101	136	138	0.0190476	0	0.226374	1
112	419	130	422	129	136	137	0.0190476	0	0.285714	1
113	392	149	392	149	136	137	0	0	0.327473	1
114	534	147	533	148	136	137	0.00952381	0	0.323077	2
115	387	92	387	90	136	137	0.0190476	0	0.202198	1
116	165	193	167	192	137	138	0.0142857	0	0.424176	1
117	431	108	439	108	137	139	0.0380952	0	0.237363	1
118	254	159	269	152	137	147	0.304762	0	0.349451	1
119	347	192	347	191	137	138	0.0047619	0	0.421978	1
120	386	168	386	168	137	138	0	0	0.369231	1
121	213	339	212	338	137	139	0.00952381	0	0.745055	2
122	443	90	443	90	137	138	0	0	0.197802	1
123	347	182	348	181	137	139	0.00952381	0	0.4	1
124	69	83	68	82	137	139	0.00952381	0	0.182418	2
125	139	231	139	230	137	138	0.0047619	0	0.507692	1
126	169	149	174	146	137	139	0.0666667	0	0.327473	1
127	242	319	187	320	137	165	0.266667	0	0.701099	2
128	448	212	448	211	137	141	0.0047619	0	0.465934	1
129	419	151	418	150	137	138	0.00952381	0	0.331868	2
130	380	193	381	190	137	139	0.047619	0	0.424176	1
131	298	90	301	89	137	139	0.0190476	0	0.197802	1
132	453	102	456	102	138	139	0.0142857	0	0.224176	1
133	253	308	249	308	138	149	0.0190476	0	0.676923	2
134	426	131	429	132	138	139	0.0190476	0	0.287912	1
135	442	189	442	190	138	139	0.0047619	0	0.415385	1
136	393	136	393	135	138	139	0.0047619	0	0.298901	1
137	216	306	216	305	138	142	0.0047619	0	0.672527	1
138	358	167	358	164	138	146	0.0428571	0	0.367033	1
139	402	126	402	125	138	139	0.0047619	0	0.276923	1
140	54	96	54	95	138	139	0.0047619	0	0.210989	1
141	230	321	178	322	138	164	0.252381	0	0.705495	2
142	400	116	400	115	138	139	0.0047619	0	0.254945	1
143	138	254	137	254	138	140	0.0047619	0	0.558242	2
144	311	110	315	107	138	139	0.0619048	0	0.241758	1
145	539	139	537	140	138	139	0.0142857	0	0.305495	2
146	232	197	247	204	139	148	0.304762	0	0.432967	1
147	328	158	327	158	139	140	0.0047619	0	0.347253	2
148	426	71	430	69	139	141	0.0380952	0	0.156044	1
149	371	157	373	157	139	140	0.00952381	0	0.345055	1
150	190	288	183	285	139	140	0.0761905	0	0.632967	2
151	381	207	381	207	139	141	0	0	0.454945	1
152	170	193	181	194	139	144	0.0571429	0	0.424176	1
153	198	96	184	110	139	157	1	0	0.210989	2
154	425	162	423	160	139	140	0.0285714	0	0.356044	2
155	389	86	390	85	139	140	0.00952381	0	0.189011	1
156	43	113	43	113	139	140	0	0	0.248352	1
157	397	158	398	159	139	140	0.00952381	0	0.347253	1
158	151	239	151	240	139	140	0.0047619	0	0.525275	1
159	514	144	489	139	139	143	0.238095	0	0.316484	2
160	335	168	337	166	139	142	0.0285714	0	0.369231	1
161	338	153	338	152	139	140	0.0047619	0	0.336264	1
162	363	145	364	145	140	143	0.0047619	0	0.318681	1
163	441	192	433	191	140	143	0.0428571	0	0.421978	2
164	355	135	354	134	140	141	0.00952381	0	0.296703	2
165	444	110	449	111	140	142	0.0285714	0	0.241758	1
166	387	115	386	115	140	141	0.0047619	0	0.252747	2
167	348	180	348	179	140	141	0.0047619	0	0.395604	1
168	344	204	345	203	140	143	0.00952381	0	0.448352	1
169	503	128	495	126	140	141	0.0571429	0	0.281319	2
170	402	128	402	127	140	141	0.0047619	0	0.281319	1
171	421	119	428	122	140	142	0.0761905	0	0.261538	1
172	376	70	378	68	140	143	0.0285714	0	0.153846	1
173	304	89	306	90	140	144	0.0142857	0	0.195604	1
174	345	166	345	165	140	141	0.0047619	0	0.364835	1
175	466	113	467	114	140	141	0.00952381	0	0.248352	1
176	430	109	438	111	140	143	0.0571429	0	0.23956	1
177	372	191	371	188	140	142	0.047619	0	0.41978	2
178	160	319	153	320	141	142	0.0380952	0	0.701099	2
179	461	193	455	192	141	142	0.0333333	0	0.424176	2
180	386	167	386	166	141	142	0.0047619	0	0.367033	1
181	374	89	373	89	141	142	0.0047619	0	0.195604	2
182	203	324	202	323	141	142	0.00952381	0	0.712088	2
183	349	191	349	190	141	142	0.0047619	0	0.41978	1
184	243	308	235	309	141	150	0.0428571	0	0.676923	2
185	443	148	442	149	141	145	0.00952381	0	0.325275	2
186	203	198	207	195	141	144	0.0619048	0	0.435165	1
187	511	152	502	153	141	142	0.047619	0	0.334066	2
188	444	123	444	122	141	142	0.0047619	0	0.27033	1
189	421	155	419	153	141	142	0.0285714	0	0.340659	2
190	123	238	137	236	141	143	0.0857143	0	0.523077	1
191	160	330	152	328	142	148	0.0571429	0	0.725275	2
192	390	145	389	145	142	143	0.0047619	0	0.318681	2
193	384	208	385	209	142	143	0.00952381	0	0.457143	1
194	494	128	486	127	142	143	0.0428571	0	0.281319	2
195	432	70	435	68	142	146	0.0333333	0	0.153846	1
196	67	85	69	83	142	145	0.0285714	0	0.186813	1
197	56	91	56	91	142	143	0	0	0.2	1
198	358	134	358	134	142	143	0	0	0.294505	1
199	405	115	407	114	142	143	0.0142857	0	0.252747	1
200	434	173	428	172	142	143	0.0333333	0	0.38022	2
201	367	205	365	206	142	143	0.0142857	0	0.450549	2
202	283	155	284	154	142	143	0.00952381	0	0.340659	1
203	188	306	186	306	142	145	0.00952381	0	0.672527	2
204	352	119	352	118	142	143	0.0047619	0	0.261538	1
205	400	163	402	162	142	143	0.0142857	0	0.358242	1
206	436	163	432	162	142	143	0.0238095	0	0.358242	2
207	350	179	350	179	142	143	0	0	0.393407	1
208	147	331	144	333	142	147	0.0333333	0	0.727473	2
209	154	241	153	242	142	143	0.00952381	0	0.52967	2
210	336	96	341	97	142	144	0.0285714	0	0.210989	1
211	358	102	356	102	142	143	0.00952381	0	0.224176	2
212	531	144	500	149	142	146	0.266667	0	0.316484	2
213	340	157	340	156	143	145	0.0047619	0	0.345055	1
214	386	167	384	166	143	145	0.0142857	0	0.367033	2
215	452	111	452	112	143	144	0.0047619	0	0.243956	1
216	390	121	390	120	143	144	0.0047619	0	0.265934	1
217	435	139	435	139	143	144	0	0	0.305495	1
218	349	192	347	192	143	144	0.00952381	0	0.421978	2
219	392	132	391	132	143	144	0.0047619	0	0.29011	2
220	216	306	198	306	143	152	0.0857143	0	0.672527	2
221	339	167	342	164	143	148	0.0571429	0	0.367033	1
222	412	147	400	147	143	148	0.0571429	0	0.323077	2
223	547	167	546	167	143	144	0.0047619	0	0.367033	2
224	399	86	399	87	143	144	0.0047619	0	0.189011	1
225	381	190	380	189	143	146	0.00952381	0	0.417582	2
226	365	146	365	145	144	145	0.0047619	0	0.320879	1
227	195	326	158	326	144	161	0.17619	0	0.716484	2
228	429	191	425	190	144	145	0.0238095	0	0.41978	2
229	445	200	440	199	144	145	0.0285714	0	0.43956	2
230	325	157	326	155	144	145	0.0238095	0	0.345055	1
231	49	81	46	80	144	145	0.0190476	0	0.178022	2
232	423	144	419	144	144	146	0.0190476	0	0.316484	2
233	356	131	359	128	144	146	0.0571429	0	0.287912	1
234	420	173	415	172	144	145	0.0285714	0	0.38022	2
235	478	126	474	126	144	145	0.0190476	0	0.276923	2
236	388	146	388	145	144	145	0.0047619	0	0.320879	1
237	325	168	324	167	144	146	0.00952381	0	0.369231	2
238	386	211	386	210	144	145	0.0047619	0	0.463736	1
239	373	93	373	93	144	145	0	0	0.204396	1
240	440	185	435	186	144	145	0.0285714	0	0.406593	2
241	171	235	177	233	144	145	0.047619	0	0.516484	1
242	411	126	414	124	144	145	0.0333333	0	0.276923	1
243	448	211	434	212	144	146	0.0714286	0	0.463736	2
244	326	147	328	148	144	145	0.0142857	0	0.323077	1
245	348	219	335	217	144	152	0.0809524	0	0.481319	2
246	205	326	151	327	144	165	0.261905	0	0.716484	2
247	429	163	425	163	144	145	0.0190476	0	0.358242	2
248	451	90	453	91	144	145	0.0142857	0	0.197802	1
249	460	159	458	158	144	149	0.0142857	0	0.349451	2
250	217	154	201	157	144	154	0.119048	0	0.338462	2
251	392	131	391	130	145	146	0.00952381	0	0.287912	2
252	213	192	226	193	145	147	0.0666667	0	0.421978	1
253	442	139	441	139	145	146	0.0047619	0	0.305495	2
254	333	102	333	100	145	147	0.0190476	0	0.224176	1
255	486	159	484	159	145	147	0.00952381	0	0.349451	2
256	484	93	481	95	145	146	0.0333333	0	0.204396	2
257	296	151	306	149	145	146	0.0666667	0	0.331868	1
258	447	120	448	118	145	146	0.0238095	0	0.263736	1
259	194	157	195	156	145	146	0.00952381	0	0.345055	1
260	185	193	197	189	145	148	0.133333	0	0.424176	1
261	305	114	281	115	145	156	0.119048	0	0.250549	2
262	445	106	448	108	145	147	0.0333333	0	0.232967	1
263	361	212	360	211	145	146	0.00952381	0	0.465934	2
264	436	202	431	206	146	147	0.1	0	0.443956	2
265	471	127	468	128	146	147	0.0190476	0	0.279121	2
266	366	148	367	149	146	147	0.00952381	0	0.325275	1
267	43	81	35	80	146	148	0.0428571	0	0.178022	2
268	219	203	227	204	146	147	0.0428571	0	0.446154	1
269	424	129	435	129	146	147	0.052381	0	0.283516	1
270	293	157	304	154	146	147	0.0952381	0	0.345055	1
271	371	107	371	105	146	147	0.0190476	0	0.235165	1
272	436	126	438	125	146	147	0.0142857	0	0.276923	1
273	67	83	68	83	146	147	0.0047619	0	0.182418	1
274	333	151	334	151	146	147	0.0047619	0	0.331868	1
275	154	242	163	240	146	148	0.0619048	0	0.531868	1
276	425	70	428	70	146	147	0.0142857	0	0.153846	1
277	184	233	189	236	146	148	0.0666667	0	0.512088	1
278	146	259	146	258	146	147	0.0047619	0	0.569231	1
279	325	165	324	165	147	148	0.0047619	0	0.362637	2
280	147	321	131	315	147	149	0.247619	0	0.705495	2
281	439	145	438	145	147	148	0.0047619	0	0.318681	2
282	438	68	439	69	147	149	0.00952381	0	0.149451	1
283	392	131	391	131	147	148	0.0047619	0	0.287912	2
284	360	167	360	163	147	151	0.0761905	0	0.367033	1
285	359	211	357	211	147	149	0.00952381	0	0.463736	2
286	422	128	430	128	147	148	0.0380952	0	0.281319	1
287	364	131	365	131	147	149	0.0047619	0	0.287912	1
288	426	153	423	154	147	148	0.0190476	0	0.336264	2
289	370	201	370	200	147	148	0.0047619	0	0.441758	1
290	196	156	196	155	147	148	0.0047619	0	0.342857	1
291	347	155	347	154	147	149	0.0047619	0	0.340659	1
292	349	192	349	192	147	148	0	0	0.421978	1
293	305	144	314	144	147	148	0.0428571	0	0.316484	1
294	360	201	360	201	147	148	0	0	0.441758	1
295	317	147	313	147	147	148	0.0190476	0	0.323077	2
296	382	123	382	123	147	148	0	0	0.27033	1
297	213	147	214	147	147	148	0.0047619	0	0.323077	1
298	385	207	383	206	148	149	0.0142857	0	0.454945	2
299	431	207	407	205	148	153	0.133333	0	0.454945	2
300	272	153	275	151	148	151	0.0333333	0	0.336264	1
301	64	86	64	86	148	149	0	0	0.189011	1
302	383	197	381	197	148	149	0.00952381	0	0.432967	2
303	339	139	337	139	148	150	0.00952381	0	0.305495	2
304	373	105	374	105	148	149	0.0047619	0	0.230769	1
305	171	257	168	258	148	149	0.0190476	0	0.564835	2
306	423	196	419	197	148	149	0.0238095	0	0.430769	2
307	145	247	151	245	148	149	0.047619	0	0.542857	1
308	60	96	59	96	148	149	0.0047619	0	0.210989	2
309	183	261	180	262	148	149	0.0190476	0	0.573626	2
310	201	145	199	144	148	149	0.0142857	0	0.318681	2
311	440	110	437	110	149	150	0.0142857	0	0.241758	2
312	412	185	392	184	149	152	0.1	0	0.406593	2
313	827	376	775	372	149	165	0.32381	0	0.826374	2
314	399	171	390	169	149	150	0.0619048	0	0.375824	2
315	33	80	24	79	149	151	0.047619	0	0.175824	2
316	432	133	429	132	149	150	0.0190476	0	0.292308	2
317	256	191	256	188	149	152	0.0428571	0	0.41978	1
318	421	157	410	160	149	151	0.0952381	0	0.345055	2
319	48	72	27	71	149	153	0.104762	0	0.158242	2
320	270	193	269	194	149	154	0.00952381	0	0.424176	2
321	201	189	215	192	149	157	0.109524	0	0.415385	1
322	405	113	404	112	149	150	0.00952381	0	0.248352	2
323	143	331	130	323	149	150	0.366667	0	0.727473	2
324	55	121	35	121	149	153	0.0952381	0	0.265934	2
325	462	148	452	145	149	150	0.0904762	0	0.325275	2
326	57	57	52	57	149	150	0.0238095	0	0.125275	2
327	300	107	292	106	149	151	0.0428571	0	0.235165	2
328	41	62	31	60	149	151	0.0666667	0	0.136264	2
329	542	167	512	166	149	160	0.147619	0	0.367033	2
330	508	157	479	155	149	157	0.157143	0	0.345055	2
331	381	208	377	207	150	151	0.0238095	0	0.457143	2
332	243	204	246	206	150	154	0.0333333	0	0.448352	1
333	246	308	198	308	150	165	0.228571	0	0.676923	2
334	210	167	209	167	150	151	0.0047619	0	0.367033	2
335	389	74	385	73	150	151	0.0238095	0	0.162637	2
336	478	164	465	162	150	152	0.0809524	0	0.36044	2
337	341	191	314	195	150	160	0.204762	0	0.41978	2
338	63	87	53	88	150	153	0.052381	0	0.191209	2
339	349	161	346	160	150	151	0.0190476	0	0.353846	2
340	360	129	357	126	150	151	0.0571429	0	0.283516	2
341	465	95	464	94	150	151	0.00952381	0	0.208791	2
342	398	202	375	202	150	154	0.109524	0	0.443956	2
343	164	261	158	261	150	151	0.0285714	0	0.573626	2
344	75	255	67	256	150	151	0.0428571	0	0.56044	2
345	181	307	160	307	150	154	0.1	0	0.674725	2
346	367	143	361	145	150	151	0.047619	0	0.314286	2
347	411	198	399	197	150	152	0.0619048	0	0.435165	2
348	218	130	208	129	150	152	0.052381	0	0.285714	2
349	420	57	419	56	150	151	0.00952381	0	0.125275	2
350	308	167	299	163	150	152	0.119048	0	0.367033	2
351	268	178	266	178	150	152	0.00952381	0	0.391209	2
352	73	332	47	333	150	155	0.128571	0	0.72967	2
353	383	128	375	126	150	152	0.0571429	0	0.281319	2
354	438	68	431	65	151	153	0.0761905	0	0.149451	2
355	367	209	361	209	151	152	0.0285714	0	0.459341	2
356	231	308	188	309	151	165	0.209524	0	0.676923	2
357	262	215	265	217	151	152	0.0333333	0	0.472527	1
358	401	113	396	113	151	152	0.0238095	0	0.248352	2
359	190	245	196	241	151	153	0.104762	0	0.538462	1
360	474	147	473	149	151	152	0.0238095	0	0.323077	2
361	403	63	394	63	151	153	0.0428571	0	0.138462	2
362	112	316	88	312	151	152	0.190476	0	0.694505	2
363	339	176	324	177	151	154	0.0761905	0	0.386813	2
364	357	147	352	148	152	153	0.0285714	0	0.323077	2
365	375	206	369	206	152	153	0.0285714	0	0.452747	2
366	827	373	789	370	152	165	0.22381	0	0.81978	2
367	382	74	373	75	152	154	0.047619	0	0.162637	2
368	275	150	273	149	152	153	0.0142857	0	0.32967	2
369	368	158	363	158	152	153	0.0238095	0	0.347253	2
370	208	168	194	170	152	159	0.0857143	0	0.369231	2
371	462	95	459	96	152	153	0.0190476	0	0.208791	2
372	423	171	407	171	152	156	0.0761905	0	0.375824	2
373	342	161	337	161	152	153	0.0238095	0	0.353846	2
374	153	262	148	260	152	153	0.0428571	0	0.575824	2
375	418	78	417	78	152	153	0.0047619	0	0.171429	2
376	353	123	348	119	152	155	0.1	0	0.27033	2
377	278	217	264	219	152	157	0.0857143	0	0.476923	2
378	396	155	388	156	152	153	0.0428571	0	0.340659	2
379	359	100	356	99	152	153	0.0190476	0	0.21978	2
380	440	148	429	149	152	153	0.0571429	0	0.325275	2
381	827	35	787	33	152	165	0.209524	0	0.0769231	2
382	385	185	378	184	153	154	0.0380952	0	0.406593	2
383	419	148	410	149	153	154	0.047619	0	0.325275	2
384	359	206	354	206	153	154	0.0238095	0	0.452747	2
385	262	221	253	220	153	156	0.047619	0	0.485714	2
386	192	307	183	307	153	156	0.0428571	0	0.674725	2
387	353	174	348	174	153	154	0.0238095	0	0.382418	2
388	323	154	317	154	153	154	0.0285714	0	0.338462	2
389	188	222	192	221	153	155	0.0238095	0	0.487912	1
390	392	114	387	115	153	154	0.0285714	0	0.250549	2
391	264	181	263	182	153	154	0.00952381	0	0.397802	2
392	180	234	181	235	153	154	0.00952381	0	0.514286	1
393	824	191	791	189	153	165	0.17619	0	0.41978	2
394	195	149	190	150	153	154	0.0285714	0	0.327473	2
395	365	206	362	205	154	155	0.0190476	0	0.452747	2
396	399	203	389	197	154	156	0.219048	0	0.446154	2
397	418	80	419	82	154	155	0.0238095	0	0.175824	1
398	45	94	44	94	154	155	0.0047619	0	0.206593	2
399	452	119	451	119	154	155	0.0047619	0	0.261538	2
400	443	164	430	164	154	155	0.0619048	0	0.36044	2
401	385	157	384	155	154	155	0.0238095	0	0.345055	2
402	460	103	460	103	154	155	0	0	0.226374	1
403	272	151	275	151	154	156	0.0142857	0	0.331868	1
404	335	162	333	162	154	155	0.00952381	0	0.356044	2
405	335	195	332	195	154	155	0.0142857	0	0.428571	2
406	284	96	283	93	154	157	0.047619	0	0.210989	2
407	31	123	28	122	154	155	0.0190476	0	0.27033	2
408	305	154	302	156	154	155	0.0333333	0	0.338462	2
409	466	152	463	152	154	155	0.0142857	0	0.334066	2
410	396	129	384	127	154	155	0.0761905	0	0.283516	2
411	375	78	374	78	155	156	0.0047619	0	0.171429	2
412	313	157	312	158	155	156	0.00952381	0	0.345055	2
413	329	208	326	209	155	159	0.0190476	0	0.457143	2
414	225	216	235	217	155	156	0.052381	0	0.474725	1
415	157	308	133	308	155	165	0.114286	0	0.676923	2
416	188	154	187	154	155	156	0.0047619	0	0.338462	2
417	253	208	273	205	155	157	0.138095	0	0.457143	1
418	265	183	266	183	155	156	0.0047619	0	0.402198	1
419	318	127	317	128	155	157	0.00952381	0	0.279121	2
420	374	202	372	201	155	156	0.0142857	0	0.443956	2
421	394	214	390	210	155	156	0.0952381	0	0.47033	2
422	194	268	196	265	155	161	0.052381	0	0.589011	1
423	332	183	330	183	155	156	0.00952381	0	0.402198	2
424	428	93	428	91	155	156	0.0190476	0	0.204396	1
425	361	206	360	205	156	157	0.00952381	0	0.452747	2
426	46	94	48	94	156	157	0.00952381	0	0.206593	1
427	68	126	58	127	156	162	0.052381	0	0.276923	2
428	325	103	324	103	156	157	0.0047619	0	0.226374	2
429	436	153	435	152	156	160	0.00952381	0	0.336264	2
430	347	166	350	167	156	159	0.0190476	0	0.364835	1
431	460	98	463	98	156	157	0.0142857	0	0.215385	1
432	384	154	385	152	156	157	0.0238095	0	0.338462	1
433	378	188	372	186	156	157	0.047619	0	0.413187	2
434	233	205	243	207	156	157	0.0666667	0	0.450549	1
435	286	104	287	103	156	157	0.00952381	0	0.228571	1
436	403	99	407	100	156	159	0.0238095	0	0.217582	1
437	464	108	467	108	156	157	0.0142857	0	0.237363	1
438	451	111	458	111	156	158	0.0333333	0	0.243956	1
439	399	86	401	85	156	157	0.0142857	0	0.189011	1
440	385	195	379	193	157	158	0.047619	0	0.428571	2
441	408	171	406	170	157	158	0.0142857	0	0.375824	2
442	332	162	333	164	157	158	0.0238095	0	0.356044	1
443	376	80	375	85	157	163	0.12381	0	0.175824	2
444	349	122	350	121	157	158	0.00952381	0	0.268132	1
445	464	141	468	140	157	158	0.0238095	0	0.30989	1
446	424	85	425	86	157	158	0.00952381	0	0.186813	1
447	359	156	353	149	157	160	0.261905	0	0.342857	2
448	372	200	371	198	157	158	0.0238095	0	0.43956	2
449	337	172	336	173	157	158	0.00952381	0	0.378022	2
450	388	207	381	204	157	158	0.0761905	0	0.454945	2
451	281	152	285	152	157	158	0.0190476	0	0.334066	1
452	183	306	159	306	157	165	0.114286	0	0.672527	2
453	304	93	304	95	157	159	0.0190476	0	0.204396	1
454	304	162	307	164	157	158	0.0333333	0	0.356044	1
455	403	154	399	154	157	158	0.0190476	0	0.338462	2
456	209	247	217	250	157	159	0.0809524	0	0.542857	1
457	330	186	329	185	157	158	0.00952381	0	0.408791	2
458	380	113	377	113	157	158	0.0142857	0	0.248352	2
459	354	226	343	227	157	163	0.0571429	0	0.496703	2
460	428	63	433	64	157	159	0.0285714	0	0.138462	1
461	333	195	332	195	158	159	0.0047619	0	0.428571	2
462	325	104	324	105	158	159	0.00952381	0	0.228571	2
463	326	125	326	125	158	159	0	0	0.274725	1
464	463	99	470	107	158	162	0.338095	0	0.217582	1
465	460	121	463	122	158	159	0.0190476	0	0.265934	1
466	426	105	425	105	158	159	0.0047619	0	0.230769	2
467	29	121	32	118	158	159	0.0571429	0	0.265934	1
468	344	189	344	187	158	159	0.0190476	0	0.415385	1
469	283	203	289	200	158	159	0.0714286	0	0.446154	1
470	414	160	410	160	158	160	0.0190476	0	0.351648	2
471	220	194	232	192	158	161	0.0761905	0	0.426374	1
472	350	176	350	176	158	159	0	0	0.386813	1
473	309	145	308	145	158	159	0.0047619	0	0.318681	2
474	404	85	404	85	158	162	0	0	0.186813	1
475	193	126	192	125	158	159	0.00952381	0	0.276923	2
476	173	149	154	154	158	163	0.209524	0	0.327473	2
477	333	167	334	169	159	160	0.0238095	0	0.367033	1
478	426	87	424	86	159	161	0.0142857	0	0.191209	2
479	486	155	495	162	159	162	0.27619	0	0.340659	1
480	347	205	346	204	159	160	0.00952381	0	0.450549	2
481	379	175	377	176	159	161	0.0142857	0	0.384615	2
482	193	151	187	152	159	161	0.0333333	0	0.331868	2
483	254	220	250	218	159	161	0.0380952	0	0.483516	2
484	282	184	286	183	159	160	0.0238095	0	0.404396	1
485	293	91	292	92	159	161	0.00952381	0	0.2	2
486	402	73	403	74	159	160	0.00952381	0	0.16044	1
487	335	157	336	158	159	160	0.00952381	0	0.345055	1
488	291	153	295	152	159	160	0.0238095	0	0.336264	1
489	476	106	476	116	159	165	0.47619	0	0.232967	1
490	295	200	298	205	160	164	0.133333	0	0.43956	1
491	328	204	324	203	160	161	0.0238095	0	0.448352	2
492	467	123	464	130	160	164	0.247619	0	0.27033	2
493	402	174	377	178	160	165	0.195238	0	0.382418	2
494	442	73	441	72	160	161	0.00952381	0	0.16044	2
495	352	167	350	168	160	161	0.0142857	0	0.367033	2
496	425	105	421	104	160	161	0.0238095	0	0.230769	2
497	175	140	165	142	160	162	0.0666667	0	0.307692	2
498	327	109	324	110	160	161	0.0190476	0	0.23956	2
499	341	184	337	184	160	161	0.0190476	0	0.404396	2
500	411	125	393	125	160	164	0.0857143	0	0.274725	2
501	186	139	182	139	160	161	0.0190476	0	0.305495	2
502	438	53	438	53	160	161	0	0	0.116484	1
503	195	128	191	128	160	161	0.0190476	0	0.281319	2
504	384	130	380	130	160	161	0.0190476	0	0.285714	2
505	470	162	448	161	160	165	0.109524	0	0.356044	2
506	375	115	366	115	160	162	0.0428571	0	0.252747	2
507	405	172	401	171	161	162	0.0238095	0	0.378022	2
508	310	194	303	195	161	162	0.0380952	0	0.426374	2
509	344	212	341	214	161	162	0.0333333	0	0.465934	2
510	409	162	397	165	161	164	0.1	0	0.356044	2
511	288	184	290	186	161	163	0.0285714	0	0.404396	1
512	195	166	187	170	161	162	0.114286	0	0.364835	2
513	355	123	350	123	161	162	0.0238095	0	0.27033	2
514	433	152	423	152	161	163	0.047619	0	0.334066	2
515	310	149	304	148	161	162	0.0333333	0	0.327473	2
516	335	202	325	202	161	163	0.047619	0	0.443956	2
517	311	102	306	102	161	162	0.0238095	0	0.224176	2
518	367	200	361	200	161	162	0.0285714	0	0.43956	2
519	221	253	227	251	161	164	0.047619	0	0.556044	1
520	423	159	410	158	161	164	0.0666667	0	0.349451	2
521	296	149	296	148	161	162	0.0047619	0	0.327473	1
522	357	203	354	203	161	162	0.0142857	0	0.446154	2
523	330	146	325	147	161	162	0.0285714	0	0.320879	2
524	154	328	141	328	162	165	0.0619048	0	0.720879	2
525	423	87	421	88	162	163	0.0142857	0	0.191209	2
526	374	177	365	177	162	164	0.0428571	0	0.389011	2
527	374	159	368	159	162	163	0.0285714	0	0.349451	2
528	439	73	432	72	162	165	0.0380952	0	0.16044	2
529	286	93	280	93	162	163	0.0285714	0	0.204396	2
530	319	205	308	204	162	164	0.0571429	0	0.450549	2
531	196	262	206	253	162	165	0.433333	0	0.575824	1
532	330	184	325	184	162	163	0.0238095	0	0.404396	2
533	391	114	391	111	162	163	0.0428571	0	0.250549	1
534	41	81	37	80	162	163	0.0238095	0	0.178022	2
535	340	201	335	201	162	163	0.0238095	0	0.441758	2
536	280	201	283	202	162	164	0.0190476	0	0.441758	1
537	269	203	271	203	162	164	0.00952381	0	0.446154	1
538	241	259	238	260	162	163	0.0190476	0	0.569231	2
539	426	70	423	70	162	163	0.0142857	0	0.153846	2
540	511	161	502	160	162	164	0.047619	0	0.353846	2
541	389	154	385	153	162	163	0.0238095	0	0.338462	2
542	278	154	270	152	163	165	0.0571429	0	0.338462	2
543	248	210	249	207	163	164	0.047619	0	0.461538	1
544	402	85	400	84	163	164	0.0142857	0	0.186813	2
545	345	126	340	127	163	164	0.0285714	0	0.276923	2
546	304	192	299	191	163	164	0.0285714	0	0.421978	2
547	362	114	357	113	163	164	0.0285714	0	0.250549	2
548	306	115	301	113	163	164	0.0428571	0	0.252747	2
549	368	95	364	95	163	164	0.0190476	0	0.208791	2
550	314	214	309	213	163	164	0.0285714	0	0.47033	2
551	297	151	297	150	163	164	0.0047619	0	0.331868	1
552	429	44	427	43	163	164	0.0142857	0	0.0967033	2
553	176	135	169	136	163	164	0.0380952	0	0.296703	2
554	337	217	332	219	163	164	0.0428571	0	0.476923	2
555	344	170	338	171	163	165	0.0333333	0	0.373626	2
556	252	220	255	217	163	165	0.0571429	0	0.483516	1
557	461	109	457	108	164	165	0.0238095	0	0.23956	2
558	366	158	362	157	164	165	0.0238095	0	0.347253	2
559	321	164	319	164	164	165	0.00952381	0	0.36044	2
560	342	227	345	227	164	165	0.0142857	0	0.498901	1
561	176	171	169	170	164	165	0.0380952	0	0.375824	2
562	382	135	378	134	164	165	0.0238095	0	0.296703	2
563	460	92	458	89	164	165	0.052381	0	0.202198	2
564	325	185	323	187	164	165	0.0285714	0	0.406593	2
565	166	157	160	159	164	165	0.047619	0	0.345055	2
566	171	181	164	184	164	165	0.0761905	0	0.397802	2