
0	440	34	441	34	57	58	0.00213675	0	0.0747253	1
1	234	127	235	128	57	59	0.0042735	0	0.279121	1
2	417	152	416	152	57	58	0.00213675	0	0.334066	2
3	244	255	246	256	57	59	0.00641026	0	0.56044	1
4	697	191	629	211	57	95	1	0	0.41978	2
5	374	132	377	129	57	59	0.025641	0	0.29011	1
6	459	159	459	159	57	58	0	0	0.349451	1
7	696	221	687	226	57	64	0.0726496	0	0.485714	2
8	232	105	233	108	57	62	0.0213675	0	0.230769	1
9	697	210	694	209	58	59	0.00854701	0	0.461538	2
10	461	455	462	454	58	64	0.0042735	0	1	1
11	436	112	436	110	58	59	0.00854701	0	0.246154	1
12	441	172	441	171	58	59	0.00213675	0	0.378022	1
13	394	158	394	158	58	59	0	0	0.347253	1
14	550	37	549	36	59	60	0.0042735	0	0.0813187	2
15	459	160	462	159	59	69	0.00854701	0	0.351648	1
16	373	139	373	137	59	60	0.00854701	0	0.305495	1
17	707	203	694	206	59	65	0.0470085	0	0.446154	2
18	319	407	317	406	59	63	0.00641026	0	0.894505	2
19	160	409	162	410	60	62	0.00641026	0	0.898901	1
20	420	161	419	161	60	61	0.00213675	0	0.353846	2
21	691	208	684	208	60	64	0.0149573	0	0.457143	2
22	620	169	621	169	60	68	0.00213675	0	0.371429	1
23	627	126	622	125	60	69	0.0128205	0	0.276923	2
24	444	34	444	34	60	61	0	0	0.0747253	1
25	234	129	233	129	60	61	0.00213675	0	0.283516	2
26	441	172	440	172	60	61	0.00213675	0	0.378022	2
27	499	133	497	133	60	61	0.0042735	0	0.292308	2
28	324	444	320	445	60	61	0.0106838	0	0.975824	2
29	366	161	368	160	60	61	0.00641026	0	0.353846	1
30	538	37	535	37	60	63	0.00641026	0	0.0813187	2
31	437	108	436	104	60	63	0.0363248	0	0.237363	2
32	378	74	379	74	60	61	0.00213675	0	0.162637	1
33	426	139	422	139	60	61	0.00854701	0	0.305495	2
34	429	182	428	182	60	63	0.00213675	0	0.4	2
35	499	152	498	152	60	61	0.00213675	0	0.334066	2
36	492	92	492	93	60	63	0.00213675	0	0.202198	1
37	523	163	528	162	60	70	0.0128205	0	0.358242	1
38	261	289	248	291	60	95	0.0363248	0	0.635165	2
39	507	112	505	113	60	63	0.00641026	0	0.246154	2
40	652	93	650	93	60	65	0.0042735	0	0.204396	2
41	581	49	568	50	60	95	0.0299145	0	0.107692	2
42	548	37	547	36	61	64	0.0042735	0	0.0813187	2
43	502	96	501	96	61	62	0.00213675	0	0.210989	2
44	437	117	436	115	61	62	0.0106838	0	0.257143	2
45	341	168	340	167	61	62	0.0042735	0	0.369231	2
46	507	132	507	135	61	63	0.0192308	0	0.29011	1
47	379	153	384	154	62	63	0.0128205	0	0.336264	1
48	403	162	402	161	62	63	0.0042735	0	0.356044	2
49	441	171	440	169	62	64	0.0106838	0	0.375824	2
50	150	416	146	419	62	66	0.0277778	0	0.914286	2
51	135	423	162	422	62	72	0.0598291	0	0.92967	1
52	393	159	393	158	62	63	0.00213675	0	0.349451	1
53	237	150	237	149	62	64	0.00213675	0	0.32967	1
54	250	259	273	254	62	67	0.102564	0	0.569231	1
55	490	163	490	163	62	65	0	0	0.358242	1
56	509	175	510	175	62	64	0.00213675	0	0.384615	1
57	497	134	496	134	62	63	0.00213675	0	0.294505	2
58	319	448	337	447	62	74	0.0405983	0	0.984615	1
59	382	74	384	73	62	63	0.00641026	0	0.162637	1
60	419	142	416	141	62	63	0.00854701	0	0.312088	2
61	506	163	504	163	62	64	0.0042735	0	0.358242	2
62	166	409	168	409	63	64	0.0042735	0	0.898901	1
63	413	109	415	107	63	65	0.0128205	0	0.23956	1
64	235	109	236	109	63	64	0.00213675	0	0.23956	1
65	362	151	362	150	63	64	0.00213675	0	0.331868	1
66	424	193	424	193	63	66	0	0	0.424176	1
67	505	95	504	95	63	64	0.00213675	0	0.208791	2
68	235	129	237	128	64	66	0.00641026	0	0.283516	1
69	510	144	509	145	64	65	0.0042735	0	0.316484	2
70	414	143	410	142	64	65	0.0106838	0	0.314286	2
71	503	118	501	119	64	66	0.00641026	0	0.259341	2
72	405	154	402	151	64	66	0.025641	0	0.338462	2
73	320	407	320	410	64	67	0.0192308	0	0.894505	1
74	714	237	704	236	64	66	0.0235043	0	0.520879	2
75	432	183	432	182	65	67	0.00213675	0	0.402198	1
76	415	183	414	183	65	66	0.00213675	0	0.402198	2
77	463	455	466	454	65	83	0.00854701	0	1	1
78	495	94	495	93	65	66	0.00213675	0	0.206593	1
79	548	38	558	37	65	71	0.0235043	0	0.0835165	1
80	239	262	258	258	65	69	0.0747863	0	0.575824	1
81	444	143	444	142	65	66	0.00213675	0	0.314286	1
82	322	435	329	433	65	71	0.0235043	0	0.956044	1
83	135	436	137	435	65	68	0.00641026	0	0.958242	1
84	504	163	505	164	65	67	0.0042735	0	0.358242	1
85	262	239	269	238	65	67	0.017094	0	0.525275	1
86	321	31	307	31	65	95	0.0299145	0	0.0681319	2
87	510	147	511	146	66	68	0.0042735	0	0.323077	1
88	416	164	414	163	66	67	0.00641026	0	0.36044	2
89	408	141	406	140	66	67	0.00641026	0	0.30989	2
90	650	94	649	94	66	68	0.00213675	0	0.206593	2
91	438	165	435	163	66	67	0.0149573	0	0.362637	2
92	536	27	539	27	66	68	0.00641026	0	0.0593407	1
93	491	163	495	161	66	70	0.017094	0	0.358242	1
94	453	43	453	43	66	67	0	0	0.0945055	1
95	491	152	491	151	66	67	0.00213675	0	0.334066	1
96	168	429	173	426	67	70	0.0299145	0	0.942857	1
97	426	193	428	192	67	69	0.00641026	0	0.424176	1
98	147	418	168	418	67	71	0.0448718	0	0.918681	1
99	177	411	190	411	67	71	0.0277778	0	0.903297	1
100	497	93	498	92	67	68	0.0042735	0	0.204396	1
101	161	411	174	410	67	70	0.0299145	0	0.903297	1
102	501	116	500	116	67	68	0.00213675	0	0.254945	2
103	384	161	388	160	67	69	0.0106838	0	0.353846	1
104	423	104	424	103	67	68	0.0042735	0	0.228571	1
105	487	118	489	117	67	68	0.00641026	0	0.259341	1
106	237	128	238	128	67	68	0.00213675	0	0.281319	1
107	690	208	685	206	67	70	0.0192308	0	0.457143	2
108	609	50	594	50	67	95	0.0320513	0	0.10989	2
109	239	270	268	264	67	71	0.138889	0	0.593407	1
110	172	370	255	385	67	88	0.65812	0	0.813187	1
111	741	310	726	310	67	95	0.0320513	0	0.681319	2
112	345	168	351	165	68	70	0.0320513	0	0.369231	1
113	431	182	429	181	68	69	0.00641026	0	0.4	2
114	413	159	411	157	68	69	0.0128205	0	0.349451	2
115	338	178	341	176	68	69	0.0149573	0	0.391209	1
116	494	133	495	131	68	70	0.0106838	0	0.292308	1
117	415	186	416	186	68	69	0.00213675	0	0.408791	1
118	399	74	403	73	68	69	0.0106838	0	0.162637	1
119	550	47	554	46	68	70	0.0106838	0	0.103297	1
120	237	111	256	107	68	77	0.0747863	0	0.243956	1
121	24	451	24	452	69	83	0.00213675	0	0.991209	1
122	512	145	513	144	69	71	0.0042735	0	0.318681	1
123	501	120	500	120	69	70	0.00213675	0	0.263736	2
124	507	170	507	169	69	70	0.00213675	0	0.373626	1
125	649	93	648	92	69	70	0.0042735	0	0.204396	2
126	624	169	607	170	69	95	0.0384615	0	0.371429	2
127	500	149	501	148	69	70	0.0042735	0	0.327473	1
128	541	27	545	26	69	71	0.0106838	0	0.0593407	1
129	499	92	500	91	69	70	0.0042735	0	0.202198	1
130	519	181	520	180	69	70	0.0042735	0	0.397802	1
131	239	151	240	150	69	70	0.0042735	0	0.331868	1
132	389	161	391	161	70	71	0.0042735	0	0.353846	1
133	430	192	433	192	70	73	0.00641026	0	0.421978	1
134	680	236	675	238	70	71	0.0192308	0	0.518681	2
135	624	125	626	125	70	74	0.0042735	0	0.274725	1
136	691	243	692	242	70	71	0.0042735	0	0.534066	1
137	621	103	622	102	70	71	0.0042735	0	0.226374	1
138	409	133	416	131	70	73	0.0235043	0	0.292308	1
139	464	160	467	160	70	72	0.00641026	0	0.351648	1
140	402	166	399	164	71	72	0.0149573	0	0.364835	2
141	176	428	178	429	71	72	0.00641026	0	0.940659	1
142	439	172	439	172	71	72	0	0	0.378022	1
143	498	160	500	160	71	72	0.0042735	0	0.351648	1
144	243	149	245	149	71	73	0.0042735	0	0.327473	1
145	521	180	517	179	71	73	0.0106838	0	0.395604	2
146	530	163	532	163	71	74	0.0042735	0	0.358242	1
147	504	92	505	92	71	72	0.00213675	0	0.202198	1
148	685	206	683	208	71	73	0.0128205	0	0.452747	2
149	145	432	163	432	71	73	0.0384615	0	0.949451	1
150	254	123	257	123	71	72	0.00641026	0	0.27033	1
151	339	170	344	169	71	74	0.0128205	0	0.373626	1
152	419	73	424	73	71	72	0.0106838	0	0.16044	1
153	314	375	361	390	71	95	0.581197	0	0.824176	1
154	673	240	659	247	72	80	0.134615	0	0.527473	2
155	495	101	490	103	72	74	0.0192308	0	0.221978	2
156	422	115	424	114	72	74	0.00641026	0	0.252747	1
157	564	48	565	47	72	74	0.0042735	0	0.105495	1
158	427	87	425	86	72	73	0.00641026	0	0.191209	2
159	298	256	310	252	72	74	0.0598291	0	0.562637	1
160	429	142	429	142	72	74	0	0	0.312088	1
161	297	223	311	219	72	75	0.0641026	0	0.49011	1
162	827	179	804	178	73	95	0.0512821	0	0.393407	2
163	625	99	624	98	73	75	0.0042735	0	0.217582	2
164	468	161	467	160	73	74	0.0042735	0	0.353846	2
165	420	144	419	142	73	74	0.0106838	0	0.316484	2
166	373	156	372	155	73	74	0.0042735	0	0.342857	2
167	506	94	505	93	73	75	0.0042735	0	0.206593	2
168	554	27	555	26	73	77	0.0042735	0	0.0593407	1
169	552	43	552	43	73	78	0	0	0.0945055	1
170	188	422	196	420	73	74	0.025641	0	0.927473	1
171	335	405	335	404	73	75	0.00213675	0	0.89011	1
172	252	129	253	128	73	74	0.0042735	0	0.283516	1
173	446	153	445	153	73	74	0.00213675	0	0.336264	2
174	602	168	587	167	73	86	0.034188	0	0.369231	2
175	564	38	550	38	73	95	0.0299145	0	0.0835165	2
176	491	128	486	127	74	75	0.0128205	0	0.281319	2
177	339	394	343	395	74	77	0.0106838	0	0.865934	1
178	491	81	486	82	74	83	0.0128205	0	0.178022	2
179	361	170	361	169	74	76	0.00213675	0	0.373626	1
180	427	180	425	180	74	75	0.0042735	0	0.395604	2
181	244	152	243	151	74	75	0.0042735	0	0.334066	2
182	388	455	387	454	74	78	0.0042735	0	1	2
183	300	251	303	249	74	75	0.0149573	0	0.551648	1
184	172	432	194	419	74	80	0.40812	0	0.949451	1
185	668	231	662	232	74	76	0.0149573	0	0.507692	2
186	408	185	405	186	75	76	0.00854701	0	0.406593	2
187	443	29	434	28	75	79	0.0213675	0	0.0637363	2
188	508	143	503	145	75	78	0.0192308	0	0.314286	2
189	531	163	514	165	75	89	0.0448718	0	0.358242	2
190	342	422	343	422	75	76	0.00213675	0	0.927473	1
191	326	415	330	418	75	79	0.0277778	0	0.912088	1
192	426	168	426	167	75	76	0.00213675	0	0.369231	1
193	430	191	425	191	75	76	0.0106838	0	0.41978	2
194	421	140	421	137	75	77	0.0192308	0	0.307692	1
195	487	102	483	102	75	76	0.00854701	0	0.224176	2
196	200	405	215	406	75	78	0.034188	0	0.89011	1
197	315	251	322	253	75	77	0.0235043	0	0.551648	1
198	349	412	350	411	75	76	0.0042735	0	0.905495	1
199	285	265	317	262	75	80	0.0876068	0	0.582418	1
200	625	124	618	126	75	81	0.0235043	0	0.272527	2
201	339	447	339	451	75	85	0.034188	0	0.982418	1
202	419	190	417	191	75	76	0.00641026	0	0.417582	2
203	272	111	276	112	75	77	0.0106838	0	0.243956	1
204	623	98	620	101	76	80	0.025641	0	0.215385	2
205	423	101	422	102	76	77	0.0042735	0	0.221978	2
206	503	92	501	94	76	80	0.0128205	0	0.202198	2
207	502	154	501	155	76	77	0.0042735	0	0.338462	2
208	214	417	227	421	76	79	0.0619658	0	0.916484	1
209	427	31	421	32	76	79	0.0149573	0	0.0681319	2
210	243	151	243	151	76	77	0	0	0.331868	1
211	198	414	202	414	77	78	0.00854701	0	0.90989	1
212	468	159	467	159	77	78	0.00213675	0	0.349451	2
213	345	425	346	426	77	78	0.0042735	0	0.934066	1
214	362	171	362	172	77	78	0.00213675	0	0.375824	1
215	330	430	330	431	77	78	0.00213675	0	0.945055	1
216	674	212	647	219	77	88	0.162393	0	0.465934	2
217	383	159	379	158	77	78	0.0106838	0	0.349451	2
218	510	176	506	177	77	82	0.0106838	0	0.386813	2
219	661	233	659	234	77	78	0.00641026	0	0.512088	2
220	553	26	542	25	78	86	0.025641	0	0.0571429	2
221	345	399	348	398	78	80	0.00854701	0	0.876923	1
222	427	108	426	108	78	79	0.00213675	0	0.237363	2
223	422	136	422	131	78	83	0.0534188	0	0.298901	1
224	329	388	338	393	78	88	0.0726496	0	0.852747	1
225	412	187	409	190	78	79	0.025641	0	0.410989	2
226	503	123	502	123	78	79	0.00213675	0	0.27033	2
227	483	123	480	122	78	79	0.00854701	0	0.27033	2
228	500	157	498	157	78	79	0.0042735	0	0.345055	2
229	481	34	465	34	78	89	0.034188	0	0.0747253	2
230	498	184	489	184	78	82	0.0192308	0	0.404396	2
231	642	71	639	70	78	79	0.00854701	0	0.156044	2
232	467	160	464	160	79	81	0.00641026	0	0.351648	2
233	226	433	225	434	79	81	0.0042735	0	0.951648	2
234	502	147	499	148	79	80	0.00854701	0	0.323077	2
235	553	43	533	43	79	95	0.042735	0	0.0945055	2
236	445	74	450	74	79	81	0.0106838	0	0.162637	1
237	442	156	441	155	79	80	0.0042735	0	0.342857	2
238	352	420	355	417	79	81	0.025641	0	0.923077	1
239	264	157	264	156	79	80	0.00213675	0	0.345055	1
240	340	427	341	426	79	80	0.0042735	0	0.938462	1
241	427	169	425	169	80	82	0.0042735	0	0.371429	2
242	402	188	400	187	80	81	0.00641026	0	0.413187	2
243	437	172	436	171	80	81	0.0042735	0	0.378022	2
244	363	174	362	174	80	81	0.00213675	0	0.382418	2
245	500	119	498	120	80	82	0.00641026	0	0.261538	2
246	292	114	294	115	80	81	0.00641026	0	0.250549	1
247	477	123	474	123	80	81	0.00641026	0	0.27033	2
248	416	99	408	96	80	82	0.0363248	0	0.217582	2
249	419	33	402	34	80	85	0.0384615	0	0.0725275	2
250	670	250	666	250	80	81	0.00854701	0	0.549451	2
251	656	246	654	245	81	82	0.00641026	0	0.540659	2
252	496	148	493	148	81	82	0.00641026	0	0.325275	2
253	502	98	498	98	81	84	0.00854701	0	0.215385	2
254	382	200	376	201	81	82	0.0149573	0	0.43956	2
255	657	219	647	222	81	85	0.0405983	0	0.481319	2
256	426	104	425	105	81	82	0.0042735	0	0.228571	2
257	654	233	633	237	81	87	0.0790598	0	0.512088	2
258	263	108	267	114	81	89	0.0854701	0	0.237363	1
259	461	90	463	90	81	82	0.0042735	0	0.197802	1
260	264	157	263	157	81	82	0.00213675	0	0.345055	2
261	398	189	394	189	82	83	0.00854701	0	0.415385	2
262	298	117	300	118	82	83	0.00641026	0	0.257143	1
263	472	138	468	136	82	83	0.017094	0	0.303297	2
264	229	437	225	437	82	84	0.00854701	0	0.96044	2
265	498	35	486	35	82	88	0.025641	0	0.0769231	2
266	617	127	606	127	82	86	0.0235043	0	0.279121	2
267	464	161	460	161	82	84	0.00854701	0	0.353846	2
268	474	124	470	123	82	83	0.0106838	0	0.272527	2
269	244	423	250	422	82	83	0.0149573	0	0.92967	1
270	437	173	435	173	82	83	0.0042735	0	0.38022	2
271	352	398	355	397	82	84	0.00854701	0	0.874725	1
272	238	405	243	404	82	83	0.0128205	0	0.89011	1
273	664	252	651	255	82	85	0.0470085	0	0.553846	2
274	449	158	448	158	82	83	0.00213675	0	0.347253	2
275	413	161	411	161	82	83	0.0042735	0	0.353846	2
276	342	427	344	427	83	84	0.0042735	0	0.938462	1
277	374	202	367	202	83	85	0.0149573	0	0.443956	2
278	404	95	393	95	83	85	0.0235043	0	0.208791	2
279	650	245	645	245	83	84	0.0106838	0	0.538462	2
280	483	138	476	138	83	85	0.0149573	0	0.303297	2
281	497	120	495	120	83	84	0.0042735	0	0.263736	2
282	323	267	323	266	83	84	0.00213675	0	0.586813	1
283	395	193	388	192	84	85	0.017094	0	0.424176	2
284	486	84	476	82	84	87	0.0299145	0	0.184615	2
285	465	137	460	137	84	85	0.0106838	0	0.301099	2
286	417	128	415	128	84	85	0.0042735	0	0.281319	2
287	363	179	361	178	84	85	0.00641026	0	0.393407	2
288	252	413	253	412	84	85	0.0042735	0	0.907692	1
289	414	151	410	150	84	85	0.0106838	0	0.331868	2
290	465	92	464	92	84	85	0.00213675	0	0.202198	2
291	448	159	447	158	84	85	0.0042735	0	0.349451	2
292	346	429	346	430	85	86	0.00213675	0	0.942857	1
293	460	455	453	454	85	88	0.017094	0	1	2
294	426	129	423	129	85	86	0.00641026	0	0.283516	2
295	495	98	490	97	85	86	0.0128205	0	0.215385	2
296	324	265	331	262	85	87	0.034188	0	0.582418	1
297	468	107	469	105	85	88	0.0106838	0	0.235165	1
298	386	165	383	164	85	86	0.00854701	0	0.362637	2
299	253	442	249	442	85	86	0.00854701	0	0.971429	2
300	458	161	451	160	85	87	0.017094	0	0.353846	2
301	357	392	362	397	85	89	0.0641026	0	0.861538	1
302	341	253	343	254	85	86	0.00641026	0	0.556044	1
303	347	451	350	451	86	87	0.00641026	0	0.991209	1
304	637	249	632	250	86	87	0.0128205	0	0.547253	2
305	479	33	475	33	86	90	0.00854701	0	0.0725275	2
306	363	202	359	202	86	87	0.00854701	0	0.443956	2
307	432	160	431	160	86	87	0.00213675	0	0.351648	2
308	398	34	391	33	86	88	0.017094	0	0.0747253	2
309	379	193	371	193	86	87	0.017094	0	0.424176	2
310	464	149	459	148	86	88	0.0128205	0	0.327473	2
311	474	173	471	172	86	87	0.00854701	0	0.38022	2
312	433	127	432	127	86	87	0.00213675	0	0.279121	2
313	378	81	373	80	86	87	0.0128205	0	0.178022	2
314	610	68	584	74	86	95	0.132479	0	0.149451	2
315	406	126	405	125	86	87	0.0042735	0	0.276923	2
316	360	404	363	406	86	88	0.0149573	0	0.887912	1
317	347	427	349	428	87	88	0.00641026	0	0.938462	1
318	254	443	253	444	87	88	0.0042735	0	0.973626	2
319	540	26	535	26	87	94	0.0106838	0	0.0571429	2
320	458	81	460	81	87	88	0.0042735	0	0.178022	1
321	604	127	599	127	87	95	0.0106838	0	0.279121	2
322	476	147	474	147	87	89	0.0042735	0	0.323077	2
323	350	221	364	222	87	90	0.0320513	0	0.485714	1
324	418	132	422	136	87	90	0.042735	0	0.29011	1
325	381	177	380	177	87	89	0.00213675	0	0.389011	2
326	412	111	411	111	87	88	0.00213675	0	0.243956	2
327	488	96	486	95	87	88	0.00641026	0	0.210989	2
328	350	438	350	438	88	89	0	0	0.962637	1
329	355	451	361	452	88	89	0.0149573	0	0.991209	1
330	630	251	628	250	88	90	0.00641026	0	0.551648	2
331	431	131	432	132	88	89	0.0042735	0	0.287912	1
332	451	161	450	161	88	89	0.00213675	0	0.353846	2
333	343	448	339	448	88	95	0.00854701	0	0.984615	2
334	630	238	618	238	88	95	0.025641	0	0.523077	2
335	346	406	347	407	88	89	0.0042735	0	0.892308	1
336	401	33	398	34	88	90	0.00854701	0	0.0725275	2
337	445	135	446	135	88	89	0.00213675	0	0.296703	1
338	346	428	346	428	89	90	0	0	0.940659	1
339	488	35	483	35	89	95	0.0106838	0	0.0769231	2
340	345	397	348	398	89	90	0.00854701	0	0.872527	1
341	454	455	448	454	89	95	0.0149573	0	1	2
342	368	164	366	164	89	90	0.0042735	0	0.36044	2
343	597	88	596	88	89	90	0.00213675	0	0.193407	2
344	390	169	394	169	89	90	0.00854701	0	0.371429	1
345	301	142	303	140	89	90	0.0128205	0	0.312088	1
346	369	148	360	148	89	93	0.0192308	0	0.325275	2
347	313	112	317	111	89	90	0.0106838	0	0.246154	1
348	349	438	346	438	90	92	0.00641026	0	0.962637	2
349	272	438	284	445	90	94	0.130342	0	0.962637	1
350	436	168	435	169	90	91	0.0042735	0	0.369231	2
351	644	226	641	227	90	91	0.00854701	0	0.496703	2
352	478	153	476	152	90	91	0.00641026	0	0.336264	2
353	465	33	461	32	90	93	0.0106838	0	0.0725275	2
354	392	24	390	25	90	91	0.00641026	0	0.0527473	2
355	365	405	370	408	90	92	0.0299145	0	0.89011	1
356	643	268	637	266	90	95	0.0213675	0	0.589011	2
357	515	164	510	163	90	95	0.0128205	0	0.36044	2
358	453	143	454	143	90	91	0.00213675	0	0.314286	1
359	351	410	352	411	90	91	0.0042735	0	0.901099	1
360	364	433	369	433	90	92	0.0106838	0	0.951648	1
361	631	260	625	260	90	95	0.0128205	0	0.571429	2
362	599	106	598	106	90	91	0.00213675	0	0.232967	2
363	387	181	385	180	90	91	0.00641026	0	0.397802	2
364	554	48	552	48	90	95	0.0042735	0	0.105495	2
365	627	250	622	249	91	94	0.0128205	0	0.549451	2
366	363	103	360	103	91	92	0.00641026	0	0.226374	2
367	351	401	353	401	91	92	0.0042735	0	0.881319	1
368	421	133	421	133	91	92	0	0	0.292308	1
369	470	187	465	188	91	92	0.0128205	0	0.410989	2
370	477	36	473	36	91	95	0.00854701	0	0.0791209	2
371	321	113	330	109	91	95	0.0534188	0	0.248352	1
372	395	36	392	37	91	92	0.00854701	0	0.0791209	2
373	417	164	415	164	91	92	0.0042735	0	0.36044	2
374	362	263	363	261	91	92	0.0106838	0	0.578022	1
375	469	136	466	137	91	92	0.00854701	0	0.298901	2
376	485	120	484	121	91	92	0.0042735	0	0.263736	2
377	471	153	468	153	92	93	0.00641026	0	0.336264	2
378	361	163	357	163	92	94	0.00854701	0	0.358242	2
379	639	228	636	226	92	93	0.0149573	0	0.501099	2
380	387	25	384	25	92	93	0.00641026	0	0.0549451	2
381	361	423	363	423	92	93	0.0042735	0	0.92967	1
382	450	162	451	163	92	93	0.0042735	0	0.356044	1
383	456	135	456	134	92	93	0.00213675	0	0.296703	1
384	384	422	394	427	92	95	0.0747863	0	0.927473	1
385	358	403	363	403	93	94	0.0106838	0	0.885714	1
386	376	256	385	259	93	95	0.0384615	0	0.562637	1
387	434	168	433	167	93	94	0.0042735	0	0.369231	2
388	362	181	361	181	93	94	0.00213675	0	0.397802	2
389	334	158	332	158	93	94	0.0042735	0	0.347253	2
390	372	433	376	434	93	94	0.0106838	0	0.951648	1
391	422	132	422	131	93	94	0.00213675	0	0.29011	1
392	419	160	418	160	93	94	0.00213675	0	0.351648	2
393	261	441	268	441	94	95	0.0149573	0	0.969231	1
394	399	121	397	123	94	95	0.0128205	0	0.265934	2
395	636	224	634	222	94	95	0.0128205	0	0.492308	2
396	383	24	382	25	94	95	0.0042735	0	0.0527473	2
397	464	189	463	188	94	95	0.0042735	0	0.415385	2
398	462	33	462	33	94	95	0	0	0.0725275	1
399	485	129	484	129	94	95	0.00213675	0	0.283516	2
400	445	134	446	135	94	95	0.0042735	0	0.294505	1
401	285	156	284	156	94	95	0.00213675	0	0.342857	2
402	366	427	368	428	94	95	0.00641026	0	0.938462	1
403	458	136	459	137	94	95	0.0042735	0	0.298901	1
404	364	97	363	97	94	95	0.00213675	0	0.213187	2
405	385	181	384	181	94	95	0.00213675	0	0.397802	2