
0	417	283	416	281	82	83	0.00420168	0	0.652074	2
1	470	247	472	244	82	83	0.0092437	0	0.569124	1
2	637	278	639	274	82	83	0.0151261	0	0.640553	1
3	457	324	457	322	82	83	0.00336134	0	0.746544	1
4	432	185	432	182	82	83	0.00756303	0	0.426267	1
5	761	355	763	352	82	83	0.0092437	0	0.817972	1
6	528	237	528	237	82	83	0	0	0.546083	1
7	516	182	519	178	82	83	0.0159664	0	0.419355	1
8	629	292	630	288	82	83	0.0142857	0	0.672811	1
9	571	253	573	249	82	83	0.0151261	0	0.582949	1
10	525	195	533	189	82	85	0.0369748	0	0.449309	1
11	562	356	559	355	83	87	0.00336134	0	0.820276	2
12	679	264	675	260	83	84	0.0168067	0	0.608295	2
13	630	202	635	197	83	84	0.0252101	0	0.465438	1
14	497	207	499	204	83	84	0.0092437	0	0.476959	1
15	701	316	696	315	83	85	0.00504202	0	0.728111	2
16	494	174	493	171	83	86	0.00840336	0	0.400922	2
17	479	156	478	153	83	86	0.00840336	0	0.359447	2
18	439	164	442	163	83	85	0.00336134	0	0.37788	1
19	486	209	489	206	83	84	0.010084	0	0.481567	1
20	572	175	571	169	83	84	0.0310924	0	0.403226	2
21	797	328	793	325	83	90	0.0109244	0	0.75576	2
22	279	201	277	200	83	85	0.00252101	0	0.463134	2
23	540	253	534	250	83	86	0.012605	0	0.582949	2
24	493	309	496	307	83	84	0.00588235	0	0.711982	1
25	311	110	307	103	83	89	0.0445378	0	0.253456	2
26	630	227	629	223	83	84	0.0142857	0	0.523041	2
27	278	146	277	143	83	84	0.00840336	0	0.336406	2
28	597	214	597	212	83	84	0.00336134	0	0.493088	1
29	283	225	280	225	84	87	0.00252101	0	0.518433	2
30	378	244	377	243	84	85	0.00168067	0	0.562212	2
31	644	272	646	271	84	85	0.00252101	0	0.626728	1
32	564	261	567	261	84	85	0.00252101	0	0.601382	1
33	301	221	300	220	84	85	0.00168067	0	0.509217	2
34	632	285	632	283	84	85	0.00336134	0	0.656682	1
35	524	176	526	175	84	85	0.00252101	0	0.40553	1
36	765	352	770	344	84	88	0.0579832	0	0.81106	1
37	540	181	542	180	84	85	0.00252101	0	0.417051	1
38	459	229	462	229	84	85	0.00252101	0	0.52765	1
39	781	273	773	254	84	89	0.310084	0	0.629032	2
40	637	187	653	181	84	87	0.0436975	0	0.430876	1
41	580	248	581	245	84	85	0.00840336	0	0.571429	1
42	330	319	327	319	84	87	0.00252101	0	0.735023	2
43	291	128	290	126	84	85	0.00420168	0	0.294931	2
44	747	341	754	334	84	89	0.0470588	0	0.785714	1
45	562	204	562	208	85	86	0.0134454	0	0.470046	1
46	671	257	666	254	85	86	0.0117647	0	0.592166	2
47	472	228	475	227	85	86	0.00336134	0	0.525346	1
48	295	233	294	231	85	86	0.00420168	0	0.536866	2
49	436	181	446	183	85	88	0.0117647	0	0.417051	1
50	496	209	498	208	85	86	0.00252101	0	0.481567	1
51	546	281	549	281	85	88	0.00252101	0	0.647465	1
52	572	235	574	233	85	86	0.00504202	0	0.541475	1
53	746	312	746	311	85	86	0.000840336	0	0.718894	1
54	764	339	768	335	85	88	0.0168067	0	0.781106	1
55	678	207	682	218	85	88	0.105042	0	0.476959	1
56	277	142	276	141	85	86	0.00168067	0	0.327189	2
57	494	219	494	218	85	86	0.000840336	0	0.504608	1
58	569	363	569	363	86	87	0	0	0.836406	1
59	531	218	532	218	86	87	0.000840336	0	0.502304	1
60	736	319	732	317	86	87	0.00672269	0	0.735023	2
61	277	200	276	200	86	88	0.000840336	0	0.460829	2
62	625	272	625	268	86	87	0.0134454	0	0.626728	1
63	314	323	312	322	86	89	0.00252101	0	0.74424	2
64	445	157	448	157	86	87	0.00252101	0	0.361751	1
65	312	139	312	137	86	87	0.00336134	0	0.320276	1
66	572	263	577	264	86	87	0.00504202	0	0.605991	1
67	537	189	538	190	86	88	0.00168067	0	0.435484	1
68	300	219	300	217	86	87	0.00336134	0	0.504608	1
69	652	271	659	269	86	87	0.0092437	0	0.624424	1
70	494	306	505	303	86	87	0.0168067	0	0.705069	1
71	374	246	375	246	86	87	0.000840336	0	0.56682	1
72	289	125	288	125	86	91	0.000840336	0	0.288018	2
73	651	287	657	284	86	87	0.012605	0	0.66129	1
74	344	331	346	329	86	88	0.00504202	0	0.762673	1
75	484	211	487	210	86	87	0.00336134	0	0.486175	1
76	424	202	427	203	86	87	0.00336134	0	0.465438	1
77	624	312	628	308	86	87	0.0168067	0	0.718894	1
78	523	243	522	243	86	87	0.000840336	0	0.559908	2
79	298	144	299	142	86	89	0.00420168	0	0.331797	1
80	479	165	478	165	86	87	0.000840336	0	0.380184	2
81	652	192	657	192	87	88	0.00420168	0	0.442396	1
82	564	208	562	209	87	88	0.00252101	0	0.479263	2
83	518	335	517	335	87	88	0.000840336	0	0.771889	2
84	295	231	295	230	87	88	0.000840336	0	0.532258	1
85	505	196	508	197	87	88	0.00336134	0	0.451613	1
86	576	232	578	230	87	88	0.00504202	0	0.534562	1
87	701	313	699	315	87	88	0.00504202	0	0.721198	2
88	578	246	581	244	87	88	0.00588235	0	0.56682	1
89	662	251	644	245	87	91	0.0453782	0	0.578341	2
90	312	235	313	233	87	89	0.00420168	0	0.541475	1
91	493	172	488	173	87	89	0.00504202	0	0.396313	2
92	719	303	710	304	87	88	0.00840336	0	0.698157	2
93	421	259	419	258	87	89	0.00252101	0	0.596774	2
94	342	249	402	261	87	104	0.171429	0	0.573733	1
95	656	294	663	292	87	88	0.0092437	0	0.677419	1
96	810	277	807	273	87	88	0.0159664	0	0.638249	2
97	535	250	534	250	87	88	0.000840336	0	0.576037	2
98	520	205	523	205	87	88	0.00252101	0	0.47235	1
99	748	310	765	304	87	93	0.0445378	0	0.714286	1
100	530	172	530	171	87	89	0.000840336	0	0.396313	1
101	471	151	468	154	87	88	0.010084	0	0.347926	2
102	758	348	760	345	87	89	0.0092437	0	0.801843	1
103	493	269	491	267	87	88	0.00504202	0	0.619816	2
104	550	307	550	309	87	89	0.00336134	0	0.707373	1
105	522	190	523	189	87	88	0.00168067	0	0.437788	1
106	628	266	627	262	88	89	0.0142857	0	0.612903	2
107	281	225	280	224	88	89	0.00168067	0	0.518433	2
108	481	230	483	230	88	89	0.00168067	0	0.529954	1
109	497	208	499	207	88	89	0.00252101	0	0.479263	1
110	667	268	674	265	88	89	0.0134454	0	0.617512	1
111	508	229	512	230	88	89	0.00420168	0	0.52765	1
112	757	325	760	321	88	90	0.0159664	0	0.748848	1
113	635	306	641	303	88	89	0.012605	0	0.705069	1
114	370	247	371	246	88	89	0.00168067	0	0.569124	1
115	456	167	458	166	88	89	0.00252101	0	0.384793	1
116	727	312	716	308	88	89	0.0226891	0	0.718894	2
117	260	207	267	204	88	89	0.0134454	0	0.476959	1
118	302	217	302	216	88	89	0.000840336	0	0.5	1
119	659	182	664	180	88	89	0.00756303	0	0.419355	1
120	430	204	432	203	88	89	0.00252101	0	0.470046	1
121	360	252	362	251	88	89	0.00252101	0	0.580645	1
122	713	416	719	408	88	89	0.0588235	0	0.958525	1
123	587	197	586	194	88	89	0.00840336	0	0.453917	2
124	720	337	721	336	88	89	0.00168067	0	0.776498	1
125	648	218	646	215	88	89	0.0092437	0	0.502304	2
126	633	290	639	287	88	89	0.012605	0	0.668203	1
127	298	131	298	135	88	95	0.0134454	0	0.301843	1
128	554	209	551	206	89	90	0.010084	0	0.481567	2
129	297	229	299	228	89	90	0.00252101	0	0.52765	1
130	366	218	368	216	89	90	0.00504202	0	0.502304	1
131	292	219	291	217	89	90	0.00420168	0	0.504608	2
132	789	294	786	278	89	92	0.217647	0	0.677419	2
133	315	394	271	397	89	110	0.0445378	0	0.907834	2
134	668	191	676	192	90	92	0.00756303	0	0.440092	1
135	689	367	688	366	90	95	0.00168067	0	0.845622	2
136	636	219	636	218	90	91	0.000840336	0	0.504608	1
137	108	243	106	242	90	98	0.00252101	0	0.559908	2
138	771	343	780	340	90	93	0.0151261	0	0.790323	1
139	504	206	509	206	90	91	0.00420168	0	0.474654	1
140	451	184	455	186	90	91	0.00672269	0	0.423963	1
141	582	233	593	221	90	94	0.130252	0	0.536866	1
142	373	246	380	245	90	92	0.00672269	0	0.56682	1
143	515	331	517	324	90	92	0.0428571	0	0.762673	1
144	443	141	441	141	90	91	0.00168067	0	0.324885	2
145	488	230	505	230	90	93	0.0142857	0	0.529954	1
146	755	331	807	317	90	99	0.208403	0	0.762673	1
147	312	321	312	319	90	91	0.00336134	0	0.739631	1
148	583	223	588	216	90	92	0.0453782	0	0.513825	1
149	280	223	280	223	90	91	0	0	0.513825	1
150	595	258	600	254	90	91	0.0176471	0	0.59447	1
151	750	348	775	337	90	96	0.122689	0	0.801843	1
152	317	231	322	234	90	98	0.0117647	0	0.532258	1
153	300	142	301	148	90	96	0.0310924	0	0.327189	1
154	420	258	419	256	90	96	0.00420168	0	0.59447	2
155	647	209	647	207	90	93	0.00336134	0	0.481567	1
156	743	331	772	320	90	96	0.12605	0	0.762673	1
157	461	165	465	166	90	91	0.00420168	0	0.380184	1
158	805	254	801	251	90	93	0.0109244	0	0.585253	2
159	670	368	669	367	90	93	0.00168067	0	0.847926	2
160	585	262	590	259	90	91	0.0117647	0	0.603687	1
161	782	254	781	248	90	92	0.0310924	0	0.585253	2
162	530	170	523	175	90	95	0.0268908	0	0.391705	2
163	731	357	734	356	90	91	0.00336134	0	0.822581	1
164	354	328	353	327	90	96	0.00168067	0	0.75576	2
165	732	345	735	345	90	91	0.00252101	0	0.794931	1
166	370	231	415	236	90	102	0.0588235	0	0.532258	1
167	478	234	483	235	90	91	0.00504202	0	0.539171	1
168	669	181	686	182	90	94	0.0151261	0	0.417051	1
169	485	172	482	173	90	91	0.00336134	0	0.396313	2
170	27	348	25	348	90	91	0.00168067	0	0.801843	2
171	538	186	532	189	90	95	0.012605	0	0.428571	2
172	126	232	125	231	90	93	0.00168067	0	0.534562	2
173	434	261	433	260	90	93	0.00168067	0	0.601382	2
174	532	335	532	334	90	91	0.000840336	0	0.771889	1
175	459	155	463	156	90	91	0.00420168	0	0.357143	1
176	729	423	763	416	90	93	0.0697479	0	0.974654	1
177	666	356	668	356	90	92	0.00168067	0	0.820276	1
178	761	346	775	341	90	94	0.0327731	0	0.797235	1
179	106	313	97	316	90	108	0.0151261	0	0.721198	2
180	500	248	506	247	90	91	0.00588235	0	0.571429	1
181	36	301	24	297	90	95	0.0235294	0	0.693548	2
182	660	268	666	267	90	91	0.00588235	0	0.617512	1
183	752	366	756	365	90	91	0.00420168	0	0.843318	1
184	301	215	304	219	90	94	0.0159664	0	0.495392	1
185	595	177	597	179	90	93	0.00504202	0	0.407834	1
186	303	231	303	232	91	93	0.000840336	0	0.532258	1
187	292	221	291	219	91	93	0.00420168	0	0.509217	2
188	552	207	551	207	91	92	0.000840336	0	0.476959	2
189	691	261	706	257	91	94	0.0260504	0	0.601382	1
190	454	167	456	164	91	92	0.0092437	0	0.384793	1
191	736	399	744	397	91	92	0.010084	0	0.919355	1
192	806	325	811	325	91	92	0.00420168	0	0.748848	1
193	372	217	389	211	91	96	0.0445378	0	0.5	1
194	291	148	291	151	91	95	0.00756303	0	0.341014	1
195	681	264	686	262	91	92	0.00756303	0	0.608295	1
196	569	222	569	220	91	92	0.00336134	0	0.511521	1
197	567	249	580	241	91	94	0.0647059	0	0.573733	1
198	567	310	567	309	92	93	0.000840336	0	0.714286	1
199	636	218	635	217	92	93	0.00168067	0	0.502304	2
200	714	416	713	415	92	93	0.00168067	0	0.958525	2
201	563	206	563	205	92	93	0.000840336	0	0.474654	1
202	470	157	471	156	92	93	0.00168067	0	0.361751	1
203	491	241	497	241	92	93	0.00504202	0	0.5553	1
204	437	141	400	138	92	99	0.0386555	0	0.324885	2
205	313	316	332	309	92	95	0.0571429	0	0.728111	1
206	667	301	672	300	92	93	0.00504202	0	0.693548	1
207	281	222	280	220	92	93	0.00420168	0	0.511521	2
208	550	252	561	250	92	94	0.012605	0	0.580645	1
209	557	306	561	305	92	93	0.00420168	0	0.705069	1
210	309	104	308	106	92	95	0.00420168	0	0.239631	2
211	659	231	654	233	92	94	0.00756303	0	0.532258	2
212	688	282	697	282	92	93	0.00756303	0	0.64977	1
213	745	344	748	342	92	93	0.00588235	0	0.792627	1
214	503	248	508	247	92	93	0.00504202	0	0.571429	1
215	548	170	545	174	92	98	0.0159664	0	0.391705	2
216	679	193	724	201	93	101	0.0915966	0	0.4447	1
217	411	161	406	162	93	94	0.00504202	0	0.370968	2
218	781	246	777	254	93	98	0.0571429	0	0.56682	2
219	553	208	556	210	93	94	0.00588235	0	0.479263	1
220	588	233	591	231	93	94	0.00588235	0	0.536866	1
221	815	312	809	312	93	95	0.00504202	0	0.718894	2
222	288	130	288	131	93	94	0.000840336	0	0.299539	1
223	369	228	391	227	93	99	0.0193277	0	0.525346	1
224	693	328	697	330	93	94	0.00672269	0	0.75576	1
225	669	356	669	356	93	94	0	0	0.820276	1
226	590	213	593	211	93	94	0.00588235	0	0.490783	1
227	436	180	438	181	93	95	0.00252101	0	0.414747	1
228	629	334	647	337	93	94	0.0226891	0	0.769585	1
229	684	274	692	273	93	94	0.00756303	0	0.631336	1
230	424	193	425	193	93	94	0.000840336	0	0.4447	1
231	752	400	761	403	93	94	0.0151261	0	0.921659	1
232	577	232	581	230	93	94	0.00672269	0	0.534562	1
233	810	325	813	327	93	94	0.00588235	0	0.748848	1
234	291	221	291	220	94	95	0.000840336	0	0.509217	1
235	635	218	632	219	94	95	0.00336134	0	0.502304	2
236	714	416	714	413	94	95	0.00756303	0	0.958525	1
237	528	311	545	301	94	96	0.0983193	0	0.71659	1
238	304	233	304	234	94	97	0.000840336	0	0.536866	1
239	772	302	778	299	94	95	0.012605	0	0.695853	1
240	503	239	509	240	94	95	0.00588235	0	0.550691	1
241	125	232	124	231	94	95	0.00168067	0	0.534562	2
242	527	208	532	209	94	95	0.00504202	0	0.479263	1
243	710	284	727	282	94	97	0.0176471	0	0.654378	1
244	433	261	432	261	94	97	0.000840336	0	0.601382	2
245	389	239	397	235	94	96	0.0201681	0	0.550691	1
246	769	359	781	354	94	96	0.0310924	0	0.827189	1
247	298	165	298	165	94	96	0	0	0.380184	1
248	647	265	640	264	94	95	0.00672269	0	0.610599	2
249	541	204	549	204	94	96	0.00672269	0	0.470046	1
250	740	355	744	356	94	95	0.00420168	0	0.817972	1
251	779	318	793	312	94	96	0.0420168	0	0.732719	1
252	599	189	601	189	94	95	0.00168067	0	0.435484	1
253	365	271	388	269	94	99	0.0226891	0	0.624424	1
254	688	222	694	221	94	95	0.00588235	0	0.511521	1
255	770	240	766	247	94	98	0.0445378	0	0.552995	2
256	308	138	307	139	94	97	0.00168067	0	0.317972	2
257	522	220	525	219	94	95	0.00336134	0	0.506912	1
258	598	221	603	219	95	96	0.00756303	0	0.509217	1
259	582	266	586	264	95	96	0.00672269	0	0.612903	1
260	707	263	722	261	95	98	0.0159664	0	0.605991	1
261	467	156	467	154	95	96	0.00336134	0	0.359447	1
262	657	321	655	319	95	96	0.00504202	0	0.739631	2
263	334	125	337	122	95	96	0.010084	0	0.288018	1
264	575	306	585	301	95	96	0.0294118	0	0.705069	1
265	791	333	799	329	95	96	0.0201681	0	0.767281	1
266	39	408	25	410	95	97	0.0151261	0	0.940092	2
267	468	186	468	185	95	96	0.000840336	0	0.428571	1
268	567	249	572	246	95	96	0.0117647	0	0.573733	1
269	697	272	732	270	95	101	0.0327731	0	0.626728	1
270	309	219	308	219	95	98	0.000840336	0	0.504608	2
271	427	194	429	193	95	96	0.00252101	0	0.447005	1
272	483	168	483	166	95	96	0.00336134	0	0.387097	1
273	288	134	289	135	95	97	0.00168067	0	0.308756	1
274	421	221	420	221	95	98	0.000840336	0	0.509217	2
275	754	342	778	336	95	98	0.0504202	0	0.788018	1
276	680	175	753	187	95	109	0.182353	0	0.403226	1
277	482	287	486	284	95	96	0.0109244	0	0.66129	1
278	568	208	570	208	96	97	0.00168067	0	0.479263	1
279	289	219	292	218	96	98	0.00336134	0	0.504608	1
280	694	300	702	301	96	97	0.00756303	0	0.691244	1
281	717	408	722	403	96	97	0.0252101	0	0.940092	1
282	777	407	778	406	96	97	0.00168067	0	0.937788	1
283	309	107	310	109	96	99	0.00420168	0	0.246544	1
284	488	241	488	241	96	99	0	0	0.5553	1
285	125	231	125	232	96	98	0.000840336	0	0.532258	1
286	537	211	541	214	96	97	0.0109244	0	0.486175	1
287	767	275	761	273	96	99	0.00840336	0	0.633641	2
288	793	407	789	409	96	99	0.00672269	0	0.937788	2
289	645	337	644	338	96	97	0.00168067	0	0.776498	2
290	799	259	793	267	96	98	0.0588235	0	0.596774	2
291	518	243	521	247	96	97	0.0159664	0	0.559908	1
292	499	228	500	229	96	97	0.00168067	0	0.525346	1
293	434	171	429	173	96	97	0.00756303	0	0.394009	2
294	522	214	524	216	96	97	0.00504202	0	0.493088	1
295	291	152	290	153	96	97	0.00168067	0	0.35023	2
296	761	370	767	369	96	97	0.00588235	0	0.852535	1
297	593	219	599	219	96	97	0.00504202	0	0.504608	1
298	606	184	611	184	96	97	0.00420168	0	0.423963	1
299	299	201	299	200	97	98	0.000840336	0	0.463134	1
300	609	220	614	216	97	98	0.0176471	0	0.506912	1
301	783	336	817	335	97	101	0.0294118	0	0.774194	1
302	694	364	718	357	97	99	0.0613445	0	0.83871	1
303	402	236	410	236	97	99	0.00672269	0	0.543779	1
304	781	319	804	317	97	100	0.0226891	0	0.735023	1
305	470	155	471	151	97	98	0.0142857	0	0.357143	1
306	394	213	402	213	97	99	0.00672269	0	0.490783	1
307	809	328	818	324	97	98	0.0210084	0	0.75576	1
308	610	210	615	207	97	98	0.0117647	0	0.483871	1
309	453	251	452	250	97	98	0.00168067	0	0.578341	2
310	565	319	579	317	97	98	0.0151261	0	0.735023	1
311	717	330	725	326	97	98	0.0201681	0	0.760369	1
312	467	188	467	184	97	98	0.0134454	0	0.43318	1
313	325	114	326	114	97	98	0.000840336	0	0.262673	1
314	528	168	534	175	97	102	0.0462185	0	0.387097	1
315	538	196	539	197	98	99	0.00168067	0	0.451613	1
316	779	406	776	409	98	100	0.010084	0	0.935484	2
317	727	285	739	286	98	100	0.0109244	0	0.656682	1
318	557	201	561	202	98	99	0.00420168	0	0.463134	1
319	709	298	715	298	98	99	0.00504202	0	0.686636	1
320	432	261	431	261	98	99	0.000840336	0	0.601382	2
321	526	186	531	193	98	102	0.0453782	0	0.428571	1
322	544	229	545	228	98	99	0.00168067	0	0.52765	1
323	314	143	313	144	98	99	0.00168067	0	0.329493	2
324	366	330	371	331	98	99	0.00504202	0	0.760369	1
325	340	100	344	100	98	99	0.00336134	0	0.230415	1
326	424	172	419	173	98	99	0.00504202	0	0.396313	2
327	290	152	288	153	98	100	0.00252101	0	0.35023	2
328	435	194	438	194	98	99	0.00252101	0	0.447005	1
329	502	227	504	227	98	99	0.00168067	0	0.523041	1
330	536	186	536	188	98	99	0.00336134	0	0.428571	1
331	638	192	644	191	98	99	0.00588235	0	0.442396	1
332	708	281	740	279	98	103	0.0302521	0	0.647465	1
333	98	421	55	426	98	110	0.0571429	0	0.970046	2
334	442	231	444	229	98	99	0.00504202	0	0.532258	1
335	620	186	626	185	98	99	0.00588235	0	0.428571	1
336	710	177	735	183	98	102	0.0512605	0	0.407834	1
337	108	244	106	243	99	101	0.00252101	0	0.562212	2
338	618	215	620	213	99	100	0.00504202	0	0.495392	1
339	490	160	490	160	99	100	0	0	0.368664	1
340	549	248	551	249	99	100	0.00252101	0	0.571429	1
341	565	296	566	294	99	101	0.00420168	0	0.682028	1
342	740	390	754	387	99	100	0.0193277	0	0.898618	1
343	322	235	320	234	99	101	0.00252101	0	0.541475	2
344	804	351	810	353	99	100	0.00840336	0	0.808756	1
345	547	180	551	185	99	102	0.0243697	0	0.414747	1
346	121	231	120	231	99	101	0.000840336	0	0.532258	2
347	301	125	300	131	99	103	0.0310924	0	0.288018	2
348	468	181	468	176	99	101	0.0210084	0	0.417051	1
349	296	166	295	166	99	101	0.000840336	0	0.382488	2
350	474	149	476	145	99	101	0.0151261	0	0.343318	1
351	774	257	769	260	99	100	0.0117647	0	0.592166	2
352	703	170	715	172	99	101	0.0134454	0	0.391705	1
353	421	254	423	253	99	100	0.00252101	0	0.585253	1
354	404	247	407	251	99	100	0.0159664	0	0.569124	1
355	790	269	779	272	99	102	0.0168067	0	0.619816	2
356	628	211	631	209	99	100	0.00588235	0	0.486175	1
357	359	321	365	322	99	100	0.00588235	0	0.739631	1
358	396	387	394	388	99	104	0.00252101	0	0.891705	2
359	670	281	667	281	99	100	0.00252101	0	0.647465	2
360	524	306	530	309	100	101	0.012605	0	0.705069	1
361	541	201	541	199	100	101	0.00336134	0	0.463134	1
362	789	411	787	411	100	102	0.00168067	0	0.947005	2
363	815	318	823	315	100	101	0.0142857	0	0.732719	1
364	393	273	396	273	100	101	0.00252101	0	0.629032	1
365	395	140	388	138	100	101	0.0092437	0	0.322581	2
366	713	338	712	336	100	101	0.00420168	0	0.778802	2
367	466	160	467	157	100	101	0.00840336	0	0.368664	1
368	307	232	297	230	100	103	0.0117647	0	0.534562	2
369	349	103	368	106	100	104	0.0235294	0	0.237327	1
370	548	230	549	227	100	101	0.00840336	0	0.529954	1
371	592	311	600	311	100	101	0.00672269	0	0.71659	1
372	377	336	406	344	100	103	0.0781513	0	0.774194	1
373	416	241	419	242	100	101	0.00336134	0	0.5553	1
374	412	221	430	232	100	105	0.116807	0	0.509217	1
375	420	327	423	330	100	103	0.010084	0	0.753456	1
376	293	218	291	217	100	101	0.00252101	0	0.502304	2
377	538	191	538	192	100	102	0.000840336	0	0.440092	1
378	306	143	305	146	100	102	0.00840336	0	0.329493	2
379	384	315	392	315	100	101	0.00672269	0	0.725806	1
380	409	158	389	158	100	104	0.0168067	0	0.364055	2
381	444	248	444	247	100	101	0.000840336	0	0.571429	1
382	545	284	548	279	100	101	0.0235294	0	0.654378	1
383	302	153	305	158	100	103	0.0235294	0	0.352535	1
384	303	220	301	218	100	101	0.00504202	0	0.506912	2
385	528	211	531	209	100	101	0.00588235	0	0.486175	1
386	758	276	754	276	100	101	0.00336134	0	0.635945	2
387	439	194	445	194	100	103	0.00504202	0	0.447005	1
388	704	350	704	351	101	104	0.000840336	0	0.806452	1
389	433	260	438	259	101	102	0.00504202	0	0.599078	1
390	773	406	774	406	101	102	0.000840336	0	0.935484	1
391	818	304	818	305	101	102	0.000840336	0	0.700461	1
392	417	253	422	260	101	103	0.0453782	0	0.582949	1
393	729	297	748	296	101	104	0.0168067	0	0.684332	1
394	581	215	585	213	101	103	0.00672269	0	0.495392	1
395	417	192	414	192	101	102	0.00252101	0	0.442396	2
396	569	229	571	229	101	102	0.00168067	0	0.52765	1
397	311	112	311	115	101	102	0.00756303	0	0.258065	1
398	623	210	626	209	101	102	0.00336134	0	0.483871	1
399	491	155	492	155	101	102	0.000840336	0	0.357143	1
400	409	329	409	331	101	102	0.00336134	0	0.758065	1
401	639	301	632	301	101	102	0.00588235	0	0.693548	2
402	287	153	288	159	101	104	0.0310924	0	0.352535	1
403	357	128	360	131	101	102	0.010084	0	0.294931	1
404	662	278	657	277	101	102	0.00504202	0	0.640553	2
405	423	209	419	211	101	103	0.00672269	0	0.481567	2
406	436	182	431	182	101	102	0.00420168	0	0.419355	2
407	732	250	737	250	101	102	0.00420168	0	0.576037	1
408	479	175	485	173	101	104	0.00840336	0	0.403226	1
409	683	294	677	291	101	103	0.012605	0	0.677419	2
410	730	227	742	227	101	103	0.010084	0	0.523041	1
411	690	309	688	308	101	102	0.00252101	0	0.711982	2
412	393	178	383	175	101	103	0.0159664	0	0.410138	2
413	732	202	738	201	102	103	0.00588235	0	0.465438	1
414	718	348	718	347	102	103	0.000840336	0	0.801843	1
415	542	204	542	204	102	103	0	0	0.470046	1
416	539	317	548	332	102	105	0.196639	0	0.730415	1
417	104	245	103	244	102	104	0.00168067	0	0.564516	2
418	616	321	611	323	102	103	0.00756303	0	0.739631	2
419	560	213	561	212	102	103	0.00168067	0	0.490783	1
420	641	340	635	337	102	103	0.012605	0	0.78341	2
421	402	321	410	323	102	103	0.010084	0	0.739631	1
422	383	141	372	140	102	104	0.010084	0	0.324885	2
423	738	270	747	266	102	104	0.0210084	0	0.62212	1
424	629	197	632	195	102	103	0.00588235	0	0.453917	1
425	641	211	644	209	102	103	0.00588235	0	0.486175	1
426	421	248	427	251	102	104	0.012605	0	0.571429	1
427	468	177	473	175	102	104	0.00756303	0	0.407834	1
428	470	158	475	156	102	104	0.00756303	0	0.364055	1
429	401	277	404	279	102	103	0.00588235	0	0.638249	1
430	642	314	635	310	102	103	0.0193277	0	0.723502	2
431	510	186	522	187	102	106	0.0109244	0	0.428571	1
432	550	222	552	223	102	103	0.00252101	0	0.511521	1
433	677	162	691	161	102	104	0.012605	0	0.373272	1
434	532	307	537	312	102	103	0.0252101	0	0.707373	1
435	102	302	101	301	102	104	0.00168067	0	0.695853	2
436	666	194	681	193	102	104	0.0134454	0	0.447005	1
437	622	303	614	301	102	103	0.010084	0	0.698157	2
438	700	293	700	292	102	103	0.000840336	0	0.675115	1
439	241	404	199	406	102	110	0.0386555	0	0.930876	2
440	721	257	726	256	102	103	0.00504202	0	0.592166	1
441	543	194	542	193	103	104	0.00168067	0	0.447005	2
442	445	257	452	256	103	104	0.00672269	0	0.592166	1
443	413	191	408	188	103	104	0.0117647	0	0.440092	2
444	654	279	651	277	103	104	0.00588235	0	0.642857	2
445	780	272	777	268	103	104	0.0159664	0	0.626728	2
446	311	117	311	117	103	104	0	0	0.269585	1
447	531	193	532	191	103	104	0.00420168	0	0.4447	1
448	631	209	633	206	103	104	0.0092437	0	0.481567	1
449	299	142	301	143	103	104	0.00252101	0	0.327189	1
450	439	245	444	245	103	104	0.00420168	0	0.564516	1
451	532	209	534	207	103	104	0.00504202	0	0.481567	1
452	608	311	607	311	103	104	0.000840336	0	0.71659	2
453	799	320	796	326	103	104	0.0327731	0	0.737327	2
454	553	188	549	185	103	108	0.0109244	0	0.43318	2
455	449	377	449	376	103	104	0.000840336	0	0.868664	1
456	332	153	337	155	103	104	0.00756303	0	0.352535	1
457	530	176	531	174	103	104	0.00420168	0	0.40553	1
458	578	279	578	281	104	105	0.00336134	0	0.642857	1
459	672	282	663	280	104	107	0.0109244	0	0.64977	2
460	627	314	619	316	104	105	0.010084	0	0.723502	2
461	626	335	612	334	104	107	0.012605	0	0.771889	2
462	539	316	539	321	104	105	0.0210084	0	0.728111	1
463	420	261	426	266	104	106	0.0260504	0	0.601382	1
464	556	286	557	296	104	106	0.0848739	0	0.658986	1
465	304	236	284	239	104	109	0.0243697	0	0.543779	2
466	301	131	300	134	104	105	0.00840336	0	0.301843	2
467	378	243	376	245	104	105	0.00504202	0	0.559908	2
468	415	210	384	212	104	107	0.0294118	0	0.483871	2
469	638	244	637	246	104	105	0.00420168	0	0.562212	2
470	585	359	563	360	104	109	0.0193277	0	0.827189	2
471	373	234	370	232	105	106	0.00588235	0	0.539171	2
472	640	234	640	236	105	106	0.00336134	0	0.539171	1
473	752	201	757	199	105	106	0.00756303	0	0.463134	1
474	704	352	702	350	105	107	0.00504202	0	0.81106	2
475	541	195	539	192	105	106	0.0092437	0	0.449309	2
476	101	249	95	248	105	108	0.00588235	0	0.573733	2
477	576	295	575	294	105	106	0.00168067	0	0.679724	2
478	342	162	347	164	105	106	0.00756303	0	0.373272	1
479	369	143	357	141	105	107	0.0134454	0	0.329493	2
480	692	295	690	294	105	106	0.00252101	0	0.679724	2
481	611	326	609	325	105	106	0.00252101	0	0.751152	2
482	716	348	714	347	105	107	0.00252101	0	0.801843	2
483	639	209	639	209	105	106	0	0	0.481567	1
484	759	347	755	344	105	106	0.0109244	0	0.799539	2
485	750	278	752	275	105	106	0.0092437	0	0.640553	1
486	361	247	355	247	105	108	0.00504202	0	0.569124	2
487	419	332	422	332	105	106	0.00252101	0	0.764977	1
488	606	313	605	312	105	106	0.00168067	0	0.721198	2
489	754	299	759	298	105	106	0.00504202	0	0.68894	1
490	475	176	481	176	105	108	0.00504202	0	0.40553	1
491	799	329	794	326	105	108	0.0117647	0	0.758065	2
492	460	259	463	259	105	106	0.00252101	0	0.596774	1
493	371	110	381	111	105	108	0.0092437	0	0.253456	1
494	432	257	435	258	105	106	0.00336134	0	0.592166	1
495	776	265	771	255	105	108	0.0882353	0	0.610599	2
496	650	232	652	232	105	106	0.00168067	0	0.534562	1
497	409	332	404	332	105	108	0.00420168	0	0.764977	2
498	407	265	404	271	105	109	0.0327731	0	0.610599	2
499	122	242	119	241	105	107	0.00336134	0	0.557604	2
500	373	207	366	206	105	106	0.00672269	0	0.476959	2
501	751	265	752	260	105	106	0.0218487	0	0.610599	1
502	633	324	629	323	105	106	0.00420168	0	0.746544	2
503	755	190	770	191	105	108	0.0134454	0	0.437788	1
504	743	251	735	245	105	108	0.0369748	0	0.578341	2
505	486	148	489	146	105	107	0.00588235	0	0.341014	1
506	426	242	432	245	105	108	0.012605	0	0.557604	1
507	291	164	291	167	105	108	0.00756303	0	0.37788	1
508	299	180	298	182	105	108	0.00420168	0	0.414747	2
509	449	379	409	380	105	110	0.0344538	0	0.873272	2
510	727	295	732	295	105	106	0.00420168	0	0.679724	1
511	490	171	495	170	105	108	0.00504202	0	0.394009	1
512	506	164	511	165	105	108	0.00504202	0	0.37788	1
513	169	415	148	414	105	109	0.0184874	0	0.956221	2
514	651	275	642	272	105	108	0.0151261	0	0.633641	2
515	679	292	667	287	105	108	0.0310924	0	0.672811	2
516	635	196	634	195	105	106	0.00168067	0	0.451613	2
517	311	121	306	122	105	108	0.00504202	0	0.278802	2
518	617	246	614	243	105	106	0.010084	0	0.56682	2
519	582	271	579	269	105	107	0.00588235	0	0.624424	2
520	603	299	600	297	105	107	0.00588235	0	0.68894	2
521	285	238	280	237	105	108	0.00504202	0	0.548387	2
522	547	332	542	332	106	108	0.00420168	0	0.764977	2
523	742	262	743	259	106	107	0.00840336	0	0.603687	1
524	427	231	430	232	106	108	0.00336134	0	0.532258	1
525	425	346	430	346	106	107	0.00420168	0	0.797235	1
526	526	278	531	277	106	107	0.00504202	0	0.640553	1
527	547	254	548	255	106	107	0.00168067	0	0.585253	1
528	592	325	588	323	106	108	0.00672269	0	0.748848	2
529	827	357	806	356	106	109	0.0184874	0	0.822581	2
530	537	323	531	323	106	108	0.00504202	0	0.74424	2
531	290	227	274	227	106	109	0.0134454	0	0.523041	2
532	617	311	613	312	106	107	0.00420168	0	0.71659	2
533	191	425	92	433	106	118	0.136975	0	0.979263	2
534	512	174	513	173	106	107	0.00168067	0	0.400922	1
535	537	190	533	189	107	108	0.00420168	0	0.437788	2
536	368	232	363	231	107	108	0.00504202	0	0.534562	2
537	762	199	748	206	107	110	0.0529412	0	0.458525	2
538	436	259	437	260	107	108	0.00168067	0	0.596774	1
539	640	210	639	212	107	108	0.00420168	0	0.483871	2
540	608	324	605	322	107	108	0.00588235	0	0.746544	2
541	552	228	545	226	107	108	0.0092437	0	0.525346	2
542	690	294	687	294	107	108	0.00252101	0	0.677419	2
543	421	332	387	334	107	110	0.0319328	0	0.764977	2
544	777	295	775	297	107	108	0.00504202	0	0.679724	2
545	360	207	352	208	107	108	0.00756303	0	0.476959	2
546	745	275	747	275	107	108	0.00168067	0	0.633641	1
547	455	213	455	215	107	108	0.00336134	0	0.490783	1
548	300	153	299	154	107	108	0.00168067	0	0.352535	2
549	436	329	437	330	107	108	0.00168067	0	0.758065	1
550	432	270	426	270	108	109	0.00504202	0	0.62212	2
551	462	265	450	264	108	109	0.0109244	0	0.610599	2
552	628	209	619	210	108	109	0.00840336	0	0.481567	2
553	708	260	706	260	108	109	0.00168067	0	0.599078	2
554	450	350	370	360	108	114	0.151261	0	0.806452	2
555	827	341	813	340	108	109	0.012605	0	0.785714	2
556	540	324	528	331	109	110	0.0512605	0	0.746544	2
557	694	352	680	354	109	110	0.0151261	0	0.81106	2
558	734	347	681	351	109	112	0.0579832	0	0.799539	2
559	428	239	413	240	109	110	0.0134454	0	0.550691	2
560	607	328	589	330	109	110	0.0184874	0	0.75576	2
561	383	136	339	147	109	112	0.138655	0	0.313364	2
562	711	164	675	180	109	112	0.245378	0	0.37788	2
563	677	293	636	297	109	111	0.0478992	0	0.675115	2
564	562	226	548	229	109	110	0.0193277	0	0.520737	2
565	780	325	716	329	109	112	0.0672269	0	0.748848	2
566	508	173	473	177	109	111	0.0428571	0	0.398618	2
567	522	165	507	165	109	110	0.012605	0	0.380184	2
568	695	254	682	257	109	110	0.0184874	0	0.585253	2
569	375	389	296	396	109	118	0.107563	0	0.896313	2
570	714	275	686	281	109	111	0.0537815	0	0.633641	2
571	521	187	501	187	109	110	0.0168067	0	0.430876	2
572	630	351	609	351	109	110	0.0176471	0	0.808756	2
573	769	193	756	197	109	110	0.0243697	0	0.4447	2
574	98	434	27	442	109	117	0.113445	0	1	2
575	737	238	720	234	109	110	0.0277311	0	0.548387	2
576	534	258	518	260	109	110	0.0168067	0	0.59447	2
577	495	370	416	376	109	118	0.0966387	0	0.852535	2
578	737	199	697	210	109	113	0.135294	0	0.458525	2
579	760	257	715	254	109	111	0.0453782	0	0.592166	2
580	821	326	801	327	109	110	0.0176471	0	0.751152	2
581	368	125	354	127	109	110	0.0151261	0	0.288018	2
582	537	224	515	224	109	110	0.0184874	0	0.516129	2
583	244	415	121	424	109	120	0.171429	0	0.956221	2
584	684	340	642	345	109	111	0.0563025	0	0.78341	2
585	315	406	236	413	109	118	0.107563	0	0.935484	2
586	303	125	264	128	109	111	0.0403361	0	0.288018	2
587	527	280	488	284	109	111	0.0462185	0	0.645161	2
588	534	183	467	195	109	114	0.177311	0	0.421659	2
589	421	347	401	348	109	110	0.0176471	0	0.799539	2
590	544	264	500	279	109	112	0.22605	0	0.608295	2
591	776	216	736	227	109	112	0.135294	0	0.497696	2
592	803	338	781	337	109	110	0.0193277	0	0.778802	2
593	603	212	585	216	110	111	0.0285714	0	0.488479	2
594	411	271	380	279	110	112	0.0798319	0	0.624424	2
595	546	274	513	283	110	112	0.0957983	0	0.631336	2
596	541	258	511	269	110	112	0.126891	0	0.59447	2
597	435	266	413	269	110	111	0.0260504	0	0.612903	2
598	393	273	362	282	110	112	0.0941176	0	0.629032	2
599	691	354	674	360	110	111	0.0445378	0	0.815668	2
600	422	251	404	255	110	111	0.0285714	0	0.578341	2
601	742	191	715	201	110	113	0.106723	0	0.440092	2
602	582	199	541	199	110	112	0.0344538	0	0.458525	2
603	547	246	528	252	110	111	0.0462185	0	0.56682	2
604	336	387	276	393	110	118	0.0806723	0	0.891705	2
605	752	225	726	231	110	112	0.0521008	0	0.518433	2
606	615	217	584	224	110	112	0.0672269	0	0.5	2
607	484	161	450	167	110	112	0.0588235	0	0.370968	2
608	533	288	499	322	110	114	1	0	0.663594	2
609	631	300	607	303	110	111	0.0277311	0	0.691244	2
610	456	197	456	187	110	111	0.0840336	0	0.453917	1
611	594	299	577	304	110	111	0.0352941	0	0.68894	2
612	516	339	502	346	111	112	0.0529412	0	0.781106	2
613	820	400	803	401	111	112	0.0151261	0	0.921659	2
614	392	248	380	251	111	112	0.0176471	0	0.571429	2
615	706	349	689	350	111	112	0.0151261	0	0.804147	2
616	663	347	652	348	111	112	0.010084	0	0.799539	2
617	583	241	566	242	111	112	0.0151261	0	0.5553	2
618	533	234	519	239	111	112	0.0327731	0	0.539171	2
619	679	264	665	267	111	112	0.0193277	0	0.608295	2
620	249	402	212	404	111	118	0.0344538	0	0.926267	2
621	740	194	746	201	111	118	0.0462185	0	0.447005	1
622	480	191	456	195	111	113	0.0336134	0	0.440092	2
623	177	410	122	413	111	119	0.0537815	0	0.9447	2
624	261	148	245	149	111	112	0.0142857	0	0.341014	2
625	597	298	585	298	111	112	0.010084	0	0.686636	2
626	388	384	371	385	111	112	0.0151261	0	0.884793	2
627	381	354	363	355	111	112	0.0159664	0	0.815668	2
628	104	420	47	423	111	119	0.0554622	0	0.967742	2
629	607	229	594	235	111	114	0.0411765	0	0.52765	2
630	557	336	525	336	111	116	0.0268908	0	0.774194	2
631	427	209	409	212	111	112	0.0226891	0	0.481567	2
632	674	178	663	182	111	112	0.0226891	0	0.410138	2
633	700	295	685	297	111	112	0.0159664	0	0.679724	2
634	431	173	409	183	111	116	0.102521	0	0.398618	2
635	700	235	685	234	111	112	0.0134454	0	0.541475	2
636	402	245	387	253	111	113	0.0663866	0	0.564516	2
637	550	306	525	309	111	115	0.0285714	0	0.705069	2
638	724	228	710	232	111	113	0.0252101	0	0.525346	2
639	449	112	408	115	111	118	0.0420168	0	0.258065	2
640	589	357	564	361	111	114	0.0344538	0	0.822581	2
641	809	340	781	345	111	114	0.0445378	0	0.78341	2
642	746	349	729	351	111	112	0.0176471	0	0.804147	2
643	553	326	536	327	111	112	0.0151261	0	0.751152	2
644	722	215	719	217	112	113	0.00588235	0	0.495392	2
645	618	298	610	299	112	113	0.00756303	0	0.686636	2
646	484	339	477	345	112	113	0.0361345	0	0.781106	2
647	241	250	241	259	112	113	0.0680672	0	0.576037	1
648	569	256	562	258	112	113	0.0092437	0	0.589862	2
649	675	190	675	194	112	113	0.0134454	0	0.437788	1
650	532	250	527	255	112	113	0.0252101	0	0.576037	2
651	747	360	731	358	112	114	0.0168067	0	0.829493	2
652	370	259	375	266	112	115	0.0453782	0	0.596774	1
653	672	256	668	258	112	113	0.00672269	0	0.589862	2
654	700	255	691	257	112	116	0.0109244	0	0.587558	2
655	391	273	389	277	112	113	0.0151261	0	0.629032	2
656	324	127	322	131	112	113	0.0151261	0	0.292627	2
657	603	295	596	296	112	113	0.00672269	0	0.679724	2
658	697	222	705	223	112	115	0.00756303	0	0.511521	1
659	788	398	798	394	113	114	0.0218487	0	0.917051	1
660	678	354	676	354	113	114	0.00168067	0	0.815668	2
661	507	275	507	281	113	114	0.0302521	0	0.633641	1
662	524	237	524	242	113	114	0.0210084	0	0.546083	1
663	340	149	356	153	113	118	0.0268908	0	0.343318	1
664	494	260	494	266	113	114	0.0302521	0	0.599078	1
665	575	259	574	259	113	114	0.000840336	0	0.596774	2
666	705	331	691	328	113	115	0.0193277	0	0.762673	2
667	461	231	457	233	113	114	0.00672269	0	0.532258	2
668	571	242	571	244	113	114	0.00336134	0	0.557604	1
669	449	176	449	176	113	117	0	0	0.40553	1
670	446	344	449	347	113	114	0.010084	0	0.792627	1
671	462	265	460	266	113	114	0.00252101	0	0.610599	2
672	691	274	689	274	113	114	0.00168067	0	0.631336	2
673	496	353	493	354	113	114	0.00336134	0	0.813364	2
674	348	344	357	346	113	114	0.0109244	0	0.792627	1
675	379	275	395	283	113	118	0.0672269	0	0.633641	1
676	442	324	445	327	113	114	0.010084	0	0.746544	1
677	663	281	666	282	113	114	0.00336134	0	0.647465	1
678	30	257	24	258	113	115	0.00588235	0	0.592166	2
679	798	405	804	404	113	114	0.00588235	0	0.93318	1
680	512	265	511	274	113	115	0.0689076	0	0.610599	2
681	727	252	738	251	113	115	0.010084	0	0.580645	1
682	359	357	354	356	113	116	0.00504202	0	0.822581	2
683	459	289	455	288	113	115	0.00420168	0	0.665899	2
684	262	170	229	174	113	118	0.0411765	0	0.391705	2
685	354	286	364	289	113	116	0.0159664	0	0.658986	1
686	749	346	742	347	113	114	0.00672269	0	0.797235	2
687	542	343	535	341	113	116	0.0092437	0	0.790323	2
688	333	202	338	206	113	114	0.0176471	0	0.465438	1
689	746	318	759	320	113	114	0.0142857	0	0.732719	1
690	577	225	579	225	113	114	0.00168067	0	0.518433	1
691	509	318	506	324	113	114	0.0327731	0	0.732719	2
692	556	317	556	320	113	114	0.00756303	0	0.730415	1
693	326	162	331	164	113	114	0.00756303	0	0.373272	1
694	246	134	247	134	113	114	0.000840336	0	0.308756	1
695	294	212	288	215	113	114	0.012605	0	0.488479	2
696	535	326	528	324	113	117	0.0092437	0	0.751152	2
697	723	218	727	217	114	115	0.00420168	0	0.502304	1
698	351	212	358	215	114	116	0.0134454	0	0.488479	1
699	558	342	552	340	114	115	0.00840336	0	0.788018	2
700	668	261	669	262	114	115	0.00168067	0	0.601382	1
701	520	252	520	256	114	115	0.0134454	0	0.580645	1
702	479	350	476	351	114	115	0.00336134	0	0.806452	2
703	674	368	673	368	114	115	0.000840336	0	0.847926	2
704	639	242	643	239	114	115	0.0109244	0	0.557604	1
705	679	195	685	195	114	115	0.00504202	0	0.449309	1
706	561	244	559	242	114	115	0.00504202	0	0.562212	2
707	383	259	392	260	114	118	0.00840336	0	0.596774	1
708	547	310	547	309	114	116	0.000840336	0	0.714286	1
709	589	220	600	216	114	117	0.0226891	0	0.506912	1
710	607	302	603	298	114	115	0.0168067	0	0.695853	2
711	393	280	401	281	114	116	0.00756303	0	0.645161	1
712	412	241	410	244	114	118	0.0092437	0	0.5553	2
713	718	201	702	208	114	120	0.0546218	0	0.463134	2
714	382	249	390	250	114	116	0.00756303	0	0.573733	1
715	228	250	222	250	115	117	0.00504202	0	0.576037	2
716	506	285	507	287	115	116	0.00420168	0	0.656682	1
717	578	254	574	249	115	118	0.0243697	0	0.585253	2
718	379	302	387	303	115	117	0.00756303	0	0.695853	1
719	741	352	730	350	115	118	0.012605	0	0.81106	2
720	245	256	233	254	115	118	0.0134454	0	0.589862	2
721	344	209	346	210	115	116	0.00252101	0	0.481567	1
722	526	246	531	252	115	117	0.0344538	0	0.56682	1
723	765	321	773	325	115	117	0.0201681	0	0.739631	1
724	518	286	518	287	115	116	0.000840336	0	0.658986	1
725	688	300	682	299	115	116	0.00588235	0	0.691244	2
726	452	232	449	230	115	116	0.00588235	0	0.534562	2
727	369	360	357	359	115	118	0.0109244	0	0.829493	2
728	392	327	401	327	115	118	0.00756303	0	0.753456	1
729	737	230	743	233	115	116	0.012605	0	0.529954	1
730	429	194	430	194	115	116	0.000840336	0	0.447005	1
731	458	267	459	267	115	116	0.000840336	0	0.615207	1
732	242	241	239	239	115	116	0.00588235	0	0.5553	2
733	492	354	491	353	115	116	0.00168067	0	0.815668	2
734	575	233	578	231	115	116	0.00588235	0	0.536866	1
735	538	224	540	223	115	116	0.00252101	0	0.516129	1
736	589	228	593	225	115	118	0.0109244	0	0.525346	1
737	560	310	560	309	115	116	0.000840336	0	0.714286	1
738	733	217	737	218	116	118	0.00420168	0	0.5	1
739	381	265	383	265	116	117	0.00168067	0	0.610599	1
740	559	241	551	238	116	118	0.0142857	0	0.5553	2
741	558	338	547	337	116	118	0.010084	0	0.778802	2
742	428	251	421	252	116	118	0.00672269	0	0.578341	2
743	692	195	698	196	116	118	0.00588235	0	0.449309	1
744	524	260	522	262	116	118	0.00504202	0	0.599078	2
745	415	197	414	197	116	117	0.000840336	0	0.453917	2
746	670	294	668	293	116	117	0.00252101	0	0.677419	2
747	579	275	580	275	116	117	0.000840336	0	0.633641	1
748	729	345	726	344	116	117	0.00336134	0	0.794931	2
749	667	368	662	366	116	117	0.00756303	0	0.847926	2
750	231	264	229	264	116	117	0.00168067	0	0.608295	2
751	763	310	760	313	116	118	0.010084	0	0.714286	2
752	598	251	600	250	116	117	0.00252101	0	0.578341	1
753	548	338	536	338	116	118	0.010084	0	0.778802	2
754	695	211	695	211	117	118	0	0	0.486175	1
755	233	239	225	238	117	118	0.00756303	0	0.550691	2
756	370	291	368	291	117	118	0.00168067	0	0.670507	2
757	353	355	347	354	117	118	0.00588235	0	0.817972	2
758	487	277	479	275	117	118	0.010084	0	0.638249	2
759	415	178	409	176	117	118	0.00840336	0	0.410138	2
760	361	217	356	217	117	118	0.00420168	0	0.5	2
761	549	310	541	308	117	118	0.010084	0	0.714286	2
762	476	294	468	292	117	118	0.010084	0	0.677419	2
763	350	130	348	130	117	118	0.00168067	0	0.299539	2
764	375	275	372	275	117	118	0.00252101	0	0.633641	2
765	406	239	399	238	117	118	0.00672269	0	0.550691	2
766	575	222	572	220	117	118	0.00588235	0	0.511521	2
767	681	199	680	200	117	118	0.00168067	0	0.458525	2
768	537	198	527	195	117	118	0.0159664	0	0.456221	2
769	689	359	668	358	117	118	0.0184874	0	0.827189	2
770	346	195	332	196	118	119	0.012605	0	0.449309	2
771	606	234	574	235	118	120	0.0277311	0	0.539171	2
772	750	316	742	321	119	120	0.0277311	0	0.728111	2
773	392	282	371	286	119	120	0.0310924	0	0.64977	2
774	695	193	678	196	119	120	0.0218487	0	0.4447	2
775	217	253	192	253	119	120	0.0210084	0	0.582949	2
776	538	239	516	241	119	120	0.0218487	0	0.550691	2
777	560	243	537	244	119	120	0.0201681	0	0.559908	2
778	731	212	711	216	119	120	0.0302521	0	0.488479	2
779	237	134	216	137	119	120	0.0252101	0	0.308756	2
780	496	371	477	380	119	120	0.0840336	0	0.854839	2
781	474	263	452	268	119	120	0.0394958	0	0.605991	2
782	513	256	492	260	119	120	0.0310924	0	0.589862	2
783	494	271	473	274	119	120	0.0252101	0	0.624424	2
784	645	295	620	297	119	120	0.0243697	0	0.679724	2
785	366	268	345	272	119	120	0.0310924	0	0.617512	2
786	193	252	167	252	119	120	0.0218487	0	0.580645	2
787	452	306	429	307	119	120	0.0201681	0	0.705069	2
788	661	294	634	295	119	120	0.0235294	0	0.677419	2
789	478	294	457	298	119	120	0.0310924	0	0.677419	2
790	729	222	711	226	119	120	0.0285714	0	0.511521	2
791	754	236	735	240	119	120	0.0294118	0	0.543779	2
792	381	262	360	265	119	120	0.0252101	0	0.603687	2
793	344	155	323	158	119	120	0.0252101	0	0.357143	2
794	720	236	701	241	119	120	0.0369748	0	0.543779	2
795	505	334	486	339	119	120	0.0369748	0	0.769585	2
796	342	222	322	226	119	120	0.0302521	0	0.511521	2
797	279	397	253	398	119	120	0.0226891	0	0.914747	2
798	652	349	625	350	119	120	0.0235294	0	0.804147	2
799	518	266	497	269	119	120	0.0252101	0	0.612903	2
800	543	224	522	226	119	120	0.0210084	0	0.516129	2
801	561	220	540	222	119	120	0.0210084	0	0.506912	2
802	737	238	719	242	119	120	0.0285714	0	0.548387	2
803	541	255	519	256	119	120	0.0193277	0	0.587558	2
804	591	246	570	247	119	120	0.0184874	0	0.56682	2
805	624	360	626	351	119	120	0.0697479	0	0.829493	1
806	561	368	535	369	119	120	0.0226891	0	0.847926	2
807	735	195	716	199	119	120	0.0294118	0	0.449309	2
808	674	225	656	229	119	120	0.0285714	0	0.518433	2
809	679	186	661	189	119	120	0.0226891	0	0.428571	2
810	697	222	679	227	119	120	0.0361345	0	0.511521	2
811	693	285	668	286	119	120	0.0218487	0	0.656682	2
812	217	143	191	141	119	120	0.0252101	0	0.329493	2
813	687	203	669	206	119	120	0.0226891	0	0.467742	2
814	788	326	762	327	119	120	0.0226891	0	0.751152	2
815	583	206	562	208	119	120	0.0210084	0	0.474654	2
816	587	348	562	349	119	120	0.0218487	0	0.801843	2
817	740	323	713	324	119	120	0.0235294	0	0.74424	2