
0	295	274	295	275	127	128	0.000290698	0	0.602198	1
1	299	221	300	221	128	130	0.000290698	0	0.485714	1
2	537	234	538	235	128	133	0.000581395	0	0.514286	1
3	298	245	299	244	129	130	0.000581395	0	0.538462	1
4	195	455	194	453	129	131	0.00145349	0	1	2
5	283	256	283	253	129	131	0.00261628	0	0.562637	1
6	315	179	316	179	129	130	0.000290698	0	0.393407	1
7	288	246	289	245	129	130	0.000581395	0	0.540659	1
8	215	298	24	355	129	164	1	0	0.654945	2
9	711	33	710	32	129	130	0.000581395	0	0.0725275	2
10	326	245	326	243	130	131	0.00116279	0	0.538462	1
11	401	62	313	69	130	149	0.0398256	0	0.136264	2
12	302	220	302	220	131	132	0	0	0.483516	1
13	540	198	539	198	131	132	0.000290698	0	0.435165	2
14	311	252	313	254	131	137	0.00174419	0	0.553846	1
15	317	178	318	179	131	133	0.000581395	0	0.391209	1
16	380	221	379	222	131	133	0.000581395	0	0.485714	2
17	333	169	338	169	131	134	0.00145349	0	0.371429	1
18	813	60	794	58	131	142	0.00668605	0	0.131868	2
19	255	174	236	174	131	142	0.00552326	0	0.382418	2
20	285	253	283	254	132	135	0.000872093	0	0.556044	2
21	312	238	312	239	132	133	0.000290698	0	0.523077	1
22	298	284	302	286	132	133	0.00232558	0	0.624176	1
23	664	106	483	151	132	165	0.641279	0	0.232967	2
24	321	205	324	203	133	134	0.00203488	0	0.450549	1
25	303	221	304	222	133	134	0.000581395	0	0.485714	1
26	218	187	220	188	133	134	0.000872093	0	0.410989	1
27	384	191	385	188	133	134	0.00290698	0	0.41978	1
28	495	315	322	364	133	165	0.748256	0	0.692308	2
29	399	222	398	220	134	135	0.00145349	0	0.487912	2
30	305	288	288	288	134	141	0.00494186	0	0.632967	2
31	194	455	185	454	134	137	0.00290698	0	1	2
32	391	361	372	360	135	142	0.00581395	0	0.793407	2
33	779	59	760	57	135	142	0.00668605	0	0.12967	2
34	338	169	338	168	135	136	0.000290698	0	0.371429	1
35	345	214	328	210	135	139	0.00959302	0	0.47033	2
36	446	46	428	45	135	142	0.00552326	0	0.101099	2
37	325	247	319	247	135	138	0.00174419	0	0.542857	2
38	556	205	539	205	135	139	0.00494186	0	0.450549	2
39	303	221	302	221	135	136	0.000290698	0	0.485714	2
40	301	247	297	248	135	138	0.00145349	0	0.542857	2
41	315	442	295	453	135	140	0.0409884	0	0.971429	2
42	379	221	374	220	135	137	0.00174419	0	0.485714	2
43	308	274	305	274	135	136	0.000872093	0	0.602198	2
44	818	70	799	68	135	142	0.00668605	0	0.153846	2
45	280	254	281	248	136	142	0.0107558	0	0.558242	1
46	531	190	529	189	136	137	0.000872093	0	0.417582	2
47	396	220	393	220	136	137	0.000872093	0	0.483516	2
48	387	181	384	180	136	137	0.00116279	0	0.397802	2
49	310	228	309	227	137	138	0.000581395	0	0.501099	2
50	220	201	209	200	137	139	0.00348837	0	0.441758	2
51	328	219	324	217	137	138	0.00232558	0	0.481319	2
52	302	238	300	238	137	138	0.000581395	0	0.523077	2
53	532	235	527	234	137	138	0.00174419	0	0.516484	2
54	224	182	221	174	137	142	0.0194767	0	0.4	2
55	371	258	364	259	138	141	0.00232558	0	0.567033	2
56	528	189	522	188	138	139	0.00203488	0	0.415385	2
57	341	168	335	166	138	139	0.00290698	0	0.369231	2
58	362	230	355	228	138	139	0.00319767	0	0.505495	2
59	166	242	159	242	138	141	0.00203488	0	0.531868	2
60	371	280	363	279	138	142	0.00261628	0	0.615385	2
61	311	257	312	257	138	142	0.000290698	0	0.564835	1
62	432	58	423	57	138	142	0.00290698	0	0.127473	2
63	469	99	450	100	138	143	0.00581395	0	0.217582	2
64	299	226	294	226	138	139	0.00145349	0	0.496703	2
65	303	198	296	197	138	139	0.00232558	0	0.435165	2
66	224	160	220	153	138	142	0.015407	0	0.351648	2
67	199	186	192	185	138	139	0.00232558	0	0.408791	2
68	321	312	313	311	138	142	0.00261628	0	0.685714	2
69	825	191	817	189	139	143	0.00348837	0	0.41978	2
70	322	211	321	211	140	141	0.000290698	0	0.463736	2
71	358	226	357	224	140	141	0.00145349	0	0.496703	2
72	339	185	339	185	140	141	0	0	0.406593	1
73	395	202	394	201	140	141	0.000581395	0	0.443956	2
74	197	220	197	217	140	141	0.00261628	0	0.483516	1
75	421	99	417	98	140	142	0.00145349	0	0.217582	2
76	519	179	516	178	140	142	0.00116279	0	0.393407	2
77	377	218	377	217	140	142	0.000290698	0	0.479121	1
78	299	208	302	207	140	141	0.00116279	0	0.457143	1
79	409	105	385	106	140	144	0.00726744	0	0.230769	2
80	304	229	306	229	141	142	0.000581395	0	0.503297	1
81	335	197	329	196	141	143	0.00203488	0	0.432967	2
82	369	185	367	184	141	142	0.000872093	0	0.406593	2
83	284	250	277	252	143	144	0.00319767	0	0.549451	2
84	370	343	248	362	143	156	0.140407	0	0.753846	2
85	398	52	277	68	143	154	0.109593	0	0.114286	2
86	782	188	627	229	143	165	0.533721	0	0.413187	2
87	555	183	504	188	143	148	0.022093	0	0.402198	2
88	363	360	247	376	143	154	0.10814	0	0.791209	2
89	490	181	463	185	143	145	0.0125	0	0.397802	2
90	620	184	466	230	143	165	0.659884	0	0.404396	2
91	668	326	520	369	143	165	0.580523	0	0.716484	2
92	337	186	312	191	143	145	0.0145349	0	0.408791	2
93	718	187	690	191	143	145	0.0127907	0	0.410989	2
94	751	188	596	230	143	165	0.557849	0	0.413187	2
95	587	184	559	188	143	145	0.0127907	0	0.404396	2
96	355	258	341	260	143	144	0.00523256	0	0.567033	2
97	727	36	566	80	143	165	0.609593	0	0.0791209	2
98	220	158	186	160	143	147	0.0110465	0	0.347253	2
99	528	191	514	195	143	144	0.00872093	0	0.41978	2
100	158	440	76	453	143	149	0.0729651	0	0.967033	2
101	39	304	24	307	143	144	0.00697674	0	0.668132	2
102	264	174	135	199	143	159	0.219186	0	0.382418	2
103	188	356	61	384	143	159	0.264826	0	0.782418	2
104	231	174	188	180	143	147	0.0229651	0	0.382418	2
105	409	52	381	56	143	145	0.0127907	0	0.114286	2
106	344	235	317	240	143	145	0.0151163	0	0.516484	2
107	358	325	203	381	143	165	0.956686	0	0.714286	2
108	780	55	751	58	143	145	0.0110465	0	0.120879	2
109	386	354	260	382	143	160	0.264535	0	0.778022	2
110	359	206	333	211	143	145	0.0148256	0	0.452747	2
111	351	60	219	80	143	157	0.154651	0	0.131868	2
112	775	138	617	180	143	165	0.558721	0	0.303297	2
113	316	233	303	236	143	144	0.00639535	0	0.512088	2
114	293	177	139	233	143	165	0.956395	0	0.389011	2
115	390	382	251	429	143	163	0.682558	0	0.83956	2
116	422	45	264	96	143	164	0.802035	0	0.0989011	2
117	231	142	203	147	143	145	0.015407	0	0.312088	2
118	180	346	55	368	143	156	0.177035	0	0.76044	2
119	288	199	274	200	143	144	0.00436047	0	0.437363	2
120	589	52	525	58	143	149	0.0290698	0	0.114286	2
121	263	448	248	450	143	144	0.00552326	0	0.984615	2
122	512	198	497	201	143	144	0.00697674	0	0.435165	2
123	159	307	28	339	143	160	0.335756	0	0.674725	2
124	373	321	246	365	144	163	0.599709	0	0.705495	2
125	323	158	254	164	144	152	0.0305233	0	0.347253	2
126	817	333	682	369	144	165	0.415988	0	0.731868	2
127	146	359	36	412	144	165	0.848547	0	0.789011	2
128	262	313	125	367	144	165	0.8875	0	0.687912	2
129	800	191	660	229	144	165	0.460465	0	0.41978	2
130	333	169	323	171	144	145	0.00406977	0	0.371429	2
131	156	433	28	450	144	153	0.121221	0	0.951648	2
132	304	312	276	315	144	147	0.0107558	0	0.685714	2
133	502	180	407	184	144	153	0.0322674	0	0.395604	2
134	359	362	260	374	144	154	0.0706395	0	0.795604	2
135	710	55	672	58	144	148	0.0136628	0	0.120879	2
136	289	296	276	299	144	145	0.00639535	0	0.650549	2
137	56	99	26	103	144	147	0.0133721	0	0.217582	2
138	409	182	297	201	144	158	0.1375	0	0.4	2
139	330	264	296	270	145	149	0.0203488	0	0.58022	2
140	297	228	293	228	145	146	0.00116279	0	0.501099	2
141	484	205	446	206	145	149	0.0113372	0	0.450549	2
142	372	109	288	119	145	153	0.0534884	0	0.23956	2
143	145	322	25	363	145	162	0.523547	0	0.707692	2
144	483	215	446	217	145	149	0.0119186	0	0.472527	2
145	323	217	314	216	145	146	0.00290698	0	0.476923	2
146	372	55	357	55	146	148	0.00436047	0	0.120879	2
147	552	188	448	218	146	162	0.29186	0	0.413187	2
148	323	249	308	250	146	148	0.00465116	0	0.547253	2
149	454	186	343	223	146	163	0.430233	0	0.408791	2
150	742	60	726	60	146	148	0.00465116	0	0.131868	2
151	716	60	700	60	146	148	0.00465116	0	0.131868	2
152	122	216	116	216	146	147	0.00174419	0	0.474725	2
153	682	191	564	229	146	165	0.45407	0	0.41978	2
154	292	171	283	172	146	148	0.00290698	0	0.375824	2
155	164	209	141	206	146	149	0.00930233	0	0.459341	2
156	758	74	634	111	146	165	0.434012	0	0.162637	2
157	475	24	389	36	147	156	0.0668605	0	0.0527473	2
158	472	236	450	238	147	149	0.00755814	0	0.518681	2
159	375	63	354	65	147	149	0.00726744	0	0.138462	2
160	252	269	244	269	147	148	0.00232558	0	0.591209	2
161	819	335	719	369	148	165	0.365116	0	0.736264	2
162	292	240	278	239	148	149	0.00436047	0	0.527473	2
163	333	240	320	242	148	149	0.00494186	0	0.527473	2
164	176	128	106	141	148	154	0.0694767	0	0.281319	2
165	297	254	258	260	149	152	0.0218023	0	0.558242	2
166	172	160	126	165	149	155	0.0206395	0	0.351648	2
167	492	190	444	196	149	153	0.0244186	0	0.417582	2
168	482	206	449	232	149	162	0.206105	0	0.452747	2
169	453	228	438	229	149	150	0.00465116	0	0.501099	2
170	816	196	724	229	149	165	0.343314	0	0.430769	2
171	245	244	219	249	149	151	0.0148256	0	0.536264	2
172	247	267	235	270	149	150	0.00610465	0	0.586813	2
173	94	454	76	454	149	150	0.00523256	0	0.997802	2
174	344	60	304	65	149	152	0.0188953	0	0.131868	2
175	449	258	434	258	149	150	0.00436047	0	0.567033	2
176	604	114	526	150	150	165	0.399419	0	0.250549	2
177	285	272	253	276	150	153	0.0139535	0	0.597802	2
178	304	244	281	249	150	152	0.0139535	0	0.536264	2
179	83	370	67	377	150	155	0.0188953	0	0.813187	2
180	434	241	421	242	150	151	0.00406977	0	0.52967	2
181	133	207	124	206	150	151	0.00290698	0	0.454945	2
182	821	330	749	360	150	165	0.282558	0	0.725275	2
183	297	185	287	188	150	151	0.00552326	0	0.406593	2
184	105	346	57	356	150	156	0.0430233	0	0.76044	2
185	230	260	217	262	150	151	0.00494186	0	0.571429	2
186	665	76	584	111	150	165	0.379651	0	0.167033	2
187	242	318	217	321	150	152	0.00988372	0	0.698901	2
188	69	372	24	383	151	159	0.0482558	0	0.817582	2
189	250	274	239	275	151	152	0.00348837	0	0.602198	2
190	69	227	53	231	151	153	0.00930233	0	0.498901	2
191	234	191	223	192	151	152	0.00348837	0	0.41978	2
192	450	236	442	237	151	152	0.00261628	0	0.518681	2
193	294	274	266	285	151	155	0.043314	0	0.602198	2
194	140	183	131	186	151	152	0.00523256	0	0.402198	2
195	286	76	263	79	152	154	0.00930233	0	0.167033	2
196	206	270	184	291	152	161	0.134593	0	0.593407	2
197	284	217	276	217	152	153	0.00232558	0	0.476923	2
198	297	67	289	68	153	154	0.00261628	0	0.147253	2
199	635	24	590	53	153	164	0.257558	0	0.0527473	2
200	608	24	591	26	153	156	0.00610465	0	0.0527473	2
201	223	288	234	296	153	159	0.0218023	0	0.632967	1
202	216	194	180	225	153	163	0.289826	0	0.426374	2
203	227	241	220	242	153	154	0.00232558	0	0.52967	2
204	202	237	195	238	153	154	0.00232558	0	0.520879	2
205	306	24	259	59	153	164	0.369767	0	0.0527473	2
206	248	279	243	278	154	156	0.00174419	0	0.613187	2
207	200	261	196	260	154	155	0.00145349	0	0.573626	2
208	657	68	617	98	154	165	0.273256	0	0.149451	2
209	604	67	566	95	154	164	0.238953	0	0.147253	2
210	720	24	678	53	154	165	0.256686	0	0.0527473	2
211	258	183	254	183	154	155	0.00116279	0	0.402198	2
212	258	116	219	153	154	165	0.409302	0	0.254945	2
213	203	325	198	325	154	155	0.00145349	0	0.714286	2
214	400	183	378	198	154	162	0.0718023	0	0.402198	2
215	398	229	393	228	154	155	0.00174419	0	0.503297	2
216	105	179	104	177	155	156	0.00145349	0	0.393407	2
217	244	378	239	381	155	158	0.00406977	0	0.830769	2
218	272	69	236	104	155	165	0.36657	0	0.151648	2
219	283	66	264	87	155	162	0.133721	0	0.145055	2
220	186	244	183	248	155	158	0.00552326	0	0.536264	2
221	121	197	121	196	155	157	0.000290698	0	0.432967	1
222	233	121	227	123	155	157	0.00290698	0	0.265934	2
223	293	75	259	110	155	165	0.365988	0	0.164835	2
224	102	143	98	144	155	156	0.00145349	0	0.314286	2
225	415	29	380	62	155	165	0.326744	0	0.0637363	2
226	569	24	558	37	155	161	0.0523256	0	0.0527473	2
227	432	198	401	230	155	165	0.306686	0	0.435165	2
228	225	266	226	268	156	157	0.00145349	0	0.584615	1
229	194	261	198	267	156	159	0.0116279	0	0.573626	1
230	262	288	257	296	156	160	0.0200581	0	0.632967	2
231	126	166	128	192	156	165	0.197093	0	0.364835	1
232	252	185	253	188	156	158	0.00290698	0	0.406593	1
233	216	201	213	202	156	157	0.00116279	0	0.441758	2
234	389	224	387	225	156	157	0.000872093	0	0.492308	2
235	283	189	305	221	156	165	0.30407	0	0.415385	1
236	47	234	46	235	156	157	0.000581395	0	0.514286	2
237	824	345	799	369	156	165	0.174709	0	0.758242	2
238	387	38	359	66	157	164	0.236047	0	0.0835165	2
239	591	25	561	53	157	165	0.236628	0	0.0549451	2
240	246	366	229	387	157	162	0.13314	0	0.804396	2
241	550	25	524	51	157	164	0.20407	0	0.0549451	2
242	111	207	116	207	157	158	0.00145349	0	0.454945	1
243	537	85	508	113	157	165	0.236337	0	0.186813	2
244	227	125	212	143	158	162	0.0985465	0	0.274725	2
245	389	222	389	222	158	159	0	0	0.487912	1
246	250	170	253	170	158	159	0.000872093	0	0.373626	1
247	257	267	256	268	158	159	0.000581395	0	0.586813	2
248	656	76	626	101	158	165	0.190407	0	0.167033	2
249	280	239	276	244	158	160	0.00843023	0	0.525275	2
250	214	204	208	214	158	161	0.030814	0	0.448352	2
251	277	33	247	64	158	165	0.288081	0	0.0725275	2
252	437	255	440	255	158	159	0.000872093	0	0.56044	1
253	401	24	371	52	159	165	0.236628	0	0.0527473	2
254	49	239	47	242	159	160	0.00319767	0	0.525275	2
255	264	222	261	226	159	160	0.00552326	0	0.487912	2
256	192	245	191	250	159	160	0.00755814	0	0.538462	2
257	345	24	318	49	160	165	0.189535	0	0.0527473	2
258	188	26	185	32	160	161	0.0113372	0	0.0571429	2
259	355	24	328	49	160	165	0.189535	0	0.0527473	2
260	386	226	380	231	160	161	0.00901163	0	0.496703	2
261	294	217	298	221	160	161	0.00581395	0	0.476923	1
262	209	286	200	298	160	162	0.0444767	0	0.628571	2
263	37	246	29	256	160	162	0.0313953	0	0.540659	2
264	287	236	291	240	160	161	0.00581395	0	0.518681	1
265	359	34	332	59	160	165	0.189535	0	0.0747253	2
266	261	32	235	56	160	164	0.175	0	0.0703297	2
267	236	301	235	307	160	161	0.0107558	0	0.661538	2
268	254	174	252	179	160	161	0.00784884	0	0.382418	2
269	255	392	230	418	160	165	0.203779	0	0.861538	2
270	373	24	345	49	160	165	0.189826	0	0.0527473	2
271	554	26	534	41	161	164	0.0712209	0	0.0571429	2
272	254	303	249	309	161	162	0.0119186	0	0.665934	2
273	44	249	36	262	161	163	0.0514535	0	0.547253	2
274	242	231	239	236	161	162	0.00813953	0	0.507692	2
275	373	214	354	232	161	164	0.0997093	0	0.47033	2
276	188	258	186	264	161	162	0.0110465	0	0.567033	2
277	227	416	214	430	162	165	0.0607558	0	0.914286	2
278	206	222	195	233	162	164	0.0383721	0	0.487912	2
279	335	25	320	36	162	164	0.0395349	0	0.0549451	2
280	51	227	45	232	162	163	0.00901163	0	0.498901	2
281	553	42	538	54	162	165	0.0462209	0	0.0923077	2
282	380	237	374	241	162	163	0.00639535	0	0.520879	2
283	235	313	233	317	162	163	0.00523256	0	0.687912	2
284	241	341	242	349	162	164	0.0188953	0	0.749451	1
285	251	188	248	192	162	163	0.00552326	0	0.413187	2
286	296	243	297	247	162	163	0.00494186	0	0.534066	1
287	125	202	121	205	163	164	0.00377907	0	0.443956	2
288	258	92	247	100	163	165	0.0218023	0	0.202198	2
289	482	24	471	32	163	165	0.0218023	0	0.0527473	2
290	206	149	198	156	163	165	0.0165698	0	0.327473	2
291	222	394	213	401	163	165	0.0168605	0	0.865934	2
292	464	24	453	32	163	165	0.0218023	0	0.0527473	2
293	502	24	492	31	163	165	0.0171512	0	0.0527473	2
294	312	224	304	229	163	164	0.00959302	0	0.492308	2
295	405	25	396	30	163	164	0.00988372	0	0.0549451	2
296	249	246	245	253	163	165	0.015407	0	0.540659	2
297	442	47	434	52	163	164	0.00959302	0	0.103297	2
298	827	106	825	108	164	165	0.00174419	0	0.232967	2
299	39	237	38	238	164	165	0.000581395	0	0.520879	2
300	240	371	240	371	164	165	0	0	0.815385	1
301	244	436	243	436	164	165	0.000290698	0	0.958242	2
302	823	96	821	98	164	165	0.00174419	0	0.210989	2
303	184	316	184	314	164	165	0.00116279	0	0.694505	1
304	337	229	336	230	164	165	0.000581395	0	0.503297	2
305	195	297	197	297	164	165	0.000581395	0	0.652747	1
306	252	206	254	207	164	165	0.000872093	0	0.452747	1
307	265	247	265	249	164	165	0.00116279	0	0.542857	1
308	174	231	173	232	164	165	0.000581395	0	0.507692	2