
0	538	309	538	311	202	203	0.0105263	0	0.713626	1
1	361	228	360	227	202	203	0.00526316	0	0.526559	2
2	349	237	349	236	202	203	0.00263158	0	0.547344	1
3	339	232	339	231	202	203	0.00263158	0	0.535797	1
4	386	208	386	207	202	203	0.00263158	0	0.48037	1
5	404	234	404	229	202	204	0.0657895	0	0.540416	1
6	487	265	486	264	202	204	0.00526316	0	0.612009	2
7	461	238	459	236	202	203	0.0157895	0	0.549654	2
8	216	226	217	226	202	203	0.00263158	0	0.52194	1
9	664	161	664	160	202	204	0.00263158	0	0.371824	1
10	378	157	377	156	202	204	0.00526316	0	0.362587	2
11	379	245	379	243	202	203	0.0105263	0	0.56582	1
12	524	292	523	292	202	203	0.00263158	0	0.674365	2
13	377	218	378	218	203	204	0.00263158	0	0.503464	1
14	437	276	437	271	203	204	0.0657895	0	0.637413	1
15	358	202	360	201	203	204	0.00789474	0	0.466513	1
16	354	252	355	252	203	204	0.00263158	0	0.581986	1
17	570	322	571	323	203	205	0.00526316	0	0.743649	1
18	419	187	415	185	203	204	0.0210526	0	0.431871	2
19	573	332	573	333	203	209	0.00263158	0	0.766744	1
20	544	235	542	235	203	204	0.00526316	0	0.542725	2
21	323	251	330	240	203	212	0.336842	0	0.579677	1
22	369	230	369	229	204	205	0.00263158	0	0.531178	1
23	707	249	710	246	204	214	0.0315789	0	0.575058	1
24	410	243	410	241	204	205	0.0105263	0	0.561201	1
25	538	313	535	314	204	205	0.0105263	0	0.722864	2
26	468	181	467	180	204	205	0.00526316	0	0.418014	2
27	558	321	559	321	204	205	0.00263158	0	0.741339	1
28	524	292	523	292	204	205	0.00263158	0	0.674365	2
29	370	271	370	270	204	205	0.00263158	0	0.625866	1
30	378	202	381	202	204	207	0.00789474	0	0.466513	1
31	517	281	517	280	205	206	0.00263158	0	0.648961	1
32	437	267	437	262	205	206	0.0657895	0	0.616628	1
33	410	286	413	283	205	207	0.0315789	0	0.660508	1
34	301	281	301	280	205	206	0.00263158	0	0.648961	1
35	355	271	356	271	205	206	0.00263158	0	0.625866	1
36	404	228	408	226	205	208	0.0210526	0	0.526559	1
37	355	252	355	252	205	206	0	0	0.581986	1
38	338	211	339	211	205	206	0.00263158	0	0.487298	1
39	388	269	391	267	205	206	0.0184211	0	0.621247	1
40	666	161	668	161	205	206	0.00526316	0	0.371824	1
41	541	235	539	235	205	206	0.00526316	0	0.542725	2
42	451	232	447	230	205	206	0.0210526	0	0.535797	2
43	207	221	207	220	205	206	0.00263158	0	0.510393	1
44	218	246	218	250	205	209	0.0421053	0	0.568129	1
45	91	270	90	267	205	240	0.0263158	0	0.623557	2
46	715	236	718	234	206	220	0.0184211	0	0.545035	1
47	403	265	405	264	206	207	0.00789474	0	0.612009	1
48	507	284	506	283	206	208	0.00526316	0	0.655889	2
49	539	314	537	314	206	207	0.00526316	0	0.725173	2
50	377	263	378	262	206	209	0.00526316	0	0.60739	1
51	538	360	542	362	206	209	0.0210526	0	0.831409	1
52	366	202	368	201	206	207	0.00789474	0	0.466513	1
53	560	322	558	321	206	209	0.00789474	0	0.743649	2
54	207	265	208	266	206	217	0.00526316	0	0.612009	1
55	678	168	680	169	206	208	0.00789474	0	0.387991	1
56	468	181	467	180	206	208	0.00526316	0	0.418014	2
57	577	323	575	322	206	209	0.00789474	0	0.745958	2
58	366	182	370	181	206	207	0.0131579	0	0.420323	1
59	314	299	314	298	206	207	0.00263158	0	0.690531	1
60	413	217	414	216	206	207	0.00526316	0	0.501155	1
61	389	165	389	164	206	207	0.00263158	0	0.381062	1
62	471	254	467	253	206	207	0.0131579	0	0.586605	2
63	302	283	302	283	207	208	0	0	0.65358	1
64	429	251	431	247	207	209	0.0473684	0	0.579677	1
65	702	229	706	231	207	216	0.0210526	0	0.528868	1
66	358	254	359	255	207	208	0.00526316	0	0.586605	1
67	535	328	535	327	207	211	0.00263158	0	0.757506	1
68	387	255	387	254	207	208	0.00263158	0	0.588915	1
69	785	353	785	353	207	209	0	0	0.815242	1
70	373	272	373	273	207	208	0.00263158	0	0.628176	1
71	340	213	340	213	207	208	0	0	0.491917	1
72	201	250	201	249	207	208	0.00263158	0	0.577367	1
73	447	240	443	237	207	208	0.0342105	0	0.554273	2
74	317	286	319	285	207	208	0.00789474	0	0.660508	1
75	457	248	456	247	207	209	0.00526316	0	0.572748	2
76	545	327	544	326	208	210	0.00526316	0	0.755196	2
77	537	316	535	316	208	209	0.00526316	0	0.729792	2
78	415	283	419	281	208	209	0.0210526	0	0.65358	1
79	533	284	529	283	208	209	0.0131579	0	0.655889	2
80	773	354	773	354	208	209	0	0	0.817552	1
81	526	298	522	297	208	209	0.0131579	0	0.688222	2
82	476	272	476	272	208	209	0	0	0.628176	1
83	313	247	313	246	208	211	0.00263158	0	0.570439	1
84	375	179	378	178	208	209	0.0105263	0	0.413395	1
85	214	220	215	221	208	209	0.00526316	0	0.508083	1
86	306	293	306	292	208	209	0.00263158	0	0.676674	1
87	401	179	400	178	208	209	0.00526316	0	0.413395	2
88	373	251	374	251	208	209	0.00263158	0	0.579677	1
89	405	251	406	249	208	209	0.0131579	0	0.579677	1
90	371	203	373	202	208	209	0.00789474	0	0.468822	1
91	375	158	375	158	208	209	0	0	0.364896	1
92	532	412	534	413	208	217	0.00789474	0	0.951501	1
93	163	261	162	258	208	240	0.0263158	0	0.602771	2
94	401	288	401	287	209	210	0.00263158	0	0.665127	1
95	783	363	783	364	209	210	0.00263158	0	0.838337	1
96	506	282	505	281	209	210	0.00526316	0	0.65127	2
97	416	222	420	221	209	210	0.0131579	0	0.512702	1
98	354	233	354	233	209	210	0	0	0.538106	1
99	366	267	367	266	209	210	0.00526316	0	0.616628	1
100	378	188	378	188	209	210	0	0	0.43418	1
101	467	181	466	181	209	210	0.00263158	0	0.418014	2
102	676	161	677	158	209	210	0.0263158	0	0.371824	1
103	319	294	318	293	209	210	0.00526316	0	0.678984	2
104	524	310	522	308	210	211	0.0157895	0	0.715935	2
105	786	374	786	374	210	211	0	0	0.863741	1
106	378	276	380	276	210	211	0.00526316	0	0.637413	1
107	433	246	438	244	210	212	0.0236842	0	0.568129	1
108	327	280	329	278	210	211	0.0157895	0	0.646651	1
109	218	251	218	251	210	211	0	0	0.579677	1
110	378	178	381	177	210	211	0.0105263	0	0.411085	1
111	788	354	793	354	210	213	0.0131579	0	0.817552	1
112	542	356	554	352	210	214	0.0736842	0	0.822171	1
113	383	259	387	256	210	211	0.0342105	0	0.598152	1
114	536	239	535	239	210	211	0.00263158	0	0.551963	2
115	499	263	497	260	210	212	0.0289474	0	0.60739	2
116	438	224	435	223	210	211	0.0105263	0	0.517321	2
117	400	178	399	177	210	211	0.00526316	0	0.411085	2
118	453	146	439	145	210	219	0.0394737	0	0.337182	2
119	532	348	568	336	210	223	0.473684	0	0.803695	1
120	708	194	716	203	210	240	0.234211	0	0.448037	1
121	777	354	807	346	210	224	0.247368	0	0.817552	1
122	302	282	302	281	210	211	0.00263158	0	0.65127	1
123	415	293	423	291	210	211	0.0315789	0	0.676674	1
124	334	257	335	254	210	211	0.0263158	0	0.593533	1
125	426	278	431	274	210	211	0.0552632	0	0.642032	1
126	393	253	397	251	210	211	0.0210526	0	0.584296	1
127	205	254	204	254	210	211	0.00263158	0	0.586605	2
128	413	200	413	200	210	211	0	0	0.461894	1
129	758	366	765	367	210	214	0.0210526	0	0.845266	1
130	44	137	43	135	210	240	0.0131579	0	0.316397	2
131	406	259	406	258	210	211	0.00263158	0	0.598152	1
132	790	384	791	389	210	216	0.0684211	0	0.886836	1
133	366	237	367	236	211	212	0.00526316	0	0.547344	1
134	401	209	403	208	211	212	0.00789474	0	0.482679	1
135	784	364	785	364	211	212	0.00263158	0	0.840647	1
136	320	294	323	293	211	212	0.0105263	0	0.678984	1
137	342	216	343	216	211	212	0.00263158	0	0.498845	1
138	504	280	502	278	211	212	0.0157895	0	0.646651	2
139	519	279	516	278	211	212	0.0105263	0	0.644342	2
140	364	220	365	223	211	213	0.0263158	0	0.508083	1
141	470	244	467	242	211	212	0.0184211	0	0.56351	2
142	360	191	364	191	211	212	0.0105263	0	0.441109	1
143	367	255	369	254	211	212	0.00789474	0	0.588915	1
144	332	279	336	284	212	217	0.0763158	0	0.644342	1
145	383	276	383	278	212	214	0.0105263	0	0.637413	1
146	403	287	404	286	212	213	0.00526316	0	0.662818	1
147	218	253	218	253	212	213	0	0	0.584296	1
148	385	229	387	228	212	213	0.00789474	0	0.528868	1
149	541	366	549	363	212	215	0.0447368	0	0.845266	1
150	401	182	402	182	212	214	0.00263158	0	0.420323	1
151	334	255	337	254	212	213	0.0105263	0	0.588915	1
152	537	376	539	375	212	213	0.00789474	0	0.86836	1
153	514	293	508	292	212	214	0.0184211	0	0.676674	2
154	478	274	477	272	212	216	0.0131579	0	0.632794	2
155	383	197	383	197	212	213	0	0	0.454965	1
156	394	256	399	255	212	213	0.0157895	0	0.591224	1
157	303	282	303	282	212	213	0	0	0.65127	1
158	785	366	786	364	213	214	0.0131579	0	0.845266	1
159	531	323	522	322	213	214	0.0263158	0	0.745958	2
160	442	245	443	244	213	214	0.00526316	0	0.56582	1
161	345	216	345	215	213	214	0.00263158	0	0.498845	1
162	682	172	682	171	213	214	0.00263158	0	0.397229	1
163	460	260	458	260	213	214	0.00526316	0	0.600462	2
164	541	310	538	307	213	214	0.0315789	0	0.715935	2
165	326	295	327	295	213	219	0.00263158	0	0.681293	1
166	535	243	534	243	213	214	0.00263158	0	0.561201	2
167	498	259	487	252	213	223	0.157895	0	0.598152	2
168	692	174	701	175	213	217	0.0263158	0	0.401848	1
169	693	130	710	128	213	219	0.0552632	0	0.300231	1
170	333	241	334	240	213	214	0.00526316	0	0.556582	1
171	428	226	426	225	213	214	0.00789474	0	0.52194	2
172	397	227	397	227	213	214	0	0	0.524249	1
173	466	183	452	184	213	218	0.0394737	0	0.422633	2
174	512	408	526	404	214	217	0.0789474	0	0.942263	1
175	408	205	409	205	214	215	0.00263158	0	0.473441	1
176	373	237	376	236	214	215	0.0105263	0	0.547344	1
177	314	279	319	278	214	215	0.0157895	0	0.644342	1
178	372	220	373	220	214	215	0.00263158	0	0.508083	1
179	533	317	531	316	214	215	0.00789474	0	0.732102	2
180	446	289	448	287	214	220	0.0157895	0	0.667436	1
181	246	217	248	219	214	215	0.0157895	0	0.501155	1
182	386	195	386	195	214	215	0	0	0.450346	1
183	471	248	475	252	214	217	0.0526316	0	0.572748	1
184	383	236	386	236	214	215	0.00789474	0	0.545035	1
185	240	254	240	254	214	215	0	0	0.586605	1
186	487	256	484	253	214	218	0.0315789	0	0.591224	2
187	330	194	307	200	214	227	0.155263	0	0.448037	2
188	545	326	542	325	215	217	0.0105263	0	0.752887	2
189	459	260	454	258	215	219	0.0236842	0	0.600462	2
190	532	245	527	248	215	217	0.0368421	0	0.56582	2
191	684	173	688	172	215	217	0.0131579	0	0.399538	1
192	427	222	426	220	215	216	0.0131579	0	0.512702	2
193	772	370	776	365	215	217	0.0763158	0	0.854503	1
194	347	249	349	248	215	216	0.00789474	0	0.575058	1
195	242	237	247	235	215	216	0.0236842	0	0.547344	1
196	535	306	531	303	215	216	0.0342105	0	0.706697	2
197	216	253	217	251	215	216	0.0131579	0	0.584296	1
198	333	217	331	218	215	216	0.00789474	0	0.501155	2
199	409	241	408	241	215	216	0.00263158	0	0.556582	2
200	827	374	826	373	216	219	0.00526316	0	0.863741	2
201	712	248	711	245	216	220	0.0263158	0	0.572748	2
202	381	236	385	235	216	217	0.0131579	0	0.545035	1
203	774	344	779	341	216	218	0.0368421	0	0.794457	1
204	445	244	443	241	216	218	0.0289474	0	0.56351	2
205	447	270	447	269	216	219	0.00263158	0	0.623557	1
206	387	203	387	202	216	217	0.00263158	0	0.468822	1
207	553	364	587	354	216	227	0.352632	0	0.840647	1
208	375	270	379	269	216	217	0.0131579	0	0.623557	1
209	515	210	490	225	216	240	0.657895	0	0.484988	2
210	520	320	515	319	216	217	0.0157895	0	0.73903	2
211	511	408	522	404	216	218	0.0710526	0	0.942263	1
212	387	193	387	191	216	218	0.0105263	0	0.445727	1
213	232	256	237	258	216	217	0.0236842	0	0.591224	1
214	559	352	572	346	216	221	0.128947	0	0.812933	1
215	796	366	798	364	217	218	0.0157895	0	0.845266	1
216	793	385	796	382	217	218	0.0315789	0	0.889145	1
217	405	176	410	177	217	218	0.0157895	0	0.406467	1
218	330	219	327	222	217	219	0.0315789	0	0.505774	2
219	478	270	477	268	217	218	0.0131579	0	0.623557	2
220	427	218	427	216	217	218	0.0105263	0	0.503464	1
221	368	230	371	229	217	220	0.0105263	0	0.531178	1
222	328	274	330	274	217	218	0.00526316	0	0.632794	1
223	404	246	406	246	217	218	0.00526316	0	0.568129	1
224	381	159	380	158	217	218	0.00526316	0	0.367206	2
225	379	299	405	301	217	228	0.0789474	0	0.690531	1
226	514	243	512	243	217	218	0.00526316	0	0.561201	2
227	537	235	536	234	217	218	0.00526316	0	0.542725	2
228	340	215	339	215	217	218	0.00263158	0	0.496536	2
229	390	279	393	278	217	218	0.0105263	0	0.644342	1
230	397	199	396	197	217	219	0.0131579	0	0.459584	2
231	315	248	315	247	217	222	0.00263158	0	0.572748	1
232	350	251	352	249	217	218	0.0157895	0	0.579677	1
233	513	284	512	284	218	219	0.00263158	0	0.655889	2
234	548	399	554	397	218	219	0.0263158	0	0.921478	1
235	465	239	465	238	218	222	0.00263158	0	0.551963	1
236	337	284	339	283	218	219	0.00789474	0	0.655889	1
237	517	231	515	232	218	219	0.00789474	0	0.533487	2
238	504	336	501	338	218	219	0.0184211	0	0.775982	2
239	777	377	786	381	218	221	0.0657895	0	0.87067	1
240	386	201	386	199	218	220	0.0105263	0	0.464203	1
241	417	257	416	255	218	219	0.0131579	0	0.593533	2
242	225	251	230	252	218	219	0.0157895	0	0.579677	1
243	701	160	703	159	218	219	0.00789474	0	0.369515	1
244	502	274	499	274	218	219	0.00789474	0	0.632794	2
245	474	253	474	252	218	220	0.00263158	0	0.584296	1
246	396	165	396	167	218	220	0.0105263	0	0.381062	1
247	377	284	382	282	218	219	0.0236842	0	0.655889	1
248	426	246	423	243	218	220	0.0315789	0	0.568129	2
249	802	363	804	362	219	220	0.00789474	0	0.838337	1
250	529	326	518	327	219	220	0.0315789	0	0.752887	2
251	502	290	499	292	219	220	0.0184211	0	0.669746	2
252	360	244	362	243	219	220	0.00789474	0	0.56351	1
253	471	274	469	272	219	220	0.0157895	0	0.632794	2
254	437	246	435	244	219	220	0.0157895	0	0.568129	2
255	415	178	420	178	219	220	0.0131579	0	0.411085	1
256	408	244	411	244	219	220	0.00789474	0	0.56351	1
257	774	357	774	356	219	220	0.00263158	0	0.82448	1
258	448	183	440	181	219	221	0.0315789	0	0.422633	2
259	342	221	338	223	219	221	0.0210526	0	0.510393	2
260	510	243	508	244	219	221	0.00789474	0	0.561201	2
261	441	236	436	232	219	221	0.0552632	0	0.545035	2
262	215	261	221	261	219	220	0.0157895	0	0.602771	1
263	722	261	728	260	219	236	0.0184211	0	0.602771	1
264	532	252	524	257	219	222	0.0868421	0	0.581986	2
265	827	374	826	371	220	226	0.0263158	0	0.863741	2
266	500	339	499	339	220	221	0.00263158	0	0.78291	2
267	561	395	577	384	220	224	0.360526	0	0.91224	1
268	805	380	809	379	220	221	0.0131579	0	0.877598	1
269	326	224	322	225	220	222	0.0131579	0	0.517321	2
270	380	292	386	290	220	221	0.0263158	0	0.674365	1
271	444	274	442	272	220	221	0.0157895	0	0.632794	2
272	519	251	517	250	220	221	0.00789474	0	0.579677	2
273	393	221	392	220	220	221	0.00526316	0	0.510393	2
274	386	282	391	280	220	221	0.0236842	0	0.65127	1
275	391	242	391	241	220	221	0.00263158	0	0.558891	1
276	488	284	482	283	220	221	0.0184211	0	0.655889	2
277	340	285	344	283	220	221	0.0210526	0	0.658199	1
278	700	176	721	172	220	226	0.0973684	0	0.406467	1
279	431	212	430	210	220	221	0.0131579	0	0.489607	2
280	817	372	816	371	220	221	0.00526316	0	0.859122	2
281	483	300	476	300	220	221	0.0184211	0	0.692841	2
282	713	127	758	122	220	235	0.184211	0	0.293303	1
283	521	230	520	231	220	223	0.00526316	0	0.531178	2
284	329	294	332	292	220	221	0.0184211	0	0.678984	1
285	396	260	400	261	220	221	0.0131579	0	0.600462	1
286	718	234	717	233	221	223	0.00526316	0	0.540416	2
287	554	400	560	399	221	222	0.0184211	0	0.923788	1
288	486	307	478	305	221	222	0.0315789	0	0.709007	2
289	366	243	370	243	221	223	0.0105263	0	0.561201	1
290	498	276	495	275	221	222	0.0105263	0	0.637413	2
291	388	199	388	198	221	222	0.00263158	0	0.459584	1
292	436	243	433	240	221	222	0.0315789	0	0.561201	2
293	512	280	510	278	221	222	0.0157895	0	0.646651	2
294	488	326	485	327	221	222	0.0105263	0	0.752887	2
295	543	415	543	413	221	222	0.0105263	0	0.95843	1
296	415	245	420	245	221	222	0.0131579	0	0.56582	1
297	715	163	724	162	221	223	0.0263158	0	0.376443	1
298	374	229	375	228	221	222	0.00526316	0	0.528868	1
299	474	250	473	249	221	222	0.00526316	0	0.577367	2
300	509	260	506	259	221	224	0.0105263	0	0.600462	2
301	796	375	795	374	221	222	0.00526316	0	0.866051	2
302	400	175	401	175	221	222	0.00263158	0	0.404157	1
303	415	176	418	177	221	222	0.0105263	0	0.406467	1
304	533	412	536	404	221	224	0.176316	0	0.951501	1
305	378	180	376	179	221	223	0.00789474	0	0.415704	2
306	246	274	245	273	221	222	0.00526316	0	0.632794	2
307	805	360	807	359	222	223	0.00789474	0	0.831409	1
308	430	180	434	178	222	223	0.0210526	0	0.415704	1
309	355	281	361	279	222	223	0.0263158	0	0.648961	1
310	507	237	507	236	222	223	0.00263158	0	0.547344	1
311	464	264	459	263	222	223	0.0157895	0	0.6097	2
312	430	209	430	206	222	223	0.0236842	0	0.482679	1
313	410	262	414	262	222	223	0.0105263	0	0.605081	1
314	255	258	263	257	222	223	0.0236842	0	0.595843	1
315	439	270	437	268	222	223	0.0157895	0	0.623557	2
316	727	213	728	218	222	226	0.0684211	0	0.491917	1
317	785	381	786	379	222	224	0.0131579	0	0.879908	1
318	338	289	345	287	222	223	0.0289474	0	0.667436	1
319	475	319	467	317	222	223	0.0315789	0	0.736721	2
320	392	221	390	222	222	224	0.00789474	0	0.510393	2
321	478	285	472	283	222	223	0.0263158	0	0.658199	2
322	512	247	512	247	222	223	0	0	0.570439	1
323	726	145	730	146	222	224	0.0131579	0	0.334873	1
324	560	410	581	409	222	226	0.0578947	0	0.946882	1
325	788	391	787	389	222	224	0.0131579	0	0.903002	2
326	816	352	818	353	222	223	0.00789474	0	0.812933	1
327	717	243	717	244	223	224	0.00263158	0	0.561201	1
328	565	399	576	402	223	228	0.0526316	0	0.921478	1
329	683	433	686	435	223	230	0.0184211	0	1	1
330	319	225	312	224	223	225	0.0210526	0	0.51963	2
331	386	198	386	198	223	225	0	0	0.457275	1
332	477	318	471	318	223	224	0.0157895	0	0.734411	2
333	509	278	504	273	223	227	0.0789474	0	0.642032	2
334	492	275	490	274	223	224	0.00789474	0	0.635104	2
335	774	356	773	356	223	224	0.00263158	0	0.822171	2
336	471	305	463	303	223	224	0.0315789	0	0.704388	2
337	436	230	434	228	223	224	0.0157895	0	0.531178	2
338	813	379	814	378	223	224	0.00526316	0	0.875289	1
339	795	373	795	372	223	224	0.00263158	0	0.861432	1
340	465	240	464	239	223	224	0.00526316	0	0.554273	2
341	411	189	411	189	223	224	0	0	0.43649	1
342	544	414	561	401	223	228	0.489474	0	0.95612	1
343	447	269	445	267	223	224	0.0157895	0	0.621247	2
344	522	263	520	264	223	227	0.00789474	0	0.60739	2
345	790	340	800	336	223	226	0.0684211	0	0.785219	1
346	403	175	404	176	223	224	0.00526316	0	0.404157	1
347	504	309	504	306	223	230	0.0236842	0	0.713626	1
348	396	196	395	196	223	224	0.00263158	0	0.452656	2
349	322	211	319	210	223	224	0.0105263	0	0.487298	2
350	479	328	463	327	224	226	0.0447368	0	0.757506	2
351	718	234	720	236	224	228	0.0157895	0	0.540416	1
352	368	277	373	274	224	225	0.0368421	0	0.639723	1
353	437	180	447	181	224	227	0.0289474	0	0.415704	1
354	368	248	370	247	224	225	0.00789474	0	0.572748	1
355	342	257	340	256	224	226	0.00789474	0	0.593533	2
356	416	239	414	238	224	225	0.00789474	0	0.551963	2
357	479	292	458	295	224	228	0.0789474	0	0.674365	2
358	414	291	422	292	224	225	0.0236842	0	0.672055	1
359	414	262	428	263	224	227	0.0394737	0	0.605081	1
360	456	263	448	260	224	226	0.0447368	0	0.60739	2
361	517	251	515	251	224	225	0.00526316	0	0.579677	2
362	774	356	773	354	225	239	0.0131579	0	0.822171	2
363	486	282	485	282	225	226	0.00263158	0	0.65127	2
364	722	247	723	247	225	227	0.00263158	0	0.570439	1
365	317	249	312	251	225	226	0.0236842	0	0.575058	2
366	429	228	425	226	225	228	0.0210526	0	0.526559	2
367	581	383	586	387	225	228	0.0552632	0	0.884527	1
368	809	346	825	342	225	230	0.0842105	0	0.799076	1
369	449	303	442	302	225	226	0.0210526	0	0.699769	2
370	797	364	801	362	225	226	0.0210526	0	0.840647	1
371	463	308	445	308	225	228	0.0473684	0	0.711316	2
372	815	379	816	378	225	227	0.00526316	0	0.875289	1
373	390	221	389	221	225	226	0.00263158	0	0.510393	2
374	466	237	466	236	225	226	0.00263158	0	0.547344	1
375	504	257	505	258	225	226	0.00526316	0	0.593533	1
376	586	340	642	322	225	240	1	0	0.785219	1
377	366	259	377	258	225	228	0.0315789	0	0.598152	1
378	728	150	729	151	225	226	0.00526316	0	0.34642	1
379	442	338	434	344	225	229	0.115789	0	0.7806	2
380	260	255	273	255	225	227	0.0342105	0	0.588915	1
381	417	281	421	283	225	226	0.0210526	0	0.648961	1
382	418	178	414	177	225	226	0.0131579	0	0.411085	2
383	332	243	327	241	225	227	0.0236842	0	0.561201	2
384	445	393	443	391	225	240	0.0157895	0	0.907621	2
385	378	273	398	275	226	232	0.0631579	0	0.630485	1
386	377	244	380	243	226	227	0.0105263	0	0.56351	1
387	669	422	672	424	226	232	0.0184211	0	0.974596	1
388	354	276	362	273	226	228	0.0447368	0	0.637413	1
389	389	198	388	198	226	229	0.00263158	0	0.457275	2
390	372	290	379	291	226	230	0.0210526	0	0.669746	1
391	457	209	460	209	226	227	0.00789474	0	0.482679	1
392	398	253	397	253	226	227	0.00263158	0	0.584296	2
393	506	247	503	247	226	228	0.00789474	0	0.570439	2
394	517	253	516	253	226	227	0.00263158	0	0.584296	2
395	437	224	436	223	226	227	0.00526316	0	0.517321	2
396	490	272	482	268	226	232	0.0631579	0	0.628176	2
397	504	232	503	231	226	227	0.00526316	0	0.535797	2
398	240	253	240	252	226	227	0.00263158	0	0.584296	1
399	412	239	407	236	226	229	0.0368421	0	0.551963	2
400	490	288	492	287	227	229	0.00789474	0	0.665127	1
401	465	237	464	237	227	228	0.00263158	0	0.547344	2
402	582	334	588	334	227	229	0.0157895	0	0.771363	1
403	445	343	442	342	227	228	0.0105263	0	0.792148	2
404	580	170	579	169	227	240	0.00526316	0	0.39261	2
405	415	188	414	188	227	228	0.00263158	0	0.43418	2
406	358	239	357	239	227	228	0.00263158	0	0.551963	2
407	252	269	274	267	227	229	0.0684211	0	0.621247	1
408	288	253	291	255	227	228	0.0184211	0	0.584296	1
409	261	259	270	258	227	228	0.0263158	0	0.598152	1
410	294	234	299	235	227	228	0.0157895	0	0.540416	1
411	400	201	398	200	227	229	0.00789474	0	0.464203	2
412	320	219	316	219	227	228	0.0105263	0	0.505774	2
413	453	197	455	197	228	229	0.00526316	0	0.454965	1
414	391	253	390	253	228	229	0.00263158	0	0.584296	2
415	592	169	593	167	228	239	0.0131579	0	0.3903	1
416	504	275	495	267	228	233	0.192105	0	0.635104	2
417	450	175	468	174	228	235	0.05	0	0.404157	1
418	435	224	434	224	228	229	0.00263158	0	0.517321	2
419	381	246	385	246	228	229	0.0105263	0	0.568129	1
420	514	252	512	252	228	229	0.00526316	0	0.581986	2
421	731	169	736	166	228	231	0.0368421	0	0.3903	1
422	401	248	400	248	228	229	0.00263158	0	0.572748	2
423	451	259	455	263	228	229	0.0526316	0	0.598152	1
424	304	202	299	202	228	230	0.0131579	0	0.466513	2
425	591	355	595	355	228	229	0.0105263	0	0.819861	1
426	742	172	749	171	228	229	0.0210526	0	0.397229	1
427	558	391	574	390	228	230	0.0447368	0	0.903002	1
428	462	333	445	334	228	229	0.0473684	0	0.769053	2
429	414	152	400	156	228	236	0.0789474	0	0.351039	2
430	247	258	246	256	228	240	0.0131579	0	0.595843	2
431	471	258	469	254	228	230	0.0473684	0	0.595843	2
432	722	241	722	242	229	230	0.00263158	0	0.556582	1
433	424	226	423	225	229	230	0.00526316	0	0.52194	2
434	360	284	367	283	229	230	0.0210526	0	0.655889	1
435	439	308	433	306	229	230	0.0263158	0	0.711316	2
436	588	390	589	389	229	230	0.00526316	0	0.900693	1
437	370	274	377	273	229	230	0.0210526	0	0.632794	1
438	794	373	792	371	229	239	0.0157895	0	0.861432	2
439	439	195	441	195	229	230	0.00526316	0	0.450346	1
440	444	269	448	272	229	230	0.0342105	0	0.621247	1
441	730	222	731	218	229	234	0.0447368	0	0.512702	1
442	300	271	300	270	229	230	0.00263158	0	0.625866	1
443	493	312	504	303	229	233	0.242105	0	0.720554	1
444	710	220	710	218	229	230	0.0105263	0	0.508083	1
445	429	196	429	196	229	230	0	0	0.452656	1
446	807	371	812	370	229	230	0.0157895	0	0.856813	1
447	494	286	493	285	230	231	0.00526316	0	0.660508	2
448	424	319	419	318	230	231	0.0157895	0	0.736721	2
449	457	199	458	199	230	231	0.00263158	0	0.459584	1
450	460	268	465	271	230	231	0.0368421	0	0.618938	1
451	388	220	387	219	230	231	0.00526316	0	0.508083	2
452	391	246	395	246	230	231	0.0105263	0	0.568129	1
453	512	253	510	254	230	232	0.00789474	0	0.584296	2
454	436	343	435	342	230	231	0.00526316	0	0.792148	2
455	433	223	432	223	230	231	0.00263158	0	0.515012	2
456	387	198	386	197	230	231	0.00526316	0	0.457275	2
457	463	213	464	212	230	231	0.00526316	0	0.491917	1
458	580	406	580	405	230	231	0.00263158	0	0.937644	1
459	416	307	413	308	230	231	0.0105263	0	0.709007	2
460	386	232	390	231	230	231	0.0131579	0	0.535797	1
461	368	246	367	245	230	237	0.00526316	0	0.568129	2
462	443	225	443	225	230	231	0	0	0.51963	1
463	592	333	630	319	230	240	0.615789	0	0.769053	1
464	302	213	297	213	230	232	0.0131579	0	0.491917	2
465	596	178	596	176	230	238	0.0105263	0	0.411085	1
466	516	241	514	240	230	231	0.00789474	0	0.556582	2
467	449	209	449	209	230	231	0	0	0.482679	1
468	723	242	723	242	231	233	0	0	0.558891	1
469	433	327	421	325	231	233	0.0421053	0	0.755196	2
470	308	241	314	241	231	232	0.0157895	0	0.556582	1
471	478	209	477	205	231	240	0.0447368	0	0.482679	2
472	382	272	388	274	231	232	0.0263158	0	0.628176	1
473	417	269	414	267	231	232	0.0184211	0	0.621247	2
474	422	225	420	226	231	233	0.00789474	0	0.51963	2
475	605	351	619	344	231	234	0.165789	0	0.810624	1
476	446	197	447	198	231	232	0.00526316	0	0.454965	1
477	398	199	396	198	231	235	0.00789474	0	0.459584	2
478	318	237	329	237	231	233	0.0289474	0	0.547344	1
479	432	317	420	317	231	233	0.0315789	0	0.732102	2
480	582	398	588	391	232	234	0.144737	0	0.919169	1
481	415	318	409	317	232	233	0.0184211	0	0.734411	2
482	491	286	488	285	232	233	0.0105263	0	0.660508	2
483	384	197	382	196	232	233	0.00789474	0	0.454965	2
484	471	275	476	276	232	233	0.0157895	0	0.635104	1
485	388	220	387	220	232	233	0.00263158	0	0.508083	2
486	414	190	413	190	232	233	0.00263158	0	0.438799	2
487	447	303	447	303	232	233	0	0	0.699769	1
488	472	200	473	199	232	233	0.00526316	0	0.461894	1
489	766	172	766	173	232	235	0.00263158	0	0.397229	1
490	711	215	712	215	232	237	0.00263158	0	0.496536	1
491	297	203	295	202	232	233	0.00789474	0	0.468822	2
492	600	400	625	396	232	239	0.107895	0	0.923788	1
493	465	245	463	243	232	233	0.0157895	0	0.56582	2
494	398	335	395	336	232	236	0.0105263	0	0.773672	2
495	375	215	373	215	232	236	0.00526316	0	0.496536	2
496	595	384	599	382	233	234	0.0210526	0	0.886836	1
497	418	301	408	298	233	235	0.05	0	0.69515	2
498	444	228	442	226	233	235	0.0157895	0	0.526559	2
499	353	241	352	241	233	235	0.00263158	0	0.556582	2
500	296	214	292	215	233	235	0.0131579	0	0.494226	2
501	406	337	404	337	233	235	0.00526316	0	0.778291	2
502	468	294	474	297	233	234	0.0394737	0	0.678984	1
503	434	337	419	330	233	235	0.168421	0	0.778291	2
504	430	224	428	223	233	234	0.00789474	0	0.517321	2
505	600	397	617	397	233	239	0.0447368	0	0.916859	1
506	289	226	281	226	233	235	0.0210526	0	0.52194	2
507	313	263	318	263	233	234	0.0131579	0	0.60739	1
508	319	243	335	244	233	236	0.0447368	0	0.561201	1
509	825	382	824	381	233	236	0.00526316	0	0.882217	2
510	382	286	386	279	233	236	0.139474	0	0.660508	1
511	582	408	586	400	233	235	0.178947	0	0.942263	1
512	405	317	398	317	234	236	0.0184211	0	0.732102	2
513	428	251	427	251	234	235	0.00263158	0	0.579677	2
514	454	288	461	294	234	236	0.113158	0	0.665127	1
515	723	243	722	242	234	236	0.00526316	0	0.561201	2
516	506	299	502	297	234	235	0.0210526	0	0.690531	2
517	412	190	411	190	234	235	0.00263158	0	0.438799	2
518	382	205	381	205	234	235	0.00263158	0	0.473441	2
519	399	289	391	286	234	235	0.0447368	0	0.667436	2
520	405	249	409	251	234	235	0.0210526	0	0.575058	1
521	297	203	287	208	234	239	0.0921053	0	0.468822	2
522	335	237	340	237	234	235	0.0131579	0	0.547344	1
523	493	266	492	265	234	235	0.00526316	0	0.614319	2
524	461	201	462	201	234	236	0.00263158	0	0.464203	1
525	395	308	391	298	234	236	0.273684	0	0.711316	2
526	443	261	442	261	234	235	0.00263158	0	0.602771	2
527	598	187	598	186	234	240	0.00263158	0	0.431871	1
528	593	390	606	383	235	237	0.163158	0	0.900693	1
529	482	300	489	302	235	236	0.0289474	0	0.692841	1
530	516	278	515	275	235	238	0.0263158	0	0.642032	2
531	357	213	355	214	235	236	0.00789474	0	0.491917	2
532	421	227	419	226	235	236	0.00789474	0	0.524249	2
533	436	298	437	298	235	236	0.00263158	0	0.688222	1
534	624	345	630	343	235	237	0.0263158	0	0.796767	1
535	336	273	335	272	235	236	0.00526316	0	0.630485	2
536	381	260	376	259	235	236	0.0157895	0	0.600462	2
537	448	201	449	200	235	236	0.00526316	0	0.464203	1
538	288	248	284	248	235	236	0.0105263	0	0.572748	2
539	511	261	509	260	235	236	0.00789474	0	0.602771	2
540	405	296	401	292	236	237	0.0526316	0	0.683603	2
541	441	225	440	223	236	238	0.0131579	0	0.51963	2
542	466	220	466	217	236	237	0.0236842	0	0.508083	1
543	474	305	477	304	236	240	0.0105263	0	0.704388	1
544	404	233	402	230	236	238	0.0289474	0	0.538106	2
545	394	197	393	196	236	237	0.00526316	0	0.454965	2
546	316	277	336	278	236	238	0.0552632	0	0.639723	1
547	386	219	386	217	236	237	0.0105263	0	0.505774	1
548	379	204	378	203	236	237	0.00526316	0	0.471132	2
549	810	362	809	360	236	239	0.0131579	0	0.836028	2
550	279	227	275	227	236	237	0.0105263	0	0.524249	2
551	425	208	424	205	236	237	0.0263158	0	0.48037	2
552	290	214	280	217	236	240	0.05	0	0.494226	2
553	408	189	407	188	236	237	0.00526316	0	0.43649	2
554	442	261	441	260	236	237	0.00526316	0	0.602771	2
555	761	122	768	120	236	239	0.0289474	0	0.281755	1
556	373	232	370	231	236	239	0.0105263	0	0.535797	2
557	353	241	352	239	236	237	0.0131579	0	0.556582	2
558	404	273	402	269	236	237	0.0473684	0	0.630485	2
559	484	287	489	288	236	237	0.0157895	0	0.662818	1
560	81	268	80	266	236	240	0.0131579	0	0.618938	2
561	389	208	389	207	236	237	0.00263158	0	0.48037	1
562	397	316	391	311	237	239	0.0815789	0	0.729792	2
563	722	241	722	241	237	238	0	0	0.556582	1
564	731	261	733	264	237	239	0.0289474	0	0.602771	1
565	419	225	418	223	237	238	0.0131579	0	0.51963	2
566	375	258	372	256	237	238	0.0184211	0	0.595843	2
567	385	243	382	244	237	238	0.0105263	0	0.561201	2
568	455	208	455	207	237	239	0.00263158	0	0.48037	1
569	458	193	459	192	237	239	0.00526316	0	0.445727	1
570	769	153	774	152	237	239	0.0157895	0	0.353349	1
571	288	274	287	273	237	238	0.00526316	0	0.632794	2
572	345	263	359	259	237	239	0.0789474	0	0.60739	1
573	399	156	392	156	237	240	0.0184211	0	0.360277	2
574	597	393	605	391	237	238	0.0315789	0	0.907621	1
575	288	249	284	251	237	238	0.0210526	0	0.575058	2
576	492	268	492	266	237	238	0.0105263	0	0.618938	1
577	414	262	418	262	237	238	0.0105263	0	0.605081	1
578	391	293	388	290	237	238	0.0315789	0	0.676674	2
579	498	294	499	294	238	239	0.00263158	0	0.678984	1
580	497	256	495	255	238	239	0.00789474	0	0.591224	2
581	826	371	826	371	238	239	0	0	0.856813	1
582	399	289	396	287	238	239	0.0184211	0	0.667436	2
583	492	304	492	303	238	239	0.00263158	0	0.702079	1
584	380	197	379	198	238	240	0.00526316	0	0.454965	2
585	733	252	733	254	238	239	0.0105263	0	0.581986	1
586	445	304	445	304	238	239	0	0	0.702079	1
587	431	308	437	307	238	240	0.0184211	0	0.711316	1
588	388	266	387	264	238	239	0.0131579	0	0.614319	2
589	275	269	259	271	238	240	0.0526316	0	0.621247	2
590	605	380	613	380	238	239	0.0210526	0	0.877598	1
591	439	190	436	185	238	240	0.0736842	0	0.438799	2
592	396	334	386	326	238	240	0.194737	0	0.771363	2
593	272	226	268	227	238	239	0.0131579	0	0.52194	2
594	365	246	364	246	238	239	0.00263158	0	0.568129	2
595	451	172	452	170	238	240	0.0131579	0	0.397229	1
596	482	290	483	289	238	239	0.00526316	0	0.669746	1
597	403	245	401	244	238	239	0.00789474	0	0.56582	2
598	634	342	640	337	238	240	0.0815789	0	0.789838	1
599	383	252	382	251	239	240	0.00526316	0	0.581986	2
600	439	239	442	238	239	240	0.0105263	0	0.551963	1
601	272	253	267	253	239	240	0.0131579	0	0.584296	2
602	635	377	641	372	239	240	0.0815789	0	0.87067	1
603	287	273	286	272	239	240	0.00526316	0	0.630485	2
604	431	229	430	230	239	240	0.00526316	0	0.528868	2
605	724	243	725	243	239	240	0.00263158	0	0.561201	1
606	511	281	512	281	239	240	0.00263158	0	0.648961	1
607	441	207	440	205	239	240	0.0131579	0	0.47806	2
608	284	253	283	253	239	240	0.00263158	0	0.584296	2