
0	485	214	485	215	197	199	0.00657895	0	0.47033	1
1	194	433	191	437	197	200	0.125	0	0.951648	2
2	332	200	335	200	197	198	0.0197368	0	0.43956	1
3	415	195	414	194	197	198	0.0131579	0	0.428571	2
4	376	158	378	156	197	199	0.0394737	0	0.347253	1
5	355	195	354	194	197	198	0.0131579	0	0.428571	2
6	204	434	205	437	197	199	0.0657895	0	0.953846	1
7	373	242	372	242	197	201	0.00657895	0	0.531868	2
8	341	305	340	305	197	198	0.00657895	0	0.67033	2
9	329	184	337	179	197	201	0.217105	0	0.404396	1
10	177	275	162	274	197	203	0.105263	0	0.604396	2
11	239	345	240	344	197	199	0.0131579	0	0.758242	1
12	321	291	319	290	197	199	0.0197368	0	0.63956	2
13	499	134	498	134	198	199	0.00657895	0	0.294505	2
14	227	452	225	452	198	202	0.0131579	0	0.993407	2
15	198	445	198	447	198	200	0.0263158	0	0.978022	1
16	329	280	325	279	198	199	0.0328947	0	0.615385	2
17	520	222	520	222	198	201	0	0	0.487912	1
18	188	252	187	253	198	200	0.0131579	0	0.553846	2
19	183	425	174	424	199	202	0.0657895	0	0.934066	2
20	482	99	481	100	199	200	0.0131579	0	0.217582	2
21	480	235	479	235	199	202	0.00657895	0	0.516484	2
22	385	220	384	219	199	200	0.0131579	0	0.483516	2
23	275	237	275	238	199	200	0.00657895	0	0.520879	1
24	362	180	361	179	199	200	0.0131579	0	0.395604	2
25	409	180	404	180	199	203	0.0328947	0	0.395604	2
26	267	249	260	250	199	206	0.0526316	0	0.547253	2
27	304	210	306	207	199	200	0.0723684	0	0.461538	1
28	240	455	235	454	199	202	0.0394737	0	1	2
29	409	202	408	201	199	200	0.0131579	0	0.443956	2
30	387	230	386	230	199	203	0.00657895	0	0.505495	2
31	381	181	381	180	199	200	0.00657895	0	0.397802	1
32	387	144	390	143	199	200	0.0263158	0	0.316484	1
33	251	325	250	324	199	200	0.0131579	0	0.714286	2
34	485	216	484	216	200	201	0.00657895	0	0.474725	2
35	371	232	370	232	200	201	0.00657895	0	0.50989	2
36	307	253	298	252	200	202	0.0657895	0	0.556044	2
37	349	190	348	188	200	201	0.0328947	0	0.417582	2
38	217	187	216	186	200	201	0.0131579	0	0.410989	2
39	418	198	417	197	200	201	0.0131579	0	0.435165	2
40	483	137	474	138	200	205	0.0657895	0	0.301099	2
41	335	200	337	197	200	201	0.0723684	0	0.43956	1
42	370	165	370	164	200	202	0.00657895	0	0.362637	1
43	482	103	480	104	201	202	0.0197368	0	0.226374	2
44	190	440	188	439	201	202	0.0197368	0	0.967033	2
45	200	450	198	449	201	202	0.0197368	0	0.989011	2
46	386	219	385	219	201	202	0.00657895	0	0.481319	2
47	496	217	493	218	201	203	0.0263158	0	0.476923	2
48	197	265	192	265	201	204	0.0328947	0	0.582418	2
49	379	139	378	139	201	203	0.00657895	0	0.305495	2
50	383	179	383	178	201	202	0.00657895	0	0.393407	1
51	275	239	275	239	201	202	0	0	0.525275	1
52	216	434	213	431	201	202	0.0789474	0	0.953846	2
53	404	210	403	210	201	203	0.00657895	0	0.461538	2
54	251	244	257	243	201	202	0.0460526	0	0.536264	1
55	513	185	513	187	201	204	0.0263158	0	0.406593	1
56	482	217	481	218	202	203	0.0131579	0	0.476923	2
57	386	166	383	166	202	203	0.0197368	0	0.364835	2
58	503	135	502	135	202	204	0.00657895	0	0.296703	2
59	348	189	346	189	202	203	0.0131579	0	0.415385	2
60	427	192	424	193	202	203	0.0263158	0	0.421978	2
61	340	302	334	299	202	204	0.0986842	0	0.663736	2
62	519	221	517	221	202	204	0.0131579	0	0.485714	2
63	216	188	214	188	202	203	0.0131579	0	0.413187	2
64	338	177	340	177	202	207	0.0131579	0	0.389011	1
65	215	220	208	222	202	208	0.0723684	0	0.483516	2
66	186	260	181	259	202	203	0.0394737	0	0.571429	2
67	221	206	221	207	202	204	0.00657895	0	0.452747	1
68	175	428	173	429	203	204	0.0197368	0	0.940659	2
69	202	433	196	432	203	204	0.0460526	0	0.951648	2
70	229	455	221	454	203	204	0.0592105	0	1	2
71	479	106	463	106	203	206	0.105263	0	0.232967	2
72	370	165	367	164	203	205	0.0263158	0	0.362637	2
73	212	429	155	429	203	212	0.375	0	0.942857	2
74	478	240	473	240	203	205	0.0328947	0	0.527473	2
75	224	297	198	302	203	209	0.335526	0	0.652747	2
76	312	204	312	203	203	204	0.00657895	0	0.448352	1
77	351	205	348	205	203	204	0.0197368	0	0.450549	2
78	401	138	402	139	203	205	0.0131579	0	0.303297	1
79	367	184	362	183	204	205	0.0394737	0	0.404396	2
80	381	167	378	167	204	205	0.0197368	0	0.367033	2
81	259	348	250	347	204	205	0.0657895	0	0.764835	2
82	293	285	284	285	204	205	0.0592105	0	0.626374	2
83	383	98	373	99	204	207	0.0723684	0	0.215385	2
84	377	139	370	140	204	209	0.0526316	0	0.305495	2
85	396	191	393	191	204	205	0.0197368	0	0.41978	2
86	427	215	405	216	204	219	0.151316	0	0.472527	2
87	382	202	378	203	204	205	0.0328947	0	0.443956	2
88	177	258	170	256	204	205	0.0723684	0	0.567033	2
89	472	202	460	203	205	214	0.0855263	0	0.443956	2
90	512	189	509	189	205	206	0.0197368	0	0.415385	2
91	416	196	412	196	205	206	0.0263158	0	0.430769	2
92	513	221	510	223	205	208	0.0460526	0	0.485714	2
93	822	378	802	374	205	235	0.236842	0	0.830769	2
94	367	219	360	219	205	206	0.0460526	0	0.481319	2
95	185	233	179	232	205	206	0.0460526	0	0.512088	2
96	187	264	180	265	205	206	0.0526316	0	0.58022	2
97	404	190	399	190	205	206	0.0328947	0	0.417582	2
98	392	164	388	164	205	206	0.0263158	0	0.36044	2
99	168	428	162	426	205	206	0.0657895	0	0.940659	2
100	213	208	209	209	205	206	0.0328947	0	0.457143	2
101	319	135	298	131	205	230	0.243421	0	0.296703	2
102	578	226	558	222	205	235	0.236842	0	0.496703	2
103	628	359	608	355	205	235	0.236842	0	0.789011	2
104	724	66	708	65	205	218	0.111842	0	0.145055	2
105	339	204	333	205	205	206	0.0460526	0	0.448352	2
106	208	187	202	190	205	208	0.0986842	0	0.410989	2
107	391	210	391	211	206	207	0.00657895	0	0.461538	1
108	366	165	366	164	206	207	0.00657895	0	0.362637	1
109	172	437	169	435	206	207	0.0460526	0	0.96044	2
110	471	241	471	241	206	207	0	0	0.52967	1
111	295	212	299	213	206	207	0.0328947	0	0.465934	1
112	483	217	482	217	206	207	0.00657895	0	0.476923	2
113	150	418	146	421	206	207	0.0855263	0	0.918681	2
114	374	175	375	175	206	207	0.00657895	0	0.384615	1
115	472	139	471	139	206	207	0.00657895	0	0.305495	2
116	152	277	151	277	206	209	0.00657895	0	0.608791	2
117	279	287	275	291	206	208	0.131579	0	0.630769	2
118	356	138	356	139	206	208	0.00657895	0	0.303297	1
119	386	193	386	193	206	207	0	0	0.424176	1
120	184	429	176	430	206	208	0.0592105	0	0.942857	2
121	285	297	284	299	206	207	0.0328947	0	0.652747	2
122	411	199	410	200	207	209	0.0131579	0	0.437363	2
123	190	453	189	453	207	208	0.00657895	0	0.995604	2
124	472	219	470	219	207	208	0.0131579	0	0.481319	2
125	177	232	165	229	207	211	0.138158	0	0.50989	2
126	512	192	513	192	207	208	0.00657895	0	0.421978	1
127	460	108	453	108	207	209	0.0460526	0	0.237363	2
128	388	168	387	169	207	208	0.0131579	0	0.369231	2
129	342	217	338	219	207	209	0.0526316	0	0.476923	2
130	295	252	299	254	207	209	0.0526316	0	0.553846	1
131	395	183	394	184	207	208	0.0131579	0	0.402198	2
132	360	178	360	178	207	208	0	0	0.391209	1
133	217	307	194	309	207	212	0.177632	0	0.674725	2
134	153	263	151	262	207	210	0.0197368	0	0.578022	2
135	336	231	334	233	208	209	0.0394737	0	0.507692	2
136	284	301	282	300	208	209	0.0197368	0	0.661538	2
137	299	218	301	218	208	209	0.0131579	0	0.479121	1
138	166	455	157	454	208	209	0.0657895	0	1	2
139	377	177	377	176	208	209	0.00657895	0	0.389011	1
140	366	165	365	164	208	209	0.0131579	0	0.362637	2
141	156	448	147	446	208	209	0.0855263	0	0.984615	2
142	484	218	477	216	208	214	0.0723684	0	0.479121	2
143	471	242	470	242	208	209	0.00657895	0	0.531868	2
144	391	195	391	195	208	209	0	0	0.428571	1
145	342	179	344	179	208	209	0.0131579	0	0.393407	1
146	407	142	413	142	208	212	0.0394737	0	0.312088	1
147	377	164	377	163	208	209	0.00657895	0	0.36044	1
148	471	140	470	139	208	209	0.0131579	0	0.307692	2
149	509	197	509	195	209	211	0.0263158	0	0.432967	1
150	378	208	377	208	209	210	0.00657895	0	0.457143	2
151	153	426	147	426	209	210	0.0394737	0	0.936264	2
152	157	412	152	413	209	210	0.0394737	0	0.905495	2
153	266	289	246	281	209	211	0.552632	0	0.635165	2
154	366	209	361	207	209	211	0.0592105	0	0.459341	2
155	211	347	203	347	209	210	0.0526316	0	0.762637	2
156	174	249	167	249	209	211	0.0460526	0	0.547253	2
157	416	161	415	162	209	210	0.0131579	0	0.353846	2
158	201	340	179	340	209	214	0.144737	0	0.747253	2
159	141	445	136	446	210	211	0.0394737	0	0.978022	2
160	383	169	381	168	210	211	0.0197368	0	0.371429	2
161	511	223	509	222	210	211	0.0197368	0	0.49011	2
162	364	162	361	160	210	212	0.0460526	0	0.356044	2
163	301	218	301	217	210	211	0.00657895	0	0.479121	1
164	465	54	448	50	210	235	0.217105	0	0.118681	2
165	378	219	376	218	210	211	0.0197368	0	0.481319	2
166	451	106	416	104	210	216	0.256579	0	0.232967	2
167	468	221	466	218	210	211	0.0723684	0	0.485714	2
168	347	179	348	178	210	211	0.0131579	0	0.393407	1
169	200	326	188	327	210	213	0.0855263	0	0.716484	2
170	385	195	383	194	210	211	0.0197368	0	0.428571	2
171	809	127	792	122	210	235	0.276316	0	0.279121	2
172	474	84	457	80	210	235	0.217105	0	0.184615	2
173	166	174	164	173	210	211	0.0197368	0	0.382418	2
174	151	277	151	275	210	211	0.0263158	0	0.608791	1
175	607	366	591	361	210	235	0.269737	0	0.804396	2
176	466	350	450	346	210	235	0.210526	0	0.769231	2
177	167	261	161	260	210	211	0.0460526	0	0.573626	2
178	605	230	588	226	210	235	0.217105	0	0.505495	2
179	799	66	782	61	210	235	0.276316	0	0.145055	2
180	301	244	307	243	211	212	0.0460526	0	0.536264	1
181	272	255	260	262	211	213	0.401316	0	0.56044	2
182	324	208	323	208	211	212	0.00657895	0	0.457143	2
183	150	262	149	262	211	212	0.00657895	0	0.575824	2
184	148	416	144	418	211	212	0.0526316	0	0.914286	2
185	322	189	323	185	211	215	0.111842	0	0.415385	1
186	391	211	390	211	211	212	0.00657895	0	0.463736	2
187	360	98	357	97	211	212	0.0263158	0	0.215385	2
188	251	329	250	329	211	212	0.00657895	0	0.723077	2
189	211	199	210	199	211	212	0.00657895	0	0.437363	2
190	381	168	380	168	212	213	0.00657895	0	0.369231	2
191	510	195	503	196	212	218	0.0526316	0	0.428571	2
192	136	451	133	452	212	213	0.0263158	0	0.991209	2
193	164	249	158	250	212	214	0.0460526	0	0.547253	2
194	352	180	354	181	212	213	0.0197368	0	0.395604	1
195	163	230	156	230	212	214	0.0460526	0	0.505495	2
196	240	280	235	280	212	213	0.0328947	0	0.615385	2
197	305	219	307	218	212	213	0.0197368	0	0.481319	1
198	458	227	456	230	212	214	0.0723684	0	0.498901	2
199	173	449	160	447	212	213	0.111842	0	0.986813	2
200	510	223	510	223	212	213	0	0	0.49011	1
201	314	243	316	241	213	214	0.0394737	0	0.534066	1
202	188	309	121	316	213	226	0.763158	0	0.679121	2
203	356	98	352	97	213	214	0.0328947	0	0.215385	2
204	149	262	146	261	213	214	0.0263158	0	0.575824	2
205	334	197	332	196	213	214	0.0197368	0	0.432967	2
206	416	144	415	145	213	216	0.0131579	0	0.316484	2
207	384	197	383	196	213	214	0.0131579	0	0.432967	2
208	358	162	356	161	213	214	0.0197368	0	0.356044	2
209	459	242	457	243	213	214	0.0197368	0	0.531868	2
210	170	173	164	173	213	219	0.0394737	0	0.38022	2
211	140	322	129	322	213	217	0.0723684	0	0.707692	2
212	357	181	355	180	214	215	0.0197368	0	0.397802	2
213	377	166	373	165	214	215	0.0328947	0	0.364835	2
214	202	202	197	201	214	215	0.0394737	0	0.443956	2
215	827	246	815	242	214	235	0.184211	0	0.540659	2
216	309	218	308	218	214	215	0.00657895	0	0.479121	2
217	504	215	500	215	214	215	0.0263158	0	0.472527	2
218	827	87	815	77	214	235	0.736842	0	0.191209	2
219	234	332	228	332	214	215	0.0394737	0	0.72967	2
220	131	452	125	453	214	215	0.0460526	0	0.993407	2
221	341	236	336	235	214	215	0.0394737	0	0.518681	2
222	164	153	157	152	214	216	0.0526316	0	0.336264	2
223	392	163	384	164	214	216	0.0592105	0	0.358242	2
224	345	96	337	97	215	217	0.0592105	0	0.210989	2
225	149	231	142	231	215	216	0.0460526	0	0.507692	2
226	379	199	376	199	215	216	0.0197368	0	0.437363	2
227	119	412	104	417	215	217	0.263158	0	0.905495	2
228	330	197	327	197	215	216	0.0197368	0	0.432967	2
229	456	204	450	208	215	219	0.144737	0	0.448352	2
230	96	436	86	437	215	216	0.0723684	0	0.958242	2
231	322	214	322	215	215	216	0.00657895	0	0.47033	1
232	356	159	351	159	215	218	0.0328947	0	0.349451	2
233	314	244	313	246	215	216	0.0328947	0	0.536264	2
234	125	426	117	431	215	216	0.217105	0	0.936264	2
235	170	148	168	147	215	218	0.0197368	0	0.325275	2
236	355	181	357	180	216	217	0.0197368	0	0.397802	1
237	336	238	336	237	216	218	0.00657895	0	0.523077	1
238	141	278	134	277	216	217	0.0526316	0	0.610989	2
239	371	164	372	163	216	217	0.0131579	0	0.36044	1
240	499	215	500	215	216	217	0.00657895	0	0.472527	1
241	225	332	223	332	216	219	0.0131579	0	0.72967	2
242	323	186	328	184	216	219	0.0592105	0	0.408791	1
243	453	240	453	240	217	218	0	0	0.527473	1
244	377	200	378	199	217	218	0.0131579	0	0.43956	1
245	309	262	309	261	217	218	0.00657895	0	0.575824	1
246	138	232	110	228	217	223	0.289474	0	0.50989	2
247	361	192	364	190	217	218	0.0460526	0	0.421978	1
248	390	220	392	221	217	218	0.0197368	0	0.483516	1
249	228	301	227	299	217	218	0.0328947	0	0.661538	2
250	419	147	422	147	217	218	0.0197368	0	0.323077	1
251	344	139	343	138	217	218	0.0131579	0	0.305495	2
252	198	249	192	247	217	218	0.0657895	0	0.547253	2
253	367	182	369	181	217	218	0.0197368	0	0.4	1
254	503	87	502	87	217	219	0.00657895	0	0.191209	2
255	464	242	462	246	217	219	0.118421	0	0.531868	2
256	358	179	359	178	218	219	0.0131579	0	0.393407	1
257	385	211	385	211	218	219	0	0	0.463736	1
258	310	243	312	245	218	219	0.0394737	0	0.534066	1
259	375	163	376	163	218	219	0.00657895	0	0.358242	1
260	168	199	169	197	218	219	0.0328947	0	0.437363	1
261	148	276	143	274	218	222	0.0592105	0	0.606593	2
262	444	219	442	220	218	219	0.0197368	0	0.481319	2
263	426	150	427	151	219	220	0.0131579	0	0.32967	1
264	305	228	306	229	219	220	0.0131579	0	0.501099	1
265	704	67	702	63	219	235	0.118421	0	0.147253	2
266	511	193	503	205	219	235	1	0	0.424176	2
267	219	295	212	293	219	220	0.0723684	0	0.648352	2
268	452	240	451	240	219	220	0.00657895	0	0.527473	2
269	380	200	380	201	219	220	0.00657895	0	0.43956	1
270	183	261	175	261	219	220	0.0526316	0	0.573626	2
271	207	285	180	283	219	222	0.203947	0	0.626374	2
272	193	226	191	227	219	220	0.0197368	0	0.496703	2
273	466	220	465	218	219	223	0.0328947	0	0.483516	2
274	779	144	787	141	219	230	0.111842	0	0.316484	1
275	186	246	177	245	219	220	0.0657895	0	0.540659	2
276	350	231	349	231	219	220	0.00657895	0	0.507692	2
277	160	152	159	152	219	220	0.00657895	0	0.334066	2
278	351	161	354	159	219	223	0.0460526	0	0.353846	1
279	332	99	322	100	219	222	0.0723684	0	0.217582	2
280	400	193	397	194	219	220	0.0263158	0	0.424176	2
281	320	203	320	203	219	220	0	0	0.446154	1
282	498	198	497	199	219	220	0.0131579	0	0.435165	2
283	78	441	72	440	219	220	0.0460526	0	0.969231	2
284	389	166	388	167	219	220	0.0131579	0	0.364835	2
285	344	217	342	218	219	220	0.0197368	0	0.476923	2
286	496	98	495	94	220	226	0.111842	0	0.215385	2
287	459	250	459	253	220	223	0.0592105	0	0.549451	1
288	198	184	194	183	220	223	0.0328947	0	0.404396	2
289	440	216	439	214	220	223	0.0328947	0	0.474725	2
290	377	165	378	164	220	221	0.0131579	0	0.362637	1
291	351	249	350	248	220	221	0.0131579	0	0.547253	2
292	160	173	165	171	220	224	0.0592105	0	0.38022	1
293	329	186	330	185	220	221	0.0131579	0	0.408791	1
294	450	211	450	210	220	223	0.00657895	0	0.463736	1
295	329	227	334	226	220	221	0.0394737	0	0.498901	1
296	453	239	452	239	221	222	0.00657895	0	0.525275	2
297	348	199	351	198	221	223	0.0263158	0	0.437363	1
298	360	175	362	173	221	222	0.0394737	0	0.384615	1
299	392	172	393	171	221	222	0.0131579	0	0.378022	1
300	428	151	431	151	221	223	0.0197368	0	0.331868	1
301	203	288	191	284	221	222	0.184211	0	0.632967	2
302	382	202	384	202	221	222	0.0131579	0	0.443956	1
303	512	109	511	108	221	224	0.0131579	0	0.23956	2
304	93	318	92	316	221	224	0.0328947	0	0.698901	2
305	50	417	26	417	221	224	0.157895	0	0.916484	2
306	380	164	380	164	222	223	0	0	0.36044	1
307	397	221	399	223	222	223	0.0394737	0	0.485714	1
308	339	188	340	187	222	223	0.0131579	0	0.413187	1
309	387	104	382	103	222	223	0.0394737	0	0.228571	2
310	48	453	29	452	222	224	0.131579	0	0.995604	2
311	336	246	340	248	222	223	0.0526316	0	0.540659	1
312	171	300	170	298	222	225	0.0328947	0	0.659341	2
313	351	219	354	221	222	223	0.0460526	0	0.481319	1
314	113	238	103	238	222	224	0.0657895	0	0.523077	2
315	499	233	498	232	222	224	0.0131579	0	0.512088	2
316	302	236	302	235	223	224	0.00657895	0	0.518681	1
317	319	100	315	99	223	224	0.0328947	0	0.21978	2
318	507	98	506	97	223	224	0.0131579	0	0.215385	2
319	376	185	377	184	223	224	0.0131579	0	0.406593	1
320	333	224	334	223	223	224	0.0131579	0	0.492308	1
321	140	275	134	273	223	224	0.0657895	0	0.604396	2
322	344	227	348	227	223	224	0.0263158	0	0.498901	1
323	189	230	188	229	223	224	0.0131579	0	0.505495	2
324	155	248	148	247	223	224	0.0526316	0	0.545055	2
325	129	346	126	346	223	224	0.0197368	0	0.76044	2
326	389	217	391	215	224	225	0.0394737	0	0.476923	1
327	379	165	379	164	224	225	0.00657895	0	0.362637	1
328	434	152	438	152	224	226	0.0263158	0	0.334066	1
329	192	184	190	186	224	227	0.0394737	0	0.404396	2
330	462	258	461	257	224	225	0.0131579	0	0.567033	2
331	357	158	360	157	224	226	0.0263158	0	0.347253	1
332	199	198	197	197	224	227	0.0197368	0	0.435165	2
333	455	245	455	245	225	226	0	0	0.538462	1
334	312	98	308	98	225	226	0.0263158	0	0.215385	2
335	447	167	449	168	225	226	0.0197368	0	0.367033	1
336	450	211	449	212	225	226	0.0131579	0	0.463736	2
337	402	226	402	226	225	227	0	0	0.496703	1
338	509	106	505	105	225	235	0.0328947	0	0.232967	2
339	101	229	84	228	225	229	0.118421	0	0.503297	2
340	167	172	170	171	225	227	0.0263158	0	0.378022	1
341	505	96	504	95	225	226	0.0131579	0	0.210989	2
342	341	87	340	85	225	235	0.0328947	0	0.191209	2
343	783	167	785	165	225	230	0.0394737	0	0.367033	1
344	153	328	152	327	225	226	0.0131579	0	0.720879	2
345	100	242	84	241	225	229	0.111842	0	0.531868	2
346	143	245	107	239	225	230	0.473684	0	0.538462	2
347	393	215	395	214	226	227	0.0197368	0	0.472527	1
348	304	236	306	235	226	227	0.0197368	0	0.518681	1
349	371	239	380	237	226	228	0.0855263	0	0.525275	1
350	462	258	462	257	226	228	0.00657895	0	0.567033	1
351	43	430	25	429	226	228	0.125	0	0.945055	2
352	355	227	357	226	226	227	0.0197368	0	0.498901	1
353	118	349	87	355	226	232	0.440789	0	0.767033	2
354	136	274	128	272	226	227	0.0789474	0	0.602198	2
355	524	219	522	218	226	230	0.0197368	0	0.481319	2
356	453	227	450	228	226	227	0.0263158	0	0.498901	2
357	120	334	116	334	226	227	0.0263158	0	0.734066	2
358	340	184	342	184	226	227	0.0131579	0	0.404396	1
359	496	95	495	94	227	228	0.0131579	0	0.208791	2
360	441	160	442	160	227	228	0.00657895	0	0.351648	1
361	345	203	344	201	227	228	0.0328947	0	0.446154	2
362	117	317	102	319	227	230	0.125	0	0.696703	2
363	361	159	360	159	227	228	0.00657895	0	0.349451	2
364	398	182	401	181	227	228	0.0263158	0	0.4	1
365	380	161	380	160	227	228	0.00657895	0	0.353846	1
366	536	242	531	240	227	232	0.0592105	0	0.531868	2
367	306	98	302	97	227	228	0.0328947	0	0.215385	2
368	449	215	447	215	227	228	0.0131579	0	0.472527	2
369	442	241	441	240	227	229	0.0131579	0	0.52967	2
370	400	204	401	203	227	228	0.0131579	0	0.448352	1
371	127	335	111	335	227	230	0.105263	0	0.736264	2
372	366	201	371	199	227	229	0.0592105	0	0.441758	1
373	365	237	369	236	227	228	0.0328947	0	0.520879	1
374	397	214	398	213	228	229	0.0131579	0	0.47033	1
375	191	189	190	190	228	229	0.0131579	0	0.415385	2
376	360	211	361	211	228	229	0.00657895	0	0.463736	1
377	361	226	365	227	228	229	0.0328947	0	0.496703	1
378	345	227	344	225	228	229	0.0328947	0	0.498901	2
379	360	160	360	161	229	230	0.00657895	0	0.351648	1
380	494	93	493	93	229	230	0.00657895	0	0.204396	2
381	325	230	325	229	229	230	0.00657895	0	0.505495	1
382	445	159	447	159	229	230	0.0131579	0	0.349451	1
383	376	237	380	238	229	230	0.0328947	0	0.520879	1
384	446	217	444	218	229	230	0.0197368	0	0.476923	2
385	404	182	407	182	229	230	0.0197368	0	0.4	1
386	368	270	374	276	229	232	0.276316	0	0.593407	1
387	456	247	454	248	229	230	0.0197368	0	0.542857	2
388	299	98	292	98	229	231	0.0460526	0	0.215385	2
389	349	188	350	189	229	230	0.0131579	0	0.413187	1
390	178	170	186	171	229	234	0.0592105	0	0.373626	1
391	413	223	419	223	229	230	0.0394737	0	0.49011	1
392	103	334	97	335	229	230	0.0460526	0	0.734066	2
393	465	216	464	215	229	230	0.0131579	0	0.474725	2
394	368	260	371	261	229	230	0.0263158	0	0.571429	1
395	360	256	365	257	230	231	0.0394737	0	0.562637	1
396	401	212	402	212	230	231	0.00657895	0	0.465934	1
397	343	224	343	222	230	231	0.0263158	0	0.492308	1
398	362	225	363	224	230	231	0.0131579	0	0.494505	1
399	79	236	57	240	230	235	0.25	0	0.518681	2
400	465	257	462	264	230	233	0.342105	0	0.564835	2
401	495	219	494	219	230	231	0.00657895	0	0.481319	2
402	504	229	504	229	230	231	0	0	0.503297	1
403	340	335	339	335	230	235	0.00657895	0	0.736264	2
404	118	243	95	242	230	233	0.157895	0	0.534066	2
405	361	163	360	166	231	235	0.0657895	0	0.358242	2
406	441	247	441	250	231	233	0.0592105	0	0.542857	1
407	789	142	790	146	231	235	0.111842	0	0.312088	1
408	189	189	191	190	231	233	0.0197368	0	0.415385	1
409	83	321	74	324	231	233	0.118421	0	0.705495	2
410	382	167	383	169	231	234	0.0328947	0	0.367033	1
411	96	337	90	339	231	232	0.0657895	0	0.740659	2
412	107	337	101	339	231	232	0.0657895	0	0.740659	2
413	181	211	182	211	231	232	0.00657895	0	0.463736	1
414	418	163	421	165	231	232	0.0460526	0	0.358242	1
415	455	152	455	151	231	232	0.00657895	0	0.334066	1
416	330	187	333	185	231	234	0.0460526	0	0.410989	1
417	442	228	442	230	231	232	0.0263158	0	0.501099	1
418	367	225	370	225	232	233	0.0197368	0	0.494505	1
419	427	214	430	215	232	233	0.0263158	0	0.47033	1
420	328	224	327	223	232	233	0.0131579	0	0.492308	2
421	407	213	411	214	232	233	0.0328947	0	0.468132	1
422	347	196	347	195	232	233	0.00657895	0	0.430769	1
423	346	221	345	220	232	233	0.0131579	0	0.485714	2
424	451	161	453	162	232	233	0.0197368	0	0.353846	1
425	289	99	278	101	232	235	0.0986842	0	0.217582	2
426	103	260	97	259	232	233	0.0460526	0	0.571429	2
427	68	282	67	283	232	233	0.0131579	0	0.61978	2
428	94	323	89	324	232	233	0.0394737	0	0.70989	2
429	184	240	190	245	232	235	0.203947	0	0.527473	1
430	381	197	383	197	232	233	0.0131579	0	0.432967	1
431	460	195	461	197	232	233	0.0328947	0	0.428571	1
432	399	159	401	163	232	235	0.118421	0	0.349451	1
433	183	212	183	212	233	234	0	0	0.465934	1
434	443	226	443	231	233	235	0.164474	0	0.496703	1
435	375	277	375	276	233	235	0.00657895	0	0.608791	1
436	370	235	373	236	233	234	0.0263158	0	0.516484	1
437	395	224	401	226	233	234	0.0657895	0	0.492308	1
438	340	236	339	236	233	235	0.00657895	0	0.518681	2
439	84	358	69	359	233	235	0.105263	0	0.786813	2
440	451	250	450	250	233	234	0.00657895	0	0.549451	2
441	372	209	378	208	233	235	0.0460526	0	0.459341	1
442	94	343	88	344	233	234	0.0460526	0	0.753846	2
443	415	215	420	214	234	235	0.0394737	0	0.472527	1
444	375	225	380	224	234	235	0.0394737	0	0.494505	1
445	457	159	459	159	234	235	0.0131579	0	0.349451	1
446	453	239	453	240	234	235	0.00657895	0	0.525275	1
447	349	234	348	233	234	235	0.0131579	0	0.514286	2
448	87	258	79	257	234	235	0.0592105	0	0.567033	2
449	69	326	64	326	234	235	0.0328947	0	0.716484	2
450	428	172	430	172	234	235	0.0131579	0	0.378022	1
451	351	130	350	129	234	235	0.0131579	0	0.285714	2
452	385	198	388	198	234	235	0.0197368	0	0.435165	1