
0	444	243	444	240	167	169	0.011465	0	0.534066	1
1	426	202	428	200	167	168	0.00764331	0	0.443956	1
2	359	222	359	222	167	169	0	0	0.487912	1
3	431	253	430	252	167	168	0.00254777	0	0.556044	2
4	307	204	308	202	167	168	0.00636943	0	0.448352	1
5	406	266	407	266	167	168	0.00127389	0	0.584615	1
6	414	241	416	239	167	168	0.00764331	0	0.52967	1
7	371	248	373	246	167	172	0.00764331	0	0.545055	1
8	273	213	278	213	167	170	0.00636943	0	0.468132	1
9	453	269	454	268	168	169	0.00254777	0	0.591209	1
10	453	284	453	284	168	170	0	0	0.624176	1
11	275	231	275	231	168	169	0	0	0.507692	1
12	371	213	371	212	168	169	0.00127389	0	0.468132	1
13	358	211	358	210	168	169	0.00127389	0	0.463736	1
14	369	226	369	226	168	169	0	0	0.496703	1
15	382	220	382	219	168	169	0.00127389	0	0.483516	1
16	240	210	239	210	168	169	0.00127389	0	0.461538	2
17	346	214	346	214	168	169	0	0	0.47033	1
18	383	236	384	233	168	171	0.0127389	0	0.518681	1
19	371	237	374	233	168	173	0.0242038	0	0.520879	1
20	447	256	447	256	169	170	0	0	0.562637	1
21	264	192	268	189	169	172	0.0165605	0	0.421978	1
22	359	234	361	232	169	172	0.00764331	0	0.514286	1
23	421	214	421	213	169	170	0.00127389	0	0.47033	1
24	407	267	408	265	169	171	0.00636943	0	0.586813	1
25	559	128	503	154	169	205	0.932484	0	0.281319	2
26	608	362	552	388	169	205	0.932484	0	0.795604	2
27	327	193	329	192	169	170	0.00382166	0	0.424176	1
28	311	200	313	200	169	170	0.00254777	0	0.43956	1
29	564	116	556	115	169	184	0.011465	0	0.254945	2
30	456	269	458	268	170	171	0.00382166	0	0.591209	1
31	444	239	441	238	170	172	0.00509554	0	0.525275	2
32	434	229	432	228	170	171	0.00382166	0	0.503297	2
33	383	202	383	199	170	172	0.011465	0	0.443956	1
34	370	198	369	197	170	171	0.00254777	0	0.435165	2
35	359	221	359	220	170	172	0.00127389	0	0.485714	1
36	275	231	274	230	170	171	0.00254777	0	0.507692	2
37	371	214	371	213	170	171	0.00127389	0	0.47033	1
38	409	229	410	227	170	171	0.00636943	0	0.503297	1
39	154	126	153	125	170	171	0.00254777	0	0.276923	2
40	467	250	469	249	170	171	0.00382166	0	0.549451	1
41	404	186	403	186	170	171	0.00127389	0	0.408791	2
42	252	206	252	205	170	171	0.00127389	0	0.452747	1
43	430	252	429	251	170	171	0.00254777	0	0.553846	2
44	369	225	369	223	170	172	0.00509554	0	0.494505	1
45	383	217	383	215	170	171	0.00509554	0	0.476923	1
46	577	132	569	131	170	184	0.011465	0	0.29011	2
47	454	240	450	240	170	172	0.00509554	0	0.527473	2
48	198	304	197	303	170	178	0.00254777	0	0.668132	2
49	397	246	398	244	170	171	0.00636943	0	0.540659	1
50	397	224	396	223	171	172	0.00254777	0	0.492308	2
51	387	185	387	184	171	172	0.00127389	0	0.406593	1
52	453	283	452	282	171	172	0.00254777	0	0.621978	2
53	438	297	438	296	171	172	0.00127389	0	0.652747	1
54	424	211	425	211	171	172	0.00127389	0	0.463736	1
55	585	212	582	211	171	173	0.00509554	0	0.465934	2
56	446	250	444	249	171	172	0.00382166	0	0.549451	2
57	280	214	282	213	171	173	0.00382166	0	0.47033	1
58	289	188	290	187	171	172	0.00254777	0	0.413187	1
59	318	200	321	202	171	172	0.0089172	0	0.43956	1
60	414	215	413	213	171	172	0.00636943	0	0.472527	2
61	398	214	397	213	171	172	0.00254777	0	0.47033	2
62	472	259	483	253	171	175	0.0598726	0	0.569231	1
63	282	240	281	240	171	174	0.00127389	0	0.527473	2
64	365	182	364	181	172	173	0.00254777	0	0.4	2
65	235	175	236	174	172	173	0.00254777	0	0.384615	1
66	431	199	432	198	172	173	0.00254777	0	0.437363	1
67	369	172	368	172	172	173	0.00127389	0	0.378022	2
68	411	265	414	263	172	173	0.0089172	0	0.582418	1
69	463	278	467	274	172	173	0.0254777	0	0.610989	1
70	372	213	372	212	172	173	0.00127389	0	0.468132	1
71	276	228	275	227	172	173	0.00254777	0	0.501099	2
72	368	197	366	196	172	173	0.00382166	0	0.432967	2
73	152	125	151	125	172	174	0.00127389	0	0.274725	2
74	581	192	579	191	172	175	0.00382166	0	0.421978	2
75	385	218	384	217	172	173	0.00254777	0	0.479121	2
76	432	252	432	251	172	173	0.00127389	0	0.553846	1
77	473	247	475	244	172	173	0.0140127	0	0.542857	1
78	384	198	384	197	173	174	0.00127389	0	0.435165	1
79	388	183	388	182	173	174	0.00127389	0	0.402198	1
80	364	234	366	234	173	176	0.00254777	0	0.514286	1
81	415	212	412	211	173	175	0.00509554	0	0.465934	2
82	413	226	414	226	173	174	0.00127389	0	0.496703	1
83	137	85	135	85	173	174	0.00254777	0	0.186813	2
84	287	182	288	180	173	174	0.00636943	0	0.4	1
85	294	197	298	195	173	178	0.0101911	0	0.432967	1
86	265	233	261	233	173	178	0.00509554	0	0.512088	2
87	315	234	315	234	173	176	0	0	0.514286	1
88	282	193	285	191	173	176	0.0089172	0	0.424176	1
89	325	222	326	222	173	174	0.00127389	0	0.487912	1
90	364	182	362	182	174	176	0.00254777	0	0.4	2
91	388	224	388	223	174	175	0.00127389	0	0.492308	1
92	367	172	366	173	174	175	0.00254777	0	0.378022	2
93	377	236	377	235	174	175	0.00127389	0	0.518681	1
94	274	230	273	230	174	175	0.00127389	0	0.505495	2
95	238	172	240	170	174	176	0.00764331	0	0.378022	1
96	357	164	355	164	174	179	0.00254777	0	0.36044	2
97	285	213	286	212	174	175	0.00254777	0	0.468132	1
98	378	248	380	247	174	175	0.00382166	0	0.545055	1
99	144	97	141	96	174	175	0.00509554	0	0.213187	2
100	461	291	467	292	174	175	0.0089172	0	0.63956	1
101	581	213	578	215	174	177	0.0089172	0	0.468132	2
102	325	200	327	200	174	175	0.00254777	0	0.43956	1
103	397	212	394	210	174	176	0.0089172	0	0.465934	2
104	271	188	273	187	174	175	0.00382166	0	0.413187	1
105	383	213	383	212	174	175	0.00127389	0	0.468132	1
106	148	135	140	136	174	177	0.011465	0	0.296703	2
107	366	196	365	195	174	175	0.00254777	0	0.430769	2
108	453	268	454	269	175	176	0.00254777	0	0.589011	1
109	134	86	131	86	175	176	0.00382166	0	0.189011	2
110	423	261	426	259	175	176	0.0089172	0	0.573626	1
111	385	196	385	195	175	176	0.00127389	0	0.430769	1
112	238	195	238	195	175	176	0	0	0.428571	1
113	439	192	434	188	175	186	0.0267516	0	0.421978	2
114	383	183	382	182	175	177	0.00254777	0	0.402198	2
115	290	180	290	179	175	176	0.00127389	0	0.395604	1
116	201	273	198	275	175	179	0.0089172	0	0.6	2
117	593	211	583	205	175	182	0.0585987	0	0.463736	2
118	589	193	585	191	176	178	0.0101911	0	0.424176	2
119	377	215	377	214	176	177	0.00127389	0	0.472527	1
120	474	293	473	293	176	177	0.00127389	0	0.643956	2
121	382	236	383	233	176	178	0.0127389	0	0.518681	1
122	449	244	446	243	176	177	0.00509554	0	0.536264	2
123	409	212	408	211	176	177	0.00254777	0	0.465934	2
124	273	230	272	229	176	177	0.00254777	0	0.505495	2
125	382	246	384	245	176	177	0.00382166	0	0.540659	1
126	146	93	143	92	176	177	0.00509554	0	0.204396	2
127	286	211	286	210	176	177	0.00127389	0	0.463736	1
128	189	268	188	267	176	178	0.00254777	0	0.589011	2
129	353	194	357	193	176	177	0.00636943	0	0.426374	1
130	577	192	573	190	176	178	0.0101911	0	0.421978	2
131	408	236	407	236	176	177	0.00127389	0	0.518681	2
132	328	201	332	200	176	177	0.00636943	0	0.441758	1
133	192	237	194	237	176	181	0.00254777	0	0.520879	1
134	469	249	473	248	176	178	0.00636943	0	0.547253	1
135	338	216	341	216	177	178	0.00382166	0	0.474725	1
136	129	86	123	86	177	179	0.00764331	0	0.189011	2
137	392	210	390	208	177	178	0.00764331	0	0.461538	2
138	328	223	331	222	177	178	0.00509554	0	0.49011	1
139	482	257	484	256	177	178	0.00382166	0	0.564835	1
140	372	230	373	229	177	179	0.00254777	0	0.505495	1
141	411	247	412	247	177	178	0.00127389	0	0.542857	1
142	287	192	287	192	177	178	0	0	0.421978	1
143	243	172	243	172	177	178	0	0	0.378022	1
144	596	200	522	192	177	192	0.175796	0	0.43956	2
145	275	185	276	183	177	178	0.00636943	0	0.406593	1
146	276	266	276	267	177	179	0.00127389	0	0.584615	1
147	644	375	587	400	177	205	0.86879	0	0.824176	2
148	425	258	425	258	178	179	0	0	0.567033	1
149	376	216	376	215	178	179	0.00127389	0	0.474725	1
150	271	229	269	225	178	182	0.0229299	0	0.503297	2
151	578	216	577	215	178	182	0.00254777	0	0.474725	2
152	361	175	360	174	178	179	0.00254777	0	0.384615	2
153	599	227	598	226	178	179	0.00254777	0	0.498901	2
154	210	279	208	279	178	180	0.00254777	0	0.613187	2
155	288	215	288	215	178	179	0	0	0.472527	1
156	469	282	480	284	178	179	0.0191083	0	0.61978	1
157	336	203	340	202	178	179	0.00636943	0	0.446154	1
158	400	213	398	211	178	179	0.00764331	0	0.468132	2
159	259	211	259	211	178	179	0	0	0.463736	1
160	343	226	343	226	178	179	0	0	0.496703	1
161	434	224	435	224	178	179	0.00127389	0	0.492308	1
162	389	179	389	178	178	179	0.00127389	0	0.393407	1
163	195	254	194	254	178	179	0.00127389	0	0.558242	2
164	361	202	363	200	178	179	0.00764331	0	0.443956	1
165	488	241	490	240	178	179	0.00382166	0	0.52967	1
166	137	137	131	138	178	180	0.0089172	0	0.301099	2
167	442	204	444	203	178	179	0.00382166	0	0.448352	1
168	414	216	398	214	178	184	0.0254777	0	0.474725	2
169	288	202	288	202	178	179	0	0	0.443956	1
170	443	244	440	243	179	180	0.00509554	0	0.536264	2
171	583	191	580	188	179	181	0.0152866	0	0.41978	2
172	386	213	386	212	179	180	0.00127389	0	0.468132	1
173	288	191	291	194	179	182	0.0152866	0	0.41978	1
174	353	220	354	219	179	180	0.00254777	0	0.483516	1
175	260	234	249	231	179	184	0.0254777	0	0.514286	2
176	301	196	303	198	179	182	0.00764331	0	0.430769	1
177	436	267	426	267	180	183	0.0127389	0	0.586813	2
178	574	169	498	167	180	194	0.101911	0	0.371429	2
179	596	228	594	227	180	181	0.00382166	0	0.501099	2
180	383	234	384	233	180	182	0.00254777	0	0.514286	1
181	457	206	456	204	180	181	0.00636943	0	0.452747	2
182	397	212	395	210	180	181	0.00764331	0	0.465934	2
183	203	250	199	250	180	182	0.00509554	0	0.549451	2
184	193	249	193	249	180	181	0	0	0.547253	1
185	474	292	473	290	180	182	0.00636943	0	0.641758	2
186	390	244	390	244	180	181	0	0	0.536264	1
187	336	183	326	182	180	184	0.0140127	0	0.402198	2
188	345	204	348	204	180	181	0.00382166	0	0.448352	1
189	432	227	432	226	180	181	0.00127389	0	0.498901	1
190	287	211	287	213	180	183	0.00509554	0	0.463736	1
191	196	276	189	276	180	183	0.0089172	0	0.606593	2
192	422	235	420	234	180	181	0.00382166	0	0.516484	2
193	571	190	566	187	180	182	0.0178344	0	0.417582	2
194	482	266	484	264	180	181	0.00764331	0	0.584615	1
195	479	279	479	278	180	181	0.00127389	0	0.613187	1
196	365	196	366	194	180	181	0.00636943	0	0.430769	1
197	299	187	300	187	180	181	0.00127389	0	0.410989	1
198	424	217	426	220	180	181	0.0140127	0	0.476923	1
199	441	208	442	207	180	181	0.00254777	0	0.457143	1
200	288	232	288	231	180	182	0.00127389	0	0.50989	1
201	287	181	290	180	180	181	0.00509554	0	0.397802	1
202	278	241	224	248	180	191	0.13121	0	0.52967	2
203	493	241	496	239	180	181	0.0089172	0	0.52967	1
204	183	265	182	264	180	181	0.00254777	0	0.582418	2
205	289	201	290	202	180	182	0.00254777	0	0.441758	1
206	317	422	261	449	180	205	1	0	0.927473	2
207	392	255	390	254	180	183	0.00382166	0	0.56044	2
208	442	272	437	275	181	182	0.0178344	0	0.597802	2
209	419	271	416	270	181	183	0.00509554	0	0.595604	2
210	360	172	359	170	181	182	0.00636943	0	0.378022	2
211	256	184	257	184	181	182	0.00127389	0	0.404396	1
212	385	207	383	205	181	182	0.00764331	0	0.454945	2
213	205	279	202	278	181	182	0.00509554	0	0.613187	2
214	268	284	265	283	181	183	0.00509554	0	0.624176	2
215	394	209	391	208	182	183	0.00509554	0	0.459341	2
216	377	216	374	215	182	183	0.00509554	0	0.474725	2
217	579	186	575	184	182	183	0.0101911	0	0.408791	2
218	481	277	482	273	182	183	0.0216561	0	0.608791	1
219	207	288	203	287	182	183	0.00636943	0	0.632967	2
220	388	243	386	242	182	183	0.00382166	0	0.534066	2
221	346	190	343	190	182	183	0.00382166	0	0.417582	2
222	301	188	299	188	182	183	0.00254777	0	0.413187	2
223	504	264	506	262	182	183	0.00764331	0	0.58022	1
224	515	281	514	280	182	184	0.00254777	0	0.617582	2
225	195	236	188	235	182	184	0.0101911	0	0.518681	2
226	418	234	413	233	182	183	0.00764331	0	0.514286	2
227	487	263	487	261	182	184	0.00509554	0	0.578022	1
228	443	265	437	265	182	183	0.00764331	0	0.582418	2
229	279	196	282	196	182	183	0.00382166	0	0.430769	1
230	333	215	315	216	182	185	0.0242038	0	0.472527	2
231	445	206	443	205	182	183	0.00382166	0	0.452747	2
232	182	265	179	264	182	183	0.00509554	0	0.582418	2
233	433	277	427	277	183	184	0.00764331	0	0.608791	2
234	453	209	446	209	183	184	0.0089172	0	0.459341	2
235	575	215	569	215	183	184	0.00764331	0	0.472527	2
236	430	287	406	289	183	186	0.0356688	0	0.630769	2
237	267	225	252	225	183	185	0.0191083	0	0.494505	2
238	364	256	358	256	183	184	0.00764331	0	0.562637	2
239	201	260	193	260	183	184	0.0101911	0	0.571429	2
240	301	200	296	201	183	184	0.00764331	0	0.43956	2
241	339	216	333	216	183	184	0.00764331	0	0.474725	2
242	367	195	363	196	183	184	0.00636943	0	0.428571	2
243	304	227	299	227	183	184	0.00636943	0	0.498901	2
244	394	184	379	183	183	185	0.0203822	0	0.404396	2
245	579	205	571	204	183	184	0.011465	0	0.450549	2
246	440	242	434	243	183	184	0.0089172	0	0.531868	2
247	287	229	274	228	183	185	0.0178344	0	0.503297	2
248	376	229	370	228	183	184	0.0089172	0	0.503297	2
249	482	272	479	272	184	185	0.00382166	0	0.597802	2
250	179	257	168	258	184	185	0.0152866	0	0.564835	2
251	434	291	398	295	184	189	0.066242	0	0.63956	2
252	414	270	405	271	184	185	0.0127389	0	0.593407	2
253	383	223	374	223	184	185	0.011465	0	0.49011	2
254	377	212	367	212	184	185	0.0127389	0	0.465934	2
255	349	172	321	174	184	187	0.0407643	0	0.378022	2
256	196	288	185	289	184	185	0.0152866	0	0.632967	2
257	569	182	537	181	184	187	0.0420382	0	0.4	2
258	443	199	436	199	184	185	0.0089172	0	0.437363	2
259	470	281	466	276	184	185	0.0369427	0	0.617582	2
260	285	197	277	198	184	185	0.011465	0	0.432967	2
261	348	203	342	204	184	185	0.0089172	0	0.446154	2
262	358	186	351	186	184	185	0.0089172	0	0.408791	2
263	437	258	428	258	184	185	0.011465	0	0.567033	2
264	253	281	234	283	184	186	0.0292994	0	0.617582	2
265	441	226	437	223	184	185	0.0165605	0	0.496703	2
266	402	224	392	224	184	185	0.0127389	0	0.492308	2
267	285	215	277	216	184	185	0.011465	0	0.472527	2
268	471	291	463	282	184	187	0.113376	0	0.63956	2
269	329	226	321	226	184	185	0.0101911	0	0.496703	2
270	507	240	500	241	184	185	0.0101911	0	0.527473	2
271	375	201	365	201	184	185	0.0127389	0	0.441758	2
272	567	192	534	193	184	187	0.0433121	0	0.421978	2
273	179	436	117	454	184	200	0.49172	0	0.958242	2
274	641	359	592	384	184	205	0.858599	0	0.789011	2
275	809	412	760	437	184	205	0.858599	0	0.905495	2
276	37	304	28	305	184	185	0.0127389	0	0.668132	2
277	437	209	428	210	185	186	0.0127389	0	0.459341	2
278	371	234	361	234	185	186	0.0127389	0	0.514286	2
279	183	262	171	263	185	186	0.0165605	0	0.575824	2
280	436	274	427	275	185	186	0.0127389	0	0.602198	2
281	289	203	279	204	185	186	0.0140127	0	0.446154	2
282	407	250	393	253	185	186	0.0292994	0	0.549451	2
283	508	285	480	288	185	189	0.0471338	0	0.626374	2
284	821	418	781	441	185	205	0.724841	0	0.918681	2
285	490	248	484	249	185	186	0.0089172	0	0.545055	2
286	560	205	537	205	185	187	0.0292994	0	0.450549	2
287	426	212	419	212	185	186	0.0089172	0	0.465934	2
288	391	214	367	216	185	188	0.0356688	0	0.47033	2
289	545	117	500	141	185	204	0.791083	0	0.257143	2
290	177	232	149	233	185	193	0.0369427	0	0.50989	2
291	315	174	293	175	185	188	0.0292994	0	0.382418	2
292	64	304	27	308	185	194	0.0675159	0	0.668132	2
293	196	309	167	310	185	189	0.0382166	0	0.679121	2
294	465	274	464	272	186	187	0.00636943	0	0.602198	2
295	156	259	132	262	186	189	0.0420382	0	0.569231	2
296	492	266	480	269	186	189	0.0267516	0	0.584615	2
297	488	234	473	227	186	191	0.0815287	0	0.514286	2
298	466	247	458	248	186	187	0.011465	0	0.542857	2
299	281	182	273	183	186	188	0.011465	0	0.4	2
300	353	190	346	190	186	187	0.0089172	0	0.417582	2
301	358	212	348	211	186	187	0.0140127	0	0.465934	2
302	416	231	408	231	186	187	0.0101911	0	0.507692	2
303	242	228	221	234	186	189	0.0726115	0	0.501099	2
304	381	225	352	224	186	193	0.0382166	0	0.494505	2
305	315	221	306	222	186	187	0.0127389	0	0.485714	2
306	88	140	76	140	186	187	0.0152866	0	0.307692	2
307	271	178	262	179	186	189	0.0127389	0	0.391209	2
308	269	220	261	221	186	187	0.011465	0	0.483516	2
309	345	201	339	202	186	187	0.0089172	0	0.441758	2
310	363	224	352	223	186	187	0.0152866	0	0.492308	2
311	154	306	129	312	186	190	0.077707	0	0.672527	2
312	174	292	163	293	186	187	0.0152866	0	0.641758	2
313	248	284	239	286	186	188	0.0165605	0	0.624176	2
314	360	162	305	171	186	199	0.173248	0	0.356044	2
315	424	209	420	209	187	188	0.00509554	0	0.459341	2
316	430	189	424	189	187	189	0.00764331	0	0.415385	2
317	381	272	371	271	187	188	0.0140127	0	0.597802	2
318	271	205	265	205	187	188	0.00764331	0	0.450549	2
319	361	246	355	245	187	188	0.0089172	0	0.540659	2
320	426	232	424	234	187	190	0.00764331	0	0.50989	2
321	160	264	145	266	187	189	0.0242038	0	0.58022	2
322	426	199	423	199	187	188	0.00382166	0	0.437363	2
323	428	242	430	242	187	188	0.00254777	0	0.531868	1
324	259	201	236	197	187	192	0.0496815	0	0.441758	2
325	397	248	392	247	187	188	0.00764331	0	0.545055	2
326	225	284	206	292	187	191	0.105732	0	0.624176	2
327	341	221	334	220	187	188	0.0101911	0	0.485714	2
328	222	241	207	248	187	190	0.0815287	0	0.52967	2
329	237	181	235	180	187	188	0.00382166	0	0.397802	2
330	373	238	364	239	187	188	0.0127389	0	0.523077	2
331	397	284	391	283	188	189	0.0089172	0	0.624176	2
332	313	174	307	174	188	189	0.00764331	0	0.382418	2
333	826	319	808	341	188	205	0.63949	0	0.701099	2
334	531	183	512	182	188	192	0.0254777	0	0.402198	2
335	351	196	348	195	188	189	0.00509554	0	0.430769	2
336	539	217	528	215	188	190	0.0191083	0	0.476923	2
337	338	184	334	184	188	189	0.00509554	0	0.404396	2
338	343	234	337	233	188	189	0.0089172	0	0.514286	2
339	515	187	509	186	188	189	0.0089172	0	0.410989	2
340	390	236	386	235	188	189	0.00636943	0	0.518681	2
341	474	254	472	253	188	189	0.00382166	0	0.558242	2
342	529	203	512	203	188	192	0.0216561	0	0.446154	2
343	383	270	374	270	188	189	0.011465	0	0.593407	2
344	162	311	147	312	188	190	0.0203822	0	0.683516	2
345	346	224	340	223	188	189	0.0089172	0	0.492308	2
346	782	425	764	447	188	205	0.63949	0	0.934066	2
347	266	230	256	230	188	190	0.0127389	0	0.505495	2
348	156	295	144	295	188	190	0.0152866	0	0.648352	2
349	421	199	418	199	189	190	0.00382166	0	0.437363	2
350	237	290	209	298	189	199	0.117197	0	0.637363	2
351	335	205	329	203	189	190	0.0127389	0	0.450549	2
352	279	179	276	175	189	191	0.0242038	0	0.393407	2
353	225	180	222	176	189	191	0.0242038	0	0.395604	2
354	364	274	354	275	189	190	0.0140127	0	0.602198	2
355	357	240	348	240	189	190	0.011465	0	0.527473	2
356	227	211	222	211	189	190	0.00636943	0	0.463736	2
357	388	294	383	294	189	190	0.00636943	0	0.646154	2
358	229	170	228	162	189	193	0.0828025	0	0.373626	2
359	258	195	242	188	189	193	0.0828025	0	0.428571	2
360	386	283	380	281	190	191	0.0127389	0	0.621978	2
361	185	455	169	454	190	196	0.0216561	0	1	2
362	346	208	342	207	190	191	0.00636943	0	0.457143	2
363	361	291	355	292	190	191	0.0089172	0	0.63956	2
364	400	279	396	280	190	194	0.00636943	0	0.613187	2
365	271	201	272	199	190	191	0.00636943	0	0.441758	1
366	417	188	420	185	190	195	0.0152866	0	0.413187	1
367	393	295	389	293	190	191	0.0101911	0	0.648352	2
368	343	197	341	195	190	191	0.00764331	0	0.432967	2
369	356	207	355	205	190	192	0.00636943	0	0.454945	2
370	334	223	329	221	190	191	0.011465	0	0.49011	2
371	135	259	129	258	190	191	0.0089172	0	0.569231	2
372	381	237	378	236	190	192	0.00509554	0	0.520879	2
373	389	252	386	251	190	191	0.00509554	0	0.553846	2
374	331	233	326	232	190	191	0.00764331	0	0.512088	2
375	239	213	233	209	190	192	0.0280255	0	0.468132	2
376	429	244	424	242	190	194	0.011465	0	0.536264	2
377	217	236	213	236	190	191	0.00509554	0	0.518681	2
378	459	245	458	244	190	191	0.00254777	0	0.538462	2
379	370	228	367	227	190	191	0.00509554	0	0.501099	2
380	418	198	422	196	191	195	0.0101911	0	0.435165	1
381	461	230	456	225	191	196	0.0382166	0	0.505495	2
382	471	266	477	259	191	193	0.0700637	0	0.584615	1
383	285	211	284	209	191	192	0.00636943	0	0.463736	2
384	422	232	422	231	191	193	0.00127389	0	0.50989	1
385	342	217	341	215	191	192	0.00636943	0	0.476923	2
386	142	312	135	311	191	192	0.0101911	0	0.685714	2
387	327	198	326	196	191	192	0.00636943	0	0.435165	2
388	418	213	420	212	191	192	0.00382166	0	0.468132	1
389	332	211	330	209	191	192	0.00764331	0	0.463736	2
390	141	294	139	292	191	192	0.00764331	0	0.646154	2
391	251	231	245	228	191	194	0.0191083	0	0.507692	2
392	124	281	119	280	191	193	0.00764331	0	0.617582	2
393	365	205	366	207	191	195	0.00636943	0	0.450549	1
394	126	257	112	258	192	195	0.0191083	0	0.564835	2
395	349	188	351	187	192	194	0.00382166	0	0.413187	1
396	480	230	473	227	192	197	0.0203822	0	0.505495	2
397	385	247	384	249	192	194	0.00636943	0	0.542857	2
398	206	290	202	289	192	194	0.00636943	0	0.637363	2
399	384	257	371	261	192	196	0.0369427	0	0.564835	2
400	318	212	314	212	192	194	0.00509554	0	0.465934	2
401	219	252	215	254	192	194	0.0101911	0	0.553846	2
402	336	190	337	189	192	193	0.00254777	0	0.417582	1
403	222	191	225	188	192	193	0.0152866	0	0.41978	1
404	359	244	357	244	192	193	0.00254777	0	0.536264	2
405	250	200	231	196	192	196	0.044586	0	0.43956	2
406	485	272	488	271	192	193	0.00509554	0	0.597802	1
407	467	269	468	263	193	194	0.0471338	0	0.591209	1
408	351	208	350	208	193	194	0.00127389	0	0.457143	2
409	360	296	358	297	193	194	0.00382166	0	0.650549	2
410	333	212	331	211	193	194	0.00382166	0	0.465934	2
411	327	195	326	195	193	194	0.00127389	0	0.428571	2
412	341	226	340	226	193	194	0.00127389	0	0.496703	2
413	234	198	231	197	193	194	0.00509554	0	0.435165	2
414	372	251	370	252	193	194	0.00382166	0	0.551648	2
415	339	253	334	255	193	194	0.011465	0	0.556044	2
416	233	209	230	208	193	194	0.00509554	0	0.459341	2
417	310	225	307	225	193	194	0.00382166	0	0.494505	2
418	274	179	275	179	193	194	0.00127389	0	0.393407	1
419	523	218	507	220	193	197	0.0254777	0	0.479121	2
420	341	202	340	202	193	194	0.00127389	0	0.443956	2
421	351	226	346	225	194	195	0.00764331	0	0.496703	2
422	484	254	483	255	194	195	0.00254777	0	0.558242	2
423	226	164	216	163	194	197	0.0140127	0	0.36044	2
424	127	272	112	270	194	196	0.0242038	0	0.597802	2
425	150	234	138	242	194	199	0.0968153	0	0.514286	2
426	384	230	378	231	194	195	0.0089172	0	0.505495	2
427	490	239	485	239	194	195	0.00636943	0	0.525275	2
428	216	266	178	281	194	201	0.335032	0	0.584615	2
429	364	278	356	293	195	200	0.296815	0	0.610989	2
430	492	167	467	175	195	200	0.113376	0	0.367033	2
431	366	252	355	255	195	197	0.0254777	0	0.553846	2
432	392	281	380	289	195	199	0.0968153	0	0.617582	2
433	352	251	342	253	195	197	0.0178344	0	0.551648	2
434	307	213	294	217	195	197	0.0369427	0	0.468132	2
435	338	203	332	202	195	196	0.0089172	0	0.446154	2
436	321	195	315	194	195	196	0.0089172	0	0.428571	2
437	325	182	317	182	195	196	0.0101911	0	0.4	2
438	279	214	271	212	195	196	0.0152866	0	0.47033	2
439	358	235	351	235	195	196	0.0089172	0	0.516484	2
440	505	208	498	207	195	196	0.0101911	0	0.457143	2
441	339	213	326	215	195	198	0.0216561	0	0.468132	2
442	338	193	332	194	195	197	0.0089172	0	0.424176	2
443	360	224	355	224	195	196	0.00636943	0	0.492308	2
444	302	228	287	235	195	198	0.0815287	0	0.501099	2
445	277	180	271	179	195	196	0.0089172	0	0.395604	2
446	349	206	344	206	195	196	0.00636943	0	0.452747	2
447	322	250	312	251	195	196	0.0140127	0	0.549451	2
448	209	249	174	269	195	204	0.55414	0	0.547253	2
449	518	134	518	158	195	205	0.733758	0	0.294505	1
450	133	263	133	271	195	199	0.0815287	0	0.578022	1
451	125	297	115	298	195	196	0.0140127	0	0.652747	2
452	232	215	224	214	195	196	0.011465	0	0.472527	2
453	295	191	289	190	195	196	0.0089172	0	0.41978	2
454	192	254	155	271	195	202	0.415287	0	0.558242	2
455	472	250	469	250	195	196	0.00382166	0	0.549451	2
456	410	234	407	235	196	197	0.00509554	0	0.514286	2
457	341	226	338	227	196	197	0.00509554	0	0.496703	2
458	349	297	344	297	196	197	0.00636943	0	0.652747	2
459	419	183	418	183	196	197	0.00127389	0	0.402198	2
460	483	188	463	197	196	200	0.128662	0	0.413187	2
461	297	259	293	261	196	197	0.0101911	0	0.569231	2
462	215	196	198	208	196	202	0.205096	0	0.430769	2
463	343	262	339	264	196	197	0.0101911	0	0.575824	2
464	338	182	339	188	196	199	0.0471338	0	0.4	1
465	370	233	363	233	196	197	0.0089172	0	0.512088	2
466	144	249	142	251	196	197	0.00764331	0	0.547253	2
467	309	208	303	210	196	197	0.0127389	0	0.457143	2
468	225	151	223	151	196	197	0.00254777	0	0.331868	2
469	332	245	326	250	196	198	0.0394904	0	0.538462	2
470	481	239	479	241	196	197	0.00764331	0	0.525275	2
471	342	216	337	216	196	197	0.00636943	0	0.474725	2
472	417	210	421	213	197	199	0.0165605	0	0.461538	1
473	311	284	300	293	197	199	0.117197	0	0.624176	2
474	449	241	446	247	197	199	0.0496815	0	0.52967	2
475	308	226	304	229	197	198	0.0165605	0	0.496703	2
476	372	269	366	276	197	199	0.0700637	0	0.591209	2
477	312	184	305	190	197	199	0.0547771	0	0.404396	2
478	334	288	328	289	197	198	0.0089172	0	0.632967	2
479	313	196	311	197	197	198	0.00382166	0	0.430769	2
480	107	274	103	276	197	198	0.0101911	0	0.602198	2
481	309	252	302	255	197	198	0.0203822	0	0.553846	2
482	427	207	437	220	197	202	0.228025	0	0.454945	1
483	369	259	365	261	197	198	0.0101911	0	0.569231	2
484	495	208	487	212	197	199	0.0305732	0	0.457143	2
485	827	449	825	452	197	198	0.0140127	0	0.986813	2
486	114	314	104	321	197	199	0.0751592	0	0.69011	2
487	226	199	214	208	197	201	0.118471	0	0.437363	2
488	108	302	98	310	197	199	0.0942675	0	0.663736	2
489	457	226	458	232	197	202	0.0471338	0	0.496703	1
490	221	216	217	217	197	198	0.00636943	0	0.474725	2
491	99	259	94	262	197	198	0.0178344	0	0.569231	2
492	292	219	289	222	198	199	0.0152866	0	0.481319	2
493	311	301	302	320	198	202	0.471338	0	0.661538	2
494	333	197	333	201	198	199	0.0203822	0	0.432967	1
495	339	210	339	213	198	199	0.011465	0	0.461538	1
496	341	256	340	260	198	199	0.0216561	0	0.562637	2
497	331	261	330	264	198	199	0.0127389	0	0.573626	2
498	353	260	350	263	198	199	0.0152866	0	0.571429	2
499	219	165	220	170	198	200	0.033121	0	0.362637	1
500	140	254	140	258	198	199	0.0203822	0	0.558242	1
501	420	185	430	194	198	202	0.115924	0	0.406593	1
502	827	316	824	327	198	202	0.157962	0	0.694505	2
503	346	270	344	275	198	199	0.0343949	0	0.593407	2
504	479	213	477	216	198	199	0.0140127	0	0.468132	2
505	414	198	416	200	198	199	0.00764331	0	0.435165	1
506	472	235	471	235	199	200	0.00127389	0	0.516484	2
507	325	297	314	298	199	200	0.0152866	0	0.652747	2
508	292	263	285	267	199	200	0.0292994	0	0.578022	2
509	426	197	428	199	199	200	0.00764331	0	0.432967	1
510	83	273	79	290	199	205	0.373248	0	0.6	2
511	319	240	318	242	199	200	0.00636943	0	0.527473	2
512	336	228	334	230	199	200	0.00764331	0	0.501099	2
513	406	238	406	242	199	200	0.0203822	0	0.523077	1
514	93	268	89	272	199	200	0.0254777	0	0.589011	2
515	332	274	330	277	199	200	0.0140127	0	0.602198	2
516	363	266	359	268	199	200	0.0101911	0	0.584615	2
517	318	215	318	222	199	203	0.0624204	0	0.472527	1
518	302	225	298	227	199	200	0.0101911	0	0.494505	2
519	89	331	87	334	199	200	0.0140127	0	0.727473	2
520	286	225	282	226	200	201	0.00636943	0	0.494505	2
521	422	216	423	218	200	201	0.00636943	0	0.474725	1
522	333	204	336	208	200	202	0.0242038	0	0.448352	1
523	342	280	340	284	200	201	0.0229299	0	0.615385	2
524	474	256	474	257	200	201	0.00127389	0	0.562637	1
525	327	301	315	302	200	201	0.0165605	0	0.661538	2
526	499	28	512	39	200	205	0.170701	0	0.0615385	1
527	365	279	360	281	200	201	0.011465	0	0.613187	2
528	348	267	345	269	200	201	0.0089172	0	0.586813	2
529	89	290	83	296	200	202	0.0535032	0	0.637363	2
530	496	222	487	223	200	202	0.0127389	0	0.487912	2
531	344	217	345	220	200	201	0.0127389	0	0.476923	1
532	320	204	319	206	200	201	0.00636943	0	0.448352	2
533	261	175	255	176	200	201	0.0089172	0	0.384615	2
534	380	260	380	263	200	201	0.011465	0	0.571429	1
535	95	314	92	316	200	201	0.0089172	0	0.69011	2
536	284	242	281	245	200	203	0.0152866	0	0.531868	2
537	144	260	144	262	200	201	0.00509554	0	0.571429	1
538	431	239	438	245	200	202	0.0547771	0	0.525275	1
539	312	230	312	231	201	202	0.00127389	0	0.505495	1
540	292	261	291	261	201	202	0.00127389	0	0.573626	2
541	356	297	370	305	201	205	0.0993631	0	0.652747	1
542	460	198	458	199	201	203	0.00382166	0	0.435165	2
543	280	271	274	276	201	203	0.0394904	0	0.595604	2
544	333	233	333	234	201	202	0.00127389	0	0.512088	1
545	295	306	294	310	201	202	0.0216561	0	0.672527	2
546	470	283	469	282	201	202	0.00254777	0	0.621978	2
547	464	178	467	185	201	205	0.066242	0	0.391209	1
548	491	108	496	111	201	203	0.0178344	0	0.237363	1
549	293	190	297	193	201	202	0.0165605	0	0.417582	1
550	292	281	285	284	201	202	0.0203822	0	0.617582	2
551	485	273	486	275	201	202	0.00636943	0	0.6	1
552	335	252	333	254	201	202	0.00764331	0	0.553846	2
553	219	173	222	174	201	202	0.00509554	0	0.38022	1
554	425	202	436	206	201	203	0.0343949	0	0.443956	1
555	85	278	83	280	201	202	0.00764331	0	0.610989	2
556	299	327	309	333	201	204	0.0585987	0	0.718681	1
557	338	195	341	197	201	202	0.0089172	0	0.428571	1
558	329	262	329	262	201	202	0	0	0.575824	1
559	468	226	469	227	201	202	0.00254777	0	0.496703	1
560	264	192	276	198	201	204	0.0611465	0	0.421978	1
561	292	217	291	218	201	202	0.00254777	0	0.476923	2
562	340	185	364	196	201	205	0.184713	0	0.406593	1
563	179	309	193	316	201	205	0.0802548	0	0.679121	1
564	296	204	300	206	201	202	0.0101911	0	0.448352	1
565	457	241	458	242	201	202	0.00254777	0	0.52967	1
566	281	225	282	226	202	203	0.00254777	0	0.494505	1
567	342	287	351	292	202	204	0.0433121	0	0.630769	1
568	308	247	311	248	202	203	0.00509554	0	0.542857	1
569	478	260	494	263	202	205	0.0318471	0	0.571429	1
570	211	216	212	217	202	203	0.00254777	0	0.474725	1
571	333	276	335	277	202	203	0.00382166	0	0.606593	1
572	372	288	369	287	202	203	0.00509554	0	0.632967	2
573	316	262	319	263	202	203	0.00509554	0	0.575824	1
574	348	218	353	220	202	203	0.011465	0	0.479121	1
575	252	178	251	178	202	203	0.00127389	0	0.391209	2
576	471	272	475	274	202	203	0.0101911	0	0.597802	1
577	474	241	486	246	202	204	0.0471338	0	0.52967	1
578	350	239	353	240	202	203	0.00509554	0	0.525275	1
579	208	203	209	204	202	203	0.00254777	0	0.446154	1
580	360	232	373	236	202	204	0.0369427	0	0.50989	1
581	315	232	320	233	203	204	0.00764331	0	0.50989	1
582	294	262	299	262	203	204	0.00636943	0	0.575824	1
583	438	224	446	227	203	204	0.0216561	0	0.492308	1
584	492	278	502	282	203	205	0.033121	0	0.610989	1
585	347	274	351	277	203	204	0.0165605	0	0.602198	1
586	334	239	341	243	203	205	0.0292994	0	0.525275	1
587	229	184	236	184	203	204	0.0089172	0	0.404396	1
588	294	223	299	224	203	204	0.00764331	0	0.49011	1
589	356	285	357	287	203	204	0.00636943	0	0.626374	1
590	94	321	98	324	203	205	0.0165605	0	0.705495	1
591	472	230	478	232	203	204	0.0127389	0	0.505495	1
592	307	320	312	320	203	205	0.00636943	0	0.703297	1
593	277	307	273	309	203	205	0.0101911	0	0.674725	2
594	77	335	76	337	203	205	0.00636943	0	0.736264	2
595	172	289	176	290	203	204	0.00636943	0	0.635165	1
596	139	250	151	253	203	205	0.0267516	0	0.549451	1
597	199	210	206	213	203	205	0.0203822	0	0.461538	1
598	273	293	272	292	203	204	0.00254777	0	0.643956	2
599	269	227	275	228	203	204	0.0089172	0	0.498901	1
600	446	248	455	250	203	204	0.0165605	0	0.545055	1
601	92	339	102	342	203	205	0.0242038	0	0.745055	1
602	87	292	91	296	203	205	0.0254777	0	0.641758	1
603	156	274	157	275	203	204	0.00254777	0	0.602198	1
604	288	229	290	230	204	205	0.00382166	0	0.503297	1
605	362	260	366	261	204	205	0.00636943	0	0.571429	1
606	300	314	299	314	204	205	0.00127389	0	0.69011	2
607	274	280	271	282	204	205	0.0089172	0	0.615385	2
608	452	207	460	211	204	205	0.0305732	0	0.454945	1
609	162	259	162	260	204	205	0.00127389	0	0.569231	1
610	354	209	360	211	204	205	0.0127389	0	0.459341	1
611	331	230	334	232	204	205	0.0089172	0	0.505495	1
612	361	244	366	245	204	205	0.00764331	0	0.536264	1
613	470	246	474	247	204	205	0.00636943	0	0.540659	1
614	308	200	316	201	204	205	0.011465	0	0.43956	1
615	218	219	221	220	204	205	0.00509554	0	0.481319	1
616	502	112	507	113	204	205	0.00764331	0	0.246154	1
617	307	234	310	235	204	205	0.00509554	0	0.514286	1
618	250	163	251	164	204	205	0.00254777	0	0.358242	1
619	292	239	294	240	204	205	0.00382166	0	0.525275	1
620	227	195	230	194	204	205	0.00509554	0	0.428571	1
621	91	310	92	311	204	205	0.00254777	0	0.681319	1
622	214	205	216	206	204	205	0.00382166	0	0.450549	1
623	282	295	279	296	204	205	0.00509554	0	0.648352	2
624	213	229	216	231	204	205	0.0089172	0	0.503297	1
625	505	131	510	132	204	205	0.00764331	0	0.287912	1