
0	528	302	528	302	107	108	0	0	0.663736	1
1	362	233	362	233	107	108	0	0	0.512088	1
2	521	326	519	325	108	109	0.011236	0	0.716484	2
3	441	259	440	257	108	109	0.0187266	0	0.569231	2
4	355	371	355	370	108	109	0.00374532	0	0.815385	1
5	623	208	621	208	108	111	0.00749064	0	0.457143	2
6	192	248	192	247	108	109	0.00374532	0	0.545055	1
7	406	440	407	440	108	111	0.00374532	0	0.967033	1
8	340	455	339	454	108	110	0.00749064	0	1	2
9	375	281	374	281	108	109	0.00374532	0	0.617582	2
10	400	409	399	409	108	109	0.00374532	0	0.898901	2
11	458	231	459	232	108	111	0.00749064	0	0.507692	1
12	460	241	456	242	108	114	0.0187266	0	0.52967	2
13	384	221	384	220	108	110	0.00374532	0	0.485714	1
14	442	226	443	225	108	109	0.00749064	0	0.496703	1
15	400	378	411	394	108	115	1	0	0.830769	1
16	373	196	371	195	108	111	0.011236	0	0.430769	2
17	452	208	449	209	109	112	0.0149813	0	0.457143	2
18	391	430	392	430	109	110	0.00374532	0	0.945055	1
19	529	303	529	303	109	110	0	0	0.665934	1
20	550	345	553	346	109	110	0.0149813	0	0.758242	1
21	478	290	477	289	109	110	0.00749064	0	0.637363	2
22	324	377	332	375	109	110	0.0449438	0	0.828571	1
23	279	82	281	84	109	111	0.0224719	0	0.18022	1
24	364	292	364	296	110	115	0.0599251	0	0.641758	1
25	517	323	513	322	110	112	0.0187266	0	0.70989	2
26	275	100	276	101	110	111	0.00749064	0	0.21978	1
27	373	437	372	436	110	112	0.00749064	0	0.96044	2
28	430	200	430	196	110	114	0.0599251	0	0.43956	1
29	375	281	374	281	110	111	0.00374532	0	0.617582	2
30	191	266	191	267	110	111	0.00374532	0	0.584615	1
31	459	268	458	267	110	111	0.00749064	0	0.589011	2
32	184	276	182	276	110	111	0.00749064	0	0.606593	2
33	424	220	424	218	110	111	0.0149813	0	0.483516	1
34	359	199	359	198	110	111	0.00374532	0	0.437363	1
35	355	375	354	375	110	111	0.00374532	0	0.824176	2
36	513	312	510	313	110	112	0.0149813	0	0.685714	2
37	520	333	518	332	110	111	0.011236	0	0.731868	2
38	518	103	550	108	110	119	0.213483	0	0.226374	1
39	378	318	395	321	110	114	0.0973783	0	0.698901	1
40	801	429	825	433	110	118	0.149813	0	0.942857	1
41	399	411	399	413	110	111	0.0149813	0	0.903297	1
42	478	291	478	293	111	114	0.0149813	0	0.63956	1
43	417	246	418	242	111	112	0.0636704	0	0.540659	1
44	563	257	569	261	111	116	0.082397	0	0.564835	1
45	341	454	341	454	111	112	0	0	0.997802	1
46	557	348	560	348	111	112	0.011236	0	0.764835	1
47	531	304	532	304	111	112	0.00374532	0	0.668132	1
48	577	349	584	351	111	113	0.0411985	0	0.767033	1
49	397	442	396	442	111	112	0.00374532	0	0.971429	2
50	520	262	520	264	111	113	0.0149813	0	0.575824	1
51	417	442	417	442	111	112	0	0	0.971429	1
52	432	233	432	232	111	114	0.00374532	0	0.512088	1
53	206	232	206	232	111	112	0	0	0.50989	1
54	183	280	209	281	112	118	0.101124	0	0.615385	1
55	620	208	618	211	112	115	0.0411985	0	0.457143	2
56	453	269	451	267	112	113	0.0224719	0	0.591209	2
57	279	102	281	102	112	113	0.00749064	0	0.224176	1
58	196	234	196	235	112	113	0.00374532	0	0.514286	1
59	375	282	375	282	112	113	0	0	0.61978	1
60	328	24	328	24	112	113	0	0	0.0527473	1
61	363	232	362	233	112	113	0.00749064	0	0.50989	2
62	550	333	551	333	112	113	0.00374532	0	0.731868	1
63	549	320	552	320	112	113	0.011236	0	0.703297	1
64	402	444	404	446	113	115	0.0224719	0	0.975824	1
65	512	325	511	327	113	114	0.0187266	0	0.714286	2
66	462	271	460	270	113	114	0.011236	0	0.595604	2
67	431	251	432	251	113	114	0.00374532	0	0.551648	1
68	405	454	405	454	113	114	0	0	0.997802	1
69	409	413	412	416	113	114	0.0449438	0	0.907692	1
70	503	179	502	180	113	114	0.00749064	0	0.393407	2
71	535	333	538	334	113	114	0.0149813	0	0.731868	1
72	401	434	403	436	113	115	0.0224719	0	0.953846	1
73	442	206	440	206	113	114	0.00749064	0	0.452747	2
74	420	225	422	224	113	115	0.011236	0	0.494505	1
75	315	24	344	26	113	119	0.123596	0	0.0527473	1
76	417	451	424	454	113	116	0.0599251	0	0.991209	1
77	190	245	197	248	114	116	0.0599251	0	0.538462	1
78	377	288	383	289	114	116	0.0262172	0	0.632967	1
79	362	236	367	239	114	116	0.0524345	0	0.518681	1
80	454	223	454	224	114	115	0.00374532	0	0.49011	1
81	200	254	204	256	114	115	0.0299625	0	0.558242	1
82	377	358	382	357	114	115	0.0224719	0	0.786813	1
83	273	146	364	152	114	145	0.475655	0	0.320879	1
84	328	24	332	26	114	116	0.0299625	0	0.0527473	1
85	174	283	203	283	114	119	0.108614	0	0.621978	1
86	555	322	559	322	114	115	0.0149813	0	0.707692	1
87	541	307	544	307	114	115	0.011236	0	0.674725	1
88	354	188	381	188	114	119	0.101124	0	0.413187	1
89	376	452	382	453	114	116	0.0262172	0	0.993407	1
90	512	329	525	330	115	117	0.0524345	0	0.723077	1
91	454	264	456	262	115	116	0.0224719	0	0.58022	1
92	502	185	504	187	115	116	0.0224719	0	0.406593	1
93	302	66	393	71	115	145	0.434457	0	0.145055	1
94	196	275	210	274	115	117	0.0561798	0	0.604396	1
95	455	274	457	272	115	116	0.0224719	0	0.602198	1
96	455	239	459	240	115	116	0.0187266	0	0.525275	1
97	440	207	442	207	115	116	0.00749064	0	0.454945	1
98	593	361	635	360	115	121	0.161049	0	0.793407	1
99	322	71	326	71	115	116	0.0149813	0	0.156044	1
100	433	234	436	233	115	116	0.0149813	0	0.514286	1
101	480	295	485	295	115	116	0.0187266	0	0.648352	1
102	529	358	533	357	115	116	0.0187266	0	0.786813	1
103	566	282	571	282	115	116	0.0187266	0	0.61978	1
104	525	126	588	126	115	125	0.235955	0	0.276923	1
105	409	447	417	445	116	117	0.0449438	0	0.982418	1
106	368	297	375	296	116	117	0.0299625	0	0.652747	1
107	622	213	662	213	116	126	0.149813	0	0.468132	1
108	376	228	400	227	116	119	0.093633	0	0.501099	1
109	508	320	525	324	116	119	0.123596	0	0.703297	1
110	358	249	381	247	116	119	0.101124	0	0.547253	1
111	225	262	290	262	116	123	0.243446	0	0.575824	1
112	512	294	522	293	116	118	0.0411985	0	0.646154	1
113	462	288	475	278	116	120	0.423221	0	0.632967	1
114	412	432	437	431	116	118	0.0973783	0	0.949451	1
115	408	405	446	403	116	119	0.157303	0	0.89011	1
116	357	222	381	222	116	119	0.0898876	0	0.487912	1
117	689	275	773	284	116	145	0.617978	0	0.604396	1
118	491	165	513	167	116	119	0.0973783	0	0.362637	1
119	379	202	433	201	116	125	0.205993	0	0.443956	1
120	530	386	587	398	116	127	0.752809	0	0.848352	1
121	559	328	567	327	116	117	0.0337079	0	0.720879	1
122	399	450	416	449	116	118	0.0674157	0	0.989011	1
123	516	304	518	301	117	118	0.0411985	0	0.668132	1
124	420	455	428	453	117	118	0.0449438	0	1	1
125	391	444	404	442	117	118	0.0636704	0	0.975824	1
126	462	275	467	272	117	118	0.0524345	0	0.604396	1
127	467	239	476	238	117	118	0.0374532	0	0.525275	1
128	430	451	444	451	117	119	0.0524345	0	0.991209	1
129	478	298	483	292	117	119	0.153558	0	0.654945	1
130	463	260	472	256	117	119	0.093633	0	0.571429	1
131	378	238	393	237	117	119	0.0599251	0	0.523077	1
132	341	26	387	24	117	124	0.187266	0	0.0571429	1
133	24	150	103	152	117	145	0.310861	0	0.32967	1
134	30	287	106	288	117	145	0.28839	0	0.630769	1
135	577	260	586	260	117	118	0.0337079	0	0.571429	1
136	392	289	400	288	117	118	0.0337079	0	0.635165	1
137	441	431	452	431	117	118	0.0411985	0	0.947253	1
138	588	282	616	281	117	121	0.108614	0	0.61978	1
139	375	166	414	154	117	127	0.685393	0	0.364835	1
140	209	208	229	200	117	127	0.314607	0	0.457143	1
141	423	362	434	363	117	118	0.0449438	0	0.795604	1
142	499	294	507	293	117	118	0.0337079	0	0.646154	1
143	28	74	109	76	117	145	0.318352	0	0.162637	1
144	385	269	392	269	117	118	0.0262172	0	0.591209	1
145	659	275	711	276	117	134	0.198502	0	0.604396	1
146	432	215	443	213	117	118	0.0561798	0	0.472527	1
147	533	332	538	332	118	119	0.0187266	0	0.72967	1
148	383	296	387	297	118	119	0.0187266	0	0.650549	1
149	528	306	538	306	118	121	0.0374532	0	0.672527	1
150	379	203	397	201	118	121	0.082397	0	0.446154	1
151	219	272	237	270	118	120	0.082397	0	0.597802	1
152	359	209	364	208	118	119	0.0224719	0	0.459341	1
153	559	355	571	357	118	119	0.0599251	0	0.78022	1
154	493	293	493	291	118	119	0.0149813	0	0.643956	1
155	561	280	594	280	118	127	0.123596	0	0.615385	1
156	433	450	439	449	119	120	0.0262172	0	0.989011	1
157	483	240	496	238	119	121	0.0636704	0	0.527473	1
158	581	302	599	301	119	121	0.071161	0	0.663736	1
159	567	326	563	322	119	121	0.0749064	0	0.716484	2
160	447	36	455	36	119	120	0.0299625	0	0.0791209	1
161	600	321	608	321	119	120	0.0299625	0	0.705495	1
162	522	286	524	285	119	120	0.011236	0	0.628571	1
163	521	182	524	181	119	120	0.0149813	0	0.4	1
164	393	298	405	300	120	122	0.0599251	0	0.654945	1
165	403	291	410	290	120	121	0.0299625	0	0.63956	1
166	472	266	473	264	120	121	0.0187266	0	0.584615	1
167	449	447	456	445	120	121	0.0411985	0	0.982418	1
168	573	451	582	450	120	121	0.0374532	0	0.991209	1
169	403	270	416	270	120	122	0.0486891	0	0.593407	1
170	532	324	543	325	120	122	0.0449438	0	0.712088	1
171	211	288	233	286	120	126	0.0973783	0	0.632967	1
172	544	333	551	332	120	121	0.0299625	0	0.731868	1
173	606	252	625	254	120	124	0.0861423	0	0.553846	1
174	413	289	419	289	120	121	0.0224719	0	0.635165	1
175	400	237	409	236	120	121	0.0374532	0	0.520879	1
176	554	379	584	388	120	128	0.41573	0	0.832967	1
177	436	439	455	438	120	121	0.0749064	0	0.964835	1
178	470	145	522	147	120	140	0.209738	0	0.318681	1
179	377	455	398	454	120	131	0.082397	0	1	1
180	257	252	266	250	120	121	0.0486891	0	0.553846	1
181	221	290	233	287	120	121	0.0786517	0	0.637363	1
182	390	280	402	281	120	122	0.0486891	0	0.615385	1
183	520	193	534	190	120	123	0.0861423	0	0.424176	1
184	595	254	608	254	120	122	0.0486891	0	0.558242	1
185	574	411	593	414	120	123	0.104869	0	0.903297	1
186	614	345	623	344	120	121	0.0374532	0	0.758242	1
187	559	108	587	104	120	124	0.164794	0	0.237363	1
188	516	163	533	157	120	123	0.198502	0	0.358242	1
189	382	40	412	41	120	123	0.116105	0	0.0879121	1
190	457	255	461	251	120	121	0.0749064	0	0.56044	1
191	429	255	456	258	120	123	0.134831	0	0.56044	1
192	534	144	590	151	120	145	0.393258	0	0.316484	1
193	801	279	824	279	120	132	0.0861423	0	0.613187	1
194	356	70	414	75	120	145	0.310861	0	0.153846	1
195	518	295	519	292	121	123	0.0374532	0	0.648352	1
196	488	288	499	288	121	123	0.0411985	0	0.632967	1
197	480	276	484	276	121	122	0.0149813	0	0.606593	1
198	490	277	494	277	121	122	0.0149813	0	0.608791	1
199	475	252	477	251	121	122	0.011236	0	0.553846	1
200	467	451	472	451	121	122	0.0187266	0	0.991209	1
201	430	247	436	247	121	122	0.0224719	0	0.542857	1
202	252	270	263	269	121	122	0.0449438	0	0.593407	1
203	574	143	586	143	121	123	0.0449438	0	0.314286	1
204	30	67	80	71	121	145	0.247191	0	0.147253	1
205	454	449	459	448	122	123	0.0224719	0	0.986813	1
206	558	332	562	331	122	123	0.0187266	0	0.72967	1
207	417	237	423	237	122	123	0.0224719	0	0.520879	1
208	502	239	506	238	122	123	0.0187266	0	0.525275	1
209	590	452	597	452	122	123	0.0262172	0	0.993407	1
210	625	365	632	364	122	129	0.0299625	0	0.802198	1
211	616	285	624	284	122	126	0.0337079	0	0.626374	1
212	25	286	66	290	122	145	0.213483	0	0.628571	1
213	366	24	372	24	122	123	0.0224719	0	0.0527473	1
214	622	355	629	356	122	123	0.0299625	0	0.78022	1
215	471	210	474	209	122	123	0.0149813	0	0.461538	1
216	608	303	726	311	122	141	0.681648	0	0.665934	1
217	643	355	658	354	122	124	0.0599251	0	0.78022	1
218	616	273	621	272	122	123	0.0224719	0	0.6	1
219	427	285	432	284	122	123	0.0224719	0	0.626374	1
220	534	180	533	173	122	126	0.187266	0	0.395604	2
221	388	209	396	208	122	127	0.0337079	0	0.459341	1
222	410	301	411	306	123	129	0.0973783	0	0.661538	1
223	501	423	509	421	123	124	0.0449438	0	0.92967	1
224	483	255	477	252	123	125	0.0561798	0	0.56044	2
225	24	72	61	77	123	145	0.23221	0	0.158242	1
226	445	248	448	249	123	124	0.0149813	0	0.545055	1
227	445	443	477	450	123	145	0.303371	0	0.973626	1
228	463	218	463	217	123	125	0.00374532	0	0.479121	1
229	289	230	297	226	123	126	0.0898876	0	0.505495	1
230	494	278	494	277	123	124	0.00374532	0	0.610989	1
231	514	270	516	269	123	124	0.011236	0	0.593407	1
232	559	329	547	327	124	126	0.0599251	0	0.723077	2
233	516	434	526	436	124	126	0.0524345	0	0.953846	1
234	414	291	413	291	124	125	0.00374532	0	0.63956	2
235	497	447	508	450	124	125	0.0749064	0	0.982418	1
236	280	244	282	241	124	125	0.0411985	0	0.536264	1
237	602	454	605	454	124	125	0.011236	0	0.997802	1
238	423	272	422	272	124	125	0.00374532	0	0.597802	2
239	507	356	511	356	124	125	0.0149813	0	0.782418	1
240	460	203	457	201	124	125	0.0262172	0	0.446154	2
241	293	261	298	259	124	126	0.0337079	0	0.573626	1
242	630	355	631	355	124	127	0.00374532	0	0.78022	1
243	590	144	590	143	124	125	0.00374532	0	0.316484	1
244	388	84	396	83	124	126	0.0337079	0	0.184615	1
245	515	421	520	422	125	126	0.0224719	0	0.925275	1
246	456	444	487	452	125	145	0.355805	0	0.975824	1
247	624	250	620	250	125	128	0.0149813	0	0.549451	2
248	493	431	501	433	125	126	0.0449438	0	0.947253	1
249	432	284	431	284	125	126	0.00374532	0	0.624176	2
250	597	404	600	410	125	128	0.146067	0	0.887912	1
251	487	219	486	219	125	126	0.00374532	0	0.481319	2
252	510	263	511	263	125	126	0.00374532	0	0.578022	1
253	639	329	642	329	125	126	0.011236	0	0.723077	1
254	543	205	537	203	125	126	0.0374532	0	0.450549	2
255	432	273	432	272	125	126	0.00374532	0	0.6	1
256	375	24	409	31	125	145	0.310861	0	0.0527473	1
257	588	102	588	101	125	127	0.00374532	0	0.224176	1
258	484	440	495	438	126	127	0.0561798	0	0.967033	1
259	414	294	413	296	126	128	0.0187266	0	0.646154	2
260	614	273	612	274	126	127	0.011236	0	0.6	2
261	514	453	523	450	126	132	0.0674157	0	0.995604	1
262	420	243	419	244	126	127	0.00749064	0	0.534066	2
263	498	290	497	290	126	127	0.00374532	0	0.637363	2
264	284	239	292	239	126	129	0.0299625	0	0.525275	1
265	473	252	465	248	126	128	0.0898876	0	0.553846	2
266	472	279	471	279	126	127	0.00374532	0	0.613187	2
267	525	331	530	331	126	127	0.0187266	0	0.727473	1
268	387	24	421	30	126	145	0.262172	0	0.0527473	1
269	273	287	306	294	126	145	0.307116	0	0.630769	1
270	396	145	396	144	127	128	0.00374532	0	0.318681	1
271	660	213	652	213	127	132	0.0299625	0	0.468132	2
272	508	261	509	259	127	128	0.0187266	0	0.573626	1
273	624	287	624	286	127	128	0.00374532	0	0.630769	1
274	233	288	265	294	127	145	0.254682	0	0.632967	1
275	433	284	443	285	127	134	0.0411985	0	0.624176	1
276	645	329	657	327	127	130	0.0599251	0	0.723077	1
277	300	227	325	232	127	134	0.187266	0	0.498901	1
278	507	297	505	298	127	128	0.011236	0	0.652747	2
279	487	220	485	219	127	128	0.011236	0	0.483516	2
280	302	260	305	259	127	128	0.0149813	0	0.571429	1
281	400	85	405	83	127	128	0.0337079	0	0.186813	1
282	473	445	504	452	127	145	0.299625	0	0.978022	1
283	298	281	306	280	127	128	0.0337079	0	0.617582	1
284	635	341	638	340	127	128	0.0149813	0	0.749451	1
285	435	205	437	204	127	129	0.011236	0	0.450549	1
286	689	362	747	368	128	143	0.35206	0	0.795604	1
287	603	439	609	442	128	130	0.0561798	0	0.964835	1
288	221	206	212	206	128	133	0.0337079	0	0.452747	2
289	413	193	411	191	128	132	0.0224719	0	0.424176	2
290	408	154	441	158	128	140	0.183521	0	0.338462	1
291	453	188	450	186	128	129	0.0262172	0	0.413187	2
292	552	284	584	292	128	145	0.359551	0	0.624176	1
293	462	220	461	222	128	131	0.0187266	0	0.483516	2
294	500	441	514	442	128	129	0.0561798	0	0.969231	1
295	594	279	594	279	128	131	0	0	0.613187	1
296	500	302	498	303	129	130	0.011236	0	0.663736	2
297	461	260	460	260	129	130	0.00374532	0	0.571429	2
298	594	444	594	444	129	130	0	0	0.975824	1
299	622	279	620	281	129	130	0.0224719	0	0.613187	2
300	509	259	508	258	129	130	0.00749064	0	0.569231	2
301	310	275	314	276	129	130	0.0187266	0	0.604396	1
302	588	390	635	392	129	136	0.191011	0	0.857143	1
303	626	289	622	295	129	131	0.149813	0	0.635165	2
304	405	102	411	101	129	130	0.0262172	0	0.224176	1
305	462	247	458	246	129	130	0.0187266	0	0.542857	2
306	397	144	397	144	129	132	0	0	0.316484	1
307	510	376	510	376	129	130	0	0	0.826374	1
308	602	267	602	270	129	130	0.0337079	0	0.586813	1
309	452	223	449	225	129	132	0.0262172	0	0.49011	2
310	433	237	433	237	129	131	0	0	0.520879	1
311	509	330	498	331	130	131	0.0449438	0	0.725275	2
312	469	286	468	286	130	131	0.00374532	0	0.628571	2
313	555	438	571	436	130	132	0.0749064	0	0.962637	1
314	615	254	612	256	130	131	0.0262172	0	0.558242	2
315	514	365	518	363	130	131	0.0299625	0	0.802198	1
316	310	263	313	263	130	131	0.011236	0	0.578022	1
317	520	269	518	269	130	131	0.00749064	0	0.591209	2
318	456	200	455	200	130	131	0.00374532	0	0.43956	2
319	600	296	600	297	130	131	0.00374532	0	0.650549	1
320	583	447	583	447	130	132	0	0	0.982418	1
321	603	414	604	414	130	131	0.00374532	0	0.90989	1
322	516	157	494	166	130	145	0.385768	0	0.345055	2
323	317	277	328	277	131	134	0.0411985	0	0.608791	1
324	422	246	422	246	131	132	0	0	0.540659	1
325	548	435	566	439	131	133	0.127341	0	0.956044	1
326	662	329	667	329	131	132	0.0187266	0	0.723077	1
327	506	259	502	259	131	132	0.0149813	0	0.569231	2
328	493	319	487	318	131	132	0.0262172	0	0.701099	2
329	314	287	339	288	131	139	0.0973783	0	0.630769	1
330	508	366	515	361	131	132	0.11985	0	0.804396	1
331	503	297	499	303	131	134	0.149813	0	0.652747	2
332	415	276	413	276	131	132	0.00749064	0	0.606593	2
333	619	284	616	288	131	132	0.071161	0	0.624176	2
334	513	376	518	372	131	132	0.0786517	0	0.826374	1
335	552	342	559	341	131	132	0.0299625	0	0.751648	1
336	631	283	631	283	131	132	0	0	0.621978	1
337	509	318	504	322	131	134	0.0786517	0	0.698901	2
338	411	286	411	287	131	133	0.00374532	0	0.628571	1
339	567	425	576	426	132	133	0.0374532	0	0.934066	1
340	655	336	662	338	132	133	0.0411985	0	0.738462	1
341	493	308	491	309	132	133	0.011236	0	0.676923	2
342	429	145	431	145	132	133	0.00749064	0	0.318681	1
343	516	313	516	315	132	134	0.0149813	0	0.687912	1
344	444	189	442	189	132	133	0.00749064	0	0.415385	2
345	491	231	507	233	132	136	0.0749064	0	0.507692	1
346	224	237	223	237	132	133	0.00374532	0	0.520879	2
347	449	277	448	278	132	133	0.00749064	0	0.608791	2
348	484	334	499	336	133	139	0.071161	0	0.734066	1
349	481	253	487	253	133	134	0.0224719	0	0.556044	1
350	486	321	489	323	133	136	0.0262172	0	0.705495	1
351	417	304	421	307	133	134	0.0486891	0	0.668132	1
352	589	448	601	450	133	134	0.0599251	0	0.984615	1
353	502	261	504	261	133	134	0.00749064	0	0.573626	1
354	655	214	659	214	133	134	0.0149813	0	0.47033	1
355	438	263	442	263	133	134	0.0149813	0	0.578022	1
356	421	175	422	176	133	134	0.00749064	0	0.384615	1
357	528	366	546	365	133	134	0.071161	0	0.804396	1
358	456	197	461	198	133	134	0.0224719	0	0.432967	1
359	400	146	429	152	133	145	0.243446	0	0.320879	1
360	516	171	518	173	133	134	0.0224719	0	0.375824	1
361	634	284	662	291	133	145	0.28839	0	0.624176	1
362	612	261	625	265	133	136	0.108614	0	0.573626	1
363	464	222	469	223	133	134	0.0224719	0	0.487912	1
364	606	298	612	298	133	134	0.0224719	0	0.654945	1
365	303	249	311	250	133	134	0.0337079	0	0.547253	1
366	605	251	621	251	133	145	0.0599251	0	0.551648	1
367	596	278	601	278	133	134	0.0187266	0	0.610989	1
368	415	289	420	290	134	135	0.0224719	0	0.635165	1
369	623	295	644	297	134	142	0.093633	0	0.648352	1
370	216	206	220	204	134	135	0.0299625	0	0.452747	1
371	591	446	607	454	134	136	0.299625	0	0.98022	1
372	451	235	455	233	134	135	0.0299625	0	0.516484	1
373	672	342	690	342	134	137	0.0674157	0	0.751648	1
374	455	219	460	218	134	135	0.0224719	0	0.481319	1
375	618	419	626	420	135	136	0.0337079	0	0.920879	1
376	450	263	453	261	135	136	0.0262172	0	0.578022	1
377	495	254	502	253	135	138	0.0299625	0	0.558242	1
378	489	289	491	288	135	136	0.011236	0	0.635165	1
379	663	216	665	215	135	136	0.011236	0	0.474725	1
380	331	249	339	246	135	137	0.0636704	0	0.547253	1
381	438	252	440	253	135	136	0.011236	0	0.553846	1
382	623	306	638	309	135	143	0.0898876	0	0.672527	1
383	444	146	460	147	135	141	0.0636704	0	0.320879	1
384	528	272	531	272	135	136	0.011236	0	0.597802	1
385	681	278	696	281	135	143	0.0898876	0	0.610989	1
386	468	198	474	198	135	140	0.0224719	0	0.435165	1
387	638	453	647	452	135	137	0.0374532	0	0.995604	1
388	475	224	478	224	135	136	0.011236	0	0.492308	1
389	499	290	498	289	135	137	0.00749064	0	0.637363	2
390	336	276	345	274	135	138	0.0486891	0	0.606593	1
391	338	237	346	233	135	137	0.0898876	0	0.520879	1
392	449	284	455	283	135	137	0.0262172	0	0.624176	1
393	507	258	509	257	135	136	0.011236	0	0.567033	1
394	620	277	625	278	135	138	0.0224719	0	0.608791	1
395	609	429	625	431	135	137	0.0749064	0	0.942857	1
396	529	285	545	290	135	145	0.153558	0	0.626374	1
397	609	275	617	274	135	139	0.0337079	0	0.604396	1
398	599	433	608	435	135	136	0.0486891	0	0.951648	1
399	429	311	431	310	136	137	0.011236	0	0.683516	1
400	416	312	415	314	136	137	0.0187266	0	0.685714	2
401	515	321	514	319	136	137	0.0187266	0	0.705495	2
402	435	301	441	301	136	139	0.0224719	0	0.661538	1
403	612	406	630	415	136	139	0.370787	0	0.892308	1
404	344	262	347	261	136	137	0.0149813	0	0.575824	1
405	587	449	599	453	136	137	0.104869	0	0.986813	1
406	216	260	218	260	136	137	0.00749064	0	0.571429	1
407	513	277	511	278	136	137	0.011236	0	0.608791	2
408	633	421	646	423	137	139	0.0636704	0	0.925275	1
409	490	324	491	322	137	143	0.0187266	0	0.712088	1
410	626	267	631	264	137	142	0.0524345	0	0.586813	1
411	24	451	34	454	137	144	0.071161	0	0.991209	1
412	480	238	479	238	137	138	0.00374532	0	0.523077	2
413	332	260	334	258	137	138	0.0224719	0	0.571429	1
414	24	148	34	153	137	145	0.131086	0	0.325275	1
415	643	392	650	392	137	138	0.0262172	0	0.861538	1
416	469	237	467	234	137	138	0.0411985	0	0.520879	2
417	701	319	716	319	137	139	0.0561798	0	0.701099	1
418	528	263	538	268	137	145	0.131086	0	0.578022	1
419	430	170	434	170	137	139	0.0149813	0	0.373626	1
420	453	260	454	258	137	138	0.0187266	0	0.571429	1
421	481	225	483	227	137	139	0.0224719	0	0.494505	1
422	416	319	425	328	138	145	0.337079	0	0.701099	1
423	628	454	637	453	138	139	0.0374532	0	0.997802	1
424	499	304	498	302	138	139	0.0187266	0	0.668132	2
425	345	226	348	224	138	139	0.0262172	0	0.496703	1
426	433	287	437	291	138	140	0.0749064	0	0.630769	1
427	625	292	627	292	138	139	0.00749064	0	0.641758	1
428	641	434	676	438	138	143	0.191011	0	0.953846	1
429	640	448	649	448	138	139	0.0337079	0	0.984615	1
430	436	311	439	312	139	141	0.0149813	0	0.683516	1
431	471	266	472	266	139	140	0.00374532	0	0.584615	1
432	666	217	666	217	139	140	0	0	0.476923	1
433	473	223	476	222	139	141	0.0149813	0	0.49011	1
434	510	266	514	266	139	141	0.0149813	0	0.584615	1
435	638	433	675	443	139	145	0.513109	0	0.951648	1
436	487	147	489	147	139	140	0.00749064	0	0.323077	1
437	416	181	412	181	139	140	0.0149813	0	0.397802	2
438	480	285	480	285	139	140	0	0	0.626374	1
439	661	419	675	420	139	141	0.0561798	0	0.920879	1
440	512	184	511	185	139	140	0.00749064	0	0.404396	2
441	599	384	606	378	139	140	0.161049	0	0.843956	1
442	353	262	356	260	139	140	0.0262172	0	0.575824	1
443	501	335	502	333	140	141	0.0187266	0	0.736264	1
444	339	256	340	253	140	141	0.0374532	0	0.562637	1
445	462	287	464	287	140	141	0.00749064	0	0.630769	1
446	479	237	479	236	140	141	0.00374532	0	0.520879	1
447	517	300	518	295	140	141	0.0973783	0	0.659341	1
448	652	424	671	427	140	143	0.104869	0	0.931868	1
449	439	227	440	226	140	141	0.00749064	0	0.498901	1
450	343	289	346	292	140	145	0.0449438	0	0.635165	1
451	637	417	667	426	140	145	0.41573	0	0.916484	1
452	446	191	451	196	140	145	0.11236	0	0.41978	1
453	692	360	711	361	140	142	0.0749064	0	0.791209	1
454	497	285	497	281	140	141	0.0599251	0	0.626374	1
455	225	201	222	202	140	143	0.0149813	0	0.441758	2
456	461	229	460	227	140	142	0.0187266	0	0.503297	2
457	458	277	459	275	140	141	0.0187266	0	0.608791	1
458	449	211	448	211	140	144	0.00374532	0	0.463736	2
459	352	222	356	221	140	143	0.0187266	0	0.487912	1
460	423	204	419	202	140	141	0.0299625	0	0.448352	2
461	725	320	745	325	140	143	0.168539	0	0.703297	1
462	486	227	489	227	140	141	0.011236	0	0.498901	1
463	474	202	474	202	141	142	0	0	0.443956	1
464	473	266	473	266	141	142	0	0	0.584615	1
465	520	238	521	238	141	142	0.00374532	0	0.523077	1
466	444	302	442	301	141	143	0.011236	0	0.663736	2
467	361	258	363	259	141	145	0.011236	0	0.567033	1
468	451	225	450	224	141	142	0.00749064	0	0.494505	2
469	494	291	492	288	141	142	0.0411985	0	0.63956	2
470	454	294	453	292	141	143	0.0187266	0	0.646154	2
471	493	148	493	151	141	145	0.0337079	0	0.325275	1
472	502	332	499	330	142	143	0.0262172	0	0.72967	2
473	460	275	458	274	142	143	0.011236	0	0.604396	2
474	518	295	515	295	142	143	0.011236	0	0.648352	2
475	668	222	661	225	142	145	0.0599251	0	0.487912	2
476	477	223	475	224	142	144	0.011236	0	0.49011	2
477	518	265	517	265	142	143	0.00374532	0	0.582418	2
478	466	288	465	288	142	143	0.00374532	0	0.632967	2
479	679	378	682	378	142	143	0.011236	0	0.830769	1
480	682	398	694	404	142	144	0.179775	0	0.874725	1
481	495	278	489	275	142	145	0.0561798	0	0.610989	2
482	473	204	471	208	143	145	0.0674157	0	0.448352	2
483	722	365	733	370	143	144	0.134831	0	0.802198	1
484	629	263	627	262	143	145	0.011236	0	0.578022	2
485	362	266	365	267	143	144	0.0149813	0	0.584615	1
486	633	298	633	300	143	144	0.0149813	0	0.654945	1
487	409	237	409	240	143	145	0.0337079	0	0.520879	1
488	515	185	512	184	143	144	0.0149813	0	0.406593	2
489	517	233	518	232	143	144	0.00749064	0	0.512088	1
490	643	296	641	295	143	144	0.011236	0	0.650549	2
491	655	149	655	151	143	145	0.0149813	0	0.327473	1
492	458	227	456	227	143	144	0.00749064	0	0.498901	2
493	750	329	753	331	144	145	0.0262172	0	0.723077	1
494	683	442	689	444	144	145	0.0374532	0	0.971429	1
495	477	236	475	236	144	145	0.00749064	0	0.518681	2
496	404	197	398	197	144	145	0.0224719	0	0.432967	2
497	481	252	480	253	144	145	0.00749064	0	0.553846	2
498	466	290	466	292	144	145	0.0149813	0	0.637363	1
499	519	267	520	268	144	145	0.00749064	0	0.586813	1
500	470	270	471	271	144	145	0.00749064	0	0.593407	1
501	362	236	363	237	144	145	0.00749064	0	0.518681	1
502	697	283	696	284	144	145	0.00749064	0	0.621978	2
503	526	150	526	151	144	145	0.00374532	0	0.32967	1
504	640	311	638	310	144	145	0.011236	0	0.683516	2
505	408	228	407	230	144	145	0.0187266	0	0.501099	2