
0	410	254	419	253	22	27	0.172414	0	0.666667	1
1	425	242	425	240	22	24	0.0689655	0	0.635171	1
2	454	234	452	233	22	24	0.0517241	0	0.614173	2
3	459	265	455	266	22	23	0.0862069	0	0.695538	2
4	463	213	462	213	22	23	0.0172414	0	0.559055	2
5	382	230	382	230	22	23	0	0	0.603675	1
6	236	244	236	247	22	34	0.155172	0	0.64042	1
7	462	255	460	255	23	24	0.0344828	0	0.669291	2
8	430	221	430	218	23	24	0.155172	0	0.580052	1
9	527	274	521	274	23	27	0.103448	0	0.71916	2
10	376	65	377	66	23	25	0.0344828	0	0.170604	1
11	479	265	478	266	23	25	0.0344828	0	0.695538	2
12	461	44	468	47	23	35	0.275862	0	0.115486	1
13	454	267	453	267	24	26	0.0172414	0	0.700787	2
14	471	255	468	254	24	26	0.0689655	0	0.669291	2
15	504	243	504	243	24	26	0	0	0.637795	1
16	384	230	385	229	24	25	0.0344828	0	0.603675	1
17	506	208	507	211	24	29	0.172414	0	0.545932	1
18	404	37	409	40	24	37	0.241379	0	0.0971129	1
19	424	252	425	251	25	26	0.0344828	0	0.661417	1
20	385	251	385	252	25	26	0.0172414	0	0.658793	1
21	229	50	229	50	25	26	0	0	0.131234	1
22	373	36	372	37	25	29	0.0344828	0	0.0944882	2
23	456	255	452	253	25	27	0.137931	0	0.669291	2
24	426	239	427	238	25	26	0.0344828	0	0.627297	1
25	194	47	203	53	25	51	0.775862	0	0.12336	1
26	441	227	440	225	25	26	0.0862069	0	0.595801	2
27	404	186	404	186	25	26	0	0	0.488189	1
28	426	226	427	224	26	28	0.0862069	0	0.593176	1
29	468	199	465	200	26	27	0.0689655	0	0.52231	2
30	309	47	315	52	26	40	0.534483	0	0.12336	1
31	598	205	598	209	26	29	0.275862	0	0.538058	1
32	418	265	426	263	26	29	0.206897	0	0.695538	1
33	598	241	598	243	26	28	0.0689655	0	0.632546	1
34	225	226	227	224	26	27	0.103448	0	0.593176	1
35	387	35	387	36	26	29	0.0172414	0	0.0918635	1
36	522	286	520	286	26	29	0.0344828	0	0.750656	2
37	405	251	407	251	26	27	0.0344828	0	0.658793	1
38	328	211	335	210	26	29	0.137931	0	0.553806	1
39	91	49	100	56	26	60	1	0	0.128609	1
40	424	235	424	235	27	28	0	0	0.616798	1
41	501	246	501	246	27	28	0	0	0.645669	1
42	431	214	431	214	27	28	0	0	0.56168	1
43	390	227	390	227	27	28	0	0	0.595801	1
44	596	225	595	229	27	30	0.293103	0	0.590551	2
45	476	226	475	226	27	28	0.0172414	0	0.593176	2
46	50	56	59	63	27	60	1	0	0.146982	1
47	440	226	439	225	27	28	0.0344828	0	0.593176	2
48	443	157	440	159	27	31	0.12069	0	0.412073	2
49	464	204	461	205	28	29	0.0689655	0	0.535433	2
50	452	266	451	266	28	29	0.0172414	0	0.698163	2
51	430	251	432	251	28	29	0.0344828	0	0.658793	1
52	409	242	410	242	28	29	0.0172414	0	0.635171	1
53	461	223	459	223	28	29	0.0344828	0	0.585302	2
54	242	58	242	58	28	29	0	0	0.152231	1
55	518	276	516	276	28	29	0.0344828	0	0.724409	2
56	472	267	468	266	28	29	0.0862069	0	0.700787	2
57	451	252	449	251	28	29	0.0517241	0	0.661417	2
58	420	252	422	252	28	29	0.0344828	0	0.661417	1
59	408	253	409	253	28	29	0.0172414	0	0.664042	1
60	496	265	495	265	29	30	0.0172414	0	0.695538	2
61	235	47	234	47	29	30	0.0172414	0	0.12336	2
62	155	72	169	77	29	60	0.672414	0	0.188976	1
63	599	239	599	239	29	30	0	0	0.627297	1
64	426	255	433	256	30	34	0.137931	0	0.669291	1
65	458	209	456	209	30	31	0.0344828	0	0.548556	2
66	450	268	448	268	30	31	0.0344828	0	0.703412	2
67	243	61	244	62	30	34	0.0344828	0	0.160105	1
68	609	232	612	235	30	35	0.206897	0	0.608924	1
69	598	199	599	201	30	35	0.0862069	0	0.52231	1
70	515	294	518	299	30	40	0.482759	0	0.771654	1
71	596	213	599	214	30	35	0.0689655	0	0.559055	1
72	448	252	446	252	30	31	0.0344828	0	0.661417	2
73	405	227	407	228	30	33	0.0517241	0	0.595801	1
74	520	261	515	262	30	32	0.103448	0	0.685039	2
75	457	219	455	219	30	32	0.0344828	0	0.574803	2
76	523	274	522	275	30	31	0.0344828	0	0.71916	2
77	436	254	438	253	30	31	0.0517241	0	0.666667	1
78	310	93	319	96	30	51	0.310345	0	0.244094	1
79	387	38	388	39	30	34	0.0344828	0	0.0997375	1
80	368	41	377	44	30	44	0.310345	0	0.107612	1
81	428	266	432	266	30	32	0.0689655	0	0.698163	1
82	388	197	392	196	30	35	0.0862069	0	0.51706	1
83	412	254	413	253	30	31	0.0344828	0	0.666667	1
84	405	207	404	208	30	31	0.0344828	0	0.543307	2
85	749	81	760	86	30	60	0.62069	0	0.212598	1
86	549	293	547	294	30	33	0.0517241	0	0.769029	2
87	594	230	594	230	31	34	0	0	0.603675	1
88	450	231	450	229	31	32	0.0689655	0	0.606299	1
89	510	215	511	216	31	32	0.0344828	0	0.564304	1
90	239	48	240	49	31	36	0.0344828	0	0.125984	1
91	493	265	490	264	31	32	0.0689655	0	0.695538	2
92	435	213	436	212	31	32	0.0344828	0	0.559055	1
93	398	269	402	268	31	32	0.0862069	0	0.706037	1
94	459	206	459	206	32	33	0	0	0.540682	1
95	212	49	227	53	32	60	0.534483	0	0.128609	1
96	449	270	448	270	32	33	0.0172414	0	0.708661	2
97	519	273	515	274	32	33	0.0862069	0	0.716535	2
98	133	60	142	65	32	60	0.586207	0	0.15748	1
99	439	159	435	160	32	36	0.0862069	0	0.417323	2
100	439	239	440	238	32	33	0.0344828	0	0.627297	1
101	385	227	385	227	32	33	0	0	0.595801	1
102	239	227	239	227	32	33	0	0	0.595801	1
103	406	260	407	259	33	34	0.0344828	0	0.682415	1
104	434	266	435	266	33	34	0.0172414	0	0.698163	1
105	433	210	434	209	33	34	0.0344828	0	0.551181	1
106	604	259	607	259	33	36	0.0517241	0	0.67979	1
107	514	263	511	263	33	34	0.0517241	0	0.690289	2
108	222	50	229	50	33	38	0.12069	0	0.131234	1
109	598	245	598	245	33	34	0	0	0.643045	1
110	504	209	518	211	33	42	0.310345	0	0.548556	1
111	424	243	426	243	33	34	0.0344828	0	0.637795	1
112	396	267	421	272	33	40	0.862069	0	0.700787	1
113	759	75	768	79	33	59	0.431034	0	0.19685	1
114	516	222	517	222	34	35	0.0172414	0	0.582677	1
115	441	238	442	237	34	35	0.0344828	0	0.624672	1
116	240	228	242	228	34	36	0.0344828	0	0.598425	1
117	469	239	469	237	34	35	0.0689655	0	0.627297	1
118	24	381	32	385	34	60	0.413793	0	1	1
119	409	230	411	229	34	35	0.0517241	0	0.603675	1
120	508	284	506	284	34	35	0.0344828	0	0.745407	2
121	596	230	600	227	35	37	0.224138	0	0.603675	1
122	509	265	507	265	35	36	0.0344828	0	0.695538	2
123	412	261	415	261	35	36	0.0517241	0	0.685039	1
124	245	62	254	63	35	42	0.172414	0	0.16273	1
125	428	243	434	242	35	37	0.12069	0	0.637795	1
126	466	202	468	201	35	36	0.0517241	0	0.530184	1
127	438	269	440	269	35	36	0.0344828	0	0.706037	1
128	595	253	602	255	35	37	0.189655	0	0.664042	1
129	512	247	513	247	35	36	0.0172414	0	0.648294	1
130	501	248	498	248	35	37	0.0517241	0	0.650919	2
131	600	201	606	202	36	44	0.12069	0	0.527559	1
132	509	275	506	276	36	37	0.0689655	0	0.721785	2
133	602	215	605	213	36	38	0.12069	0	0.564304	1
134	401	232	402	232	36	37	0.0172414	0	0.608924	1
135	521	222	524	221	36	37	0.0689655	0	0.582677	1
136	415	229	418	228	36	37	0.0689655	0	0.60105	1
137	412	245	419	245	36	38	0.12069	0	0.643045	1
138	398	198	403	198	36	40	0.0862069	0	0.519685	1
139	473	241	474	240	37	38	0.0344828	0	0.632546	1
140	473	268	473	267	37	38	0.0172414	0	0.703412	1
141	505	266	503	266	37	38	0.0344828	0	0.698163	2
142	445	232	447	231	37	38	0.0517241	0	0.608924	1
143	243	50	247	50	37	42	0.0689655	0	0.131234	1
144	439	201	440	200	37	38	0.0344828	0	0.527559	1
145	469	203	470	203	37	38	0.0172414	0	0.532808	1
146	434	157	418	156	37	46	0.293103	0	0.412073	2
147	245	229	249	232	37	54	0.224138	0	0.60105	1
148	503	276	499	276	38	39	0.0689655	0	0.724409	2
149	404	231	405	230	38	39	0.0344828	0	0.606299	1
150	465	230	465	230	38	39	0	0	0.603675	1
151	508	287	506	289	38	41	0.103448	0	0.753281	2
152	400	211	398	209	38	39	0.103448	0	0.553806	2
153	530	226	531	226	38	40	0.0172414	0	0.593176	1
154	353	252	356	252	38	39	0.0517241	0	0.661417	1
155	617	232	619	231	38	40	0.0517241	0	0.608924	1
156	601	228	602	227	38	39	0.0344828	0	0.598425	1
157	496	250	493	250	38	39	0.0517241	0	0.656168	2
158	421	227	422	226	38	39	0.0344828	0	0.595801	1
159	464	53	476	56	38	60	0.362069	0	0.139108	1
160	540	258	543	259	38	44	0.0689655	0	0.677165	1
161	598	214	600	215	39	44	0.0517241	0	0.56168	1
162	468	240	468	240	39	40	0	0	0.629921	1
163	475	202	476	202	39	40	0.0172414	0	0.530184	1
164	442	200	442	199	39	40	0.0172414	0	0.524934	1
165	474	267	474	267	39	40	0	0	0.700787	1
166	230	51	235	53	39	57	0.155172	0	0.133858	1
167	608	211	611	214	39	44	0.206897	0	0.553806	1
168	610	248	611	248	39	40	0.0172414	0	0.650919	1
169	469	34	473	35	39	44	0.0862069	0	0.0892388	1
170	476	213	478	213	39	40	0.0344828	0	0.559055	1
171	522	269	517	267	40	42	0.155172	0	0.706037	2
172	448	252	450	252	40	41	0.0344828	0	0.661417	1
173	609	226	610	226	40	41	0.0172414	0	0.593176	1
174	490	252	483	253	40	42	0.137931	0	0.661417	2
175	458	251	459	251	40	41	0.0172414	0	0.658793	1
176	470	265	470	264	41	43	0.0172414	0	0.695538	1
177	477	204	481	205	41	44	0.0862069	0	0.535433	1
178	315	58	316	57	41	44	0.0344828	0	0.152231	1
179	610	249	612	251	41	43	0.103448	0	0.653543	1
180	483	227	486	227	41	42	0.0517241	0	0.595801	1
181	426	272	428	272	41	42	0.0344828	0	0.713911	1
182	455	234	456	234	41	42	0.0172414	0	0.614173	1
183	623	230	625	232	41	43	0.103448	0	0.603675	1
184	469	227	468	227	41	42	0.0172414	0	0.595801	2
185	422	225	423	226	41	43	0.0344828	0	0.590551	1
186	434	201	433	201	41	42	0.0172414	0	0.527559	2
187	470	246	470	247	42	43	0.0172414	0	0.645669	1
188	607	227	609	229	42	44	0.103448	0	0.595801	1
189	385	72	384	74	42	54	0.0862069	0	0.188976	2
190	530	229	529	229	42	43	0.0172414	0	0.60105	2
191	430	275	430	277	43	44	0.0689655	0	0.721785	1
192	330	104	329	106	43	60	0.0862069	0	0.272966	2
193	247	52	247	52	43	44	0	0	0.136483	1
194	491	229	493	230	43	44	0.0517241	0	0.60105	1
195	388	226	392	227	43	44	0.0862069	0	0.593176	1
196	392	212	389	212	43	44	0.0517241	0	0.55643	2
197	623	242	623	243	43	44	0.0172414	0	0.635171	1
198	164	65	165	67	43	60	0.0862069	0	0.170604	1
199	623	222	624	227	43	46	0.448276	0	0.582677	1
200	444	201	443	201	43	44	0.0172414	0	0.527559	2
201	529	225	529	227	44	46	0.0689655	0	0.590551	1
202	614	258	615	261	44	46	0.172414	0	0.677165	1
203	260	51	259	53	45	60	0.0862069	0	0.133858	2
204	607	211	607	212	45	46	0.0172414	0	0.553806	1
205	247	51	248	51	45	50	0.0172414	0	0.133858	1
206	431	280	435	280	45	47	0.0689655	0	0.734908	1
207	475	34	484	36	45	60	0.224138	0	0.0892388	1
208	438	264	441	266	45	46	0.12069	0	0.692913	1
209	486	211	487	210	45	46	0.0344828	0	0.553806	1
210	404	209	402	208	45	46	0.0517241	0	0.548556	2
211	456	261	459	262	45	46	0.0689655	0	0.685039	1
212	396	262	405	265	45	47	0.310345	0	0.687664	1
213	459	234	463	233	45	48	0.0862069	0	0.614173	1
214	388	210	386	209	45	46	0.0517241	0	0.551181	2
215	625	240	626	241	45	46	0.0344828	0	0.629921	1
216	379	45	378	47	45	60	0.0862069	0	0.11811	2
217	452	245	455	245	45	47	0.0517241	0	0.643045	1
218	34	121	33	123	45	60	0.0862069	0	0.317585	2
219	452	288	458	290	45	48	0.172414	0	0.755906	1
220	611	221	611	222	45	46	0.0172414	0	0.580052	1
221	397	230	401	231	45	46	0.0862069	0	0.603675	1
222	490	259	486	260	45	46	0.0862069	0	0.67979	2
223	426	296	425	297	45	51	0.0344828	0	0.776903	2
224	495	233	496	234	45	49	0.0344828	0	0.611549	1
225	625	268	629	273	45	49	0.5	0	0.703412	1
226	761	54	762	56	45	60	0.0862069	0	0.141732	1
227	430	247	430	247	46	47	0	0	0.648294	1
228	471	272	466	273	46	47	0.103448	0	0.713911	2
229	473	250	473	250	46	47	0	0	0.656168	1
230	434	209	436	209	46	48	0.0344828	0	0.548556	1
231	30	68	28	69	46	53	0.0517241	0	0.178478	2
232	531	251	530	251	46	47	0.0172414	0	0.658793	2
233	24	111	24	111	46	49	0	0	0.291339	1
234	609	214	609	215	47	48	0.0172414	0	0.56168	1
235	436	258	438	260	47	48	0.103448	0	0.677165	1
236	615	262	617	265	47	54	0.189655	0	0.687664	1
237	399	208	397	207	47	48	0.0517241	0	0.545932	2
238	331	257	331	257	47	48	0	0	0.674541	1
239	443	248	443	247	47	48	0.0172414	0	0.650919	1
240	611	236	611	240	47	49	0.275862	0	0.619423	1
241	417	158	408	162	47	51	0.431034	0	0.414698	2
242	394	258	398	258	47	48	0.0689655	0	0.677165	1
243	428	269	431	271	47	49	0.12069	0	0.706037	1
244	383	213	379	214	47	49	0.0862069	0	0.559055	2
245	449	273	450	273	48	49	0.0172414	0	0.716535	1
246	437	282	438	283	48	49	0.0344828	0	0.740157	1
247	529	228	529	228	48	49	0	0	0.598425	1
248	613	225	616	229	48	55	0.327586	0	0.590551	1
249	486	209	488	207	48	50	0.103448	0	0.548556	1
250	456	247	457	247	48	49	0.0172414	0	0.648294	1
251	410	268	415	269	48	51	0.103448	0	0.703412	1
252	601	216	600	216	49	52	0.0172414	0	0.566929	2
253	331	256	330	256	49	51	0.0172414	0	0.671916	2
254	394	210	391	210	49	50	0.0517241	0	0.551181	2
255	611	216	611	216	49	50	0	0	0.566929	1
256	405	175	403	174	49	50	0.0517241	0	0.459318	2
257	535	267	534	269	49	50	0.0862069	0	0.700787	2
258	470	236	470	235	49	50	0.0172414	0	0.619423	1
259	472	220	471	220	49	53	0.0172414	0	0.577428	2
260	486	301	479	302	49	50	0.137931	0	0.790026	2
261	415	251	418	251	50	51	0.0517241	0	0.658793	1
262	438	283	438	283	50	51	0	0	0.742782	1
263	439	209	439	209	50	51	0	0	0.548556	1
264	527	230	525	233	50	52	0.189655	0	0.603675	2
265	631	274	632	277	50	57	0.172414	0	0.71916	1
266	611	241	612	242	50	52	0.0344828	0	0.632546	1
267	456	289	452	290	50	51	0.0862069	0	0.75853	2
268	333	234	336	233	50	51	0.0689655	0	0.614173	1
269	403	39	402	40	50	60	0.0344828	0	0.102362	2
270	249	53	250	53	51	55	0.0172414	0	0.139108	1
271	392	212	390	213	51	52	0.0517241	0	0.55643	2
272	534	270	532	270	51	53	0.0344828	0	0.708661	2
273	458	253	459	253	51	52	0.0172414	0	0.664042	1
274	350	47	350	48	51	59	0.0172414	0	0.12336	1
275	468	233	470	233	51	53	0.0344828	0	0.611549	1
276	613	218	613	218	51	55	0	0	0.572178	1
277	420	202	418	202	51	53	0.0344828	0	0.530184	2
278	478	304	476	305	51	53	0.0517241	0	0.7979	2
279	409	217	407	217	51	55	0.0344828	0	0.569554	2
280	319	100	318	100	52	60	0.0172414	0	0.262467	2
281	437	283	435	281	52	53	0.103448	0	0.742782	2
282	441	214	442	216	52	54	0.0862069	0	0.56168	1
283	406	163	403	164	52	53	0.0689655	0	0.427822	2
284	472	266	473	265	52	53	0.0344828	0	0.698163	1
285	414	188	412	187	52	53	0.0517241	0	0.493438	2
286	260	63	261	64	52	59	0.0344828	0	0.165354	1
287	602	219	601	220	53	60	0.0344828	0	0.574803	2
288	426	253	428	253	53	54	0.0344828	0	0.664042	1
289	525	235	522	236	53	54	0.0689655	0	0.616798	2
290	389	214	388	213	53	54	0.0344828	0	0.56168	2
291	614	243	616	242	53	55	0.0517241	0	0.637795	1
292	389	225	387	225	53	55	0.0344828	0	0.590551	2
293	208	55	208	55	53	59	0	0	0.144357	1
294	435	281	434	281	54	55	0.0172414	0	0.737533	2
295	318	56	317	56	54	60	0.0172414	0	0.146982	2
296	411	239	411	238	54	55	0.0172414	0	0.627297	1
297	477	270	478	270	54	56	0.0172414	0	0.708661	1
298	495	205	497	207	54	56	0.103448	0	0.538058	1
299	474	235	476	235	54	55	0.0344828	0	0.616798	1
300	422	200	422	200	54	57	0	0	0.524934	1
301	490	299	484	298	54	55	0.12069	0	0.784777	2
302	479	256	483	257	54	57	0.0862069	0	0.671916	1
303	485	239	489	241	54	56	0.137931	0	0.627297	1
304	434	227	434	227	54	55	0	0	0.595801	1
305	434	253	440	252	55	56	0.12069	0	0.664042	1
306	444	284	443	284	55	56	0.0172414	0	0.745407	2
307	521	239	519	240	55	56	0.0517241	0	0.627297	2
308	457	259	457	259	55	56	0	0	0.67979	1
309	159	93	158	93	55	60	0.0172414	0	0.244094	2
310	433	283	431	284	56	57	0.0517241	0	0.742782	2
311	413	249	412	249	56	57	0.0172414	0	0.653543	2
312	617	227	617	228	56	59	0.0172414	0	0.595801	1
313	469	283	468	280	56	58	0.172414	0	0.742782	2
314	411	239	411	238	56	58	0.0172414	0	0.627297	1
315	514	250	511	251	56	57	0.0689655	0	0.656168	2
316	387	225	387	225	56	57	0	0	0.590551	1
317	386	213	385	212	56	57	0.0344828	0	0.559055	2
318	401	173	401	174	56	59	0.0172414	0	0.454068	1
319	632	245	632	245	56	58	0	0	0.643045	1
320	435	229	435	229	56	57	0	0	0.60105	1
321	454	269	453	269	56	57	0.0172414	0	0.706037	2
322	408	218	407	218	56	59	0.0172414	0	0.572178	2
323	436	212	436	212	57	58	0	0	0.55643	1
324	515	238	514	239	57	58	0.0344828	0	0.624672	2
325	499	209	500	211	57	59	0.0862069	0	0.548556	1
326	463	266	463	265	57	58	0.0172414	0	0.698163	1
327	509	261	508	261	57	58	0.0172414	0	0.685039	2
328	27	70	27	70	57	60	0	0	0.183727	1
329	435	274	432	275	57	60	0.0689655	0	0.71916	2
330	361	46	361	46	57	60	0	0	0.120735	1
331	422	252	422	251	58	59	0.0172414	0	0.661417	1
332	431	286	430	286	58	59	0.0172414	0	0.750656	2
333	412	248	411	247	58	59	0.0344828	0	0.650919	2
334	396	234	396	232	58	59	0.0689655	0	0.614173	1
335	236	54	236	54	58	60	0	0	0.141732	1
336	455	232	458	231	58	59	0.0689655	0	0.608924	1
337	491	271	492	271	58	59	0.0172414	0	0.711286	1
338	423	201	423	201	58	59	0	0	0.527559	1
339	486	206	487	208	58	60	0.0862069	0	0.540682	1
340	601	171	601	171	59	60	0	0	0.448819	1
341	469	278	470	276	59	60	0.0862069	0	0.729659	1
342	436	205	437	206	59	60	0.0344828	0	0.538058	1
343	432	260	437	262	59	60	0.155172	0	0.682415	1
344	462	292	462	292	59	60	0	0	0.766404	1