
0	472	246	471	245	167	168	0.00796813	0	0.602941	2
1	416	213	417	210	167	168	0.0398406	0	0.522059	1
2	490	155	489	155	167	168	0.00398406	0	0.379902	2
3	499	194	494	193	168	169	0.0239044	0	0.47549	2
4	562	187	561	186	168	169	0.00796813	0	0.458333	2
5	463	276	463	276	168	171	0	0	0.676471	1
6	458	219	457	217	168	169	0.0199203	0	0.536765	2
7	419	208	420	204	169	170	0.0677291	0	0.509804	1
8	486	255	486	254	169	171	0.00398406	0	0.625	1
9	403	191	403	188	169	170	0.0358566	0	0.468137	1
10	302	224	303	210	169	173	0.784861	0	0.54902	1
11	415	227	415	224	169	170	0.0358566	0	0.556373	1
12	573	192	571	191	169	172	0.0119522	0	0.470588	2
13	379	178	377	176	170	171	0.0239044	0	0.436275	2
14	313	375	313	375	170	171	0	0	0.919118	1
15	473	235	472	234	170	171	0.00796813	0	0.57598	2
16	594	228	593	227	170	171	0.00796813	0	0.558824	2
17	407	234	408	228	170	173	0.14741	0	0.573529	1
18	315	220	314	219	170	178	0.00796813	0	0.539216	2
19	501	276	496	272	170	174	0.0836653	0	0.676471	2
20	504	243	498	243	170	171	0.0239044	0	0.595588	2
21	381	256	381	255	170	171	0.00398406	0	0.627451	1
22	413	246	416	235	171	174	0.494024	0	0.602941	1
23	471	244	464	241	171	175	0.063745	0	0.598039	2
24	495	187	490	186	171	173	0.0239044	0	0.458333	2
25	415	202	416	199	171	172	0.0398406	0	0.495098	1
26	309	376	309	374	172	177	0.0159363	0	0.921569	1
27	376	175	374	174	172	173	0.0119522	0	0.428922	2
28	731	178	727	178	172	179	0.0159363	0	0.436275	2
29	329	378	329	377	172	175	0.00398406	0	0.926471	1
30	581	244	579	243	172	173	0.0119522	0	0.598039	2
31	345	271	344	271	172	173	0.00398406	0	0.664216	2
32	594	228	593	227	172	179	0.00796813	0	0.558824	2
33	482	175	479	175	172	173	0.0119522	0	0.428922	2
34	431	136	433	136	172	173	0.00796813	0	0.333333	1
35	546	168	543	166	172	173	0.0278884	0	0.411765	2
36	683	258	681	255	173	175	0.0438247	0	0.632353	2
37	374	234	374	231	173	174	0.0358566	0	0.573529	1
38	221	173	219	174	173	174	0.0119522	0	0.42402	2
39	475	211	474	210	173	174	0.00796813	0	0.517157	2
40	571	192	570	191	173	174	0.00796813	0	0.470588	2
41	324	354	342	357	173	179	0.10757	0	0.867647	1
42	219	211	219	211	173	177	0	0	0.517157	1
43	433	182	434	182	173	174	0.00398406	0	0.446078	1
44	475	185	471	183	173	175	0.0318725	0	0.453431	2
45	466	155	462	153	173	175	0.0318725	0	0.379902	2
46	460	305	458	303	174	176	0.0239044	0	0.747549	2
47	406	230	409	226	174	176	0.0756972	0	0.563725	1
48	552	169	549	171	174	175	0.0278884	0	0.414216	2
49	584	247	583	245	174	176	0.0199203	0	0.605392	2
50	440	166	441	166	174	175	0.00398406	0	0.406863	1
51	356	238	358	237	174	177	0.0119522	0	0.583333	1
52	350	252	354	251	174	176	0.0199203	0	0.617647	1
53	577	374	579	374	174	178	0.00796813	0	0.916667	1
54	481	148	477	148	174	175	0.0159363	0	0.362745	2
55	425	193	427	190	174	175	0.0438247	0	0.473039	1
56	279	208	279	207	174	175	0.00398406	0	0.509804	1
57	300	208	299	202	174	176	0.14741	0	0.509804	2
58	579	236	579	235	174	175	0.00398406	0	0.578431	1
59	454	267	453	266	174	176	0.00796813	0	0.654412	2
60	546	138	491	124	174	194	1	0	0.338235	2
61	453	130	459	129	174	176	0.0278884	0	0.318627	1
62	418	233	419	228	175	176	0.103586	0	0.571078	1
63	493	273	489	273	175	176	0.0159363	0	0.669118	2
64	482	159	479	159	175	177	0.0119522	0	0.389706	2
65	392	253	392	252	175	177	0.00398406	0	0.620098	1
66	570	217	568	216	175	176	0.0119522	0	0.531863	2
67	395	235	396	234	175	176	0.00796813	0	0.57598	1
68	603	391	604	391	176	177	0.00398406	0	0.958333	1
69	468	277	468	276	176	177	0.00398406	0	0.678922	1
70	681	254	681	257	176	180	0.0358566	0	0.622549	1
71	606	403	620	405	176	192	0.0717131	0	0.987745	1
72	276	218	276	218	176	177	0	0	0.534314	1
73	689	271	689	270	176	178	0.00398406	0	0.664216	1
74	572	243	569	244	176	177	0.0159363	0	0.595588	2
75	296	383	296	382	176	177	0.00398406	0	0.938725	1
76	468	151	463	151	176	178	0.0199203	0	0.370098	2
77	431	189	433	187	176	177	0.0239044	0	0.463235	1
78	472	133	470	133	176	177	0.00796813	0	0.32598	2
79	455	322	452	322	176	177	0.0119522	0	0.789216	2
80	467	262	466	260	177	179	0.0199203	0	0.642157	2
81	348	381	348	380	177	178	0.00398406	0	0.933824	1
82	422	225	424	220	177	178	0.10757	0	0.551471	1
83	457	304	455	303	177	178	0.0119522	0	0.745098	2
84	357	254	362	253	177	178	0.0239044	0	0.622549	1
85	299	200	302	191	177	181	0.334661	0	0.490196	1
86	582	244	578	241	177	178	0.0517928	0	0.598039	2
87	453	262	450	255	177	180	0.207171	0	0.642157	2
88	339	285	338	286	177	179	0.00796813	0	0.698529	2
89	483	333	482	332	177	179	0.00796813	0	0.816176	2
90	685	281	684	282	177	179	0.00796813	0	0.688725	2
91	393	175	392	171	177	179	0.0677291	0	0.428922	2
92	599	381	608	385	177	183	0.0996016	0	0.933824	1
93	577	233	573	231	177	178	0.0318725	0	0.571078	2
94	561	189	559	187	177	178	0.0239044	0	0.463235	2
95	385	219	386	218	177	179	0.00796813	0	0.536765	1
96	352	331	483	326	177	205	0.621514	0	0.811275	1
97	608	393	610	393	178	179	0.00796813	0	0.963235	1
98	595	371	622	369	178	190	0.123506	0	0.909314	1
99	469	275	455	270	178	183	0.155378	0	0.67402	2
100	316	373	319	372	178	179	0.0159363	0	0.914216	1
101	391	251	392	249	178	179	0.0199203	0	0.615196	1
102	219	213	218	213	178	182	0.00398406	0	0.522059	2
103	449	324	448	324	178	181	0.00398406	0	0.794118	2
104	567	245	566	245	178	179	0.00398406	0	0.60049	2
105	476	218	475	218	178	179	0.00398406	0	0.534314	2
106	513	225	512	225	178	181	0.00398406	0	0.551471	2
107	538	174	523	163	178	181	0.541833	0	0.426471	2
108	358	238	359	238	178	179	0.00398406	0	0.583333	1
109	581	376	582	376	179	180	0.00398406	0	0.921569	1
110	368	254	372	251	179	180	0.0517928	0	0.622549	1
111	314	220	314	219	179	182	0.00398406	0	0.539216	1
112	417	219	420	216	179	180	0.0478088	0	0.536765	1
113	283	235	282	234	179	180	0.00796813	0	0.57598	2
114	461	152	460	150	179	180	0.0199203	0	0.372549	2
115	564	189	563	189	179	180	0.00398406	0	0.463235	2
116	449	268	447	267	179	180	0.0119522	0	0.656863	2
117	276	219	276	218	179	182	0.00398406	0	0.536765	1
118	582	241	570	234	179	181	0.243028	0	0.590686	2
119	743	129	764	128	179	185	0.0876494	0	0.316176	1
120	354	401	354	401	179	205	0	0	0.982843	1
121	493	285	489	281	179	181	0.0796813	0	0.698529	2
122	462	316	456	315	180	181	0.0278884	0	0.77451	2
123	613	394	615	394	180	182	0.00796813	0	0.965686	1
124	726	179	724	179	180	182	0.00796813	0	0.438725	2
125	396	250	400	248	180	181	0.0318725	0	0.612745	1
126	339	282	340	282	180	183	0.00398406	0	0.691176	1
127	238	193	237	184	180	188	0.326693	0	0.473039	2
128	391	169	391	157	180	194	0.573705	0	0.414216	1
129	475	217	475	217	180	182	0	0	0.531863	1
130	434	292	431	290	180	181	0.0278884	0	0.715686	2
131	593	228	593	228	180	205	0	0	0.558824	1
132	359	162	353	161	180	183	0.0278884	0	0.397059	2
133	537	168	535	164	180	181	0.0717131	0	0.411765	2
134	678	237	676	240	180	182	0.0438247	0	0.580882	2
135	241	212	241	212	180	205	0	0	0.519608	1
136	681	260	675	254	181	189	0.167331	0	0.637255	2
137	468	319	461	318	181	182	0.0318725	0	0.781863	2
138	375	249	375	244	181	183	0.0996016	0	0.610294	1
139	529	178	524	176	181	182	0.0358566	0	0.436275	2
140	450	254	450	251	181	182	0.0358566	0	0.622549	1
141	467	146	468	146	181	182	0.00398406	0	0.357843	1
142	421	215	424	213	181	182	0.0278884	0	0.526961	1
143	584	375	588	376	181	183	0.0199203	0	0.919118	1
144	357	251	359	250	181	182	0.0119522	0	0.615196	1
145	441	184	442	183	181	182	0.00796813	0	0.45098	1
146	355	266	358	267	181	182	0.0159363	0	0.651961	1
147	344	385	344	385	181	183	0	0	0.943627	1
148	447	268	444	267	181	182	0.0159363	0	0.656863	2
149	455	201	454	201	181	182	0.00398406	0	0.492647	2
150	334	388	334	387	181	183	0.00398406	0	0.95098	1
151	283	232	283	226	181	183	0.143426	0	0.568627	1
152	405	246	410	244	182	183	0.0358566	0	0.602941	1
153	358	379	358	379	182	183	0	0	0.928922	1
154	481	290	474	289	182	183	0.0318725	0	0.710784	2
155	533	163	529	162	182	183	0.0199203	0	0.39951	2
156	301	233	309	233	182	186	0.0318725	0	0.571078	1
157	568	246	567	245	182	183	0.00796813	0	0.602941	2
158	521	162	519	162	182	183	0.00796813	0	0.397059	2
159	439	211	439	210	183	184	0.00398406	0	0.517157	1
160	724	180	718	180	183	191	0.0239044	0	0.441176	2
161	398	253	404	251	183	184	0.0398406	0	0.620098	1
162	454	317	445	316	183	184	0.0398406	0	0.776961	2
163	444	184	445	182	183	184	0.0199203	0	0.45098	1
164	427	212	429	210	183	184	0.0239044	0	0.519608	1
165	373	164	372	161	183	184	0.0398406	0	0.401961	2
166	751	184	751	183	183	188	0.00398406	0	0.45098	1
167	306	191	314	178	183	192	0.705179	0	0.468137	1
168	451	162	451	160	183	184	0.0159363	0	0.397059	1
169	369	234	392	231	183	191	0.12749	0	0.573529	1
170	515	219	515	218	183	186	0.00398406	0	0.536765	1
171	384	254	384	252	183	184	0.0159363	0	0.622549	1
172	518	147	513	145	183	184	0.0358566	0	0.360294	2
173	684	284	683	283	183	186	0.00796813	0	0.696078	2
174	470	153	472	153	183	184	0.00796813	0	0.375	1
175	344	385	343	385	184	185	0.00398406	0	0.943627	2
176	377	242	386	237	184	187	0.135458	0	0.593137	1
177	610	386	616	385	184	186	0.0278884	0	0.946078	1
178	417	222	420	220	184	185	0.0278884	0	0.544118	1
179	433	245	433	245	184	185	0	0	0.60049	1
180	336	375	344	375	184	185	0.0318725	0	0.919118	1
181	314	223	314	222	184	188	0.00398406	0	0.546569	1
182	394	245	395	243	184	185	0.0199203	0	0.60049	1
183	461	209	462	208	184	185	0.00796813	0	0.512255	1
184	225	212	222	215	184	185	0.0478088	0	0.519608	2
185	360	273	360	273	184	185	0	0	0.669118	1
186	590	376	592	376	184	185	0.00796813	0	0.921569	1
187	549	186	547	185	184	185	0.0119522	0	0.455882	2
188	275	219	275	218	184	197	0.00398406	0	0.536765	1
189	827	92	827	92	184	188	0	0	0.22549	1
190	452	252	449	251	185	186	0.0159363	0	0.617647	2
191	446	266	439	267	185	188	0.0318725	0	0.651961	2
192	439	211	439	210	185	186	0.00398406	0	0.517157	1
193	289	223	290	220	185	186	0.0398406	0	0.546569	1
194	586	386	592	387	185	187	0.0278884	0	0.946078	1
195	281	234	282	228	185	187	0.14741	0	0.573529	1
196	446	181	446	179	185	186	0.0159363	0	0.443627	1
197	563	226	561	224	185	186	0.0239044	0	0.553922	2
198	374	161	374	159	185	196	0.0159363	0	0.394608	1
199	521	177	520	177	185	187	0.00398406	0	0.433824	2
200	479	221	479	222	185	186	0.00398406	0	0.541667	1
201	388	138	391	130	185	201	0.266932	0	0.338235	1
202	427	315	417	313	186	187	0.0557769	0	0.772059	2
203	219	220	215	224	186	194	0.0796813	0	0.539216	2
204	396	241	399	239	186	187	0.0278884	0	0.590686	1
205	576	401	585	399	186	189	0.0517928	0	0.982843	1
206	447	322	445	320	186	190	0.0239044	0	0.789216	2
207	423	220	425	218	186	187	0.0239044	0	0.539216	1
208	333	380	333	379	186	187	0.00398406	0	0.931373	1
209	446	284	440	285	186	188	0.0278884	0	0.696078	2
210	454	203	459	202	186	188	0.0239044	0	0.497549	1
211	355	211	354	210	186	187	0.00796813	0	0.517157	2
212	478	275	475	275	186	191	0.0119522	0	0.67402	2
213	456	287	449	286	186	194	0.0318725	0	0.703431	2
214	447	251	441	251	187	190	0.0239044	0	0.615196	2
215	619	383	627	380	187	190	0.0677291	0	0.938725	1
216	620	395	620	395	187	188	0	0	0.968137	1
217	482	225	484	227	187	189	0.0239044	0	0.551471	1
218	515	218	515	217	187	200	0.00398406	0	0.534314	1
219	468	208	470	208	187	188	0.00796813	0	0.509804	1
220	374	373	384	371	187	189	0.0557769	0	0.914216	1
221	689	274	685	268	187	189	0.159363	0	0.671569	2
222	772	175	777	176	187	188	0.0239044	0	0.428922	1
223	623	370	642	365	187	194	0.175299	0	0.906863	1
224	543	227	542	226	187	188	0.00796813	0	0.556373	2
225	595	387	598	385	188	189	0.0278884	0	0.948529	1
226	410	312	402	310	188	189	0.0478088	0	0.764706	2
227	412	207	414	205	188	190	0.0239044	0	0.507353	1
228	391	238	395	238	188	189	0.0159363	0	0.583333	1
229	404	237	408	236	188	189	0.0199203	0	0.580882	1
230	418	288	408	286	188	190	0.0557769	0	0.705882	2
231	372	385	385	388	188	190	0.0876494	0	0.943627	1
232	675	209	671	200	188	193	0.338645	0	0.512255	2
233	675	239	673	236	188	189	0.0438247	0	0.585784	2
234	368	364	373	364	188	189	0.0199203	0	0.892157	1
235	473	223	473	222	188	189	0.00398406	0	0.546569	1
236	621	394	621	393	189	190	0.00398406	0	0.965686	1
237	371	254	372	254	189	190	0.00398406	0	0.622549	1
238	438	267	424	268	189	202	0.059761	0	0.654412	2
239	448	217	453	217	189	190	0.0199203	0	0.531863	1
240	472	210	473	210	189	190	0.00398406	0	0.514706	1
241	333	380	333	380	189	205	0	0	0.931373	1
242	513	227	513	226	189	205	0.00398406	0	0.556373	1
243	343	400	343	400	189	205	0	0	0.980392	1
244	466	145	466	144	189	191	0.00398406	0	0.355392	1
245	553	180	554	166	189	197	0.784861	0	0.441176	1
246	768	162	771	161	189	190	0.0159363	0	0.397059	1
247	338	80	338	80	189	205	0	0	0.196078	1
248	46	207	46	207	189	205	0	0	0.507353	1
249	399	221	405	221	189	191	0.0239044	0	0.541667	1
250	390	395	397	397	189	197	0.0438247	0	0.968137	1
251	672	253	669	250	190	191	0.0478088	0	0.620098	2
252	591	398	605	394	190	192	0.119522	0	0.97549	1
253	546	201	545	199	190	191	0.0199203	0	0.492647	2
254	784	176	784	176	190	191	0	0	0.431373	1
255	399	237	402	236	190	191	0.0159363	0	0.580882	1
256	344	381	348	380	190	191	0.0199203	0	0.933824	1
257	392	371	400	376	190	193	0.131474	0	0.909314	1
258	461	207	466	204	190	192	0.0557769	0	0.507353	1
259	453	168	453	167	190	191	0.00398406	0	0.411765	1
260	484	228	486	222	190	194	0.151394	0	0.558824	1
261	785	127	797	126	190	193	0.0517928	0	0.311275	1
262	495	215	502	216	190	192	0.0318725	0	0.526961	1
263	400	297	394	296	190	191	0.0278884	0	0.727941	2
264	622	395	656	394	191	198	0.139442	0	0.968137	1
265	624	369	672	366	191	205	0.227092	0	0.904412	1
266	441	252	438	250	191	193	0.0278884	0	0.617647	2
267	387	389	388	390	191	194	0.00796813	0	0.953431	1
268	457	216	461	215	191	192	0.0199203	0	0.529412	1
269	402	285	391	282	191	193	0.0796813	0	0.698529	2
270	476	209	478	207	191	192	0.0239044	0	0.512255	1
271	631	380	635	378	191	193	0.0318725	0	0.931373	1
272	443	211	446	209	191	192	0.0278884	0	0.517157	1
273	678	260	671	252	191	193	0.282869	0	0.637255	2
274	514	172	509	169	191	192	0.0557769	0	0.421569	2
275	348	381	348	381	192	205	0	0	0.933824	1
276	383	318	383	318	192	193	0	0	0.779412	1
277	718	180	716	180	192	194	0.00796813	0	0.441176	2
278	684	270	684	269	192	193	0.00398406	0	0.661765	1
279	474	275	467	275	192	200	0.0278884	0	0.67402	2
280	390	298	362	293	192	198	0.211155	0	0.730392	2
281	542	197	541	192	192	194	0.103586	0	0.482843	2
282	454	166	457	164	192	194	0.0278884	0	0.406863	1
283	681	249	680	246	193	194	0.0398406	0	0.610294	2
284	449	208	456	206	193	197	0.0438247	0	0.509804	1
285	614	394	620	393	193	194	0.0278884	0	0.965686	1
286	359	380	359	379	193	205	0.00398406	0	0.931373	1
287	409	238	410	236	193	194	0.0199203	0	0.583333	1
288	476	215	476	215	193	194	0	0	0.526961	1
289	800	179	818	179	193	195	0.0717131	0	0.438725	1
290	639	376	641	375	194	195	0.0119522	0	0.921569	1
291	626	404	631	404	194	195	0.0199203	0	0.990196	1
292	401	379	402	379	194	195	0.00398406	0	0.928922	1
293	316	219	316	219	194	195	0	0	0.536765	1
294	392	369	395	370	194	195	0.0159363	0	0.904412	1
295	675	236	672	231	194	196	0.111554	0	0.578431	2
296	467	225	468	224	194	199	0.00796813	0	0.551471	1
297	385	307	363	303	194	198	0.151394	0	0.752451	2
298	200	208	197	212	194	196	0.0756972	0	0.509804	2
299	381	372	390	374	194	195	0.0517928	0	0.911765	1
300	413	200	413	199	195	196	0.00398406	0	0.490196	1
301	680	243	675	239	195	197	0.0836653	0	0.595588	2
302	412	235	411	234	195	196	0.00796813	0	0.57598	2
303	192	239	191	239	195	199	0.00398406	0	0.585784	2
304	446	216	449	216	195	196	0.0119522	0	0.529412	1
305	624	393	628	397	195	197	0.0796813	0	0.963235	1
306	668	256	667	256	195	197	0.00398406	0	0.627451	2
307	460	175	462	175	195	196	0.00796813	0	0.428922	1
308	480	212	482	210	195	196	0.0239044	0	0.519608	1
309	462	164	471	164	195	199	0.0358566	0	0.401961	1
310	479	172	481	171	195	196	0.0119522	0	0.421569	1
311	392	158	398	154	195	204	0.0876494	0	0.387255	1
312	332	195	326	196	195	198	0.0278884	0	0.477941	2
313	804	166	821	167	195	198	0.0717131	0	0.406863	1
314	318	170	318	169	195	196	0.00398406	0	0.416667	1
315	716	181	715	180	195	197	0.00796813	0	0.443627	2
316	371	81	371	81	195	205	0	0	0.198529	1
317	788	176	807	176	195	198	0.0756972	0	0.431373	1
318	490	218	491	214	195	196	0.0677291	0	0.534314	1
319	638	403	646	403	196	197	0.0318725	0	0.987745	1
320	391	387	397	383	196	198	0.0876494	0	0.948529	1
321	315	220	315	220	196	203	0	0	0.539216	1
322	643	378	647	379	196	198	0.0199203	0	0.926471	1
323	628	406	628	408	196	200	0.0159363	0	0.995098	1
324	401	198	399	197	196	197	0.0119522	0	0.485294	2
325	824	183	826	183	196	197	0.00796813	0	0.448529	1
326	382	315	375	315	196	197	0.0278884	0	0.772059	2
327	453	227	456	228	196	198	0.0159363	0	0.556373	1
328	407	376	411	374	197	198	0.0318725	0	0.921569	1
329	409	234	408	232	197	198	0.0199203	0	0.573529	2
330	484	168	486	167	197	198	0.0119522	0	0.411765	1
331	372	274	360	277	197	200	0.0836653	0	0.671569	2
332	449	262	444	261	198	202	0.0239044	0	0.642157	2
333	718	187	718	187	198	205	0	0	0.458333	1
334	317	173	316	172	198	199	0.00796813	0	0.42402	2
335	457	209	457	210	198	199	0.00398406	0	0.512255	1
336	426	364	445	370	198	201	0.219124	0	0.892157	1
337	396	397	401	390	198	200	0.215139	0	0.973039	1
338	655	404	664	405	198	199	0.0398406	0	0.990196	1
339	397	210	394	208	198	199	0.0278884	0	0.514706	2
340	193	218	191	220	198	199	0.0239044	0	0.534314	2
341	629	397	635	396	198	203	0.0278884	0	0.973039	1
342	668	257	667	256	198	201	0.00796813	0	0.629902	2
343	805	159	809	159	198	199	0.0159363	0	0.389706	1
344	503	197	505	194	198	199	0.0438247	0	0.482843	1
345	276	220	275	219	198	205	0.00796813	0	0.539216	2
346	403	382	417	377	199	201	0.155378	0	0.936275	1
347	653	384	656	385	199	200	0.0159363	0	0.941176	1
348	417	374	442	380	199	202	0.243028	0	0.916667	1
349	397	218	396	217	199	200	0.00796813	0	0.534314	2
350	664	395	683	398	199	205	0.111554	0	0.968137	1
351	407	230	406	228	199	200	0.0199203	0	0.563725	2
352	661	235	660	234	199	200	0.00796813	0	0.57598	2
353	488	167	489	166	199	200	0.00796813	0	0.409314	1
354	356	293	349	294	199	200	0.0318725	0	0.718137	2
355	479	180	480	180	199	200	0.00398406	0	0.441176	1
356	357	306	341	307	199	201	0.0677291	0	0.75	2
357	441	196	442	194	199	200	0.0199203	0	0.480392	1
358	203	231	201	230	199	200	0.0119522	0	0.566176	2
359	443	178	445	179	199	200	0.0119522	0	0.436275	1
360	452	219	452	219	200	201	0	0	0.536765	1
361	674	232	673	231	200	201	0.00796813	0	0.568627	2
362	400	272	403	271	200	205	0.0159363	0	0.666667	1
363	191	238	191	238	200	201	0	0	0.583333	1
364	371	310	369	309	200	204	0.0119522	0	0.759804	2
365	816	160	822	160	200	201	0.0239044	0	0.392157	1
366	336	209	333	210	200	201	0.0159363	0	0.512255	2
367	351	217	350	217	200	205	0.00398406	0	0.531863	2
368	410	199	408	198	200	201	0.0119522	0	0.487745	2
369	409	253	410	252	200	201	0.00796813	0	0.620098	1
370	662	368	687	367	200	205	0.103586	0	0.901961	1
371	662	388	677	387	201	204	0.063745	0	0.95098	1
372	397	217	397	216	201	202	0.00398406	0	0.531863	1
373	452	234	451	233	201	202	0.00796813	0	0.573529	2
374	405	386	446	385	201	205	0.167331	0	0.946078	1
375	408	227	408	225	201	202	0.0159363	0	0.556373	1
376	325	182	324	184	201	203	0.0199203	0	0.446078	2
377	658	212	655	208	201	202	0.0756972	0	0.519608	2
378	345	294	340	294	201	202	0.0199203	0	0.720588	2
379	661	234	661	231	201	202	0.0358566	0	0.573529	1
380	385	214	382	212	201	204	0.0278884	0	0.52451	2
381	391	192	389	190	201	202	0.0239044	0	0.470588	2
382	197	248	195	251	201	202	0.0438247	0	0.607843	2
383	628	408	630	404	201	203	0.0717131	0	1	1
384	466	399	466	399	201	205	0	0	0.977941	1
385	203	219	198	229	201	205	0.418327	0	0.536765	2
386	687	406	688	408	201	205	0.0199203	0	0.995098	1
387	452	219	452	219	202	203	0	0	0.536765	1
388	427	377	448	377	202	204	0.0836653	0	0.92402	1
389	674	232	674	231	202	203	0.00398406	0	0.568627	1
390	475	214	477	212	202	203	0.0239044	0	0.52451	1
391	466	273	465	272	202	204	0.00796813	0	0.669118	2
392	426	215	424	212	202	205	0.0438247	0	0.526961	2
393	445	191	445	189	202	203	0.0159363	0	0.468137	1
394	493	166	494	166	202	203	0.00398406	0	0.406863	1
395	317	209	316	209	202	203	0.00398406	0	0.512255	2
396	198	231	196	233	202	203	0.0239044	0	0.566176	2
397	412	208	413	207	202	203	0.00796813	0	0.509804	1
398	644	384	660	383	202	205	0.0677291	0	0.941176	1
399	455	400	455	399	202	205	0.00398406	0	0.980392	1
400	550	221	550	220	202	205	0.00398406	0	0.541667	1
401	429	249	425	249	202	204	0.0159363	0	0.610294	2
402	334	301	330	302	203	204	0.0199203	0	0.737745	2
403	424	268	423	268	203	205	0.00398406	0	0.656863	2
404	444	263	443	262	203	204	0.00796813	0	0.644608	2
405	652	206	652	204	203	204	0.0159363	0	0.504902	1
406	452	234	451	233	203	205	0.00796813	0	0.573529	2
407	408	225	407	224	203	204	0.00796813	0	0.551471	2
408	662	228	656	223	203	205	0.123506	0	0.558824	2
409	395	222	395	221	203	204	0.00398406	0	0.544118	1
410	551	210	550	209	203	204	0.00796813	0	0.514706	2
411	510	212	510	213	203	204	0.00398406	0	0.519608	1
412	453	207	453	205	203	204	0.0159363	0	0.507353	1
413	322	313	319	315	203	204	0.0278884	0	0.767157	2
414	487	219	488	219	204	205	0.00398406	0	0.536765	1
415	674	232	673	231	204	205	0.00796813	0	0.568627	2
416	316	220	315	219	204	205	0.00796813	0	0.539216	2
417	315	209	313	209	204	205	0.00796813	0	0.512255	2
418	641	395	647	393	204	205	0.0398406	0	0.968137	1
419	323	185	321	185	204	205	0.00796813	0	0.453431	2
420	405	214	402	213	204	205	0.0159363	0	0.52451	2
421	326	220	322	222	204	205	0.0318725	0	0.539216	2