
0	409	118	415	118	47	49	0.00502934	0	0.259341	1
1	760	282	775	285	47	50	0.0201174	0	0.61978	1
2	286	260	287	260	47	48	0.000838223	0	0.571429	1
3	361	293	362	293	47	48	0.000838223	0	0.643956	1
4	295	241	297	240	48	49	0.00251467	0	0.52967	1
5	144	199	148	199	48	49	0.00335289	0	0.437363	1
6	212	374	217	375	48	49	0.00502934	0	0.821978	1
7	347	279	354	275	48	50	0.0192791	0	0.613187	1
8	276	362	290	362	48	50	0.0117351	0	0.795604	1
9	297	230	301	231	48	49	0.00419111	0	0.505495	1
10	444	400	448	400	48	49	0.00335289	0	0.879121	1
11	319	234	326	233	49	50	0.00670578	0	0.514286	1
12	422	158	426	157	49	50	0.00419111	0	0.347253	1
13	408	212	409	212	49	50	0.000838223	0	0.465934	1
14	265	267	272	267	49	50	0.00586756	0	0.586813	1
15	133	205	154	206	49	51	0.0184409	0	0.450549	1
16	743	273	822	280	49	54	0.107293	0	0.6	1
17	242	429	255	428	50	51	0.0117351	0	0.942857	1
18	293	279	303	279	50	51	0.00838223	0	0.613187	1
19	407	311	422	306	50	52	0.0335289	0	0.683516	1
20	650	436	783	448	50	59	0.232188	0	0.958242	1
21	306	240	318	239	50	51	0.0108969	0	0.527473	1
22	149	180	162	181	50	51	0.0117351	0	0.395604	1
23	132	230	163	230	50	52	0.0259849	0	0.505495	1
24	406	321	413	318	50	51	0.0134116	0	0.705495	1
25	743	442	755	443	50	51	0.0108969	0	0.971429	1
26	383	327	433	328	50	53	0.0427494	0	0.718681	1
27	311	269	324	269	50	51	0.0108969	0	0.591209	1
28	395	322	407	322	50	51	0.0100587	0	0.707692	1
29	710	273	781	278	50	54	0.0804694	0	0.6	1
30	629	221	737	231	50	57	0.17435	0	0.485714	1
31	172	148	203	149	50	52	0.0268231	0	0.325275	1
32	122	229	171	229	50	53	0.0410729	0	0.503297	1
33	177	416	190	415	50	51	0.0117351	0	0.914286	1
34	301	322	389	337	50	55	0.262364	0	0.707692	1
35	154	447	260	449	50	56	0.0922045	0	0.982418	1
36	434	256	484	258	50	53	0.045264	0	0.562637	1
37	322	200	426	202	50	58	0.0905281	0	0.43956	1
38	308	287	331	287	50	52	0.0192791	0	0.630769	1
39	294	111	385	122	50	85	0.177703	0	0.243956	1
40	431	357	565	367	50	59	0.196144	0	0.784615	1
41	277	372	290	372	50	51	0.0108969	0	0.817582	1
42	324	132	337	131	50	51	0.0117351	0	0.29011	1
43	35	237	172	237	50	59	0.114837	0	0.520879	1
44	482	126	494	126	50	51	0.0100587	0	0.276923	1
45	334	183	464	188	50	61	0.129925	0	0.402198	1
46	319	117	368	118	50	53	0.0419111	0	0.257143	1
47	457	411	475	411	51	52	0.015088	0	0.903297	1
48	779	278	818	281	51	53	0.0402347	0	0.610989	1
49	787	300	825	303	51	53	0.0393965	0	0.659341	1
50	642	269	744	276	51	57	0.126572	0	0.591209	1
51	394	306	409	305	51	52	0.0134116	0	0.672527	1
52	427	260	436	261	51	52	0.00838223	0	0.571429	1
53	304	380	387	385	51	56	0.0905281	0	0.835165	1
54	324	160	393	158	51	55	0.0611903	0	0.351648	1
55	483	417	621	430	51	64	0.257334	0	0.916484	1
56	470	410	542	413	51	55	0.0678961	0	0.901099	1
57	260	401	281	401	51	52	0.0176027	0	0.881319	1
58	461	351	630	383	51	69	1	0	0.771429	1
59	344	238	357	238	51	52	0.0108969	0	0.523077	1
60	568	271	687	280	51	59	0.167645	0	0.595604	1
61	281	249	314	249	51	53	0.0276614	0	0.547253	1
62	478	261	601	268	51	59	0.144174	0	0.573626	1
63	543	258	672	266	51	59	0.161777	0	0.567033	1
64	777	300	815	303	51	53	0.0393965	0	0.659341	1
65	414	199	443	196	51	53	0.0318525	0	0.437363	1
66	302	289	318	289	51	52	0.0134116	0	0.635165	1
67	249	385	270	385	51	52	0.0176027	0	0.846154	1
68	363	274	395	272	51	53	0.030176	0	0.602198	1
69	258	349	276	349	51	52	0.015088	0	0.767033	1
70	411	252	425	250	52	53	0.015088	0	0.553846	1
71	208	411	289	411	52	57	0.0678961	0	0.903297	1
72	437	273	484	272	52	55	0.0402347	0	0.6	1
73	679	54	790	61	52	59	0.134116	0	0.118681	1
74	424	209	437	206	52	53	0.0184409	0	0.459341	1
75	186	232	224	231	52	54	0.0326907	0	0.50989	1
76	411	262	424	258	52	53	0.0243085	0	0.575824	1
77	669	434	814	454	52	67	0.456832	0	0.953846	1
78	334	240	352	239	52	53	0.0159262	0	0.527473	1
79	180	183	223	187	52	54	0.0494552	0	0.402198	1
80	76	232	154	239	52	85	0.106454	0	0.50989	1
81	307	257	364	257	52	56	0.0477787	0	0.564835	1
82	353	218	417	216	52	56	0.0569992	0	0.479121	1
83	358	35	524	52	52	74	0.381391	0	0.0769231	1
84	355	167	449	167	52	59	0.078793	0	0.367033	1
85	180	217	245	218	52	56	0.0553227	0	0.476923	1
86	566	300	666	307	52	59	0.124895	0	0.659341	1
87	494	412	527	411	53	55	0.0284996	0	0.905495	1
88	409	294	421	293	53	54	0.0108969	0	0.646154	1
89	338	275	366	275	53	55	0.0234702	0	0.604396	1
90	409	305	430	300	53	55	0.0385583	0	0.67033	1
91	321	372	338	372	53	54	0.0142498	0	0.817582	1
92	208	200	227	200	53	54	0.0159262	0	0.43956	1
93	342	246	359	245	53	54	0.015088	0	0.540659	1
94	342	288	358	288	53	54	0.0134116	0	0.632967	1
95	353	296	387	295	53	56	0.0293378	0	0.650549	1
96	446	325	463	325	53	54	0.0142498	0	0.714286	1
97	448	223	533	233	53	65	0.155071	0	0.49011	1
98	96	232	192	243	53	85	0.181894	0	0.50989	1
99	303	402	338	402	53	55	0.0293378	0	0.883516	1
100	46	233	189	248	53	74	0.308466	0	0.512088	1
101	362	260	412	259	53	57	0.0427494	0	0.571429	1
102	264	418	326	420	54	59	0.0553227	0	0.918681	1
103	335	413	364	413	54	56	0.0243085	0	0.907692	1
104	441	251	463	250	54	56	0.0192791	0	0.551648	1
105	203	230	266	231	54	59	0.0536463	0	0.505495	1
106	388	250	452	252	54	59	0.0569992	0	0.549451	1
107	271	243	386	257	54	69	0.260687	0	0.534066	1
108	466	203	477	203	54	55	0.00922045	0	0.446154	1
109	379	271	403	270	54	56	0.0209556	0	0.595604	1
110	361	356	420	361	54	58	0.0704107	0	0.782418	1
111	453	329	468	329	54	55	0.0125733	0	0.723077	1
112	363	369	418	377	54	58	0.0997485	0	0.810989	1
113	357	257	370	257	54	55	0.0108969	0	0.564835	1
114	243	149	349	140	54	85	0.156748	0	0.327473	1
115	468	222	538	230	54	62	0.112322	0	0.487912	1
116	437	225	478	225	54	58	0.0343671	0	0.494505	1
117	425	258	439	258	54	55	0.0117351	0	0.567033	1
118	470	161	479	159	54	55	0.0108969	0	0.353846	1
119	443	270	449	270	54	55	0.00502934	0	0.593407	1
120	339	433	448	449	54	85	0.305951	0	0.951648	1
121	327	430	374	432	55	59	0.0427494	0	0.945055	1
122	441	300	449	299	55	56	0.00754401	0	0.659341	1
123	232	231	245	231	55	56	0.0108969	0	0.507692	1
124	205	406	252	407	55	59	0.0402347	0	0.892308	1
125	466	206	506	212	55	59	0.0637049	0	0.452747	1
126	478	322	492	312	55	60	0.0955574	0	0.707692	1
127	315	431	362	433	55	59	0.0427494	0	0.947253	1
128	286	404	333	406	55	59	0.0427494	0	0.887912	1
129	506	214	526	211	55	59	0.0243085	0	0.47033	1
130	439	317	443	318	55	56	0.00419111	0	0.696703	1
131	607	57	662	61	55	59	0.0595138	0	0.125275	1
132	244	201	271	201	55	57	0.022632	0	0.441758	1
133	405	229	430	229	55	57	0.0209556	0	0.503297	1
134	459	310	473	311	55	58	0.0125733	0	0.681319	1
135	331	412	357	413	55	57	0.022632	0	0.905495	1
136	258	435	273	435	55	56	0.0125733	0	0.956044	1
137	388	256	399	256	56	57	0.00922045	0	0.562637	1
138	542	411	565	413	56	58	0.022632	0	0.903297	1
139	439	299	448	300	56	57	0.00838223	0	0.657143	1
140	491	271	497	269	56	58	0.00838223	0	0.595604	1
141	454	317	461	320	56	57	0.0134116	0	0.696703	1
142	498	142	506	142	56	57	0.00670578	0	0.312088	1
143	255	244	279	245	56	58	0.0209556	0	0.536264	1
144	502	273	508	268	56	58	0.0259849	0	0.6	1
145	514	222	525	220	56	59	0.0125733	0	0.487912	1
146	487	156	511	158	56	59	0.0234702	0	0.342857	1
147	492	261	516	261	56	58	0.0201174	0	0.573626	1
148	534	261	568	263	56	59	0.0318525	0	0.573626	1
149	812	281	824	282	56	57	0.0108969	0	0.617582	1
150	375	277	384	276	56	57	0.00838223	0	0.608791	1
151	401	233	434	235	56	59	0.0310142	0	0.512088	1
152	459	270	471	270	56	57	0.0100587	0	0.593407	1
153	373	258	381	258	57	58	0.00670578	0	0.567033	1
154	543	382	565	387	57	59	0.0393965	0	0.83956	1
155	257	220	297	223	57	62	0.0410729	0	0.483516	1
156	492	324	494	320	57	59	0.015088	0	0.712088	1
157	518	157	524	158	57	58	0.00586756	0	0.345055	1
158	428	209	438	208	57	58	0.00922045	0	0.459341	1
159	451	321	473	323	57	59	0.0217938	0	0.705495	1
160	368	432	437	446	57	85	0.222129	0	0.949451	1
161	510	172	558	184	57	65	0.160939	0	0.378022	1
162	418	341	497	356	57	66	0.25482	0	0.749451	1
163	403	285	412	285	58	59	0.00754401	0	0.626374	1
164	431	244	441	244	58	59	0.00838223	0	0.536264	1
165	757	277	767	278	58	59	0.00922045	0	0.608791	1
166	302	413	312	413	58	59	0.00838223	0	0.907692	1
167	751	232	760	233	58	59	0.00838223	0	0.50989	1
168	485	270	486	268	58	59	0.00419111	0	0.593407	1
169	432	255	443	255	58	59	0.00922045	0	0.56044	1
170	285	202	295	202	58	59	0.00838223	0	0.443956	1
171	517	123	527	123	58	59	0.00838223	0	0.27033	1
172	419	116	429	116	58	59	0.00838223	0	0.254945	1
173	484	120	519	125	58	63	0.0502934	0	0.263736	1
174	425	170	434	171	58	59	0.00838223	0	0.373626	1
175	432	150	442	150	58	59	0.00838223	0	0.32967	1
176	680	134	691	135	58	59	0.0100587	0	0.294505	1
177	724	137	774	151	59	85	0.206203	0	0.301099	1
178	593	128	643	141	59	85	0.183571	0	0.281319	1
179	528	162	529	163	59	60	0.00167645	0	0.356044	1
180	297	423	314	425	59	61	0.0176027	0	0.92967	1
181	436	202	442	201	59	60	0.00586756	0	0.443956	1
182	501	171	509	170	59	62	0.00754401	0	0.375824	1
183	439	160	445	161	59	60	0.00586756	0	0.351648	1
184	593	434	600	434	59	60	0.00586756	0	0.953846	1
185	574	401	581	401	59	60	0.00586756	0	0.881319	1
186	383	433	421	445	60	85	0.152557	0	0.951648	1
187	334	422	354	427	60	64	0.03772	0	0.927473	1
188	258	408	297	420	60	85	0.153395	0	0.896703	1
189	329	433	334	434	60	61	0.00502934	0	0.951648	1
190	392	287	391	291	60	62	0.0142498	0	0.630769	2
191	791	449	811	454	60	64	0.03772	0	0.986813	1
192	818	447	823	448	60	61	0.00502934	0	0.982418	1
193	418	285	423	286	60	61	0.00502934	0	0.626374	1
194	801	62	826	69	60	65	0.0620285	0	0.136264	1
195	341	407	380	419	60	85	0.153395	0	0.894505	1
196	767	234	792	245	60	70	0.122381	0	0.514286	1
197	466	311	462	308	60	61	0.0108969	0	0.683516	2
198	569	127	610	139	60	85	0.155071	0	0.279121	1
199	323	410	333	412	60	62	0.0117351	0	0.901099	1
200	776	277	805	285	60	66	0.0779547	0	0.608791	1
201	403	415	408	417	60	61	0.00754401	0	0.912088	1
202	537	125	578	138	60	85	0.176027	0	0.274725	1
203	737	282	774	293	60	80	0.132439	0	0.61978	1
204	576	269	616	282	60	85	0.175189	0	0.591209	1
205	507	208	507	206	60	61	0.00335289	0	0.457143	1
206	309	163	321	162	60	62	0.0108969	0	0.358242	1
207	372	434	411	446	60	85	0.153395	0	0.953846	1
208	674	61	737	72	60	71	0.154233	0	0.134066	1
209	388	298	377	308	60	76	0.0930427	0	0.654945	2
210	443	235	452	237	60	62	0.0108969	0	0.516484	1
211	678	312	695	316	60	63	0.0276614	0	0.685714	1
212	278	107	319	119	60	85	0.155071	0	0.235165	1
213	700	136	741	149	60	85	0.176027	0	0.298901	1
214	490	41	530	53	60	77	0.154233	0	0.0901099	1
215	574	358	627	380	60	71	0.450126	0	0.786813	1
216	439	118	489	130	60	73	0.162615	0	0.259341	1
217	675	332	732	344	60	69	0.168483	0	0.72967	1
218	667	134	708	146	60	85	0.155071	0	0.294505	1
219	432	423	460	434	60	64	0.124895	0	0.92967	1
220	520	132	523	136	60	63	0.0159262	0	0.29011	1
221	300	249	338	261	60	82	0.152557	0	0.547253	1
222	696	272	706	274	60	62	0.0117351	0	0.597802	1
223	425	383	464	388	60	64	0.0536463	0	0.841758	1
224	774	66	816	79	60	85	0.176865	0	0.145055	1
225	673	193	696	206	60	68	0.160939	0	0.424176	1
226	766	142	807	155	60	85	0.176027	0	0.312088	1
227	182	239	222	251	60	85	0.154233	0	0.525275	1
228	456	220	468	224	60	63	0.0234702	0	0.483516	1
229	407	115	445	126	60	80	0.133277	0	0.252747	1
230	536	266	576	279	60	85	0.175189	0	0.584615	1
231	272	234	277	234	60	61	0.00419111	0	0.514286	1
232	612	266	652	279	60	85	0.175189	0	0.584615	1
233	517	214	521	214	60	61	0.00335289	0	0.47033	1
234	246	104	287	116	60	85	0.155071	0	0.228571	1
235	497	265	494	265	61	62	0.00251467	0	0.582418	2
236	524	165	528	167	61	62	0.00670578	0	0.362637	1
237	429	274	434	275	61	62	0.00502934	0	0.602198	1
238	447	200	463	204	61	65	0.0268231	0	0.43956	1
239	451	161	462	166	61	65	0.030176	0	0.353846	1
240	692	270	698	271	61	62	0.00586756	0	0.593407	1
241	470	295	467	294	61	62	0.00335289	0	0.648352	2
242	679	234	680	234	61	62	0.000838223	0	0.514286	1
243	685	244	686	243	61	62	0.00167645	0	0.536264	1
244	400	418	405	419	62	63	0.00502934	0	0.918681	1
245	490	251	490	254	62	64	0.00754401	0	0.551648	1
246	427	286	429	287	62	63	0.00251467	0	0.628571	1
247	515	205	515	205	62	63	0	0	0.450549	1
248	322	430	341	435	62	65	0.0368818	0	0.945055	1
249	478	304	476	305	62	63	0.00251467	0	0.668132	2
250	488	289	486	291	62	63	0.00502934	0	0.635165	2
251	401	286	408	288	62	67	0.00922045	0	0.628571	1
252	524	215	524	215	62	63	0	0	0.472527	1
253	458	212	460	213	62	63	0.00251467	0	0.465934	1
254	225	25	255	34	62	85	0.0930427	0	0.0549451	1
255	423	243	428	250	62	66	0.045264	0	0.534066	1
256	439	277	443	278	63	64	0.00419111	0	0.608791	1
257	474	258	478	260	63	64	0.00670578	0	0.567033	1
258	493	268	496	271	63	65	0.0100587	0	0.589011	1
259	339	415	353	419	63	66	0.0251467	0	0.912088	1
260	327	161	347	163	63	67	0.0201174	0	0.353846	1
261	306	239	327	242	63	66	0.0251467	0	0.525275	1
262	301	227	304	230	63	64	0.0100587	0	0.498901	1
263	689	242	689	242	63	64	0	0	0.531868	1
264	517	171	517	171	63	64	0	0	0.375824	1
265	489	279	495	283	63	65	0.0184409	0	0.613187	1
266	793	290	826	299	63	71	0.0955574	0	0.637363	1
267	472	190	475	191	63	64	0.00335289	0	0.417582	1
268	303	215	308	216	63	64	0.00502934	0	0.472527	1
269	441	295	437	300	63	65	0.0243085	0	0.648352	2
270	424	423	442	429	64	85	0.045264	0	0.92967	1
271	538	170	538	171	64	67	0.000838223	0	0.373626	1
272	452	180	454	182	64	65	0.00502934	0	0.395604	1
273	407	268	407	270	64	65	0.00335289	0	0.589011	1
274	473	307	469	311	64	65	0.0167645	0	0.674725	2
275	471	181	474	182	64	65	0.00335289	0	0.397802	1
276	406	257	406	259	64	65	0.00335289	0	0.564835	1
277	409	421	427	427	64	85	0.045264	0	0.925275	1
278	703	318	711	319	64	65	0.00754401	0	0.698901	1
279	490	409	512	423	64	67	0.182733	0	0.898901	1
280	456	330	477	338	64	70	0.071249	0	0.725275	1
281	449	403	455	403	64	65	0.00502934	0	0.885714	1
282	440	423	454	427	65	85	0.0251467	0	0.92967	1
283	529	130	533	131	65	66	0.00419111	0	0.285714	1
284	402	298	409	299	65	67	0.00670578	0	0.654945	1
285	492	257	490	260	65	68	0.00922045	0	0.564835	2
286	523	265	535	269	65	80	0.0234702	0	0.582418	1
287	689	245	688	245	65	66	0.000838223	0	0.538462	2
288	310	236	314	239	65	66	0.0108969	0	0.518681	1
289	682	234	683	233	65	66	0.00167645	0	0.514286	1
290	293	252	315	257	65	74	0.0393965	0	0.553846	1
291	465	404	471	404	66	67	0.00502934	0	0.887912	1
292	468	230	470	232	66	67	0.00502934	0	0.505495	1
293	500	282	503	283	66	67	0.00335289	0	0.61978	1
294	480	183	484	183	66	67	0.00335289	0	0.402198	1
295	467	169	474	170	66	68	0.00670578	0	0.371429	1
296	468	207	479	211	66	70	0.022632	0	0.454945	1
297	459	186	466	187	66	68	0.00670578	0	0.408791	1
298	484	389	504	390	66	68	0.0176027	0	0.854945	1
299	301	241	322	244	66	72	0.0251467	0	0.52967	1
300	306	253	326	255	66	72	0.0201174	0	0.556044	1
301	459	318	460	320	66	67	0.00419111	0	0.698901	1
302	606	411	611	413	66	67	0.00754401	0	0.903297	1
303	552	46	558	47	66	69	0.00586756	0	0.101099	1
304	317	221	334	226	66	71	0.0352054	0	0.485714	1
305	719	320	726	321	66	67	0.00670578	0	0.703297	1
306	464	158	471	159	66	68	0.00670578	0	0.347253	1
307	351	436	355	437	67	77	0.00419111	0	0.958242	1
308	421	295	421	298	67	69	0.00754401	0	0.648352	1
309	331	243	334	243	67	68	0.00251467	0	0.534066	1
310	356	421	356	423	67	82	0.00335289	0	0.925275	1
311	317	240	324	240	67	69	0.00586756	0	0.527473	1
312	486	376	490	377	67	68	0.00419111	0	0.826374	1
313	538	132	545	135	67	85	0.0134116	0	0.29011	1
314	426	284	425	287	67	69	0.00838223	0	0.624176	2
315	367	440	387	444	67	72	0.030176	0	0.967033	1
316	355	203	354	192	67	80	0.102263	0	0.446154	2
317	732	295	737	296	67	68	0.00502934	0	0.648352	1
318	527	160	524	162	67	68	0.00586756	0	0.351648	2
319	618	400	623	401	67	68	0.00502934	0	0.879121	1
320	515	173	514	173	67	68	0.000838223	0	0.38022	2
321	482	438	495	438	68	69	0.0108969	0	0.962637	1
322	353	164	352	159	68	78	0.0217938	0	0.36044	2
323	478	409	485	416	68	69	0.0469405	0	0.898901	1
324	625	423	629	424	68	69	0.00419111	0	0.92967	1
325	722	317	730	319	68	70	0.0100587	0	0.696703	1
326	409	300	408	299	68	69	0.00167645	0	0.659341	2
327	535	172	529	172	68	69	0.00502934	0	0.378022	2
328	408	289	407	289	68	70	0.000838223	0	0.635165	2
329	454	235	457	236	68	69	0.00335289	0	0.516484	1
330	505	367	510	369	68	69	0.00754401	0	0.806593	1
331	425	307	427	307	68	69	0.00167645	0	0.674725	1
332	521	443	531	446	68	70	0.0159262	0	0.973626	1
333	465	322	467	323	68	69	0.00251467	0	0.707692	1
334	464	268	470	266	68	69	0.00838223	0	0.589011	1
335	724	108	745	110	68	76	0.0209556	0	0.237363	1
336	702	233	701	234	68	72	0.00167645	0	0.512088	2
337	338	243	341	244	69	71	0.00335289	0	0.534066	1
338	496	410	501	410	69	70	0.00419111	0	0.901099	1
339	478	172	480	172	69	70	0.00167645	0	0.378022	1
340	516	393	526	394	69	70	0.00922045	0	0.863736	1
341	466	186	466	185	69	71	0.000838223	0	0.408791	1
342	627	414	630	415	69	70	0.00335289	0	0.90989	1
343	523	216	520	214	69	71	0.00586756	0	0.474725	2
344	721	339	754	348	69	85	0.0955574	0	0.745055	1
345	509	418	519	421	69	70	0.0159262	0	0.918681	1
346	739	324	769	329	69	83	0.0461023	0	0.712088	1
347	688	234	688	235	69	70	0.000838223	0	0.514286	1
348	448	300	438	300	70	72	0.00838223	0	0.659341	2
349	639	430	643	430	70	71	0.00335289	0	0.945055	1
350	494	426	493	444	70	81	0.272422	0	0.936264	2
351	401	271	397	269	70	71	0.00670578	0	0.595604	2
352	329	241	331	240	70	71	0.00251467	0	0.52967	1
353	500	289	490	291	70	71	0.0117351	0	0.635165	2
354	449	219	440	222	70	74	0.015088	0	0.481319	2
355	534	232	532	229	70	71	0.00922045	0	0.50989	2
356	507	431	526	440	70	72	0.0838223	0	0.947253	1
357	741	347	767	347	70	74	0.0217938	0	0.762637	1
358	510	212	509	215	70	72	0.00838223	0	0.465934	2
359	794	246	786	245	71	74	0.00754401	0	0.540659	2
360	506	411	508	415	71	73	0.015088	0	0.903297	1
361	625	420	625	421	71	73	0.000838223	0	0.923077	1
362	537	395	555	396	71	74	0.0159262	0	0.868132	1
363	436	336	436	338	71	72	0.00335289	0	0.738462	1
364	508	266	509	266	71	72	0.000838223	0	0.584615	1
365	533	426	552	429	71	74	0.0234702	0	0.936264	1
366	734	322	732	325	71	77	0.00922045	0	0.707692	2
367	689	237	685	238	71	73	0.00419111	0	0.520879	2
368	562	45	562	44	71	72	0.000838223	0	0.0989011	1
369	511	235	514	235	71	72	0.00251467	0	0.516484	1
370	524	369	524	386	71	79	0.242246	0	0.810989	1
371	636	418	636	420	71	72	0.00335289	0	0.918681	1
372	628	391	629	394	71	73	0.00838223	0	0.859341	1
373	504	424	498	435	72	76	0.106454	0	0.931868	2
374	337	227	333	227	72	74	0.00335289	0	0.498901	2
375	741	75	738	75	72	74	0.00251467	0	0.164835	2
376	827	297	816	297	72	85	0.00922045	0	0.652747	2
377	515	175	511	173	72	73	0.00670578	0	0.384615	2
378	636	406	634	408	72	73	0.00502934	0	0.892308	2
379	639	429	638	431	73	74	0.00419111	0	0.942857	2
380	749	317	748	317	73	74	0.000838223	0	0.696703	2
381	519	237	516	236	73	74	0.00335289	0	0.520879	2
382	319	239	311	238	73	76	0.00754401	0	0.525275	2
383	521	169	516	167	73	74	0.00754401	0	0.371429	2
384	361	447	358	446	73	74	0.00335289	0	0.982418	2
385	635	440	632	443	73	74	0.0100587	0	0.967033	2
386	508	217	499	218	73	75	0.00838223	0	0.476923	2
387	563	40	560	39	73	74	0.00335289	0	0.0879121	2
388	538	442	550	444	73	75	0.0134116	0	0.971429	1
389	479	294	476	295	73	74	0.00335289	0	0.646154	2
390	460	182	453	180	73	74	0.00922045	0	0.4	2
391	384	429	382	428	73	74	0.00251467	0	0.942857	2
392	749	291	762	290	73	85	0.0117351	0	0.63956	1
393	430	338	423	337	74	76	0.00670578	0	0.742857	2
394	507	418	504	421	74	75	0.0100587	0	0.918681	2
395	570	437	574	438	74	75	0.00419111	0	0.96044	1
396	383	264	374	263	74	75	0.00838223	0	0.58022	2
397	469	186	455	184	74	77	0.015088	0	0.408791	2
398	418	338	408	337	74	78	0.00922045	0	0.742857	2
399	759	318	757	319	74	77	0.00251467	0	0.698901	2
400	635	427	633	428	75	76	0.00251467	0	0.938462	2
401	778	247	749	247	75	85	0.0243085	0	0.542857	2
402	630	444	626	443	75	76	0.00419111	0	0.975824	2
403	559	399	565	404	75	77	0.0259849	0	0.876923	1
404	504	261	502	263	75	76	0.00502934	0	0.573626	2
405	326	238	315	237	75	79	0.0100587	0	0.523077	2
406	491	279	484	278	75	79	0.00670578	0	0.613187	2
407	479	209	474	207	75	76	0.00754401	0	0.459341	2
408	553	429	566	435	75	78	0.0410729	0	0.942857	1
409	427	260	403	268	75	78	0.0737636	0	0.571429	2
410	734	75	711	71	75	84	0.0326907	0	0.164835	2
411	447	181	427	179	75	84	0.0201174	0	0.397802	2
412	569	61	561	61	75	77	0.00670578	0	0.134066	2
413	473	295	466	293	75	77	0.00922045	0	0.648352	2
414	667	278	662	278	75	85	0.00419111	0	0.610989	2
415	493	268	491	268	75	76	0.00167645	0	0.589011	2
416	400	261	369	260	75	79	0.0268231	0	0.573626	2
417	743	308	752	307	75	81	0.00838223	0	0.676923	1
418	475	158	469	156	75	76	0.00838223	0	0.347253	2
419	634	391	629	395	75	77	0.0176027	0	0.859341	2
420	421	126	416	126	75	85	0.00419111	0	0.276923	2
421	111	242	106	242	75	85	0.00419111	0	0.531868	2
422	312	258	308	257	75	76	0.00419111	0	0.567033	2
423	554	38	549	37	75	76	0.00502934	0	0.0835165	2
424	821	455	818	454	76	81	0.00335289	0	1	2
425	365	263	350	268	76	79	0.0335289	0	0.578022	2
426	511	427	511	429	76	78	0.00335289	0	0.938462	1
427	424	307	400	307	76	79	0.0201174	0	0.674725	2
428	582	446	579	445	76	77	0.00335289	0	0.98022	2
429	531	410	534	407	76	77	0.0100587	0	0.901099	1
430	496	217	491	215	76	77	0.00754401	0	0.476923	2
431	747	318	748	318	76	78	0.000838223	0	0.698901	1
432	337	219	344	222	76	85	0.0134116	0	0.481319	1
433	642	442	644	445	77	78	0.00922045	0	0.971429	1
434	381	455	379	453	77	78	0.00502934	0	1	2
435	616	426	616	426	77	78	0	0	0.936264	1
436	624	443	623	443	77	78	0.000838223	0	0.973626	2
437	501	265	502	267	77	79	0.00419111	0	0.582418	1
438	399	310	391	307	77	78	0.0142498	0	0.681319	2
439	419	335	417	333	77	78	0.00502934	0	0.736264	2
440	308	238	306	238	77	78	0.00167645	0	0.523077	2
441	462	155	458	153	77	78	0.00670578	0	0.340659	2
442	444	270	422	271	77	80	0.0192791	0	0.593407	2
443	735	285	733	284	77	78	0.00251467	0	0.626374	2
444	498	413	498	413	77	78	0	0	0.907692	1
445	377	437	375	434	77	79	0.00922045	0	0.96044	2
446	547	42	544	42	77	78	0.00251467	0	0.0923077	2
447	462	207	458	205	78	85	0.00670578	0	0.454945	2
448	761	319	763	316	78	80	0.00922045	0	0.701099	1
449	443	278	436	278	78	79	0.00586756	0	0.610989	2
450	513	413	516	412	78	79	0.00335289	0	0.907692	1
451	558	62	556	62	78	80	0.00167645	0	0.136264	2
452	384	296	376	294	78	79	0.0100587	0	0.650549	2
453	483	268	485	268	78	81	0.00167645	0	0.589011	1
454	403	319	397	316	78	79	0.0125733	0	0.701099	2
455	502	443	503	452	78	79	0.0687343	0	0.973626	1
456	531	52	529	52	78	81	0.00167645	0	0.114286	2
457	646	448	648	444	79	85	0.015088	0	0.984615	1
458	409	337	405	332	79	80	0.0243085	0	0.740659	2
459	618	429	619	432	79	83	0.00838223	0	0.942857	1
460	352	159	349	158	79	85	0.00335289	0	0.349451	2
461	513	430	521	451	79	84	0.376362	0	0.945055	1
462	456	152	454	151	79	80	0.00251467	0	0.334066	2
463	450	183	447	182	79	80	0.00335289	0	0.402198	2
464	569	436	571	434	79	80	0.00502934	0	0.958242	1
465	734	284	733	284	79	80	0.000838223	0	0.624176	2
466	745	112	743	110	79	84	0.00502934	0	0.246154	2
467	350	444	349	444	79	83	0.000838223	0	0.975824	2
468	384	307	366	307	79	81	0.015088	0	0.674725	2
469	515	260	529	264	79	85	0.0251467	0	0.571429	1
470	738	324	740	323	79	80	0.00251467	0	0.712088	1
471	626	419	630	416	79	84	0.0108969	0	0.920879	1
472	412	284	405	284	79	82	0.00586756	0	0.624176	2
473	366	305	339	308	79	83	0.030176	0	0.67033	2
474	473	186	471	184	80	81	0.00502934	0	0.408791	2
475	505	444	507	450	80	81	0.0318525	0	0.975824	1
476	486	278	486	278	80	81	0	0	0.610989	1
477	503	269	505	269	80	81	0.00167645	0	0.591209	1
478	459	232	459	231	80	82	0.000838223	0	0.50989	1
479	623	443	625	443	80	83	0.00167645	0	0.973626	1
480	655	233	650	234	80	81	0.00502934	0	0.512088	2
481	351	329	336	330	80	82	0.0134116	0	0.723077	2
482	737	294	739	293	80	81	0.00251467	0	0.646154	1
483	826	36	826	36	80	81	0	0	0.0791209	1
484	390	314	380	314	80	81	0.00838223	0	0.69011	2
485	313	231	320	231	81	85	0.00586756	0	0.507692	1
486	775	288	776	287	81	82	0.00167645	0	0.632967	1
487	447	182	446	181	81	82	0.00167645	0	0.4	2
488	534	275	536	275	81	85	0.00167645	0	0.604396	1
489	744	325	747	325	81	82	0.00251467	0	0.714286	1
490	734	283	736	283	81	85	0.00167645	0	0.621978	1
491	766	315	773	314	81	84	0.00670578	0	0.692308	1
492	539	44	536	42	81	85	0.00586756	0	0.0967033	2
493	370	434	370	434	81	83	0	0	0.953846	1
494	438	234	438	232	81	82	0.00335289	0	0.514286	1
495	555	61	556	61	81	82	0.000838223	0	0.134066	1
496	499	277	502	278	82	85	0.00335289	0	0.608791	1
497	486	279	487	279	82	85	0.000838223	0	0.613187	1
498	508	267	513	267	82	85	0.00419111	0	0.586813	1
499	736	292	737	292	82	85	0.000838223	0	0.641758	1
500	449	238	449	239	82	83	0.000838223	0	0.523077	1
501	478	170	469	168	82	85	0.0108969	0	0.373626	2
502	378	263	378	263	82	83	0	0	0.578022	1
503	447	127	443	127	82	85	0.00335289	0	0.279121	2
504	288	257	289	256	82	85	0.00167645	0	0.564835	1
505	488	268	492	268	82	84	0.00335289	0	0.589011	1
506	324	232	331	230	82	85	0.00922045	0	0.50989	1
507	623	392	628	389	82	85	0.0117351	0	0.861538	1
508	659	455	658	454	82	85	0.00167645	0	1	2
509	752	325	757	326	83	85	0.00502934	0	0.714286	1
510	355	429	353	429	83	85	0.00167645	0	0.942857	2
511	608	416	615	413	83	85	0.0134116	0	0.914286	1
512	355	189	355	189	83	85	0	0	0.415385	1
513	445	181	443	179	83	84	0.00502934	0	0.397802	2
514	482	218	482	218	83	84	0	0	0.479121	1
515	438	231	436	231	83	84	0.00167645	0	0.507692	2
516	570	441	577	446	83	85	0.0268231	0	0.969231	1
517	420	266	420	266	83	84	0	0	0.584615	1
518	480	130	480	130	83	85	0	0	0.285714	1
519	336	332	336	332	83	85	0	0	0.72967	1
520	820	36	820	36	83	85	0	0	0.0791209	1
521	769	350	772	350	84	85	0.00251467	0	0.769231	1
522	449	239	448	239	84	85	0.000838223	0	0.525275	2
523	772	330	773	330	84	85	0.000838223	0	0.725275	1
524	367	296	361	294	84	85	0.00838223	0	0.650549	2
525	322	245	325	242	84	85	0.0100587	0	0.538462	1
526	395	262	389	261	84	85	0.00586756	0	0.575824	2
527	407	284	404	281	84	85	0.0100587	0	0.624176	2
528	374	430	373	430	84	85	0.000838223	0	0.945055	2
529	521	418	523	421	84	85	0.00922045	0	0.918681	1
530	643	220	640	219	84	85	0.00335289	0	0.483516	2