
0	486	325	481	329	207	211	0.0381818	0	0.714286	2
1	229	265	229	265	207	208	0	0	0.582418	1
2	223	284	223	283	207	212	0.00181818	0	0.624176	1
3	483	350	477	354	207	209	0.04	0	0.769231	2
4	455	228	453	228	207	209	0.00363636	0	0.501099	2
5	319	25	330	27	207	218	0.0272727	0	0.0549451	1
6	440	230	437	231	207	209	0.00727273	0	0.505495	2
7	594	381	588	380	207	209	0.0127273	0	0.837363	2
8	435	265	433	264	208	209	0.00545455	0	0.582418	2
9	424	238	422	236	208	209	0.0109091	0	0.523077	2
10	250	193	250	194	208	209	0.00181818	0	0.424176	1
11	222	253	221	253	208	209	0.00181818	0	0.556044	2
12	567	263	566	264	208	209	0.00363636	0	0.578022	2
13	573	289	575	290	208	216	0.00545455	0	0.635165	1
14	434	246	435	245	208	209	0.00363636	0	0.540659	1
15	251	204	251	203	208	209	0.00181818	0	0.448352	1
16	579	434	579	434	208	209	0	0	0.953846	1
17	24	60	24	60	208	212	0	0	0.131868	1
18	569	276	568	276	208	209	0.00181818	0	0.606593	2
19	211	259	211	259	208	209	0	0	0.569231	1
20	217	238	218	240	208	210	0.00909091	0	0.523077	1
21	213	228	213	228	208	209	0	0	0.501099	1
22	379	246	379	245	208	209	0.00181818	0	0.540659	1
23	525	81	535	85	208	217	0.0472727	0	0.178022	1
24	233	237	233	239	208	213	0.00727273	0	0.520879	1
25	527	96	528	95	208	210	0.00363636	0	0.210989	1
26	356	285	352	288	209	212	0.0236364	0	0.626374	2
27	230	266	233	273	209	215	0.0945455	0	0.584615	1
28	476	344	475	342	209	212	0.00909091	0	0.756044	2
29	419	217	420	215	209	210	0.00909091	0	0.476923	1
30	388	223	390	221	209	211	0.0109091	0	0.49011	1
31	569	419	563	419	210	211	0.0109091	0	0.920879	2
32	456	295	454	292	210	213	0.02	0	0.648352	2
33	574	249	571	250	210	213	0.00727273	0	0.547253	2
34	437	262	431	257	210	212	0.0563636	0	0.575824	2
35	423	234	421	231	210	211	0.02	0	0.514286	2
36	252	205	252	208	210	211	0.0163636	0	0.450549	1
37	250	191	249	193	210	211	0.00909091	0	0.41978	2
38	213	229	245	234	210	220	0.103636	0	0.503297	1
39	579	434	561	443	210	217	0.18	0	0.953846	2
40	590	380	579	386	210	217	0.0854545	0	0.835165	2
41	355	255	355	255	210	211	0	0	0.56044	1
42	355	190	353	188	210	211	0.0109091	0	0.417582	2
43	174	276	227	275	210	245	0.0981818	0	0.606593	1
44	464	211	464	211	210	211	0	0	0.463736	1
45	54	66	109	66	210	245	0.1	0	0.145055	1
46	381	453	382	454	210	216	0.00363636	0	0.995604	1
47	448	249	447	247	210	212	0.00909091	0	0.547253	2
48	678	276	734	278	210	229	0.109091	0	0.606593	1
49	601	277	653	281	210	245	0.123636	0	0.608791	1
50	380	245	381	242	210	212	0.0181818	0	0.538462	1
51	440	271	436	267	211	212	0.0363636	0	0.595604	2
52	219	241	218	241	211	212	0.00181818	0	0.52967	2
53	571	276	570	275	211	212	0.00363636	0	0.606593	2
54	439	231	438	231	211	212	0.00181818	0	0.507692	2
55	378	415	380	414	212	214	0.00545455	0	0.912088	1
56	344	439	343	438	212	213	0.00363636	0	0.964835	2
57	562	419	560	419	212	214	0.00363636	0	0.920879	2
58	384	399	383	398	212	213	0.00363636	0	0.876923	2
59	461	192	459	193	212	213	0.00545455	0	0.421978	2
60	354	433	353	429	212	213	0.0309091	0	0.951648	2
61	357	204	356	204	212	213	0.00181818	0	0.448352	2
62	358	235	357	234	212	213	0.00363636	0	0.516484	2
63	222	252	222	251	212	213	0.00181818	0	0.553846	1
64	399	197	395	196	212	213	0.00909091	0	0.432967	2
65	390	221	391	220	212	213	0.00363636	0	0.485714	1
66	256	191	255	196	212	214	0.0472727	0	0.41978	2
67	562	264	561	263	212	213	0.00363636	0	0.58022	2
68	252	211	251	213	212	213	0.00909091	0	0.463736	2
69	246	175	245	184	212	215	0.149091	0	0.384615	2
70	526	172	528	173	212	214	0.00545455	0	0.378022	1
71	349	291	355	295	213	217	0.04	0	0.63956	1
72	475	344	477	347	213	215	0.02	0	0.756044	1
73	477	312	474	312	213	214	0.00545455	0	0.685714	2
74	225	284	237	287	213	218	0.0381818	0	0.624176	1
75	359	283	360	283	213	214	0.00181818	0	0.621978	1
76	438	239	437	238	213	214	0.00363636	0	0.525275	2
77	380	277	438	283	213	222	0.170909	0	0.608791	1
78	572	275	572	275	213	214	0	0	0.604396	1
79	523	158	569	177	213	223	0.74	0	0.347253	1
80	416	195	415	193	213	214	0.00909091	0	0.428571	2
81	383	359	389	372	213	217	0.318182	0	0.789011	1
82	24	60	80	60	213	245	0.101818	0	0.131868	1
83	408	282	413	285	213	217	0.0254545	0	0.61978	1
84	219	241	220	241	213	214	0.00181818	0	0.52967	1
85	379	242	380	241	213	214	0.00363636	0	0.531868	1
86	421	237	420	236	213	214	0.00363636	0	0.520879	2
87	476	224	478	226	213	216	0.0109091	0	0.492308	1
88	443	172	442	173	213	214	0.00363636	0	0.378022	2
89	471	300	463	302	213	217	0.0218182	0	0.659341	2
90	354	443	358	445	214	217	0.0145455	0	0.973626	1
91	393	259	399	260	214	216	0.0127273	0	0.569231	1
92	344	439	345	440	214	216	0.00363636	0	0.964835	1
93	427	252	425	251	214	215	0.00545455	0	0.553846	2
94	246	206	246	210	214	215	0.0290909	0	0.452747	1
95	570	254	568	256	214	215	0.0109091	0	0.558242	2
96	357	236	358	237	214	216	0.00363636	0	0.518681	1
97	432	167	431	168	214	215	0.00363636	0	0.367033	2
98	225	253	227	256	214	215	0.02	0	0.556044	1
99	235	240	250	246	214	218	0.0927273	0	0.527473	1
100	257	220	257	223	214	215	0.0163636	0	0.483516	1
101	292	65	293	66	214	215	0.00363636	0	0.142857	1
102	385	434	387	434	215	216	0.00363636	0	0.953846	1
103	463	324	458	323	215	216	0.0109091	0	0.712088	2
104	361	286	362	287	215	216	0.00363636	0	0.628571	1
105	560	421	560	421	215	216	0	0	0.925275	1
106	354	428	392	430	215	221	0.0763636	0	0.940659	1
107	467	336	490	344	215	220	0.158182	0	0.738462	1
108	454	292	451	290	215	216	0.0127273	0	0.641758	2
109	529	172	533	176	215	217	0.0363636	0	0.378022	1
110	537	24	567	28	215	220	0.0836364	0	0.0527473	1
111	455	191	451	190	215	217	0.00909091	0	0.41978	2
112	390	201	389	203	215	216	0.00909091	0	0.441758	2
113	454	268	454	268	215	216	0	0	0.589011	1
114	514	349	512	347	215	216	0.0109091	0	0.767033	2
115	256	200	256	203	215	216	0.0163636	0	0.43956	1
116	396	219	399	219	215	216	0.00545455	0	0.481319	1
117	568	258	567	259	216	217	0.00363636	0	0.567033	2
118	478	349	495	350	216	219	0.0327273	0	0.767033	1
119	422	250	422	249	216	217	0.00181818	0	0.549451	1
120	312	70	320	70	216	218	0.0145455	0	0.153846	1
121	562	411	576	411	216	219	0.0254545	0	0.903297	1
122	438	278	435	277	216	217	0.00727273	0	0.610989	2
123	339	63	341	63	216	217	0.00363636	0	0.138462	1
124	430	215	442	216	216	218	0.0236364	0	0.472527	1
125	442	175	451	174	216	219	0.0181818	0	0.384615	1
126	427	196	428	196	216	217	0.00181818	0	0.430769	1
127	258	216	259	217	216	217	0.00363636	0	0.474725	1
128	415	180	415	178	216	217	0.00727273	0	0.395604	1
129	376	282	387	282	217	218	0.02	0	0.61978	1
130	365	289	375	289	217	218	0.0181818	0	0.635165	1
131	387	440	413	441	217	220	0.0490909	0	0.967033	1
132	562	421	567	420	217	218	0.0109091	0	0.925275	1
133	348	442	383	442	217	221	0.0636364	0	0.971429	1
134	418	189	425	185	217	218	0.0418182	0	0.415385	1
135	368	227	374	227	217	218	0.0109091	0	0.498901	1
136	457	270	464	270	217	218	0.0127273	0	0.593407	1
137	376	455	383	454	217	218	0.0145455	0	1	1
138	556	250	560	250	217	218	0.00727273	0	0.549451	1
139	243	263	252	263	217	218	0.0163636	0	0.578022	1
140	556	431	591	431	217	229	0.0636364	0	0.947253	1
141	575	287	582	287	217	218	0.0127273	0	0.630769	1
142	564	362	630	384	217	234	1	0	0.795604	1
143	353	247	368	247	217	219	0.0272727	0	0.542857	1
144	466	322	481	318	218	221	0.0563636	0	0.707692	1
145	366	446	402	447	218	224	0.0672727	0	0.98022	1
146	439	274	460	269	218	222	0.0836364	0	0.602198	1
147	365	294	376	293	218	219	0.0218182	0	0.646154	1
148	347	65	395	63	218	228	0.0945455	0	0.142857	1
149	256	209	264	210	218	219	0.0163636	0	0.459341	1
150	569	444	621	443	218	229	0.0963636	0	0.975824	1
151	395	210	402	210	218	219	0.0127273	0	0.461538	1
152	456	321	467	318	218	220	0.0363636	0	0.705495	1
153	432	251	438	250	218	219	0.0127273	0	0.551648	1
154	421	175	436	173	218	220	0.0345455	0	0.384615	1
155	468	303	479	302	218	220	0.0218182	0	0.665934	1
156	264	224	272	226	218	219	0.0218182	0	0.492308	1
157	417	279	445	279	218	221	0.0509091	0	0.613187	1
158	670	211	705	215	218	224	0.0927273	0	0.463736	1
159	574	260	579	261	218	219	0.0109091	0	0.571429	1
160	570	285	569	290	218	219	0.0472727	0	0.626374	2
161	266	207	274	208	218	219	0.0163636	0	0.454945	1
162	497	319	514	317	218	221	0.0381818	0	0.701099	1
163	410	267	419	268	218	219	0.0181818	0	0.586813	1
164	586	388	610	391	218	221	0.06	0	0.852747	1
165	510	347	510	346	218	219	0.00181818	0	0.762637	1
166	455	190	477	190	218	221	0.04	0	0.417582	1
167	226	248	234	249	218	219	0.0163636	0	0.545055	1
168	803	280	822	283	218	220	0.0509091	0	0.615385	1
169	481	146	523	147	218	245	0.0781818	0	0.320879	1
170	401	284	413	288	219	220	0.0509091	0	0.624176	1
171	247	288	268	288	219	221	0.0381818	0	0.632967	1
172	571	273	578	273	219	220	0.0127273	0	0.6	1
173	453	217	465	219	219	220	0.0290909	0	0.476923	1
174	24	67	59	65	219	245	0.0709091	0	0.147253	1
175	332	69	342	69	219	220	0.0181818	0	0.151648	1
176	427	254	436	253	219	220	0.0181818	0	0.558242	1
177	567	251	589	258	219	225	0.129091	0	0.551648	1
178	25	285	58	282	219	245	0.0763636	0	0.626374	1
179	313	69	335	70	219	221	0.0418182	0	0.151648	1
180	397	270	409	271	219	220	0.0236364	0	0.593407	1
181	474	270	496	270	219	222	0.04	0	0.593407	1
182	594	293	613	291	219	221	0.0418182	0	0.643956	1
183	659	280	692	288	219	240	0.176364	0	0.615385	1
184	260	245	284	246	219	221	0.0454545	0	0.538462	1
185	425	244	434	244	219	220	0.0163636	0	0.536264	1
186	489	226	492	226	219	220	0.00545455	0	0.496703	1
187	459	286	467	284	220	223	0.0218182	0	0.628571	1
188	240	285	261	287	220	243	0.0454545	0	0.626374	1
189	570	294	586	299	220	226	0.0745455	0	0.646154	1
190	446	199	445	194	220	222	0.0472727	0	0.437363	2
191	431	269	442	268	220	221	0.0218182	0	0.591209	1
192	458	176	465	176	220	222	0.0127273	0	0.386813	1
193	388	294	403	294	220	221	0.0272727	0	0.646154	1
194	581	409	591	410	220	221	0.02	0	0.898901	1
195	746	282	768	281	220	245	0.0418182	0	0.61978	1
196	452	257	460	255	220	221	0.0218182	0	0.564835	1
197	268	202	289	220	220	228	0.627273	0	0.443956	1
198	246	252	266	251	220	224	0.0381818	0	0.553846	1
199	570	243	577	243	220	221	0.0127273	0	0.534066	1
200	408	236	407	237	221	222	0.00363636	0	0.518681	2
201	498	344	495	343	221	222	0.00727273	0	0.756044	2
202	429	437	430	437	221	222	0.00181818	0	0.96044	1
203	397	237	397	237	221	222	0	0	0.520879	1
204	423	270	426	270	221	222	0.00545455	0	0.593407	1
205	471	226	473	226	221	222	0.00363636	0	0.496703	1
206	472	268	484	270	221	230	0.0290909	0	0.589011	1
207	498	294	496	293	221	222	0.00545455	0	0.646154	2
208	394	187	396	188	221	222	0.00545455	0	0.410989	1
209	414	179	418	179	221	222	0.00727273	0	0.393407	1
210	487	250	491	250	221	222	0.00727273	0	0.549451	1
211	428	293	433	292	222	223	0.0109091	0	0.643956	1
212	511	349	506	348	222	224	0.0109091	0	0.767033	2
213	449	280	462	279	222	225	0.0254545	0	0.615385	1
214	446	424	448	424	222	223	0.00363636	0	0.931868	1
215	384	442	393	440	222	245	0.0236364	0	0.971429	1
216	454	253	454	252	222	223	0.00181818	0	0.556044	1
217	434	385	435	389	222	223	0.0309091	0	0.846154	1
218	438	262	439	263	222	223	0.00363636	0	0.575824	1
219	586	27	593	28	222	224	0.0145455	0	0.0593407	1
220	319	145	328	144	222	245	0.0181818	0	0.318681	1
221	477	247	479	250	222	223	0.02	0	0.542857	1
222	403	249	403	249	222	223	0	0	0.547253	1
223	612	392	617	396	222	224	0.0381818	0	0.861538	1
224	451	170	451	169	222	224	0.00181818	0	0.373626	1
225	594	264	593	265	222	223	0.00363636	0	0.58022	2
226	507	314	503	314	222	223	0.00727273	0	0.69011	2
227	374	24	378	25	222	224	0.00909091	0	0.0527473	1
228	24	142	34	140	222	245	0.0254545	0	0.312088	1
229	486	283	485	281	222	223	0.00909091	0	0.621978	2
230	587	425	599	427	222	225	0.0290909	0	0.934066	1
231	427	201	426	200	222	223	0.00363636	0	0.441758	2
232	484	299	481	300	222	227	0.00727273	0	0.657143	2
233	391	24	403	24	222	225	0.0218182	0	0.0527473	1
234	425	442	431	441	223	224	0.0127273	0	0.971429	1
235	406	239	410	239	223	224	0.00727273	0	0.525275	1
236	396	239	398	240	223	224	0.00545455	0	0.525275	1
237	495	293	497	293	223	224	0.00363636	0	0.643956	1
238	296	232	300	235	223	224	0.0236364	0	0.50989	1
239	477	192	479	193	223	224	0.00545455	0	0.421978	1
240	460	270	474	272	223	225	0.0327273	0	0.593407	1
241	464	255	468	255	223	224	0.00727273	0	0.56044	1
242	472	214	473	213	223	224	0.00363636	0	0.47033	1
243	262	207	279	207	223	228	0.0309091	0	0.454945	1
244	24	446	26	443	224	245	0.02	0	0.98022	1
245	438	299	464	298	224	228	0.0490909	0	0.657143	1
246	289	243	295	241	224	225	0.0181818	0	0.534066	1
247	301	285	310	286	224	226	0.0181818	0	0.626374	1
248	431	246	440	245	224	225	0.0181818	0	0.540659	1
249	577	221	587	224	224	226	0.0345455	0	0.485714	1
250	429	199	434	198	224	225	0.0109091	0	0.437363	1
251	406	256	413	254	224	225	0.02	0	0.562637	1
252	341	66	347	64	224	245	0.0181818	0	0.145055	1
253	301	260	309	261	224	225	0.0163636	0	0.571429	1
254	420	280	428	278	224	225	0.0218182	0	0.615385	1
255	481	323	480	324	225	226	0.00363636	0	0.70989	2
256	507	349	499	349	225	226	0.0145455	0	0.767033	2
257	409	446	403	444	225	245	0.0181818	0	0.98022	2
258	404	241	403	242	225	226	0.00363636	0	0.52967	2
259	437	442	437	440	225	227	0.00727273	0	0.971429	1
260	421	225	421	224	225	226	0.00181818	0	0.494505	1
261	418	238	419	237	225	226	0.00363636	0	0.523077	1
262	490	310	479	312	225	229	0.0272727	0	0.681319	2
263	504	288	505	287	225	226	0.00363636	0	0.632967	1
264	581	181	583	183	225	226	0.0109091	0	0.397802	1
265	602	417	603	419	225	230	0.00909091	0	0.916484	1
266	450	169	448	169	225	226	0.00363636	0	0.371429	2
267	302	211	300	234	225	233	0.965455	0	0.463736	2
268	427	455	425	454	225	232	0.00545455	0	1	2
269	580	282	582	281	225	226	0.00545455	0	0.61978	1
270	465	237	466	230	225	230	0.0909091	0	0.520879	1
271	470	179	470	179	225	226	0	0	0.393407	1
272	306	224	303	237	225	230	0.312727	0	0.492308	2
273	588	272	586	272	225	226	0.00363636	0	0.597802	2
274	441	289	441	288	226	227	0.00181818	0	0.635165	1
275	297	244	295	247	226	227	0.02	0	0.536264	2
276	613	269	611	266	226	227	0.02	0	0.591209	2
277	517	276	519	277	226	227	0.00545455	0	0.606593	1
278	609	25	609	24	226	227	0.00181818	0	0.0549451	1
279	509	263	512	266	226	228	0.0218182	0	0.578022	1
280	602	429	600	427	226	229	0.0109091	0	0.942857	2
281	308	240	306	242	226	227	0.0109091	0	0.527473	2
282	596	63	596	61	226	228	0.00727273	0	0.138462	1
283	488	343	480	341	226	227	0.0218182	0	0.753846	2
284	587	194	586	199	226	229	0.0472727	0	0.426374	2
285	586	249	582	249	226	229	0.00727273	0	0.547253	2
286	409	232	404	233	226	228	0.0109091	0	0.50989	2
287	628	396	628	396	226	227	0	0	0.87033	1
288	457	289	459	288	226	227	0.00545455	0	0.635165	1
289	472	417	477	415	227	228	0.0163636	0	0.916484	1
290	613	392	614	392	227	228	0.00181818	0	0.861538	1
291	307	292	306	290	227	228	0.00909091	0	0.641758	2
292	369	70	367	74	227	239	0.0327273	0	0.153846	2
293	505	287	503	285	227	229	0.0109091	0	0.630769	2
294	295	265	294	264	227	228	0.00363636	0	0.582418	2
295	400	243	398	243	227	228	0.00363636	0	0.534066	2
296	589	259	586	259	227	229	0.00545455	0	0.569231	2
297	276	249	272	253	227	229	0.0363636	0	0.547253	2
298	449	222	445	220	227	229	0.0145455	0	0.487912	2
299	494	295	489	294	227	228	0.0109091	0	0.648352	2
300	457	418	460	416	227	228	0.0127273	0	0.918681	1
301	494	285	493	283	227	228	0.00909091	0	0.626374	2
302	470	214	466	212	227	229	0.0145455	0	0.47033	2
303	623	421	624	420	227	228	0.00363636	0	0.925275	1
304	614	278	613	276	227	228	0.00909091	0	0.610989	2
305	482	430	487	428	227	228	0.0163636	0	0.945055	1
306	289	304	291	321	227	231	0.529091	0	0.668132	1
307	441	289	440	290	228	229	0.00363636	0	0.635165	2
308	294	249	288	262	228	231	0.318182	0	0.547253	2
309	435	440	430	440	228	245	0.00909091	0	0.967033	2
310	473	337	468	335	228	229	0.0163636	0	0.740659	2
311	590	288	589	288	228	229	0.00181818	0	0.632967	2
312	479	300	475	300	228	229	0.00727273	0	0.659341	2
313	444	236	441	236	228	229	0.00545455	0	0.518681	2
314	439	170	433	170	228	229	0.0109091	0	0.373626	2
315	522	277	521	277	228	229	0.00181818	0	0.608791	2
316	423	68	425	68	228	229	0.00363636	0	0.149451	1
317	486	339	481	338	228	230	0.0109091	0	0.745055	2
318	475	274	474	275	228	231	0.00363636	0	0.602198	2
319	471	323	467	323	229	230	0.00727273	0	0.70989	2
320	491	431	493	434	229	230	0.02	0	0.947253	1
321	303	247	302	251	229	230	0.0309091	0	0.542857	2
322	617	393	620	393	229	230	0.00545455	0	0.863736	1
323	397	244	397	245	229	230	0.00181818	0	0.536264	1
324	306	292	305	294	229	230	0.00909091	0	0.641758	2
325	296	267	296	270	229	230	0.0163636	0	0.586813	1
326	481	322	477	322	229	230	0.00727273	0	0.707692	2
327	627	422	630	423	229	230	0.00727273	0	0.927473	1
328	596	253	594	259	229	232	0.0690909	0	0.556044	2
329	584	234	584	236	229	230	0.00727273	0	0.514286	1
330	591	311	583	322	229	234	0.234545	0	0.683516	2
331	501	228	505	237	229	234	0.154545	0	0.501099	1
332	466	353	460	353	230	233	0.0109091	0	0.775824	2
333	460	435	469	435	230	231	0.0163636	0	0.956044	1
334	441	293	445	295	230	232	0.0145455	0	0.643956	1
335	297	305	291	315	230	236	0.192727	0	0.67033	2
336	625	446	621	451	230	237	0.0527273	0	0.98022	2
337	465	336	456	337	230	232	0.0181818	0	0.738462	2
338	588	203	588	205	230	231	0.00727273	0	0.446154	1
339	589	291	588	294	230	231	0.0181818	0	0.63956	2
340	585	262	574	276	230	236	0.376364	0	0.575824	2
341	460	246	459	245	230	231	0.00363636	0	0.540659	2
342	428	170	417	170	230	232	0.02	0	0.373626	2
343	506	256	506	257	230	231	0.00181818	0	0.562637	1
344	458	198	459	198	230	231	0.00181818	0	0.435165	1
345	735	280	731	287	230	239	0.0963636	0	0.615385	2
346	487	285	486	284	230	231	0.00363636	0	0.626374	2
347	427	67	433	71	230	233	0.04	0	0.147253	1
348	465	178	478	182	230	239	0.0527273	0	0.391209	1
349	482	297	475	299	230	232	0.02	0	0.652747	2
350	370	26	366	27	230	245	0.00909091	0	0.0571429	2
351	291	246	289	249	230	231	0.02	0	0.540659	2
352	509	240	510	243	230	232	0.0181818	0	0.527473	1
353	415	69	414	69	230	231	0.00181818	0	0.151648	2
354	462	323	458	323	231	232	0.00727273	0	0.70989	2
355	624	394	635	399	231	234	0.0654545	0	0.865934	1
356	443	249	442	250	231	232	0.00363636	0	0.547253	2
357	298	274	300	280	231	232	0.0690909	0	0.602198	1
358	473	314	462	317	231	234	0.0363636	0	0.69011	2
359	281	279	280	280	231	234	0.00363636	0	0.613187	2
360	302	255	301	257	231	232	0.00909091	0	0.56044	2
361	407	247	403	247	231	232	0.00727273	0	0.542857	2
362	591	433	592	434	231	233	0.00363636	0	0.951648	1
363	498	397	507	401	231	233	0.0454545	0	0.872527	1
364	450	182	450	183	231	233	0.00181818	0	0.4	1
365	521	281	520	282	231	232	0.00363636	0	0.617582	2
366	632	428	633	436	231	235	0.118182	0	0.940659	1
367	474	217	480	220	231	236	0.0272727	0	0.476923	1
368	544	285	540	286	231	245	0.00909091	0	0.626374	2
369	466	229	466	227	231	232	0.00727273	0	0.503297	1
370	439	237	436	239	231	232	0.0127273	0	0.520879	2
371	481	349	477	348	231	232	0.00909091	0	0.767033	2
372	275	255	274	255	231	232	0.00181818	0	0.56044	2
373	625	281	621	282	231	245	0.00909091	0	0.617582	2
374	430	215	427	216	232	233	0.00727273	0	0.472527	2
375	298	267	298	268	232	233	0.00181818	0	0.586813	1
376	289	321	288	324	232	237	0.0181818	0	0.705495	2
377	588	207	586	220	232	236	0.310909	0	0.454945	2
378	464	196	466	196	232	234	0.00363636	0	0.430769	1
379	615	24	616	25	232	233	0.00363636	0	0.0527473	1
380	486	286	485	287	232	234	0.00363636	0	0.628571	2
381	465	304	457	307	232	234	0.0309091	0	0.668132	2
382	475	275	475	275	232	233	0	0	0.604396	1
383	414	70	413	71	232	233	0.00363636	0	0.153846	2
384	509	409	514	411	232	233	0.0163636	0	0.898901	1
385	417	201	414	202	232	233	0.00727273	0	0.441758	2
386	468	324	464	325	232	233	0.00909091	0	0.712088	2
387	440	271	434	272	233	235	0.0127273	0	0.595604	2
388	453	339	448	338	233	234	0.0109091	0	0.745055	2
389	435	243	434	244	233	234	0.00363636	0	0.534066	2
390	302	308	301	310	233	234	0.00909091	0	0.676923	2
391	482	452	481	452	233	234	0.00181818	0	0.993407	2
392	403	249	406	248	233	235	0.00727273	0	0.547253	1
393	523	274	522	275	233	234	0.00363636	0	0.602198	2
394	454	326	451	328	233	234	0.0127273	0	0.716484	2
395	275	256	274	255	233	234	0.00363636	0	0.562637	2
396	464	238	463	237	233	234	0.00363636	0	0.523077	2
397	414	172	410	172	233	234	0.00727273	0	0.378022	2
398	318	278	323	282	233	235	0.0381818	0	0.610989	1
399	297	287	297	290	233	234	0.0163636	0	0.630769	1
400	504	287	503	287	233	234	0.00181818	0	0.630769	2
401	424	217	418	217	234	236	0.0109091	0	0.476923	2
402	299	269	299	272	234	235	0.0163636	0	0.591209	1
403	618	25	628	28	234	239	0.0345455	0	0.0549451	1
404	471	273	472	274	234	235	0.00363636	0	0.6	1
405	528	296	527	305	234	239	0.149091	0	0.650549	2
406	521	439	528	438	234	235	0.0145455	0	0.964835	1
407	584	250	583	250	234	235	0.00181818	0	0.549451	2
408	454	223	452	224	234	235	0.00545455	0	0.49011	2
409	414	72	413	72	234	235	0.00181818	0	0.158242	2
410	626	421	627	427	234	235	0.0672727	0	0.925275	1
411	696	221	692	223	234	236	0.0145455	0	0.485714	2
412	394	66	393	66	235	236	0.00181818	0	0.145055	2
413	507	260	507	262	235	236	0.00727273	0	0.571429	1
414	639	401	653	408	235	239	0.114545	0	0.881319	1
415	322	310	329	312	235	237	0.02	0	0.681319	1
416	390	25	389	25	235	236	0.00181818	0	0.0549451	2
417	482	259	483	262	235	236	0.0181818	0	0.569231	1
418	588	287	585	289	235	236	0.0127273	0	0.630769	2
419	583	322	582	323	235	236	0.00363636	0	0.707692	2
420	412	207	405	209	235	238	0.02	0	0.454945	2
421	317	294	322	295	235	236	0.0109091	0	0.646154	1
422	458	321	449	327	235	238	0.0818182	0	0.705495	2
423	473	446	471	443	235	245	0.02	0	0.98022	2
424	524	276	524	279	235	236	0.0163636	0	0.606593	1
425	486	288	486	288	235	236	0	0	0.632967	1
426	607	436	612	438	235	236	0.0163636	0	0.958242	1
427	463	290	464	291	235	236	0.00363636	0	0.637363	1
428	500	282	500	283	235	236	0.00181818	0	0.61978	1
429	450	184	454	185	235	238	0.00909091	0	0.404396	1
430	467	240	467	240	235	236	0	0	0.527473	1
431	393	249	392	250	235	236	0.00363636	0	0.547253	2
432	442	224	442	225	235	236	0.00181818	0	0.492308	1
433	577	309	576	310	235	236	0.00363636	0	0.679121	2
434	605	75	608	77	235	237	0.0127273	0	0.164835	1
435	473	307	476	308	236	237	0.00727273	0	0.674725	1
436	432	274	429	275	236	237	0.00727273	0	0.602198	2
437	290	265	291	269	236	237	0.0309091	0	0.582418	1
438	411	179	407	178	236	237	0.00909091	0	0.393407	2
439	515	250	517	257	236	239	0.0927273	0	0.549451	1
440	435	247	434	247	236	237	0.00181818	0	0.542857	2
441	584	250	584	257	236	238	0.0890909	0	0.549451	1
442	589	267	590	268	236	237	0.00363636	0	0.586813	1
443	413	73	413	73	236	237	0	0	0.16044	1
444	301	268	302	272	236	237	0.0309091	0	0.589011	1
445	533	442	538	445	236	237	0.0254545	0	0.971429	1
446	418	275	417	275	236	237	0.00181818	0	0.604396	2
447	390	157	386	158	236	237	0.00909091	0	0.345055	2
448	416	218	414	218	237	238	0.00363636	0	0.479121	2
449	483	450	481	445	237	245	0.0490909	0	0.989011	2
450	394	68	394	69	237	239	0.00181818	0	0.149451	1
451	461	304	462	309	237	238	0.0472727	0	0.668132	1
452	390	26	388	25	237	244	0.00545455	0	0.0571429	2
453	442	359	435	362	237	238	0.0290909	0	0.789011	2
454	327	300	329	302	237	238	0.0109091	0	0.659341	1
455	583	291	581	296	237	239	0.0490909	0	0.63956	2
456	291	287	293	290	237	238	0.02	0	0.630769	1
457	573	278	565	290	237	243	0.276364	0	0.610989	2
458	470	241	471	241	237	238	0.00181818	0	0.52967	1
459	581	308	577	312	237	239	0.0363636	0	0.676923	2
460	586	224	587	237	237	241	0.309091	0	0.492308	1
461	508	265	507	268	237	238	0.0181818	0	0.582418	2
462	487	289	486	289	237	238	0.00181818	0	0.635165	2
463	694	224	690	227	237	239	0.0236364	0	0.492308	2
464	457	353	457	353	237	238	0	0	0.775824	1
465	443	227	443	227	237	238	0	0	0.498901	1
466	482	221	483	222	237	238	0.00363636	0	0.485714	1
467	526	283	527	290	237	239	0.0909091	0	0.621978	1
468	579	263	579	267	237	238	0.0290909	0	0.578022	1
469	567	333	564	342	237	243	0.152727	0	0.731868	2
470	316	306	319	308	237	238	0.0127273	0	0.672527	1
471	480	309	483	311	238	239	0.0127273	0	0.679121	1
472	429	276	428	277	238	239	0.00363636	0	0.606593	2
473	291	275	292	278	238	239	0.0181818	0	0.604396	1
474	333	316	335	319	238	239	0.02	0	0.694505	1
475	505	258	505	260	238	239	0.00727273	0	0.567033	1
476	302	277	302	280	238	239	0.0163636	0	0.608791	1
477	414	74	413	74	238	239	0.00181818	0	0.162637	2
478	381	160	351	159	238	245	0.0563636	0	0.351648	2
479	389	260	387	260	238	239	0.00363636	0	0.571429	2
480	419	274	417	275	238	242	0.00545455	0	0.602198	2
481	630	75	629	76	238	239	0.00363636	0	0.164835	2
482	596	272	600	276	238	239	0.0363636	0	0.597802	1
483	540	410	559	420	238	241	0.216364	0	0.901099	1
484	322	312	325	316	239	240	0.0345455	0	0.685714	1
485	435	360	434	360	239	240	0.00181818	0	0.791209	2
486	456	355	455	355	239	240	0.00181818	0	0.78022	2
487	477	218	479	219	239	240	0.00545455	0	0.479121	1
488	328	331	329	336	239	241	0.0472727	0	0.727473	1
489	646	441	650	442	239	240	0.00909091	0	0.969231	1
490	432	374	430	370	239	244	0.0327273	0	0.821978	2
491	443	319	439	320	239	240	0.00909091	0	0.701099	2
492	403	29	400	24	239	245	0.0509091	0	0.0637363	2
493	472	242	473	243	239	240	0.00363636	0	0.531868	1
494	610	79	610	79	239	240	0	0	0.173626	1
495	485	313	490	324	240	244	0.229091	0	0.687912	1
496	463	313	462	313	240	241	0.00181818	0	0.687912	2
497	412	218	408	216	240	242	0.0145455	0	0.479121	2
498	428	278	427	278	240	241	0.00181818	0	0.610989	2
499	291	278	291	280	240	241	0.00727273	0	0.610989	1
500	393	70	391	64	240	245	0.0690909	0	0.153846	2
501	656	411	679	413	240	245	0.0490909	0	0.903297	1
502	401	212	396	212	240	242	0.00909091	0	0.465934	2
503	685	228	678	220	240	245	0.129091	0	0.501099	2
504	528	306	527	306	240	241	0.00181818	0	0.672527	2
505	631	27	634	27	240	242	0.00545455	0	0.0593407	1
506	367	76	365	70	240	245	0.0690909	0	0.167033	2
507	423	254	422	254	240	241	0.00181818	0	0.558242	2
508	631	79	630	79	240	241	0.00181818	0	0.173626	2
509	414	76	412	70	240	245	0.0690909	0	0.167033	2
510	388	261	384	263	240	241	0.0145455	0	0.573626	2
511	498	452	497	445	240	245	0.0909091	0	0.993407	2
512	460	151	458	144	240	245	0.0927273	0	0.331868	2
513	455	87	463	87	240	243	0.0145455	0	0.191209	1
514	450	231	449	231	240	241	0.00181818	0	0.507692	2
515	481	264	482	265	240	241	0.00363636	0	0.58022	1
516	667	418	669	419	240	241	0.00545455	0	0.918681	1
517	459	218	461	219	240	241	0.00545455	0	0.479121	1
518	481	184	489	180	240	245	0.0436364	0	0.404396	1
519	651	449	653	451	241	242	0.0109091	0	0.986813	1
520	556	446	564	445	241	242	0.0163636	0	0.98022	1
521	337	312	339	314	241	242	0.0109091	0	0.685714	1
522	613	80	615	77	241	244	0.02	0	0.175824	1
523	476	244	477	243	241	243	0.00363636	0	0.536264	1
524	503	273	501	273	241	242	0.00363636	0	0.6	2
525	488	229	492	229	241	242	0.00727273	0	0.503297	1
526	295	293	294	296	241	242	0.0181818	0	0.643956	2
527	538	443	544	442	241	242	0.0127273	0	0.973626	1
528	596	264	597	266	241	242	0.00909091	0	0.58022	1
529	463	244	463	243	241	242	0.00181818	0	0.536264	1
530	511	254	509	256	241	245	0.0109091	0	0.558242	2
531	583	263	580	263	241	242	0.00545455	0	0.578022	2
532	567	324	565	325	241	242	0.00545455	0	0.712088	2
533	462	313	463	310	242	244	0.0181818	0	0.687912	1
534	428	278	428	277	242	243	0.00181818	0	0.610989	1
535	289	321	287	322	242	245	0.00545455	0	0.705495	2
536	427	364	427	361	242	244	0.0163636	0	0.8	1
537	510	314	504	316	242	243	0.0181818	0	0.69011	2
538	426	347	424	347	242	243	0.00363636	0	0.762637	2
539	584	230	587	228	242	244	0.0127273	0	0.505495	1
540	450	348	446	345	242	244	0.0236364	0	0.764835	2
541	450	231	450	229	242	243	0.00727273	0	0.507692	1
542	577	286	576	284	242	243	0.00909091	0	0.628571	2
543	279	238	279	235	242	243	0.0163636	0	0.523077	1
544	466	253	467	251	243	244	0.00909091	0	0.556044	1
545	511	294	510	294	243	244	0.00181818	0	0.646154	2
546	461	290	461	288	243	244	0.00727273	0	0.637363	1
547	509	305	505	305	243	245	0.00727273	0	0.67033	2
548	342	289	341	284	243	245	0.0472727	0	0.635165	2
549	476	194	478	192	243	244	0.0109091	0	0.426374	1
550	426	267	427	264	243	244	0.0181818	0	0.586813	1
551	387	257	382	254	243	245	0.0254545	0	0.564835	2
552	599	270	600	269	243	244	0.00363636	0	0.593407	1
553	501	266	502	265	243	244	0.00363636	0	0.584615	1
554	632	446	642	446	243	244	0.0181818	0	0.98022	1
555	418	279	418	276	243	244	0.0163636	0	0.613187	1
556	418	331	416	331	244	245	0.00363636	0	0.727473	2
557	587	304	587	299	244	245	0.0454545	0	0.668132	1
558	359	319	365	319	244	245	0.0109091	0	0.701099	1
559	431	275	432	272	244	245	0.0181818	0	0.604396	1
560	261	287	260	285	244	245	0.00909091	0	0.630769	2
561	407	215	404	212	244	245	0.0218182	0	0.472527	2
562	423	347	421	345	244	245	0.0109091	0	0.762637	2
563	562	281	561	279	244	245	0.00909091	0	0.617582	2
564	475	240	474	237	244	245	0.0181818	0	0.527473	2
565	581	262	582	260	244	245	0.00909091	0	0.575824	1
566	460	278	459	274	244	245	0.0309091	0	0.610989	2
567	501	317	500	315	244	245	0.00909091	0	0.696703	2
568	339	338	349	338	244	245	0.0181818	0	0.742857	1
569	591	238	592	235	244	245	0.0181818	0	0.523077	1
570	277	246	277	241	244	245	0.0454545	0	0.540659	1
571	427	302	427	300	244	245	0.00727273	0	0.663736	1