
0	389	139	389	137	177	178	0.00683761	0	0.360104	1
1	511	165	509	161	177	178	0.0307692	0	0.427461	2
2	370	201	369	200	177	178	0.0034188	0	0.520725	2
3	376	122	376	121	177	179	0.0017094	0	0.316062	1
4	472	158	473	156	177	178	0.00854701	0	0.409326	1
5	326	132	326	130	177	179	0.00683761	0	0.341969	1
6	211	242	208	240	177	182	0.0119658	0	0.626943	2
7	539	199	539	198	177	178	0.0017094	0	0.515544	1
8	539	171	539	167	177	178	0.0273504	0	0.443005	1
9	298	161	297	158	178	179	0.017094	0	0.417098	2
10	525	187	526	184	178	179	0.017094	0	0.484456	1
11	525	256	525	257	178	179	0.0017094	0	0.663212	1
12	190	214	190	213	178	179	0.0017094	0	0.554404	1
13	373	137	371	137	178	179	0.0034188	0	0.354922	2
14	582	126	582	125	178	179	0.0017094	0	0.326425	1
15	483	160	485	158	178	179	0.0102564	0	0.414508	1
16	359	163	357	162	178	179	0.00512821	0	0.42228	2
17	511	193	512	190	178	179	0.017094	0	0.5	1
18	490	191	492	189	178	179	0.0102564	0	0.494819	1
19	292	221	291	219	178	182	0.00854701	0	0.572539	2
20	263	195	263	192	178	183	0.0153846	0	0.505181	1
21	534	163	537	157	179	181	0.0666667	0	0.42228	1
22	559	190	560	187	179	180	0.017094	0	0.492228	1
23	537	214	538	212	179	180	0.00854701	0	0.554404	1
24	392	137	393	135	179	180	0.00854701	0	0.354922	1
25	185	233	186	231	179	180	0.00854701	0	0.603627	1
26	508	158	501	148	179	182	0.182906	0	0.409326	2
27	538	258	538	256	179	181	0.00683761	0	0.668394	1
28	179	247	181	247	179	181	0.0034188	0	0.639896	1
29	475	156	477	154	179	180	0.0102564	0	0.404145	1
30	307	138	313	135	179	184	0.025641	0	0.357513	1
31	540	198	540	196	179	180	0.00683761	0	0.512953	1
32	348	123	348	121	179	180	0.00683761	0	0.318653	1
33	463	185	464	185	179	180	0.0017094	0	0.479275	1
34	205	160	202	157	179	180	0.0205128	0	0.414508	2
35	511	200	514	198	179	180	0.0119658	0	0.518135	1
36	628	227	627	225	180	181	0.00854701	0	0.588083	2
37	607	211	603	209	180	183	0.0136752	0	0.546632	2
38	595	109	596	109	180	184	0.0017094	0	0.282383	1
39	558	210	559	207	180	181	0.017094	0	0.544041	1
40	500	243	500	242	180	181	0.0017094	0	0.629534	1
41	435	218	434	217	180	181	0.0034188	0	0.564767	2
42	470	221	472	219	180	182	0.0102564	0	0.572539	1
43	624	237	623	235	180	181	0.00854701	0	0.61399	2
44	336	122	336	116	180	182	0.0615385	0	0.316062	1
45	440	229	439	228	180	182	0.0034188	0	0.593264	2
46	360	135	359	134	180	181	0.0034188	0	0.349741	2
47	365	164	361	164	180	182	0.00683761	0	0.42487	2
48	582	160	580	157	180	181	0.0188034	0	0.414508	2
49	587	179	579	173	180	181	0.0752137	0	0.463731	2
50	515	188	522	185	180	184	0.0273504	0	0.487047	1
51	515	138	511	136	180	181	0.0136752	0	0.357513	2
52	414	105	401	100	180	185	0.0649573	0	0.272021	2
53	424	143	421	141	180	181	0.0119658	0	0.370466	2
54	367	154	358	158	180	186	0.042735	0	0.398964	2
55	389	77	366	76	180	190	0.0410256	0	0.199482	2
56	412	216	411	215	180	182	0.0034188	0	0.559585	2
57	509	107	496	99	180	186	0.131624	0	0.277202	2
58	426	207	425	204	180	181	0.017094	0	0.536269	2
59	371	136	369	136	180	181	0.0034188	0	0.352332	2
60	210	196	207	193	180	181	0.0205128	0	0.507772	2
61	619	181	620	180	180	181	0.0034188	0	0.468912	1
62	584	124	584	123	180	181	0.0017094	0	0.321244	1
63	643	217	641	216	180	184	0.00512821	0	0.562176	2
64	368	174	365	173	180	181	0.00683761	0	0.450777	2
65	585	101	588	102	180	186	0.00683761	0	0.261658	1
66	542	232	544	230	180	181	0.0102564	0	0.601036	1
67	615	223	615	222	180	181	0.0017094	0	0.57772	1
68	304	181	302	172	180	182	0.14188	0	0.468912	2
69	348	172	346	171	180	181	0.00512821	0	0.445596	2
70	600	233	599	232	180	181	0.0034188	0	0.603627	2
71	379	155	375	155	180	182	0.00683761	0	0.401554	2
72	376	121	363	111	180	187	0.193162	0	0.313472	2
73	752	220	752	220	180	182	0	0	0.569948	1
74	285	230	285	229	180	183	0.0017094	0	0.595855	1
75	494	186	495	184	180	181	0.00854701	0	0.481865	1
76	394	135	395	134	181	183	0.0034188	0	0.349741	1
77	414	172	415	171	181	182	0.0034188	0	0.445596	1
78	408	205	407	205	181	182	0.0017094	0	0.531088	2
79	562	185	563	183	181	182	0.00854701	0	0.479275	1
80	348	120	347	117	181	182	0.017094	0	0.310881	2
81	518	203	520	203	181	182	0.0034188	0	0.525907	1
82	613	170	613	168	181	182	0.00683761	0	0.440415	1
83	596	208	594	207	181	182	0.00512821	0	0.53886	2
84	590	153	588	150	181	182	0.0188034	0	0.396373	2
85	392	86	368	87	181	192	0.042735	0	0.222798	2
86	197	197	192	194	181	183	0.0239316	0	0.510363	2
87	626	225	623	223	182	183	0.0119658	0	0.582902	2
88	507	246	507	246	182	183	0	0	0.637306	1
89	360	136	359	137	182	183	0.0034188	0	0.352332	2
90	497	241	497	240	182	184	0.0017094	0	0.624352	1
91	561	206	563	204	182	183	0.0102564	0	0.533679	1
92	749	244	750	244	182	185	0.0017094	0	0.632124	1
93	183	247	182	247	182	186	0.0017094	0	0.639896	2
94	619	179	619	178	182	184	0.0017094	0	0.463731	1
95	203	164	194	140	182	191	1	0	0.42487	2
96	191	234	188	233	182	187	0.00683761	0	0.606218	2
97	580	205	578	205	182	183	0.0034188	0	0.531088	2
98	548	231	551	230	182	183	0.00683761	0	0.598446	1
99	539	256	542	254	182	183	0.0119658	0	0.663212	1
100	366	178	363	178	182	183	0.00512821	0	0.46114	2
101	353	214	351	212	182	183	0.0102564	0	0.554404	2
102	292	152	287	145	182	184	0.0923077	0	0.393782	2
103	390	106	380	102	182	186	0.0444444	0	0.274611	2
104	587	123	587	122	182	183	0.0017094	0	0.318653	1
105	550	191	552	189	182	183	0.0102564	0	0.494819	1
106	566	160	561	156	183	184	0.0358974	0	0.414508	2
107	569	140	566	133	183	184	0.0888889	0	0.362694	2
108	556	156	551	153	183	184	0.0239316	0	0.404145	2
109	544	210	547	209	183	184	0.00683761	0	0.544041	1
110	441	227	440	227	183	184	0.0017094	0	0.588083	2
111	566	182	569	180	183	184	0.0119658	0	0.471503	1
112	466	177	468	177	183	184	0.0034188	0	0.458549	1
113	336	114	337	111	183	184	0.017094	0	0.295337	1
114	523	204	525	204	183	184	0.0034188	0	0.528497	1
115	359	165	356	167	183	185	0.0119658	0	0.427461	2
116	369	137	368	138	183	184	0.0034188	0	0.354922	2
117	612	168	616	169	183	188	0.00854701	0	0.435233	1
118	193	172	191	169	183	184	0.0188034	0	0.445596	2
119	593	207	591	207	183	184	0.0034188	0	0.536269	2
120	609	126	610	127	183	185	0.0034188	0	0.326425	1
121	548	170	552	167	183	184	0.0222222	0	0.440415	1
122	406	158	406	158	183	184	0	0	0.409326	1
123	585	146	579	135	183	185	0.217094	0	0.378238	2
124	272	214	273	214	183	185	0.0017094	0	0.554404	1
125	189	183	187	181	183	184	0.0102564	0	0.474093	2
126	431	152	430	152	183	184	0.0017094	0	0.393782	2
127	739	242	739	242	183	189	0	0	0.626943	1
128	377	155	375	156	183	184	0.00512821	0	0.401554	2
129	440	170	443	169	183	184	0.00683761	0	0.440415	1
130	336	146	334	143	183	184	0.0188034	0	0.378238	2
131	620	224	615	224	184	185	0.00854701	0	0.580311	2
132	602	209	599	209	184	185	0.00512821	0	0.541451	2
133	472	219	471	219	184	185	0.0017094	0	0.567358	2
134	508	247	508	247	184	185	0	0	0.639896	1
135	497	149	496	148	184	185	0.0034188	0	0.38601	2
136	197	183	194	179	184	185	0.0324786	0	0.474093	2
137	284	176	284	174	184	185	0.00683761	0	0.455959	1
138	359	178	356	178	184	187	0.00512821	0	0.46114	2
139	296	166	292	156	184	186	0.177778	0	0.430052	2
140	595	233	592	232	184	185	0.00683761	0	0.603627	2
141	347	165	346	165	184	185	0.0017094	0	0.427461	2
142	555	189	567	184	184	187	0.0632479	0	0.489637	1
143	438	228	437	228	185	186	0.0017094	0	0.590674	2
144	472	181	475	181	185	186	0.00512821	0	0.468912	1
145	598	110	604	114	185	192	0.0376068	0	0.284974	1
146	737	180	735	179	185	187	0.00512821	0	0.466321	2
147	339	109	340	106	185	186	0.017094	0	0.282383	1
148	498	240	498	239	185	186	0.0017094	0	0.621762	1
149	549	153	552	151	185	186	0.0119658	0	0.396373	1
150	571	177	574	174	185	186	0.0205128	0	0.458549	1
151	408	151	407	152	185	186	0.0034188	0	0.391192	2
152	446	170	448	170	185	186	0.0034188	0	0.440415	1
153	365	135	365	135	185	186	0	0	0.349741	1
154	184	206	180	199	185	187	0.0905983	0	0.533679	2
155	641	216	640	215	185	186	0.0034188	0	0.559585	2
156	408	161	406	165	185	188	0.0307692	0	0.417098	2
157	484	162	485	162	185	186	0.0017094	0	0.419689	1
158	562	226	566	224	185	186	0.0136752	0	0.585492	1
159	504	132	501	130	185	186	0.0119658	0	0.341969	2
160	189	167	185	160	185	187	0.0905983	0	0.432642	2
161	505	185	513	183	185	187	0.0205128	0	0.479275	1
162	655	224	654	224	185	188	0.0017094	0	0.580311	2
163	336	140	336	134	185	186	0.0615385	0	0.362694	1
164	455	203	456	202	185	187	0.0034188	0	0.525907	1
165	283	136	279	131	185	187	0.0495726	0	0.352332	2
166	556	165	558	162	185	186	0.0188034	0	0.427461	1
167	289	146	285	140	185	187	0.0683761	0	0.378238	2
168	460	225	459	225	185	186	0.0017094	0	0.582902	2
169	555	253	560	253	185	186	0.00854701	0	0.65544	1
170	268	160	265	157	185	187	0.0205128	0	0.414508	2
171	190	190	188	186	185	186	0.0307692	0	0.492228	2
172	486	148	485	146	185	186	0.00854701	0	0.38342	2
173	610	226	604	227	186	187	0.0119658	0	0.585492	2
174	400	99	384	103	186	193	0.0547009	0	0.256477	2
175	409	218	404	216	186	187	0.0153846	0	0.564767	2
176	356	168	354	167	186	187	0.00512821	0	0.435233	2
177	561	122	555	119	186	187	0.025641	0	0.316062	2
178	184	176	182	172	186	187	0.0307692	0	0.455959	2
179	750	247	750	247	186	188	0	0	0.639896	1
180	431	162	434	163	186	187	0.00683761	0	0.419689	1
181	403	204	398	202	186	187	0.0153846	0	0.528497	2
182	325	135	331	133	186	189	0.017094	0	0.349741	1
183	533	204	538	203	186	187	0.0102564	0	0.528497	1
184	546	249	548	251	186	187	0.0102564	0	0.645078	1
185	285	204	286	196	186	189	0.111111	0	0.528497	1
186	494	214	500	212	187	188	0.017094	0	0.554404	1
187	344	104	347	102	187	188	0.0119658	0	0.26943	1
188	580	173	586	171	187	188	0.017094	0	0.448187	1
189	594	231	589	233	187	188	0.0153846	0	0.598446	2
190	438	228	438	228	187	189	0	0	0.590674	1
191	408	205	409	204	187	188	0.0034188	0	0.531088	1
192	462	221	462	219	187	188	0.00683761	0	0.572539	1
193	338	129	341	126	187	188	0.0205128	0	0.334197	1
194	614	209	610	211	187	188	0.0136752	0	0.541451	2
195	291	152	293	148	187	194	0.0307692	0	0.393782	1
196	535	182	546	180	187	190	0.025641	0	0.471503	1
197	498	127	495	125	187	188	0.0119658	0	0.329016	2
198	281	167	281	161	187	192	0.0615385	0	0.432642	1
199	743	260	743	260	187	189	0	0	0.673575	1
200	192	138	210	142	187	205	0.0581197	0	0.357513	1
201	378	103	374	105	187	189	0.0136752	0	0.266839	2
202	570	226	572	229	187	188	0.0188034	0	0.585492	1
203	493	98	476	106	187	193	0.138462	0	0.253886	2
204	599	229	594	231	188	189	0.0153846	0	0.593264	2
205	737	181	736	181	188	189	0.0017094	0	0.468912	2
206	623	181	622	179	188	189	0.00854701	0	0.468912	2
207	508	239	515	235	188	189	0.0393162	0	0.619171	1
208	422	212	422	212	188	189	0	0	0.549223	1
209	181	197	181	191	188	190	0.0615385	0	0.510363	1
210	265	156	263	152	188	192	0.0307692	0	0.404145	2
211	493	186	495	185	188	189	0.00512821	0	0.481865	1
212	347	116	349	115	188	189	0.00512821	0	0.300518	1
213	519	183	523	181	188	189	0.0136752	0	0.474093	1
214	545	205	550	204	188	189	0.0102564	0	0.531088	1
215	269	221	270	220	188	190	0.0034188	0	0.572539	1
216	575	184	614	182	188	194	0.0735043	0	0.476684	1
217	561	166	562	163	188	189	0.017094	0	0.430052	1
218	339	210	340	211	188	191	0.0034188	0	0.544041	1
219	623	211	609	229	188	193	0.577778	0	0.546632	2
220	185	158	184	152	188	190	0.0632479	0	0.409326	2
221	354	150	355	150	188	189	0.0017094	0	0.388601	1
222	333	95	254	93	188	215	0.14188	0	0.246114	2
223	347	169	348	168	188	189	0.0034188	0	0.437824	1
224	750	213	748	214	188	190	0.00512821	0	0.551813	2
225	367	151	369	150	189	190	0.00512821	0	0.391192	1
226	462	217	463	214	189	190	0.017094	0	0.562176	1
227	350	202	351	202	189	190	0.0017094	0	0.523316	1
228	353	103	356	102	189	190	0.00683761	0	0.266839	1
229	592	171	598	170	189	190	0.0119658	0	0.443005	1
230	345	127	350	126	189	190	0.0102564	0	0.329016	1
231	492	170	492	170	189	190	0	0	0.440415	1
232	617	168	617	167	189	190	0.0017094	0	0.435233	1
233	414	143	426	149	189	191	0.0820513	0	0.370466	1
234	285	135	286	132	189	193	0.017094	0	0.349741	1
235	259	164	258	162	189	190	0.00854701	0	0.42487	2
236	575	232	577	232	189	190	0.0034188	0	0.601036	1
237	614	126	615	128	189	191	0.00854701	0	0.326425	1
238	360	206	361	205	189	190	0.0034188	0	0.533679	1
239	413	163	413	163	189	190	0	0	0.42228	1
240	478	233	478	233	189	190	0	0	0.603627	1
241	597	189	603	188	189	190	0.0119658	0	0.489637	1
242	591	233	587	237	190	191	0.034188	0	0.603627	2
243	750	246	750	246	190	191	0	0	0.637306	1
244	326	132	340	135	190	194	0.0393162	0	0.341969	1
245	525	232	538	232	190	191	0.0222222	0	0.601036	1
246	623	179	625	179	190	191	0.0034188	0	0.463731	1
247	494	137	496	136	190	191	0.00512821	0	0.354922	1
248	381	134	376	133	190	191	0.0102564	0	0.34715	2
249	397	215	395	217	190	191	0.0102564	0	0.556995	2
250	739	243	738	244	190	192	0.0034188	0	0.629534	2
251	359	151	362	151	190	191	0.00512821	0	0.391192	1
252	351	116	368	119	190	194	0.0444444	0	0.300518	1
253	750	266	750	266	190	191	0	0	0.689119	1
254	528	179	531	179	190	191	0.00512821	0	0.463731	1
255	465	213	471	210	191	194	0.025641	0	0.551813	1
256	604	170	609	169	191	192	0.0102564	0	0.440415	1
257	351	204	351	205	191	192	0.0017094	0	0.528497	1
258	543	176	545	175	191	192	0.00512821	0	0.455959	1
259	361	104	364	105	191	192	0.00683761	0	0.26943	1
260	737	180	744	195	191	203	0.396581	0	0.466321	1
261	494	172	497	172	191	193	0.00512821	0	0.445596	1
262	361	208	362	209	191	192	0.0034188	0	0.53886	1
263	508	143	510	142	191	192	0.00512821	0	0.370466	1
264	618	169	620	173	191	192	0.0307692	0	0.437824	1
265	386	140	380	140	191	192	0.0102564	0	0.362694	2
266	397	166	393	166	191	192	0.00683761	0	0.430052	2
267	554	127	560	124	191	194	0.025641	0	0.329016	1
268	357	128	361	129	191	192	0.00854701	0	0.331606	1
269	179	169	180	170	191	193	0.0034188	0	0.437824	1
270	490	221	490	223	191	192	0.00683761	0	0.572539	1
271	366	69	310	80	191	215	0.302564	0	0.178756	2
272	280	122	275	120	191	198	0.0153846	0	0.316062	2
273	564	118	566	116	191	193	0.0102564	0	0.305699	1
274	392	182	389	182	191	192	0.00512821	0	0.471503	2
275	569	170	567	167	191	192	0.0188034	0	0.440415	2
276	553	255	555	255	191	193	0.0034188	0	0.660622	1
277	184	152	186	155	191	195	0.0188034	0	0.393782	1
278	490	149	490	148	191	192	0.0017094	0	0.38601	1
279	648	218	646	217	191	192	0.00512821	0	0.564767	2
280	327	96	316	91	191	196	0.0615385	0	0.248705	2
281	576	136	580	136	191	194	0.00683761	0	0.352332	1
282	588	241	590	242	192	193	0.00512821	0	0.624352	1
283	512	184	513	184	192	193	0.0017094	0	0.476684	1
284	331	119	328	118	192	193	0.00683761	0	0.30829	2
285	394	223	396	225	192	193	0.0102564	0	0.57772	1
286	620	134	618	137	192	193	0.0188034	0	0.34715	2
287	757	246	752	246	192	193	0.00854701	0	0.637306	2
288	379	167	372	170	192	194	0.0273504	0	0.432642	2
289	195	140	196	141	192	194	0.0034188	0	0.362694	1
290	750	197	749	199	192	194	0.00854701	0	0.510363	2
291	774	256	769	254	192	194	0.0153846	0	0.663212	2
292	472	227	470	227	192	193	0.0034188	0	0.588083	2
293	585	251	587	252	192	193	0.00512821	0	0.650259	1
294	616	187	622	186	192	193	0.0119658	0	0.484456	1
295	584	192	605	190	192	195	0.042735	0	0.497409	1
296	500	137	503	136	192	193	0.00683761	0	0.354922	1
297	617	169	624	167	193	194	0.0188034	0	0.437824	1
298	471	131	467	131	193	194	0.00683761	0	0.339378	2
299	606	116	607	116	193	194	0.0017094	0	0.300518	1
300	369	105	403	105	193	200	0.0581197	0	0.272021	1
301	513	142	525	139	193	196	0.0358974	0	0.367876	1
302	635	187	636	187	193	194	0.0017094	0	0.484456	1
303	773	273	770	272	193	194	0.00683761	0	0.707254	2
304	406	177	409	177	193	194	0.00512821	0	0.458549	1
305	596	109	597	109	193	194	0.0017094	0	0.282383	1
306	388	182	386	181	193	194	0.00512821	0	0.471503	2
307	365	88	362	87	193	194	0.00683761	0	0.227979	2
308	373	141	368	142	193	194	0.0102564	0	0.365285	2
309	416	185	419	186	193	194	0.00683761	0	0.479275	1
310	627	236	625	239	193	194	0.0188034	0	0.611399	2
311	559	180	560	177	193	194	0.017094	0	0.466321	1
312	338	188	343	189	193	194	0.0102564	0	0.487047	1
313	334	90	324	89	193	198	0.0188034	0	0.233161	2
314	202	153	204	157	193	196	0.0307692	0	0.396373	1
315	568	145	569	144	193	194	0.0034188	0	0.375648	1
316	619	196	625	195	193	194	0.0119658	0	0.507772	1
317	175	238	172	238	193	194	0.00512821	0	0.61658	2
318	349	106	346	106	193	194	0.00512821	0	0.274611	2
319	286	132	285	131	194	195	0.0034188	0	0.341969	2
320	469	105	459	106	194	196	0.0188034	0	0.272021	2
321	386	217	386	217	194	195	0	0	0.562176	1
322	398	226	398	225	194	195	0.0017094	0	0.585492	1
323	294	217	295	217	194	196	0.0017094	0	0.562176	1
324	136	386	160	391	194	215	0.0837607	0	1	1
325	472	202	473	200	195	196	0.00854701	0	0.523316	1
326	568	227	567	240	195	199	0.290598	0	0.588083	2
327	459	130	457	131	195	196	0.00512821	0	0.336788	2
328	538	216	542	216	195	196	0.00683761	0	0.559585	1
329	608	117	608	115	195	198	0.00683761	0	0.303109	1
330	545	206	548	206	195	196	0.00512821	0	0.533679	1
331	451	179	450	179	195	196	0.0017094	0	0.463731	2
332	441	158	445	157	195	196	0.00854701	0	0.409326	1
333	626	241	625	241	195	196	0.0017094	0	0.624352	2
334	501	167	501	166	195	196	0.0017094	0	0.432642	1
335	491	155	492	154	195	196	0.0034188	0	0.401554	1
336	612	135	612	132	195	198	0.0153846	0	0.349741	1
337	621	182	648	183	195	199	0.0478632	0	0.471503	1
338	366	164	361	166	195	196	0.0153846	0	0.42487	2
339	361	86	333	90	195	209	0.0752137	0	0.222798	2
340	385	180	382	179	195	196	0.00683761	0	0.466321	2
341	612	253	618	257	195	196	0.0376068	0	0.65544	1
342	447	209	448	207	195	196	0.00854701	0	0.541451	1
343	197	143	196	145	195	196	0.00854701	0	0.370466	2
344	748	202	752	209	195	209	0.0905983	0	0.523316	1
345	765	257	760	258	195	196	0.0102564	0	0.665803	2
346	297	147	291	144	195	204	0.025641	0	0.380829	2
347	349	191	353	191	195	196	0.00683761	0	0.494819	1
348	563	124	566	122	195	196	0.0119658	0	0.321244	1
349	513	208	514	207	195	196	0.0034188	0	0.53886	1
350	270	158	273	156	195	209	0.0119658	0	0.409326	1
351	356	110	352	110	195	196	0.00683761	0	0.284974	2
352	462	194	462	194	195	196	0	0	0.502591	1
353	535	188	535	188	195	196	0	0	0.487047	1
354	497	187	497	186	195	196	0.0017094	0	0.484456	1
355	766	273	752	277	195	197	0.0512821	0	0.707254	2
356	181	240	182	240	195	196	0.0017094	0	0.621762	1
357	279	148	277	144	195	208	0.0307692	0	0.38342	2
358	485	165	485	165	195	196	0	0	0.427461	1
359	414	186	417	185	196	197	0.00683761	0	0.481865	1
360	634	192	640	192	196	197	0.0102564	0	0.497409	1
361	181	174	181	177	196	197	0.0153846	0	0.450777	1
362	188	158	189	162	196	197	0.0290598	0	0.409326	1
363	361	146	356	147	196	197	0.0102564	0	0.378238	2
364	285	131	283	130	196	199	0.00512821	0	0.339378	2
365	497	134	500	134	196	197	0.00512821	0	0.34715	1
366	553	229	553	234	196	198	0.042735	0	0.593264	1
367	183	229	184	229	196	197	0.0017094	0	0.593264	1
368	748	265	748	265	196	197	0	0	0.686528	1
369	616	206	624	206	196	197	0.0136752	0	0.533679	1
370	524	210	537	208	196	198	0.0290598	0	0.544041	1
371	371	218	372	218	196	197	0.0017094	0	0.564767	1
372	400	227	403	227	196	198	0.00512821	0	0.588083	1
373	271	137	269	136	196	199	0.00512821	0	0.354922	2
374	386	216	387	217	196	197	0.0034188	0	0.559585	1
375	581	141	581	143	196	197	0.00683761	0	0.365285	1
376	474	200	476	199	197	198	0.00512821	0	0.518135	1
377	463	136	459	136	197	199	0.00683761	0	0.352332	2
378	428	188	431	187	197	198	0.00683761	0	0.487047	1
379	518	186	524	186	197	199	0.0102564	0	0.481865	1
380	645	167	709	166	197	204	0.111111	0	0.432642	1
381	508	189	511	189	197	198	0.00512821	0	0.489637	1
382	450	180	452	180	197	198	0.0034188	0	0.466321	1
383	359	136	363	136	197	198	0.00683761	0	0.352332	1
384	499	157	502	158	197	198	0.00683761	0	0.406736	1
385	621	259	628	260	197	200	0.0136752	0	0.670984	1
386	475	210	477	209	197	198	0.00512821	0	0.544041	1
387	402	140	426	142	197	201	0.0478632	0	0.362694	1
388	446	214	449	213	197	198	0.00683761	0	0.554404	1
389	359	173	347	174	197	200	0.0222222	0	0.448187	2
390	198	150	202	156	197	199	0.0683761	0	0.388601	1
391	461	110	456	111	197	198	0.0102564	0	0.284974	2
392	401	194	410	193	197	198	0.017094	0	0.502591	1
393	380	180	378	180	197	198	0.0034188	0	0.466321	2
394	650	185	665	185	197	199	0.025641	0	0.479275	1
395	521	223	533	225	197	201	0.0273504	0	0.57772	1
396	350	120	346	122	197	198	0.0136752	0	0.310881	2
397	267	146	266	146	197	201	0.0017094	0	0.378238	2
398	609	203	615	204	197	198	0.0119658	0	0.525907	1
399	380	117	384	117	197	198	0.00683761	0	0.303109	1
400	451	102	432	110	197	202	0.14188	0	0.264249	2
401	626	191	642	193	197	199	0.034188	0	0.494819	1
402	512	154	517	155	198	199	0.0102564	0	0.398964	1
403	505	136	520	145	198	203	0.164103	0	0.352332	1
404	553	222	557	222	198	199	0.00683761	0	0.57513	1
405	348	146	344	146	198	199	0.00683761	0	0.378238	2
406	359	151	355	150	198	199	0.00854701	0	0.391192	2
407	373	104	372	104	198	199	0.0017094	0	0.26943	2
408	191	223	199	223	198	201	0.0136752	0	0.57772	1
409	747	277	742	278	198	199	0.0102564	0	0.717617	2
410	414	182	418	181	198	199	0.00854701	0	0.471503	1
411	190	166	192	168	198	199	0.0102564	0	0.430052	1
412	189	241	199	242	198	203	0.0188034	0	0.624352	1
413	521	199	524	200	198	199	0.00683761	0	0.515544	1
414	351	109	351	108	198	199	0.0017094	0	0.282383	1
415	314	93	289	91	198	206	0.0495726	0	0.240933	2
416	636	172	644	173	198	199	0.0153846	0	0.445596	1
417	612	257	614	256	198	199	0.00512821	0	0.665803	1
418	472	178	476	178	198	199	0.00683761	0	0.46114	1
419	396	180	403	180	198	199	0.0119658	0	0.466321	1
420	635	208	653	208	198	200	0.0307692	0	0.53886	1
421	466	194	469	194	198	199	0.00512821	0	0.502591	1
422	598	108	557	103	198	215	0.112821	0	0.279793	2
423	493	168	500	171	198	200	0.0273504	0	0.435233	1
424	481	208	483	209	199	200	0.00512821	0	0.53886	1
425	477	220	480	220	199	200	0.00512821	0	0.569948	1
426	610	116	609	117	199	201	0.0034188	0	0.300518	2
427	453	113	446	116	199	201	0.0273504	0	0.292746	2
428	514	191	517	192	199	200	0.00683761	0	0.494819	1
429	369	138	385	136	199	202	0.034188	0	0.357513	1
430	555	237	555	240	199	200	0.0153846	0	0.61399	1
431	603	148	605	151	199	200	0.0188034	0	0.38342	1
432	607	218	611	218	199	200	0.00683761	0	0.564767	1
433	541	209	544	210	199	200	0.00683761	0	0.541451	1
434	509	171	512	172	199	200	0.00683761	0	0.443005	1
435	452	212	456	212	199	200	0.00683761	0	0.549223	1
436	507	161	513	167	199	202	0.0717949	0	0.417098	1
437	762	268	768	269	199	203	0.0119658	0	0.694301	1
438	169	248	172	248	199	200	0.00512821	0	0.642487	1
439	564	211	567	210	199	200	0.00683761	0	0.546632	1
440	329	137	328	136	199	200	0.0034188	0	0.354922	2
441	465	124	439	125	199	208	0.0461538	0	0.321244	2
442	567	245	567	247	200	201	0.00683761	0	0.634715	1
443	618	256	620	255	200	201	0.00512821	0	0.663212	1
444	529	188	531	188	200	201	0.0034188	0	0.487047	1
445	371	105	366	108	200	202	0.0239316	0	0.272021	2
446	738	279	737	281	200	201	0.00854701	0	0.722798	2
447	341	146	336	146	200	201	0.00854701	0	0.378238	2
448	352	110	351	110	200	201	0.0017094	0	0.284974	2
449	751	248	751	249	200	201	0.0017094	0	0.642487	1
450	608	245	611	244	200	201	0.00683761	0	0.634715	1
451	395	178	401	178	200	201	0.0102564	0	0.46114	1
452	605	208	606	208	200	201	0.0017094	0	0.53886	1
453	534	133	539	133	200	205	0.00854701	0	0.34456	1
454	198	168	205	165	200	203	0.0273504	0	0.435233	1
455	557	214	559	215	200	201	0.00512821	0	0.554404	1
456	283	130	279	128	200	207	0.0136752	0	0.336788	2
457	292	189	288	184	200	203	0.0495726	0	0.489637	2
458	516	190	516	192	201	202	0.00683761	0	0.492228	1
459	741	244	740	243	201	203	0.0034188	0	0.632124	2
460	592	251	593	251	201	203	0.0017094	0	0.650259	1
461	621	132	619	130	201	202	0.0102564	0	0.341969	2
462	477	191	477	192	201	202	0.0017094	0	0.494819	1
463	409	107	413	108	201	202	0.00854701	0	0.277202	1
464	600	240	600	240	201	203	0	0	0.621762	1
465	522	166	523	169	201	202	0.017094	0	0.430052	1
466	484	203	485	205	201	202	0.00854701	0	0.525907	1
467	332	121	319	122	201	204	0.0239316	0	0.313472	2
468	752	281	756	282	201	205	0.00854701	0	0.727979	1
469	548	212	548	213	201	202	0.0017094	0	0.549223	1
470	557	243	556	245	201	202	0.00854701	0	0.629534	2
471	588	239	587	239	201	202	0.0017094	0	0.619171	2
472	340	171	335	171	201	202	0.00854701	0	0.443005	2
473	754	270	754	270	201	202	0	0	0.699482	1
474	527	138	529	140	201	203	0.0102564	0	0.357513	1
475	514	176	515	180	201	203	0.0290598	0	0.455959	1
476	650	183	643	178	201	204	0.0547009	0	0.474093	2
477	407	168	411	169	201	202	0.00854701	0	0.435233	1
478	411	184	411	182	201	202	0.00683761	0	0.476684	1
479	210	172	218	164	201	204	0.123077	0	0.445596	1
480	549	139	550	139	201	203	0.0017094	0	0.360104	1
481	570	195	570	195	201	202	0	0	0.505181	1
482	408	137	417	136	201	202	0.017094	0	0.354922	1
483	569	215	569	215	201	202	0	0	0.556995	1
484	272	127	266	124	201	209	0.025641	0	0.329016	2
485	567	250	575	249	202	209	0.0153846	0	0.647668	1
486	532	189	533	189	202	203	0.0017094	0	0.489637	1
487	583	182	586	187	202	203	0.0478632	0	0.471503	1
488	608	117	605	115	202	203	0.0119658	0	0.303109	2
489	331	146	326	146	202	203	0.00854701	0	0.378238	2
490	266	146	266	143	202	207	0.0153846	0	0.378238	1
491	431	145	435	146	202	203	0.00854701	0	0.375648	1
492	442	118	437	118	202	203	0.00854701	0	0.305699	2
493	689	232	705	235	202	204	0.042735	0	0.601036	1
494	492	188	493	189	202	203	0.0034188	0	0.487047	1
495	760	255	761	255	202	203	0.0017094	0	0.660622	1
496	374	137	391	138	202	208	0.0307692	0	0.354922	1
497	503	174	504	175	202	203	0.0034188	0	0.450777	1
498	750	251	749	251	202	203	0.0017094	0	0.650259	2
499	518	230	522	232	203	206	0.0136752	0	0.595855	1
500	555	212	556	212	203	204	0.0017094	0	0.549223	1
501	364	110	359	110	203	206	0.00854701	0	0.284974	2
502	565	199	566	199	203	204	0.0017094	0	0.515544	1
503	517	170	521	177	203	206	0.0905983	0	0.440415	1
504	258	211	261	210	203	206	0.00683761	0	0.546632	1
505	754	272	754	271	203	204	0.0017094	0	0.704663	1
506	517	194	518	195	203	204	0.0034188	0	0.502591	1
507	425	118	423	117	203	204	0.00512821	0	0.305699	2
508	739	284	744	285	203	209	0.0102564	0	0.735751	1
509	474	162	476	162	203	204	0.0034188	0	0.419689	1
510	543	153	543	152	203	204	0.0017094	0	0.396373	1
511	586	239	590	239	203	206	0.00683761	0	0.619171	1
512	687	231	694	232	203	204	0.0136752	0	0.598446	1
513	558	237	562	236	203	207	0.00854701	0	0.61399	1
514	475	198	474	201	204	205	0.017094	0	0.512953	2
515	586	229	588	228	204	205	0.00512821	0	0.593264	1
516	541	192	542	192	204	205	0.0017094	0	0.497409	1
517	435	117	436	115	204	205	0.00854701	0	0.303109	1
518	470	187	472	186	204	205	0.00512821	0	0.484456	1
519	603	116	581	115	204	211	0.0393162	0	0.300518	2
520	595	253	603	254	204	212	0.0153846	0	0.65544	1
521	416	106	418	104	204	206	0.0102564	0	0.274611	1
522	430	132	429	131	204	205	0.0034188	0	0.341969	2
523	600	239	602	239	204	206	0.0034188	0	0.619171	1
524	739	244	739	244	204	206	0	0	0.632124	1
525	494	190	495	191	204	205	0.0034188	0	0.492228	1
526	536	227	541	229	204	209	0.0153846	0	0.588083	1
527	549	141	548	139	204	205	0.00854701	0	0.365285	2
528	300	207	298	208	204	205	0.00512821	0	0.536269	2
529	506	177	507	179	204	205	0.00854701	0	0.458549	1
530	491	220	492	220	204	205	0.0017094	0	0.569948	1
531	460	165	460	165	204	205	0	0	0.427461	1
532	527	156	532	161	204	206	0.0512821	0	0.404145	1
533	569	223	569	223	204	205	0	0	0.57772	1
534	208	164	241	149	204	215	0.441026	0	0.42487	1
535	765	252	766	251	204	208	0.0034188	0	0.65285	1
536	445	165	449	166	204	205	0.00854701	0	0.427461	1
537	362	141	361	140	204	206	0.0034188	0	0.365285	2
538	685	192	694	192	204	205	0.0153846	0	0.497409	1
539	327	175	325	175	205	206	0.0034188	0	0.453368	2
540	320	116	317	115	205	206	0.00683761	0	0.300518	2
541	632	222	632	222	205	206	0	0	0.57513	1
542	600	229	600	229	205	206	0	0	0.593264	1
543	531	213	531	213	205	206	0	0	0.551813	1
544	289	150	288	149	205	208	0.0034188	0	0.388601	2
545	536	202	537	202	205	206	0.0017094	0	0.523316	1
546	452	176	458	175	205	206	0.0119658	0	0.455959	1
547	640	173	643	172	205	206	0.00683761	0	0.448187	1
548	476	165	477	164	205	206	0.0034188	0	0.427461	1
549	567	199	569	199	205	207	0.0034188	0	0.515544	1
550	511	165	513	167	205	206	0.0102564	0	0.427461	1
551	641	212	641	212	205	206	0	0	0.549223	1
552	326	97	312	96	205	209	0.025641	0	0.251295	2
553	608	168	612	171	205	206	0.0222222	0	0.435233	1
554	474	207	475	211	206	207	0.0290598	0	0.536269	1
555	590	229	591	229	206	207	0.0017094	0	0.593264	1
556	634	245	634	245	206	207	0	0	0.634715	1
557	505	153	505	150	206	207	0.0153846	0	0.396373	1
558	496	226	497	226	206	207	0.0017094	0	0.585492	1
559	541	132	538	130	206	209	0.0119658	0	0.341969	2
560	520	188	521	190	206	207	0.00854701	0	0.487047	1
561	321	162	317	162	206	207	0.00683761	0	0.419689	2
562	411	199	413	197	206	208	0.0102564	0	0.515544	1
563	404	137	405	137	206	207	0.0017094	0	0.354922	1
564	439	114	438	111	206	209	0.017094	0	0.295337	2
565	580	232	581	232	206	207	0.0017094	0	0.601036	1
566	644	225	644	225	206	207	0	0	0.582902	1
567	541	212	542	212	206	207	0.0017094	0	0.549223	1
568	509	182	510	184	206	207	0.00854701	0	0.471503	1
569	497	193	498	194	206	207	0.0034188	0	0.5	1
570	752	274	755	274	206	209	0.00512821	0	0.709845	1
571	487	185	488	185	206	207	0.0017094	0	0.479275	1
572	455	165	466	166	206	209	0.0205128	0	0.427461	1
573	770	273	771	274	206	207	0.0034188	0	0.707254	1
574	569	209	569	209	206	207	0	0	0.541451	1
575	523	231	528	233	207	214	0.0153846	0	0.598446	1
576	745	249	745	248	207	208	0.0017094	0	0.645078	1
577	518	174	520	175	207	208	0.00512821	0	0.450777	1
578	604	240	607	240	207	209	0.00512821	0	0.621762	1
579	532	214	532	214	207	208	0	0	0.554404	1
580	426	127	424	123	207	208	0.0307692	0	0.329016	2
581	429	106	429	104	207	208	0.00683761	0	0.274611	1
582	321	180	317	180	207	208	0.00683761	0	0.466321	2
583	551	141	548	139	207	209	0.0119658	0	0.365285	2
584	478	164	479	163	207	208	0.0034188	0	0.42487	1
585	337	116	329	116	207	209	0.0136752	0	0.300518	2
586	446	206	449	207	207	208	0.00683761	0	0.533679	1
587	534	165	536	167	207	208	0.0102564	0	0.427461	1
588	221	184	227	177	207	209	0.0940171	0	0.476684	1
589	382	206	382	205	207	208	0.0017094	0	0.533679	1
590	332	224	328	221	207	208	0.0222222	0	0.580311	2
591	531	183	535	187	207	209	0.034188	0	0.474093	1
592	389	153	393	153	207	215	0.00683761	0	0.396373	1
593	590	205	588	204	207	208	0.00512821	0	0.531088	2
594	359	139	355	138	207	208	0.00854701	0	0.360104	2
595	208	225	208	223	207	208	0.00683761	0	0.582902	1
596	477	214	478	212	208	209	0.00854701	0	0.554404	1
597	615	231	615	230	208	209	0.0017094	0	0.598446	1
598	731	213	741	212	208	209	0.0188034	0	0.551813	1
599	614	220	614	219	208	209	0.0017094	0	0.569948	1
600	497	228	498	229	208	209	0.0034188	0	0.590674	1
601	313	115	309	115	208	209	0.00683761	0	0.297927	2
602	602	230	601	230	208	209	0.0017094	0	0.595855	2
603	296	204	295	201	208	209	0.017094	0	0.528497	2
604	592	241	593	241	208	209	0.0017094	0	0.624352	1
605	522	192	524	193	208	209	0.00512821	0	0.497409	1
606	581	186	582	187	208	209	0.0034188	0	0.481865	1
607	714	203	724	203	208	209	0.017094	0	0.525907	1
608	403	138	405	136	208	215	0.0102564	0	0.357513	1
609	564	236	565	235	208	209	0.0034188	0	0.611399	1
610	566	196	568	196	208	211	0.0034188	0	0.507772	1
611	602	220	603	218	208	209	0.00854701	0	0.569948	1
612	467	175	470	176	208	209	0.00683761	0	0.453368	1
613	574	211	575	211	208	209	0.0017094	0	0.546632	1
614	520	162	523	164	208	209	0.0119658	0	0.419689	1
615	617	182	620	187	208	209	0.0478632	0	0.471503	1
616	468	155	472	156	208	209	0.00854701	0	0.401554	1
617	466	233	467	232	208	209	0.0034188	0	0.603627	1
618	448	161	451	163	209	210	0.0119658	0	0.417098	1
619	504	155	504	153	209	210	0.00683761	0	0.401554	1
620	428	104	426	99	209	212	0.0461538	0	0.26943	2
621	535	215	535	216	209	210	0.0017094	0	0.556995	1
622	513	144	513	143	209	210	0.0017094	0	0.373057	1
623	740	195	740	195	209	210	0	0	0.505181	1
624	417	119	416	116	209	210	0.017094	0	0.30829	2
625	230	203	237	205	209	211	0.0188034	0	0.525907	1
626	279	136	277	135	209	210	0.00512821	0	0.352332	2
627	312	183	306	185	209	210	0.017094	0	0.474093	2
628	385	207	386	206	209	210	0.0034188	0	0.536269	1
629	625	150	628	156	209	210	0.0666667	0	0.388601	1
630	211	221	215	214	209	211	0.0905983	0	0.572539	1
631	486	235	488	236	209	213	0.00512821	0	0.608808	1
632	494	184	495	184	210	211	0.0017094	0	0.476684	1
633	545	140	542	141	210	214	0.00683761	0	0.362694	2
634	616	229	618	227	210	211	0.0102564	0	0.593264	1
635	537	162	538	163	210	211	0.0034188	0	0.419689	1
636	608	242	609	242	210	211	0.0017094	0	0.626943	1
637	527	179	531	180	210	211	0.00854701	0	0.463731	1
638	501	227	501	227	210	213	0	0	0.588083	1
639	384	179	384	179	210	211	0	0	0.463731	1
640	549	222	552	223	210	215	0.00683761	0	0.57513	1
641	634	245	633	245	210	211	0.0017094	0	0.634715	2
642	330	93	314	99	210	215	0.0888889	0	0.240933	2
643	745	244	746	244	210	211	0.0017094	0	0.632124	1
644	528	195	537	197	210	214	0.0222222	0	0.505181	1
645	305	121	300	123	210	211	0.0153846	0	0.313472	2
646	598	242	599	242	210	211	0.0017094	0	0.626943	1
647	285	163	280	164	210	211	0.0102564	0	0.42228	2
648	543	232	546	233	210	215	0.00683761	0	0.601036	1
649	471	169	479	172	210	212	0.0290598	0	0.437824	1
650	566	235	568	232	210	212	0.0188034	0	0.608808	1
651	629	226	630	226	210	211	0.0017094	0	0.585492	1
652	416	196	416	196	210	212	0	0	0.507772	1
653	756	274	756	273	210	212	0.0017094	0	0.709845	1
654	265	134	259	132	210	213	0.017094	0	0.34715	2
655	538	202	540	203	210	211	0.00512821	0	0.523316	1
656	352	102	346	97	210	212	0.0529915	0	0.264249	2
657	463	184	467	186	210	211	0.0136752	0	0.476684	1
658	277	145	269	142	210	215	0.0290598	0	0.375648	2
659	550	171	554	174	210	211	0.0222222	0	0.443005	1
660	671	131	687	130	210	215	0.0290598	0	0.339378	1
661	414	137	414	136	210	211	0.0017094	0	0.354922	1
662	404	179	404	180	210	211	0.0017094	0	0.463731	1
663	494	151	494	149	210	213	0.00683761	0	0.391192	1
664	549	196	551	198	210	211	0.0102564	0	0.507772	1
665	271	155	270	154	210	211	0.0034188	0	0.401554	2
666	538	130	534	132	210	215	0.0136752	0	0.336788	2
667	772	187	798	184	210	213	0.0598291	0	0.484456	1
668	652	227	654	228	210	211	0.00512821	0	0.588083	1
669	326	115	309	120	210	215	0.0717949	0	0.297927	2
670	438	108	434	104	210	215	0.034188	0	0.279793	2
671	250	209	252	208	211	212	0.00512821	0	0.541451	1
672	644	230	644	230	211	212	0	0	0.595855	1
673	415	115	412	113	211	212	0.0119658	0	0.297927	2
674	536	217	536	217	211	212	0	0	0.562176	1
675	510	144	509	144	211	215	0.0017094	0	0.373057	2
676	483	160	487	161	211	212	0.00854701	0	0.414508	1
677	593	149	588	147	211	212	0.0153846	0	0.38601	2
678	273	134	270	133	211	212	0.00683761	0	0.34715	2
679	443	243	444	244	211	214	0.0034188	0	0.629534	1
680	635	211	638	212	211	212	0.00683761	0	0.546632	1
681	388	207	388	209	211	215	0.00683761	0	0.536269	1
682	499	137	498	137	211	215	0.0017094	0	0.354922	2
683	388	194	387	193	211	213	0.0034188	0	0.502591	2
684	742	185	740	194	211	215	0.14188	0	0.479275	2
685	748	284	749	284	211	212	0.0017094	0	0.735751	1
686	754	211	754	220	211	215	0.138462	0	0.546632	1
687	231	139	238	137	211	214	0.0188034	0	0.360104	1
688	157	340	158	340	211	215	0.0017094	0	0.880829	1
689	611	244	613	245	212	214	0.00512821	0	0.632124	1
690	535	180	540	181	212	214	0.0102564	0	0.466321	1
691	599	240	600	239	212	213	0.0034188	0	0.621762	1
692	578	113	569	110	212	215	0.0307692	0	0.292746	2
693	555	200	556	201	212	213	0.0034188	0	0.518135	1
694	417	131	416	129	212	215	0.00854701	0	0.339378	2
695	600	207	596	206	212	213	0.00854701	0	0.536269	2
696	507	153	506	153	212	214	0.0017094	0	0.396373	2
697	592	179	595	180	212	213	0.00683761	0	0.463731	1
698	745	245	745	245	212	213	0	0	0.634715	1
699	630	246	628	246	212	213	0.0034188	0	0.637306	2
700	631	227	632	226	212	213	0.0034188	0	0.588083	1
701	523	187	528	188	212	214	0.0102564	0	0.484456	1
702	649	220	648	220	212	213	0.0017094	0	0.569948	2
703	327	136	323	134	212	213	0.0136752	0	0.352332	2
704	240	207	241	207	212	214	0.0017094	0	0.536269	1
705	619	234	621	236	213	214	0.0102564	0	0.606218	1
706	604	254	605	254	213	215	0.0017094	0	0.658031	1
707	543	206	545	207	213	215	0.00512821	0	0.533679	1
708	292	175	287	177	213	214	0.0153846	0	0.453368	2
709	459	168	457	169	213	214	0.00512821	0	0.435233	2
710	554	180	558	182	213	215	0.0136752	0	0.466321	1
711	243	115	240	114	213	214	0.00683761	0	0.297927	2
712	416	197	416	199	213	215	0.00683761	0	0.510363	1
713	508	208	509	208	213	214	0.0017094	0	0.53886	1
714	771	285	771	286	213	214	0.0017094	0	0.738342	1
715	758	275	758	276	213	214	0.0017094	0	0.712435	1
716	334	138	330	137	213	214	0.00854701	0	0.357513	2
717	342	97	331	102	213	215	0.0615385	0	0.251295	2
718	269	132	267	132	213	215	0.0034188	0	0.341969	2
719	636	216	639	219	214	215	0.0205128	0	0.559585	1
720	413	109	411	108	214	215	0.00512821	0	0.282383	2
721	577	244	578	243	214	215	0.0034188	0	0.632124	1
722	388	195	387	195	214	215	0.0017094	0	0.505181	2
723	573	231	573	230	214	215	0.0017094	0	0.598446	1
724	573	221	573	219	214	215	0.00683761	0	0.572539	1
725	538	219	538	219	214	215	0	0	0.567358	1
726	424	100	423	99	214	215	0.0034188	0	0.259067	2
727	623	220	623	220	214	215	0	0	0.569948	1
728	789	211	793	208	214	215	0.0222222	0	0.546632	1
729	588	167	581	166	214	215	0.0136752	0	0.432642	2
730	803	160	814	160	214	215	0.0188034	0	0.414508	1
731	558	203	559	203	214	215	0.0017094	0	0.525907	1
732	515	174	514	174	214	215	0.0017094	0	0.450777	2
733	519	208	519	208	214	215	0	0	0.53886	1
734	438	165	437	164	214	215	0.0034188	0	0.427461	2
735	494	151	494	151	214	215	0	0	0.391192	1
736	581	201	581	201	214	215	0	0	0.520725	1
737	257	134	256	134	214	215	0.0017094	0	0.34715	2