
0	276	218	279	216	87	88	0.00943396	0	0.480176	1
1	361	118	359	118	87	89	0.00269542	0	0.259912	2
2	494	431	485	431	87	88	0.0121294	0	0.949339	2
3	499	339	496	340	88	89	0.00539084	0	0.746696	2
4	461	428	459	427	88	89	0.00404313	0	0.942731	2
5	106	265	105	265	88	89	0.00134771	0	0.5837	2
6	307	204	305	201	88	89	0.0148248	0	0.449339	2
7	485	413	465	411	88	92	0.032345	0	0.909692	2
8	385	225	383	223	88	89	0.00808625	0	0.495595	2
9	335	227	335	224	88	89	0.0121294	0	0.5	1
10	416	246	412	246	88	90	0.00539084	0	0.54185	2
11	403	289	402	288	88	89	0.00269542	0	0.636564	2
12	475	447	473	447	88	90	0.00269542	0	0.984581	2
13	456	382	442	382	88	90	0.0188679	0	0.84141	2
14	285	217	289	214	89	90	0.0175202	0	0.477974	1
15	286	173	285	169	89	90	0.0229111	0	0.381057	2
16	334	276	332	272	89	90	0.0242588	0	0.60793	2
17	331	254	332	249	89	91	0.0350404	0	0.559471	1
18	163	444	131	447	89	96	0.0552561	0	0.977974	2
19	460	412	454	409	89	90	0.0202156	0	0.907489	2
20	496	343	494	344	90	91	0.00404313	0	0.755507	2
21	561	257	553	255	90	92	0.0161725	0	0.566079	2
22	483	344	480	343	90	91	0.00539084	0	0.757709	2
23	327	234	325	232	90	91	0.00808625	0	0.515419	2
24	104	265	50	266	90	99	0.074124	0	0.5837	2
25	345	254	337	254	90	93	0.0107817	0	0.559471	2
26	382	223	379	222	90	91	0.00539084	0	0.491189	2
27	510	351	501	352	90	93	0.0134771	0	0.773128	2
28	409	283	409	277	90	92	0.0485175	0	0.623348	1
29	361	173	358	170	90	91	0.0161725	0	0.381057	2
30	358	118	338	119	90	95	0.0283019	0	0.259912	2
31	353	200	347	194	90	93	0.0566038	0	0.440529	2
32	197	444	169	447	90	95	0.0498652	0	0.977974	2
33	337	224	337	221	90	91	0.0121294	0	0.493392	1
34	292	260	291	259	90	91	0.00269542	0	0.572687	2
35	393	263	386	263	91	93	0.00943396	0	0.579295	2
36	115	239	65	239	91	100	0.0673854	0	0.526432	2
37	547	241	542	240	91	92	0.00808625	0	0.530837	2
38	238	244	210	241	91	97	0.0498652	0	0.537445	2
39	483	444	480	444	91	92	0.00404313	0	0.977974	2
40	331	268	329	264	91	92	0.0242588	0	0.590308	2
41	285	168	282	166	91	93	0.00943396	0	0.370044	2
42	322	255	318	249	91	94	0.0539084	0	0.561674	2
43	366	231	364	230	91	92	0.00404313	0	0.508811	2
44	411	244	375	245	91	97	0.0498652	0	0.537445	2
45	358	152	330	148	91	96	0.0592992	0	0.334802	2
46	308	186	307	184	91	93	0.00673854	0	0.409692	2
47	233	290	198	291	91	97	0.0485175	0	0.638767	2
48	383	269	364	267	91	95	0.0309973	0	0.592511	2
49	476	339	469	339	92	93	0.00943396	0	0.746696	2
50	342	224	342	222	92	93	0.00539084	0	0.493392	1
51	492	345	486	344	92	93	0.00943396	0	0.759912	2
52	470	438	464	437	92	93	0.00943396	0	0.964758	2
53	298	212	300	210	92	93	0.00808625	0	0.46696	1
54	183	85	142	86	92	98	0.0566038	0	0.187225	2
55	153	454	147	454	92	93	0.00808625	0	1	2
56	276	225	266	223	92	94	0.0188679	0	0.495595	2
57	560	227	537	228	92	95	0.032345	0	0.5	2
58	365	202	361	202	92	93	0.00539084	0	0.444934	2
59	441	401	431	400	92	93	0.0148248	0	0.88326	2
60	377	224	372	224	92	93	0.00673854	0	0.493392	2
61	357	169	352	167	92	93	0.0121294	0	0.372247	2
62	450	426	441	422	92	93	0.0336927	0	0.938326	2
63	492	324	475	324	92	94	0.0229111	0	0.713656	2
64	401	284	328	283	93	102	0.0997305	0	0.625551	2
65	295	282	289	281	93	94	0.00943396	0	0.621145	2
66	283	214	278	212	93	94	0.0121294	0	0.471366	2
67	361	231	354	229	93	94	0.0148248	0	0.508811	2
68	218	271	206	271	93	95	0.0161725	0	0.596916	2
69	330	219	326	218	93	94	0.00673854	0	0.482379	2
70	188	89	169	90	93	96	0.0269542	0	0.196035	2
71	333	244	329	241	93	94	0.0175202	0	0.537445	2
72	343	221	341	219	94	95	0.00808625	0	0.486784	2
73	383	266	368	266	94	96	0.0202156	0	0.585903	2
74	480	343	470	341	94	95	0.0188679	0	0.755507	2
75	445	411	398	407	94	97	0.0849057	0	0.905286	2
76	278	166	242	167	94	100	0.0498652	0	0.365639	2
77	300	209	257	210	94	101	0.0592992	0	0.460352	2
78	541	217	533	217	94	95	0.0107817	0	0.477974	2
79	209	281	178	281	94	98	0.041779	0	0.618943	2
80	183	124	84	128	94	109	0.154987	0	0.273128	2
81	455	299	421	295	94	97	0.0673854	0	0.65859	2
82	308	117	286	117	94	97	0.0296496	0	0.257709	2
83	522	252	509	252	95	96	0.0175202	0	0.555066	2
84	464	325	451	324	95	96	0.0188679	0	0.715859	2
85	325	238	315	234	95	97	0.0350404	0	0.524229	2
86	454	445	394	435	95	98	0.215633	0	0.980176	2
87	522	224	503	224	95	97	0.0256065	0	0.493392	2
88	274	212	269	210	95	96	0.0121294	0	0.46696	2
89	247	198	244	195	95	96	0.0161725	0	0.436123	2
90	284	253	276	253	95	96	0.0107817	0	0.557269	2
91	314	247	308	245	95	96	0.0134771	0	0.544053	2
92	329	212	324	210	95	96	0.0121294	0	0.46696	2
93	482	349	469	347	95	96	0.0229111	0	0.768722	2
94	264	226	243	213	95	99	0.256065	0	0.497797	2
95	335	193	327	192	95	96	0.0121294	0	0.42511	2
96	155	230	148	230	95	96	0.00943396	0	0.506608	2
97	118	42	25	45	95	109	0.137466	0	0.092511	2
98	157	246	141	245	95	97	0.0229111	0	0.54185	2
99	528	186	511	181	95	98	0.0566038	0	0.409692	2
100	401	449	358	451	95	100	0.0633423	0	0.988987	2
101	299	274	248	275	96	102	0.0700809	0	0.603524	2
102	271	181	259	181	96	98	0.0161725	0	0.398678	2
103	386	427	375	429	96	97	0.0202156	0	0.940529	2
104	156	448	140	447	96	97	0.0229111	0	0.986784	2
105	396	439	378	440	96	98	0.0256065	0	0.96696	2
106	522	247	511	245	96	97	0.0202156	0	0.544053	2
107	664	240	553	260	96	125	0.688679	0	0.528634	2
108	400	250	311	255	96	111	0.153639	0	0.550661	2
109	331	120	322	119	96	97	0.0134771	0	0.264317	2
110	529	229	518	229	96	97	0.0148248	0	0.504405	2
111	459	341	444	341	96	97	0.0202156	0	0.751101	2
112	361	267	352	266	97	98	0.0134771	0	0.588106	2
113	339	196	321	193	97	99	0.0363881	0	0.431718	2
114	202	271	193	267	97	99	0.0336927	0	0.596916	2
115	146	229	132	226	97	99	0.0309973	0	0.504405	2
116	273	281	266	275	97	98	0.0579515	0	0.618943	2
117	183	445	94	454	97	114	0.229111	0	0.980176	2
118	350	114	246	135	97	125	0.734501	0	0.251101	2
119	685	233	582	252	97	125	0.625337	0	0.513216	2
120	383	281	335	275	97	102	0.113208	0	0.618943	2
121	320	191	312	190	97	98	0.0121294	0	0.420705	2
122	313	205	307	204	98	99	0.00943396	0	0.451542	2
123	261	206	256	203	98	99	0.0188679	0	0.453744	2
124	382	406	335	407	98	101	0.06469	0	0.894273	2
125	488	255	449	257	98	102	0.0579515	0	0.561674	2
126	202	239	194	237	98	99	0.0161725	0	0.526432	2
127	294	173	288	170	98	99	0.0202156	0	0.381057	2
128	407	298	394	297	98	99	0.0188679	0	0.656388	2
129	361	416	339	415	98	99	0.0309973	0	0.9163	2
130	126	447	98	449	98	100	0.0431267	0	0.984581	2
131	109	449	57	453	98	102	0.0916442	0	0.988987	2
132	148	179	25	184	98	119	0.199461	0	0.394273	2
133	351	386	335	386	98	99	0.0215633	0	0.85022	2
134	278	117	252	118	98	101	0.0363881	0	0.257709	2
135	369	244	360	244	98	99	0.0121294	0	0.537445	2
136	688	104	664	103	98	101	0.0336927	0	0.229075	2
137	527	240	480	242	98	104	0.0687332	0	0.528634	2
138	345	265	336	263	99	100	0.0175202	0	0.5837	2
139	317	214	310	213	99	100	0.0107817	0	0.471366	2
140	134	83	116	82	99	101	0.0256065	0	0.182819	2
141	357	389	324	383	99	101	0.0929919	0	0.856828	2
142	490	211	481	213	99	100	0.0175202	0	0.464758	2
143	168	280	151	277	99	101	0.0350404	0	0.61674	2
144	677	238	591	257	99	125	0.602426	0	0.524229	2
145	274	173	249	167	100	103	0.0822102	0	0.381057	2
146	190	266	184	264	100	101	0.0134771	0	0.585903	2
147	188	236	180	235	100	101	0.0121294	0	0.519824	2
148	399	316	373	314	100	102	0.0404313	0	0.696035	2
149	291	248	284	248	100	101	0.00943396	0	0.546256	2
150	82	260	72	260	100	101	0.0134771	0	0.572687	2
151	41	266	31	266	100	101	0.0134771	0	0.585903	2
152	121	258	55	267	100	115	0.198113	0	0.568282	2
153	321	414	304	413	100	101	0.0242588	0	0.911894	2
154	357	441	326	437	100	102	0.0633423	0	0.971366	2
155	290	144	281	144	100	101	0.0121294	0	0.317181	2
156	425	349	414	347	100	101	0.0202156	0	0.768722	2
157	278	230	271	229	100	101	0.0107817	0	0.506608	2
158	126	226	111	222	100	102	0.041779	0	0.497797	2
159	244	259	226	260	100	102	0.0256065	0	0.570485	2
160	407	339	397	338	100	101	0.0148248	0	0.746696	2
161	57	241	49	241	101	102	0.0107817	0	0.530837	2
162	176	280	153	282	101	107	0.0363881	0	0.61674	2
163	243	197	237	196	101	102	0.00943396	0	0.433921	2
164	196	260	186	260	101	102	0.0134771	0	0.572687	2
165	326	262	292	261	101	104	0.0471698	0	0.577093	2
166	118	205	111	201	101	102	0.0309973	0	0.451542	2
167	340	254	332	254	101	102	0.0107817	0	0.559471	2
168	88	451	76	454	101	102	0.0283019	0	0.993392	2
169	292	218	282	216	101	102	0.0188679	0	0.480176	2
170	307	203	300	203	101	102	0.00943396	0	0.447137	2
171	688	233	619	250	101	125	0.48248	0	0.513216	2
172	239	419	210	422	101	106	0.0512129	0	0.922907	2
173	295	204	288	203	101	102	0.0107817	0	0.449339	2
174	248	175	240	173	101	102	0.0161725	0	0.385463	2
175	361	444	308	429	101	104	0.374663	0	0.977974	2
176	698	238	629	256	101	125	0.52965	0	0.524229	2
177	173	237	164	238	102	104	0.0134771	0	0.522026	2
178	176	265	170	265	102	103	0.00808625	0	0.5837	2
179	249	209	241	207	102	103	0.0161725	0	0.460352	2
180	153	271	148	269	102	103	0.0121294	0	0.596916	2
181	277	230	268	227	102	103	0.0242588	0	0.506608	2
182	107	83	91	84	102	104	0.0229111	0	0.182819	2
183	258	247	249	249	102	104	0.0175202	0	0.544053	2
184	448	244	439	243	102	103	0.0134771	0	0.537445	2
185	98	243	90	242	102	103	0.0121294	0	0.535242	2
186	344	448	309	437	102	104	0.210243	0	0.986784	2
187	442	258	436	258	103	104	0.00808625	0	0.568282	2
188	315	242	307	241	103	105	0.0121294	0	0.53304	2
189	43	242	37	243	103	105	0.00943396	0	0.53304	2
190	643	108	627	108	103	107	0.0215633	0	0.237885	2
191	449	235	442	236	103	104	0.0107817	0	0.517621	2
192	236	121	230	121	103	104	0.00808625	0	0.26652	2
193	330	254	312	256	103	107	0.0296496	0	0.559471	2
194	349	338	341	339	103	104	0.0121294	0	0.744493	2
195	235	196	232	197	103	104	0.00539084	0	0.431718	2
196	465	237	460	236	103	104	0.00808625	0	0.522026	2
197	219	168	215	168	103	104	0.00539084	0	0.370044	2
198	98	195	93	194	103	104	0.00808625	0	0.429515	2
199	260	170	246	166	103	106	0.0404313	0	0.374449	2
200	299	204	296	204	103	104	0.00404313	0	0.449339	2
201	471	167	465	168	103	104	0.00943396	0	0.367841	2
202	320	283	312	279	103	104	0.032345	0	0.623348	2
203	219	260	177	268	103	116	0.142857	0	0.572687	2
204	350	356	334	357	104	108	0.0229111	0	0.784141	2
205	213	206	204	209	104	106	0.0242588	0	0.453744	2
206	149	268	150	267	104	105	0.00269542	0	0.590308	1
207	261	226	241	223	104	108	0.0390836	0	0.497797	2
208	228	153	216	153	104	107	0.0161725	0	0.337004	2
209	168	266	166	266	104	105	0.00269542	0	0.585903	2
210	433	212	376	238	104	125	0.987871	0	0.46696	2
211	448	250	435	251	104	107	0.0188679	0	0.550661	2
212	335	297	301	301	104	108	0.0673854	0	0.654185	2
213	191	421	169	423	104	110	0.0350404	0	0.927313	2
214	270	446	257	447	104	107	0.0188679	0	0.982379	2
215	433	259	417	261	105	109	0.0269542	0	0.570485	2
216	284	262	275	260	105	106	0.0175202	0	0.577093	2
217	239	164	227	161	105	107	0.0283019	0	0.361233	2
218	162	238	160	238	105	106	0.00269542	0	0.524229	2
219	279	215	277	216	105	106	0.00404313	0	0.473568	2
220	436	238	431	238	105	106	0.00673854	0	0.524229	2
221	90	193	82	194	105	107	0.0121294	0	0.42511	2
222	230	199	226	200	105	106	0.00673854	0	0.438326	2
223	257	208	254	208	105	106	0.00404313	0	0.45815	2
224	103	240	73	240	105	114	0.0404313	0	0.528634	2
225	262	189	246	186	105	109	0.0336927	0	0.4163	2
226	221	172	219	171	105	106	0.00404313	0	0.378855	2
227	427	224	422	225	105	106	0.00808625	0	0.493392	2
228	172	229	159	256	105	125	1	0	0.504405	2
229	293	218	291	218	105	106	0.00269542	0	0.480176	2
230	260	161	256	160	105	106	0.00673854	0	0.354626	2
231	307	266	297	264	105	106	0.0188679	0	0.585903	2
232	304	241	300	239	106	107	0.0107817	0	0.530837	2
233	35	243	25	243	106	111	0.0134771	0	0.535242	2
234	163	269	160	270	106	107	0.00539084	0	0.592511	2
235	190	121	185	121	106	107	0.00673854	0	0.26652	2
236	143	269	145	270	106	107	0.00404313	0	0.592511	1
237	236	201	233	198	106	107	0.0161725	0	0.442731	2
238	441	240	436	241	106	107	0.00808625	0	0.528634	2
239	46	238	32	247	106	120	0.128032	0	0.524229	2
240	473	241	469	242	106	107	0.00673854	0	0.530837	2
241	428	269	396	276	106	117	0.109164	0	0.592511	2
242	81	86	72	87	106	108	0.0134771	0	0.189427	2
243	212	194	207	196	106	107	0.0121294	0	0.427313	2
244	260	437	242	431	107	109	0.0727763	0	0.962555	2
245	216	172	214	171	107	108	0.00404313	0	0.378855	2
246	294	275	284	273	107	110	0.0188679	0	0.605727	2
247	267	258	261	254	107	108	0.0296496	0	0.568282	2
248	160	239	155	241	107	111	0.0121294	0	0.526432	2
249	251	159	241	156	107	110	0.0256065	0	0.35022	2
250	222	201	219	201	107	108	0.00404313	0	0.442731	2
251	418	226	410	227	107	109	0.0121294	0	0.497797	2
252	218	213	211	213	107	109	0.00943396	0	0.469163	2
253	219	122	209	122	107	110	0.0134771	0	0.268722	2
254	44	431	24	433	107	110	0.032345	0	0.949339	2
255	475	206	472	207	107	108	0.00539084	0	0.453744	2
256	624	108	611	109	108	113	0.0188679	0	0.237885	2
257	62	206	55	206	108	109	0.00943396	0	0.453744	2
258	296	341	260	347	108	112	0.097035	0	0.751101	2
259	180	122	176	122	108	109	0.00539084	0	0.268722	2
260	466	242	460	242	108	110	0.00808625	0	0.53304	2
261	169	239	168	240	108	109	0.00269542	0	0.526432	2
262	317	314	308	315	108	109	0.0134771	0	0.69163	2
263	154	268	155	268	108	109	0.00134771	0	0.590308	1
264	425	237	421	237	108	109	0.00539084	0	0.522026	2
265	220	411	197	412	108	110	0.032345	0	0.905286	2
266	282	254	274	253	108	110	0.0121294	0	0.559471	2
267	193	214	177	217	108	114	0.0336927	0	0.471366	2
268	272	267	265	267	109	110	0.00943396	0	0.588106	2
269	230	195	225	192	109	111	0.0188679	0	0.429515	2
270	237	222	232	220	109	110	0.0121294	0	0.488987	2
271	149	282	152	280	109	111	0.00943396	0	0.621145	1
272	298	303	268	312	109	113	0.149596	0	0.667401	2
273	217	201	214	200	109	110	0.00539084	0	0.442731	2
274	215	443	209	443	109	111	0.00808625	0	0.975771	2
275	165	269	166	268	109	110	0.00269542	0	0.592511	1
276	54	218	35	213	109	113	0.0592992	0	0.480176	2
277	78	112	74	113	109	110	0.00673854	0	0.246696	2
278	216	175	217	174	109	110	0.00269542	0	0.385463	1
279	79	198	72	196	109	111	0.0148248	0	0.436123	2
280	589	411	563	425	109	125	0.299191	0	0.905286	2
281	282	216	279	217	109	111	0.00539084	0	0.475771	2
282	194	421	185	421	109	110	0.0121294	0	0.927313	2
283	268	247	259	245	109	111	0.0175202	0	0.544053	2
284	202	443	199	443	110	111	0.00404313	0	0.975771	2
285	406	228	387	229	110	116	0.0269542	0	0.502203	2
286	51	205	36	201	110	113	0.041779	0	0.451542	2
287	80	75	60	81	110	115	0.0754717	0	0.165198	2
288	175	123	172	123	110	111	0.00404313	0	0.270925	2
289	288	338	279	340	110	111	0.0175202	0	0.744493	2
290	198	200	192	201	110	112	0.00943396	0	0.440529	2
291	414	261	403	264	110	114	0.0269542	0	0.57489	2
292	244	186	241	185	110	111	0.00539084	0	0.409692	2
293	156	267	157	266	110	111	0.00269542	0	0.588106	1
294	68	97	65	99	110	111	0.00943396	0	0.213656	2
295	211	163	211	164	110	111	0.00134771	0	0.359031	1
296	261	269	246	275	111	117	0.0687332	0	0.592511	2
297	295	239	294	239	111	112	0.00134771	0	0.526432	2
298	282	272	279	271	111	112	0.00539084	0	0.599119	2
299	206	406	172	405	111	114	0.0471698	0	0.894273	2
300	415	238	411	237	111	112	0.00673854	0	0.524229	2
301	211	199	211	197	111	112	0.00539084	0	0.438326	1
302	177	451	174	451	111	112	0.00404313	0	0.993392	2
303	205	122	181	138	111	125	0.377358	0	0.268722	2
304	269	256	265	255	111	112	0.00673854	0	0.563877	2
305	167	266	167	265	111	113	0.00134771	0	0.585903	1
306	284	205	282	208	111	114	0.0148248	0	0.451542	2
307	244	145	241	145	111	112	0.00404313	0	0.319383	2
308	485	240	479	241	111	113	0.00943396	0	0.528634	2
309	229	256	226	254	111	112	0.00943396	0	0.563877	2
310	197	444	194	445	112	113	0.00539084	0	0.977974	2
311	207	445	200	448	112	115	0.0215633	0	0.980176	2
312	154	243	152	252	112	117	0.11186	0	0.535242	2
313	239	185	236	185	112	113	0.00404313	0	0.407489	2
314	222	192	218	194	112	113	0.0107817	0	0.422907	2
315	170	124	149	139	112	125	0.331536	0	0.273128	2
316	85	51	81	51	112	113	0.00539084	0	0.112335	2
317	170	388	159	389	112	113	0.0161725	0	0.854626	2
318	253	188	251	188	112	113	0.00269542	0	0.414097	2
319	296	249	292	249	112	113	0.00539084	0	0.548458	2
320	67	195	52	194	112	115	0.0215633	0	0.429515	2
321	258	242	254	242	112	113	0.00539084	0	0.53304	2
322	191	416	170	418	112	114	0.0336927	0	0.9163	2
323	255	348	249	350	113	114	0.0134771	0	0.76652	2
324	172	452	167	454	113	115	0.0121294	0	0.995595	2
325	210	148	207	147	113	114	0.00539084	0	0.325991	2
326	261	338	255	340	113	114	0.0134771	0	0.744493	2
327	280	220	279	219	113	115	0.00269542	0	0.484581	2
328	135	127	132	127	113	114	0.00404313	0	0.279736	2
329	451	241	448	238	113	114	0.0161725	0	0.530837	2
330	457	252	440	265	113	125	0.250674	0	0.555066	2
331	58	84	54	84	113	114	0.00539084	0	0.185022	2
332	609	111	599	114	114	119	0.0256065	0	0.244493	2
333	192	446	180	454	114	121	0.102426	0	0.982379	2
334	408	253	403	254	114	116	0.00808625	0	0.557269	2
335	263	317	256	320	114	115	0.0215633	0	0.698238	2
336	160	394	138	394	114	116	0.0296496	0	0.867841	2
337	186	427	172	441	114	125	0.283019	0	0.940529	2
338	139	262	133	266	114	117	0.0296496	0	0.577093	2
339	248	189	245	189	114	115	0.00404313	0	0.4163	2
340	240	263	235	265	114	116	0.0121294	0	0.579295	2
341	261	193	253	197	114	118	0.032345	0	0.42511	2
342	164	267	163	268	114	115	0.00269542	0	0.588106	2
343	167	283	154	291	114	121	0.103774	0	0.623348	2
344	217	221	211	220	114	116	0.00943396	0	0.486784	2
345	144	408	129	408	114	115	0.0202156	0	0.898678	2
346	169	430	157	442	115	125	0.210243	0	0.947137	2
347	295	242	295	242	115	116	0	0	0.53304	1
348	31	213	30	215	115	116	0.00673854	0	0.469163	2
349	241	254	238	254	115	116	0.00404313	0	0.559471	2
350	129	128	124	131	115	117	0.0188679	0	0.281938	2
351	486	241	473	245	115	121	0.0390836	0	0.530837	2
352	395	257	394	258	115	116	0.00269542	0	0.566079	2
353	155	411	132	415	115	117	0.0525606	0	0.905286	2
354	127	428	115	429	115	116	0.0175202	0	0.942731	2
355	299	255	295	257	115	117	0.0107817	0	0.561674	2
356	210	207	208	207	115	116	0.00269542	0	0.455947	2
357	289	253	285	255	115	117	0.0107817	0	0.557269	2
358	272	245	274	243	115	116	0.00808625	0	0.539648	1
359	219	265	217	266	115	116	0.00404313	0	0.5837	2
360	415	255	403	262	115	122	0.0822102	0	0.561674	2
361	223	228	220	227	115	116	0.00539084	0	0.502203	2
362	222	204	220	204	115	116	0.00269542	0	0.449339	2
363	177	221	177	220	115	116	0.00134771	0	0.486784	1
364	240	361	234	360	116	117	0.00943396	0	0.795154	2
365	55	274	44	283	116	123	0.123989	0	0.603524	2
366	54	80	49	80	116	117	0.00673854	0	0.176211	2
367	199	449	190	454	116	121	0.0458221	0	0.988987	2
368	48	194	34	193	116	119	0.0202156	0	0.427313	2
369	258	342	253	340	116	117	0.0121294	0	0.753304	2
370	243	192	239	194	116	119	0.0107817	0	0.422907	2
371	206	154	204	154	116	117	0.00269542	0	0.339207	2
372	156	429	150	432	116	119	0.0202156	0	0.944934	2
373	279	233	279	233	116	117	0	0	0.513216	1
374	51	102	47	101	116	117	0.00673854	0	0.22467	2
375	252	251	248	250	116	117	0.00673854	0	0.552863	2
376	117	409	85	412	116	119	0.0552561	0	0.900881	2
377	230	159	229	161	116	117	0.00673854	0	0.35022	2
378	277	219	277	218	116	118	0.00134771	0	0.482379	1
379	38	96	29	98	116	118	0.0175202	0	0.211454	2
380	78	54	75	55	116	117	0.00539084	0	0.118943	2
381	296	244	297	246	117	121	0.00673854	0	0.537445	1
382	402	239	400	239	117	118	0.00269542	0	0.526432	2
383	386	229	381	230	117	119	0.00808625	0	0.504405	2
384	236	255	232	254	117	118	0.00673854	0	0.561674	2
385	176	271	168	276	117	122	0.0444744	0	0.596916	2
386	448	232	450	232	117	119	0.00269542	0	0.511013	1
387	27	106	24	109	117	118	0.0161725	0	0.23348	2
388	120	432	108	437	117	118	0.0498652	0	0.951542	2
389	215	268	208	272	117	121	0.0309973	0	0.590308	2
390	227	196	225	196	117	118	0.00269542	0	0.431718	2
391	212	182	212	185	117	119	0.0121294	0	0.400881	1
392	51	210	45	209	117	118	0.00943396	0	0.462555	2
393	213	212	210	213	117	118	0.00539084	0	0.46696	2
394	305	258	303	259	117	119	0.00404313	0	0.568282	2
395	468	209	453	209	117	125	0.0202156	0	0.460352	2
396	230	362	225	365	118	119	0.0188679	0	0.797357	2
397	218	228	215	227	118	119	0.00539084	0	0.502203	2
398	133	274	126	282	118	125	0.0956873	0	0.603524	2
399	159	262	158	263	118	119	0.00269542	0	0.577093	2
400	123	133	121	133	118	119	0.00269542	0	0.292952	2
401	46	82	41	82	118	119	0.00673854	0	0.180617	2
402	398	272	396	273	118	119	0.00404313	0	0.599119	2
403	104	394	81	398	118	120	0.0525606	0	0.867841	2
404	227	178	229	180	118	119	0.00808625	0	0.39207	1
405	228	165	227	166	118	119	0.00269542	0	0.363436	2
406	293	260	291	261	118	119	0.00404313	0	0.572687	2
407	47	245	45	245	118	119	0.00269542	0	0.539648	2
408	53	140	50	140	118	119	0.00404313	0	0.30837	2
409	199	159	197	158	118	119	0.00404313	0	0.35022	2
410	193	142	177	149	118	125	0.0876011	0	0.312775	2
411	48	55	46	55	119	120	0.00269542	0	0.121145	2
412	239	359	234	361	119	120	0.0121294	0	0.790749	2
413	251	268	249	268	119	120	0.00269542	0	0.590308	2
414	399	238	397	240	119	120	0.00808625	0	0.524229	2
415	225	196	223	196	119	120	0.00269542	0	0.431718	2
416	274	226	273	225	119	120	0.00269542	0	0.497797	2
417	37	47	31	49	119	120	0.0134771	0	0.103524	2
418	43	208	27	207	119	122	0.0229111	0	0.45815	2
419	227	333	224	334	119	120	0.00539084	0	0.73348	2
420	97	87	73	88	119	124	0.0336927	0	0.19163	2
421	198	269	192	271	119	122	0.0134771	0	0.592511	2
422	222	371	217	376	120	121	0.0404313	0	0.817181	2
423	598	114	595	118	120	125	0.0256065	0	0.251101	2
424	29	194	24	193	120	121	0.00808625	0	0.427313	2
425	304	258	308	258	120	121	0.00539084	0	0.568282	1
426	87	135	83	138	120	122	0.0175202	0	0.297357	2
427	120	134	116	140	120	125	0.0539084	0	0.295154	2
428	68	60	64	67	120	125	0.0714286	0	0.132159	2
429	199	158	191	164	120	125	0.0592992	0	0.348018	2
430	389	264	386	266	120	121	0.00943396	0	0.581498	2
431	153	259	151	260	120	121	0.00404313	0	0.570485	2
432	182	218	180	218	120	121	0.00269542	0	0.480176	2
433	277	272	278	284	120	125	0.195418	0	0.599119	1
434	238	275	235	278	120	121	0.0161725	0	0.605727	2
435	150	434	146	441	120	125	0.0714286	0	0.955947	2
436	286	224	293	234	120	125	0.144205	0	0.493392	1
437	380	233	375	247	120	125	0.270889	0	0.513216	2
438	32	24	24	25	120	121	0.0121294	0	0.0528634	2
439	233	230	225	238	120	125	0.097035	0	0.506608	2
440	209	383	201	387	120	122	0.032345	0	0.843612	2
441	290	262	287	269	120	125	0.0700809	0	0.577093	2
442	222	146	217	146	120	122	0.00673854	0	0.321586	2
443	234	336	232	338	120	121	0.00808625	0	0.740088	2
444	107	435	105	440	121	125	0.0363881	0	0.95815	2
445	97	452	96	453	121	122	0.00269542	0	0.995595	2
446	228	367	222	373	121	122	0.0566038	0	0.80837	2
447	45	57	42	62	121	125	0.0377358	0	0.125551	2
448	388	250	386	253	121	122	0.0148248	0	0.550661	2
449	147	273	143	275	121	123	0.0107817	0	0.601322	2
450	70	400	58	402	121	122	0.0215633	0	0.881057	2
451	232	185	233	187	121	122	0.00673854	0	0.407489	1
452	277	215	282	222	121	124	0.0727763	0	0.473568	1
453	61	446	24	449	121	124	0.0619946	0	0.982379	2
454	29	80	25	81	121	122	0.00673854	0	0.176211	2
455	236	257	234	260	121	122	0.0148248	0	0.566079	2
456	227	168	226	169	121	122	0.00269542	0	0.370044	2
457	206	213	204	213	121	122	0.00269542	0	0.469163	2
458	183	187	173	193	121	123	0.0619946	0	0.411894	2
459	224	197	223	197	121	122	0.00134771	0	0.433921	2
460	220	251	215	251	121	122	0.00673854	0	0.552863	2
461	33	63	31	64	121	122	0.00404313	0	0.138767	2
462	184	168	182	168	121	122	0.00269542	0	0.370044	2
463	398	244	396	247	121	122	0.0148248	0	0.537445	2
464	692	407	690	413	121	125	0.0512129	0	0.896476	2
465	297	248	304	255	122	125	0.0754717	0	0.546256	1
466	384	269	383	276	122	125	0.0673854	0	0.592511	2
467	216	383	214	386	122	123	0.0148248	0	0.843612	2
468	202	268	201	269	122	123	0.00269542	0	0.590308	2
469	235	282	234	283	122	124	0.00269542	0	0.621145	2
470	78	443	77	444	122	123	0.00269542	0	0.975771	2
471	150	263	149	264	122	123	0.00269542	0	0.579295	2
472	180	219	182	218	122	123	0.00404313	0	0.482379	1
473	388	290	384	298	122	125	0.0916442	0	0.638767	2
474	454	234	453	236	122	124	0.00673854	0	0.515419	2
475	70	433	59	434	122	123	0.0161725	0	0.953744	2
476	277	264	276	265	122	123	0.00269542	0	0.581498	2
477	228	210	227	210	122	123	0.00134771	0	0.462555	2
478	227	248	223	250	122	125	0.0107817	0	0.546256	2
479	227	345	226	347	123	124	0.00673854	0	0.759912	2
480	59	419	39	425	123	125	0.0754717	0	0.922907	2
481	389	283	387	286	123	124	0.0148248	0	0.623348	2
482	235	190	237	191	123	124	0.00404313	0	0.418502	1
483	391	252	390	255	123	124	0.0134771	0	0.555066	2
484	180	170	177	172	123	125	0.00943396	0	0.374449	2
485	216	149	214	150	123	125	0.00404313	0	0.328194	2
486	224	188	224	188	123	124	0	0	0.414097	1
487	233	262	232	263	123	125	0.00269542	0	0.577093	2
488	401	264	401	266	123	125	0.00539084	0	0.581498	1
489	48	404	28	408	123	125	0.0485175	0	0.889868	2
490	195	200	193	200	123	124	0.00269542	0	0.440529	2
491	156	286	155	288	123	125	0.00673854	0	0.629956	2
492	218	274	212	275	123	124	0.00943396	0	0.603524	2
493	314	264	315	267	123	124	0.0134771	0	0.581498	1
494	152	296	152	298	123	125	0.00539084	0	0.651982	1
495	35	253	37	255	123	125	0.00808625	0	0.557269	1
496	278	234	279	236	123	124	0.00673854	0	0.515419	1
497	24	24	24	26	123	125	0.00539084	0	0.0528634	1
498	78	446	78	447	124	125	0.00134771	0	0.982379	1
499	83	141	83	142	124	125	0.00134771	0	0.310573	1
500	45	285	45	286	124	125	0.00134771	0	0.627753	1
501	67	442	67	443	124	125	0.00134771	0	0.973568	1
502	55	432	45	435	124	125	0.0256065	0	0.951542	2
503	148	265	147	266	124	125	0.00269542	0	0.5837	2
504	245	274	245	275	124	125	0.00134771	0	0.603524	1
505	24	259	26	260	124	125	0.00404313	0	0.570485	1
506	167	266	168	267	124	125	0.00269542	0	0.585903	1
507	43	447	32	451	124	125	0.0363881	0	0.984581	2
508	46	24	46	25	124	125	0.00134771	0	0.0528634	1
509	465	255	465	256	124	125	0.00134771	0	0.561674	1