
0	352	258	351	258	27	28	0.0131579	0	0.577181	2
1	436	251	437	251	27	28	0.0131579	0	0.561521	1
2	247	259	249	257	27	28	0.0789474	0	0.579418	1
3	193	342	190	341	27	28	0.0526316	0	0.765101	2
4	190	352	190	352	27	28	0	0	0.787472	1
5	330	268	330	268	27	29	0	0	0.599553	1
6	335	204	338	203	28	29	0.0526316	0	0.456376	1
7	280	252	280	251	28	29	0.0131579	0	0.563758	1
8	316	251	316	250	28	29	0.0131579	0	0.561521	1
9	291	269	291	269	28	29	0	0	0.60179	1
10	303	280	303	279	28	29	0.0131579	0	0.626398	1
11	307	261	306	261	28	29	0.0131579	0	0.583893	2
12	313	218	314	219	28	32	0.0263158	0	0.487696	1
13	189	291	189	291	28	30	0	0	0.651007	1
14	263	234	265	233	28	29	0.0394737	0	0.52349	1
15	180	311	178	310	28	29	0.0394737	0	0.695749	2
16	329	231	328	230	28	29	0.0263158	0	0.516779	2
17	291	242	291	241	28	29	0.0131579	0	0.541387	1
18	274	282	274	282	28	29	0	0	0.630872	1
19	326	246	325	245	28	29	0.0263158	0	0.550336	2
20	275	297	275	297	28	32	0	0	0.66443	1
21	279	267	279	267	28	29	0	0	0.597315	1
22	298	227	298	227	28	29	0	0	0.50783	1
23	176	325	173	323	29	30	0.0921053	0	0.727069	2
24	352	259	351	259	29	34	0.0131579	0	0.579418	2
25	358	233	356	232	29	30	0.0394737	0	0.521253	2
26	208	263	209	262	29	30	0.0263158	0	0.588367	1
27	287	288	287	288	29	30	0	0	0.644295	1
28	302	237	301	237	29	30	0.0131579	0	0.530201	2
29	804	186	803	185	29	64	0.0263158	0	0.416107	2
30	507	181	506	180	30	34	0.0263158	0	0.404922	2
31	497	182	496	181	30	33	0.0263158	0	0.407159	2
32	222	263	223	261	30	31	0.0657895	0	0.588367	1
33	290	268	290	267	30	31	0.0131579	0	0.599553	1
34	241	242	243	242	30	31	0.0263158	0	0.541387	1
35	258	256	263	255	30	31	0.0789474	0	0.572707	1
36	280	251	279	250	30	31	0.0263158	0	0.561521	2
37	330	244	330	243	30	31	0.0131579	0	0.545861	1
38	265	238	270	238	30	32	0.0657895	0	0.532438	1
39	222	276	222	275	30	31	0.0131579	0	0.61745	1
40	457	259	456	258	30	31	0.0263158	0	0.579418	2
41	472	170	468	170	30	32	0.0526316	0	0.380313	2
42	489	199	489	198	30	32	0.0131579	0	0.44519	1
43	316	251	315	251	30	31	0.0131579	0	0.561521	2
44	291	240	290	239	30	31	0.0263158	0	0.536913	2
45	82	230	82	228	30	49	0.0526316	0	0.514541	1
46	568	147	560	147	30	65	0.105263	0	0.328859	2
47	649	447	648	446	30	65	0.0263158	0	1	2
48	343	208	345	208	30	31	0.0263158	0	0.465324	1
49	519	179	516	177	30	51	0.0921053	0	0.400447	2
50	224	251	224	250	30	31	0.0131579	0	0.561521	1
51	323	225	321	224	30	32	0.0394737	0	0.503356	2
52	503	171	502	170	30	33	0.0263158	0	0.38255	2
53	305	260	304	259	30	32	0.0263158	0	0.581655	2
54	277	266	278	267	30	31	0.0263158	0	0.595078	1
55	249	212	263	208	30	42	0.394737	0	0.474273	1
56	148	66	147	66	30	65	0.0131579	0	0.147651	2
57	517	135	515	134	30	40	0.0394737	0	0.302013	2
58	704	325	703	324	30	65	0.0263158	0	0.727069	2
59	534	432	532	431	30	65	0.0394737	0	0.966443	2
60	288	226	288	224	30	31	0.0526316	0	0.505593	1
61	642	317	641	316	30	65	0.0263158	0	0.709172	2
62	283	394	282	393	30	65	0.0263158	0	0.881432	2
63	301	234	300	234	31	32	0.0131579	0	0.52349	2
64	442	250	443	249	31	32	0.0263158	0	0.559284	1
65	366	256	365	256	31	32	0.0131579	0	0.572707	2
66	350	236	346	235	31	34	0.0657895	0	0.527964	2
67	189	292	189	291	31	33	0.0131579	0	0.653244	1
68	160	315	157	314	31	32	0.0526316	0	0.704698	2
69	827	344	826	343	31	65	0.0263158	0	0.769575	2
70	234	231	234	232	31	32	0.0131579	0	0.516779	1
71	300	394	299	393	31	65	0.0263158	0	0.881432	2
72	483	178	469	176	31	37	0.236842	0	0.39821	2
73	294	200	292	199	31	42	0.0394737	0	0.447427	2
74	221	257	221	255	32	33	0.0526316	0	0.574944	1
75	291	267	291	266	32	33	0.0131579	0	0.597315	1
76	246	242	257	241	32	36	0.157895	0	0.541387	1
77	348	206	349	205	32	33	0.0263158	0	0.46085	1
78	231	272	232	271	32	33	0.0263158	0	0.608501	1
79	296	288	295	287	32	33	0.0263158	0	0.644295	2
80	186	333	182	333	32	33	0.0526316	0	0.744966	2
81	290	240	289	239	32	33	0.0263158	0	0.536913	2
82	314	252	312	252	32	33	0.0263158	0	0.563758	2
83	291	219	291	217	32	33	0.0526316	0	0.489933	1
84	319	236	319	235	32	33	0.0131579	0	0.527964	1
85	458	289	457	288	32	34	0.0263158	0	0.646532	2
86	315	220	315	220	33	34	0	0	0.49217	1
87	190	351	189	350	33	34	0.0263158	0	0.785235	2
88	364	256	362	255	33	34	0.0394737	0	0.572707	2
89	431	196	426	195	33	35	0.0789474	0	0.438479	2
90	436	289	435	288	33	34	0.0263158	0	0.646532	2
91	180	343	179	342	33	34	0.0263158	0	0.767338	2
92	275	298	275	297	33	34	0.0131579	0	0.666667	1
93	441	238	440	238	33	34	0.0131579	0	0.532438	2
94	467	164	436	160	33	43	0.618421	0	0.36689	2
95	299	256	298	255	33	34	0.0263158	0	0.572707	2
96	281	260	281	259	33	34	0.0131579	0	0.581655	1
97	305	224	305	224	33	35	0	0	0.501119	1
98	329	244	328	243	33	34	0.0263158	0	0.545861	2
99	211	261	214	261	33	35	0.0394737	0	0.583893	1
100	274	239	277	239	33	34	0.0394737	0	0.534676	1
101	428	225	427	225	33	34	0.0131579	0	0.503356	2
102	471	198	469	197	33	35	0.0394737	0	0.442953	2
103	496	182	495	181	34	39	0.0263158	0	0.407159	2
104	160	318	155	316	34	35	0.118421	0	0.711409	2
105	294	265	293	265	34	35	0.0131579	0	0.592841	2
106	352	205	356	205	34	36	0.0526316	0	0.458613	1
107	295	288	294	287	34	35	0.0263158	0	0.644295	2
108	453	252	459	249	34	37	0.197368	0	0.563758	1
109	226	250	230	247	34	39	0.171053	0	0.559284	1
110	154	308	149	306	34	35	0.118421	0	0.689038	2
111	170	329	164	327	34	35	0.131579	0	0.736018	2
112	234	271	237	271	34	35	0.0394737	0	0.606264	1
113	327	229	326	229	34	35	0.0131579	0	0.512304	2
114	245	256	250	256	34	36	0.0657895	0	0.572707	1
115	292	215	292	213	34	37	0.0526316	0	0.480984	1
116	307	203	306	202	34	38	0.0263158	0	0.454139	2
117	193	282	194	281	34	36	0.0263158	0	0.630872	1
118	506	180	505	178	35	55	0.0657895	0	0.402685	2
119	421	170	420	169	35	38	0.0263158	0	0.380313	2
120	303	259	301	261	35	37	0.0789474	0	0.579418	2
121	351	232	349	231	35	36	0.0394737	0	0.519016	2
122	435	289	435	288	35	36	0.0131579	0	0.646532	1
123	350	259	350	258	35	36	0.0131579	0	0.579418	1
124	291	255	290	255	35	36	0.0131579	0	0.57047	2
125	439	239	434	239	35	40	0.0657895	0	0.534676	2
126	451	287	452	287	35	36	0.0131579	0	0.642058	1
127	457	266	472	263	35	44	0.315789	0	0.595078	1
128	152	327	144	325	35	37	0.157895	0	0.731544	2
129	332	239	331	239	35	36	0.0131579	0	0.534676	2
130	286	229	285	228	36	37	0.0263158	0	0.512304	2
131	165	333	157	332	36	37	0.118421	0	0.744966	2
132	312	255	311	255	36	39	0.0131579	0	0.57047	2
133	243	234	246	232	36	38	0.0921053	0	0.52349	1
134	218	261	219	261	36	38	0.0131579	0	0.583893	1
135	308	224	308	224	36	37	0	0	0.501119	1
136	424	195	420	193	36	38	0.105263	0	0.436242	2
137	139	301	130	300	36	38	0.131579	0	0.673378	2
138	275	248	274	247	36	37	0.0263158	0	0.55481	2
139	443	253	441	253	36	37	0.0263158	0	0.565996	2
140	363	255	360	256	36	37	0.0526316	0	0.57047	2
141	503	169	502	168	36	65	0.0263158	0	0.378076	2
142	261	243	263	243	37	38	0.0263158	0	0.543624	1
143	343	234	340	233	37	39	0.0526316	0	0.52349	2
144	262	276	262	276	37	38	0	0	0.61745	1
145	359	205	366	206	37	40	0.105263	0	0.458613	1
146	280	270	278	269	37	39	0.0394737	0	0.604027	2
147	196	283	203	288	37	40	0.421053	0	0.63311	1
148	244	262	249	261	37	39	0.0789474	0	0.58613	1
149	306	273	305	272	37	38	0.0263158	0	0.610738	2
150	447	266	447	266	37	38	0	0	0.595078	1
151	318	222	318	222	37	39	0	0	0.496644	1
152	147	349	146	349	37	41	0.0131579	0	0.780761	2
153	160	319	155	316	38	39	0.184211	0	0.713647	2
154	463	250	474	249	38	44	0.157895	0	0.559284	1
155	301	262	300	264	38	40	0.0657895	0	0.58613	2
156	275	285	276	287	38	39	0.0657895	0	0.637584	1
157	139	331	137	332	38	39	0.0394737	0	0.740492	2
158	293	213	294	212	38	39	0.0263158	0	0.47651	1
159	328	230	328	229	38	39	0.0131579	0	0.514541	1
160	310	282	310	281	38	41	0.0131579	0	0.630872	1
161	469	182	468	182	38	41	0.0131579	0	0.407159	2
162	457	240	467	238	38	43	0.184211	0	0.536913	1
163	294	234	294	232	39	40	0.0526316	0	0.52349	1
164	418	169	417	168	39	40	0.0263158	0	0.378076	2
165	139	312	133	313	39	40	0.0921053	0	0.697987	2
166	309	202	308	201	39	40	0.0263158	0	0.451902	2
167	263	276	263	276	39	40	0	0	0.61745	1
168	349	252	349	252	39	40	0	0	0.563758	1
169	219	261	218	261	39	40	0.0131579	0	0.583893	2
170	129	296	120	294	39	41	0.171053	0	0.662192	2
171	329	216	327	216	39	40	0.0263158	0	0.483221	2
172	229	257	230	257	39	41	0.0131579	0	0.574944	1
173	495	181	494	180	40	44	0.0263158	0	0.404922	2
174	341	234	340	234	40	41	0.0131579	0	0.52349	2
175	411	188	409	187	40	41	0.0394737	0	0.420582	2
176	252	232	254	231	40	41	0.0394737	0	0.519016	1
177	274	240	276	239	40	41	0.0394737	0	0.536913	1
178	311	224	311	224	40	41	0	0	0.501119	1
179	298	211	299	210	40	41	0.0263158	0	0.472036	1
180	409	234	408	233	40	41	0.0263158	0	0.52349	2
181	276	290	274	291	40	43	0.0394737	0	0.64877	2
182	432	251	429	248	40	42	0.157895	0	0.561521	2
183	404	166	401	165	40	44	0.0526316	0	0.371365	2
184	123	307	100	301	40	44	0.776316	0	0.686801	2
185	131	318	125	317	41	42	0.0921053	0	0.711409	2
186	295	232	295	231	41	42	0.0131579	0	0.519016	1
187	206	290	209	291	41	42	0.0526316	0	0.64877	1
188	303	196	302	196	41	42	0.0131579	0	0.438479	2
189	264	276	264	276	41	42	0	0	0.61745	1
190	369	209	372	209	41	42	0.0394737	0	0.467562	1
191	285	224	286	223	41	42	0.0263158	0	0.501119	1
192	312	255	313	255	41	42	0.0131579	0	0.57047	1
193	219	262	219	262	41	43	0	0	0.58613	1
194	321	241	321	241	41	42	0	0	0.53915	1
195	741	219	743	218	41	48	0.0394737	0	0.489933	1
196	435	239	433	236	41	44	0.144737	0	0.534676	2
197	292	268	291	267	41	42	0.0263158	0	0.599553	2
198	121	325	106	321	41	44	0.407895	0	0.727069	2
199	272	249	271	248	41	42	0.0263158	0	0.557047	2
200	799	156	797	155	41	55	0.0394737	0	0.348993	2
201	483	177	481	176	41	44	0.0394737	0	0.395973	2
202	230	256	231	257	42	45	0.0263158	0	0.572707	1
203	285	294	284	293	42	43	0.0263158	0	0.657718	2
204	124	297	118	295	42	43	0.131579	0	0.66443	2
205	344	235	342	235	42	43	0.0263158	0	0.525727	2
206	406	187	403	186	42	43	0.0526316	0	0.418345	2
207	133	331	120	328	42	44	0.289474	0	0.740492	2
208	263	152	265	152	42	51	0.0263158	0	0.340045	1
209	254	251	254	251	42	43	0	0	0.561521	1
210	289	277	288	276	42	43	0.0263158	0	0.619687	2
211	222	293	222	292	42	43	0.0131579	0	0.655481	1
212	311	236	312	235	43	44	0.0263158	0	0.527964	1
213	238	267	239	266	43	44	0.0263158	0	0.597315	1
214	416	170	416	169	43	44	0.0131579	0	0.380313	1
215	296	230	296	228	43	44	0.0526316	0	0.514541	1
216	211	296	212	297	43	44	0.0263158	0	0.662192	1
217	429	248	428	247	43	44	0.0263158	0	0.55481	2
218	289	246	288	245	43	44	0.0263158	0	0.550336	2
219	375	209	378	209	43	44	0.0394737	0	0.467562	1
220	279	239	279	238	43	44	0.0131579	0	0.534676	1
221	300	262	299	261	43	44	0.0263158	0	0.58613	2
222	306	179	294	171	43	59	1	0	0.400447	2
223	329	240	329	239	43	44	0.0131579	0	0.536913	1
224	283	304	282	303	43	44	0.0263158	0	0.680089	2
225	455	292	454	291	43	45	0.0263158	0	0.653244	2
226	343	263	341	263	43	44	0.0263158	0	0.588367	2
227	112	311	106	308	44	45	0.197368	0	0.695749	2
228	298	242	297	240	44	45	0.0657895	0	0.541387	2
229	254	224	256	223	44	45	0.0394737	0	0.501119	1
230	316	273	316	272	44	45	0.0131579	0	0.610738	1
231	220	263	221	264	44	45	0.0263158	0	0.588367	1
232	491	170	489	169	44	46	0.0394737	0	0.380313	2
233	286	269	285	269	44	45	0.0131579	0	0.60179	2
234	270	248	269	248	44	45	0.0131579	0	0.55481	2
235	433	288	430	288	44	50	0.0394737	0	0.644295	2
236	258	238	259	237	44	45	0.0263158	0	0.532438	1
237	241	267	242	266	45	46	0.0263158	0	0.597315	1
238	476	249	493	251	45	55	0.276316	0	0.557047	1
239	491	180	490	179	45	48	0.0263158	0	0.402685	2
240	298	228	299	227	45	46	0.0263158	0	0.510067	1
241	314	232	316	232	45	46	0.0263158	0	0.519016	1
242	426	246	420	248	45	51	0.131579	0	0.550336	2
243	94	225	94	225	45	51	0	0	0.503356	1
244	300	195	297	195	45	47	0.0394737	0	0.436242	2
245	320	219	319	218	45	46	0.0263158	0	0.489933	2
246	408	188	403	186	45	47	0.118421	0	0.420582	2
247	213	296	214	296	45	47	0.0131579	0	0.662192	1
248	300	260	300	259	45	46	0.0131579	0	0.581655	1
249	400	166	395	165	45	48	0.0789474	0	0.371365	2
250	354	259	354	259	45	46	0	0	0.579418	1
251	111	341	108	338	45	49	0.157895	0	0.762864	2
252	274	291	272	291	45	46	0.0263158	0	0.651007	2
253	216	306	216	306	45	47	0	0	0.684564	1
254	383	206	386	206	45	46	0.0394737	0	0.46085	1
255	429	160	425	159	45	46	0.0657895	0	0.357942	2
256	271	265	270	265	45	46	0.0131579	0	0.592841	2
257	613	187	612	187	45	65	0.0131579	0	0.418345	2
258	242	251	242	251	45	47	0	0	0.561521	1
259	300	214	300	214	45	46	0	0	0.478747	1
260	340	235	339	235	45	46	0.0131579	0	0.525727	2
261	475	263	488	265	45	52	0.223684	0	0.588367	1
262	231	258	233	259	46	48	0.0394737	0	0.577181	1
263	273	253	271	254	46	47	0.0394737	0	0.565996	2
264	410	169	408	168	46	47	0.0394737	0	0.378076	2
265	317	273	319	272	46	47	0.0394737	0	0.610738	1
266	321	250	325	251	46	48	0.0657895	0	0.559284	1
267	389	247	389	247	46	47	0	0	0.552573	1
268	437	259	430	260	46	51	0.105263	0	0.579418	2
269	342	263	342	262	46	48	0.0131579	0	0.588367	1
270	285	251	287	250	46	48	0.0394737	0	0.561521	1
271	327	228	328	227	46	47	0.0263158	0	0.510067	1
272	435	246	431	247	46	50	0.0657895	0	0.550336	2
273	137	368	137	368	46	65	0	0	0.823266	1
274	246	266	248	266	47	48	0.0263158	0	0.595078	1
275	318	232	320	232	47	48	0.0263158	0	0.519016	1
276	390	208	392	209	47	48	0.0394737	0	0.465324	1
277	287	301	286	299	47	48	0.0657895	0	0.673378	2
278	489	169	488	168	47	49	0.0263158	0	0.378076	2
279	281	238	281	237	47	48	0.0131579	0	0.532438	1
280	296	247	297	247	47	48	0.0131579	0	0.552573	1
281	422	158	415	155	47	49	0.210526	0	0.353468	2
282	265	208	274	205	47	59	0.236842	0	0.465324	1
283	108	320	102	319	47	48	0.0921053	0	0.715884	2
284	334	279	334	280	47	48	0.0131579	0	0.624161	1
285	303	231	305	231	48	49	0.0263158	0	0.516779	1
286	260	229	260	229	48	49	0	0	0.512304	1
287	406	169	403	168	48	49	0.0526316	0	0.378076	2
288	215	297	216	296	48	52	0.0263158	0	0.66443	1
289	297	198	295	198	48	49	0.0263158	0	0.442953	2
290	302	215	304	215	48	49	0.0263158	0	0.480984	1
291	318	216	317	215	48	49	0.0263158	0	0.483221	2
292	255	291	254	291	48	50	0.0131579	0	0.651007	2
293	356	257	355	257	48	49	0.0131579	0	0.574944	2
294	396	188	393	186	48	49	0.0921053	0	0.420582	2
295	408	152	400	150	48	51	0.157895	0	0.340045	2
296	478	176	475	175	48	52	0.0526316	0	0.393736	2
297	315	245	317	246	48	49	0.0394737	0	0.548098	1
298	214	307	214	306	48	52	0.0131579	0	0.686801	1
299	84	308	78	306	49	50	0.131579	0	0.689038	2
300	745	219	746	219	49	52	0.0131579	0	0.489933	1
301	95	324	89	321	49	50	0.197368	0	0.724832	2
302	491	178	490	177	49	51	0.0263158	0	0.39821	2
303	235	259	245	257	49	53	0.184211	0	0.579418	1
304	345	262	345	261	49	50	0.0131579	0	0.58613	1
305	285	298	283	298	49	51	0.0263158	0	0.666667	2
306	272	259	271	259	49	50	0.0131579	0	0.579418	2
307	296	247	297	248	49	50	0.0263158	0	0.552573	1
308	295	274	295	274	49	50	0	0	0.612975	1
309	278	244	287	251	49	59	0.763158	0	0.545861	1
310	327	252	330	253	49	51	0.0526316	0	0.563758	1
311	395	211	396	211	49	50	0.0131579	0	0.472036	1
312	308	230	309	231	50	51	0.0263158	0	0.514541	1
313	285	278	284	277	50	51	0.0263158	0	0.621924	2
314	295	198	294	198	50	51	0.0131579	0	0.442953	2
315	392	166	367	163	50	58	0.447368	0	0.371365	2
316	304	262	305	263	50	52	0.0263158	0	0.58613	1
317	271	312	271	312	50	55	0	0	0.697987	1
318	416	159	411	157	50	52	0.118421	0	0.355705	2
319	327	221	326	220	50	51	0.0263158	0	0.494407	2
320	469	292	469	292	50	59	0	0	0.653244	1
321	383	180	380	179	51	52	0.0526316	0	0.402685	2
322	327	270	331	271	51	52	0.0657895	0	0.604027	1
323	400	211	402	211	51	52	0.0263158	0	0.472036	1
324	292	252	293	252	51	52	0.0131579	0	0.563758	1
325	66	335	62	335	51	55	0.0526316	0	0.749441	2
326	315	210	317	209	51	52	0.0394737	0	0.469799	1
327	431	289	433	288	51	59	0.0394737	0	0.646532	1
328	227	301	226	302	51	55	0.0263158	0	0.673378	2
329	87	239	88	238	51	52	0.0263158	0	0.534676	1
330	263	255	261	254	51	52	0.0394737	0	0.57047	2
331	271	282	270	281	51	52	0.0263158	0	0.630872	2
332	238	268	240	267	51	52	0.0394737	0	0.599553	1
333	431	250	429	252	51	53	0.0789474	0	0.559284	2
334	309	231	310	232	52	53	0.0263158	0	0.516779	1
335	397	164	391	161	52	54	0.197368	0	0.36689	2
336	289	271	289	270	52	53	0.0131579	0	0.606264	1
337	347	261	347	261	52	53	0	0	0.583893	1
338	296	197	295	197	52	54	0.0131579	0	0.440716	2
339	495	183	495	182	52	65	0.0131579	0	0.409396	1
340	491	173	490	172	52	53	0.0263158	0	0.387025	2
341	284	299	283	299	52	54	0.0131579	0	0.668904	2
342	268	225	268	225	52	53	0	0	0.503356	1
343	399	150	395	149	52	53	0.0657895	0	0.33557	2
344	429	261	427	263	52	54	0.0789474	0	0.583893	2
345	95	224	95	224	52	53	0	0	0.501119	1
346	747	219	747	219	53	54	0	0	0.489933	1
347	379	179	376	178	53	54	0.0526316	0	0.400447	2
348	405	213	413	216	53	56	0.223684	0	0.47651	1
349	424	232	423	232	53	54	0.0131579	0	0.519016	2
350	216	296	231	293	53	58	0.315789	0	0.662192	1
351	270	281	268	280	53	55	0.0394737	0	0.628635	2
352	300	268	301	268	53	54	0.0131579	0	0.599553	1
353	263	240	264	239	53	54	0.0263158	0	0.536913	1
354	480	175	479	174	53	55	0.0263158	0	0.391499	2
355	60	287	48	286	53	55	0.171053	0	0.642058	2
356	407	154	403	155	53	56	0.0657895	0	0.344519	2
357	266	258	264	257	53	54	0.0394737	0	0.577181	2
358	486	268	488	268	53	55	0.0263158	0	0.599553	1
359	322	209	325	208	53	54	0.0526316	0	0.467562	1
360	811	157	810	157	53	64	0.0131579	0	0.35123	2
361	216	306	216	305	53	54	0.0131579	0	0.684564	1
362	487	162	486	162	53	54	0.0131579	0	0.362416	2
363	320	219	319	219	54	55	0.0131579	0	0.489933	2
364	246	257	247	256	54	55	0.0263158	0	0.574944	1
365	310	220	308	220	54	55	0.0263158	0	0.49217	2
366	88	238	89	237	54	56	0.0263158	0	0.532438	1
367	95	224	95	224	54	55	0	0	0.501119	1
368	264	296	263	296	54	55	0.0131579	0	0.662192	2
369	420	246	421	247	54	57	0.0263158	0	0.550336	1
370	351	259	350	259	54	55	0.0131579	0	0.579418	2
371	491	172	490	171	54	55	0.0263158	0	0.384787	2
372	425	190	420	190	54	56	0.0657895	0	0.425056	2
373	313	295	313	296	54	56	0.0131579	0	0.659955	1
374	318	237	320	237	55	56	0.0263158	0	0.530201	1
375	389	166	382	165	55	57	0.105263	0	0.371365	2
376	374	177	372	175	55	56	0.0789474	0	0.395973	2
377	297	251	298	252	55	57	0.0263158	0	0.561521	1
378	568	178	566	178	55	62	0.0263158	0	0.39821	2
379	265	239	267	239	55	59	0.0263158	0	0.534676	1
380	304	270	305	270	55	56	0.0131579	0	0.604027	1
381	748	221	749	221	55	56	0.0131579	0	0.494407	1
382	426	264	426	265	55	56	0.0131579	0	0.590604	1
383	265	258	265	256	55	57	0.0526316	0	0.577181	1
384	330	210	333	209	55	56	0.0526316	0	0.469799	1
385	336	246	338	246	55	56	0.0263158	0	0.550336	1
386	369	204	365	203	55	56	0.0657895	0	0.456376	2
387	299	285	300	285	55	56	0.0131579	0	0.637584	1
388	505	180	505	180	56	65	0	0	0.402685	1
389	249	255	251	254	56	58	0.0394737	0	0.57047	1
390	496	252	505	260	56	65	0.960526	0	0.563758	1
391	319	224	318	224	56	57	0.0131579	0	0.501119	2
392	44	285	37	282	56	57	0.210526	0	0.637584	2
393	751	241	752	241	56	57	0.0131579	0	0.53915	1
394	348	276	349	276	56	57	0.0131579	0	0.61745	1
395	33	310	26	308	56	57	0.144737	0	0.693512	2
396	474	176	471	175	56	60	0.0526316	0	0.393736	2
397	329	271	329	271	56	57	0	0	0.606264	1
398	268	279	267	278	56	57	0.0263158	0	0.624161	2
399	492	267	495	266	56	58	0.0526316	0	0.597315	1
400	34	280	27	278	56	57	0.144737	0	0.626398	2
401	321	259	320	259	56	57	0.0131579	0	0.579418	2
402	33	290	26	288	56	57	0.144737	0	0.64877	2
403	309	283	310	283	57	58	0.0131579	0	0.63311	1
404	427	268	427	268	57	58	0	0	0.599553	1
405	299	284	299	283	57	58	0.0131579	0	0.635347	1
406	417	218	421	218	57	58	0.0526316	0	0.487696	1
407	323	239	325	238	57	58	0.0394737	0	0.534676	1
408	90	238	90	238	57	61	0	0	0.532438	1
409	267	295	264	294	57	58	0.0526316	0	0.659955	2
410	340	245	343	245	57	59	0.0394737	0	0.548098	1
411	370	175	365	174	57	59	0.0789474	0	0.391499	2
412	404	156	400	156	57	60	0.0526316	0	0.348993	2
413	427	236	429	235	57	58	0.0394737	0	0.527964	1
414	316	296	316	296	57	58	0	0	0.662192	1
415	423	258	424	257	57	58	0.0263158	0	0.577181	1
416	416	419	416	419	57	65	0	0	0.93736	1
417	331	249	333	248	58	59	0.0394737	0	0.557047	1
418	379	165	375	164	58	59	0.0657895	0	0.369128	2
419	293	270	292	270	58	59	0.0131579	0	0.604027	2
420	753	242	759	243	58	65	0.0921053	0	0.541387	1
421	312	223	311	222	58	59	0.0263158	0	0.498881	2
422	377	146	374	146	58	59	0.0394737	0	0.326622	2
423	32	279	25	277	58	59	0.144737	0	0.624161	2
424	329	270	329	270	58	59	0	0	0.604027	1
425	268	276	268	275	58	59	0.0131579	0	0.61745	1
426	423	247	425	246	58	59	0.0394737	0	0.552573	1
427	268	257	269	256	58	59	0.0263158	0	0.574944	1
428	354	281	354	281	58	59	0	0	0.628635	1
429	567	166	566	167	58	62	0.0263158	0	0.371365	2
430	309	272	309	271	58	59	0.0131579	0	0.608501	1
431	303	251	303	250	58	59	0.0131579	0	0.561521	1
432	349	260	353	259	58	60	0.0657895	0	0.581655	1
433	341	211	344	210	58	59	0.0526316	0	0.472036	1
434	390	194	388	194	58	59	0.0263158	0	0.434004	2
435	437	274	437	274	58	59	0	0	0.612975	1
436	271	311	267	310	58	60	0.0657895	0	0.695749	2
437	302	217	300	217	58	59	0.0263158	0	0.485459	2
438	363	186	360	186	58	59	0.0394737	0	0.416107	2
439	253	254	254	253	59	60	0.0263158	0	0.568233	1
440	329	235	331	234	59	60	0.0394737	0	0.525727	1
441	346	231	349	229	59	60	0.0921053	0	0.516779	1
442	365	163	362	162	59	60	0.0526316	0	0.364653	2
443	426	221	430	222	59	60	0.0657895	0	0.494407	1
444	238	294	240	294	59	60	0.0263158	0	0.657718	1
445	299	283	299	282	59	60	0.0131579	0	0.63311	1
446	441	251	450	247	59	62	0.328947	0	0.561521	1
447	491	272	492	271	59	61	0.0263158	0	0.608501	1
448	311	281	311	281	60	61	0	0	0.628635	1
449	303	250	304	250	60	61	0.0131579	0	0.559284	1
450	301	218	298	218	60	62	0.0394737	0	0.487696	2
451	374	165	371	164	60	61	0.0526316	0	0.369128	2
452	271	212	276	217	60	65	0.394737	0	0.474273	1
453	355	282	355	281	60	61	0.0131579	0	0.630872	1
454	292	269	291	269	60	61	0.0131579	0	0.60179	2
455	570	156	567	156	60	64	0.0394737	0	0.348993	2
456	335	248	337	248	60	61	0.0263158	0	0.55481	1
457	107	245	108	244	60	63	0.0263158	0	0.548098	1
458	268	278	267	277	60	62	0.0263158	0	0.621924	2
459	367	175	362	172	60	62	0.184211	0	0.391499	2
460	393	167	392	167	60	61	0.0131579	0	0.373602	2
461	291	170	290	166	60	63	0.223684	0	0.380313	2
462	332	224	335	223	60	61	0.0526316	0	0.501119	1
463	317	223	315	222	60	63	0.0394737	0	0.498881	2
464	227	301	227	300	60	61	0.0131579	0	0.673378	1
465	348	210	351	209	60	61	0.0526316	0	0.469799	1
466	384	199	382	198	60	61	0.0394737	0	0.44519	2
467	314	266	314	265	60	61	0.0131579	0	0.595078	1
468	261	293	263	294	60	63	0.0394737	0	0.655481	1
469	292	246	299	249	60	65	0.210526	0	0.550336	1
470	492	173	491	172	60	65	0.0263158	0	0.387025	2
471	798	156	798	155	60	65	0.0131579	0	0.348993	1
472	360	162	357	162	61	62	0.0394737	0	0.362416	2
473	242	294	242	295	61	62	0.0131579	0	0.657718	1
474	258	253	260	252	61	62	0.0394737	0	0.565996	1
475	399	156	396	158	61	65	0.0921053	0	0.348993	2
476	333	233	336	233	61	62	0.0394737	0	0.521253	1
477	477	174	476	173	61	62	0.0263158	0	0.389262	2
478	301	283	302	282	61	62	0.0263158	0	0.63311	1
479	433	243	436	242	61	62	0.0526316	0	0.543624	1
480	312	281	313	281	62	63	0.0131579	0	0.628635	1
481	437	226	440	227	62	63	0.0526316	0	0.505593	1
482	306	251	307	251	62	63	0.0131579	0	0.561521	1
483	323	295	324	295	62	63	0.0131579	0	0.659955	1
484	239	308	238	308	62	64	0.0131579	0	0.689038	2
485	89	240	90	240	62	65	0.0131579	0	0.536913	1
486	447	262	448	262	62	63	0.0131579	0	0.58613	1
487	322	244	321	243	62	63	0.0263158	0	0.545861	2
488	280	291	281	290	62	63	0.0263158	0	0.651007	1
489	272	262	272	262	62	63	0	0	0.58613	1
490	406	168	405	167	62	64	0.0263158	0	0.375839	2
491	95	228	96	229	62	64	0.0263158	0	0.510067	1
492	369	162	365	161	62	64	0.0657895	0	0.362416	2
493	299	268	298	267	62	63	0.0263158	0	0.599553	2
494	293	257	298	258	62	65	0.0789474	0	0.574944	1
495	558	156	556	156	62	65	0.0263158	0	0.348993	2
496	317	267	317	268	63	64	0.0131579	0	0.597315	1
497	259	256	260	255	63	64	0.0263158	0	0.572707	1
498	298	219	296	219	63	64	0.0263158	0	0.489933	2
499	339	249	337	250	63	64	0.0394737	0	0.557047	2
500	567	179	566	179	63	65	0.0131579	0	0.400447	2
501	475	174	473	173	63	65	0.0394737	0	0.389262	2
502	510	271	510	270	63	65	0.0131579	0	0.606264	1
503	440	274	439	274	63	64	0.0131579	0	0.612975	2
504	275	301	275	301	63	64	0	0	0.673378	1
505	761	215	762	214	63	65	0.0263158	0	0.480984	1
506	500	272	500	273	63	64	0.0131579	0	0.608501	1
507	450	242	452	242	63	64	0.0263158	0	0.541387	1
508	439	241	442	240	63	64	0.0526316	0	0.53915	1
509	357	179	352	177	63	65	0.118421	0	0.400447	2
510	437	258	438	257	63	64	0.0263158	0	0.577181	1
511	271	311	271	312	63	65	0.0131579	0	0.695749	1
512	443	230	446	231	64	65	0.0526316	0	0.514541	1
513	317	219	316	219	64	65	0.0131579	0	0.489933	2
514	241	296	240	296	64	65	0.0131579	0	0.662192	2
515	107	244	107	244	64	65	0	0	0.545861	1
516	342	234	344	235	64	65	0.0394737	0	0.52349	1
517	275	263	275	263	64	65	0	0	0.588367	1
518	320	242	319	242	64	65	0.0131579	0	0.541387	2
519	566	166	565	166	64	65	0.0131579	0	0.371365	2
520	270	253	271	253	64	65	0.0131579	0	0.565996	1
521	265	295	265	295	64	65	0	0	0.659955	1
522	301	269	300	269	64	65	0.0131579	0	0.60179	2
523	356	214	359	215	64	65	0.0526316	0	0.478747	1
524	478	157	477	156	64	65	0.0263158	0	0.35123	2
525	266	227	268	226	64	65	0.0394737	0	0.50783	1