
0	775	244	782	245	87	89	0.011236	0	0.536264	1
1	492	210	491	209	87	88	0.00280899	0	0.461538	2
2	827	445	826	448	88	92	0.0140449	0	0.978022	2
3	433	228	432	228	88	89	0.00140449	0	0.501099	2
4	380	207	379	207	88	89	0.00140449	0	0.454945	2
5	379	188	378	188	88	89	0.00140449	0	0.413187	2
6	443	231	444	230	88	89	0.00280899	0	0.507692	1
7	465	188	463	188	88	89	0.00280899	0	0.413187	2
8	409	227	408	229	88	91	0.00702247	0	0.498901	2
9	455	181	453	182	88	89	0.00421348	0	0.397802	2
10	441	201	440	201	88	89	0.00140449	0	0.441758	2
11	146	102	145	102	89	90	0.00140449	0	0.224176	2
12	359	185	358	186	89	90	0.00280899	0	0.406593	2
13	409	192	408	191	89	91	0.00280899	0	0.421978	2
14	469	208	463	207	89	90	0.00983146	0	0.457143	2
15	400	40	399	32	89	119	0.0912921	0	0.0879121	2
16	534	254	533	256	90	93	0.00702247	0	0.558242	2
17	552	263	552	265	90	93	0.00561798	0	0.578022	1
18	433	229	433	232	90	94	0.0126404	0	0.503297	1
19	438	181	433	183	90	93	0.0126404	0	0.397802	2
20	463	189	460	190	90	92	0.00561798	0	0.415385	2
21	420	190	418	189	90	93	0.00421348	0	0.417582	2
22	444	230	443	227	90	92	0.0140449	0	0.505495	2
23	393	217	393	218	90	92	0.00140449	0	0.476923	1
24	403	201	402	202	90	93	0.00280899	0	0.441758	2
25	452	183	435	189	90	99	0.0744382	0	0.402198	2
26	442	202	441	201	90	91	0.00280899	0	0.443956	2
27	423	210	423	210	90	92	0	0	0.461538	1
28	440	215	440	214	90	91	0.00140449	0	0.472527	1
29	399	181	399	180	90	92	0.00140449	0	0.397802	1
30	53	272	56	278	90	125	0.0547753	0	0.597802	1
31	500	221	498	220	90	91	0.00421348	0	0.485714	2
32	147	103	147	105	91	93	0.00561798	0	0.226374	1
33	39	303	37	309	91	96	0.0533708	0	0.665934	2
34	382	179	382	179	91	92	0	0	0.393407	1
35	137	102	133	106	91	94	0.0280899	0	0.224176	2
36	489	209	486	209	91	93	0.00421348	0	0.459341	2
37	407	231	406	232	92	93	0.00280899	0	0.507692	2
38	442	202	442	201	92	93	0.00140449	0	0.443956	1
39	435	212	434	211	92	94	0.00280899	0	0.465934	2
40	517	232	516	232	92	93	0.00140449	0	0.50989	2
41	140	60	138	65	92	96	0.0379213	0	0.131868	2
42	790	241	789	242	92	93	0.00280899	0	0.52967	2
43	366	205	366	206	92	93	0.00140449	0	0.450549	1
44	468	77	469	70	92	125	0.0702247	0	0.169231	1
45	827	449	826	454	93	98	0.0365169	0	0.986813	2
46	443	228	439	228	93	95	0.00561798	0	0.501099	2
47	793	230	794	231	93	94	0.00280899	0	0.505495	1
48	408	173	407	174	93	94	0.00280899	0	0.38022	2
49	425	210	424	211	93	96	0.00280899	0	0.461538	2
50	788	196	794	202	93	98	0.0589888	0	0.430769	1
51	358	189	357	189	93	94	0.00140449	0	0.415385	2
52	422	344	423	336	93	125	0.0912921	0	0.756044	1
53	147	107	146	111	94	98	0.0238764	0	0.235165	2
54	534	258	533	259	94	95	0.00280899	0	0.567033	2
55	429	246	428	248	94	96	0.00702247	0	0.540659	2
56	551	266	550	267	94	95	0.00280899	0	0.584615	2
57	418	189	417	189	94	95	0.00140449	0	0.415385	2
58	514	232	507	231	94	97	0.011236	0	0.50989	2
59	437	198	436	198	94	95	0.00140449	0	0.435165	2
60	411	232	410	234	94	96	0.00702247	0	0.50989	2
61	432	185	429	186	94	95	0.00561798	0	0.406593	2
62	399	184	398	185	94	95	0.00280899	0	0.404396	2
63	387	168	386	168	94	95	0.00140449	0	0.369231	2
64	488	210	484	210	94	95	0.00561798	0	0.461538	2
65	410	242	409	245	94	98	0.0140449	0	0.531868	2
66	464	168	458	170	94	96	0.0140449	0	0.369231	2
67	482	59	483	50	94	125	0.115169	0	0.12967	1
68	52	57	53	47	94	125	0.141854	0	0.125275	1
69	173	111	176	99	95	114	0.206461	0	0.243956	1
70	795	235	796	236	95	96	0.00280899	0	0.516484	1
71	434	211	433	211	95	97	0.00140449	0	0.463736	2
72	626	161	625	168	95	101	0.0702247	0	0.353846	2
73	133	109	134	119	95	104	0.141854	0	0.23956	1
74	160	112	160	114	95	98	0.00561798	0	0.246154	1
75	384	183	384	183	95	97	0	0	0.402198	1
76	587	257	585	257	95	96	0.00280899	0	0.564835	2
77	408	171	407	171	95	96	0.00140449	0	0.375824	2
78	461	38	463	27	95	125	0.172753	0	0.0835165	1
79	407	259	410	269	95	104	0.144663	0	0.569231	1
80	437	228	436	228	96	97	0.00140449	0	0.501099	2
81	399	185	399	185	96	97	0	0	0.406593	1
82	551	269	550	270	96	98	0.00280899	0	0.591209	2
83	533	260	532	259	96	97	0.00280899	0	0.571429	2
84	409	224	409	229	96	100	0.0351124	0	0.492308	1
85	431	238	431	239	96	98	0.00140449	0	0.523077	1
86	393	220	393	220	96	97	0	0	0.483516	1
87	790	249	791	254	96	101	0.0365169	0	0.547253	1
88	323	69	325	74	96	101	0.0379213	0	0.151648	1
89	307	67	308	70	96	100	0.0140449	0	0.147253	1
90	672	441	679	445	97	101	0.0323034	0	0.969231	1
91	596	294	593	293	97	98	0.00561798	0	0.646154	2
92	798	237	807	244	97	103	0.0814607	0	0.520879	1
93	402	155	425	168	97	104	0.269663	0	0.340659	1
94	37	312	41	324	97	106	0.207865	0	0.685714	1
95	409	171	407	171	97	99	0.00280899	0	0.375824	2
96	423	212	424	216	97	100	0.0238764	0	0.465934	1
97	55	341	60	352	97	107	0.176966	0	0.749451	1
98	171	92	170	93	97	109	0.00280899	0	0.202198	2
99	405	234	404	235	97	98	0.00280899	0	0.514286	2
100	401	202	400	203	97	99	0.00280899	0	0.443956	2
101	67	124	68	110	97	125	0.276685	0	0.272527	1
102	437	229	437	230	98	99	0.00140449	0	0.503297	1
103	419	244	418	245	98	99	0.00280899	0	0.536264	2
104	506	231	496	233	98	102	0.0196629	0	0.507692	2
105	433	215	435	220	98	102	0.0379213	0	0.472527	1
106	676	428	689	434	98	103	0.0688202	0	0.940659	1
107	142	67	143	69	98	100	0.00702247	0	0.147253	1
108	532	259	530	259	98	99	0.00280899	0	0.569231	2
109	393	222	392	223	98	99	0.00280899	0	0.487912	2
110	695	190	696	193	98	100	0.0140449	0	0.417582	1
111	577	254	577	256	98	99	0.00561798	0	0.558242	1
112	402	187	403	188	99	100	0.00280899	0	0.410989	1
113	147	112	148	115	99	102	0.0140449	0	0.246154	1
114	432	240	432	241	99	100	0.00140449	0	0.527473	1
115	162	116	164	122	99	104	0.0533708	0	0.254945	1
116	473	207	469	208	99	100	0.00702247	0	0.454945	2
117	519	246	516	247	99	100	0.00561798	0	0.540659	2
118	800	210	807	213	99	102	0.0224719	0	0.461538	1
119	411	208	410	209	99	100	0.00280899	0	0.457143	2
120	381	227	381	228	99	100	0.00140449	0	0.498901	1
121	429	251	429	251	100	101	0	0	0.551648	1
122	363	199	356	202	100	103	0.0224719	0	0.437363	2
123	577	259	576	261	100	101	0.00702247	0	0.569231	2
124	413	230	414	231	101	102	0.00280899	0	0.505495	1
125	406	190	407	190	101	102	0.00140449	0	0.417582	1
126	432	241	430	243	101	102	0.00842697	0	0.52967	2
127	197	216	200	221	101	104	0.0393258	0	0.474725	1
128	312	69	313	68	101	108	0.00280899	0	0.151648	1
129	422	216	422	217	101	102	0.00140449	0	0.474725	1
130	503	262	503	264	101	102	0.00561798	0	0.575824	1
131	556	193	580	178	101	119	0.349719	0	0.424176	1
132	568	277	566	276	101	102	0.00421348	0	0.608791	2
133	582	274	581	274	101	102	0.00140449	0	0.602198	2
134	409	206	408	207	101	102	0.00280899	0	0.452747	2
135	417	174	417	174	101	102	0	0	0.382418	1
136	694	421	699	422	102	104	0.00842697	0	0.925275	1
137	362	227	360	229	102	104	0.00842697	0	0.498901	2
138	626	169	625	171	102	104	0.00702247	0	0.371429	2
139	391	230	389	231	102	103	0.00421348	0	0.505495	2
140	502	243	500	244	102	103	0.00421348	0	0.534066	2
141	459	220	455	221	102	103	0.00702247	0	0.483516	2
142	431	254	431	255	102	103	0.00140449	0	0.558242	1
143	445	211	445	213	102	103	0.00561798	0	0.463736	1
144	696	162	696	163	102	103	0.00140449	0	0.356044	1
145	359	237	357	239	102	104	0.00842697	0	0.520879	2
146	419	195	418	197	102	104	0.00702247	0	0.428571	2
147	201	242	201	245	102	104	0.0126404	0	0.531868	1
148	327	49	324	30	102	113	0.511236	0	0.107692	2
149	596	297	596	298	102	104	0.00140449	0	0.652747	1
150	340	268	337	257	102	111	0.174157	0	0.589011	2
151	353	251	352	253	102	104	0.00702247	0	0.551648	2
152	407	221	406	222	103	104	0.00280899	0	0.485714	2
153	149	117	149	118	103	104	0.00140449	0	0.257143	1
154	412	232	412	232	103	104	0	0	0.50989	1
155	368	242	367	243	103	104	0.00280899	0	0.531868	2
156	438	224	439	224	103	104	0.00140449	0	0.492308	1
157	415	186	415	186	103	104	0	0	0.408791	1
158	683	169	684	170	103	104	0.00280899	0	0.371429	1
159	408	209	407	210	103	104	0.00280899	0	0.459341	2
160	811	215	820	209	103	109	0.0632022	0	0.472527	1
161	418	221	418	221	103	104	0	0	0.485714	1
162	345	237	344	238	103	104	0.00280899	0	0.520879	2
163	258	118	257	98	103	125	0.563202	0	0.259341	2
164	625	206	623	207	103	105	0.00421348	0	0.452747	2
165	564	279	563	279	103	104	0.00140449	0	0.613187	2
166	52	324	53	309	104	123	0.317416	0	0.712088	1
167	431	255	430	255	104	105	0.00140449	0	0.56044	2
168	565	255	557	253	104	106	0.0168539	0	0.56044	2
169	301	64	298	43	104	125	0.623596	0	0.140659	2
170	443	214	440	213	104	105	0.00561798	0	0.47033	2
171	429	215	426	216	104	105	0.00561798	0	0.472527	2
172	385	239	384	240	104	105	0.00280899	0	0.525275	2
173	497	350	495	329	104	125	0.622191	0	0.769231	2
174	563	230	567	225	104	107	0.0407303	0	0.505495	1
175	149	119	147	115	105	107	0.0252809	0	0.261538	2
176	139	116	138	115	105	106	0.00280899	0	0.254945	2
177	404	224	403	223	105	106	0.00280899	0	0.492308	2
178	411	236	410	235	105	106	0.00280899	0	0.518681	2
179	701	422	737	396	105	116	1	0	0.927473	1
180	418	199	416	196	105	107	0.0154494	0	0.437363	2
181	624	174	616	154	105	113	0.573034	0	0.382418	2
182	364	244	362	242	105	106	0.00842697	0	0.536264	2
183	407	262	406	261	105	106	0.00280899	0	0.575824	2
184	353	236	348	225	105	109	0.176966	0	0.518681	2
185	415	187	414	182	105	107	0.0365169	0	0.410989	2
186	163	122	161	106	105	111	0.36236	0	0.268132	2
187	210	223	211	221	105	106	0.00702247	0	0.49011	1
188	358	226	353	216	105	109	0.147472	0	0.496703	2
189	450	219	447	218	105	106	0.00561798	0	0.481319	2
190	380	219	379	218	105	106	0.00280899	0	0.481319	2
191	504	267	502	267	105	106	0.00280899	0	0.586813	2
192	487	236	483	235	105	106	0.00702247	0	0.518681	2
193	129	120	128	98	105	125	0.68118	0	0.263736	2
194	393	169	392	168	105	106	0.00280899	0	0.371429	2
195	810	246	812	243	105	107	0.0154494	0	0.540659	1
196	549	238	553	238	105	106	0.00561798	0	0.523077	1
197	393	187	391	185	105	107	0.00842697	0	0.410989	2
198	67	253	66	230	105	125	0.744382	0	0.556044	2
199	339	245	335	237	105	108	0.0955056	0	0.538462	2
200	492	246	484	243	105	107	0.0238764	0	0.540659	2
201	392	55	389	34	105	125	0.623596	0	0.120879	2
202	214	57	213	34	105	114	0.744382	0	0.125275	2
203	350	255	348	251	105	107	0.0252809	0	0.56044	2
204	439	224	438	222	105	106	0.00702247	0	0.492308	2
205	100	250	100	228	105	125	0.679775	0	0.549451	1
206	70	386	69	363	105	125	0.744382	0	0.848352	2
207	466	248	460	248	105	106	0.00842697	0	0.545055	2
208	532	346	531	325	105	125	0.620787	0	0.76044	2
209	470	228	465	226	105	106	0.0126404	0	0.501099	2
210	405	212	403	208	105	108	0.0252809	0	0.465934	2
211	691	455	697	451	106	107	0.0308989	0	1	1
212	677	455	683	452	106	107	0.0210674	0	1	1
213	385	234	385	232	106	107	0.00561798	0	0.514286	1
214	563	286	561	284	106	107	0.00842697	0	0.628571	2
215	565	208	566	201	106	108	0.0702247	0	0.457143	1
216	412	230	411	228	107	108	0.00702247	0	0.505495	2
217	436	209	433	206	107	108	0.0168539	0	0.459341	2
218	480	260	472	257	107	109	0.0238764	0	0.571429	2
219	554	251	550	248	107	108	0.0182584	0	0.551648	2
220	400	258	400	255	107	108	0.0126404	0	0.567033	1
221	380	216	378	213	107	108	0.0154494	0	0.474725	2
222	458	248	456	246	107	108	0.00842697	0	0.545055	2
223	210	217	212	209	107	109	0.0926966	0	0.476923	1
224	428	248	427	246	107	108	0.00702247	0	0.545055	2
225	361	240	357	233	107	109	0.0744382	0	0.527473	2
226	447	217	438	206	107	110	0.182584	0	0.476923	2
227	411	240	411	238	107	108	0.00561798	0	0.527473	1
228	393	173	389	168	107	109	0.0407303	0	0.38022	2
229	461	224	457	222	107	108	0.011236	0	0.492308	2
230	411	265	410	262	107	108	0.0140449	0	0.582418	2
231	480	233	475	230	107	108	0.0196629	0	0.512088	2
232	38	319	37	304	107	112	0.317416	0	0.701099	2
233	397	195	395	193	107	108	0.00842697	0	0.428571	2
234	565	269	561	267	107	108	0.011236	0	0.591209	2
235	556	207	557	203	107	109	0.0238764	0	0.454945	1
236	405	220	404	218	107	108	0.00702247	0	0.483516	2
237	499	265	494	263	107	108	0.0126404	0	0.582418	2
238	147	112	144	95	108	115	0.410112	0	0.246154	2
239	414	196	413	193	108	109	0.0140449	0	0.430769	2
240	560	282	559	279	108	109	0.0140449	0	0.61978	2
241	704	447	720	425	108	112	0.702247	0	0.982418	1
242	409	184	407	180	108	109	0.0252809	0	0.404396	2
243	386	229	386	222	108	110	0.0688202	0	0.503297	1
244	145	122	144	119	108	109	0.0140449	0	0.268132	2
245	698	448	704	444	109	110	0.0308989	0	0.984615	1
246	827	454	826	441	109	124	0.238764	0	0.997802	2
247	547	245	523	231	109	115	0.308989	0	0.538462	2
248	472	229	457	215	109	113	0.296348	0	0.503297	2
249	404	217	403	214	109	110	0.0140449	0	0.476923	2
250	377	211	375	207	109	110	0.0252809	0	0.463736	2
251	568	198	572	189	109	112	0.119382	0	0.435165	1
252	313	66	314	52	109	125	0.276685	0	0.145055	1
253	441	173	461	170	109	125	0.0407303	0	0.38022	1
254	303	71	303	57	109	125	0.275281	0	0.156044	1
255	411	227	411	222	109	111	0.0351124	0	0.498901	1
256	430	203	426	198	109	110	0.0407303	0	0.446154	2
257	423	215	422	213	110	111	0.00702247	0	0.472527	2
258	170	90	174	79	110	125	0.175562	0	0.197802	1
259	705	455	726	446	110	118	0.143258	0	1	1
260	144	117	144	106	110	125	0.169944	0	0.257143	1
261	350	221	345	217	110	119	0.0294944	0	0.485714	2
262	679	455	689	435	110	114	0.575843	0	1	1
263	613	192	613	181	110	113	0.169944	0	0.421978	1
264	822	206	826	198	110	112	0.0955056	0	0.452747	1
265	59	345	59	334	110	125	0.169944	0	0.758242	1
266	814	235	815	231	110	111	0.0238764	0	0.516484	1
267	355	231	353	221	110	113	0.143258	0	0.507692	2
268	763	455	763	449	111	125	0.0505618	0	1	1
269	709	441	722	438	111	117	0.0308989	0	0.969231	1
270	403	247	402	243	111	112	0.0238764	0	0.542857	2
271	412	188	412	184	111	112	0.0224719	0	0.413187	1
272	558	197	560	192	111	115	0.0379213	0	0.432967	1
273	404	173	402	168	111	112	0.0379213	0	0.38022	2
274	426	199	424	194	111	112	0.0379213	0	0.437363	2
275	436	179	438	177	111	112	0.00842697	0	0.393407	1
276	714	383	714	380	111	112	0.0126404	0	0.841758	1
277	384	164	384	159	111	112	0.0351124	0	0.36044	1
278	419	239	418	234	111	112	0.0365169	0	0.525275	2
279	540	268	531	259	111	113	0.126404	0	0.589011	2
280	48	324	48	319	111	116	0.0351124	0	0.712088	1
281	90	106	90	99	111	125	0.0688202	0	0.232967	1
282	436	201	433	196	111	112	0.0393258	0	0.441758	2
283	26	59	24	51	111	118	0.0926966	0	0.12967	2
284	724	378	774	361	111	125	0.476124	0	0.830769	1
285	423	212	423	210	112	113	0.00561798	0	0.465934	1
286	822	238	826	234	112	113	0.0280899	0	0.523077	1
287	685	453	711	438	112	117	0.352528	0	0.995604	1
288	386	223	387	219	112	113	0.0238764	0	0.49011	1
289	465	236	459	232	112	113	0.0308989	0	0.518681	2
290	58	88	58	89	113	116	0.00140449	0	0.193407	1
291	724	422	732	426	113	117	0.0337079	0	0.927473	1
292	401	169	400	168	113	114	0.00280899	0	0.371429	2
293	38	301	38	303	113	122	0.00561798	0	0.661538	1
294	386	149	386	148	113	114	0.00140449	0	0.327473	1
295	367	195	364	195	113	114	0.00421348	0	0.428571	2
296	734	383	778	371	113	125	0.264045	0	0.841758	1
297	463	250	461	251	113	114	0.00421348	0	0.549451	2
298	793	454	792	454	113	114	0.00140449	0	0.997802	2
299	424	191	421	190	113	114	0.00561798	0	0.41978	2
300	162	100	161	99	113	119	0.00280899	0	0.21978	2
301	721	373	723	375	113	114	0.00842697	0	0.81978	1
302	616	154	613	155	114	116	0.00561798	0	0.338462	2
303	444	180	444	181	114	115	0.00140449	0	0.395604	1
304	355	221	352	225	114	118	0.0266854	0	0.485714	2
305	455	216	431	216	114	120	0.0337079	0	0.474725	2
306	451	244	446	244	114	115	0.00702247	0	0.536264	2
307	432	223	427	224	114	115	0.00842697	0	0.49011	2
308	412	174	410	176	114	116	0.00842697	0	0.382418	2
309	349	243	347	246	114	115	0.0154494	0	0.534066	2
310	817	239	823	240	114	116	0.00983146	0	0.525275	1
311	390	171	389	172	114	115	0.00280899	0	0.375824	2
312	445	208	438	208	114	116	0.00983146	0	0.457143	2
313	333	251	326	258	114	117	0.0786517	0	0.551648	2
314	158	35	157	35	114	125	0.00140449	0	0.0769231	2
315	458	253	454	252	115	116	0.00702247	0	0.556044	2
316	399	169	397	167	115	117	0.00842697	0	0.371429	2
317	323	29	320	28	115	125	0.00561798	0	0.0637363	2
318	179	96	181	94	115	125	0.00842697	0	0.210989	1
319	593	225	595	225	115	116	0.00280899	0	0.494505	1
320	427	191	424	189	115	116	0.00983146	0	0.41978	2
321	335	219	334	220	115	116	0.00280899	0	0.481319	2
322	728	379	741	373	115	119	0.0688202	0	0.832967	1
323	793	455	793	453	115	125	0.00561798	0	1	1
324	442	243	436	242	116	117	0.00983146	0	0.534066	2
325	414	195	411	194	116	117	0.00561798	0	0.428571	2
326	444	182	444	180	116	117	0.00561798	0	0.4	1
327	409	224	408	224	116	117	0.00140449	0	0.492308	2
328	344	249	343	248	116	117	0.00280899	0	0.547253	2
329	407	256	407	256	116	119	0	0	0.562637	1
330	169	91	170	89	116	125	0.00702247	0	0.2	1
331	145	97	145	95	116	125	0.00561798	0	0.213187	1
332	218	193	219	194	116	118	0.00280899	0	0.424176	1
333	126	40	124	38	116	125	0.00842697	0	0.0879121	2
334	703	429	710	426	116	117	0.0224719	0	0.942857	1
335	612	154	606	154	117	121	0.00842697	0	0.338462	2
336	58	88	58	88	117	125	0	0	0.193407	1
337	450	252	438	251	117	119	0.0182584	0	0.553846	2
338	433	200	432	199	117	118	0.00280899	0	0.43956	2
339	727	163	728	162	117	118	0.00280899	0	0.358242	1
340	371	197	369	196	117	118	0.00421348	0	0.432967	2
341	410	176	408	175	117	118	0.00421348	0	0.386813	2
342	403	243	402	242	117	118	0.00280899	0	0.534066	2
343	394	169	393	168	118	119	0.00280899	0	0.371429	2
344	417	195	415	195	118	119	0.00280899	0	0.428571	2
345	509	233	503	233	118	119	0.00842697	0	0.512088	2
346	444	179	444	178	118	119	0.00140449	0	0.393407	1
347	428	187	426	186	118	119	0.00421348	0	0.410989	2
348	745	391	767	382	118	123	0.144663	0	0.859341	1
349	405	164	403	163	118	119	0.00421348	0	0.36044	2
350	346	252	351	253	118	120	0.00842697	0	0.553846	1
351	379	190	377	190	118	119	0.00280899	0	0.417582	2
352	216	225	219	228	118	119	0.0168539	0	0.494505	1
353	371	200	370	200	119	120	0.00140449	0	0.43956	2
354	599	176	596	175	119	120	0.00561798	0	0.386813	2
355	435	199	434	199	119	120	0.00140449	0	0.437363	2
356	221	196	223	199	119	121	0.0154494	0	0.430769	1
357	324	61	324	61	119	125	0	0	0.134066	1
358	394	165	392	166	120	122	0.00421348	0	0.362637	2
359	727	435	732	428	120	122	0.0758427	0	0.956044	1
360	407	198	404	198	120	121	0.00421348	0	0.435165	2
361	399	33	399	33	120	125	0	0	0.0725275	1
362	162	100	163	100	120	125	0.00140449	0	0.21978	1
363	498	233	482	232	120	123	0.0238764	0	0.512088	2
364	606	178	604	177	120	121	0.00421348	0	0.391209	2
365	444	176	445	175	120	124	0.00280899	0	0.386813	1
366	432	251	425	249	120	121	0.0154494	0	0.551648	2
367	802	455	801	455	120	122	0.00140449	0	1	2
368	382	204	381	204	120	121	0.00140449	0	0.448352	2
369	576	182	584	181	120	125	0.0126404	0	0.4	1
370	383	165	381	165	120	121	0.00280899	0	0.362637	2
371	404	167	402	167	120	122	0.00280899	0	0.367033	2
372	267	52	267	52	120	125	0	0	0.114286	1
373	530	270	505	270	120	123	0.0351124	0	0.593407	2
374	328	211	327	211	120	124	0.00140449	0	0.463736	2
375	739	421	743	419	121	122	0.011236	0	0.925275	1
376	426	207	423	206	121	122	0.00561798	0	0.454945	2
377	369	200	369	199	121	122	0.00140449	0	0.43956	1
378	392	180	389	180	121	122	0.00421348	0	0.395604	2
379	567	223	568	222	121	122	0.00280899	0	0.49011	1
380	594	174	591	172	121	123	0.00983146	0	0.382418	2
381	745	434	753	434	121	122	0.011236	0	0.953846	1
382	728	445	732	436	121	123	0.119382	0	0.978022	1
383	350	249	351	251	121	125	0.00702247	0	0.547253	1
384	494	268	488	271	121	124	0.0210674	0	0.589011	2
385	602	178	601	177	122	123	0.00280899	0	0.391209	2
386	420	170	419	169	122	123	0.00280899	0	0.373626	2
387	605	155	601	156	122	125	0.00702247	0	0.340659	2
388	613	182	613	182	122	125	0	0	0.4	1
389	413	209	410	209	122	123	0.00421348	0	0.459341	2
390	349	214	348	215	122	124	0.00280899	0	0.47033	2
391	737	425	751	418	123	125	0.0884831	0	0.934066	1
392	749	418	756	418	123	124	0.00983146	0	0.918681	1
393	425	184	426	184	123	124	0.00140449	0	0.404396	1
394	763	436	767	436	123	125	0.00561798	0	0.958242	1
395	350	230	348	231	123	125	0.00421348	0	0.505495	2
396	369	200	369	200	123	125	0	0	0.43956	1
397	400	198	396	197	123	125	0.00702247	0	0.435165	2
398	420	207	417	207	123	124	0.00421348	0	0.454945	2
399	382	204	379	203	123	124	0.00561798	0	0.448352	2
400	24	52	24	52	123	125	0	0	0.114286	1
401	393	223	391	223	123	124	0.00280899	0	0.49011	2
402	326	259	326	260	123	124	0.00140449	0	0.569231	1
403	742	159	742	159	123	124	0	0	0.349451	1
404	398	168	397	169	124	125	0.00280899	0	0.369231	2
405	601	177	601	176	124	125	0.00140449	0	0.389011	1
406	54	309	54	309	124	125	0	0	0.679121	1
407	479	234	473	233	124	125	0.00983146	0	0.514286	2
408	360	182	359	180	124	125	0.00702247	0	0.4	2
409	224	212	223	211	124	125	0.00280899	0	0.465934	2
410	804	455	804	454	124	125	0.00140449	0	1	1
411	772	384	776	383	124	125	0.00702247	0	0.843956	1
412	591	194	592	193	124	125	0.00280899	0	0.426374	1