
0	559	455	509	453	192	206	0.0617143	0	1	2
1	614	455	564	452	192	206	0.0674286	0	1	2
2	294	210	294	209	192	193	0.00114286	0	0.461538	1
3	439	101	441	99	192	193	0.00685714	0	0.221978	1
4	410	130	413	128	192	193	0.008	0	0.285714	1
5	436	126	437	125	192	193	0.00228571	0	0.276923	1
6	404	110	405	107	192	193	0.0114286	0	0.241758	1
7	344	121	347	119	192	193	0.008	0	0.265934	1
8	315	173	318	170	192	193	0.0137143	0	0.38022	1
9	528	35	526	32	192	193	0.0125714	0	0.0769231	2
10	254	218	264	212	192	194	0.0525714	0	0.479121	1
11	381	154	390	136	192	200	0.380571	0	0.338462	1
12	387	85	389	80	192	194	0.0308571	0	0.186813	1
13	421	116	422	114	193	194	0.00571429	0	0.254945	1
14	402	149	401	147	193	194	0.00571429	0	0.327473	2
15	403	159	402	157	193	194	0.00571429	0	0.349451	2
16	603	455	551	454	193	206	0.0605714	0	1	2
17	426	144	425	142	193	194	0.00571429	0	0.316484	2
18	629	455	577	453	193	206	0.064	0	1	2
19	442	45	439	39	193	196	0.0445714	0	0.0989011	2
20	423	129	424	127	193	194	0.00571429	0	0.283516	1
21	295	208	294	205	194	195	0.0114286	0	0.457143	2
22	299	189	300	186	194	195	0.0114286	0	0.415385	1
23	449	84	447	82	194	195	0.00685714	0	0.184615	2
24	443	97	441	89	194	197	0.0754286	0	0.213187	2
25	414	127	415	125	194	195	0.00571429	0	0.279121	1
26	400	167	401	164	194	195	0.0114286	0	0.367033	1
27	341	133	341	130	194	195	0.0102857	0	0.292308	1
28	222	352	214	350	194	195	0.0137143	0	0.773626	2
29	393	195	389	188	195	198	0.0605714	0	0.428571	2
30	423	112	421	104	195	198	0.0754286	0	0.246154	2
31	495	158	494	156	195	196	0.00571429	0	0.347253	2
32	422	146	421	142	195	197	0.0194286	0	0.320879	2
33	557	141	557	137	195	196	0.0182857	0	0.30989	1
34	349	154	346	152	195	196	0.008	0	0.338462	2
35	425	125	424	122	195	196	0.0114286	0	0.274725	2
36	493	182	487	176	195	198	0.048	0	0.4	2
37	273	199	279	197	195	196	0.0114286	0	0.437363	1
38	262	76	244	66	195	203	0.134857	0	0.167033	2
39	506	126	422	136	195	213	0.210286	0	0.276923	2
40	367	99	367	90	195	198	0.0925714	0	0.217582	1
41	408	135	408	130	195	197	0.0285714	0	0.296703	1
42	258	245	98	262	195	230	0.513143	0	0.538462	2
43	293	204	291	200	196	197	0.0205714	0	0.448352	2
44	401	144	401	138	196	198	0.0411429	0	0.316484	1
45	242	367	220	357	196	198	0.139429	0	0.806593	2
46	402	162	403	157	196	198	0.0297143	0	0.356044	1
47	204	317	195	316	196	199	0.0114286	0	0.696703	2
48	403	186	404	183	196	197	0.0114286	0	0.408791	1
49	405	111	407	105	196	199	0.0434286	0	0.243956	1
50	140	121	24	138	196	229	0.462857	0	0.265934	2
51	254	379	232	368	196	198	0.163429	0	0.832967	2
52	206	334	178	329	196	200	0.0605714	0	0.734066	2
53	35	50	25	43	196	200	0.0674286	0	0.10989	2
54	186	324	177	325	196	198	0.0114286	0	0.712088	2
55	419	121	419	119	197	198	0.00457143	0	0.265934	1
56	493	156	492	155	197	198	0.00228571	0	0.342857	2
57	29	82	24	76	197	200	0.0468571	0	0.18022	2
58	437	109	437	107	197	198	0.00457143	0	0.23956	1
59	438	37	374	54	197	209	0.403429	0	0.0813187	2
60	558	134	560	129	197	199	0.0308571	0	0.294505	1
61	504	185	499	178	197	201	0.0617143	0	0.406593	2
62	538	155	542	148	197	201	0.0605714	0	0.340659	1
63	827	138	729	150	197	216	0.276571	0	0.303297	2
64	345	135	345	133	197	198	0.00457143	0	0.296703	1
65	251	90	249	87	197	199	0.0125714	0	0.197802	2
66	380	191	379	189	197	198	0.00571429	0	0.41978	2
67	600	125	537	141	197	209	0.364571	0	0.274725	2
68	407	198	402	191	197	202	0.0617143	0	0.435165	2
69	439	91	440	85	198	202	0.0422857	0	0.2	1
70	336	162	339	159	198	199	0.0137143	0	0.356044	1
71	400	180	401	179	198	199	0.00228571	0	0.395604	1
72	478	143	437	151	198	205	0.12	0	0.314286	2
73	421	129	420	127	198	199	0.00571429	0	0.283516	2
74	411	129	412	126	198	200	0.0114286	0	0.283516	1
75	404	155	406	148	199	202	0.0582857	0	0.340659	1
76	421	117	420	115	199	200	0.00571429	0	0.257143	2
77	425	151	426	151	199	200	0.00114286	0	0.331868	1
78	380	188	379	185	199	200	0.0114286	0	0.413187	2
79	483	173	468	175	199	203	0.0217143	0	0.38022	2
80	390	188	389	186	199	200	0.00571429	0	0.413187	2
81	390	177	391	174	199	201	0.0114286	0	0.389011	1
82	407	143	407	140	199	200	0.0102857	0	0.314286	1
83	551	147	551	144	199	200	0.0102857	0	0.323077	1
84	313	182	314	180	199	200	0.00571429	0	0.4	1
85	340	123	340	121	199	200	0.00457143	0	0.27033	1
86	368	248	216	271	199	230	0.778286	0	0.545055	2
87	98	395	24	417	199	212	0.637714	0	0.868132	2
88	402	179	402	177	200	201	0.00457143	0	0.393407	1
89	494	154	492	151	200	201	0.0125714	0	0.338462	2
90	561	128	546	129	200	205	0.0182857	0	0.281319	2
91	549	108	550	106	200	201	0.00571429	0	0.237363	1
92	381	73	382	71	200	201	0.00571429	0	0.16044	1
93	406	36	399	33	200	201	0.0182857	0	0.0791209	2
94	378	183	380	185	201	203	0.00685714	0	0.402198	1
95	427	151	424	150	201	202	0.00457143	0	0.331868	2
96	190	309	186	309	201	202	0.00457143	0	0.679121	2
97	413	123	408	122	201	203	0.00685714	0	0.27033	2
98	306	191	311	190	201	202	0.00685714	0	0.41978	1
99	183	347	162	343	201	203	0.0422857	0	0.762637	2
100	341	120	340	118	201	202	0.00571429	0	0.263736	2
101	336	167	338	166	201	202	0.00342857	0	0.367033	1
102	502	157	498	157	201	202	0.00457143	0	0.345055	2
103	140	165	123	167	201	204	0.024	0	0.362637	2
104	494	168	491	167	201	202	0.00457143	0	0.369231	2
105	369	84	367	83	201	203	0.00342857	0	0.184615	2
106	333	237	294	250	201	206	0.237714	0	0.520879	2
107	360	104	361	103	201	202	0.00228571	0	0.228571	1
108	408	103	404	103	201	203	0.00457143	0	0.226374	2
109	402	175	399	175	202	203	0.00342857	0	0.384615	2
110	440	114	435	114	202	203	0.00571429	0	0.250549	2
111	437	103	433	103	202	203	0.00457143	0	0.226374	2
112	351	120	348	124	202	203	0.0217143	0	0.263736	2
113	544	134	510	163	202	208	1	0	0.294505	2
114	400	112	387	114	202	204	0.0194286	0	0.246154	2
115	343	152	336	155	203	204	0.0182857	0	0.334066	2
116	421	169	413	171	203	204	0.0137143	0	0.371429	2
117	439	85	405	105	203	207	0.496	0	0.186813	2
118	401	149	385	155	203	205	0.0594286	0	0.327473	2
119	827	268	685	286	203	230	0.532571	0	0.589011	2
120	169	361	108	382	203	210	0.573714	0	0.793407	2
121	315	191	315	191	203	204	0	0	0.41978	1
122	550	104	488	131	203	230	0.904	0	0.228571	2
123	824	60	713	74	203	228	0.350857	0	0.131868	2
124	404	125	396	130	204	205	0.0377143	0	0.274725	2
125	369	35	278	50	204	212	0.361143	0	0.0769231	2
126	401	99	371	119	204	207	0.491429	0	0.217582	2
127	379	137	350	159	204	210	0.586286	0	0.301099	2
128	547	115	522	133	204	209	0.398857	0	0.252747	2
129	442	420	408	438	204	207	0.409143	0	0.923077	2
130	364	85	357	89	204	205	0.0262857	0	0.186813	2
131	206	233	71	258	204	230	0.868571	0	0.512088	2
132	159	236	24	261	204	230	0.868571	0	0.518681	2
133	681	126	546	145	204	230	0.566857	0	0.276923	2
134	49	226	24	237	204	206	0.166857	0	0.496703	2
135	114	133	80	151	204	207	0.409143	0	0.292308	2
136	404	115	385	126	204	206	0.16	0	0.252747	2
137	423	250	291	271	204	230	0.654857	0	0.549451	2
138	468	149	442	160	204	206	0.168	0	0.327473	2
139	408	152	401	158	205	206	0.0491429	0	0.334066	2
140	312	191	305	194	205	206	0.0182857	0	0.41978	2
141	376	201	364	216	205	207	0.270857	0	0.441758	2
142	420	121	402	134	205	207	0.213714	0	0.265934	2
143	303	177	296	181	205	206	0.0262857	0	0.389011	2
144	382	129	353	142	205	211	0.226286	0	0.283516	2
145	358	124	351	131	205	206	0.064	0	0.272527	2
146	259	248	137	266	205	230	0.509714	0	0.545055	2
147	131	375	103	391	205	209	0.324571	0	0.824176	2
148	153	32	87	48	205	216	0.368	0	0.0703297	2
149	816	275	693	286	205	230	0.278857	0	0.604396	2
150	432	153	412	166	206	208	0.216	0	0.336264	2
151	377	162	368	169	206	207	0.0662857	0	0.356044	2
152	369	73	361	80	206	207	0.0651429	0	0.16044	2
153	526	264	417	273	206	230	0.217143	0	0.58022	2
154	368	101	363	106	206	207	0.0342857	0	0.221978	2
155	537	142	518	154	206	214	0.186286	0	0.312088	2
156	510	172	505	185	206	224	0.198857	0	0.378022	2
157	384	100	369	113	206	208	0.210286	0	0.21978	2
158	356	45	344	52	206	207	0.0697143	0	0.0989011	2
159	172	250	61	264	206	230	0.350857	0	0.549451	2
160	300	201	297	206	207	212	0.032	0	0.441758	2
161	270	203	275	206	207	209	0.016	0	0.446154	1
162	303	222	276	225	207	215	0.0411429	0	0.487912	2
163	385	137	381	141	207	208	0.0228571	0	0.301099	2
164	827	297	727	294	207	230	0.124571	0	0.652747	2
165	351	196	344	195	207	210	0.00914286	0	0.430769	2
166	284	258	184	262	207	230	0.132571	0	0.567033	2
167	383	161	380	166	207	208	0.032	0	0.353846	2
168	740	28	637	28	207	230	0.117714	0	0.0615385	2
169	357	132	350	136	207	208	0.0262857	0	0.29011	2
170	484	455	392	453	208	230	0.109714	0	1	2
171	655	29	620	26	208	216	0.0502857	0	0.0637363	2
172	665	25	663	24	208	209	0.00342857	0	0.0549451	2
173	365	175	365	174	208	210	0.00114286	0	0.384615	1
174	520	172	521	172	208	209	0.00114286	0	0.378022	1
175	384	152	385	150	208	210	0.00571429	0	0.334066	1
176	363	216	362	215	208	209	0.00228571	0	0.474725	2
177	401	108	372	112	208	218	0.0514286	0	0.237363	2
178	364	205	363	204	208	209	0.00228571	0	0.450549	2
179	351	172	351	171	208	209	0.00114286	0	0.378022	1
180	76	156	65	153	208	212	0.0228571	0	0.342857	2
181	299	177	302	175	208	209	0.008	0	0.389011	1
182	290	194	293	194	208	209	0.00342857	0	0.426374	1
183	286	204	291	204	209	210	0.00571429	0	0.448352	1
184	382	141	380	139	209	211	0.00685714	0	0.30989	2
185	412	201	408	198	209	210	0.0148571	0	0.441758	2
186	341	95	334	90	209	210	0.0365714	0	0.208791	2
187	65	342	56	338	209	210	0.0285714	0	0.751648	2
188	759	34	663	30	209	230	0.128	0	0.0747253	2
189	361	210	350	209	210	212	0.0137143	0	0.461538	2
190	371	203	370	203	210	211	0.00114286	0	0.446154	2
191	77	188	74	186	210	211	0.008	0	0.413187	2
192	306	146	305	144	210	211	0.00571429	0	0.320879	2
193	261	218	271	216	210	212	0.016	0	0.479121	1
194	525	133	510	134	210	217	0.0182857	0	0.292308	2
195	360	200	355	199	210	211	0.00685714	0	0.43956	2
196	278	78	277	78	210	211	0.00114286	0	0.171429	2
197	306	169	306	168	210	211	0.00114286	0	0.371429	1
198	404	125	402	125	210	211	0.00228571	0	0.274725	2
199	503	138	411	138	210	230	0.105143	0	0.303297	2
200	363	175	354	178	211	213	0.0205714	0	0.384615	2
201	328	137	317	142	211	215	0.0411429	0	0.301099	2
202	826	153	737	152	211	230	0.102857	0	0.336264	2
203	381	217	379	218	211	213	0.00342857	0	0.476923	2
204	328	174	322	174	211	212	0.00685714	0	0.382418	2
205	345	194	342	193	211	212	0.00457143	0	0.426374	2
206	47	380	28	384	211	213	0.04	0	0.835165	2
207	359	122	353	122	211	212	0.00685714	0	0.268132	2
208	369	201	365	202	212	214	0.00571429	0	0.441758	2
209	375	142	370	143	212	213	0.00685714	0	0.312088	2
210	318	151	317	153	212	213	0.00571429	0	0.331868	2
211	66	370	46	367	212	213	0.0331429	0	0.813187	2
212	302	169	301	169	212	213	0.00114286	0	0.371429	2
213	273	82	267	84	212	213	0.0114286	0	0.18022	2
214	303	148	299	152	212	215	0.0228571	0	0.325275	2
215	511	165	506	166	212	213	0.00685714	0	0.362637	2
216	654	24	627	24	212	217	0.0308571	0	0.0527473	2
217	399	132	393	132	212	213	0.00685714	0	0.29011	2
218	293	91	286	92	212	213	0.00914286	0	0.2	2
219	344	163	341	164	212	213	0.00457143	0	0.358242	2
220	404	185	398	185	212	213	0.00685714	0	0.406593	2
221	396	209	390	212	212	213	0.0171429	0	0.459341	2
222	66	159	49	160	213	217	0.0205714	0	0.349451	2
223	351	213	332	212	213	218	0.0228571	0	0.468132	2
224	408	132	408	130	213	214	0.00457143	0	0.29011	1
225	62	374	42	371	213	214	0.0331429	0	0.821978	2
226	523	178	524	179	213	218	0.00228571	0	0.391209	1
227	291	210	287	210	213	214	0.00457143	0	0.461538	2
228	390	222	385	222	213	214	0.00571429	0	0.487912	2
229	353	131	347	130	213	214	0.008	0	0.287912	2
230	774	155	712	153	213	227	0.0754286	0	0.340659	2
231	307	184	310	182	213	215	0.008	0	0.404396	1
232	378	180	371	181	213	214	0.00914286	0	0.395604	2
233	302	204	306	200	214	217	0.0228571	0	0.448352	1
234	299	192	308	193	214	221	0.0114286	0	0.421978	1
235	353	178	349	178	214	215	0.00457143	0	0.391209	2
236	390	131	375	131	214	217	0.0171429	0	0.287912	2
237	311	173	312	172	214	215	0.00228571	0	0.38022	1
238	347	120	342	119	214	215	0.00685714	0	0.263736	2
239	284	210	285	208	215	218	0.00571429	0	0.461538	1
240	294	201	294	199	215	216	0.00457143	0	0.441758	1
241	336	172	333	172	215	216	0.00342857	0	0.378022	2
242	376	221	371	221	215	216	0.00571429	0	0.485714	2
243	512	169	512	168	215	218	0.00114286	0	0.371429	1
244	275	98	269	97	215	216	0.008	0	0.215385	2
245	323	183	321	184	215	216	0.00342857	0	0.402198	2
246	59	180	48	176	215	218	0.0308571	0	0.395604	2
247	510	148	506	149	215	221	0.00571429	0	0.325275	2
248	407	131	405	131	215	216	0.00228571	0	0.287912	2
249	334	155	329	154	215	216	0.00685714	0	0.340659	2
250	51	190	25	191	215	221	0.0308571	0	0.417582	2
251	574	25	507	25	215	230	0.0765714	0	0.0549451	2
252	308	168	308	167	216	217	0.00114286	0	0.369231	1
253	338	115	333	114	216	217	0.00685714	0	0.252747	2
254	754	102	745	101	216	218	0.0114286	0	0.224176	2
255	302	149	301	151	216	218	0.00571429	0	0.327473	2
256	361	116	361	117	216	218	0.00114286	0	0.254945	1
257	358	100	357	99	216	217	0.00228571	0	0.21978	2
258	356	209	349	209	217	218	0.008	0	0.459341	2
259	726	150	685	149	217	227	0.048	0	0.32967	2
260	379	178	367	177	217	220	0.0148571	0	0.391209	2
261	824	298	769	296	217	230	0.0674286	0	0.654945	2
262	826	155	770	153	217	230	0.0685714	0	0.340659	2
263	258	90	248	87	217	218	0.0217143	0	0.197802	2
264	336	53	327	53	217	219	0.0102857	0	0.116484	2
265	327	156	323	157	217	219	0.00571429	0	0.342857	2
266	354	185	343	187	217	219	0.0171429	0	0.406593	2
267	374	150	371	149	217	218	0.00457143	0	0.32967	2
268	314	181	314	180	217	218	0.00114286	0	0.397802	1
269	335	140	334	140	217	218	0.00114286	0	0.307692	2
270	497	166	499	169	217	224	0.0125714	0	0.364835	1
271	307	201	309	203	218	220	0.00685714	0	0.441758	1
272	509	134	508	136	218	222	0.00571429	0	0.294505	2
273	331	113	328	112	218	219	0.00457143	0	0.248352	2
274	329	167	326	168	218	219	0.00457143	0	0.367033	2
275	47	161	42	161	218	220	0.00571429	0	0.353846	2
276	330	129	327	128	218	219	0.00457143	0	0.283516	2
277	364	171	360	170	218	219	0.00571429	0	0.375824	2
278	350	144	347	143	218	219	0.00457143	0	0.316484	2
279	360	93	360	93	218	219	0	0	0.204396	1
280	311	169	313	169	218	219	0.00228571	0	0.371429	1
281	58	171	53	169	218	220	0.0102857	0	0.375824	2
282	291	211	297	212	219	220	0.008	0	0.463736	1
283	742	100	734	99	219	222	0.0102857	0	0.21978	2
284	345	214	339	218	219	220	0.0251429	0	0.47033	2
285	372	115	369	116	219	222	0.00457143	0	0.252747	2
286	621	24	616	24	219	221	0.00571429	0	0.0527473	2
287	359	221	355	221	219	220	0.00457143	0	0.485714	2
288	372	139	369	139	219	220	0.00342857	0	0.305495	2
289	367	150	364	149	219	220	0.00457143	0	0.32967	2
290	362	132	358	132	219	220	0.00457143	0	0.29011	2
291	524	183	515	183	219	222	0.0102857	0	0.402198	2
292	514	170	512	170	219	222	0.00228571	0	0.373626	2
293	372	128	371	128	219	221	0.00114286	0	0.281319	2
294	335	138	334	138	219	220	0.00114286	0	0.303297	2
295	362	112	362	112	219	220	0	0	0.246154	1
296	319	142	315	145	219	223	0.0148571	0	0.312088	2
297	325	113	323	112	220	221	0.00342857	0	0.248352	2
298	325	127	321	125	220	222	0.00914286	0	0.279121	2
299	364	159	361	159	220	221	0.00342857	0	0.349451	2
300	390	136	383	135	220	222	0.00914286	0	0.298901	2
301	310	106	307	105	220	221	0.00457143	0	0.232967	2
302	343	236	327	236	220	224	0.0182857	0	0.518681	2
303	315	152	316	152	220	221	0.00114286	0	0.334066	1
304	357	172	354	172	220	221	0.00342857	0	0.378022	2
305	324	52	321	51	220	221	0.00457143	0	0.114286	2
306	278	49	260	50	220	222	0.0217143	0	0.107692	2
307	43	174	40	173	221	222	0.00457143	0	0.382418	2
308	53	169	46	167	221	223	0.0125714	0	0.371429	2
309	339	138	337	137	221	222	0.00342857	0	0.303297	2
310	356	133	348	132	221	223	0.0102857	0	0.292308	2
311	365	178	359	177	221	223	0.008	0	0.391209	2
312	43	161	38	160	221	223	0.00685714	0	0.353846	2
313	367	140	366	139	221	222	0.00228571	0	0.307692	2
314	338	225	334	226	221	222	0.00571429	0	0.494505	2
315	298	54	288	53	221	223	0.0125714	0	0.118681	2
316	298	127	284	130	221	225	0.0262857	0	0.279121	2
317	370	128	367	127	222	223	0.00457143	0	0.281319	2
318	325	174	324	172	222	223	0.00571429	0	0.382418	2
319	294	196	291	196	222	223	0.00342857	0	0.430769	2
320	506	147	501	146	222	224	0.00685714	0	0.323077	2
321	318	53	280	54	222	230	0.0445714	0	0.116484	2
322	362	187	360	186	222	223	0.00342857	0	0.410989	2
323	63	50	42	50	222	226	0.024	0	0.10989	2
324	307	158	307	158	222	223	0	0	0.347253	1
325	732	99	728	98	223	224	0.00571429	0	0.217582	2
326	505	136	495	138	223	229	0.016	0	0.298901	2
327	335	137	331	136	223	224	0.00571429	0	0.301099	2
328	347	202	344	202	223	225	0.00342857	0	0.443956	2
329	318	124	313	122	223	224	0.0102857	0	0.272527	2
330	335	177	334	176	223	224	0.00228571	0	0.389011	2
331	286	157	281	159	223	224	0.0102857	0	0.345055	2
332	250	51	219	52	223	226	0.0365714	0	0.112088	2
333	389	135	384	135	223	224	0.00571429	0	0.296703	2
334	349	172	345	172	223	224	0.00457143	0	0.378022	2
335	366	117	362	118	223	224	0.00571429	0	0.257143	2
336	300	104	285	108	223	226	0.0354286	0	0.228571	2
337	337	264	306	265	223	230	0.0365714	0	0.58022	2
338	355	178	352	178	224	225	0.00342857	0	0.391209	2
339	43	167	39	166	224	225	0.00571429	0	0.367033	2
340	315	216	305	215	224	225	0.0125714	0	0.474725	2
341	188	92	178	90	224	225	0.016	0	0.202198	2
342	511	155	502	159	224	230	0.0285714	0	0.340659	2
343	308	235	297	240	224	225	0.0411429	0	0.516484	2
344	470	140	443	141	224	230	0.032	0	0.307692	2
345	312	147	308	147	224	225	0.00457143	0	0.323077	2
346	593	24	588	24	224	225	0.00571429	0	0.0527473	2
347	512	137	504	139	224	229	0.0137143	0	0.301099	2
348	725	98	722	97	225	226	0.00457143	0	0.215385	2
349	319	206	320	206	225	226	0.00114286	0	0.452747	1
350	325	171	326	170	225	228	0.00228571	0	0.375824	1
351	311	122	307	122	225	226	0.00457143	0	0.268132	2
352	827	155	804	155	225	230	0.0262857	0	0.340659	2
353	357	119	354	120	225	226	0.00457143	0	0.261538	2
354	329	155	326	154	225	226	0.00457143	0	0.340659	2
355	381	135	377	134	225	226	0.00571429	0	0.296703	2
356	366	95	366	95	225	226	0	0	0.208791	1
357	499	145	497	146	225	227	0.00342857	0	0.318681	2
358	336	142	333	141	225	226	0.00457143	0	0.312088	2
359	499	170	499	170	225	226	0	0	0.373626	1
360	209	41	204	39	225	226	0.0102857	0	0.0901099	2
361	730	153	707	153	225	230	0.0262857	0	0.336264	2
362	326	137	322	137	225	226	0.00457143	0	0.301099	2
363	738	33	715	32	225	230	0.0274286	0	0.0725275	2
364	307	135	303	135	226	227	0.00457143	0	0.296703	2
365	349	179	345	180	226	227	0.00571429	0	0.393407	2
366	362	131	359	130	226	227	0.00457143	0	0.287912	2
367	364	144	356	143	226	228	0.0102857	0	0.316484	2
368	506	180	506	182	226	227	0.00457143	0	0.395604	1
369	596	24	578	24	226	230	0.0205714	0	0.0527473	2
370	578	26	559	27	226	230	0.0228571	0	0.0571429	2
371	311	191	312	191	226	227	0.00114286	0	0.41978	1
372	827	292	808	291	226	230	0.0228571	0	0.641758	2
373	281	154	279	155	226	227	0.00342857	0	0.338462	2
374	313	165	313	164	226	227	0.00114286	0	0.362637	1
375	720	98	714	99	227	229	0.008	0	0.215385	2
376	322	207	321	208	227	228	0.00228571	0	0.454945	2
377	306	201	306	201	227	228	0	0	0.441758	1
378	329	143	326	142	227	228	0.00457143	0	0.314286	2
379	361	222	360	224	227	230	0.00571429	0	0.487912	2
380	306	123	303	123	227	228	0.00342857	0	0.27033	2
381	272	211	267	213	227	228	0.0102857	0	0.463736	2
382	374	135	370	135	227	228	0.00457143	0	0.296703	2
383	342	214	338	213	227	228	0.00571429	0	0.47033	2
384	318	144	315	145	227	228	0.00457143	0	0.316484	2
385	500	172	500	175	227	229	0.0102857	0	0.378022	1
386	289	165	293	170	227	228	0.0331429	0	0.362637	1
387	335	178	332	177	227	230	0.00457143	0	0.391209	2
388	682	149	671	149	228	230	0.0125714	0	0.327473	2
389	382	115	380	113	228	229	0.00685714	0	0.252747	2
390	356	130	353	130	228	229	0.00342857	0	0.285714	2
391	278	157	269	159	228	230	0.0148571	0	0.345055	2
392	267	159	255	160	228	230	0.0148571	0	0.349451	2
393	366	97	365	97	228	229	0.00114286	0	0.213187	2
394	496	148	494	149	228	229	0.00342857	0	0.325275	2
395	350	210	349	210	228	229	0.00114286	0	0.461538	2
396	511	194	509	196	228	229	0.00685714	0	0.426374	2
397	281	239	276	240	228	229	0.00685714	0	0.525275	2
398	637	24	626	24	228	230	0.0125714	0	0.0527473	2
399	317	211	313	212	229	230	0.00571429	0	0.463736	2
400	324	166	322	166	229	230	0.00228571	0	0.364835	2
401	711	74	706	74	229	230	0.00571429	0	0.162637	2
402	262	58	256	58	229	230	0.00685714	0	0.127473	2
403	191	35	185	34	229	230	0.008	0	0.0769231	2
404	276	250	270	250	229	230	0.00685714	0	0.549451	2
405	326	142	321	142	229	230	0.00571429	0	0.312088	2
406	334	202	331	200	229	230	0.008	0	0.443956	2