
0	379	239	383	234	282	285	0.0430267	0	0.550691	1
1	405	208	405	207	282	283	0.00148368	0	0.479263	1
2	368	187	368	186	282	283	0.00148368	0	0.430876	1
3	290	270	291	266	282	284	0.0252226	0	0.62212	1
4	309	238	311	237	282	284	0.00445104	0	0.548387	1
5	310	188	312	184	282	284	0.0267062	0	0.43318	1
6	168	234	162	228	283	286	0.0623145	0	0.539171	2
7	492	278	493	276	283	286	0.0074184	0	0.640553	1
8	448	236	448	235	283	284	0.00148368	0	0.543779	1
9	289	249	288	248	283	284	0.00296736	0	0.573733	2
10	174	222	173	220	284	286	0.0074184	0	0.511521	2
11	287	285	288	285	284	285	0.00148368	0	0.656682	1
12	334	230	336	231	284	287	0.00445104	0	0.529954	1
13	410	226	411	225	284	285	0.00296736	0	0.520737	1
14	416	248	419	245	284	286	0.0178042	0	0.571429	1
15	402	280	406	283	285	289	0.0192878	0	0.645161	1
16	361	266	361	265	285	287	0.00148368	0	0.612903	1
17	264	258	263	258	285	287	0.00148368	0	0.59447	2
18	412	260	417	256	285	288	0.0311573	0	0.599078	1
19	374	275	374	275	285	287	0	0	0.633641	1
20	194	267	195	267	285	288	0.00148368	0	0.615207	1
21	298	288	297	286	285	286	0.0074184	0	0.663594	2
22	380	286	380	286	285	286	0	0	0.658986	1
23	421	236	418	234	285	286	0.0103858	0	0.543779	2
24	325	201	323	200	285	286	0.00445104	0	0.463134	2
25	406	211	409	212	285	290	0.00593472	0	0.486175	1
26	321	287	331	288	285	293	0.0163205	0	0.66129	1
27	180	256	182	257	285	289	0.00445104	0	0.589862	1
28	311	186	309	181	285	287	0.0400593	0	0.428571	2
29	413	273	412	270	285	286	0.0148368	0	0.629032	2
30	357	256	358	254	285	287	0.0074184	0	0.589862	1
31	183	246	188	246	285	290	0.0074184	0	0.56682	1
32	334	252	334	252	285	286	0	0	0.580645	1
33	633	168	632	169	285	287	0.00296736	0	0.387097	2
34	539	414	577	418	285	306	0.0801187	0	0.953917	1
35	647	203	648	205	285	288	0.0074184	0	0.467742	1
36	618	135	633	131	285	291	0.0459941	0	0.31106	1
37	338	207	336	205	285	286	0.00890208	0	0.476959	2
38	291	265	286	252	285	294	0.25816	0	0.610599	2
39	196	251	209	241	285	293	0.167656	0	0.578341	1
40	376	259	376	258	286	287	0.00148368	0	0.596774	1
41	318	213	317	212	286	287	0.00296736	0	0.490783	2
42	323	237	321	237	286	287	0.00296736	0	0.546083	2
43	380	235	388	227	286	291	0.106825	0	0.541475	1
44	412	224	413	226	286	290	0.0074184	0	0.516129	1
45	355	216	353	214	286	287	0.00890208	0	0.497696	2
46	518	297	530	307	286	299	0.166172	0	0.684332	1
47	326	276	325	275	286	287	0.00296736	0	0.635945	2
48	416	205	416	206	286	289	0.00148368	0	0.47235	1
49	268	284	263	282	286	288	0.0133531	0	0.654378	2
50	411	269	410	267	287	288	0.0074184	0	0.619816	2
51	646	247	646	246	287	288	0.00148368	0	0.569124	1
52	174	219	185	220	287	292	0.0178042	0	0.504608	1
53	653	237	654	238	287	288	0.00296736	0	0.546083	1
54	163	226	170	228	287	290	0.0163205	0	0.520737	1
55	494	276	494	276	287	288	0	0	0.635945	1
56	336	256	337	257	287	288	0.00296736	0	0.589862	1
57	385	248	385	245	287	288	0.0133531	0	0.571429	1
58	484	277	485	277	287	288	0.00148368	0	0.638249	1
59	320	201	318	200	287	288	0.00445104	0	0.463134	2
60	358	204	360	204	287	288	0.00296736	0	0.470046	1
61	305	195	306	194	287	288	0.00296736	0	0.449309	1
62	497	287	498	286	288	289	0.00296736	0	0.66129	1
63	377	260	387	258	288	291	0.0207715	0	0.599078	1
64	267	259	266	259	288	289	0.00148368	0	0.596774	2
65	375	276	376	276	288	289	0.00148368	0	0.635945	1
66	337	231	338	231	288	289	0.00148368	0	0.532258	1
67	309	179	312	176	288	291	0.0178042	0	0.412442	1
68	363	256	364	256	288	289	0.00148368	0	0.589862	1
69	632	174	634	174	288	289	0.00296736	0	0.400922	1
70	351	267	353	267	288	289	0.00296736	0	0.615207	1
71	579	313	578	314	288	290	0.00296736	0	0.721198	2
72	396	150	399	148	288	291	0.0103858	0	0.345622	1
73	281	210	294	207	288	294	0.0326409	0	0.483871	1
74	657	243	668	244	289	295	0.0178042	0	0.559908	1
75	370	211	372	210	289	290	0.00445104	0	0.486175	1
76	394	294	396	294	289	290	0.00296736	0	0.677419	1
77	317	201	316	200	289	290	0.00296736	0	0.463134	2
78	647	247	659	250	289	294	0.0311573	0	0.569124	1
79	420	255	424	254	289	290	0.0074184	0	0.587558	1
80	650	207	652	208	289	290	0.00445104	0	0.476959	1
81	446	229	444	222	289	292	0.0756677	0	0.52765	2
82	480	263	492	260	289	293	0.0311573	0	0.605991	1
83	330	197	330	195	289	290	0.00593472	0	0.453917	1
84	669	258	682	258	289	295	0.0192878	0	0.59447	1
85	347	160	349	164	289	296	0.0267062	0	0.368664	1
86	263	269	264	270	289	291	0.00296736	0	0.619816	1
87	497	278	508	277	290	295	0.0178042	0	0.640553	1
88	501	288	505	289	290	291	0.0074184	0	0.663594	1
89	267	260	267	259	290	293	0.00148368	0	0.599078	1
90	263	284	263	284	290	291	0	0	0.654378	1
91	636	175	639	175	290	291	0.00445104	0	0.403226	1
92	409	285	413	285	290	291	0.00593472	0	0.656682	1
93	389	244	397	240	290	292	0.0356083	0	0.562212	1
94	552	285	554	284	290	291	0.00445104	0	0.656682	1
95	292	289	293	289	290	291	0.00148368	0	0.665899	1
96	353	271	358	273	290	292	0.0133531	0	0.624424	1
97	559	307	562	307	290	291	0.00445104	0	0.707373	1
98	376	275	416	269	290	304	0.11276	0	0.633641	1
99	431	242	435	242	290	291	0.00593472	0	0.557604	1
100	80	275	164	294	290	320	0.660237	0	0.633641	1
101	385	162	387	160	290	292	0.00890208	0	0.373272	1
102	421	253	428	254	291	293	0.0118694	0	0.582949	1
103	317	201	316	200	291	292	0.00296736	0	0.463134	2
104	206	213	213	209	291	294	0.0341246	0	0.490783	1
105	176	231	183	233	291	292	0.0163205	0	0.532258	1
106	417	211	419	210	291	292	0.00445104	0	0.486175	1
107	651	206	654	206	291	293	0.00445104	0	0.474654	1
108	407	184	406	183	291	292	0.00296736	0	0.423963	2
109	327	209	330	207	291	292	0.0103858	0	0.481567	1
110	409	163	411	161	291	293	0.00890208	0	0.375576	1
111	423	269	432	272	292	294	0.0267062	0	0.619816	1
112	393	256	401	251	292	294	0.0489614	0	0.589862	1
113	317	176	320	174	292	293	0.0103858	0	0.40553	1
114	509	289	513	288	292	297	0.0074184	0	0.665899	1
115	370	261	372	259	292	293	0.00890208	0	0.601382	1
116	575	315	572	315	292	293	0.00445104	0	0.725806	2
117	405	296	408	296	292	293	0.00445104	0	0.682028	1
118	476	260	477	261	292	293	0.00296736	0	0.599078	1
119	558	277	560	282	292	296	0.0400593	0	0.638249	1
120	644	176	646	176	292	293	0.00296736	0	0.40553	1
121	361	226	369	227	292	294	0.0133531	0	0.520737	1
122	396	223	398	222	292	293	0.00445104	0	0.513825	1
123	348	281	350	281	292	293	0.00296736	0	0.647465	1
124	582	304	582	303	292	293	0.00148368	0	0.700461	1
125	311	238	309	237	292	293	0.00445104	0	0.548387	2
126	540	234	541	233	292	295	0.00296736	0	0.539171	1
127	401	149	400	151	292	299	0.0074184	0	0.343318	2
128	359	251	362	251	292	293	0.00445104	0	0.578341	1
129	207	225	211	218	292	294	0.078635	0	0.518433	1
130	561	228	564	227	292	294	0.00593472	0	0.525346	1
131	403	239	407	237	293	294	0.0118694	0	0.550691	1
132	316	199	311	198	293	295	0.00890208	0	0.458525	2
133	361	274	363	274	293	294	0.00296736	0	0.631336	1
134	422	209	419	202	293	297	0.0771513	0	0.481567	2
135	268	299	278	300	293	299	0.0163205	0	0.68894	1
136	405	181	402	182	293	296	0.00593472	0	0.417051	2
137	268	248	273	229	293	314	0.543027	0	0.571429	1
138	535	348	587	348	293	305	0.0771513	0	0.801843	1
139	438	258	440	259	294	295	0.00445104	0	0.59447	1
140	264	264	261	265	294	295	0.00593472	0	0.608295	2
141	338	287	343	287	294	295	0.0074184	0	0.66129	1
142	354	190	353	190	294	295	0.00148368	0	0.437788	2
143	399	225	409	225	294	297	0.0148368	0	0.518433	1
144	569	316	566	315	294	295	0.00593472	0	0.728111	2
145	306	229	303	229	294	295	0.00445104	0	0.52765	2
146	376	258	378	256	294	295	0.00890208	0	0.59447	1
147	583	300	583	299	294	295	0.00148368	0	0.691244	1
148	414	296	420	299	294	295	0.0222552	0	0.682028	1
149	495	258	515	257	294	308	0.0311573	0	0.59447	1
150	319	186	320	185	294	295	0.00296736	0	0.428571	1
151	656	206	653	203	294	296	0.0178042	0	0.474654	2
152	266	287	265	287	294	296	0.00148368	0	0.66129	2
153	435	244	437	245	294	295	0.00445104	0	0.562212	1
154	348	259	348	258	294	295	0.00148368	0	0.596774	1
155	547	205	557	197	294	313	0.109792	0	0.47235	1
156	543	414	558	414	294	302	0.0222552	0	0.953917	1
157	432	299	433	299	294	295	0.00148368	0	0.68894	1
158	335	207	334	205	294	295	0.0074184	0	0.476959	2
159	415	218	415	215	294	295	0.0133531	0	0.502304	1
160	295	273	293	271	295	296	0.00890208	0	0.629032	2
161	404	251	417	256	295	300	0.0563798	0	0.578341	1
162	800	364	802	365	295	297	0.00445104	0	0.83871	1
163	434	272	436	274	295	296	0.00890208	0	0.626728	1
164	432	289	433	290	295	296	0.00296736	0	0.665899	1
165	392	248	393	249	295	296	0.00296736	0	0.571429	1
166	299	245	294	245	295	296	0.0074184	0	0.564516	2
167	398	235	399	236	295	296	0.00296736	0	0.541475	1
168	443	229	441	227	295	296	0.00890208	0	0.52765	2
169	589	327	589	327	295	296	0	0	0.753456	1
170	648	221	645	219	295	296	0.0103858	0	0.509217	2
171	443	300	447	300	295	298	0.00593472	0	0.691244	1
172	551	358	693	358	295	319	0.210682	0	0.824885	1
173	282	250	292	234	295	315	0.394659	0	0.576037	1
174	417	234	421	231	296	297	0.0192878	0	0.539171	1
175	666	243	663	242	296	297	0.00593472	0	0.559908	2
176	564	315	564	317	296	299	0.00593472	0	0.725806	1
177	794	355	812	355	296	302	0.0267062	0	0.817972	1
178	349	256	351	254	296	297	0.00890208	0	0.589862	1
179	442	261	449	262	296	298	0.0118694	0	0.601382	1
180	308	199	305	199	296	297	0.00445104	0	0.458525	2
181	412	174	413	173	296	297	0.00296736	0	0.400922	1
182	375	240	386	239	296	299	0.0178042	0	0.552995	1
183	571	301	570	301	296	297	0.00148368	0	0.693548	2
184	414	214	414	211	296	297	0.0133531	0	0.493088	1
185	332	206	331	205	296	297	0.00296736	0	0.474654	2
186	541	235	541	234	296	297	0.00148368	0	0.541475	1
187	364	216	364	215	296	297	0.00148368	0	0.497696	1
188	660	228	658	226	296	297	0.00890208	0	0.525346	2
189	293	270	292	265	297	299	0.0385757	0	0.62212	2
190	267	289	271	289	297	299	0.00593472	0	0.665899	1
191	435	292	438	293	297	298	0.00593472	0	0.672811	1
192	651	202	648	196	297	302	0.0578635	0	0.465438	2
193	404	185	404	185	297	298	0	0	0.426267	1
194	403	235	410	235	297	299	0.0103858	0	0.541475	1
195	368	277	373	275	297	298	0.0133531	0	0.638249	1
196	435	306	437	306	297	298	0.00296736	0	0.705069	1
197	503	293	506	292	297	299	0.00593472	0	0.675115	1
198	293	247	301	247	297	301	0.0118694	0	0.569124	1
199	654	177	662	175	297	299	0.0178042	0	0.407834	1
200	666	178	679	178	297	299	0.0192878	0	0.410138	1
201	575	333	579	338	297	300	0.0430267	0	0.767281	1
202	592	328	594	327	297	298	0.00445104	0	0.75576	1
203	177	272	246	291	297	320	0.637982	0	0.626728	1
204	656	131	685	132	297	305	0.0445104	0	0.301843	1
205	56	280	125	297	297	320	0.531157	0	0.645161	1
206	514	289	514	288	298	299	0.00148368	0	0.665899	1
207	805	366	807	367	298	299	0.00445104	0	0.843318	1
208	661	241	657	240	298	299	0.0074184	0	0.5553	2
209	360	281	363	280	298	299	0.00593472	0	0.647465	1
210	809	376	811	377	298	299	0.00445104	0	0.866359	1
211	413	225	416	224	298	299	0.00593472	0	0.518433	1
212	315	218	314	219	298	299	0.00296736	0	0.502304	2
213	301	195	297	200	298	301	0.0430267	0	0.449309	2
214	562	228	562	227	298	299	0.00148368	0	0.525346	1
215	659	224	658	223	298	299	0.00296736	0	0.516129	2
216	336	160	337	153	298	302	0.074184	0	0.368664	1
217	353	205	352	204	298	300	0.00296736	0	0.47235	2
218	815	386	824	388	298	302	0.0192878	0	0.889401	1
219	541	232	542	232	298	299	0.00148368	0	0.534562	1
220	314	184	315	183	298	299	0.00296736	0	0.423963	1
221	528	413	551	407	299	303	0.0875371	0	0.951613	1
222	351	193	351	192	299	300	0.00148368	0	0.4447	1
223	454	263	462	264	299	301	0.0133531	0	0.605991	1
224	258	259	258	257	299	300	0.00593472	0	0.596774	1
225	555	394	559	394	299	300	0.00593472	0	0.907834	1
226	439	308	444	308	299	301	0.0074184	0	0.709677	1
227	206	242	209	238	299	300	0.0281899	0	0.557604	1
228	546	403	551	402	300	301	0.00890208	0	0.928571	1
229	812	368	815	367	300	301	0.00593472	0	0.847926	1
230	756	376	773	377	300	308	0.0267062	0	0.866359	1
231	517	287	519	286	300	301	0.00445104	0	0.66129	1
232	370	228	370	228	300	301	0	0	0.525346	1
233	464	279	471	277	300	301	0.0163205	0	0.642857	1
234	559	283	558	282	300	301	0.00296736	0	0.652074	2
235	452	249	452	251	300	301	0.00593472	0	0.573733	1
236	568	368	587	365	300	304	0.041543	0	0.847926	1
237	441	238	435	236	300	304	0.0148368	0	0.548387	2
238	298	234	298	234	300	301	0	0	0.539171	1
239	330	212	330	211	300	301	0.00148368	0	0.488479	1
240	529	309	533	310	300	303	0.0074184	0	0.711982	1
241	388	297	398	298	300	304	0.0163205	0	0.684332	1
242	402	150	407	145	300	314	0.0445104	0	0.345622	1
243	513	277	516	277	300	302	0.00445104	0	0.638249	1
244	315	221	314	222	300	302	0.00296736	0	0.509217	2
245	302	218	302	219	300	301	0.00148368	0	0.502304	1
246	685	179	699	180	300	305	0.0222552	0	0.412442	1
247	280	299	281	296	300	301	0.0148368	0	0.68894	1
248	407	186	408	185	300	301	0.00296736	0	0.428571	1
249	24	284	86	301	300	320	0.520772	0	0.654378	1
250	711	362	752	373	300	314	0.240356	0	0.834101	1
251	502	266	506	266	300	304	0.00593472	0	0.612903	1
252	434	250	434	250	300	301	0	0	0.576037	1
253	388	243	406	245	300	305	0.0326409	0	0.559908	1
254	382	281	389	284	300	302	0.0237389	0	0.647465	1
255	221	246	232	244	300	305	0.0222552	0	0.56682	1
256	397	232	398	231	301	302	0.00296736	0	0.534562	1
257	569	323	569	323	301	302	0	0	0.74424	1
258	353	200	352	199	301	303	0.00296736	0	0.460829	2
259	228	204	252	189	301	311	0.369436	0	0.470046	1
260	419	222	417	220	301	302	0.00890208	0	0.511521	2
261	452	294	456	293	301	302	0.0074184	0	0.677419	1
262	531	421	535	418	301	302	0.0192878	0	0.970046	1
263	410	197	409	195	301	302	0.0074184	0	0.453917	2
264	350	158	351	155	301	303	0.0148368	0	0.364055	1
265	370	230	366	231	302	304	0.0074184	0	0.529954	2
266	479	276	491	273	302	305	0.0311573	0	0.635945	1
267	523	288	526	291	302	304	0.0178042	0	0.663594	1
268	822	374	825	373	302	303	0.00593472	0	0.861751	1
269	469	265	477	264	302	304	0.0133531	0	0.610599	1
270	367	219	365	219	302	303	0.00296736	0	0.504608	2
271	296	202	295	205	302	304	0.0148368	0	0.465438	2
272	336	166	335	165	302	303	0.00296736	0	0.382488	2
273	557	282	555	281	302	303	0.00445104	0	0.64977	2
274	447	308	450	308	302	303	0.00445104	0	0.709677	1
275	415	260	416	258	302	303	0.0074184	0	0.599078	1
276	380	227	381	228	302	303	0.00296736	0	0.523041	1
277	822	364	826	363	302	303	0.0074184	0	0.83871	1
278	590	317	584	317	302	303	0.00890208	0	0.730415	2
279	675	250	676	248	302	303	0.0074184	0	0.576037	1
280	298	235	299	236	302	303	0.00296736	0	0.541475	1
281	333	181	334	180	302	303	0.00296736	0	0.417051	1
282	411	185	409	183	302	304	0.00890208	0	0.426267	2
283	229	216	231	215	302	303	0.00445104	0	0.497696	1
284	415	219	414	218	303	304	0.00296736	0	0.504608	2
285	816	356	826	354	303	305	0.0207715	0	0.820276	1
286	463	294	468	294	303	304	0.0074184	0	0.677419	1
287	664	234	663	232	303	304	0.0074184	0	0.539171	2
288	646	195	644	193	303	305	0.00890208	0	0.449309	2
289	210	203	211	199	303	304	0.0252226	0	0.467742	1
290	543	418	551	417	303	304	0.0133531	0	0.963134	1
291	653	218	652	217	303	304	0.00296736	0	0.502304	2
292	804	373	818	368	303	306	0.0578635	0	0.859447	1
293	375	210	373	211	303	304	0.00445104	0	0.483871	2
294	803	341	825	336	303	309	0.0697329	0	0.785714	1
295	558	230	559	228	303	304	0.0074184	0	0.529954	1
296	339	152	343	150	303	310	0.0118694	0	0.35023	1
297	423	273	430	268	303	306	0.0474777	0	0.629032	1
298	337	165	340	164	304	306	0.00593472	0	0.380184	1
299	453	307	458	307	304	305	0.0074184	0	0.707373	1
300	554	280	539	280	304	310	0.0222552	0	0.645161	2
301	352	201	352	200	304	305	0.00148368	0	0.463134	1
302	676	247	674	244	304	305	0.0163205	0	0.569124	2
303	404	284	409	284	304	305	0.0074184	0	0.654378	1
304	351	166	352	166	304	305	0.00148368	0	0.382488	1
305	438	251	438	251	304	305	0	0	0.578341	1
306	439	214	443	214	304	305	0.00593472	0	0.493088	1
307	457	296	460	295	304	305	0.00593472	0	0.682028	1
308	261	288	261	289	304	305	0.00148368	0	0.663594	1
309	365	230	363	230	305	306	0.00296736	0	0.529954	2
310	585	402	601	397	305	307	0.0608309	0	0.926267	1
311	474	296	494	304	305	312	0.124629	0	0.682028	1
312	400	299	402	299	305	306	0.00296736	0	0.68894	1
313	418	269	419	267	305	306	0.0074184	0	0.619816	1
314	214	196	221	195	305	309	0.0118694	0	0.451613	1
315	412	217	410	212	305	307	0.0400593	0	0.5	2
316	314	242	316	241	305	306	0.00445104	0	0.557604	1
317	481	264	488	263	305	307	0.0118694	0	0.608295	1
318	297	206	297	206	305	306	0	0	0.474654	1
319	304	236	303	236	305	306	0.00148368	0	0.543779	2
320	372	213	370	213	305	306	0.00296736	0	0.490783	2
321	383	234	383	234	305	307	0	0	0.539171	1
322	407	181	404	179	305	306	0.0103858	0	0.417051	2
323	663	231	659	230	305	306	0.0074184	0	0.532258	2
324	574	325	571	324	305	306	0.00593472	0	0.748848	2
325	363	187	362	186	305	306	0.00296736	0	0.430876	2
326	650	241	659	241	305	311	0.0133531	0	0.5553	1
327	402	226	397	218	305	309	0.102374	0	0.520737	2
328	562	227	562	226	305	306	0.00148368	0	0.523041	1
329	546	233	545	230	305	306	0.0148368	0	0.536866	2
330	592	366	643	367	305	313	0.0771513	0	0.843318	1
331	556	304	551	303	305	307	0.00890208	0	0.700461	2
332	338	181	338	179	305	306	0.00593472	0	0.417051	1
333	497	272	503	272	306	309	0.00890208	0	0.626728	1
334	351	198	348	195	306	307	0.0178042	0	0.456221	2
335	415	283	418	283	306	307	0.00445104	0	0.652074	1
336	439	213	442	212	306	307	0.00593472	0	0.490783	1
337	399	265	402	265	306	307	0.00445104	0	0.610599	1
338	331	190	328	188	306	308	0.0103858	0	0.437788	2
339	530	293	531	290	306	307	0.0148368	0	0.675115	1
340	594	347	604	344	306	308	0.0281899	0	0.799539	1
341	464	309	469	311	306	309	0.0133531	0	0.711982	1
342	645	193	641	190	306	308	0.0192878	0	0.4447	2
343	699	181	701	178	306	308	0.0163205	0	0.417051	1
344	263	290	269	286	306	310	0.0326409	0	0.668203	1
345	412	299	417	303	306	307	0.0311573	0	0.68894	1
346	681	375	727	397	306	320	0.78635	0	0.864055	1
347	562	248	563	246	306	307	0.0074184	0	0.571429	1
348	544	290	541	289	306	307	0.00593472	0	0.668203	2
349	492	251	499	250	306	309	0.0118694	0	0.578341	1
350	373	226	372	226	306	307	0.00148368	0	0.520737	2
351	350	251	351	250	306	307	0.00296736	0	0.578341	1
352	301	255	297	256	306	307	0.0074184	0	0.587558	2
353	374	249	375	248	306	307	0.00296736	0	0.573733	1
354	354	168	353	168	306	308	0.00148368	0	0.387097	2
355	588	406	596	406	307	308	0.0118694	0	0.935484	1
356	361	232	359	236	307	310	0.0267062	0	0.534562	2
357	315	228	314	226	307	308	0.0074184	0	0.525346	2
358	404	300	405	299	307	308	0.00296736	0	0.691244	1
359	466	297	467	297	307	308	0.00148368	0	0.684332	1
360	317	241	316	240	307	308	0.00296736	0	0.5553	2
361	340	165	339	165	307	309	0.00148368	0	0.380184	2
362	432	205	434	204	307	308	0.00445104	0	0.47235	1
363	302	237	298	240	307	309	0.0192878	0	0.546083	2
364	570	415	574	412	307	309	0.0192878	0	0.956221	1
365	566	324	549	324	307	309	0.0252226	0	0.746544	2
366	434	235	432	235	307	308	0.00296736	0	0.541475	2
367	695	148	695	146	307	308	0.00593472	0	0.341014	1
368	822	365	825	363	307	308	0.0103858	0	0.841014	1
369	549	240	547	240	307	309	0.00296736	0	0.552995	2
370	392	265	393	260	307	309	0.0385757	0	0.610599	1
371	762	376	776	379	307	312	0.0341246	0	0.866359	1
372	691	129	692	127	307	308	0.0074184	0	0.297235	1
373	561	256	562	254	307	308	0.0074184	0	0.589862	1
374	346	196	342	194	308	309	0.0118694	0	0.451613	2
375	444	256	443	254	308	309	0.0074184	0	0.589862	2
376	410	211	408	208	308	309	0.0163205	0	0.486175	2
377	608	395	652	404	308	314	0.18546	0	0.910138	1
378	492	260	500	260	308	311	0.0118694	0	0.599078	1
379	446	212	494	234	308	316	0.789318	0	0.488479	1
380	422	287	427	292	308	310	0.0445104	0	0.66129	1
381	582	418	583	417	308	309	0.00296736	0	0.963134	1
382	397	253	396	250	308	309	0.0148368	0	0.582949	2
383	382	234	376	236	308	310	0.0148368	0	0.539171	2
384	398	175	395	173	308	309	0.0103858	0	0.403226	2
385	697	163	694	161	308	309	0.0103858	0	0.375576	2
386	460	262	459	261	308	309	0.00296736	0	0.603687	2
387	420	199	419	197	308	310	0.0074184	0	0.458525	2
388	694	374	738	395	308	320	0.719585	0	0.861751	1
389	774	378	804	395	309	316	0.473294	0	0.870968	1
390	315	241	314	241	309	310	0.00148368	0	0.5553	2
391	468	298	471	298	309	310	0.00445104	0	0.686636	1
392	604	407	654	428	309	316	0.728487	0	0.937788	1
393	606	182	622	187	309	313	0.0608309	0	0.419355	1
394	407	297	409	297	309	310	0.00296736	0	0.684332	1
395	324	193	321	191	309	310	0.0103858	0	0.4447	2
396	423	247	426	248	309	310	0.00593472	0	0.569124	1
397	431	235	432	233	309	311	0.0074184	0	0.541475	1
398	696	147	697	146	309	310	0.00296736	0	0.33871	1
399	295	261	306	263	309	312	0.0222552	0	0.601382	1
400	517	258	540	267	309	314	0.154303	0	0.59447	1
401	637	190	635	188	309	310	0.00890208	0	0.437788	2
402	693	125	708	130	309	314	0.0593472	0	0.288018	1
403	609	344	687	356	309	320	0.329377	0	0.792627	1
404	405	177	406	175	309	311	0.0074184	0	0.407834	1
405	293	210	292	210	309	310	0.00148368	0	0.483871	2
406	320	181	323	182	309	311	0.00593472	0	0.417051	1
407	259	266	262	263	309	311	0.0178042	0	0.612903	1
408	565	253	567	250	309	310	0.0163205	0	0.582949	1
409	404	188	403	186	309	310	0.0074184	0	0.43318	2
410	464	197	496	214	309	315	0.476261	0	0.453917	1
411	506	271	511	270	310	311	0.00890208	0	0.624424	1
412	340	192	339	192	310	311	0.00148368	0	0.442396	2
413	584	417	617	418	310	314	0.0504451	0	0.960829	1
414	307	224	308	225	310	311	0.00296736	0	0.516129	1
415	330	240	331	238	310	311	0.0074184	0	0.552995	1
416	298	242	304	247	310	312	0.0459941	0	0.557604	1
417	394	173	402	178	310	313	0.0489614	0	0.398618	1
418	471	316	490	326	310	314	0.176558	0	0.728111	1
419	340	165	351	169	310	313	0.0400593	0	0.380184	1
420	532	270	535	271	310	311	0.00593472	0	0.62212	1
421	645	212	644	210	310	311	0.0074184	0	0.488479	2
422	398	216	404	221	310	314	0.0459941	0	0.497696	1
423	505	253	508	253	310	311	0.00445104	0	0.582949	1
424	399	197	404	197	310	312	0.0074184	0	0.453917	1
425	550	241	553	241	310	311	0.00445104	0	0.5553	1
426	456	189	505	214	310	320	1	0	0.435484	1
427	315	243	316	246	311	312	0.0148368	0	0.559908	1
428	535	323	533	324	311	312	0.00445104	0	0.74424	2
429	463	250	472	253	311	312	0.0267062	0	0.576037	1
430	294	211	302	226	311	318	0.345697	0	0.486175	1
431	323	193	323	195	311	312	0.00593472	0	0.4447	1
432	399	246	401	246	311	312	0.00296736	0	0.56682	1
433	435	208	436	209	311	312	0.00296736	0	0.479263	1
434	553	326	555	329	311	312	0.0163205	0	0.751152	1
435	637	187	637	186	311	312	0.00148368	0	0.430876	1
436	469	239	506	263	311	317	0.909496	0	0.550691	1
437	453	251	457	253	311	312	0.0118694	0	0.578341	1
438	419	275	423	278	311	312	0.0192878	0	0.633641	1
439	498	244	509	249	311	314	0.0534125	0	0.562212	1
440	568	344	574	346	311	313	0.0148368	0	0.792627	1
441	517	272	527	276	312	314	0.0385757	0	0.626728	1
442	339	195	340	198	312	313	0.0148368	0	0.449309	1
443	425	237	427	237	312	313	0.00296736	0	0.546083	1
444	536	282	536	285	312	313	0.0133531	0	0.64977	1
445	638	237	638	240	312	313	0.0133531	0	0.546083	1
446	650	226	649	227	312	313	0.00296736	0	0.520737	2
447	378	208	383	210	312	313	0.0133531	0	0.479263	1
448	310	228	315	234	312	314	0.0608309	0	0.525346	1
449	258	186	263	186	312	313	0.0074184	0	0.428571	1
450	531	292	531	295	312	313	0.0133531	0	0.672811	1
451	411	208	412	209	312	313	0.00296736	0	0.479263	1
452	552	233	566	241	312	315	0.115727	0	0.536866	1
453	645	212	645	213	312	313	0.00148368	0	0.488479	1
454	635	207	637	208	312	313	0.00445104	0	0.476959	1
455	435	257	447	266	312	314	0.137982	0	0.592166	1
456	545	319	544	322	312	313	0.0148368	0	0.735023	2
457	463	257	467	260	313	314	0.0192878	0	0.592166	1
458	481	257	488	261	313	314	0.0341246	0	0.592166	1
459	439	210	443	220	313	317	0.154303	0	0.483871	1
460	367	243	363	245	313	314	0.0118694	0	0.559908	2
461	532	352	534	364	313	315	0.216617	0	0.81106	1
462	511	267	515	269	313	314	0.0118694	0	0.615207	1
463	428	280	445	296	313	316	0.405045	0	0.645161	1
464	534	330	534	336	313	314	0.0534125	0	0.760369	1
465	296	237	298	241	313	314	0.0267062	0	0.546083	1
466	556	333	554	337	313	314	0.0267062	0	0.767281	2
467	639	189	640	191	313	314	0.0074184	0	0.435484	1
468	27	299	53	311	313	320	0.252226	0	0.68894	1
469	348	185	350	187	313	314	0.00890208	0	0.426267	1
470	249	227	253	228	313	314	0.0074184	0	0.523041	1
471	782	383	807	398	313	320	0.37092	0	0.882488	1
472	403	247	404	252	313	314	0.0385757	0	0.569124	1
473	324	200	326	205	313	314	0.0400593	0	0.460829	1
474	641	246	654	253	314	318	0.0919881	0	0.56682	1
475	570	321	584	328	314	319	0.0934718	0	0.739631	1
476	388	215	391	218	314	315	0.0178042	0	0.495392	1
477	157	24	179	34	314	320	0.181009	0	0.0552995	1
478	365	171	366	174	314	315	0.0148368	0	0.394009	1
479	136	27	158	36	314	320	0.152819	0	0.062212	1
480	355	172	362	177	314	318	0.0474777	0	0.396313	1
481	450	322	455	325	314	315	0.0207715	0	0.741935	1
482	519	255	533	259	314	319	0.0445104	0	0.587558	1
483	263	172	269	179	314	316	0.0816024	0	0.396313	1
484	440	243	441	246	314	315	0.0148368	0	0.559908	1
485	298	246	298	249	315	316	0.0133531	0	0.56682	1
486	415	216	416	220	315	316	0.0252226	0	0.497696	1
487	309	260	309	263	315	316	0.0133531	0	0.599078	1
488	629	422	640	425	315	316	0.0296736	0	0.97235	1
489	560	309	564	312	315	317	0.0192878	0	0.711982	1
490	425	195	431	198	315	320	0.0222552	0	0.449309	1
491	564	203	570	203	315	320	0.00890208	0	0.467742	1
492	533	279	536	281	315	317	0.0103858	0	0.642857	1
493	495	267	513	276	315	320	0.146884	0	0.615207	1
494	573	263	574	265	315	316	0.0074184	0	0.605991	1
495	473	266	480	270	315	317	0.0341246	0	0.612903	1
496	524	362	539	370	315	320	0.117211	0	0.834101	1
497	495	330	498	333	315	316	0.0178042	0	0.760369	1
498	406	262	411	266	315	317	0.0311573	0	0.603687	1
499	360	248	358	252	315	316	0.0267062	0	0.571429	2
500	533	310	530	315	315	316	0.041543	0	0.714286	2
501	640	195	639	198	315	316	0.0148368	0	0.449309	2
502	396	255	396	256	315	316	0.00148368	0	0.587558	1
503	570	356	555	358	315	317	0.0281899	0	0.820276	2
504	369	208	370	212	315	316	0.0252226	0	0.479263	1
505	543	270	553	272	315	319	0.0207715	0	0.62212	1
506	513	267	523	268	315	319	0.0163205	0	0.615207	1
507	655	434	668	437	315	319	0.0326409	0	1	1
508	317	237	317	240	315	316	0.0133531	0	0.546083	1
509	272	239	273	241	315	316	0.0074184	0	0.550691	1
510	434	207	436	209	315	319	0.00890208	0	0.476959	1
511	406	226	408	229	315	320	0.0163205	0	0.520737	1
512	412	427	428	433	315	320	0.0771513	0	0.983871	1
513	377	192	381	197	315	317	0.0430267	0	0.442396	1
514	459	311	464	315	315	316	0.0311573	0	0.71659	1
515	714	136	715	139	315	316	0.0148368	0	0.313364	1
516	664	414	667	413	316	317	0.00593472	0	0.953917	1
517	533	346	533	346	316	318	0	0	0.797235	1
518	324	280	326	280	316	317	0.00296736	0	0.645161	1
519	334	253	331	255	316	317	0.0103858	0	0.582949	2
520	284	279	286	278	316	317	0.00445104	0	0.642857	1
521	378	252	374	254	316	317	0.0118694	0	0.580645	2
522	462	330	466	332	316	317	0.0118694	0	0.760369	1
523	501	218	514	220	316	319	0.0252226	0	0.502304	1
524	569	244	567	240	316	318	0.0267062	0	0.562212	2
525	394	224	395	221	316	317	0.0148368	0	0.516129	1
526	360	213	358	214	316	317	0.00445104	0	0.490783	2
527	551	304	561	310	316	319	0.0682493	0	0.700461	1
528	541	328	539	329	316	317	0.00445104	0	0.75576	2
529	808	397	818	400	317	320	0.0281899	0	0.914747	1
530	428	254	424	252	317	318	0.0118694	0	0.585253	2
531	452	265	454	263	317	318	0.00890208	0	0.610599	1
532	296	256	296	253	317	318	0.0133531	0	0.589862	1
533	280	197	284	194	317	318	0.0192878	0	0.453917	1
534	297	246	297	244	317	318	0.00593472	0	0.56682	1
535	309	265	312	268	317	319	0.0178042	0	0.610599	1
536	502	329	506	328	317	318	0.0074184	0	0.758065	1
537	640	198	639	195	317	318	0.0148368	0	0.456221	2
538	375	181	380	179	317	320	0.0133531	0	0.417051	1
539	529	322	525	321	317	318	0.0074184	0	0.741935	2
540	418	223	419	221	317	318	0.0074184	0	0.513825	1
541	561	322	566	323	317	318	0.00890208	0	0.741935	1
542	350	277	360	279	317	320	0.0207715	0	0.638249	1
543	376	218	378	216	317	318	0.00890208	0	0.502304	1
544	438	270	439	270	317	320	0.00148368	0	0.62212	1
545	471	317	480	316	317	319	0.0148368	0	0.730415	1
546	453	291	469	303	317	320	0.237389	0	0.670507	1
547	456	345	466	347	317	320	0.0207715	0	0.794931	1
548	538	279	542	282	318	320	0.0192878	0	0.642857	1
549	567	313	569	315	318	319	0.00890208	0	0.721198	1
550	650	238	650	234	318	319	0.0237389	0	0.548387	1
551	359	255	362	259	318	320	0.0281899	0	0.587558	1
552	551	349	546	350	318	319	0.00890208	0	0.804147	2
553	470	327	477	331	318	319	0.0341246	0	0.753456	1
554	381	238	385	238	318	319	0.00593472	0	0.548387	1
555	362	206	365	203	318	319	0.0178042	0	0.474654	1
556	443	220	442	221	318	320	0.00296736	0	0.506912	2
557	289	278	291	275	318	319	0.0163205	0	0.640553	1
558	485	269	496	273	318	320	0.0400593	0	0.619816	1
559	506	236	516	237	318	320	0.0163205	0	0.543779	1
560	409	212	410	210	318	320	0.0074184	0	0.488479	1
561	510	262	517	266	318	320	0.0341246	0	0.603687	1
562	563	333	572	340	318	320	0.0860534	0	0.767281	1
563	457	263	456	265	319	320	0.0074184	0	0.605991	2
564	670	424	675	424	319	320	0.0074184	0	0.976959	1
565	536	348	537	350	319	320	0.0074184	0	0.801843	1
566	524	321	522	321	319	320	0.00296736	0	0.739631	2
567	421	219	422	219	319	320	0.00148368	0	0.504608	1
568	365	177	367	178	319	320	0.00445104	0	0.407834	1
569	289	192	292	192	319	320	0.00445104	0	0.442396	1
570	572	326	576	330	319	320	0.0296736	0	0.751152	1
571	360	215	358	218	319	320	0.0163205	0	0.495392	2
572	466	322	469	324	319	320	0.0103858	0	0.741935	1
573	639	194	637	194	319	320	0.00296736	0	0.447005	2
574	644	222	642	223	319	320	0.00445104	0	0.511521	2
575	304	227	304	231	319	320	0.0237389	0	0.523041	1
576	693	373	700	374	319	320	0.0118694	0	0.859447	1
577	267	193	269	190	319	320	0.0163205	0	0.4447	1
578	459	334	461	336	319	320	0.00890208	0	0.769585	1
579	528	301	526	301	319	320	0.00296736	0	0.693548	2
580	539	328	536	329	319	320	0.00593472	0	0.75576	2
581	740	181	743	183	319	320	0.0103858	0	0.417051	1
582	370	274	372	276	319	320	0.00890208	0	0.631336	1