
0	434	199	434	199	192	193	0	0	0.451247	1
1	438	183	436	182	192	193	0.0194805	0	0.414966	2
2	404	210	406	209	192	194	0.0194805	0	0.47619	1
3	306	173	306	173	192	193	0	0	0.39229	1
4	304	189	321	189	192	198	0.11039	0	0.428571	1
5	332	189	333	188	193	194	0.012987	0	0.428571	1
6	486	205	486	203	193	194	0.025974	0	0.464853	1
7	423	193	428	191	193	196	0.0584416	0	0.437642	1
8	385	187	385	187	193	194	0	0	0.424036	1
9	520	217	519	216	193	194	0.012987	0	0.492063	2
10	515	191	526	193	193	197	0.0974026	0	0.433107	1
11	501	213	500	211	193	194	0.0324675	0	0.482993	2
12	444	208	445	208	193	194	0.00649351	0	0.471655	1
13	507	202	512	203	193	196	0.038961	0	0.45805	1
14	420	215	427	215	193	196	0.0454545	0	0.487528	1
15	293	153	294	151	193	196	0.0324675	0	0.346939	1
16	357	196	358	195	194	195	0.012987	0	0.444444	1
17	380	198	381	197	194	195	0.012987	0	0.44898	1
18	433	207	434	206	194	195	0.012987	0	0.469388	1
19	496	201	501	200	194	196	0.038961	0	0.455782	1
20	460	208	458	208	194	195	0.012987	0	0.471655	2
21	435	197	439	197	194	196	0.025974	0	0.446712	1
22	436	229	456	229	195	199	0.12987	0	0.519274	1
23	438	218	446	217	195	197	0.0584416	0	0.494331	1
24	333	187	393	186	195	203	0.396104	0	0.424036	1
25	490	179	547	180	195	203	0.376623	0	0.405896	1
26	397	204	433	204	195	201	0.233766	0	0.462585	1
27	422	205	449	205	195	200	0.175325	0	0.464853	1
28	472	202	481	201	195	197	0.0649351	0	0.45805	1
29	521	202	558	206	195	201	0.344156	0	0.45805	1
30	482	203	483	202	195	196	0.012987	0	0.460317	1
31	333	165	340	163	195	197	0.0714286	0	0.37415	1
32	343	187	393	187	195	202	0.324675	0	0.424036	1
33	358	185	366	184	195	197	0.0584416	0	0.419501	1
34	407	209	454	209	195	202	0.305195	0	0.473923	1
35	377	177	379	176	195	196	0.0194805	0	0.401361	1
36	407	190	414	189	195	197	0.0519481	0	0.430839	1
37	345	174	352	173	195	197	0.0519481	0	0.394558	1
38	347	164	363	164	195	199	0.103896	0	0.371882	1
39	504	216	506	214	195	196	0.038961	0	0.489796	1
40	526	241	560	240	195	201	0.227273	0	0.546485	1
41	384	212	387	211	195	196	0.025974	0	0.480726	1
42	425	182	427	180	195	196	0.038961	0	0.412698	1
43	355	174	358	173	195	196	0.025974	0	0.394558	1
44	368	194	371	193	195	196	0.025974	0	0.439909	1
45	456	194	465	193	195	198	0.0649351	0	0.439909	1
46	464	173	578	175	195	208	0.766234	0	0.39229	1
47	226	210	351	210	195	209	0.811688	0	0.47619	1
48	132	245	246	244	195	208	0.746753	0	0.555556	1
49	361	197	365	197	196	197	0.025974	0	0.446712	1
50	529	215	534	215	196	197	0.0324675	0	0.487528	1
51	424	229	439	228	196	199	0.103896	0	0.519274	1
52	385	198	400	198	196	199	0.0974026	0	0.44898	1
53	438	184	441	185	196	197	0.025974	0	0.417234	1
54	324	183	329	182	196	197	0.038961	0	0.414966	1
55	245	230	378	230	196	212	0.863636	0	0.521542	1
56	304	160	306	159	196	197	0.0194805	0	0.362812	1
57	244	220	260	218	196	199	0.12987	0	0.498866	1
58	414	223	430	223	196	199	0.103896	0	0.505669	1
59	539	235	539	234	196	197	0.00649351	0	0.53288	1
60	501	198	506	197	197	198	0.038961	0	0.44898	1
61	457	209	458	208	197	198	0.012987	0	0.473923	1
62	24	115	35	114	197	199	0.0779221	0	0.260771	1
63	431	193	442	192	197	199	0.0779221	0	0.437642	1
64	385	175	390	174	197	198	0.038961	0	0.396825	1
65	441	206	452	206	197	199	0.0714286	0	0.46712	1
66	365	172	464	172	197	207	0.642857	0	0.390023	1
67	150	244	237	242	197	206	0.590909	0	0.553288	1
68	491	200	494	198	197	198	0.0454545	0	0.453515	1
69	430	183	439	182	197	199	0.0649351	0	0.414966	1
70	451	218	457	217	198	199	0.0454545	0	0.494331	1
71	371	198	377	198	198	199	0.038961	0	0.44898	1
72	510	209	514	208	198	199	0.0324675	0	0.473923	1
73	541	216	597	218	198	204	0.38961	0	0.489796	1
74	448	186	452	186	198	199	0.025974	0	0.421769	1
75	523	231	523	229	198	199	0.025974	0	0.52381	1
76	335	182	341	181	198	199	0.0454545	0	0.412698	1
77	415	186	447	186	198	202	0.207792	0	0.421769	1
78	468	203	473	202	198	199	0.038961	0	0.460317	1
79	348	171	361	170	198	200	0.0909091	0	0.387755	1
80	534	193	540	193	198	199	0.038961	0	0.437642	1
81	482	201	488	200	198	199	0.0454545	0	0.455782	1
82	331	184	337	183	199	200	0.0454545	0	0.417234	1
83	388	194	394	194	199	200	0.038961	0	0.439909	1
84	397	172	402	171	199	200	0.038961	0	0.390023	1
85	416	223	453	223	199	203	0.24026	0	0.505669	1
86	314	173	321	173	199	200	0.0454545	0	0.39229	1
87	24	116	167	114	199	230	0.954545	0	0.263039	1
88	625	383	763	387	199	230	1	0	0.868481	1
89	464	230	494	230	200	203	0.194805	0	0.521542	1
90	446	229	454	229	200	201	0.0519481	0	0.519274	1
91	535	215	541	214	200	201	0.0454545	0	0.487528	1
92	43	113	125	111	200	207	0.558442	0	0.256236	1
93	508	199	533	198	200	203	0.168831	0	0.451247	1
94	409	193	417	194	200	201	0.0584416	0	0.437642	1
95	375	173	384	172	200	201	0.0649351	0	0.39229	1
96	546	181	650	182	200	209	0.681818	0	0.410431	1
97	418	295	533	291	200	210	0.850649	0	0.668934	1
98	384	189	413	190	200	203	0.194805	0	0.428571	1
99	476	197	483	197	200	201	0.0454545	0	0.446712	1
100	350	181	381	179	200	203	0.227273	0	0.410431	1
101	170	211	237	211	200	206	0.435065	0	0.478458	1
102	408	316	440	315	200	203	0.214286	0	0.716553	1
103	508	209	515	208	200	201	0.0519481	0	0.473923	1
104	456	185	484	185	200	203	0.181818	0	0.419501	1
105	402	211	411	211	200	201	0.0584416	0	0.478458	1
106	471	207	480	206	200	201	0.0649351	0	0.469388	1
107	176	221	257	219	200	207	0.551948	0	0.501134	1
108	545	215	554	214	200	201	0.0649351	0	0.487528	1
109	268	242	359	241	200	208	0.597403	0	0.548753	1
110	428	306	487	309	200	205	0.441558	0	0.693878	1
111	38	99	132	97	200	208	0.636364	0	0.22449	1
112	401	182	407	182	200	201	0.038961	0	0.412698	1
113	372	163	380	162	200	201	0.0584416	0	0.369615	1
114	426	319	533	319	200	209	0.694805	0	0.723356	1
115	493	201	501	201	200	201	0.0519481	0	0.455782	1
116	545	227	552	226	200	201	0.0519481	0	0.514739	1
117	362	160	392	159	200	203	0.201299	0	0.362812	1
118	311	149	335	148	200	203	0.162338	0	0.337868	1
119	382	212	390	213	201	202	0.0584416	0	0.480726	1
120	457	206	497	206	201	205	0.25974	0	0.46712	1
121	541	228	548	228	201	202	0.0454545	0	0.517007	1
122	531	226	539	226	201	202	0.0519481	0	0.512472	1
123	475	218	494	218	201	203	0.123377	0	0.494331	1
124	456	196	475	195	201	203	0.12987	0	0.444444	1
125	470	206	489	205	201	203	0.12987	0	0.46712	1
126	372	172	383	172	201	202	0.0714286	0	0.390023	1
127	349	183	370	182	201	203	0.142857	0	0.414966	1
128	760	101	819	103	201	206	0.409091	0	0.229025	1
129	393	201	402	203	201	202	0.0844156	0	0.455782	1
130	406	222	475	223	201	207	0.454545	0	0.503401	1
131	323	164	334	164	201	202	0.0714286	0	0.371882	1
132	332	175	342	174	201	202	0.0714286	0	0.396825	1
133	404	195	415	195	201	202	0.0714286	0	0.442177	1
134	531	214	539	214	201	202	0.0519481	0	0.485261	1
135	548	241	617	244	202	208	0.506494	0	0.546485	1
136	570	235	580	231	202	204	0.168831	0	0.53288	1
137	444	205	465	205	202	204	0.136364	0	0.464853	1
138	427	195	436	195	202	203	0.0584416	0	0.442177	1
139	570	207	644	207	202	208	0.480519	0	0.469388	1
140	395	175	441	175	202	206	0.298701	0	0.396825	1
141	562	217	585	217	202	204	0.149351	0	0.492063	1
142	324	158	330	157	202	203	0.0454545	0	0.358277	1
143	425	214	482	215	202	207	0.376623	0	0.485261	1
144	494	202	502	201	202	203	0.0584416	0	0.45805	1
145	32	45	148	44	202	230	0.75974	0	0.102041	1
146	403	187	413	187	203	204	0.0649351	0	0.424036	1
147	404	216	425	216	203	205	0.136364	0	0.489796	1
148	394	216	403	215	203	204	0.0649351	0	0.489796	1
149	474	228	484	228	203	204	0.0649351	0	0.517007	1
150	544	198	577	198	203	206	0.214286	0	0.44898	1
151	464	208	512	208	203	207	0.311688	0	0.471655	1
152	410	205	430	205	203	205	0.12987	0	0.464853	1
153	425	192	446	192	203	205	0.136364	0	0.435374	1
154	442	295	467	296	203	205	0.168831	0	0.668934	1
155	439	177	448	178	203	204	0.0649351	0	0.401361	1
156	340	160	349	160	203	204	0.0584416	0	0.362812	1
157	462	235	522	236	203	208	0.396104	0	0.53288	1
158	588	188	650	189	203	208	0.409091	0	0.426304	1
159	548	208	558	209	203	204	0.0714286	0	0.471655	1
160	355	179	414	179	203	208	0.383117	0	0.405896	1
161	504	231	528	231	204	206	0.155844	0	0.52381	1
162	505	219	514	219	204	205	0.0584416	0	0.496599	1
163	467	186	488	186	204	206	0.136364	0	0.421769	1
164	541	198	563	197	204	206	0.149351	0	0.44898	1
165	496	183	538	183	204	208	0.272727	0	0.414966	1
166	558	181	608	182	204	208	0.331169	0	0.410431	1
167	383	179	422	177	204	207	0.279221	0	0.405896	1
168	425	184	447	182	204	206	0.168831	0	0.417234	1
169	450	196	461	196	204	205	0.0714286	0	0.444444	1
170	486	179	555	178	204	217	0.454545	0	0.405896	1
171	471	222	482	222	204	205	0.0714286	0	0.503401	1
172	400	167	427	165	204	206	0.201299	0	0.378685	1
173	455	315	518	314	204	209	0.415584	0	0.714286	1
174	393	177	419	176	204	206	0.175325	0	0.401361	1
175	502	201	524	200	204	206	0.149351	0	0.455782	1
176	461	236	497	236	204	207	0.233766	0	0.535147	1
177	458	223	469	223	204	205	0.0714286	0	0.505669	1
178	514	236	538	236	204	206	0.155844	0	0.535147	1
179	425	195	435	195	204	205	0.0649351	0	0.442177	1
180	562	168	620	169	204	209	0.383117	0	0.380952	1
181	587	232	593	233	205	206	0.0454545	0	0.526077	1
182	611	221	625	221	205	206	0.0909091	0	0.501134	1
183	495	196	520	195	205	207	0.168831	0	0.444444	1
184	516	188	562	187	205	210	0.305195	0	0.426304	1
185	423	187	435	187	205	206	0.0779221	0	0.424036	1
186	574	216	584	216	205	206	0.0649351	0	0.489796	1
187	597	217	640	218	205	208	0.285714	0	0.492063	1
188	498	229	523	229	205	207	0.162338	0	0.519274	1
189	471	212	485	212	205	206	0.0909091	0	0.480726	1
190	413	214	425	213	205	206	0.0844156	0	0.485261	1
191	478	196	489	196	205	206	0.0714286	0	0.444444	1
192	795	100	823	101	205	207	0.188312	0	0.226757	1
193	314	210	327	209	205	206	0.0909091	0	0.47619	1
194	423	165	467	165	205	209	0.285714	0	0.37415	1
195	345	441	420	441	205	230	0.487013	0	1	1
196	525	219	536	218	206	207	0.0779221	0	0.496599	1
197	484	295	499	295	206	207	0.0974026	0	0.668934	1
198	511	206	532	205	206	208	0.142857	0	0.46712	1
199	549	165	604	163	206	218	0.383117	0	0.37415	1
200	372	182	378	182	206	207	0.038961	0	0.412698	1
201	502	309	575	314	206	218	0.636364	0	0.70068	1
202	449	196	459	195	206	207	0.0714286	0	0.444444	1
203	489	223	501	223	206	207	0.0779221	0	0.505669	1
204	469	190	481	187	206	207	0.136364	0	0.430839	1
205	539	224	549	224	206	207	0.0649351	0	0.507937	1
206	449	179	458	178	207	208	0.0649351	0	0.405896	1
207	641	220	662	221	207	209	0.142857	0	0.498866	1
208	537	201	546	200	207	208	0.0649351	0	0.455782	1
209	599	233	607	232	207	208	0.0584416	0	0.528345	1
210	501	185	510	184	207	208	0.0649351	0	0.419501	1
211	448	215	457	215	207	208	0.0584416	0	0.487528	1
212	448	189	457	188	207	208	0.0649351	0	0.428571	1
213	575	195	584	194	207	208	0.0649351	0	0.442177	1
214	482	199	491	198	207	208	0.0649351	0	0.451247	1
215	462	183	472	182	207	208	0.0714286	0	0.414966	1
216	498	212	508	212	207	208	0.0649351	0	0.480726	1
217	577	209	583	208	207	208	0.0454545	0	0.473923	1
218	606	223	615	221	207	208	0.0844156	0	0.505669	1
219	380	161	388	161	207	208	0.0519481	0	0.365079	1
220	588	199	596	199	207	208	0.0519481	0	0.451247	1
221	434	164	454	163	207	209	0.136364	0	0.371882	1
222	47	50	103	49	207	220	0.37013	0	0.113379	1
223	509	348	543	348	207	213	0.220779	0	0.789116	1
224	491	215	507	215	208	211	0.103896	0	0.487528	1
225	508	233	514	233	208	209	0.038961	0	0.528345	1
226	434	178	442	178	208	209	0.0519481	0	0.403628	1
227	520	209	528	209	208	209	0.0519481	0	0.473923	1
228	524	190	531	190	208	209	0.0454545	0	0.430839	1
229	385	181	393	184	208	211	0.11039	0	0.410431	1
230	398	165	406	165	208	209	0.0519481	0	0.37415	1
231	445	175	453	174	208	209	0.0584416	0	0.396825	1
232	268	220	276	220	208	209	0.0519481	0	0.498866	1
233	495	185	506	183	208	212	0.0974026	0	0.419501	1
234	263	239	282	238	208	212	0.12987	0	0.54195	1
235	388	149	395	151	208	211	0.0714286	0	0.337868	1
236	377	153	382	153	208	209	0.0324675	0	0.346939	1
237	652	219	664	220	209	212	0.0844156	0	0.496599	1
238	592	229	592	229	209	210	0	0	0.519274	1
239	147	113	180	112	209	230	0.220779	0	0.256236	1
240	730	73	763	72	209	230	0.220779	0	0.165533	1
241	205	106	238	105	209	230	0.220779	0	0.240363	1
242	617	179	650	179	209	230	0.214286	0	0.405896	1
243	538	205	541	205	209	210	0.0194805	0	0.464853	1
244	654	209	692	212	209	224	0.305195	0	0.473923	1
245	493	225	497	225	209	210	0.025974	0	0.510204	1
246	479	180	481	180	209	210	0.012987	0	0.408163	1
247	515	184	517	183	209	210	0.0194805	0	0.417234	1
248	517	212	521	211	209	210	0.0324675	0	0.480726	1
249	463	188	465	187	209	210	0.0194805	0	0.426304	1
250	111	70	144	69	209	230	0.220779	0	0.15873	1
251	588	190	591	189	209	210	0.025974	0	0.430839	1
252	257	249	265	249	209	211	0.0519481	0	0.564626	1
253	443	188	446	186	209	210	0.0454545	0	0.426304	1
254	444	211	447	210	209	210	0.025974	0	0.478458	1
255	100	46	134	45	209	230	0.227273	0	0.104308	1
256	506	198	512	197	209	211	0.0454545	0	0.44898	1
257	407	178	427	176	209	230	0.155844	0	0.403628	1
258	619	220	618	219	209	211	0.012987	0	0.498866	2
259	424	196	428	197	209	210	0.0324675	0	0.444444	1
260	489	183	492	182	209	210	0.025974	0	0.414966	1
261	658	192	689	196	209	230	0.305195	0	0.435374	1
262	408	206	415	206	209	211	0.0454545	0	0.46712	1
263	599	210	600	210	209	210	0.00649351	0	0.47619	1
264	139	103	172	102	209	230	0.220779	0	0.23356	1
265	560	197	562	196	210	211	0.0194805	0	0.446712	1
266	518	234	527	234	210	213	0.0584416	0	0.530612	1
267	525	199	528	198	210	211	0.025974	0	0.451247	1
268	534	321	551	319	210	214	0.136364	0	0.727891	1
269	668	228	693	228	210	218	0.162338	0	0.517007	1
270	453	170	456	169	210	211	0.025974	0	0.385488	1
271	657	183	683	187	210	230	0.272727	0	0.414966	1
272	465	170	468	170	210	211	0.0194805	0	0.385488	1
273	531	210	537	210	210	212	0.038961	0	0.47619	1
274	534	236	541	236	210	212	0.0454545	0	0.535147	1
275	550	193	556	191	210	212	0.0649351	0	0.437642	1
276	624	168	652	167	210	230	0.188312	0	0.380952	1
277	625	242	622	238	210	211	0.123377	0	0.548753	2
278	596	199	599	198	210	212	0.025974	0	0.451247	1
279	590	216	589	215	210	211	0.012987	0	0.489796	2
280	522	319	562	317	210	220	0.285714	0	0.723356	1
281	544	237	547	237	210	211	0.0194805	0	0.537415	1
282	274	215	288	213	210	213	0.116883	0	0.487528	1
283	586	175	594	174	210	213	0.0584416	0	0.396825	1
284	355	249	377	249	210	217	0.142857	0	0.564626	1
285	130	48	159	47	210	230	0.194805	0	0.108844	1
286	514	244	530	244	210	215	0.103896	0	0.553288	1
287	429	181	448	180	210	218	0.12987	0	0.410431	1
288	538	294	586	286	211	230	0.727273	0	0.666667	1
289	484	182	485	182	211	212	0.00649351	0	0.412698	1
290	467	218	469	218	211	212	0.012987	0	0.494331	1
291	528	221	531	220	211	212	0.025974	0	0.501134	1
292	482	170	484	169	211	213	0.0194805	0	0.385488	1
293	504	225	507	224	211	212	0.025974	0	0.510204	1
294	539	198	541	198	211	212	0.012987	0	0.44898	1
295	593	188	595	187	211	212	0.0194805	0	0.426304	1
296	603	246	609	246	211	213	0.038961	0	0.557823	1
297	522	211	525	210	211	212	0.025974	0	0.478458	1
298	599	208	600	208	211	212	0.00649351	0	0.471655	1
299	565	186	570	180	211	230	0.266234	0	0.421769	1
300	423	194	428	195	211	213	0.038961	0	0.439909	1
301	408	196	410	196	211	212	0.012987	0	0.444444	1
302	550	212	552	212	212	213	0.012987	0	0.480726	1
303	566	196	569	195	212	213	0.025974	0	0.444444	1
304	471	171	474	171	212	213	0.0194805	0	0.387755	1
305	586	208	585	207	212	213	0.012987	0	0.471655	2
306	461	172	465	172	212	213	0.025974	0	0.390023	1
307	511	214	513	214	212	213	0.012987	0	0.485261	1
308	530	200	532	199	212	213	0.0194805	0	0.453515	1
309	362	228	369	229	212	214	0.0519481	0	0.517007	1
310	466	161	484	161	212	218	0.116883	0	0.365079	1
311	268	248	272	247	212	213	0.0324675	0	0.562358	1
312	392	165	392	164	212	213	0.00649351	0	0.37415	1
313	507	193	509	192	213	214	0.0194805	0	0.437642	1
314	487	183	488	182	213	214	0.012987	0	0.414966	1
315	668	220	674	219	213	215	0.0454545	0	0.498866	1
316	542	210	544	210	213	214	0.012987	0	0.47619	1
317	597	190	598	189	213	214	0.012987	0	0.430839	1
318	601	202	602	202	213	214	0.00649351	0	0.45805	1
319	544	237	546	237	213	214	0.012987	0	0.537415	1
320	548	199	555	199	213	216	0.0454545	0	0.451247	1
321	414	196	416	196	213	214	0.012987	0	0.444444	1
322	531	224	536	223	213	215	0.038961	0	0.507937	1
323	562	206	564	206	213	214	0.012987	0	0.46712	1
324	606	212	606	212	213	214	0	0	0.480726	1
325	399	187	401	187	213	214	0.012987	0	0.424036	1
326	559	191	564	191	213	215	0.0324675	0	0.433107	1
327	536	301	567	303	213	222	0.227273	0	0.68254	1
328	554	222	556	221	213	214	0.0194805	0	0.503401	1
329	502	183	504	183	213	214	0.012987	0	0.414966	1
330	380	230	390	230	213	217	0.0649351	0	0.521542	1
331	571	196	576	195	214	216	0.038961	0	0.444444	1
332	532	210	535	209	214	215	0.025974	0	0.47619	1
333	469	172	472	172	214	215	0.0194805	0	0.390023	1
334	526	179	529	177	214	219	0.0454545	0	0.405896	1
335	585	209	583	208	214	215	0.0194805	0	0.473923	2
336	477	219	482	219	214	216	0.0324675	0	0.496599	1
337	293	213	301	213	214	216	0.0519481	0	0.482993	1
338	522	214	527	213	214	216	0.038961	0	0.485261	1
339	528	189	529	188	214	215	0.012987	0	0.428571	1
340	277	242	283	240	214	215	0.0649351	0	0.548753	1
341	382	246	399	245	214	221	0.116883	0	0.557823	1
342	616	212	618	211	214	216	0.0194805	0	0.480726	1
343	562	234	564	233	215	216	0.0194805	0	0.530612	1
344	489	184	489	184	215	216	0	0	0.417234	1
345	419	197	421	197	215	216	0.012987	0	0.446712	1
346	601	190	602	189	215	216	0.012987	0	0.430839	1
347	538	234	540	234	215	216	0.012987	0	0.530612	1
348	532	199	535	198	215	217	0.025974	0	0.451247	1
349	371	230	378	231	215	218	0.0519481	0	0.521542	1
350	603	200	603	199	215	216	0.00649351	0	0.453515	1
351	595	221	591	220	215	216	0.0324675	0	0.501134	2
352	395	161	394	160	215	216	0.012987	0	0.365079	2
353	607	212	607	211	215	216	0.00649351	0	0.480726	1
354	405	187	409	186	215	217	0.0324675	0	0.424036	1
355	424	165	432	161	215	226	0.155844	0	0.37415	1
356	606	244	608	243	215	216	0.0194805	0	0.553288	1
357	799	126	811	125	215	230	0.0844156	0	0.285714	1
358	678	219	684	220	216	218	0.0454545	0	0.496599	1
359	538	209	540	208	216	217	0.0194805	0	0.473923	1
360	594	230	591	230	216	217	0.0194805	0	0.521542	2
361	493	170	493	169	216	217	0.00649351	0	0.385488	1
362	508	188	509	187	216	217	0.012987	0	0.426304	1
363	529	187	529	187	216	217	0	0	0.424036	1
364	583	208	580	208	216	217	0.0194805	0	0.471655	2
365	564	183	568	182	216	224	0.0324675	0	0.414966	1
366	533	244	538	243	216	218	0.038961	0	0.553288	1
367	465	180	473	180	216	219	0.0519481	0	0.408163	1
368	580	230	578	231	217	218	0.0194805	0	0.521542	2
369	562	319	568	319	217	219	0.038961	0	0.723356	1
370	489	184	489	184	217	218	0	0	0.417234	1
371	559	201	560	201	217	218	0.00649351	0	0.455782	1
372	579	195	582	194	217	219	0.025974	0	0.442177	1
373	306	212	318	211	217	220	0.0844156	0	0.480726	1
374	543	182	547	181	217	221	0.0324675	0	0.412698	1
375	486	220	489	219	217	219	0.025974	0	0.498866	1
376	605	213	606	213	217	220	0.00649351	0	0.482993	1
377	395	161	394	160	217	218	0.012987	0	0.365079	2
378	603	187	603	187	217	218	0	0	0.424036	1
379	615	217	616	216	217	219	0.012987	0	0.492063	1
380	518	223	520	223	217	218	0.012987	0	0.505669	1
381	393	150	391	147	217	220	0.0714286	0	0.340136	2
382	428	197	430	197	217	218	0.012987	0	0.446712	1
383	618	207	619	206	217	219	0.012987	0	0.469388	1
384	645	210	651	208	217	230	0.0649351	0	0.47619	1
385	588	232	584	234	218	219	0.0519481	0	0.526077	2
386	536	199	537	199	218	219	0.00649351	0	0.451247	1
387	604	226	604	225	218	220	0.00649351	0	0.512472	1
388	516	173	518	171	218	219	0.038961	0	0.39229	1
389	555	180	558	179	218	222	0.025974	0	0.408163	1
390	550	204	551	204	218	219	0.00649351	0	0.462585	1
391	607	197	604	198	218	223	0.025974	0	0.446712	2
392	493	171	493	171	218	219	0	0	0.387755	1
393	382	250	386	249	218	230	0.0324675	0	0.566893	1
394	310	236	316	235	218	219	0.0454545	0	0.535147	1
395	547	222	548	223	218	219	0.012987	0	0.503401	1
396	510	188	510	187	218	219	0.00649351	0	0.426304	1
397	534	222	532	222	219	220	0.012987	0	0.503401	2
398	689	221	694	221	219	222	0.0324675	0	0.501134	1
399	578	250	581	250	219	221	0.0194805	0	0.566893	1
400	555	193	557	192	219	221	0.0194805	0	0.437642	1
401	492	181	492	181	219	220	0	0	0.410431	1
402	375	239	376	238	219	230	0.012987	0	0.54195	1
403	580	314	588	315	219	222	0.0584416	0	0.712018	1
404	594	236	588	236	219	220	0.038961	0	0.535147	2
405	488	161	490	160	219	224	0.0194805	0	0.365079	1
406	699	228	702	228	219	230	0.0194805	0	0.517007	1
407	607	163	602	161	219	230	0.0584416	0	0.369615	2
408	391	159	384	157	220	223	0.0714286	0	0.360544	2
409	539	200	539	201	220	221	0.00649351	0	0.453515	1
410	573	319	580	317	220	224	0.0714286	0	0.723356	1
411	523	171	526	168	220	222	0.0779221	0	0.387755	1
412	434	206	435	206	220	221	0.00649351	0	0.46712	1
413	567	239	568	239	220	221	0.00649351	0	0.54195	1
414	530	184	530	184	220	221	0	0	0.417234	1
415	554	202	554	201	220	221	0.00649351	0	0.45805	1
416	569	202	570	202	220	221	0.00649351	0	0.45805	1
417	488	201	488	201	220	221	0	0	0.455782	1
418	582	220	578	220	220	221	0.025974	0	0.498866	2
419	562	229	563	229	220	221	0.00649351	0	0.519274	1
420	538	240	539	241	220	222	0.012987	0	0.544218	1
421	318	225	325	224	220	222	0.0519481	0	0.510204	1
422	617	217	616	217	220	221	0.00649351	0	0.492063	2
423	301	241	304	239	220	221	0.0454545	0	0.546485	1
424	329	203	338	201	220	223	0.0844156	0	0.460317	1
425	495	171	494	171	220	223	0.00649351	0	0.387755	2
426	604	187	604	186	220	221	0.00649351	0	0.424036	1
427	515	183	514	183	221	222	0.00649351	0	0.414966	2
428	493	183	492	183	221	222	0.00649351	0	0.414966	2
429	605	225	604	225	221	222	0.00649351	0	0.510204	2
430	323	212	328	211	221	223	0.038961	0	0.480726	1
431	607	176	606	175	221	222	0.012987	0	0.399093	2
432	503	181	502	181	221	222	0.00649351	0	0.410431	2
433	618	204	617	203	221	222	0.012987	0	0.462585	2
434	482	170	482	169	221	222	0.00649351	0	0.385488	1
435	391	147	382	145	221	224	0.0844156	0	0.333333	2
436	549	238	549	238	221	222	0	0	0.539683	1
437	106	50	104	49	221	230	0.0194805	0	0.113379	2
438	387	187	385	186	221	222	0.0194805	0	0.424036	2
439	474	218	474	217	221	222	0.00649351	0	0.494331	1
440	557	191	555	190	222	223	0.0194805	0	0.433107	2
441	530	179	528	179	222	223	0.012987	0	0.405896	2
442	608	213	606	213	222	223	0.012987	0	0.482993	2
443	604	188	601	187	222	223	0.025974	0	0.426304	2
444	546	182	542	181	222	224	0.0324675	0	0.412698	2
445	336	212	340	210	222	224	0.0519481	0	0.480726	1
446	447	176	440	176	222	230	0.0454545	0	0.399093	2
447	516	176	516	174	223	224	0.025974	0	0.399093	1
448	692	222	690	220	223	224	0.038961	0	0.503401	2
449	602	226	600	226	223	224	0.012987	0	0.512472	2
450	490	184	487	184	223	224	0.0194805	0	0.417234	2
451	605	243	601	243	223	224	0.025974	0	0.55102	2
452	527	167	530	162	223	230	0.181818	0	0.378685	1
453	583	194	581	192	223	224	0.038961	0	0.439909	2
454	616	206	613	205	223	224	0.025974	0	0.46712	2
455	583	224	579	223	223	224	0.0324675	0	0.507937	2
456	567	306	570	307	223	226	0.025974	0	0.693878	1
457	330	245	329	244	223	228	0.012987	0	0.555556	2
458	589	314	589	314	223	224	0	0	0.712018	1
459	504	188	501	188	223	224	0.0194805	0	0.426304	2
460	532	189	530	188	223	224	0.0194805	0	0.428571	2
461	399	245	396	244	223	230	0.025974	0	0.555556	2
462	527	228	526	228	224	225	0.00649351	0	0.517007	2
463	381	159	371	162	224	227	0.123377	0	0.360544	2
464	527	178	525	177	224	225	0.0194805	0	0.403628	2
465	600	199	598	199	224	225	0.012987	0	0.451247	2
466	548	194	546	193	225	226	0.0194805	0	0.439909	2
467	689	219	686	219	225	226	0.0194805	0	0.496599	2
468	597	242	594	242	225	226	0.0194805	0	0.548753	2
469	583	317	585	315	225	227	0.038961	0	0.718821	1
470	505	188	503	188	225	226	0.012987	0	0.426304	2
471	600	227	598	227	225	226	0.012987	0	0.514739	2
472	556	179	551	179	225	229	0.0324675	0	0.405896	2
473	609	200	604	199	225	227	0.038961	0	0.453515	2
474	596	188	593	187	225	226	0.025974	0	0.426304	2
475	485	187	481	188	225	227	0.0324675	0	0.424036	2
476	471	225	470	225	225	227	0.00649351	0	0.510204	2
477	579	192	574	190	225	228	0.0584416	0	0.435374	2
478	489	162	487	163	225	229	0.0194805	0	0.367347	2
479	528	187	524	186	225	226	0.0324675	0	0.424036	2
480	574	206	572	206	225	226	0.012987	0	0.46712	2
481	333	211	342	207	225	228	0.162338	0	0.478458	1
482	607	237	606	236	225	226	0.012987	0	0.537415	2
483	546	184	544	184	225	226	0.012987	0	0.417234	2
484	566	224	564	223	225	226	0.0194805	0	0.507937	2
485	603	213	599	212	225	227	0.0324675	0	0.482993	2
486	443	203	440	202	225	230	0.025974	0	0.460317	2
487	373	149	357	153	225	230	0.207792	0	0.337868	2
488	568	183	559	183	225	230	0.0584416	0	0.414966	2
489	573	316	577	313	225	229	0.0844156	0	0.716553	1
490	495	179	493	179	225	226	0.012987	0	0.405896	2
491	374	181	368	181	225	226	0.038961	0	0.410431	2
492	481	212	480	211	225	226	0.012987	0	0.480726	2
493	523	174	523	174	226	227	0	0	0.394558	1
494	549	212	543	212	226	227	0.038961	0	0.480726	2
495	560	198	559	198	226	227	0.00649351	0	0.44898	2
496	478	169	477	169	226	227	0.00649351	0	0.38322	2
497	575	220	574	220	226	228	0.00649351	0	0.498866	2
498	596	198	594	198	226	227	0.012987	0	0.44898	2
499	573	344	576	343	226	227	0.025974	0	0.780045	1
500	523	228	522	228	226	227	0.00649351	0	0.517007	2
501	545	195	543	195	227	228	0.012987	0	0.442177	2
502	593	243	591	244	227	228	0.0194805	0	0.55102	2
503	593	187	587	186	227	230	0.0454545	0	0.424036	2
504	554	223	552	223	227	228	0.012987	0	0.505669	2
505	501	190	498	191	227	228	0.025974	0	0.430839	2
506	691	213	689	214	227	230	0.0194805	0	0.482993	2
507	502	210	500	211	227	228	0.0194805	0	0.47619	2
508	564	230	563	230	227	228	0.00649351	0	0.521542	2
509	536	181	533	181	227	228	0.0194805	0	0.410431	2
510	680	212	677	213	227	229	0.025974	0	0.480726	2
511	584	331	585	330	227	228	0.012987	0	0.750567	1
512	589	217	584	216	227	229	0.038961	0	0.492063	2
513	610	235	609	234	227	228	0.012987	0	0.53288	2
514	586	314	587	313	228	229	0.012987	0	0.712018	1
515	521	174	521	173	228	229	0.00649351	0	0.394558	1
516	598	200	596	200	228	229	0.012987	0	0.453515	2
517	602	175	600	174	228	230	0.0194805	0	0.396825	2
518	481	185	478	185	228	229	0.0194805	0	0.419501	2
519	368	163	364	164	228	229	0.0324675	0	0.369615	2
520	474	225	473	224	228	229	0.012987	0	0.510204	2
521	588	196	584	196	228	230	0.025974	0	0.444444	2
522	531	212	525	212	228	229	0.038961	0	0.480726	2
523	596	313	597	313	228	230	0.00649351	0	0.709751	1
524	557	198	555	197	228	229	0.0194805	0	0.44898	2
525	541	195	538	195	229	230	0.0194805	0	0.442177	2
526	593	243	592	243	229	230	0.00649351	0	0.55102	2
527	517	185	513	185	229	230	0.025974	0	0.419501	2
528	497	189	494	189	229	230	0.0194805	0	0.428571	2
529	531	182	528	182	229	230	0.0194805	0	0.412698	2
530	494	200	491	199	229	230	0.025974	0	0.453515	2
531	479	175	476	175	229	230	0.0194805	0	0.396825	2
532	476	202	473	204	229	230	0.0454545	0	0.45805	2
533	549	220	547	220	229	230	0.012987	0	0.498866	2
534	605	237	603	236	229	230	0.0194805	0	0.537415	2
535	363	184	361	184	229	230	0.012987	0	0.417234	2
536	602	221	600	220	229	230	0.0194805	0	0.501134	2
537	386	228	385	227	229	230	0.012987	0	0.517007	2
538	349	204	350	203	229	230	0.012987	0	0.462585	1