
0	430	140	430	139	82	83	0.00289017	0	0.307692	1
1	28	452	26	452	82	98	0.00578035	0	0.993407	2
2	368	176	368	175	82	83	0.00289017	0	0.386813	1
3	66	455	61	454	83	100	0.017341	0	1	2
4	417	115	416	112	83	84	0.0289017	0	0.252747	2
5	322	164	322	164	83	84	0	0	0.36044	1
6	333	170	333	170	83	84	0	0	0.373626	1
7	387	159	387	158	83	84	0.00289017	0	0.349451	1
8	312	166	312	165	83	84	0.00289017	0	0.364835	1
9	274	218	272	216	83	91	0.017341	0	0.479121	2
10	108	416	77	413	83	120	0.115607	0	0.914286	2
11	432	139	432	138	84	85	0.00289017	0	0.305495	1
12	400	159	401	156	84	86	0.0289017	0	0.349451	1
13	421	168	420	167	84	85	0.00578035	0	0.369231	2
14	296	192	296	191	84	86	0.00289017	0	0.421978	1
15	443	121	438	119	84	86	0.0260116	0	0.265934	2
16	379	168	377	165	84	86	0.0317919	0	0.369231	2
17	203	455	202	454	84	86	0.00578035	0	1	2
18	551	145	552	143	84	85	0.0144509	0	0.318681	1
19	383	135	382	133	85	86	0.0144509	0	0.296703	2
20	416	110	411	103	85	89	0.156069	0	0.241758	2
21	414	142	414	140	85	86	0.0115607	0	0.312088	1
22	389	159	389	158	85	86	0.00289017	0	0.349451	1
23	168	119	171	119	85	88	0.00867052	0	0.261538	1
24	411	183	414	181	85	86	0.0202312	0	0.402198	1
25	330	170	330	169	85	86	0.00289017	0	0.373626	1
26	273	189	274	188	85	86	0.00578035	0	0.415385	1
27	268	293	268	295	85	89	0.0115607	0	0.643956	1
28	390	116	388	114	85	86	0.017341	0	0.254945	2
29	39	441	38	441	86	94	0.00289017	0	0.969231	2
30	289	330	287	330	86	87	0.00578035	0	0.725275	2
31	420	168	419	168	86	87	0.00289017	0	0.369231	2
32	669	380	637	376	86	120	0.138728	0	0.835165	2
33	289	117	290	115	86	89	0.0144509	0	0.257143	1
34	289	209	290	207	86	92	0.0144509	0	0.459341	1
35	550	139	549	140	86	87	0.00578035	0	0.305495	2
36	387	132	386	132	87	90	0.00289017	0	0.29011	2
37	415	138	415	136	87	88	0.0115607	0	0.303297	1
38	392	159	391	158	87	88	0.00578035	0	0.349451	2
39	383	229	383	227	87	88	0.0115607	0	0.503297	1
40	385	147	384	146	87	88	0.00578035	0	0.323077	2
41	277	334	277	333	87	89	0.00289017	0	0.734066	1
42	380	176	378	174	87	88	0.017341	0	0.386813	2
43	202	455	197	454	87	100	0.017341	0	1	2
44	473	173	472	172	87	88	0.00578035	0	0.38022	2
45	215	209	221	211	87	102	0.0289017	0	0.459341	1
46	296	192	296	191	87	88	0.00289017	0	0.421978	1
47	359	202	359	199	88	89	0.0260116	0	0.443956	1
48	422	178	427	180	88	94	0.0260116	0	0.391209	1
49	548	188	544	187	88	98	0.0144509	0	0.413187	2
50	351	143	351	143	88	89	0	0	0.314286	1
51	474	205	473	205	89	91	0.00289017	0	0.450549	2
52	173	121	173	122	89	90	0.00289017	0	0.265934	1
53	551	143	549	143	89	90	0.00578035	0	0.314286	2
54	548	166	547	167	89	90	0.00578035	0	0.364835	2
55	394	87	394	86	89	92	0.00289017	0	0.191209	1
56	127	192	127	189	90	97	0.0260116	0	0.421978	1
57	129	203	129	201	90	95	0.0115607	0	0.446154	1
58	385	196	383	194	90	91	0.017341	0	0.430769	2
59	368	206	368	206	90	91	0	0	0.452747	1
60	413	226	412	225	90	92	0.00578035	0	0.496703	2
61	163	313	162	312	90	91	0.00578035	0	0.687912	2
62	410	101	406	99	90	92	0.0231214	0	0.221978	2
63	392	182	389	181	90	92	0.0115607	0	0.4	2
64	363	186	356	181	90	95	0.0924855	0	0.408791	2
65	367	163	359	157	90	94	0.127168	0	0.358242	2
66	307	341	306	340	90	93	0.00578035	0	0.749451	2
67	300	130	300	129	90	93	0.00289017	0	0.285714	1
68	337	158	338	158	90	91	0.00289017	0	0.347253	1
69	388	160	387	160	90	91	0.00289017	0	0.351648	2
70	409	120	407	117	90	91	0.0317919	0	0.263736	2
71	419	150	419	149	90	91	0.00289017	0	0.32967	1
72	438	181	415	179	90	106	0.0780347	0	0.397802	2
73	545	154	541	154	90	92	0.0115607	0	0.338462	2
74	203	246	205	246	90	91	0.00578035	0	0.540659	1
75	704	68	672	65	90	120	0.118497	0	0.149451	2
76	475	215	471	211	90	97	0.0578035	0	0.472527	2
77	263	314	264	314	90	91	0.00289017	0	0.69011	1
78	557	164	556	165	90	91	0.00578035	0	0.36044	2
79	157	298	155	297	90	94	0.00867052	0	0.654945	2
80	158	338	157	341	90	99	0.0289017	0	0.742857	2
81	68	144	68	143	90	93	0.00289017	0	0.316484	1
82	379	172	376	171	90	91	0.0115607	0	0.378022	2
83	577	180	576	180	90	91	0.00289017	0	0.395604	2
84	529	148	528	152	91	93	0.0491329	0	0.325275	2
85	398	140	397	137	91	94	0.0289017	0	0.307692	2
86	386	134	382	134	91	94	0.0115607	0	0.294505	2
87	404	188	402	188	91	92	0.00578035	0	0.413187	2
88	24	434	24	434	91	97	0	0	0.953846	1
89	312	171	315	170	91	92	0.0115607	0	0.375824	1
90	169	121	168	121	91	92	0.00289017	0	0.265934	2
91	398	159	398	159	91	92	0	0	0.349451	1
92	163	311	162	311	92	93	0.00289017	0	0.683516	2
93	369	205	368	204	92	93	0.00578035	0	0.450549	2
94	466	186	464	186	92	93	0.00578035	0	0.408791	2
95	339	165	339	164	92	93	0.00289017	0	0.362637	1
96	195	247	194	246	92	93	0.00578035	0	0.542857	2
97	380	144	377	143	92	93	0.0115607	0	0.316484	2
98	209	245	211	247	92	95	0.017341	0	0.538462	1
99	286	321	284	321	92	93	0.00578035	0	0.705495	2
100	354	198	350	195	92	93	0.0375723	0	0.435165	2
101	388	218	388	219	92	93	0.00289017	0	0.479121	1
102	184	124	180	123	92	93	0.0144509	0	0.272527	2
103	167	279	137	278	92	104	0.0895954	0	0.613187	2
104	736	70	703	67	92	120	0.121387	0	0.153846	2
105	824	80	791	76	92	120	0.141618	0	0.175824	2
106	545	168	543	166	92	93	0.017341	0	0.369231	2
107	265	220	272	218	93	96	0.0317919	0	0.483516	1
108	466	174	464	171	93	95	0.0317919	0	0.382418	2
109	405	100	404	99	93	94	0.00578035	0	0.21978	2
110	391	114	391	114	93	94	0	0	0.250549	1
111	249	327	244	330	93	96	0.0404624	0	0.718681	2
112	398	187	392	190	93	97	0.0433526	0	0.410989	2
113	466	197	465	197	93	94	0.00289017	0	0.432967	2
114	402	236	402	236	93	96	0	0	0.518681	1
115	168	122	154	120	93	96	0.0520231	0	0.268132	2
116	387	201	384	201	94	95	0.00867052	0	0.441758	2
117	373	219	372	218	94	95	0.00578035	0	0.481319	2
118	369	206	368	205	94	95	0.00578035	0	0.452747	2
119	464	182	463	180	94	95	0.0144509	0	0.4	2
120	313	179	317	178	94	95	0.0144509	0	0.393407	1
121	393	167	393	167	94	95	0	0	0.367033	1
122	299	185	299	183	94	95	0.0115607	0	0.406593	1
123	317	192	324	193	94	96	0.0231214	0	0.421978	1
124	413	170	412	169	94	95	0.00578035	0	0.373626	2
125	383	222	381	220	94	96	0.017341	0	0.487912	2
126	195	247	195	246	94	95	0.00289017	0	0.542857	1
127	346	194	342	189	94	95	0.083815	0	0.426374	2
128	331	171	331	170	94	95	0.00289017	0	0.375824	1
129	378	191	368	188	94	98	0.0549133	0	0.41978	2
130	433	159	438	158	94	96	0.017341	0	0.349451	1
131	165	313	164	312	94	95	0.00578035	0	0.687912	2
132	537	143	532	142	94	95	0.017341	0	0.314286	2
133	37	442	27	442	95	101	0.0289017	0	0.971429	2
134	308	196	313	196	95	96	0.0144509	0	0.430769	1
135	362	159	355	156	95	97	0.0462428	0	0.349451	2
136	376	131	373	130	95	96	0.0115607	0	0.287912	2
137	465	197	461	192	95	98	0.083815	0	0.432967	2
138	403	99	401	96	95	97	0.0317919	0	0.217582	2
139	396	118	395	117	95	96	0.00578035	0	0.259341	2
140	264	334	262	333	95	96	0.00867052	0	0.734066	2
141	396	135	393	134	95	96	0.0115607	0	0.296703	2
142	371	169	363	166	95	98	0.0491329	0	0.371429	2
143	411	155	409	152	95	99	0.0317919	0	0.340659	2
144	68	143	43	142	95	107	0.0751445	0	0.314286	2
145	256	345	251	345	95	100	0.0144509	0	0.758242	2
146	167	105	164	104	95	96	0.0115607	0	0.230769	2
147	129	200	128	198	96	98	0.0144509	0	0.43956	2
148	461	180	458	175	96	98	0.0809249	0	0.395604	2
149	355	182	352	181	96	97	0.0115607	0	0.4	2
150	461	170	456	164	96	99	0.118497	0	0.373626	2
151	209	250	208	254	96	99	0.0491329	0	0.549451	2
152	300	182	300	181	96	97	0.00289017	0	0.4	1
153	409	124	405	120	96	100	0.0578035	0	0.272527	2
154	403	168	401	168	96	97	0.00578035	0	0.369231	2
155	369	224	367	222	96	98	0.017341	0	0.492308	2
156	193	267	191	268	96	97	0.00867052	0	0.586813	2
157	167	122	162	119	96	98	0.0404624	0	0.268132	2
158	290	202	288	200	96	97	0.017341	0	0.443956	2
159	277	217	280	215	97	98	0.0202312	0	0.476923	1
160	392	136	390	134	97	98	0.017341	0	0.298901	2
161	327	194	328	194	97	98	0.00289017	0	0.426374	1
162	288	333	258	330	97	120	0.112717	0	0.731868	2
163	308	126	312	123	97	99	0.0375723	0	0.276923	1
164	413	168	412	167	97	98	0.00578035	0	0.369231	2
165	257	228	274	239	97	102	0.398844	0	0.501099	1
166	160	301	158	301	97	98	0.00578035	0	0.661538	2
167	348	128	331	110	97	107	0.985549	0	0.281319	2
168	149	123	111	122	97	106	0.112717	0	0.27033	2
169	441	160	446	163	97	99	0.0404624	0	0.351648	1
170	184	253	192	250	97	99	0.0491329	0	0.556044	1
171	157	157	153	157	97	100	0.0115607	0	0.345055	2
172	127	188	126	188	98	100	0.00289017	0	0.413187	2
173	277	334	276	334	98	99	0.00289017	0	0.734066	2
174	257	310	256	310	98	99	0.00289017	0	0.681319	2
175	392	183	391	183	98	99	0.00289017	0	0.402198	2
176	297	183	298	182	98	99	0.00578035	0	0.402198	1
177	512	146	501	143	98	100	0.0578035	0	0.320879	2
178	418	119	417	117	98	99	0.0144509	0	0.261538	2
179	391	172	388	172	98	100	0.00867052	0	0.378022	2
180	155	109	149	110	98	99	0.0202312	0	0.23956	2
181	201	310	185	310	98	103	0.0462428	0	0.681319	2
182	284	214	276	216	99	104	0.0346821	0	0.47033	2
183	330	197	329	197	99	100	0.00289017	0	0.432967	2
184	457	176	453	174	99	100	0.0231214	0	0.386813	2
185	459	191	455	188	99	100	0.0375723	0	0.41978	2
186	158	299	156	300	99	100	0.00867052	0	0.657143	2
187	362	136	359	135	99	100	0.0115607	0	0.298901	2
188	306	141	311	142	99	101	0.017341	0	0.30989	1
189	383	160	374	159	99	101	0.0289017	0	0.351648	2
190	131	149	126	149	99	101	0.0144509	0	0.327473	2
191	255	310	236	309	100	106	0.0578035	0	0.681319	2
192	456	163	450	161	100	101	0.0289017	0	0.358242	2
193	422	124	417	123	100	101	0.017341	0	0.272527	2
194	274	334	247	331	100	120	0.104046	0	0.734066	2
195	389	183	385	183	100	101	0.0115607	0	0.402198	2
196	315	123	309	122	100	102	0.0202312	0	0.27033	2
197	298	183	295	183	100	101	0.00867052	0	0.402198	2
198	259	334	254	334	100	101	0.0144509	0	0.734066	2
199	345	146	340	146	100	101	0.0144509	0	0.320879	2
200	396	89	392	87	100	101	0.0231214	0	0.195604	2
201	361	187	355	188	100	101	0.0202312	0	0.410989	2
202	381	233	354	231	100	102	0.0895954	0	0.512088	2
203	542	190	514	188	100	120	0.0924855	0	0.417582	2
204	226	305	191	301	100	104	0.147399	0	0.67033	2
205	383	193	377	194	100	101	0.0202312	0	0.424176	2
206	472	183	468	183	100	101	0.0115607	0	0.402198	2
207	214	290	203	288	100	101	0.0433526	0	0.637363	2
208	124	189	117	190	101	102	0.0231214	0	0.415385	2
209	330	179	325	178	101	102	0.017341	0	0.393407	2
210	456	197	448	195	101	102	0.0346821	0	0.432967	2
211	451	186	444	183	101	102	0.0462428	0	0.408791	2
212	404	119	396	116	101	103	0.0491329	0	0.261538	2
213	519	430	513	429	101	102	0.0202312	0	0.945055	2
214	153	316	140	314	101	104	0.0491329	0	0.694505	2
215	384	168	375	166	101	102	0.0375723	0	0.369231	2
216	142	324	130	323	101	104	0.0375723	0	0.712088	2
217	455	207	436	200	101	104	0.196532	0	0.454945	2
218	320	202	317	199	101	102	0.0346821	0	0.443956	2
219	412	178	405	177	101	102	0.0231214	0	0.391209	2
220	318	169	314	168	101	102	0.0144509	0	0.371429	2
221	388	131	383	128	101	102	0.0404624	0	0.287912	2
222	220	245	220	244	101	104	0.00289017	0	0.538462	1
223	466	201	460	199	101	102	0.0289017	0	0.441758	2
224	270	236	258	233	101	106	0.0606936	0	0.518681	2
225	204	259	198	258	101	102	0.0202312	0	0.569231	2
226	388	232	377	230	101	104	0.0433526	0	0.50989	2
227	411	123	407	123	102	103	0.0115607	0	0.27033	2
228	50	455	34	453	102	120	0.0578035	0	1	2
229	138	302	134	301	102	103	0.0144509	0	0.663736	2
230	444	160	435	156	102	105	0.0722543	0	0.351648	2
231	387	83	384	79	102	104	0.0549133	0	0.182418	2
232	347	189	340	189	102	103	0.0202312	0	0.415385	2
233	234	327	231	325	102	103	0.0202312	0	0.718681	2
234	380	94	377	91	102	103	0.0346821	0	0.206593	2
235	242	215	245	213	102	104	0.0202312	0	0.472527	1
236	380	182	376	179	102	104	0.0375723	0	0.4	2
237	187	455	170	452	102	120	0.0751445	0	1	2
238	520	173	508	170	102	103	0.0606936	0	0.38022	2
239	126	146	122	146	102	104	0.0115607	0	0.320879	2
240	150	269	123	258	102	110	0.427746	0	0.591209	2
241	383	126	383	123	103	104	0.0260116	0	0.276923	1
242	443	191	434	188	103	105	0.0520231	0	0.41978	2
243	367	166	361	166	103	104	0.017341	0	0.364835	2
244	337	211	331	208	103	104	0.0433526	0	0.463736	2
245	308	123	308	123	103	104	0	0	0.27033	1
246	194	256	216	252	103	107	0.109827	0	0.562637	1
247	489	161	471	153	103	105	0.236994	0	0.353846	2
248	413	102	407	97	103	113	0.0895954	0	0.224176	2
249	427	152	428	151	103	104	0.00578035	0	0.334066	1
250	221	210	244	201	103	111	0.300578	0	0.461538	1
251	512	429	498	427	103	120	0.0520231	0	0.942857	2
252	63	455	61	454	103	104	0.00867052	0	1	2
253	131	302	114	295	104	109	0.190751	0	0.663736	2
254	336	190	329	190	104	105	0.0202312	0	0.417582	2
255	398	161	395	160	104	105	0.0115607	0	0.353846	2
256	827	87	814	86	104	120	0.0404624	0	0.191209	2
257	277	202	276	201	104	105	0.00578035	0	0.443956	2
258	313	137	311	137	104	105	0.00578035	0	0.301099	2
259	212	262	208	267	104	107	0.083815	0	0.575824	2
260	277	217	290	218	105	116	0.0404624	0	0.476923	1
261	383	122	383	122	105	107	0	0	0.268132	1
262	432	169	430	170	105	106	0.00867052	0	0.371429	2
263	121	197	122	199	105	107	0.0144509	0	0.432967	1
264	366	188	364	188	105	107	0.00578035	0	0.413187	2
265	119	151	119	151	105	106	0	0	0.331868	1
266	498	169	496	169	105	106	0.00578035	0	0.371429	2
267	227	310	225	310	105	107	0.00578035	0	0.681319	2
268	310	123	311	123	105	106	0.00289017	0	0.27033	1
269	178	288	172	289	105	106	0.0202312	0	0.632967	2
270	290	179	290	178	105	106	0.00289017	0	0.393407	1
271	60	453	55	453	105	109	0.0144509	0	0.995604	2
272	248	216	259	222	105	107	0.135838	0	0.474725	1
273	827	214	817	213	105	120	0.0317919	0	0.47033	2
274	381	75	381	74	105	106	0.00289017	0	0.164835	1
275	310	88	310	89	105	108	0.00289017	0	0.193407	1
276	268	237	267	237	105	106	0.00289017	0	0.520879	2
277	431	196	421	192	106	114	0.0751445	0	0.430769	2
278	358	127	354	127	106	107	0.0115607	0	0.279121	2
279	111	194	109	192	106	107	0.017341	0	0.426374	2
280	275	201	282	197	106	110	0.066474	0	0.441758	1
281	357	209	354	210	106	107	0.0115607	0	0.459341	2
282	433	155	431	155	106	107	0.00578035	0	0.340659	2
283	454	199	450	198	106	108	0.0144509	0	0.437363	2
284	405	166	409	163	106	107	0.0375723	0	0.364835	1
285	188	257	203	254	106	108	0.0693642	0	0.564835	1
286	380	89	381	87	106	107	0.0144509	0	0.195604	1
287	370	226	364	224	106	107	0.0289017	0	0.496703	2
288	368	173	366	172	106	107	0.00867052	0	0.38022	2
289	125	324	121	323	107	108	0.0144509	0	0.712088	2
290	336	142	334	140	107	108	0.017341	0	0.312088	2
291	235	310	231	309	107	108	0.0144509	0	0.681319	2
292	132	314	127	311	107	108	0.0404624	0	0.69011	2
293	120	151	142	133	107	120	1	0	0.331868	1
294	431	169	427	168	107	108	0.0144509	0	0.371429	2
295	312	126	310	125	107	108	0.00867052	0	0.276923	2
296	107	109	99	108	107	109	0.0260116	0	0.23956	2
297	110	148	106	145	107	111	0.0375723	0	0.325275	2
298	156	270	89	264	107	120	0.297688	0	0.593407	2
299	294	178	292	175	107	108	0.0317919	0	0.391209	2
300	121	108	122	106	107	108	0.0144509	0	0.237363	1
301	350	180	347	179	107	108	0.0115607	0	0.395604	2
302	382	121	381	120	108	109	0.00578035	0	0.265934	2
303	109	118	109	114	108	109	0.0462428	0	0.259341	1
304	184	325	181	324	108	109	0.0115607	0	0.714286	2
305	383	81	387	79	108	111	0.0231214	0	0.178022	1
306	365	145	366	145	108	109	0.00289017	0	0.318681	1
307	118	201	116	200	108	111	0.00867052	0	0.441758	2
308	107	190	107	187	108	109	0.0260116	0	0.417582	1
309	453	176	451	175	108	111	0.00867052	0	0.386813	2
310	312	228	309	227	108	112	0.0115607	0	0.501099	2
311	116	90	113	89	108	109	0.0115607	0	0.197802	2
312	490	179	485	177	108	120	0.0260116	0	0.393407	2
313	357	223	349	222	108	109	0.0260116	0	0.49011	2
314	439	174	437	171	108	112	0.0317919	0	0.382418	2
315	315	194	306	192	108	111	0.0375723	0	0.426374	2
316	425	157	424	156	109	110	0.00578035	0	0.345055	2
317	231	308	231	307	109	110	0.00289017	0	0.676923	1
318	335	138	336	136	109	110	0.0144509	0	0.303297	1
319	204	268	204	267	109	110	0.00289017	0	0.589011	1
320	310	127	312	125	109	111	0.017341	0	0.279121	1
321	341	203	341	201	109	110	0.0115607	0	0.446154	1
322	388	169	388	168	109	111	0.00289017	0	0.371429	1
323	409	178	407	177	109	120	0.00867052	0	0.391209	2
324	323	132	323	129	109	111	0.0260116	0	0.29011	1
325	153	333	150	332	109	114	0.0115607	0	0.731868	2
326	125	163	125	162	109	110	0.00289017	0	0.358242	1
327	125	104	131	97	109	111	0.15896	0	0.228571	1
328	264	235	275	236	109	116	0.0346821	0	0.516484	1
329	119	313	115	307	109	111	0.115607	0	0.687912	2
330	381	70	387	70	109	112	0.017341	0	0.153846	1
331	76	455	77	454	109	110	0.00578035	0	1	1
332	331	107	345	101	109	119	0.144509	0	0.235165	1
333	317	211	309	212	109	118	0.0260116	0	0.463736	2
334	111	293	105	290	110	112	0.0433526	0	0.643956	2
335	111	187	116	186	110	111	0.017341	0	0.410989	1
336	420	169	419	168	110	111	0.00578035	0	0.371429	2
337	383	121	384	121	110	111	0.00289017	0	0.265934	1
338	57	454	58	454	110	119	0.00289017	0	0.997802	1
339	185	318	180	317	110	111	0.017341	0	0.698901	2
340	103	111	103	111	110	112	0	0	0.243956	1
341	223	318	221	318	110	119	0.00578035	0	0.698901	2
342	368	133	370	132	110	111	0.00867052	0	0.292308	1
343	226	239	236	236	110	112	0.0549133	0	0.525275	1
344	387	106	388	107	110	111	0.00578035	0	0.232967	1
345	231	308	230	308	111	113	0.00289017	0	0.676923	2
346	337	136	339	135	111	113	0.00867052	0	0.298901	1
347	401	116	402	116	111	112	0.00289017	0	0.254945	1
348	423	151	423	148	111	113	0.0260116	0	0.331868	1
349	333	218	331	219	111	114	0.00867052	0	0.479121	2
350	343	225	341	225	111	118	0.00578035	0	0.494505	2
351	117	262	108	258	111	113	0.0722543	0	0.575824	2
352	827	83	823	84	111	120	0.0144509	0	0.182418	2
353	395	68	397	67	111	112	0.00867052	0	0.149451	1
354	372	154	373	154	111	112	0.00289017	0	0.338462	1
355	212	318	207	318	111	120	0.0144509	0	0.698901	2
356	325	157	322	157	112	113	0.00867052	0	0.345055	2
357	116	201	115	201	112	113	0.00289017	0	0.441758	2
358	173	317	166	316	112	113	0.0231214	0	0.696703	2
359	179	327	170	327	112	113	0.0260116	0	0.718681	2
360	331	147	332	146	112	113	0.00578035	0	0.323077	1
361	244	261	249	259	112	119	0.0260116	0	0.573626	1
362	382	83	383	81	112	113	0.0144509	0	0.182418	1
363	350	194	348	194	112	114	0.00578035	0	0.426374	2
364	103	290	97	289	113	114	0.0202312	0	0.637363	2
365	386	120	386	119	113	114	0.00289017	0	0.263736	1
366	402	118	402	117	113	114	0.00289017	0	0.259341	1
367	182	324	181	323	113	114	0.00578035	0	0.712088	2
368	308	227	306	226	113	115	0.00867052	0	0.498901	2
369	119	299	93	296	113	118	0.101156	0	0.657143	2
370	311	197	308	196	113	117	0.0115607	0	0.432967	2
371	216	254	233	245	113	115	0.283237	0	0.558242	1
372	126	101	126	100	113	114	0.00289017	0	0.221978	1
373	215	265	232	255	113	115	0.33815	0	0.582418	1
374	372	133	372	133	113	114	0	0	0.292308	1
375	235	248	243	247	113	114	0.0260116	0	0.545055	1
376	230	308	228	308	114	120	0.00578035	0	0.676923	2
377	321	157	318	156	114	115	0.0115607	0	0.345055	2
378	362	156	363	155	114	115	0.00578035	0	0.342857	1
379	114	200	112	198	114	115	0.017341	0	0.43956	2
380	340	136	339	135	114	115	0.00578035	0	0.298901	2
381	159	317	150	316	114	115	0.0289017	0	0.696703	2
382	309	182	307	177	114	115	0.0780347	0	0.4	2
383	367	180	365	179	114	116	0.00867052	0	0.395604	2
384	169	322	160	321	114	115	0.0289017	0	0.707692	2
385	102	259	95	258	114	115	0.0231214	0	0.569231	2
386	451	176	450	174	114	115	0.0144509	0	0.386813	2
387	332	146	333	145	114	116	0.00578035	0	0.320879	1
388	373	113	372	112	114	115	0.00578035	0	0.248352	2
389	301	208	299	207	114	115	0.00867052	0	0.457143	2
390	258	243	260	247	114	116	0.0520231	0	0.534066	1
391	220	308	217	308	114	120	0.00867052	0	0.676923	2
392	77	455	77	454	114	117	0.00289017	0	1	1
393	386	118	386	117	115	116	0.00289017	0	0.259341	1
394	180	323	179	323	115	120	0.00289017	0	0.70989	2
395	24	438	24	439	115	119	0.00289017	0	0.962637	1
396	92	289	85	288	115	116	0.0231214	0	0.635165	2
397	117	181	118	178	115	116	0.0289017	0	0.397802	1
398	330	219	330	219	115	119	0	0	0.481319	1
399	96	299	90	298	115	116	0.0202312	0	0.657143	2
400	415	158	414	158	115	116	0.00289017	0	0.347253	2
401	460	173	460	173	115	116	0	0	0.38022	1
402	376	159	376	159	115	116	0	0	0.349451	1
403	426	174	427	172	115	116	0.0144509	0	0.382418	1
404	316	227	315	227	115	116	0.00289017	0	0.498901	2
405	145	337	138	334	115	117	0.0462428	0	0.740659	2
406	313	89	313	91	115	120	0.0115607	0	0.195604	1
407	318	156	318	155	116	120	0.00289017	0	0.342857	1
408	305	227	305	230	116	119	0.0260116	0	0.498901	1
409	50	129	50	131	116	119	0.0115607	0	0.283516	1
410	344	187	344	186	116	117	0.00289017	0	0.410989	1
411	342	135	346	133	116	118	0.0231214	0	0.296703	1
412	423	182	424	179	116	117	0.0289017	0	0.4	1
413	307	174	307	172	116	117	0.0115607	0	0.382418	1
414	392	78	394	79	116	117	0.00867052	0	0.171429	1
415	189	323	188	323	116	120	0.00289017	0	0.70989	2
416	420	118	418	122	116	118	0.0520231	0	0.259341	2
417	385	140	387	140	116	117	0.00578035	0	0.307692	1
418	388	118	389	117	117	118	0.00578035	0	0.259341	1
419	478	140	483	141	117	119	0.017341	0	0.307692	1
420	122	176	129	175	117	119	0.0231214	0	0.386813	1
421	136	188	138	188	117	118	0.00578035	0	0.413187	1
422	346	196	346	195	117	118	0.00289017	0	0.430769	1
423	59	408	57	408	117	120	0.00578035	0	0.896703	2
424	445	130	448	131	117	119	0.0115607	0	0.285714	1
425	461	173	461	173	117	118	0	0	0.38022	1
426	70	290	62	289	118	119	0.0260116	0	0.637363	2
427	353	177	356	176	118	119	0.0115607	0	0.389011	1
428	308	173	308	173	118	119	0	0	0.38022	1
429	343	157	345	156	118	119	0.00867052	0	0.345055	1
430	378	147	379	147	118	119	0.00289017	0	0.323077	1
431	455	186	455	187	118	119	0.00289017	0	0.408791	1
432	433	172	434	170	118	119	0.0144509	0	0.378022	1
433	119	190	122	186	118	119	0.0549133	0	0.417582	1
434	401	101	401	102	118	119	0.00289017	0	0.221978	1
435	396	81	396	83	118	119	0.0115607	0	0.178022	1
436	349	143	351	143	118	119	0.00578035	0	0.314286	1
437	78	261	67	261	118	120	0.0317919	0	0.573626	2
438	407	65	410	66	118	120	0.0115607	0	0.142857	1
439	62	280	56	284	118	119	0.0635838	0	0.615385	2
440	127	104	125	104	118	120	0.00578035	0	0.228571	2
441	65	308	56	308	119	120	0.0260116	0	0.676923	2
442	267	246	272	243	119	120	0.0404624	0	0.540659	1
443	475	159	479	157	119	120	0.0231214	0	0.349451	1
444	198	307	196	306	119	120	0.00867052	0	0.674725	2
445	79	326	73	325	119	120	0.0202312	0	0.716484	2