
0	335	342	332	342	187	188	0.00655022	0	0.754967	2
1	224	433	223	432	187	188	0.00436681	0	0.95585	2
2	222	408	219	410	187	188	0.0152838	0	0.900662	2
3	538	255	538	255	187	190	0	0	0.562914	1
4	549	267	551	266	187	191	0.00655022	0	0.589404	1
5	229	422	230	421	187	188	0.00436681	0	0.931567	1
6	325	348	321	349	187	190	0.010917	0	0.768212	2
7	235	432	239	435	187	188	0.0283843	0	0.953642	1
8	149	177	147	178	187	190	0.00655022	0	0.390728	2
9	139	185	136	186	187	189	0.00873362	0	0.408389	2
10	373	227	376	222	187	189	0.0611354	0	0.501104	1
11	359	227	360	224	188	189	0.0218341	0	0.501104	1
12	244	406	243	405	188	189	0.00436681	0	0.896247	2
13	377	252	377	251	188	189	0.00218341	0	0.556291	1
14	348	340	344	339	188	189	0.010917	0	0.750552	2
15	555	244	555	243	188	192	0.00218341	0	0.538631	1
16	307	234	307	234	188	189	0	0	0.516556	1
17	322	260	322	260	188	189	0	0	0.573951	1
18	438	204	438	202	188	189	0.00873362	0	0.450331	1
19	429	237	430	236	188	191	0.00436681	0	0.523179	1
20	434	226	436	224	189	191	0.0131004	0	0.498896	1
21	453	219	454	219	189	194	0.00218341	0	0.483444	1
22	302	256	306	256	189	190	0.00873362	0	0.565121	1
23	591	80	590	80	189	190	0.00218341	0	0.1766	2
24	223	432	224	432	189	191	0.00218341	0	0.953642	1
25	266	449	266	448	189	191	0.00218341	0	0.99117	1
26	257	276	258	276	189	190	0.00218341	0	0.609272	1
27	243	436	240	434	189	192	0.0152838	0	0.962472	2
28	244	415	243	414	189	190	0.00436681	0	0.916115	2
29	311	205	313	209	189	194	0.0393013	0	0.452539	1
30	256	453	255	452	189	192	0.00436681	0	1	2
31	348	283	358	285	189	202	0.0305677	0	0.624724	1
32	344	232	347	229	189	190	0.0262009	0	0.512141	1
33	220	408	215	406	190	191	0.0196507	0	0.900662	2
34	376	220	380	215	190	193	0.0633188	0	0.485651	1
35	295	265	300	264	190	191	0.0131004	0	0.584989	1
36	412	217	411	214	190	191	0.0218341	0	0.479029	2
37	356	270	355	269	190	192	0.00436681	0	0.596026	2
38	562	282	561	281	190	194	0.00436681	0	0.622517	2
39	135	185	131	186	190	194	0.010917	0	0.408389	2
40	641	162	632	163	190	209	0.0218341	0	0.357616	2
41	815	316	805	316	190	210	0.0218341	0	0.697572	2
42	379	191	382	187	190	192	0.0414847	0	0.421634	1
43	320	55	186	73	190	224	1	0	0.121413	2
44	216	422	213	422	191	193	0.00655022	0	0.931567	2
45	138	236	137	235	191	192	0.00436681	0	0.520971	2
46	590	80	590	79	191	195	0.00218341	0	0.1766	1
47	356	257	357	256	191	193	0.00436681	0	0.567329	1
48	216	233	223	231	191	197	0.0240175	0	0.514349	1
49	232	443	231	442	191	193	0.00436681	0	0.977925	2
50	365	277	365	275	191	192	0.00873362	0	0.611479	1
51	568	78	565	77	191	193	0.00873362	0	0.172185	2
52	421	101	420	101	191	194	0.00218341	0	0.222958	2
53	278	273	282	268	191	194	0.0633188	0	0.602649	1
54	260	277	262	277	191	192	0.00436681	0	0.611479	1
55	399	201	399	199	191	192	0.00873362	0	0.443709	1
56	140	118	142	117	191	194	0.00655022	0	0.260486	1
57	361	206	362	203	191	192	0.0218341	0	0.454746	1
58	443	180	445	178	191	193	0.0131004	0	0.397351	1
59	544	236	545	235	191	193	0.00436681	0	0.520971	1
60	385	271	386	270	191	192	0.00436681	0	0.598234	1
61	322	352	316	348	192	193	0.0480349	0	0.777042	2
62	224	433	222	432	192	193	0.00655022	0	0.95585	2
63	547	268	549	266	192	194	0.0131004	0	0.591611	1
64	298	215	300	218	192	193	0.0240175	0	0.474614	1
65	432	238	432	239	192	194	0.00218341	0	0.525386	1
66	402	273	408	270	192	193	0.0327511	0	0.602649	1
67	330	223	337	222	192	193	0.0174672	0	0.492274	1
68	360	285	360	284	192	193	0.00218341	0	0.629139	1
69	547	207	549	203	192	194	0.0393013	0	0.456954	1
70	327	192	323	190	192	197	0.0174672	0	0.423841	2
71	372	229	374	228	193	194	0.00655022	0	0.505519	1
72	556	244	556	243	193	194	0.00218341	0	0.538631	1
73	437	221	437	218	193	194	0.0196507	0	0.487859	1
74	336	257	342	256	193	194	0.0152838	0	0.567329	1
75	367	274	370	272	193	195	0.0152838	0	0.604857	1
76	342	366	341	366	193	194	0.00218341	0	0.807947	2
77	386	242	386	240	193	194	0.00873362	0	0.534216	1
78	137	237	133	238	193	199	0.010917	0	0.523179	2
79	538	105	528	103	193	196	0.0305677	0	0.231788	2
80	250	292	250	293	193	194	0.00218341	0	0.644592	1
81	536	267	536	266	193	194	0.00218341	0	0.589404	1
82	365	239	366	238	193	194	0.00436681	0	0.527594	1
83	356	269	356	268	193	194	0.00218341	0	0.593819	1
84	266	278	269	277	193	194	0.00873362	0	0.613687	1
85	391	270	396	267	193	194	0.0305677	0	0.596026	1
86	329	349	328	347	194	195	0.010917	0	0.770419	2
87	328	263	324	260	194	196	0.0283843	0	0.580574	2
88	387	185	388	182	194	195	0.0218341	0	0.408389	1
89	362	255	364	253	194	196	0.0131004	0	0.562914	1
90	309	343	287	334	194	200	0.224891	0	0.757174	2
91	245	417	244	416	194	198	0.00436681	0	0.92053	2
92	569	84	568	84	194	195	0.00218341	0	0.18543	2
93	317	219	314	217	194	196	0.0152838	0	0.483444	2
94	337	418	330	420	195	209	0.0240175	0	0.922737	2
95	454	217	452	212	195	199	0.058952	0	0.479029	2
96	438	216	437	213	195	196	0.0218341	0	0.476821	2
97	550	266	549	265	195	199	0.00436681	0	0.587196	2
98	386	269	386	267	195	196	0.00873362	0	0.593819	1
99	323	261	322	260	195	196	0.00436681	0	0.576159	2
100	356	268	356	267	195	196	0.00218341	0	0.591611	1
101	312	350	295	348	195	198	0.0458515	0	0.772627	2
102	413	275	412	274	195	196	0.00436681	0	0.607064	2
103	369	216	371	215	195	196	0.00655022	0	0.476821	1
104	432	240	431	238	195	197	0.010917	0	0.529801	2
105	383	215	385	215	195	196	0.00436681	0	0.474614	1
106	247	310	247	309	195	196	0.00218341	0	0.684327	1
107	312	208	310	207	195	196	0.00655022	0	0.459161	2
108	560	231	559	229	195	196	0.010917	0	0.509934	2
109	273	276	279	275	195	198	0.0152838	0	0.609272	1
110	362	244	363	243	195	196	0.00436681	0	0.538631	1
111	362	229	364	228	195	196	0.00655022	0	0.505519	1
112	315	230	314	229	195	196	0.00436681	0	0.507726	2
113	571	54	564	52	195	197	0.0240175	0	0.119205	2
114	314	326	310	323	195	196	0.0283843	0	0.719647	2
115	322	246	320	245	195	198	0.00655022	0	0.543046	2
116	536	268	538	267	195	199	0.00655022	0	0.591611	1
117	658	47	648	48	195	209	0.0240175	0	0.103753	2
118	403	188	401	187	195	196	0.00655022	0	0.415011	2
119	817	62	807	62	195	209	0.0218341	0	0.136865	2
120	410	119	406	121	195	200	0.0174672	0	0.262693	2
121	225	421	222	420	195	196	0.00873362	0	0.92936	2
122	378	295	379	295	196	202	0.00218341	0	0.651214	1
123	373	274	384	274	196	202	0.0240175	0	0.604857	1
124	325	344	320	341	196	197	0.0305677	0	0.759382	2
125	389	250	392	250	196	197	0.00655022	0	0.551876	1
126	391	181	392	180	196	197	0.00436681	0	0.399558	1
127	208	248	209	246	196	197	0.010917	0	0.547461	1
128	234	435	223	433	196	197	0.0327511	0	0.960265	2
129	385	232	387	231	196	197	0.00655022	0	0.512141	1
130	369	264	372	263	196	198	0.00873362	0	0.582781	1
131	568	84	566	83	196	197	0.00655022	0	0.18543	2
132	221	434	210	432	196	197	0.0327511	0	0.958057	2
133	419	232	419	229	196	198	0.0196507	0	0.512141	1
134	399	248	401	247	196	197	0.00655022	0	0.547461	1
135	403	228	404	225	196	198	0.0218341	0	0.503311	1
136	304	291	292	287	196	199	0.0611354	0	0.642384	2
137	261	305	263	307	196	197	0.0131004	0	0.673289	1
138	299	305	293	305	196	198	0.0131004	0	0.673289	2
139	636	44	496	57	196	225	0.674672	0	0.0971302	2
140	435	210	433	208	197	198	0.0131004	0	0.463576	2
141	330	353	324	349	197	198	0.0480349	0	0.779249	2
142	407	257	408	256	197	198	0.00436681	0	0.567329	1
143	231	404	230	404	197	198	0.00218341	0	0.891832	2
144	348	222	351	220	197	198	0.0152838	0	0.490066	1
145	314	231	312	231	197	198	0.00436681	0	0.509934	2
146	413	274	413	273	197	199	0.00218341	0	0.604857	1
147	526	104	518	101	197	199	0.0371179	0	0.229581	2
148	366	226	368	225	197	198	0.00655022	0	0.498896	1
149	373	237	375	236	197	198	0.00655022	0	0.523179	1
150	560	280	555	278	197	199	0.0196507	0	0.618102	2
151	359	284	358	284	197	199	0.00218341	0	0.626932	2
152	547	231	549	229	197	198	0.0131004	0	0.509934	1
153	551	214	552	211	197	199	0.0218341	0	0.472406	1
154	439	197	439	195	197	198	0.00873362	0	0.434879	1
155	310	206	307	204	197	198	0.0152838	0	0.454746	2
156	389	214	394	214	197	199	0.010917	0	0.472406	1
157	368	59	365	59	197	200	0.00655022	0	0.130243	2
158	314	341	307	340	198	199	0.0174672	0	0.752759	2
159	353	261	353	261	198	199	0	0	0.576159	1
160	229	442	228	441	198	199	0.00436681	0	0.975717	2
161	304	320	300	318	198	199	0.0174672	0	0.706402	2
162	221	432	219	431	198	199	0.00655022	0	0.953642	2
163	224	231	224	231	198	199	0	0	0.509934	1
164	211	247	212	246	198	199	0.00436681	0	0.545254	1
165	259	310	258	313	198	199	0.0218341	0	0.684327	2
166	346	230	348	230	198	199	0.00436681	0	0.507726	1
167	562	51	555	49	198	200	0.0240175	0	0.112583	2
168	291	358	288	358	198	203	0.00655022	0	0.790287	2
169	319	331	308	327	198	200	0.058952	0	0.730684	2
170	541	252	542	250	198	199	0.010917	0	0.556291	1
171	408	207	407	207	198	199	0.00218341	0	0.456954	2
172	120	200	118	200	198	199	0.00436681	0	0.441501	2
173	419	83	413	83	198	203	0.0131004	0	0.183223	2
174	410	255	411	253	199	200	0.010917	0	0.562914	1
175	124	211	118	210	199	202	0.0152838	0	0.465784	2
176	431	209	429	209	199	201	0.00436681	0	0.461369	2
177	363	269	364	269	199	200	0.00218341	0	0.593819	1
178	282	277	283	278	199	200	0.00436681	0	0.611479	1
179	407	226	409	225	199	200	0.00655022	0	0.498896	1
180	375	221	377	221	199	200	0.00436681	0	0.487859	1
181	355	219	358	217	199	200	0.0152838	0	0.483444	1
182	232	404	225	407	199	209	0.0349345	0	0.891832	2
183	378	236	380	235	199	200	0.00655022	0	0.520971	1
184	144	110	143	109	199	200	0.00436681	0	0.242826	2
185	306	203	303	201	199	200	0.0152838	0	0.448124	2
186	374	265	375	264	199	200	0.00436681	0	0.584989	1
187	442	199	440	198	199	201	0.00655022	0	0.439294	2
188	362	250	362	251	199	200	0.00218341	0	0.551876	1
189	183	419	170	417	199	201	0.0371179	0	0.924945	2
190	388	243	389	242	199	200	0.00436681	0	0.536424	1
191	385	193	386	193	199	200	0.00218341	0	0.426049	1
192	190	429	181	429	199	200	0.0196507	0	0.94702	2
193	420	255	421	256	199	200	0.00436681	0	0.562914	1
194	586	82	577	84	199	209	0.0283843	0	0.181015	2
195	216	431	209	428	200	201	0.0349345	0	0.951435	2
196	205	422	198	421	200	201	0.0174672	0	0.931567	2
197	354	264	353	264	200	203	0.00218341	0	0.582781	2
198	263	317	262	317	200	201	0.00218341	0	0.699779	2
199	328	262	332	261	200	201	0.010917	0	0.578366	1
200	569	84	568	83	200	201	0.00436681	0	0.18543	2
201	404	212	404	211	200	201	0.00218341	0	0.467991	1
202	399	176	401	174	200	201	0.0131004	0	0.388521	1
203	420	118	413	120	200	205	0.0240175	0	0.260486	2
204	558	227	561	225	200	201	0.0152838	0	0.501104	1
205	133	240	131	240	200	201	0.00436681	0	0.529801	2
206	298	317	294	316	200	201	0.010917	0	0.699779	2
207	293	271	294	272	200	201	0.00436681	0	0.598234	1
208	514	101	501	100	200	203	0.0305677	0	0.222958	2
209	397	187	398	185	200	201	0.010917	0	0.412804	1
210	552	279	549	279	200	203	0.00655022	0	0.615894	2
211	540	270	543	266	200	202	0.0414847	0	0.596026	1
212	413	252	415	250	201	202	0.0131004	0	0.556291	1
213	176	431	170	434	201	204	0.0327511	0	0.951435	2
214	292	349	290	348	201	202	0.00655022	0	0.770419	2
215	367	270	377	275	201	209	0.0764192	0	0.596026	1
216	205	405	203	404	201	204	0.00655022	0	0.89404	2
217	553	206	553	203	201	203	0.0196507	0	0.454746	1
218	287	335	284	334	201	202	0.00873362	0	0.739514	2
219	220	444	201	435	201	203	0.218341	0	0.980132	2
220	239	234	240	233	201	202	0.00436681	0	0.516556	1
221	381	236	382	235	201	202	0.00436681	0	0.520971	1
222	213	264	213	263	201	202	0.00218341	0	0.582781	1
223	554	262	555	260	201	202	0.010917	0	0.578366	1
224	291	210	289	210	201	202	0.00436681	0	0.463576	2
225	183	441	176	442	201	206	0.0174672	0	0.97351	2
226	283	295	280	293	201	202	0.0152838	0	0.651214	2
227	411	225	414	224	201	202	0.00873362	0	0.496689	1
228	386	194	387	193	201	202	0.00436681	0	0.428256	1
229	145	114	144	112	201	202	0.010917	0	0.251656	2
230	244	417	238	418	201	208	0.0152838	0	0.92053	2
231	255	417	249	420	201	209	0.0327511	0	0.92053	2
232	428	211	427	210	202	203	0.00436681	0	0.465784	2
233	315	314	312	307	202	203	0.113537	0	0.693157	2
234	167	418	163	420	202	203	0.0174672	0	0.922737	2
235	404	210	404	209	202	203	0.00218341	0	0.463576	1
236	393	233	395	232	202	203	0.00655022	0	0.514349	1
237	262	318	261	317	202	203	0.00436681	0	0.701987	2
238	403	173	404	171	202	203	0.010917	0	0.381898	1
239	400	185	401	183	202	203	0.010917	0	0.408389	1
240	168	444	163	445	202	207	0.0131004	0	0.980132	2
241	228	227	233	226	202	205	0.0131004	0	0.501104	1
242	376	245	386	246	202	207	0.0240175	0	0.540839	1
243	199	426	187	423	202	203	0.0458515	0	0.940397	2
244	252	319	254	315	202	205	0.0393013	0	0.704194	1
245	514	147	511	147	202	205	0.00655022	0	0.324503	2
246	212	422	211	422	203	205	0.00218341	0	0.931567	2
247	283	336	281	334	203	204	0.0131004	0	0.741722	2
248	417	250	419	250	203	205	0.00436681	0	0.551876	1
249	388	274	390	273	203	204	0.00655022	0	0.604857	1
250	383	221	385	218	203	206	0.0240175	0	0.487859	1
251	137	236	133	236	203	205	0.00873362	0	0.520971	2
252	412	156	413	150	203	209	0.080786	0	0.344371	1
253	450	206	450	203	203	204	0.0196507	0	0.454746	1
254	384	235	387	235	203	205	0.00655022	0	0.518764	1
255	290	348	288	346	203	204	0.0131004	0	0.768212	2
256	372	210	373	209	203	205	0.00436681	0	0.463576	1
257	214	259	216	257	203	204	0.0131004	0	0.571744	1
258	145	112	144	112	203	205	0.00218341	0	0.247241	2
259	343	256	348	256	203	204	0.010917	0	0.565121	1
260	361	214	363	213	203	204	0.00655022	0	0.472406	1
261	297	200	294	199	203	204	0.00873362	0	0.441501	2
262	529	288	397	302	203	225	0.716157	0	0.635762	2
263	224	238	229	237	203	205	0.0131004	0	0.525386	1
264	391	189	391	185	203	204	0.0349345	0	0.417219	1
265	551	263	553	261	203	204	0.0131004	0	0.580574	1
266	272	322	267	318	204	205	0.0458515	0	0.710817	2
267	402	183	403	181	204	205	0.010917	0	0.403974	1
268	163	422	160	422	204	205	0.00655022	0	0.931567	2
269	297	304	299	305	204	205	0.00655022	0	0.671082	1
270	427	211	426	210	204	205	0.00436681	0	0.465784	2
271	351	269	350	268	204	206	0.00436681	0	0.593819	2
272	368	289	364	290	204	208	0.010917	0	0.637969	2
273	439	227	439	230	204	207	0.0196507	0	0.501104	1
274	289	276	296	276	204	206	0.0152838	0	0.609272	1
275	405	169	406	167	204	206	0.010917	0	0.373068	1
276	415	271	412	271	204	207	0.00655022	0	0.598234	2
277	363	258	362	257	204	205	0.00436681	0	0.569536	2
278	238	257	240	259	204	206	0.0131004	0	0.567329	1
279	303	224	299	223	204	205	0.010917	0	0.494481	2
280	411	80	402	84	204	209	0.0545852	0	0.1766	2
281	238	273	235	275	204	208	0.0152838	0	0.602649	2
282	394	274	396	274	205	206	0.00436681	0	0.604857	1
283	451	203	449	206	205	209	0.0240175	0	0.448124	2
284	287	346	283	342	205	206	0.0436681	0	0.763797	2
285	401	232	400	232	205	206	0.00218341	0	0.512141	2
286	555	205	555	206	205	206	0.00218341	0	0.452539	1
287	168	435	165	434	205	206	0.00873362	0	0.960265	2
288	306	182	288	182	205	210	0.0393013	0	0.401766	2
289	293	198	290	197	205	206	0.00873362	0	0.437086	2
290	204	404	198	407	205	209	0.0327511	0	0.891832	2
291	384	190	384	185	205	207	0.0545852	0	0.419426	1
292	400	204	401	204	205	206	0.00218341	0	0.450331	1
293	557	222	557	221	205	206	0.00218341	0	0.490066	1
294	141	398	113	394	205	209	0.0960699	0	0.878587	2
295	169	385	156	377	205	207	0.168122	0	0.84989	2
296	301	327	300	331	205	209	0.0371179	0	0.721854	2
297	303	239	296	238	205	208	0.0174672	0	0.527594	2
298	277	341	269	341	205	206	0.0174672	0	0.752759	2
299	567	222	570	218	205	209	0.0414847	0	0.490066	1
300	212	260	216	259	205	206	0.010917	0	0.573951	1
301	421	252	424	253	206	207	0.00873362	0	0.556291	1
302	210	422	205	424	206	209	0.0196507	0	0.931567	2
303	237	231	239	231	206	207	0.00436681	0	0.509934	1
304	144	114	143	116	206	207	0.010917	0	0.251656	2
305	142	395	134	393	206	207	0.0262009	0	0.871965	2
306	388	264	391	266	206	209	0.0152838	0	0.582781	1
307	361	59	358	60	206	208	0.00873362	0	0.130243	2
308	140	412	119	412	206	209	0.0458515	0	0.909492	2
309	277	203	268	200	206	208	0.0393013	0	0.448124	2
310	486	100	468	100	206	209	0.0393013	0	0.220751	2
311	376	40	373	41	206	207	0.00873362	0	0.0883002	2
312	311	274	314	274	206	207	0.00655022	0	0.604857	1
313	286	234	282	234	206	207	0.00873362	0	0.516556	2
314	399	275	402	276	207	208	0.00873362	0	0.607064	1
315	405	294	408	294	207	208	0.00655022	0	0.649007	1
316	163	433	156	430	207	208	0.0349345	0	0.95585	2
317	264	341	256	343	207	209	0.0262009	0	0.752759	2
318	288	196	285	196	207	208	0.00655022	0	0.432671	2
319	415	221	416	221	207	208	0.00218341	0	0.487859	1
320	353	262	355	261	207	208	0.00655022	0	0.578366	1
321	407	167	406	166	207	209	0.00436681	0	0.368653	2
322	363	255	365	254	207	208	0.00655022	0	0.562914	1
323	153	422	145	420	207	208	0.0262009	0	0.931567	2
324	174	440	168	435	207	208	0.0676856	0	0.971302	2
325	341	266	340	266	207	208	0.00218341	0	0.587196	2
326	440	268	440	268	207	209	0	0	0.591611	1
327	241	261	242	262	207	208	0.00436681	0	0.576159	1
328	282	215	279	216	207	208	0.00873362	0	0.474614	2
329	557	190	556	190	207	209	0.00218341	0	0.419426	2
330	366	211	364	212	208	209	0.00655022	0	0.465784	2
331	149	376	142	378	208	209	0.0240175	0	0.830022	2
332	389	216	389	215	208	209	0.00218341	0	0.476821	1
333	243	231	244	231	208	209	0.00218341	0	0.509934	1
334	439	232	436	233	208	209	0.00873362	0	0.512141	2
335	350	274	351	273	208	209	0.00436681	0	0.604857	1
336	217	423	215	424	208	209	0.00655022	0	0.933775	2
337	827	184	825	184	208	209	0.00436681	0	0.406181	2
338	399	206	401	206	208	209	0.00436681	0	0.454746	1
339	475	147	473	147	208	209	0.00436681	0	0.324503	2
340	389	245	391	245	208	209	0.00436681	0	0.540839	1
341	234	422	230	423	209	210	0.010917	0	0.931567	2
342	247	262	248	263	209	210	0.00436681	0	0.578366	1
343	434	248	432	247	209	210	0.00655022	0	0.547461	2
344	316	423	193	438	210	225	0.759825	0	0.933775	2
345	287	437	162	453	210	225	0.831878	0	0.96468	2
346	257	411	230	416	210	212	0.113537	0	0.907285	2
347	328	421	301	425	210	212	0.0938865	0	0.92936	2
348	425	259	399	262	210	212	0.0764192	0	0.571744	2
349	274	439	263	441	210	211	0.0327511	0	0.969095	2
350	203	428	176	433	210	212	0.113537	0	0.944812	2
351	553	212	529	210	210	212	0.0611354	0	0.467991	2
352	599	35	574	37	210	212	0.0633188	0	0.0772627	2
353	391	271	370	276	210	212	0.100437	0	0.598234	2
354	372	290	351	293	210	212	0.0655022	0	0.640177	2
355	546	274	542	270	210	211	0.0436681	0	0.604857	2
356	389	230	382	231	210	211	0.0174672	0	0.507726	2
357	243	289	230	288	210	211	0.0305677	0	0.637969	2
358	405	172	380	173	210	212	0.0567686	0	0.379691	2
359	752	318	627	325	210	225	0.379913	0	0.701987	2
360	551	241	526	240	210	212	0.0567686	0	0.532009	2
361	389	205	381	205	210	211	0.0174672	0	0.452539	2
362	635	304	511	314	210	225	0.489083	0	0.671082	2
363	675	309	649	310	210	212	0.058952	0	0.682119	2
364	361	261	357	262	210	211	0.010917	0	0.576159	2
365	106	397	68	397	210	212	0.0829694	0	0.87638	2
366	360	292	342	296	210	212	0.0742358	0	0.644592	2
367	253	214	246	216	210	211	0.0240175	0	0.472406	2
368	714	313	687	314	210	212	0.0611354	0	0.690949	2
369	611	292	486	302	210	225	0.491266	0	0.644592	2
370	559	295	532	297	210	212	0.0676856	0	0.651214	2
371	246	411	235	413	210	211	0.0327511	0	0.907285	2
372	792	318	765	319	210	212	0.0611354	0	0.701987	2
373	492	281	366	293	210	225	0.58952	0	0.620309	2
374	359	213	249	226	210	223	0.60917	0	0.470199	2
375	237	256	216	259	210	212	0.0655022	0	0.565121	2
376	403	84	275	88	210	225	0.31441	0	0.18543	2
377	464	103	410	105	210	213	0.126638	0	0.227373	2
378	106	442	78	448	210	212	0.139738	0	0.975717	2
379	762	313	636	320	210	225	0.382096	0	0.690949	2
380	550	227	541	226	210	211	0.0218341	0	0.501104	2
381	392	247	374	251	210	212	0.0742358	0	0.545254	2
382	530	286	404	298	210	225	0.58952	0	0.631347	2
383	402	208	382	210	210	212	0.0524017	0	0.459161	2
384	155	97	52	107	210	220	0.443231	0	0.214128	2
385	645	298	519	308	210	225	0.49345	0	0.657837	2
386	570	219	563	219	210	211	0.0152838	0	0.483444	2
387	411	267	388	269	210	212	0.058952	0	0.589404	2
388	595	296	471	306	210	225	0.489083	0	0.653422	2
389	272	225	260	229	210	211	0.0611354	0	0.496689	2
390	101	381	62	385	210	212	0.120087	0	0.84106	2
391	149	432	125	429	210	211	0.0720524	0	0.953642	2
392	568	203	545	200	210	212	0.069869	0	0.448124	2
393	117	439	87	446	210	212	0.172489	0	0.969095	2
394	445	282	356	292	210	220	0.412664	0	0.622517	2
395	345	263	304	268	210	213	0.144105	0	0.580574	2
396	569	289	443	300	210	225	0.539301	0	0.637969	2
397	547	198	468	190	210	221	0.312227	0	0.437086	2
398	613	34	588	36	210	212	0.0633188	0	0.0750552	2
399	213	427	185	432	210	212	0.115721	0	0.942605	2
400	685	303	559	312	210	225	0.451965	0	0.668874	2
401	221	410	193	414	210	212	0.0960699	0	0.905077	2
402	391	172	366	174	210	212	0.0633188	0	0.379691	2
403	583	230	546	230	210	214	0.080786	0	0.507726	2
404	197	410	171	415	210	212	0.111354	0	0.905077	2
405	425	184	402	185	210	212	0.0524017	0	0.406181	2
406	777	61	647	69	210	225	0.423581	0	0.134658	2
407	402	298	384	300	211	212	0.0480349	0	0.657837	2
408	223	425	109	440	211	225	0.740175	0	0.93819	2
409	412	229	382	231	211	213	0.0742358	0	0.505519	2
410	384	219	370	220	211	212	0.0327511	0	0.483444	2
411	425	248	370	255	211	217	0.227074	0	0.547461	2
412	406	152	389	153	211	212	0.0393013	0	0.335541	2
413	276	180	133	181	211	225	0.31441	0	0.397351	2
414	595	81	474	91	211	225	0.482533	0	0.178808	2
415	395	284	379	286	211	212	0.0436681	0	0.626932	2
416	429	233	412	234	211	212	0.0393013	0	0.514349	2
417	239	267	227	268	211	212	0.0283843	0	0.589404	2
418	390	297	373	298	211	212	0.0393013	0	0.655629	2
419	317	287	287	300	211	220	0.434498	0	0.633554	2
420	356	225	339	227	211	212	0.0458515	0	0.496689	2
421	714	308	597	316	211	225	0.395197	0	0.679912	2
422	797	314	679	320	211	225	0.336245	0	0.693157	2
423	309	298	287	309	211	216	0.312227	0	0.657837	2
424	394	224	378	225	211	212	0.0371179	0	0.494481	2
425	398	235	383	236	211	212	0.0349345	0	0.518764	2
426	554	160	569	164	211	212	0.0676856	0	0.353201	1
427	315	312	304	313	211	212	0.0262009	0	0.688742	2
428	437	206	421	205	211	212	0.0371179	0	0.454746	2
429	566	86	447	96	211	225	0.478166	0	0.189845	2
430	92	235	74	237	211	212	0.0480349	0	0.518764	2
431	626	163	538	175	211	225	0.50655	0	0.359823	2
432	368	233	357	234	212	213	0.0262009	0	0.514349	2
433	212	285	196	283	212	213	0.0436681	0	0.629139	2
434	218	417	121	429	212	225	0.526201	0	0.92053	2
435	543	218	528	216	212	213	0.0414847	0	0.481236	2
436	397	204	392	204	213	214	0.010917	0	0.450331	2
437	210	327	192	322	213	215	0.0938865	0	0.721854	2
438	163	434	84	444	213	224	0.39083	0	0.958057	2
439	216	418	132	428	213	225	0.401747	0	0.922737	2
440	558	38	469	45	213	225	0.30131	0	0.0838852	2
441	286	428	202	437	213	225	0.360262	0	0.944812	2
442	411	205	403	203	213	214	0.0262009	0	0.452539	2
443	573	44	484	51	213	225	0.30131	0	0.0971302	2
444	57	218	36	220	213	216	0.0545852	0	0.481236	2
445	212	340	196	333	213	215	0.141921	0	0.750552	2
446	235	444	151	454	213	225	0.401747	0	0.980132	2
447	517	228	508	225	213	215	0.0393013	0	0.503311	2
448	347	267	342	267	213	214	0.010917	0	0.589404	2
449	346	285	342	286	213	214	0.010917	0	0.629139	2
450	394	235	382	233	213	215	0.0349345	0	0.518764	2
451	385	264	377	265	213	214	0.0196507	0	0.582781	2
452	514	206	508	204	213	214	0.0218341	0	0.454746	2
453	793	329	708	334	213	225	0.240175	0	0.726269	2
454	329	229	321	229	213	214	0.0174672	0	0.505519	2
455	337	269	334	271	213	214	0.0152838	0	0.593819	2
456	279	286	275	295	213	217	0.18559	0	0.631347	2
457	72	448	64	446	213	214	0.0262009	0	0.988962	2
458	318	276	310	276	213	214	0.0174672	0	0.609272	2
459	361	298	349	299	213	215	0.0283843	0	0.657837	2
460	817	113	729	118	213	225	0.246725	0	0.249448	2
461	519	278	511	277	213	214	0.0196507	0	0.613687	2
462	749	183	662	188	213	225	0.244541	0	0.403974	2
463	212	243	207	244	213	214	0.0131004	0	0.536424	2
464	374	203	368	203	213	214	0.0131004	0	0.448124	2
465	156	417	71	428	213	225	0.449782	0	0.92053	2
466	374	274	367	274	213	214	0.0152838	0	0.604857	2
467	373	154	365	154	213	214	0.0174672	0	0.339956	2
468	350	176	323	176	213	217	0.058952	0	0.388521	2
469	384	219	376	218	213	214	0.0196507	0	0.483444	2
470	518	299	434	306	213	225	0.290393	0	0.660044	2
471	751	320	666	325	213	225	0.240175	0	0.706402	2
472	219	204	202	203	213	215	0.0393013	0	0.450331	2
473	367	170	352	170	213	216	0.0327511	0	0.375276	2
474	199	328	186	327	213	214	0.0305677	0	0.724062	2
475	182	416	98	427	213	225	0.447598	0	0.918322	2
476	206	428	121	439	213	225	0.449782	0	0.944812	2
477	717	180	630	186	213	225	0.268559	0	0.397351	2
478	333	219	321	220	213	215	0.0283843	0	0.483444	2
479	685	176	598	182	213	225	0.268559	0	0.388521	2
480	569	34	486	40	213	224	0.259825	0	0.0750552	2
481	371	304	336	315	213	220	0.340611	0	0.671082	2
482	55	427	45	425	214	215	0.0305677	0	0.942605	2
483	206	212	201	212	214	215	0.010917	0	0.467991	2
484	826	335	748	338	214	225	0.189956	0	0.739514	2
485	363	290	360	290	214	215	0.00655022	0	0.640177	2
486	827	168	815	167	214	217	0.0283843	0	0.370861	2
487	391	274	358	278	214	219	0.106987	0	0.604857	2
488	319	240	304	242	214	217	0.0414847	0	0.529801	2
489	212	290	194	293	215	218	0.058952	0	0.640177	2
490	318	230	306	231	215	217	0.0283843	0	0.507726	2
491	52	435	40	431	215	216	0.0611354	0	0.960265	2
492	338	297	338	299	215	216	0.00873362	0	0.655629	1
493	221	245	215	245	215	216	0.0131004	0	0.540839	2
494	341	263	338	264	215	216	0.00873362	0	0.580574	2
495	362	154	358	154	215	216	0.00873362	0	0.339956	2
496	206	247	204	249	215	216	0.0131004	0	0.545254	2
497	528	251	527	250	215	216	0.00436681	0	0.554084	2
498	288	340	285	343	215	216	0.0262009	0	0.750552	2
499	371	209	366	211	215	217	0.0196507	0	0.461369	2
500	824	111	749	114	215	225	0.183406	0	0.245033	2
501	769	188	695	191	215	225	0.181223	0	0.415011	2
502	354	226	349	226	215	216	0.010917	0	0.498896	2
503	216	198	201	197	215	217	0.0349345	0	0.437086	2
504	341	235	329	240	215	218	0.080786	0	0.518764	2
505	395	200	389	199	216	217	0.0152838	0	0.441501	2
506	206	273	202	275	216	217	0.0174672	0	0.602649	2
507	353	238	348	238	216	217	0.010917	0	0.525386	2
508	357	290	354	289	216	217	0.00873362	0	0.640177	2
509	185	322	174	321	216	217	0.0262009	0	0.710817	2
510	533	272	522	276	216	218	0.058952	0	0.600442	2
511	390	210	374	211	216	218	0.0371179	0	0.463576	2
512	323	276	308	277	216	218	0.0349345	0	0.609272	2
513	538	243	533	241	217	218	0.0196507	0	0.536424	2
514	351	150	326	152	217	220	0.0633188	0	0.331126	2
515	512	236	504	236	217	218	0.0174672	0	0.520971	2
516	278	346	243	345	217	222	0.0786026	0	0.763797	2
517	184	314	172	312	217	218	0.0349345	0	0.693157	2
518	519	259	516	258	217	218	0.00873362	0	0.571744	2
519	201	252	169	250	217	222	0.0786026	0	0.556291	2
520	337	309	335	311	217	218	0.0131004	0	0.682119	2
521	342	287	337	289	217	218	0.0196507	0	0.633554	2
522	509	264	506	259	217	219	0.0611354	0	0.582781	2
523	611	315	549	318	217	225	0.155022	0	0.695364	2
524	541	232	516	227	217	222	0.10917	0	0.512141	2
525	194	311	179	308	217	218	0.0524017	0	0.686534	2
526	210	226	201	227	217	218	0.0218341	0	0.498896	2
527	354	249	348	250	217	218	0.0152838	0	0.549669	2
528	334	207	325	207	217	218	0.0196507	0	0.456954	2
529	324	203	315	202	217	218	0.0218341	0	0.448124	2
530	168	301	104	295	217	223	0.218341	0	0.664459	2
531	272	277	210	283	217	225	0.213974	0	0.611479	2
532	348	171	295	174	217	224	0.135371	0	0.377483	2
533	288	342	280	342	217	218	0.0174672	0	0.754967	2
534	380	199	370	199	218	219	0.0218341	0	0.439294	2
535	190	275	186	278	218	219	0.0283843	0	0.607064	2
536	361	212	354	213	218	219	0.0174672	0	0.467991	2
537	342	238	334	239	218	219	0.0196507	0	0.525386	2
538	203	275	195	276	218	219	0.0196507	0	0.607064	2
539	318	287	301	288	218	220	0.0393013	0	0.633554	2
540	181	252	166	252	218	220	0.0327511	0	0.556291	2
541	811	196	802	195	218	219	0.0218341	0	0.432671	2
542	808	168	763	168	218	225	0.0982533	0	0.370861	2
543	316	177	299	176	218	220	0.0393013	0	0.390728	2
544	364	209	355	209	219	220	0.0196507	0	0.461369	2
545	529	242	518	241	219	221	0.0262009	0	0.534216	2
546	314	278	297	279	219	221	0.0393013	0	0.613687	2
547	286	240	260	238	219	222	0.0655022	0	0.529801	2
548	358	242	354	243	219	220	0.010917	0	0.534216	2
549	185	295	156	291	219	223	0.0982533	0	0.651214	2
550	181	200	170	199	219	220	0.0262009	0	0.441501	2
551	821	79	774	80	219	225	0.104803	0	0.174393	2
552	323	242	299	242	219	222	0.0524017	0	0.534216	2
553	334	293	329	296	219	220	0.0305677	0	0.646799	2
554	344	160	335	160	219	220	0.0196507	0	0.353201	2
555	317	208	301	208	219	221	0.0349345	0	0.459161	2
556	195	293	186	294	219	220	0.0218341	0	0.646799	2
557	822	121	776	123	219	225	0.10917	0	0.267108	2
558	374	287	357	288	219	221	0.0393013	0	0.633554	2
559	341	296	337	297	220	221	0.010917	0	0.653422	2
560	826	341	789	341	220	225	0.080786	0	0.752759	2
561	124	287	107	288	220	222	0.0393013	0	0.633554	2
562	326	317	295	319	220	224	0.0764192	0	0.699779	2
563	319	266	313	266	220	221	0.0131004	0	0.587196	2
564	308	197	299	197	220	221	0.0196507	0	0.434879	2
565	344	220	325	219	220	225	0.0436681	0	0.485651	2
566	151	245	127	244	220	223	0.0545852	0	0.540839	2
567	327	240	320	240	220	221	0.0152838	0	0.529801	2
568	185	288	170	289	221	223	0.0349345	0	0.635762	2
569	323	298	300	303	221	225	0.104803	0	0.657837	2
570	292	177	272	176	221	224	0.0458515	0	0.390728	2
571	275	304	272	303	221	222	0.00873362	0	0.671082	2
572	823	199	794	199	221	225	0.0633188	0	0.439294	2
573	350	209	342	208	221	222	0.0196507	0	0.461369	2
574	327	316	298	318	221	225	0.0720524	0	0.697572	2
575	317	153	288	154	221	225	0.0655022	0	0.337748	2
576	286	296	283	296	221	222	0.00655022	0	0.653422	2
577	159	252	135	250	221	225	0.0611354	0	0.556291	2
578	299	289	290	289	221	222	0.0196507	0	0.637969	2
579	159	198	140	196	221	223	0.0502183	0	0.437086	2
580	328	160	313	159	221	223	0.0349345	0	0.353201	2
581	816	29	793	29	221	224	0.0502183	0	0.0640177	2
582	121	318	103	313	221	223	0.0938865	0	0.701987	2
583	309	224	301	224	221	222	0.0174672	0	0.494481	2
584	498	275	491	272	221	222	0.0349345	0	0.607064	2
585	272	276	248	275	221	224	0.0545852	0	0.609272	2
586	336	300	333	301	222	223	0.00873362	0	0.662252	2
587	341	310	343	314	222	223	0.0393013	0	0.684327	1
588	475	222	468	221	222	223	0.0174672	0	0.490066	2
589	298	270	282	270	222	224	0.0349345	0	0.596026	2
590	271	221	258	219	222	224	0.0371179	0	0.487859	2
591	775	196	768	196	222	223	0.0152838	0	0.432671	2
592	122	309	112	309	222	223	0.0218341	0	0.682119	2
593	293	193	278	190	222	224	0.0524017	0	0.426049	2
594	292	349	289	353	222	224	0.0414847	0	0.770419	2
595	326	269	317	275	222	225	0.0982533	0	0.593819	2
596	163	249	156	247	223	224	0.0240175	0	0.549669	2
597	292	259	277	259	223	225	0.0327511	0	0.571744	2
598	322	292	315	294	223	225	0.0240175	0	0.644592	2
599	282	282	280	283	223	224	0.00655022	0	0.622517	2
600	268	282	261	282	223	224	0.0152838	0	0.622517	2
601	332	302	330	305	224	225	0.0240175	0	0.666667	2
602	165	289	159	289	224	225	0.0131004	0	0.637969	2
603	762	196	756	196	224	225	0.0131004	0	0.432671	2
604	821	73	814	73	224	225	0.0152838	0	0.161148	2
605	496	255	495	254	224	225	0.00436681	0	0.562914	2
606	134	196	127	196	224	225	0.0152838	0	0.432671	2
607	337	237	333	235	224	225	0.0174672	0	0.523179	2
608	90	283	82	283	224	225	0.0174672	0	0.624724	2
609	827	58	820	58	224	225	0.0152838	0	0.128035	2
610	155	296	151	292	224	225	0.0436681	0	0.653422	2
611	263	190	257	189	224	225	0.0152838	0	0.419426	2