
0	334	211	334	209	202	204	0.00671141	0	0.463736	1
1	464	257	464	258	202	204	0.00167785	0	0.564835	1
2	377	192	377	191	202	203	0.00167785	0	0.421978	1
3	415	237	417	235	202	204	0.0100671	0	0.520879	1
4	401	188	401	185	202	203	0.0151007	0	0.413187	1
5	392	275	392	278	203	206	0.0151007	0	0.604396	1
6	364	252	364	251	203	204	0.00167785	0	0.553846	1
7	321	186	322	184	203	204	0.00838926	0	0.408791	1
8	403	266	403	266	203	204	0	0	0.584615	1
9	439	229	437	228	203	204	0.00503356	0	0.503297	2
10	201	215	201	215	203	204	0	0	0.472527	1
11	374	266	374	266	203	205	0	0	0.584615	1
12	408	246	408	245	203	204	0.00167785	0	0.540659	1
13	313	237	317	231	203	211	0.0671141	0	0.520879	1
14	418	202	417	202	203	204	0.00167785	0	0.443956	2
15	342	233	343	232	203	205	0.0033557	0	0.512088	1
16	382	276	382	276	203	204	0	0	0.606593	1
17	346	244	345	243	203	204	0.0033557	0	0.536264	2
18	457	246	455	245	203	204	0.00503356	0	0.540659	2
19	339	223	340	222	203	204	0.0033557	0	0.49011	1
20	316	196	317	196	203	204	0.00167785	0	0.430769	1
21	479	256	479	254	203	204	0.00671141	0	0.562637	1
22	308	220	308	220	203	207	0	0	0.483516	1
23	345	267	345	267	203	204	0	0	0.586813	1
24	332	177	336	173	203	205	0.033557	0	0.389011	1
25	369	203	369	202	204	205	0.00167785	0	0.446154	1
26	361	213	362	214	204	205	0.0033557	0	0.468132	1
27	381	202	385	200	204	207	0.0134228	0	0.443956	1
28	604	256	605	255	204	206	0.0033557	0	0.562637	1
29	377	190	378	189	204	206	0.0033557	0	0.417582	1
30	391	231	391	228	204	205	0.0151007	0	0.507692	1
31	484	271	483	270	204	205	0.0033557	0	0.595604	2
32	529	296	526	298	204	206	0.011745	0	0.650549	2
33	398	161	394	158	204	207	0.0218121	0	0.353846	2
34	404	269	403	271	205	206	0.00838926	0	0.591209	2
35	498	281	498	280	205	206	0.00167785	0	0.617582	1
36	365	251	364	251	205	206	0.00167785	0	0.551648	2
37	464	258	463	257	205	206	0.0033557	0	0.567033	2
38	294	264	296	263	205	209	0.00503356	0	0.58022	1
39	542	305	545	306	205	208	0.00671141	0	0.67033	1
40	340	200	340	198	205	206	0.00671141	0	0.43956	1
41	192	241	191	241	205	206	0.00167785	0	0.52967	2
42	328	270	333	270	205	206	0.00838926	0	0.593407	1
43	528	252	526	251	205	206	0.00503356	0	0.553846	2
44	401	244	401	243	205	206	0.00167785	0	0.536264	1
45	315	251	315	249	205	206	0.00671141	0	0.551648	1
46	433	229	429	227	205	206	0.0134228	0	0.503297	2
47	404	202	402	201	205	206	0.00503356	0	0.443956	2
48	364	214	367	214	206	208	0.00503356	0	0.47033	1
49	349	220	351	218	206	209	0.0100671	0	0.483516	1
50	309	210	309	210	206	207	0	0	0.461538	1
51	393	226	394	221	206	208	0.0436242	0	0.496703	1
52	519	231	516	231	206	208	0.00503356	0	0.507692	2
53	372	203	373	202	206	207	0.0033557	0	0.446154	1
54	414	260	416	260	206	207	0.0033557	0	0.571429	1
55	418	204	414	202	206	208	0.0134228	0	0.448352	2
56	543	419	543	418	206	212	0.00167785	0	0.920879	1
57	568	410	568	410	206	215	0	0	0.901099	1
58	362	199	364	199	206	208	0.0033557	0	0.437363	1
59	326	208	327	208	206	207	0.00167785	0	0.457143	1
60	608	253	608	253	207	208	0	0	0.556044	1
61	499	280	499	279	207	208	0.00167785	0	0.615385	1
62	365	252	365	252	207	208	0	0	0.553846	1
63	394	240	395	236	207	208	0.0285235	0	0.527473	1
64	403	274	402	274	207	209	0.00167785	0	0.602198	2
65	354	186	358	184	207	209	0.0134228	0	0.408791	1
66	198	253	196	254	207	208	0.00503356	0	0.556044	2
67	381	190	381	189	207	208	0.00167785	0	0.417582	1
68	527	301	524	302	207	209	0.00671141	0	0.661538	2
69	316	247	316	244	207	209	0.0151007	0	0.542857	1
70	603	241	604	240	207	208	0.0033557	0	0.52967	1
71	325	230	325	229	207	208	0.00167785	0	0.505495	1
72	203	215	204	216	207	209	0.0033557	0	0.472527	1
73	443	251	435	248	207	208	0.0285235	0	0.551648	2
74	526	269	524	270	207	208	0.00503356	0	0.591209	2
75	213	221	214	220	207	208	0.0033557	0	0.485714	1
76	211	241	208	245	207	210	0.0318792	0	0.52967	2
77	191	243	191	243	207	209	0	0	0.534066	1
78	347	243	347	242	207	208	0.00167785	0	0.534066	1
79	310	213	309	212	208	209	0.0033557	0	0.468132	2
80	533	313	532	312	208	210	0.0033557	0	0.687912	2
81	407	259	410	260	208	209	0.00671141	0	0.569231	1
82	373	263	375	260	208	209	0.0184564	0	0.578022	1
83	523	251	521	249	208	209	0.0100671	0	0.551648	2
84	609	208	623	204	208	217	0.0503356	0	0.457143	1
85	298	273	298	272	208	209	0.00167785	0	0.6	1
86	400	148	390	151	208	219	0.0318792	0	0.325275	2
87	345	198	347	197	208	209	0.00503356	0	0.435165	1
88	411	219	410	218	208	209	0.0033557	0	0.481319	2
89	608	137	622	134	208	216	0.0385906	0	0.301099	1
90	361	228	362	227	208	209	0.0033557	0	0.501099	1
91	328	209	328	209	208	209	0	0	0.459341	1
92	348	261	351	260	208	209	0.00671141	0	0.573626	1
93	567	388	569	387	208	211	0.00503356	0	0.852747	1
94	369	160	367	160	208	209	0.0033557	0	0.351648	2
95	518	283	514	283	208	209	0.00671141	0	0.621978	2
96	546	305	542	305	209	210	0.00671141	0	0.67033	2
97	395	219	396	217	209	210	0.00838926	0	0.481319	1
98	329	234	329	233	209	210	0.00167785	0	0.514286	1
99	608	240	610	238	209	211	0.0100671	0	0.527473	1
100	195	255	196	255	209	216	0.00167785	0	0.56044	1
101	514	231	513	231	209	210	0.00167785	0	0.507692	2
102	305	235	308	237	209	212	0.011745	0	0.516484	1
103	386	177	385	177	209	210	0.00167785	0	0.389011	2
104	348	241	349	240	209	210	0.0033557	0	0.52967	1
105	791	363	794	363	209	214	0.00503356	0	0.797802	1
106	326	248	326	247	209	210	0.00167785	0	0.545055	1
107	310	212	310	211	210	211	0.00167785	0	0.465934	1
108	382	259	386	257	210	211	0.0134228	0	0.569231	1
109	499	280	497	279	210	211	0.00503356	0	0.615385	2
110	806	348	807	347	210	213	0.0033557	0	0.764835	1
111	390	278	393	276	210	214	0.011745	0	0.610989	1
112	336	179	345	173	210	214	0.0755034	0	0.393407	1
113	576	367	643	344	210	229	1	0	0.806593	1
114	612	176	612	176	210	211	0	0	0.386813	1
115	311	279	319	280	210	215	0.0151007	0	0.613187	1
116	298	273	298	273	210	211	0	0	0.6	1
117	318	265	320	263	210	211	0.0100671	0	0.582418	1
118	352	199	356	198	210	212	0.00838926	0	0.437363	1
119	510	202	485	220	210	237	0.58557	0	0.443956	2
120	316	245	318	244	210	212	0.00503356	0	0.538462	1
121	461	257	453	256	210	211	0.0151007	0	0.564835	2
122	339	229	338	229	210	211	0.00167785	0	0.503297	2
123	356	157	356	157	210	211	0	0	0.345055	1
124	372	258	377	257	210	211	0.0100671	0	0.567033	1
125	518	270	495	270	210	217	0.0385906	0	0.593407	2
126	367	223	371	223	210	213	0.00671141	0	0.49011	1
127	472	247	469	245	210	212	0.011745	0	0.542857	2
128	580	170	579	166	210	233	0.0285235	0	0.373626	2
129	292	261	293	261	210	216	0.00167785	0	0.573626	1
130	180	272	179	266	210	240	0.0620805	0	0.597802	2
131	620	220	624	217	210	213	0.0218121	0	0.483516	1
132	417	259	417	258	211	212	0.00167785	0	0.569231	1
133	411	274	418	275	211	212	0.0134228	0	0.602198	1
134	363	259	363	259	211	212	0	0	0.569231	1
135	807	362	808	361	211	213	0.0033557	0	0.795604	1
136	399	276	399	277	211	212	0.00167785	0	0.606593	1
137	376	201	378	198	211	213	0.0184564	0	0.441758	1
138	353	227	354	227	211	212	0.00167785	0	0.498901	1
139	207	245	206	245	211	212	0.00167785	0	0.538462	2
140	417	213	415	212	211	213	0.00503356	0	0.468132	2
141	790	327	795	324	211	214	0.0234899	0	0.718681	1
142	410	197	409	196	211	212	0.0033557	0	0.432967	2
143	395	226	395	226	211	212	0	0	0.496703	1
144	557	313	534	314	211	214	0.0402685	0	0.687912	2
145	359	283	361	285	211	218	0.0100671	0	0.621978	1
146	372	235	373	235	211	212	0.00167785	0	0.516484	1
147	495	278	487	277	212	215	0.0151007	0	0.610989	2
148	331	213	332	213	212	213	0.00167785	0	0.468132	1
149	612	239	619	238	212	216	0.0134228	0	0.525275	1
150	298	273	298	272	212	213	0.00167785	0	0.6	1
151	612	177	612	178	212	213	0.00167785	0	0.389011	1
152	577	347	618	333	212	224	0.397651	0	0.762637	1
153	428	283	434	284	212	213	0.011745	0	0.621978	1
154	572	387	574	387	212	213	0.0033557	0	0.850549	1
155	384	179	383	178	212	214	0.0033557	0	0.393407	2
156	506	279	500	278	212	214	0.011745	0	0.613187	2
157	444	256	443	247	212	213	0.137584	0	0.562637	2
158	97	275	96	270	212	240	0.0436242	0	0.604396	2
159	423	276	429	280	213	217	0.0369128	0	0.606593	1
160	375	234	376	234	213	214	0.00167785	0	0.514286	1
161	321	243	323	242	213	214	0.00503356	0	0.534066	1
162	401	277	404	277	213	214	0.00503356	0	0.608791	1
163	359	198	363	198	213	216	0.00671141	0	0.435165	1
164	349	234	349	233	213	214	0.00167785	0	0.514286	1
165	386	251	385	250	213	214	0.0033557	0	0.551648	2
166	310	239	311	240	213	214	0.0033557	0	0.525275	1
167	515	250	514	249	213	219	0.0033557	0	0.549451	2
168	369	185	371	185	213	214	0.0033557	0	0.406593	1
169	423	233	423	234	213	214	0.00167785	0	0.512088	1
170	469	285	468	285	213	216	0.00167785	0	0.626374	2
171	611	263	614	261	213	214	0.011745	0	0.578022	1
172	412	268	414	270	213	214	0.0100671	0	0.589011	1
173	435	237	441	241	213	216	0.0369128	0	0.520879	1
174	401	163	397	164	213	216	0.00838926	0	0.358242	2
175	552	405	562	400	214	216	0.0587248	0	0.89011	1
176	320	270	323	269	214	216	0.00671141	0	0.593407	1
177	392	287	401	289	214	217	0.0218121	0	0.630769	1
178	609	251	611	250	214	215	0.00503356	0	0.551648	1
179	333	213	333	212	214	215	0.00167785	0	0.468132	1
180	809	346	812	342	214	217	0.0318792	0	0.76044	1
181	514	309	506	307	214	215	0.0201342	0	0.679121	2
182	444	248	448	248	214	215	0.00671141	0	0.545055	1
183	374	223	375	224	214	215	0.0033557	0	0.49011	1
184	419	249	423	249	214	216	0.00671141	0	0.547253	1
185	369	266	373	267	214	215	0.00838926	0	0.584615	1
186	437	288	436	287	214	223	0.0033557	0	0.632967	2
187	379	196	380	194	214	215	0.00838926	0	0.430769	1
188	416	213	416	213	214	216	0	0	0.468132	1
189	813	358	815	356	214	215	0.0100671	0	0.786813	1
190	621	251	626	254	214	217	0.0234899	0	0.551648	1
191	318	192	295	196	214	228	0.0654362	0	0.421978	2
192	359	246	362	247	214	215	0.00671141	0	0.540659	1
193	546	417	555	411	214	216	0.0755034	0	0.916484	1
194	416	259	421	259	214	216	0.00838926	0	0.569231	1
195	610	182	610	181	215	218	0.00167785	0	0.4	1
196	348	172	350	171	215	216	0.00503356	0	0.378022	1
197	532	313	531	312	215	217	0.0033557	0	0.687912	2
198	383	179	383	178	215	216	0.00167785	0	0.393407	1
199	411	278	414	278	215	216	0.00503356	0	0.610989	1
200	319	228	319	230	215	218	0.00671141	0	0.501099	1
201	798	364	799	362	215	216	0.00838926	0	0.8	1
202	796	338	801	333	215	218	0.0503356	0	0.742857	1
203	325	241	327	239	215	216	0.0100671	0	0.52967	1
204	615	163	618	163	215	216	0.00503356	0	0.358242	1
205	619	261	620	261	215	216	0.00167785	0	0.573626	1
206	499	280	495	279	215	216	0.00838926	0	0.615385	2
207	306	435	305	429	215	240	0.0620805	0	0.956044	2
208	383	195	385	194	216	220	0.00503356	0	0.428571	1
209	376	267	378	267	216	217	0.0033557	0	0.586813	1
210	517	314	508	316	216	217	0.0218121	0	0.69011	2
211	815	367	820	364	216	218	0.0234899	0	0.806593	1
212	402	210	414	209	216	221	0.0218121	0	0.461538	1
213	567	411	567	411	216	217	0	0	0.903297	1
214	402	277	406	278	216	217	0.00838926	0	0.608791	1
215	307	264	310	263	216	217	0.00671141	0	0.58022	1
216	377	226	379	227	216	217	0.00503356	0	0.496703	1
217	210	244	220	247	216	218	0.0318792	0	0.536264	1
218	226	249	231	253	216	218	0.0352349	0	0.547253	1
219	366	248	368	249	216	217	0.00503356	0	0.545055	1
220	818	376	825	373	217	219	0.0268456	0	0.826374	1
221	621	240	624	239	217	219	0.00671141	0	0.527473	1
222	444	244	448	245	217	222	0.00838926	0	0.536264	1
223	584	397	598	391	217	219	0.0838926	0	0.872527	1
224	501	228	499	228	217	218	0.0033557	0	0.501099	2
225	322	281	330	280	217	219	0.0151007	0	0.617582	1
226	333	210	332	210	217	218	0.00167785	0	0.461538	2
227	342	234	343	235	217	218	0.0033557	0	0.514286	1
228	365	198	365	198	217	218	0	0	0.435165	1
229	334	187	340	186	217	219	0.011745	0	0.410989	1
230	386	204	387	203	217	220	0.0033557	0	0.448352	1
231	418	277	420	276	217	218	0.00503356	0	0.608791	1
232	498	308	493	308	217	218	0.00838926	0	0.676923	2
233	378	286	383	288	217	223	0.0151007	0	0.628571	1
234	406	226	407	227	217	218	0.0033557	0	0.496703	1
235	354	244	356	243	217	218	0.00503356	0	0.536264	1
236	329	239	339	244	217	222	0.0587248	0	0.525275	1
237	818	355	820	354	217	218	0.00503356	0	0.78022	1
238	470	262	467	262	217	218	0.00503356	0	0.575824	2
239	510	302	505	302	217	218	0.00838926	0	0.663736	2
240	469	276	467	276	217	219	0.0033557	0	0.606593	2
241	624	135	645	124	217	227	0.238255	0	0.296703	1
242	197	256	201	256	217	218	0.00671141	0	0.562637	1
243	218	268	217	267	217	219	0.0033557	0	0.589011	2
244	506	292	501	292	217	218	0.00838926	0	0.641758	2
245	800	360	809	358	217	223	0.0218121	0	0.791209	1
246	430	279	430	278	218	219	0.00167785	0	0.613187	1
247	410	282	414	283	218	220	0.00838926	0	0.61978	1
248	316	263	322	264	218	220	0.011745	0	0.578022	1
249	815	343	822	338	218	223	0.0536913	0	0.753846	1
250	625	205	629	206	218	221	0.00838926	0	0.450549	1
251	407	293	411	295	218	223	0.0134228	0	0.643956	1
252	491	270	486	268	218	219	0.0151007	0	0.593407	2
253	434	248	434	247	218	219	0.00167785	0	0.545055	1
254	356	171	359	171	218	219	0.00503356	0	0.375824	1
255	496	323	493	324	218	224	0.00671141	0	0.70989	2
256	369	242	370	243	218	219	0.0033557	0	0.531868	1
257	407	249	399	252	218	219	0.0285235	0	0.547253	2
258	673	388	671	382	218	233	0.0637584	0	0.852747	2
259	233	265	232	266	218	221	0.0033557	0	0.582418	2
260	439	259	441	258	219	220	0.00503356	0	0.569231	1
261	485	306	483	308	219	220	0.0100671	0	0.672527	2
262	330	217	327	219	219	221	0.011745	0	0.476923	2
263	365	200	366	199	219	221	0.0033557	0	0.43956	1
264	577	411	577	410	219	220	0.00167785	0	0.903297	1
265	321	239	322	240	219	220	0.0033557	0	0.525275	1
266	614	177	615	176	219	220	0.0033557	0	0.389011	1
267	381	234	382	235	219	220	0.0033557	0	0.514286	1
268	567	410	567	409	219	220	0.00167785	0	0.901099	1
269	487	257	485	257	219	220	0.0033557	0	0.564835	2
270	802	329	824	316	219	229	0.32047	0	0.723077	1
271	317	216	312	220	219	222	0.0352349	0	0.474725	2
272	333	258	336	259	219	221	0.00671141	0	0.567033	1
273	464	244	462	242	219	222	0.0100671	0	0.536264	2
274	403	167	402	166	219	220	0.0033557	0	0.367033	2
275	593	395	600	395	220	221	0.011745	0	0.868132	1
276	345	186	348	186	220	221	0.00503356	0	0.408791	1
277	361	275	363	277	220	221	0.0100671	0	0.604396	1
278	606	388	618	381	220	223	0.102349	0	0.852747	1
279	517	312	506	312	220	221	0.0184564	0	0.685714	2
280	436	248	437	246	220	225	0.00838926	0	0.545055	1
281	515	250	515	249	220	221	0.00167785	0	0.549451	1
282	625	236	632	233	220	224	0.0268456	0	0.518681	1
283	391	153	390	152	220	222	0.0033557	0	0.336264	2
284	493	312	493	312	220	221	0	0	0.685714	1
285	374	245	374	246	220	221	0.00167785	0	0.538462	1
286	590	405	623	401	220	229	0.0822148	0	0.89011	1
287	362	172	365	171	220	221	0.00671141	0	0.378022	1
288	423	196	439	197	220	228	0.0285235	0	0.430769	1
289	388	273	389	271	220	222	0.00838926	0	0.6	1
290	415	283	415	285	221	224	0.00671141	0	0.621978	1
291	444	258	443	257	221	224	0.0033557	0	0.567033	2
292	479	288	472	286	221	222	0.0184564	0	0.632967	2
293	385	193	385	192	221	222	0.00167785	0	0.424176	1
294	619	176	623	175	221	222	0.00838926	0	0.386813	1
295	385	236	385	237	221	222	0.00167785	0	0.518681	1
296	371	215	365	214	221	222	0.011745	0	0.472527	2
297	346	279	348	280	221	222	0.00503356	0	0.613187	1
298	499	298	498	297	221	222	0.0033557	0	0.654945	2
299	491	253	489	254	221	223	0.00503356	0	0.556044	2
300	802	384	801	379	221	224	0.0436242	0	0.843956	2
301	643	178	642	177	221	223	0.0033557	0	0.391209	2
302	344	187	344	186	222	223	0.00167785	0	0.410989	1
303	367	202	367	201	222	223	0.00167785	0	0.443956	1
304	340	198	338	202	222	224	0.0302013	0	0.435165	2
305	368	172	370	171	222	223	0.00503356	0	0.378022	1
306	252	251	258	249	222	223	0.0167785	0	0.551648	1
307	418	210	419	210	222	223	0.00167785	0	0.461538	1
308	230	262	230	261	222	223	0.00167785	0	0.575824	1
309	406	250	410	248	222	223	0.0134228	0	0.549451	1
310	255	237	259	237	222	223	0.00671141	0	0.520879	1
311	631	207	632	206	222	223	0.0033557	0	0.454945	1
312	341	232	342	233	222	223	0.0033557	0	0.50989	1
313	376	247	375	247	222	223	0.00167785	0	0.542857	2
314	571	401	583	388	222	225	0.303691	0	0.881319	1
315	396	165	394	164	222	223	0.00503356	0	0.362637	2
316	255	227	258	226	222	223	0.00671141	0	0.498901	1
317	217	267	216	265	222	224	0.00838926	0	0.586813	2
318	310	220	307	219	223	224	0.00671141	0	0.483516	2
319	348	283	348	282	223	224	0.00167785	0	0.621978	1
320	385	191	385	190	223	224	0.00167785	0	0.41978	1
321	448	245	447	243	223	224	0.00838926	0	0.538462	2
322	399	202	397	202	223	224	0.0033557	0	0.443956	2
323	343	261	345	261	223	224	0.0033557	0	0.573626	1
324	342	246	343	247	223	224	0.0033557	0	0.540659	1
325	495	302	485	299	223	237	0.0318792	0	0.663736	2
326	464	245	463	244	223	224	0.0033557	0	0.538462	2
327	386	239	386	239	223	224	0	0	0.525275	1
328	503	248	500	249	223	224	0.00671141	0	0.545055	2
329	470	292	452	293	223	226	0.0318792	0	0.641758	2
330	577	407	601	393	223	227	0.369128	0	0.894505	1
331	488	225	487	224	223	224	0.0033557	0	0.494505	2
332	385	154	384	153	223	224	0.0033557	0	0.338462	2
333	455	281	449	278	223	224	0.0251678	0	0.617582	2
334	638	251	643	250	223	224	0.0100671	0	0.551648	1
335	481	311	475	309	224	225	0.0167785	0	0.683516	2
336	344	185	343	184	224	225	0.0033557	0	0.406593	2
337	620	380	628	381	224	227	0.0151007	0	0.835165	1
338	412	297	411	295	224	226	0.00838926	0	0.652747	2
339	824	337	826	334	224	225	0.0184564	0	0.740659	1
340	484	283	483	282	224	225	0.0033557	0	0.621978	2
341	813	356	816	354	224	225	0.011745	0	0.782418	1
342	276	213	278	215	224	225	0.0100671	0	0.468132	1
343	421	212	422	213	224	225	0.0033557	0	0.465934	1
344	449	288	440	289	224	226	0.0167785	0	0.632967	2
345	265	249	273	252	224	226	0.0285235	0	0.547253	1
346	370	214	370	213	224	225	0.00167785	0	0.47033	1
347	634	206	635	204	224	225	0.00838926	0	0.452747	1
348	487	234	486	233	224	225	0.0033557	0	0.514286	2
349	444	257	443	256	225	226	0.0033557	0	0.564835	2
350	350	251	351	250	225	226	0.0033557	0	0.551648	1
351	810	367	825	358	225	228	0.161074	0	0.806593	1
352	639	237	641	237	225	226	0.0033557	0	0.520879	1
353	349	283	349	282	225	226	0.00167785	0	0.621978	1
354	413	286	410	285	225	228	0.00671141	0	0.628571	2
355	448	244	447	242	225	226	0.00838926	0	0.536264	2
356	371	202	372	200	225	226	0.00838926	0	0.443956	1
357	454	322	444	327	225	228	0.0587248	0	0.707692	2
358	350	268	351	267	225	226	0.0033557	0	0.589011	1
359	394	249	394	249	225	226	0	0	0.547253	1
360	391	298	397	301	225	229	0.0251678	0	0.654945	1
361	385	190	385	188	225	230	0.00671141	0	0.417582	1
362	454	307	445	311	225	227	0.0419463	0	0.674725	2
363	388	239	390	242	225	228	0.0184564	0	0.525275	1
364	423	282	422	282	225	226	0.00167785	0	0.61978	2
365	462	245	458	242	225	229	0.0218121	0	0.538462	2
366	648	258	653	256	225	230	0.0151007	0	0.567033	1
367	639	247	640	246	225	226	0.0033557	0	0.542857	1
368	388	149	385	148	225	227	0.00671141	0	0.327473	2
369	339	203	338	204	225	226	0.0033557	0	0.446154	2
370	236	259	241	258	225	226	0.0100671	0	0.569231	1
371	485	222	484	221	225	226	0.0033557	0	0.487912	2
372	489	243	486	243	225	227	0.00503356	0	0.534066	2
373	641	161	643	159	225	226	0.0100671	0	0.353846	1
374	57	276	57	273	225	240	0.0151007	0	0.606593	1
375	306	218	299	215	225	227	0.0268456	0	0.479121	2
376	317	217	310	215	225	227	0.0184564	0	0.476923	2
377	649	248	654	248	225	229	0.00838926	0	0.545055	1
378	344	186	343	187	226	227	0.0033557	0	0.408791	2
379	483	282	482	280	226	228	0.00838926	0	0.61978	2
380	468	310	457	311	226	227	0.0201342	0	0.681319	2
381	423	215	424	215	226	227	0.00167785	0	0.472527	1
382	490	320	468	319	226	228	0.0385906	0	0.703297	2
383	634	198	637	197	226	228	0.00671141	0	0.435165	1
384	458	303	450	307	226	227	0.0402685	0	0.665934	2
385	371	143	370	142	226	227	0.0033557	0	0.314286	2
386	409	194	409	192	226	228	0.00671141	0	0.426374	1
387	274	268	278	266	226	235	0.0134228	0	0.589011	1
388	751	361	751	359	226	240	0.00671141	0	0.793407	1
389	464	286	458	286	226	227	0.0100671	0	0.628571	2
390	432	276	431	276	226	227	0.00167785	0	0.606593	2
391	487	232	486	231	226	227	0.0033557	0	0.50989	2
392	398	236	398	236	226	227	0	0	0.518681	1
393	712	455	712	453	226	240	0.00671141	0	1	1
394	443	257	442	256	227	228	0.0033557	0	0.564835	2
395	644	239	646	238	227	228	0.00503356	0	0.525275	1
396	354	269	356	268	227	228	0.00503356	0	0.591209	1
397	435	247	433	246	227	228	0.00503356	0	0.542857	2
398	342	233	340	235	227	228	0.0100671	0	0.512088	2
399	443	287	432	289	227	229	0.0251678	0	0.630769	2
400	350	282	350	281	227	228	0.00167785	0	0.61978	1
401	398	209	398	208	227	228	0.00167785	0	0.459341	1
402	446	238	442	235	227	229	0.0218121	0	0.523077	2
403	361	177	358	176	227	228	0.00671141	0	0.389011	2
404	410	296	409	295	227	229	0.0033557	0	0.650549	2
405	505	255	494	264	227	240	0.154362	0	0.56044	2
406	378	239	379	240	227	228	0.0033557	0	0.525275	1
407	506	241	506	240	227	228	0.00167785	0	0.52967	1
408	349	247	350	245	227	228	0.00838926	0	0.542857	1
409	630	365	634	363	227	228	0.0134228	0	0.802198	1
410	464	282	462	281	228	229	0.00503356	0	0.61978	2
411	365	234	365	233	228	229	0.00167785	0	0.514286	1
412	631	381	632	379	228	229	0.00838926	0	0.837363	1
413	369	253	371	255	228	229	0.0100671	0	0.556044	1
414	328	253	327	251	228	229	0.00838926	0	0.556044	2
415	462	265	457	264	228	233	0.0100671	0	0.582418	2
416	308	213	304	212	228	229	0.00838926	0	0.468132	2
417	278	213	279	214	228	229	0.0033557	0	0.468132	1
418	483	260	481	261	228	231	0.00503356	0	0.571429	2
419	338	205	337	204	228	232	0.0033557	0	0.450549	2
420	358	163	358	162	228	229	0.00167785	0	0.358242	1
421	226	417	226	416	228	240	0.00167785	0	0.916484	1
422	504	267	502	269	228	233	0.0100671	0	0.586813	2
423	426	215	427	214	228	229	0.0033557	0	0.472527	1
424	649	237	650	236	229	230	0.0033557	0	0.520879	1
425	620	391	621	389	229	230	0.00838926	0	0.859341	1
426	442	257	439	256	229	232	0.00671141	0	0.564835	2
427	482	280	481	279	229	231	0.0033557	0	0.615385	2
428	358	268	358	267	229	230	0.00167785	0	0.589011	1
429	639	198	648	205	229	237	0.0973154	0	0.435165	1
430	352	245	353	243	229	230	0.00838926	0	0.538462	1
431	294	195	284	196	229	233	0.0184564	0	0.428571	2
432	432	309	422	306	229	230	0.0318792	0	0.679121	2
433	432	243	430	242	229	230	0.00503356	0	0.534066	2
434	376	226	376	225	229	230	0.00167785	0	0.496703	1
435	658	168	658	168	229	230	0	0	0.369231	1
436	347	170	347	169	229	230	0.00167785	0	0.373626	1
437	508	244	506	243	229	231	0.00503356	0	0.536264	2
438	639	361	644	360	229	230	0.0100671	0	0.793407	1
439	450	326	449	325	230	231	0.0033557	0	0.716484	2
440	344	222	341	223	230	231	0.00671141	0	0.487912	2
441	395	300	391	301	230	231	0.00838926	0	0.659341	2
442	355	277	355	277	230	231	0	0	0.608791	1
443	427	290	421	290	230	231	0.0100671	0	0.637363	2
444	460	280	457	281	230	234	0.00671141	0	0.615385	2
445	374	259	376	263	230	231	0.0302013	0	0.569231	1
446	345	279	345	278	230	231	0.00167785	0	0.613187	1
447	480	243	477	244	230	233	0.00671141	0	0.534066	2
448	401	197	402	196	230	232	0.0033557	0	0.432967	1
449	470	271	467	278	230	235	0.0872483	0	0.595604	2
450	389	286	387	288	230	232	0.0100671	0	0.628571	2
451	492	241	490	242	230	231	0.00503356	0	0.52967	2
452	653	123	658	121	230	233	0.0151007	0	0.27033	1
453	351	232	350	231	230	231	0.0033557	0	0.50989	2
454	390	156	401	163	230	234	0.100671	0	0.342857	1
455	358	157	359	158	230	232	0.0033557	0	0.345055	1
456	425	308	410	309	231	233	0.0268456	0	0.676923	2
457	636	376	639	373	231	232	0.0201342	0	0.826374	1
458	368	232	369	231	231	232	0.0033557	0	0.50989	1
459	413	305	406	305	231	232	0.011745	0	0.67033	2
460	626	388	632	380	231	233	0.11745	0	0.852747	1
461	432	243	430	242	231	233	0.00503356	0	0.534066	2
462	378	226	379	225	231	232	0.0033557	0	0.496703	1
463	653	235	654	235	231	232	0.00167785	0	0.516484	1
464	387	187	387	186	231	232	0.00167785	0	0.410989	1
465	479	289	476	293	231	232	0.0318792	0	0.635165	2
466	294	244	296	242	231	232	0.0100671	0	0.536264	1
467	653	339	683	331	231	239	0.157718	0	0.745055	1
468	661	217	662	217	231	232	0.00167785	0	0.476923	1
469	440	192	452	200	231	237	0.127517	0	0.421978	1
470	655	155	658	154	231	232	0.00671141	0	0.340659	1
471	413	186	414	185	231	232	0.0033557	0	0.408791	1
472	422	245	422	247	231	239	0.00671141	0	0.538462	1
473	624	400	627	392	231	233	0.112416	0	0.879121	1
474	657	326	690	315	231	240	0.258389	0	0.716484	1
475	481	279	476	283	232	235	0.0352349	0	0.613187	2
476	379	267	380	271	232	233	0.0285235	0	0.586813	1
477	662	259	666	260	232	233	0.00838926	0	0.569231	1
478	664	172	669	170	232	233	0.0151007	0	0.378022	1
479	490	243	489	243	232	233	0.00167785	0	0.534066	2
480	284	238	286	237	232	233	0.00503356	0	0.523077	1
481	281	219	277	220	232	233	0.00838926	0	0.481319	2
482	429	276	428	276	232	233	0.00167785	0	0.606593	2
483	487	230	485	229	232	233	0.00503356	0	0.505495	2
484	505	243	504	242	232	234	0.0033557	0	0.534066	2
485	657	238	659	240	233	234	0.0100671	0	0.523077	1
486	657	248	658	248	233	234	0.00167785	0	0.545055	1
487	437	321	425	319	233	234	0.0268456	0	0.705495	2
488	630	368	630	368	233	234	0	0	0.808791	1
489	372	231	374	230	233	234	0.00503356	0	0.507692	1
490	387	185	387	185	233	234	0	0	0.406593	1
491	382	225	384	225	233	234	0.0033557	0	0.494505	1
492	429	290	427	292	233	234	0.0100671	0	0.637363	2
493	658	168	660	166	233	235	0.0100671	0	0.369231	1
494	474	297	473	300	233	234	0.0167785	0	0.652747	2
495	341	217	340	218	233	234	0.0033557	0	0.476923	2
496	421	213	423	213	233	235	0.0033557	0	0.468132	1
497	400	201	404	203	233	238	0.0134228	0	0.441758	1
498	440	279	436	287	233	239	0.114094	0	0.613187	2
499	387	322	384	325	233	234	0.0201342	0	0.707692	2
500	332	233	332	233	234	235	0	0	0.512088	1
501	430	243	430	243	234	235	0	0	0.534066	1
502	637	378	643	374	234	235	0.0369128	0	0.830769	1
503	450	229	455	228	234	235	0.0100671	0	0.503297	1
504	318	262	317	262	234	236	0.00167785	0	0.575824	2
505	428	282	427	283	234	235	0.0033557	0	0.61978	2
506	362	239	363	236	234	235	0.0167785	0	0.525275	1
507	380	241	378	241	234	235	0.0033557	0	0.52967	2
508	440	259	439	258	234	235	0.0033557	0	0.569231	2
509	337	206	336	205	234	235	0.0033557	0	0.452747	2
510	669	260	669	260	234	238	0	0	0.571429	1
511	650	385	651	385	234	240	0.00167785	0	0.846154	1
512	479	271	476	272	234	236	0.00671141	0	0.595604	2
513	361	229	358	223	234	237	0.0654362	0	0.503297	2
514	410	196	411	196	234	235	0.00167785	0	0.430769	1
515	295	205	293	203	234	235	0.0100671	0	0.450549	2
516	358	268	359	267	234	235	0.0033557	0	0.589011	1
517	385	159	388	159	234	235	0.00503356	0	0.349451	1
518	486	241	485	242	234	235	0.0033557	0	0.52967	2
519	661	311	678	306	234	239	0.0704698	0	0.683516	1
520	683	384	683	383	235	240	0.00167785	0	0.843956	1
521	630	368	630	368	235	236	0	0	0.808791	1
522	666	386	668	385	235	236	0.00503356	0	0.848352	1
523	457	285	456	288	235	238	0.0167785	0	0.626374	2
524	349	264	349	263	235	236	0.00167785	0	0.58022	1
525	658	374	665	373	235	236	0.0134228	0	0.821978	1
526	390	185	391	185	235	236	0.00167785	0	0.406593	1
527	424	311	423	310	235	240	0.0033557	0	0.683516	2
528	386	228	388	227	235	236	0.00503356	0	0.501099	1
529	281	195	275	191	235	239	0.0369128	0	0.428571	2
530	404	231	407	229	235	236	0.011745	0	0.507692	1
531	427	294	426	295	235	236	0.0033557	0	0.646154	2
532	344	216	342	214	235	236	0.0100671	0	0.474725	2
533	403	274	400	277	235	236	0.0201342	0	0.602198	2
534	283	244	282	243	235	236	0.0033557	0	0.536264	2
535	683	171	690	171	235	240	0.011745	0	0.375824	1
536	358	171	357	172	235	236	0.0033557	0	0.375824	2
537	651	340	654	342	235	236	0.011745	0	0.747253	1
538	474	286	471	287	236	237	0.00671141	0	0.628571	2
539	393	296	387	296	236	237	0.0100671	0	0.650549	2
540	429	285	426	287	236	238	0.011745	0	0.626374	2
541	439	255	439	255	236	237	0	0	0.56044	1
542	462	228	467	228	236	237	0.00838926	0	0.501099	1
543	378	230	380	230	236	237	0.0033557	0	0.505495	1
544	292	254	292	253	236	237	0.00167785	0	0.558242	1
545	277	268	278	265	236	239	0.0167785	0	0.589011	1
546	675	367	677	369	236	237	0.0100671	0	0.806593	1
547	660	166	663	163	236	237	0.0201342	0	0.364835	1
548	392	159	395	160	236	238	0.00671141	0	0.349451	1
549	428	213	430	213	236	237	0.0033557	0	0.468132	1
550	428	275	426	276	236	238	0.00503356	0	0.604396	2
551	293	208	289	206	236	237	0.0134228	0	0.457143	2
552	420	189	424	191	236	238	0.0134228	0	0.415385	1
553	450	250	450	249	236	237	0.00167785	0	0.549451	1
554	465	305	465	305	236	239	0	0	0.67033	1
555	399	322	394	318	236	237	0.0352349	0	0.707692	2
556	386	244	386	244	237	238	0	0	0.536264	1
557	630	368	630	367	237	240	0.00167785	0	0.808791	1
558	434	238	434	238	237	238	0	0	0.523077	1
559	399	242	406	241	237	239	0.0134228	0	0.531868	1
560	332	237	333	237	237	238	0.00167785	0	0.520879	1
561	351	263	351	263	237	238	0	0	0.578022	1
562	668	384	668	383	237	238	0.00167785	0	0.843956	1
563	390	228	391	227	237	238	0.0033557	0	0.501099	1
564	400	278	398	279	237	238	0.00503356	0	0.610989	2
565	343	204	343	204	237	238	0	0	0.448352	1
566	395	186	396	186	237	238	0.00167785	0	0.408791	1
567	389	330	388	329	237	238	0.0033557	0	0.725275	2
568	338	219	337	220	237	238	0.0033557	0	0.481319	2
569	477	265	475	265	237	239	0.0033557	0	0.582418	2
570	368	230	369	226	237	240	0.0285235	0	0.505495	1
571	398	298	392	297	237	238	0.011745	0	0.654945	2
572	364	167	363	170	237	239	0.0167785	0	0.367033	2
573	345	234	346	233	237	238	0.0033557	0	0.514286	1
574	390	279	381	281	237	239	0.0218121	0	0.613187	2
575	669	133	671	134	237	238	0.00503356	0	0.292308	1
576	290	263	290	262	237	238	0.00167785	0	0.578022	1
577	349	274	349	273	237	238	0.00167785	0	0.602198	1
578	468	289	465	288	238	239	0.00671141	0	0.635165	2
579	354	189	354	189	238	239	0	0	0.415385	1
580	372	298	367	298	238	239	0.00838926	0	0.654945	2
581	442	254	441	254	238	239	0.00167785	0	0.558242	2
582	360	157	359	158	238	239	0.0033557	0	0.345055	2
583	273	240	270	240	238	239	0.00503356	0	0.527473	2
584	484	221	482	219	238	239	0.0100671	0	0.485714	2
585	649	206	648	206	238	239	0.00167785	0	0.452747	2
586	371	251	372	249	238	239	0.00838926	0	0.551648	1
587	358	223	358	221	238	240	0.00671141	0	0.49011	1
588	390	315	389	314	238	239	0.0033557	0	0.692308	2
589	378	311	368	312	238	240	0.0184564	0	0.683516	2
590	432	228	433	228	238	239	0.00167785	0	0.501099	1
591	432	252	431	251	238	239	0.0033557	0	0.553846	2
592	464	207	466	206	238	239	0.00503356	0	0.454945	1
593	367	323	357	323	238	239	0.0167785	0	0.70989	2
594	483	301	479	303	238	239	0.0134228	0	0.661538	2
595	357	322	345	326	238	240	0.0469799	0	0.707692	2
596	670	250	671	253	238	240	0.0167785	0	0.549451	1
597	280	202	277	201	238	239	0.00671141	0	0.443956	2
598	323	266	318	263	238	239	0.0234899	0	0.584615	2
599	433	214	434	214	238	239	0.00167785	0	0.47033	1
600	654	251	653	251	239	240	0.00167785	0	0.551648	2
601	352	263	352	262	239	240	0.00167785	0	0.578022	1
602	438	239	439	239	239	240	0.00167785	0	0.525275	1
603	477	248	476	247	239	240	0.0033557	0	0.545055	2
604	426	193	427	193	239	240	0.00167785	0	0.424176	1
605	455	289	454	289	239	240	0.00167785	0	0.635165	2
606	371	275	363	275	239	240	0.0134228	0	0.604396	2
607	395	281	390	281	239	240	0.00838926	0	0.617582	2
608	416	228	417	227	239	240	0.0033557	0	0.501099	1
609	451	256	450	256	239	240	0.00167785	0	0.562637	2
610	405	203	407	203	239	240	0.0033557	0	0.446154	1