
0	415	318	414	317	202	203	0.00364964	0	0.700441	2
1	302	119	301	117	202	203	0.00912409	0	0.262115	2
2	397	239	397	237	202	203	0.00729927	0	0.526432	1
3	426	286	434	281	202	205	0.060219	0	0.629956	1
4	436	210	436	207	202	203	0.0164234	0	0.462555	1
5	270	239	269	238	202	203	0.00364964	0	0.526432	2
6	287	112	288	111	203	204	0.00364964	0	0.246696	1
7	412	251	411	250	203	204	0.00364964	0	0.552863	2
8	536	237	534	236	203	204	0.00547445	0	0.522026	2
9	384	228	383	226	203	204	0.00912409	0	0.502203	2
10	418	201	417	198	203	204	0.0182482	0	0.442731	2
11	492	252	491	250	203	204	0.00912409	0	0.555066	2
12	505	368	504	365	203	209	0.0182482	0	0.810573	2
13	388	218	388	216	203	204	0.00729927	0	0.480176	1
14	405	327	405	325	203	204	0.00729927	0	0.720264	1
15	492	260	491	258	204	207	0.00912409	0	0.572687	2
16	459	215	457	213	204	205	0.0109489	0	0.473568	2
17	437	205	436	203	204	205	0.00912409	0	0.451542	2
18	277	238	277	237	204	205	0.00182482	0	0.524229	1
19	301	117	300	116	204	205	0.00364964	0	0.257709	2
20	459	227	457	225	204	205	0.0109489	0	0.5	2
21	595	288	610	290	204	218	0.0346715	0	0.634361	1
22	402	209	401	206	204	206	0.0182482	0	0.460352	2
23	406	260	404	261	205	206	0.00547445	0	0.572687	2
24	279	115	278	113	205	209	0.00912409	0	0.253304	2
25	481	249	480	248	205	206	0.00364964	0	0.548458	2
26	595	229	594	228	205	207	0.00364964	0	0.504405	2
27	496	345	500	345	205	208	0.00729927	0	0.759912	1
28	534	237	532	239	205	206	0.0109489	0	0.522026	2
29	469	184	466	183	205	206	0.00729927	0	0.405286	2
30	383	185	384	184	205	207	0.00364964	0	0.407489	1
31	705	316	705	315	205	207	0.00182482	0	0.696035	1
32	574	454	575	454	205	206	0.00182482	0	1	1
33	595	245	594	244	205	206	0.00364964	0	0.539648	2
34	416	192	415	191	205	206	0.00364964	0	0.422907	2
35	277	265	277	263	205	209	0.00729927	0	0.5837	1
36	717	299	719	300	205	209	0.00547445	0	0.65859	1
37	707	306	706	306	205	206	0.00182482	0	0.674009	2
38	343	91	342	96	205	240	0.0474453	0	0.200441	2
39	194	120	195	113	205	228	0.0912409	0	0.264317	1
40	597	192	596	190	205	209	0.00912409	0	0.422907	2
41	412	208	412	207	205	206	0.00182482	0	0.45815	1
42	471	237	470	235	205	206	0.00912409	0	0.522026	2
43	497	61	501	66	205	240	0.0529197	0	0.134361	1
44	293	110	295	109	206	207	0.00547445	0	0.242291	1
45	595	212	595	212	206	207	0	0	0.46696	1
46	411	237	410	236	206	207	0.00364964	0	0.522026	2
47	276	238	276	237	206	207	0.00182482	0	0.524229	1
48	572	429	574	430	206	208	0.00547445	0	0.944934	1
49	460	230	458	227	206	207	0.020073	0	0.506608	2
50	438	280	444	278	206	208	0.0182482	0	0.61674	1
51	372	175	372	174	206	209	0.00182482	0	0.385463	1
52	280	226	281	226	206	209	0.00182482	0	0.497797	1
53	384	236	384	235	206	207	0.00182482	0	0.519824	1
54	720	321	721	321	206	209	0.00182482	0	0.707048	1
55	395	193	395	192	206	207	0.00182482	0	0.42511	1
56	406	261	406	260	207	208	0.00182482	0	0.57489	1
57	419	193	418	191	207	208	0.00912409	0	0.42511	2
58	530	240	527	240	207	208	0.00547445	0	0.528634	2
59	256	243	256	242	207	209	0.00182482	0	0.535242	1
60	585	259	586	259	207	208	0.00182482	0	0.570485	1
61	587	281	600	280	207	213	0.0255474	0	0.618943	1
62	415	211	415	210	207	208	0.00182482	0	0.464758	1
63	403	225	403	224	207	208	0.00182482	0	0.495595	1
64	596	213	596	214	208	209	0.00182482	0	0.469163	1
65	384	186	383	186	208	209	0.00182482	0	0.409692	2
66	461	236	457	233	208	209	0.0237226	0	0.519824	2
67	491	258	490	257	208	209	0.00364964	0	0.568282	2
68	521	266	519	268	208	211	0.0109489	0	0.585903	2
69	150	62	153	62	208	211	0.00547445	0	0.136564	1
70	575	450	579	450	208	209	0.00729927	0	0.991189	1
71	423	57	426	63	208	240	0.0711679	0	0.125551	1
72	731	332	731	331	208	209	0.00182482	0	0.731278	1
73	406	323	411	320	208	211	0.0255474	0	0.711454	1
74	383	237	383	236	208	209	0.00182482	0	0.522026	1
75	475	97	475	97	208	209	0	0	0.213656	1
76	289	113	289	112	208	209	0.00182482	0	0.248899	1
77	448	279	453	278	209	210	0.0109489	0	0.614537	1
78	500	342	502	342	209	210	0.00364964	0	0.753304	1
79	591	201	593	205	209	213	0.0328467	0	0.442731	1
80	195	73	197	74	209	212	0.00547445	0	0.160793	1
81	520	325	522	324	209	210	0.00547445	0	0.715859	1
82	709	304	708	305	209	210	0.00364964	0	0.669604	2
83	567	288	567	288	209	211	0	0	0.634361	1
84	407	262	409	261	210	211	0.00547445	0	0.577093	1
85	279	114	282	121	210	240	0.0948905	0	0.251101	1
86	296	112	297	113	210	211	0.00364964	0	0.246696	1
87	402	246	402	246	210	211	0	0	0.54185	1
88	81	71	82	69	210	224	0.00912409	0	0.156388	1
89	425	310	436	308	210	212	0.0273723	0	0.682819	1
90	469	107	474	109	210	214	0.0164234	0	0.235683	1
91	584	426	620	431	210	217	0.111314	0	0.938326	1
92	482	357	487	357	210	211	0.00912409	0	0.786344	1
93	278	264	279	266	210	214	0.00912409	0	0.581498	1
94	580	203	582	211	210	217	0.120438	0	0.447137	1
95	445	296	460	295	210	213	0.0291971	0	0.651982	1
96	146	73	148	81	210	240	0.120438	0	0.160793	1
97	282	226	293	231	210	223	0.0656934	0	0.497797	1
98	721	300	728	305	210	216	0.0583942	0	0.660793	1
99	487	114	490	116	210	213	0.0127737	0	0.251101	1
100	413	247	416	248	210	211	0.00729927	0	0.544053	1
101	519	349	520	349	210	211	0.00182482	0	0.768722	1
102	377	193	378	194	210	212	0.00364964	0	0.42511	1
103	420	257	422	258	210	211	0.00547445	0	0.566079	1
104	513	228	499	234	210	215	0.0912409	0	0.502203	2
105	106	72	108	80	210	240	0.120438	0	0.15859	1
106	256	242	256	244	210	214	0.00729927	0	0.53304	1
107	596	190	595	193	210	216	0.0182482	0	0.418502	2
108	306	109	313	109	210	212	0.0127737	0	0.240088	1
109	403	200	403	200	210	211	0	0	0.440529	1
110	574	270	577	270	210	211	0.00547445	0	0.594714	1
111	352	89	350	89	210	222	0.00364964	0	0.196035	2
112	599	220	599	221	211	212	0.00182482	0	0.484581	1
113	711	308	713	310	211	214	0.0109489	0	0.678414	1
114	388	190	388	192	211	212	0.00729927	0	0.418502	1
115	270	241	271	242	211	212	0.00364964	0	0.530837	1
116	457	174	443	173	211	216	0.0273723	0	0.38326	2
117	476	249	473	250	211	212	0.00729927	0	0.548458	2
118	421	318	436	315	211	213	0.0437956	0	0.700441	1
119	433	58	435	63	211	240	0.0492701	0	0.127753	1
120	46	121	48	130	211	239	0.15146	0	0.26652	1
121	291	114	293	119	212	240	0.0492701	0	0.251101	1
122	463	279	467	278	212	213	0.00912409	0	0.614537	1
123	493	358	498	359	212	213	0.0109489	0	0.788546	1
124	488	258	484	257	212	213	0.00912409	0	0.568282	2
125	409	234	410	234	212	213	0.00182482	0	0.515419	1
126	446	310	453	310	212	213	0.0127737	0	0.682819	1
127	169	72	168	75	212	216	0.0182482	0	0.15859	2
128	581	24	579	24	212	221	0.00364964	0	0.0528634	2
129	388	218	388	220	212	214	0.00729927	0	0.480176	1
130	413	209	412	209	212	213	0.00182482	0	0.460352	2
131	600	221	600	222	213	214	0.00182482	0	0.486784	1
132	433	228	434	229	213	214	0.00364964	0	0.502203	1
133	523	339	524	339	213	214	0.00182482	0	0.746696	1
134	402	251	403	252	213	214	0.00364964	0	0.552863	1
135	315	110	321	111	213	215	0.0127737	0	0.242291	1
136	377	196	377	197	213	214	0.00182482	0	0.431718	1
137	388	196	387	197	213	214	0.00364964	0	0.431718	2
138	271	242	271	243	213	214	0.00182482	0	0.53304	1
139	200	74	200	70	213	224	0.0291971	0	0.162996	1
140	403	197	402	198	213	214	0.00364964	0	0.433921	2
141	423	261	427	262	214	215	0.00912409	0	0.57489	1
142	77	391	79	394	214	240	0.020073	0	0.861233	1
143	524	358	528	357	214	215	0.00912409	0	0.788546	1
144	379	236	379	237	214	215	0.00182482	0	0.519824	1
145	428	211	424	211	214	215	0.00729927	0	0.464758	2
146	593	211	589	213	214	221	0.0145985	0	0.464758	2
147	474	278	478	278	214	215	0.00729927	0	0.612335	1
148	301	121	300	122	214	215	0.00364964	0	0.26652	2
149	516	268	510	268	214	215	0.0109489	0	0.590308	2
150	268	216	263	218	214	217	0.0164234	0	0.475771	2
151	514	343	520	343	214	217	0.0109489	0	0.755507	1
152	159	61	161	63	214	218	0.0109489	0	0.134361	1
153	605	264	610	264	214	216	0.00912409	0	0.581498	1
154	403	228	402	229	214	215	0.00364964	0	0.502203	2
155	499	363	498	364	214	215	0.00364964	0	0.799559	2
156	519	242	513	242	215	217	0.0109489	0	0.53304	2
157	589	243	590	243	215	216	0.00182482	0	0.535242	1
158	279	268	278	268	215	216	0.00182482	0	0.590308	2
159	477	116	478	116	215	216	0.00182482	0	0.255507	1
160	423	242	424	243	215	216	0.00364964	0	0.53304	1
161	443	224	441	224	215	216	0.00364964	0	0.493392	2
162	532	316	533	317	215	216	0.00364964	0	0.696035	1
163	498	115	500	116	215	217	0.00547445	0	0.253304	1
164	538	330	543	336	215	219	0.0748175	0	0.726872	1
165	440	196	435	196	215	216	0.00912409	0	0.431718	2
166	722	293	725	292	215	223	0.00729927	0	0.645374	1
167	416	262	414	260	216	220	0.0109489	0	0.577093	2
168	431	264	434	267	216	217	0.0218978	0	0.581498	1
169	451	237	448	236	216	217	0.00729927	0	0.522026	2
170	497	237	488	237	216	219	0.0164234	0	0.522026	2
171	710	312	710	312	216	218	0	0	0.687225	1
172	532	358	533	359	216	217	0.00364964	0	0.788546	1
173	456	252	452	251	216	217	0.00912409	0	0.555066	2
174	477	311	485	308	216	217	0.0310219	0	0.685022	1
175	722	322	722	322	216	217	0	0	0.709251	1
176	325	112	328	113	216	217	0.00729927	0	0.246696	1
177	506	267	502	267	216	217	0.00729927	0	0.588106	2
178	211	75	213	77	216	240	0.0109489	0	0.165198	1
179	303	120	304	122	216	240	0.00912409	0	0.264317	1
180	280	270	280	270	217	218	0	0	0.594714	1
181	481	117	483	115	217	219	0.0109489	0	0.257709	1
182	611	447	615	445	217	218	0.0145985	0	0.984581	1
183	609	261	612	261	217	219	0.00547445	0	0.57489	1
184	475	300	481	299	217	218	0.0127737	0	0.660793	1
185	410	236	409	235	217	218	0.00364964	0	0.519824	2
186	596	193	591	187	217	223	0.0748175	0	0.42511	2
187	55	77	55	79	217	240	0.00729927	0	0.169604	1
188	169	77	168	73	217	221	0.0310219	0	0.169604	2
189	712	323	712	324	217	219	0.00182482	0	0.711454	1
190	436	268	436	266	218	219	0.00729927	0	0.590308	1
191	470	313	476	310	218	219	0.0273723	0	0.689427	1
192	491	305	496	303	218	219	0.0164234	0	0.671806	1
193	532	324	537	326	218	222	0.0164234	0	0.713656	1
194	450	230	446	228	218	219	0.0145985	0	0.506608	2
195	499	116	500	112	218	221	0.0310219	0	0.255507	1
196	523	345	526	345	218	219	0.00547445	0	0.759912	1
197	255	207	253	201	218	222	0.0693431	0	0.455947	2
198	625	434	631	433	218	219	0.0127737	0	0.955947	1
199	502	243	499	244	218	219	0.00729927	0	0.535242	2
200	581	214	578	212	218	221	0.0127737	0	0.471366	2
201	596	243	597	243	218	219	0.00182482	0	0.535242	1
202	262	218	257	212	218	224	0.0748175	0	0.480176	2
203	481	309	487	307	218	219	0.0182482	0	0.680617	1
204	283	250	284	247	218	220	0.0182482	0	0.550661	1
205	279	269	279	266	219	221	0.0164234	0	0.592511	1
206	451	266	449	265	219	220	0.00547445	0	0.585903	2
207	337	114	340	112	219	220	0.0127737	0	0.251101	1
208	509	248	502	252	219	220	0.0419708	0	0.546256	2
209	501	276	506	274	219	220	0.0164234	0	0.60793	1
210	366	216	367	214	219	221	0.00912409	0	0.475771	1
211	438	266	438	264	220	221	0.00729927	0	0.585903	1
212	485	117	490	112	220	224	0.0547445	0	0.257709	1
213	614	260	615	259	220	221	0.00364964	0	0.572687	1
214	597	244	599	243	220	221	0.00547445	0	0.537445	1
215	486	236	482	235	220	221	0.00912409	0	0.519824	2
216	615	289	630	283	220	223	0.0930657	0	0.636564	1
217	444	249	442	249	220	221	0.00364964	0	0.548458	2
218	637	433	643	431	220	221	0.0182482	0	0.953744	1
219	546	336	549	337	220	222	0.00729927	0	0.740088	1
220	496	96	500	93	220	223	0.0237226	0	0.211454	1
221	403	252	402	250	220	221	0.00912409	0	0.555066	2
222	329	117	332	116	220	221	0.00729927	0	0.257709	1
223	157	70	156	66	220	222	0.0310219	0	0.154185	2
224	414	259	413	257	221	222	0.00912409	0	0.570485	2
225	347	110	350	108	221	222	0.0127737	0	0.242291	1
226	406	185	406	183	221	222	0.00729927	0	0.407489	1
227	84	84	86	89	221	240	0.0492701	0	0.185022	1
228	390	227	388	224	221	223	0.020073	0	0.5	2
229	380	247	378	245	221	222	0.0109489	0	0.544053	2
230	329	135	330	135	221	222	0.00182482	0	0.297357	1
231	468	369	471	372	221	240	0.0218978	0	0.812775	1
232	732	303	732	303	221	222	0	0	0.667401	1
233	188	72	189	74	221	238	0.00912409	0	0.15859	1
234	438	260	438	258	222	223	0.00729927	0	0.572687	1
235	449	264	448	262	222	224	0.00912409	0	0.581498	2
236	640	427	643	429	222	223	0.0127737	0	0.940529	1
237	546	361	549	360	222	223	0.00729927	0	0.795154	1
238	602	242	605	241	222	223	0.00729927	0	0.53304	1
239	503	112	508	109	222	225	0.0255474	0	0.246696	1
240	369	213	371	211	222	223	0.0109489	0	0.469163	1
241	518	272	529	269	222	224	0.0364964	0	0.599119	1
242	716	312	716	310	222	223	0.00729927	0	0.687225	1
243	587	228	586	227	222	223	0.00364964	0	0.502203	2
244	479	235	475	234	222	223	0.00912409	0	0.517621	2
245	486	247	479	246	222	223	0.0145985	0	0.544053	2
246	592	250	592	248	222	223	0.00729927	0	0.550661	1
247	409	204	408	202	222	223	0.00912409	0	0.449339	2
248	623	444	628	438	223	224	0.0748175	0	0.977974	1
249	156	66	156	63	223	225	0.0164234	0	0.145374	1
250	654	430	713	425	223	231	0.153285	0	0.947137	1
251	354	108	358	107	223	224	0.00912409	0	0.237885	1
252	433	223	433	221	223	224	0.00729927	0	0.491189	1
253	731	304	732	303	223	224	0.00364964	0	0.669604	1
254	353	118	356	116	223	224	0.0127737	0	0.259912	1
255	438	260	438	258	224	225	0.00729927	0	0.572687	1
256	387	223	386	221	224	225	0.00912409	0	0.491189	2
257	650	453	659	450	224	225	0.0328467	0	0.997797	1
258	635	282	640	280	224	227	0.0164234	0	0.621145	1
259	554	360	568	364	224	229	0.0547445	0	0.792952	1
260	591	187	588	187	224	232	0.00547445	0	0.411894	2
261	605	269	613	267	224	227	0.0218978	0	0.592511	1
262	552	343	554	343	224	225	0.00364964	0	0.755507	1
263	520	290	540	283	224	227	0.125912	0	0.638767	1
264	581	254	583	253	224	230	0.00547445	0	0.559471	1
265	623	278	626	277	224	225	0.00729927	0	0.612335	1
266	348	105	348	104	224	225	0.00182482	0	0.231278	1
267	576	215	575	215	224	225	0.00182482	0	0.473568	2
268	254	199	254	198	224	225	0.00182482	0	0.438326	1
269	412	255	409	255	225	227	0.00547445	0	0.561674	2
270	80	68	83	78	225	234	0.187956	0	0.14978	1
271	491	105	495	102	225	227	0.0237226	0	0.231278	1
272	636	436	645	435	225	226	0.0182482	0	0.960352	1
273	720	288	739	311	225	240	1	0	0.634361	1
274	403	195	401	194	225	226	0.00547445	0	0.429515	2
275	38	69	40	81	225	239	0.266423	0	0.151982	1
276	284	244	285	242	225	231	0.00912409	0	0.537445	1
277	449	260	448	258	225	226	0.00912409	0	0.572687	2
278	591	225	590	224	225	226	0.00364964	0	0.495595	2
279	470	276	459	276	225	228	0.020073	0	0.60793	2
280	407	179	406	180	225	233	0.00364964	0	0.394273	2
281	169	68	170	64	225	229	0.0310219	0	0.14978	1
282	717	333	716	332	225	226	0.00364964	0	0.73348	2
283	257	212	254	212	225	228	0.00547445	0	0.46696	2
284	361	107	365	105	225	226	0.0145985	0	0.235683	1
285	502	312	506	308	225	226	0.0364964	0	0.687225	1
286	296	231	301	247	225	234	0.476277	0	0.508811	1
287	504	95	522	95	225	232	0.0328467	0	0.209251	1
288	535	268	555	264	225	228	0.0656934	0	0.590308	1
289	198	70	199	80	225	240	0.184307	0	0.154185	1
290	166	57	167	55	225	227	0.00912409	0	0.125551	1
291	729	326	729	324	225	226	0.00729927	0	0.718062	1
292	375	180	372	179	225	226	0.00729927	0	0.396476	2
293	723	298	728	298	225	228	0.00912409	0	0.656388	1
294	345	119	347	128	225	240	0.15146	0	0.262115	1
295	438	259	437	258	226	227	0.00364964	0	0.570485	2
296	559	338	561	338	226	227	0.00364964	0	0.744493	1
297	156	62	157	67	226	233	0.0474453	0	0.136564	1
298	250	227	248	226	226	227	0.00547445	0	0.5	2
299	629	277	632	275	226	227	0.0127737	0	0.610132	1
300	385	221	383	220	226	227	0.00547445	0	0.486784	2
301	508	108	510	106	226	227	0.0109489	0	0.237885	1
302	370	105	380	103	227	229	0.0255474	0	0.231278	1
303	733	342	730	343	227	228	0.00729927	0	0.753304	2
304	392	197	390	196	227	228	0.00547445	0	0.433921	2
305	540	302	546	298	227	228	0.040146	0	0.665198	1
306	676	444	682	442	227	228	0.0182482	0	0.977974	1
307	426	212	424	211	227	228	0.00547445	0	0.46696	2
308	283	266	284	268	227	228	0.00912409	0	0.585903	1
309	731	325	732	325	227	228	0.00182482	0	0.715859	1
310	370	183	362	181	227	230	0.0218978	0	0.403084	2
311	572	212	571	212	227	229	0.00182482	0	0.46696	2
312	408	255	407	255	228	229	0.00182482	0	0.561674	2
313	416	224	415	223	228	229	0.00364964	0	0.493392	2
314	627	236	637	235	228	230	0.020073	0	0.519824	1
315	642	283	641	287	228	232	0.0310219	0	0.623348	2
316	470	267	462	266	228	229	0.0164234	0	0.588106	2
317	247	226	246	226	228	229	0.00182482	0	0.497797	2
318	168	55	170	54	228	230	0.00547445	0	0.121145	1
319	295	259	295	257	228	229	0.00729927	0	0.570485	1
320	498	100	500	99	228	229	0.00547445	0	0.220264	1
321	565	380	566	379	228	230	0.00364964	0	0.837004	1
322	381	220	380	219	228	229	0.00364964	0	0.484581	2
323	536	298	546	297	228	229	0.020073	0	0.656388	1
324	255	76	256	88	228	240	0.264599	0	0.167401	1
325	603	282	607	281	228	229	0.00912409	0	0.621145	1
326	399	187	399	186	229	230	0.00182482	0	0.411894	1
327	730	343	731	346	229	232	0.0182482	0	0.755507	1
328	734	300	739	307	229	232	0.0985401	0	0.660793	1
329	417	212	415	212	229	230	0.00364964	0	0.46696	2
330	252	215	242	230	229	237	0.428832	0	0.473568	2
331	393	173	392	173	229	230	0.00182482	0	0.381057	2
332	564	262	570	261	229	230	0.0127737	0	0.577093	1
333	192	239	194	251	229	240	0.266423	0	0.526432	1
334	291	67	292	80	229	240	0.310219	0	0.147577	1
335	203	114	203	125	229	238	0.220803	0	0.251101	1
336	400	205	398	207	229	231	0.0109489	0	0.451542	2
337	592	216	591	217	230	231	0.00364964	0	0.475771	2
338	385	104	389	105	230	231	0.00912409	0	0.229075	1
339	615	283	621	284	230	231	0.0127737	0	0.623348	1
340	520	102	523	102	230	231	0.00547445	0	0.22467	1
341	171	64	172	77	230	234	0.310219	0	0.140969	1
342	572	212	571	214	230	231	0.00912409	0	0.46696	2
343	286	275	286	292	230	234	0.527372	0	0.605727	1
344	374	214	373	215	230	231	0.00364964	0	0.471366	2
345	503	101	504	102	230	231	0.00364964	0	0.222467	1
346	435	225	433	225	230	231	0.00364964	0	0.495595	2
347	578	241	577	245	230	232	0.0310219	0	0.530837	2
348	455	243	452	243	231	232	0.00547445	0	0.535242	2
349	407	259	407	262	231	232	0.0164234	0	0.570485	1
350	642	237	657	248	231	234	0.248175	0	0.522026	1
351	395	190	395	192	231	232	0.00729927	0	0.418502	1
352	374	164	370	166	231	232	0.0145985	0	0.361233	2
353	367	236	366	238	231	232	0.00912409	0	0.519824	2
354	570	371	583	386	231	235	0.434307	0	0.817181	1
355	172	55	176	62	231	237	0.0967153	0	0.121145	1
356	448	268	442	270	231	232	0.0182482	0	0.590308	2
357	414	214	410	219	231	233	0.0529197	0	0.471366	2
358	361	187	354	191	231	233	0.0419708	0	0.411894	2
359	441	235	433	242	231	233	0.104015	0	0.517621	2
360	573	343	578	350	231	233	0.0985401	0	0.755507	1
361	296	261	296	265	231	232	0.0291971	0	0.57489	1
362	628	286	637	289	232	233	0.0328467	0	0.629956	1
363	398	110	402	113	232	233	0.0237226	0	0.242291	1
364	570	219	568	228	232	234	0.15146	0	0.482379	2
365	358	57	358	65	232	240	0.116788	0	0.125551	1
366	68	96	69	105	232	240	0.149635	0	0.211454	1
367	524	106	533	115	232	235	0.164234	0	0.23348	1
368	410	227	407	230	232	233	0.0218978	0	0.5	2
369	408	266	408	271	233	234	0.0456204	0	0.585903	1
370	739	311	740	317	233	235	0.0675182	0	0.685022	1
371	641	257	643	262	233	234	0.0492701	0	0.566079	1
372	516	108	522	114	233	235	0.0766423	0	0.237885	1
373	574	305	580	306	233	234	0.0127737	0	0.671806	1
374	369	172	366	176	233	234	0.0346715	0	0.378855	2
375	437	276	433	282	233	234	0.0729927	0	0.60793	2
376	375	247	374	252	233	234	0.0474453	0	0.544053	2
377	589	191	585	192	233	237	0.00912409	0	0.420705	2
378	594	296	601	299	233	234	0.0291971	0	0.651982	1
379	592	226	592	230	233	234	0.0291971	0	0.497797	1
380	374	208	373	213	233	234	0.0474453	0	0.45815	2
381	526	98	529	101	233	234	0.0218978	0	0.215859	1
382	581	24	580	27	233	234	0.0182482	0	0.0528634	2
383	569	24	567	24	233	237	0.00364964	0	0.0528634	2
384	460	279	455	281	233	234	0.0164234	0	0.614537	2
385	365	243	364	247	233	234	0.0310219	0	0.535242	2
386	578	218	576	219	234	235	0.00547445	0	0.480176	2
387	591	271	634	268	234	240	0.0948905	0	0.596916	1
388	407	201	407	202	234	235	0.00182482	0	0.442731	1
389	430	248	425	250	234	235	0.0164234	0	0.546256	2
390	354	191	337	191	234	238	0.0310219	0	0.420705	2
391	405	185	404	182	234	236	0.0182482	0	0.407489	2
392	408	250	400	247	234	237	0.0310219	0	0.550661	2
393	575	248	573	251	234	235	0.020073	0	0.546256	2
394	582	356	596	365	234	240	0.173358	0	0.784141	1
395	581	368	583	371	234	235	0.020073	0	0.810573	1
396	734	341	734	343	234	235	0.00729927	0	0.751101	1
397	302	264	302	266	234	235	0.00729927	0	0.581498	1
398	374	255	373	251	235	236	0.0310219	0	0.561674	2
399	371	216	369	212	235	236	0.0328467	0	0.475771	2
400	663	250	685	248	235	240	0.0474453	0	0.550661	1
401	647	267	649	265	235	236	0.0109489	0	0.588106	1
402	608	301	613	297	235	236	0.0383212	0	0.662996	1
403	397	273	395	270	235	238	0.020073	0	0.601322	2
404	569	232	564	226	235	237	0.0748175	0	0.511013	2
405	82	82	82	79	235	240	0.0164234	0	0.180617	1
406	431	286	427	283	235	236	0.0237226	0	0.629956	2
407	287	295	286	291	235	238	0.0310219	0	0.64978	2
408	731	366	735	371	235	239	0.0529197	0	0.806167	1
409	589	226	588	225	235	239	0.00364964	0	0.497797	2
410	362	177	358	173	235	236	0.0364964	0	0.389868	2
411	172	81	171	78	235	240	0.0182482	0	0.178414	2
412	421	233	418	228	235	236	0.0510949	0	0.513216	2
413	590	309	600	305	235	236	0.0474453	0	0.680617	1
414	301	251	300	247	235	236	0.0310219	0	0.552863	2
415	733	354	735	359	236	238	0.0492701	0	0.779736	1
416	396	214	393	211	236	237	0.0218978	0	0.471366	2
417	590	404	590	406	236	240	0.00729927	0	0.889868	1
418	575	216	573	218	236	239	0.0109489	0	0.475771	2
419	734	342	733	342	236	237	0.00182482	0	0.753304	2
420	535	101	537	97	236	237	0.0328467	0	0.222467	1
421	385	211	381	209	236	237	0.0145985	0	0.464758	2
422	586	394	587	393	236	237	0.00364964	0	0.867841	1
423	615	267	628	267	236	238	0.0237226	0	0.588106	1
424	406	196	407	193	236	238	0.0182482	0	0.431718	1
425	575	245	572	248	237	238	0.0218978	0	0.539648	2
426	738	313	741	321	237	239	0.122263	0	0.689427	1
427	430	111	434	113	237	238	0.0145985	0	0.244493	1
428	354	173	344	179	237	240	0.0839416	0	0.381057	2
429	581	272	581	276	237	239	0.0291971	0	0.599119	1
430	418	115	422	118	237	238	0.0237226	0	0.253304	1
431	402	181	403	185	237	239	0.0310219	0	0.398678	1
432	66	126	66	130	237	240	0.0291971	0	0.277533	1
433	592	380	597	387	237	238	0.0985401	0	0.837004	1
434	363	241	362	244	237	238	0.0182482	0	0.530837	2
435	392	215	390	218	238	239	0.020073	0	0.473568	2
436	176	66	177	68	238	240	0.00912409	0	0.145374	1
437	562	229	557	231	238	240	0.0164234	0	0.504405	2
438	540	101	543	104	238	239	0.0218978	0	0.222467	1
439	586	197	583	198	238	240	0.00729927	0	0.433921	2
440	380	214	378	217	238	239	0.020073	0	0.471366	2
441	649	290	656	291	238	239	0.0145985	0	0.638767	1
442	421	288	417	291	238	239	0.0237226	0	0.634361	2
443	734	348	735	353	238	239	0.0474453	0	0.76652	1
444	418	260	414	264	238	239	0.0364964	0	0.572687	2
445	243	234	240	238	238	240	0.0346715	0	0.515419	2
446	160	77	160	79	238	240	0.00729927	0	0.169604	1
447	781	434	790	435	238	239	0.0182482	0	0.955947	1
448	526	115	531	118	238	239	0.0255474	0	0.253304	1
449	389	189	389	192	238	239	0.0164234	0	0.4163	1
450	393	225	391	227	238	239	0.0109489	0	0.495595	2
451	549	117	551	115	239	240	0.0109489	0	0.257709	1
452	416	243	415	240	239	240	0.0182482	0	0.535242	2
453	429	117	433	115	239	240	0.0145985	0	0.257709	1
454	189	78	188	76	239	240	0.00912409	0	0.171806	2
455	204	128	203	126	239	240	0.00912409	0	0.281938	2
456	309	280	309	278	239	240	0.00729927	0	0.61674	1
457	615	323	615	319	239	240	0.0291971	0	0.711454	1