
0	496	259	519	247	163	165	0.118608	0	0.569231	1
1	485	157	510	144	163	165	0.137784	0	0.345055	1
2	386	233	403	229	163	164	0.0234375	0	0.512088	1
3	743	218	760	215	163	164	0.0184659	0	0.479121	1
4	309	314	338	308	163	165	0.0461648	0	0.69011	1
5	375	88	406	84	163	165	0.0333807	0	0.193407	1
6	389	93	403	91	163	164	0.0127841	0	0.204396	1
7	797	132	814	130	163	164	0.0149148	0	0.29011	1
8	747	166	809	164	163	167	0.046875	0	0.364835	1
9	544	282	608	279	163	167	0.0518466	0	0.61978	1
10	436	106	456	104	163	164	0.0170455	0	0.232967	1
11	299	434	365	432	163	167	0.0497159	0	0.953846	1
12	71	33	114	28	163	166	0.0482955	0	0.0725275	1
13	647	86	663	83	163	164	0.0177557	0	0.189011	1
14	679	100	693	98	163	164	0.0127841	0	0.21978	1
15	370	131	394	120	163	165	0.102983	0	0.287912	1
16	248	429	282	423	163	165	0.0497159	0	0.942857	1
17	545	255	580	249	163	166	0.0504261	0	0.56044	1
18	697	41	739	37	163	166	0.0411932	0	0.0901099	1
19	486	266	501	259	163	164	0.0454545	0	0.584615	1
20	459	140	478	137	163	164	0.0198864	0	0.307692	1
21	653	449	752	440	163	171	0.127841	0	0.986813	1
22	559	263	585	257	163	165	0.0440341	0	0.578022	1
23	82	217	111	211	163	165	0.0461648	0	0.476923	1
24	102	130	149	125	163	166	0.0511364	0	0.285714	1
25	230	442	279	432	163	166	0.105824	0	0.971429	1
26	659	28	676	26	163	164	0.0149148	0	0.0615385	1
27	111	101	194	88	163	168	0.178977	0	0.221978	1
28	673	30	736	28	163	167	0.0475852	0	0.0659341	1
29	655	396	769	386	163	173	0.151989	0	0.87033	1
30	660	420	675	417	163	164	0.0170455	0	0.923077	1
31	469	213	485	207	163	164	0.0369318	0	0.468132	1
32	248	199	377	201	163	186	0.0944602	0	0.437363	1
33	729	218	825	215	163	169	0.0745739	0	0.479121	1
34	353	231	372	223	163	164	0.0589489	0	0.507692	1
35	466	107	480	101	163	164	0.0355114	0	0.235165	1
36	55	28	72	25	163	164	0.0184659	0	0.0615385	1
37	188	192	231	188	163	166	0.0419034	0	0.421978	1
38	59	231	148	221	163	168	0.134233	0	0.507692	1
39	718	125	804	122	163	168	0.0674716	0	0.274725	1
40	303	334	323	331	163	164	0.0205966	0	0.734066	1
41	312	206	439	203	163	177	0.0965909	0	0.452747	1
42	264	379	371	374	163	168	0.09375	0	0.832967	1
43	503	78	578	57	163	168	0.366477	0	0.171429	1
44	746	151	809	149	163	167	0.0475852	0	0.331868	1
45	530	97	567	84	163	166	0.146307	0	0.213187	1
46	476	115	510	102	163	166	0.144176	0	0.252747	1
47	457	201	499	197	163	166	0.0411932	0	0.441758	1
48	515	178	528	173	163	164	0.0269886	0	0.391209	1
49	517	258	582	255	163	167	0.0525568	0	0.567033	1
50	500	146	575	125	163	168	0.366477	0	0.320879	1
51	412	40	429	40	163	164	0.0120739	0	0.0879121	1
52	753	219	817	216	163	167	0.0518466	0	0.481319	1
53	689	433	785	425	163	171	0.113636	0	0.951648	1
54	596	39	639	35	163	166	0.0419034	0	0.0857143	1
55	72	217	103	211	163	165	0.0475852	0	0.476923	1
56	105	199	147	194	163	166	0.0475852	0	0.437363	1
57	506	232	541	220	163	166	0.127131	0	0.50989	1
58	645	375	685	372	163	166	0.0348011	0	0.824176	1
59	575	29	639	26	163	167	0.0518466	0	0.0637363	1
60	370	146	410	134	163	166	0.130682	0	0.320879	1
61	299	453	421	448	163	174	0.104403	0	0.995604	1
62	595	29	637	25	163	166	0.0411932	0	0.0637363	1
63	360	141	376	136	163	164	0.0291193	0	0.30989	1
64	710	43	752	39	163	166	0.0411932	0	0.0945055	1
65	644	62	708	55	163	167	0.0802557	0	0.136264	1
66	122	94	162	85	163	166	0.0859375	0	0.206593	1
67	119	200	161	196	163	166	0.0411932	0	0.43956	1
68	522	85	548	74	163	165	0.104403	0	0.186813	1
69	393	177	392	192	163	164	0.160511	0	0.389011	2
70	638	75	748	72	163	177	0.084517	0	0.164835	1
71	359	156	389	147	163	165	0.0788352	0	0.342857	1
72	706	28	723	26	163	164	0.0149148	0	0.0615385	1
73	507	65	546	28	164	185	1	0	0.142857	1
74	689	176	700	172	164	165	0.0191761	0	0.386813	1
75	593	211	609	207	164	167	0.0227273	0	0.463736	1
76	686	164	710	162	164	166	0.0198864	0	0.36044	1
77	275	190	299	189	164	166	0.0177557	0	0.417582	1
78	398	134	418	126	164	166	0.0596591	0	0.294505	1
79	574	213	577	208	164	165	0.0198864	0	0.468132	1
80	427	50	442	48	164	165	0.0134943	0	0.10989	1
81	528	62	605	29	164	176	0.828125	0	0.136264	1
82	698	108	704	108	165	166	0.00426136	0	0.237363	1
83	417	195	429	196	165	166	0.00923295	0	0.428571	1
84	593	223	594	223	165	166	0.000710227	0	0.49011	1
85	677	77	688	77	165	166	0.0078125	0	0.169231	1
86	559	103	569	100	165	166	0.0134943	0	0.226374	1
87	489	95	497	94	165	166	0.00639205	0	0.208791	1
88	682	417	694	418	165	166	0.00923295	0	0.916484	1
89	716	159	728	160	165	166	0.00923295	0	0.349451	1
90	418	117	427	115	165	166	0.00923295	0	0.257143	1
91	704	96	712	97	165	166	0.00639205	0	0.210989	1
92	427	195	440	196	165	166	0.00994318	0	0.428571	1
93	703	136	754	138	165	168	0.0390625	0	0.298901	1
94	383	211	395	212	165	166	0.00923295	0	0.463736	1
95	473	102	489	104	165	166	0.0142045	0	0.224176	1
96	310	439	345	440	165	167	0.0255682	0	0.964835	1
97	365	25	383	29	166	167	0.0241477	0	0.0549451	1
98	582	139	601	140	166	167	0.0142045	0	0.305495	1
99	523	93	603	92	166	173	0.0575284	0	0.204396	1
100	595	256	611	255	166	167	0.0120739	0	0.562637	1
101	545	154	580	152	166	168	0.0276989	0	0.338462	1
102	516	94	570	90	167	172	0.0497159	0	0.206593	1
103	804	213	826	211	167	168	0.0184659	0	0.468132	1
104	531	127	551	124	167	168	0.0205966	0	0.279121	1
105	597	245	617	243	167	168	0.0170455	0	0.538462	1
106	730	98	762	95	167	170	0.0291193	0	0.215385	1
107	719	102	740	98	167	168	0.0262784	0	0.224176	1
108	588	97	609	89	167	168	0.0603693	0	0.213187	1
109	384	331	407	327	167	168	0.0276989	0	0.727473	1
110	391	341	415	338	167	168	0.0234375	0	0.749451	1
111	26	196	83	208	167	200	0.142756	0	0.430769	1
112	423	110	446	107	167	168	0.0227273	0	0.241758	1
113	449	198	471	195	167	168	0.022017	0	0.435165	1
114	435	207	456	200	167	168	0.0497159	0	0.454945	1
115	541	181	557	175	167	168	0.0369318	0	0.397802	1
116	705	78	728	75	167	168	0.0227273	0	0.171429	1
117	564	189	582	183	167	168	0.0383523	0	0.415385	1
118	586	79	607	70	167	168	0.0724432	0	0.173626	1
119	799	227	821	225	167	168	0.0184659	0	0.498901	1
120	671	200	621	197	167	168	0.0419034	0	0.43956	2
121	172	117	195	114	167	168	0.0227273	0	0.257143	1
122	441	186	461	182	167	168	0.0255682	0	0.408791	1
123	660	195	682	193	167	168	0.0184659	0	0.428571	1
124	622	26	646	24	167	168	0.0198864	0	0.0571429	1
125	738	416	744	414	168	169	0.00710227	0	0.914286	1
126	542	107	548	106	168	169	0.00497159	0	0.235165	1
127	760	27	796	43	168	199	0.207386	0	0.0593407	1
128	198	125	208	124	168	169	0.0078125	0	0.274725	1
129	274	187	314	188	168	177	0.0291193	0	0.410989	1
130	191	193	201	192	168	169	0.0078125	0	0.424176	1
131	620	222	625	220	168	169	0.00639205	0	0.487912	1
132	692	199	729	208	168	192	0.0838068	0	0.437363	1
133	683	36	725	44	168	192	0.0752841	0	0.0791209	1
134	793	25	820	24	168	172	0.0198864	0	0.0549451	1
135	452	128	466	123	168	170	0.0276989	0	0.281319	1
136	143	30	180	45	168	200	0.18608	0	0.0659341	1
137	206	98	234	90	168	173	0.0653409	0	0.215385	1
138	74	28	111	42	168	200	0.165483	0	0.0615385	1
139	663	26	703	31	168	189	0.0461648	0	0.0571429	1
140	627	261	639	251	168	173	0.0795455	0	0.573626	1
141	579	41	599	26	168	173	0.174006	0	0.0901099	1
142	738	74	755	83	169	177	0.0696023	0	0.162637	1
143	773	157	775	156	169	170	0.00213068	0	0.345055	1
144	464	195	471	193	169	170	0.0078125	0	0.428571	1
145	609	267	603	270	169	170	0.0106534	0	0.586813	2
146	615	78	623	69	169	171	0.0632102	0	0.171429	1
147	173	225	182	226	169	170	0.00710227	0	0.494505	1
148	448	219	455	218	169	170	0.00568182	0	0.481319	1
149	639	278	652	278	169	171	0.00923295	0	0.610989	1
150	190	148	213	150	169	172	0.0191761	0	0.325275	1
151	208	78	220	73	169	172	0.0262784	0	0.171429	1
152	486	196	502	196	169	172	0.0113636	0	0.430769	1
153	459	112	474	107	169	171	0.0284091	0	0.246154	1
154	738	367	780	361	169	192	0.0553977	0	0.806593	1
155	49	26	75	41	169	200	0.178267	0	0.0571429	1
156	795	37	826	39	169	174	0.024858	0	0.0813187	1
157	141	184	165	200	169	200	0.198864	0	0.404396	1
158	586	151	601	157	169	174	0.0362216	0	0.331868	1
159	453	139	490	130	169	177	0.0838068	0	0.305495	1
160	642	123	647	118	169	171	0.0213068	0	0.27033	1
161	464	102	471	101	169	170	0.00568182	0	0.224176	1
162	627	192	660	197	169	182	0.0411932	0	0.421978	1
163	66	26	91	41	169	200	0.177557	0	0.0571429	1
164	807	40	823	39	169	172	0.0120739	0	0.0879121	1
165	169	26	195	41	169	200	0.178267	0	0.0571429	1
166	530	114	551	115	169	171	0.015625	0	0.250549	1
167	604	58	608	56	169	170	0.00568182	0	0.127473	1
168	72	189	97	205	169	200	0.199574	0	0.415385	1
169	816	123	822	126	169	170	0.0106534	0	0.27033	1
170	163	169	189	171	169	172	0.0213068	0	0.371429	1
171	622	202	628	203	169	170	0.00497159	0	0.443956	1
172	732	435	740	435	169	170	0.00568182	0	0.956044	1
173	750	159	751	163	169	170	0.0120739	0	0.349451	1
174	759	139	759	140	169	170	0.000710227	0	0.305495	1
175	572	204	481	180	169	187	0.473722	0	0.448352	2
176	630	124	636	126	169	170	0.00710227	0	0.272527	1
177	568	141	586	145	169	174	0.0241477	0	0.30989	1
178	534	40	545	42	169	170	0.0106534	0	0.0879121	1
179	584	180	587	179	169	170	0.00284091	0	0.395604	1
180	482	176	488	174	169	170	0.00710227	0	0.386813	1
181	177	170	197	173	169	171	0.0205966	0	0.373626	1
182	579	125	583	127	169	170	0.00568182	0	0.274725	1
183	559	227	564	229	169	170	0.00639205	0	0.498901	1
184	757	24	785	40	169	199	0.201705	0	0.0527473	1
185	422	195	452	196	169	176	0.022017	0	0.428571	1
186	808	112	825	113	169	172	0.0127841	0	0.246154	1
187	604	249	602	247	170	171	0.00426136	0	0.547253	2
188	753	413	769	409	170	176	0.0227273	0	0.907692	1
189	618	260	615	259	170	171	0.00284091	0	0.571429	2
190	598	235	593	232	170	172	0.00994318	0	0.516484	2
191	444	320	461	317	170	172	0.0184659	0	0.703297	1
192	451	208	457	201	170	171	0.0390625	0	0.457143	1
193	457	197	463	191	170	171	0.0298295	0	0.432967	1
194	628	221	625	221	170	172	0.00213068	0	0.485714	2
195	743	416	783	407	170	200	0.0859375	0	0.914286	1
196	604	191	607	188	170	171	0.00852273	0	0.41978	1
197	630	241	633	237	170	171	0.0134943	0	0.52967	1
198	714	39	733	55	170	200	0.195312	0	0.0857143	1
199	600	269	596	271	171	172	0.00568182	0	0.591209	2
200	188	226	189	226	171	172	0.000710227	0	0.496703	1
201	224	186	225	185	171	172	0.00142045	0	0.408791	1
202	478	191	479	191	171	172	0.000710227	0	0.41978	1
203	214	193	216	192	171	172	0.00213068	0	0.424176	1
204	438	27	440	24	171	172	0.0078125	0	0.0593407	1
205	405	436	407	435	171	172	0.00213068	0	0.958242	1
206	615	53	618	49	171	173	0.0134943	0	0.116484	1
207	770	94	776	95	171	173	0.00497159	0	0.206593	1
208	411	47	413	45	171	172	0.00426136	0	0.103297	1
209	453	308	460	307	171	172	0.00568182	0	0.676923	1
210	390	438	392	437	171	172	0.00213068	0	0.962637	1
211	578	107	581	105	171	172	0.00497159	0	0.235165	1
212	635	202	645	203	171	173	0.0078125	0	0.443956	1
213	442	339	447	337	171	172	0.00639205	0	0.745055	1
214	215	140	219	139	171	172	0.00355114	0	0.307692	1
215	623	71	626	70	172	173	0.00284091	0	0.156044	1
216	623	59	630	56	172	174	0.0113636	0	0.12967	1
217	753	137	749	137	172	176	0.00284091	0	0.301099	2
218	611	262	620	266	172	173	0.0177557	0	0.575824	1
219	460	198	466	195	172	173	0.0106534	0	0.435165	1
220	457	187	465	186	172	173	0.00639205	0	0.410989	1
221	476	202	482	205	172	173	0.0106534	0	0.443956	1
222	406	421	422	419	172	174	0.0142045	0	0.925275	1
223	497	106	505	105	172	173	0.00639205	0	0.232967	1
224	629	188	636	188	172	176	0.00497159	0	0.413187	1
225	434	417	454	420	172	173	0.0205966	0	0.916484	1
226	605	274	611	274	173	174	0.00426136	0	0.602198	1
227	591	107	600	107	173	174	0.00639205	0	0.235165	1
228	26	183	26	197	173	200	0.139205	0	0.402198	1
229	507	191	516	193	173	181	0.00923295	0	0.41978	1
230	581	91	594	91	173	175	0.00923295	0	0.2	1
231	401	437	416	424	173	176	0.130682	0	0.96044	1
232	487	195	491	198	173	177	0.00923295	0	0.428571	1
233	757	436	760	436	173	174	0.00213068	0	0.958242	1
234	576	170	578	170	173	174	0.00142045	0	0.373626	1
235	772	113	776	113	173	174	0.00284091	0	0.248352	1
236	201	171	217	173	173	175	0.0142045	0	0.375824	1
237	45	24	47	38	173	200	0.140625	0	0.0527473	1
238	717	25	724	32	173	192	0.0397727	0	0.0549451	1
239	219	80	224	80	173	177	0.00355114	0	0.175824	1
240	485	117	557	94	173	200	0.426847	0	0.257143	1
241	240	128	267	130	173	177	0.022017	0	0.281319	1
242	571	140	574	140	173	174	0.00213068	0	0.307692	1
243	586	205	581	197	173	175	0.0490057	0	0.450549	2
244	221	125	227	124	173	177	0.00497159	0	0.274725	1
245	781	42	783	58	173	200	0.183239	0	0.0923077	1
246	480	150	487	149	173	176	0.00568182	0	0.32967	1
247	622	216	619	220	173	174	0.0134943	0	0.474725	2
248	421	45	449	33	173	177	0.122159	0	0.0989011	1
249	506	76	505	72	174	176	0.0120739	0	0.167033	2
250	498	92	497	90	174	175	0.00355114	0	0.202198	2
251	629	68	628	66	174	175	0.00355114	0	0.149451	2
252	204	228	206	228	174	178	0.00142045	0	0.501099	1
253	592	215	588	208	174	175	0.037642	0	0.472527	2
254	470	192	466	187	174	175	0.0205966	0	0.421978	2
255	644	202	638	202	174	176	0.00426136	0	0.443956	2
256	596	226	594	219	174	175	0.0362216	0	0.496703	2
257	475	323	492	323	174	177	0.0120739	0	0.70989	1
258	783	96	778	100	174	176	0.0149148	0	0.210989	2
259	562	134	562	134	174	175	0	0	0.294505	1
260	263	115	287	117	174	178	0.0198864	0	0.252747	1
261	774	387	795	383	174	200	0.0262784	0	0.850549	1
262	488	316	498	315	174	176	0.0078125	0	0.694505	1
263	764	154	772	148	174	175	0.03125	0	0.338462	1
264	487	98	486	96	174	175	0.00355114	0	0.215385	2
265	233	152	238	153	174	175	0.00426136	0	0.334066	1
266	622	46	618	43	174	175	0.00923295	0	0.101099	2
267	495	441	509	451	174	184	0.0809659	0	0.969231	1
268	487	306	530	309	174	181	0.0369318	0	0.672527	1
269	240	93	238	92	174	175	0.00213068	0	0.204396	2
270	473	341	477	339	174	175	0.00568182	0	0.749451	1
271	494	186	494	187	174	176	0.000710227	0	0.408791	1
272	782	168	782	167	174	175	0.000710227	0	0.369231	1
273	228	203	229	203	174	175	0.000710227	0	0.446154	1
274	628	54	625	53	175	176	0.00284091	0	0.118681	2
275	488	209	488	209	175	176	0	0	0.459341	1
276	455	124	455	118	175	177	0.0255682	0	0.272527	1
277	826	39	826	39	175	178	0	0	0.0857143	1
278	481	423	492	428	175	179	0.0255682	0	0.92967	1
279	480	112	483	102	175	187	0.0731534	0	0.246154	1
280	602	51	616	49	175	177	0.0127841	0	0.112088	1
281	452	114	453	107	175	183	0.0355114	0	0.250549	1
282	484	187	483	187	175	176	0.000710227	0	0.410989	2
283	492	335	497	335	175	176	0.00355114	0	0.736264	1
284	755	156	743	159	175	176	0.0149148	0	0.342857	2
285	763	57	763	60	175	176	0.00639205	0	0.125275	1
286	576	142	571	142	175	176	0.00355114	0	0.312088	2
287	603	109	606	109	176	177	0.00213068	0	0.23956	1
288	582	204	576	200	176	177	0.015625	0	0.448352	2
289	770	117	767	119	176	177	0.00497159	0	0.257143	2
290	758	434	756	434	176	177	0.00142045	0	0.953846	2
291	237	102	235	102	176	179	0.00142045	0	0.224176	2
292	464	184	461	181	176	177	0.00852273	0	0.404396	2
293	482	340	488	341	176	177	0.00497159	0	0.747253	1
294	211	187	212	188	176	183	0.00142045	0	0.410989	1
295	594	129	592	128	176	177	0.00213068	0	0.283516	2
296	440	419	451	417	176	177	0.0106534	0	0.920879	1
297	631	171	629	173	176	177	0.00426136	0	0.375824	2
298	499	104	497	101	176	177	0.0078125	0	0.228571	2
299	598	54	604	52	176	177	0.00710227	0	0.118681	1
300	592	215	586	210	176	177	0.022017	0	0.472527	2
301	614	256	612	255	177	178	0.00213068	0	0.562637	2
302	489	209	488	206	177	178	0.00710227	0	0.459341	2
303	499	169	498	169	177	178	0.000710227	0	0.371429	2
304	770	411	776	412	177	184	0.00497159	0	0.903297	1
305	741	161	742	160	177	182	0.00142045	0	0.353846	1
306	494	187	492	182	177	179	0.0191761	0	0.410989	2
307	775	106	772	108	177	178	0.00497159	0	0.232967	2
308	504	337	516	339	177	179	0.0113636	0	0.740659	1
309	600	98	602	97	177	178	0.00213068	0	0.215385	1
310	640	208	642	211	177	181	0.0078125	0	0.457143	1
311	472	374	483	375	177	179	0.00852273	0	0.821978	1
312	486	448	490	446	177	184	0.00568182	0	0.984615	1
313	745	139	740	139	177	181	0.00355114	0	0.305495	2
314	575	147	568	148	177	179	0.00568182	0	0.323077	2
315	626	270	623	266	177	179	0.0134943	0	0.593407	2
316	611	213	610	213	177	178	0.000710227	0	0.468132	2
317	505	71	504	71	178	179	0.000710227	0	0.156044	2
318	609	108	615	110	178	180	0.00710227	0	0.237363	1
319	766	122	765	124	178	179	0.00355114	0	0.268132	2
320	494	83	492	81	178	179	0.00426136	0	0.182418	2
321	488	196	487	193	178	179	0.00710227	0	0.430769	2
322	812	390	814	391	178	181	0.00213068	0	0.857143	1
323	756	84	759	93	178	187	0.0596591	0	0.184615	1
324	479	125	476	123	178	182	0.00497159	0	0.274725	2
325	755	433	757	432	178	181	0.00213068	0	0.951648	1
326	458	411	471	410	178	179	0.00994318	0	0.903297	1
327	623	50	637	51	178	180	0.0106534	0	0.10989	1
328	225	82	233	95	178	188	0.12571	0	0.18022	1
329	229	188	230	188	178	179	0.000710227	0	0.413187	1
330	456	187	452	188	178	179	0.00355114	0	0.410989	2
331	618	245	620	247	178	180	0.00426136	0	0.538462	1
332	600	30	584	35	178	182	0.0291193	0	0.0659341	2
333	230	124	231	128	178	185	0.0120739	0	0.272527	1
334	490	128	482	127	178	184	0.00639205	0	0.281319	2
335	314	188	315	190	178	182	0.00355114	0	0.413187	1
336	483	186	484	182	178	180	0.0120739	0	0.408791	1
337	632	192	634	194	178	180	0.00426136	0	0.421978	1
338	747	74	758	82	178	193	0.053267	0	0.162637	1
339	488	146	489	143	178	180	0.00710227	0	0.320879	1
340	486	96	483	93	178	179	0.00852273	0	0.210989	2
341	613	53	619	53	178	179	0.00426136	0	0.116484	1
342	499	100	496	97	178	179	0.00852273	0	0.21978	2
343	273	132	305	140	178	183	0.0681818	0	0.29011	1
344	501	311	520	313	178	181	0.0163352	0	0.683516	1
345	742	174	746	173	178	182	0.00355114	0	0.382418	1
346	498	344	505	347	178	179	0.0113636	0	0.756044	1
347	624	227	609	225	178	186	0.0134943	0	0.498901	2
348	206	230	211	229	179	180	0.00426136	0	0.505495	1
349	609	255	603	253	179	180	0.00710227	0	0.56044	2
350	498	169	499	170	179	180	0.00142045	0	0.371429	1
351	593	126	590	125	179	180	0.00284091	0	0.276923	2
352	772	109	772	111	179	181	0.00284091	0	0.23956	1
353	632	40	652	41	179	182	0.0149148	0	0.0879121	1
354	612	98	618	99	179	181	0.00497159	0	0.215385	1
355	611	214	612	214	179	180	0.000710227	0	0.47033	1
356	299	220	310	228	179	185	0.053267	0	0.483516	1
357	452	411	482	411	179	181	0.0213068	0	0.903297	1
358	24	192	24	194	179	182	0.00284091	0	0.421978	1
359	503	72	500	69	180	181	0.00852273	0	0.158242	2
360	455	176	451	177	180	181	0.00355114	0	0.386813	2
361	492	81	490	80	180	181	0.00213068	0	0.178022	2
362	799	455	799	454	180	181	0.000710227	0	1	1
363	565	150	561	149	180	181	0.00355114	0	0.32967	2
364	524	340	529	339	180	181	0.00426136	0	0.747253	1
365	502	91	500	88	180	181	0.0078125	0	0.2	2
366	236	103	235	102	180	181	0.00142045	0	0.226374	2
367	231	189	229	188	180	181	0.00213068	0	0.415385	2
368	494	182	494	180	180	181	0.00284091	0	0.4	1
369	613	273	604	267	180	181	0.0319602	0	0.6	2
370	281	158	285	158	180	181	0.00284091	0	0.347253	1
371	502	431	507	429	180	184	0.00639205	0	0.947253	1
372	484	93	482	92	180	181	0.00213068	0	0.204396	2
373	507	46	512	42	180	185	0.0149148	0	0.101099	1
374	529	212	526	215	180	181	0.00852273	0	0.465934	2
375	580	112	571	108	180	182	0.0177557	0	0.246154	2
376	567	123	554	123	180	183	0.00923295	0	0.27033	2
377	827	42	818	56	180	200	0.145597	0	0.0923077	2
378	489	377	533	373	180	187	0.0426136	0	0.828571	1
379	826	415	821	416	180	183	0.00426136	0	0.912088	2
380	768	130	768	130	181	182	0	0	0.285714	1
381	592	249	545	248	181	184	0.0340909	0	0.547253	2
382	627	194	625	194	181	182	0.00142045	0	0.426374	2
383	620	248	618	251	181	185	0.0078125	0	0.545055	2
384	489	143	485	148	181	183	0.0205966	0	0.314286	2
385	756	116	755	118	181	183	0.00355114	0	0.254945	2
386	522	274	521	278	181	185	0.0120739	0	0.602198	2
387	542	276	533	268	181	187	0.0518466	0	0.606593	2
388	451	177	450	176	182	183	0.00142045	0	0.389011	2
389	488	188	484	183	182	184	0.0205966	0	0.413187	2
390	498	67	494	65	182	183	0.00568182	0	0.147253	2
391	815	389	818	387	182	185	0.00497159	0	0.854945	1
392	234	103	233	108	182	184	0.0184659	0	0.226374	2
393	451	132	452	120	182	183	0.102983	0	0.29011	1
394	774	113	772	115	182	184	0.00426136	0	0.248352	2
395	558	148	548	150	182	185	0.00994318	0	0.325275	2
396	759	432	760	433	182	184	0.00142045	0	0.949451	1
397	536	309	563	305	182	186	0.0305398	0	0.679121	1
398	596	248	547	256	182	185	0.0802557	0	0.545055	2
399	290	159	293	160	182	183	0.00284091	0	0.349451	1
400	486	82	486	84	182	183	0.00284091	0	0.18022	1
401	764	442	766	440	182	184	0.00426136	0	0.971429	1
402	592	264	575	263	182	183	0.0127841	0	0.58022	2
403	244	190	238	198	182	196	0.0497159	0	0.417582	2
404	232	194	228	195	182	183	0.00355114	0	0.426374	2
405	522	428	593	436	182	191	0.0958807	0	0.940659	1
406	624	101	625	102	182	183	0.00142045	0	0.221978	1
407	574	40	556	39	182	185	0.0134943	0	0.0879121	2
408	744	162	749	163	183	184	0.00426136	0	0.356044	1
409	659	44	672	47	183	185	0.015625	0	0.0967033	1
410	589	223	582	231	183	185	0.0504261	0	0.49011	2
411	588	233	580	242	183	185	0.0632102	0	0.512088	2
412	319	123	365	142	183	193	0.289062	0	0.27033	1
413	632	198	633	199	183	186	0.00142045	0	0.435165	1
414	529	325	555	320	183	187	0.0362216	0	0.714286	1
415	613	102	612	103	183	184	0.00142045	0	0.224176	2
416	473	127	471	126	183	184	0.00213068	0	0.279121	2
417	488	100	488	101	183	184	0.000710227	0	0.21978	1
418	529	346	572	332	183	192	0.169744	0	0.76044	1
419	587	126	584	127	183	184	0.00284091	0	0.276923	2
420	563	111	559	111	183	184	0.00284091	0	0.243956	2
421	493	65	491	60	184	186	0.0191761	0	0.142857	2
422	445	182	447	179	184	186	0.0078125	0	0.4	1
423	449	172	449	172	184	185	0	0	0.378022	1
424	600	224	597	229	184	185	0.0198864	0	0.492308	2
425	656	201	656	201	184	185	0	0	0.441758	1
426	590	140	594	140	184	185	0.00284091	0	0.307692	1
427	485	151	486	148	184	185	0.00710227	0	0.331868	1
428	623	105	621	104	184	185	0.00213068	0	0.230769	2
429	24	198	24	197	184	187	0.000710227	0	0.435165	1
430	824	415	823	413	184	185	0.00355114	0	0.912088	2
431	653	59	669	58	184	186	0.0120739	0	0.12967	1
432	640	171	640	171	184	185	0	0	0.375824	1
433	760	154	761	154	184	185	0.000710227	0	0.338462	1
434	641	189	647	192	185	186	0.0106534	0	0.415385	1
435	619	116	617	115	185	186	0.00213068	0	0.254945	2
436	235	111	231	123	185	189	0.105114	0	0.243956	2
437	778	412	776	407	185	188	0.0191761	0	0.905495	2
438	763	126	758	121	185	186	0.0213068	0	0.276923	2
439	513	428	530	420	185	187	0.0575284	0	0.940659	1
440	494	214	483	207	185	186	0.0426136	0	0.47033	2
441	570	72	565	69	185	186	0.00994318	0	0.158242	2
442	510	453	523	444	185	187	0.0667614	0	0.995604	1
443	559	121	555	120	185	186	0.00355114	0	0.265934	2
444	484	125	505	115	185	191	0.0859375	0	0.274725	1
445	548	120	545	119	185	186	0.00284091	0	0.263736	2
446	494	440	509	428	185	187	0.112926	0	0.967033	1
447	770	109	768	106	185	187	0.0078125	0	0.23956	2
448	445	194	447	188	185	187	0.0269886	0	0.426374	1
449	303	165	308	163	185	186	0.00639205	0	0.362637	1
450	567	55	532	61	185	192	0.0504261	0	0.120879	2
451	334	154	337	155	186	187	0.00284091	0	0.338462	1
452	482	85	475	82	186	188	0.0113636	0	0.186813	2
453	819	387	818	387	186	187	0.000710227	0	0.850549	2
454	586	238	589	240	186	187	0.00497159	0	0.523077	1
455	493	92	496	89	186	187	0.00852273	0	0.202198	1
456	661	200	660	199	186	187	0.00142045	0	0.43956	2
457	546	176	534	176	186	188	0.00852273	0	0.386813	2
458	455	203	452	202	186	188	0.00284091	0	0.446154	2
459	542	431	540	431	186	187	0.00142045	0	0.947253	2
460	503	86	507	83	186	187	0.00923295	0	0.189011	1
461	765	435	765	434	186	188	0.000710227	0	0.956044	1
462	316	177	326	178	186	188	0.0078125	0	0.389011	1
463	751	144	756	147	186	188	0.00994318	0	0.316484	1
464	601	198	600	198	186	187	0.000710227	0	0.435165	2
465	643	214	642	214	186	187	0.000710227	0	0.47033	2
466	310	213	318	211	186	187	0.00852273	0	0.468132	1
467	546	151	525	149	186	190	0.0177557	0	0.331868	2
468	820	420	820	418	186	189	0.00284091	0	0.923077	1
469	615	118	609	118	187	188	0.00426136	0	0.259341	2
470	603	140	605	138	187	188	0.00426136	0	0.307692	1
471	619	249	610	241	187	188	0.0518466	0	0.547253	2
472	583	250	581	248	187	189	0.00426136	0	0.549451	2
473	489	60	491	52	187	191	0.046875	0	0.131868	1
474	677	58	682	57	187	188	0.00426136	0	0.127473	1
475	762	117	755	113	187	188	0.0163352	0	0.257143	2
476	602	244	601	244	187	188	0.000710227	0	0.536264	2
477	382	195	379	194	187	190	0.00284091	0	0.428571	2
478	431	204	430	203	187	188	0.00142045	0	0.448352	2
479	562	70	557	69	187	188	0.00426136	0	0.153846	2
480	218	200	213	198	187	188	0.00639205	0	0.43956	2
481	561	309	588	304	187	192	0.0369318	0	0.679121	1
482	604	98	597	98	187	188	0.00497159	0	0.215385	2
483	769	165	769	163	188	189	0.00284091	0	0.362637	1
484	639	214	636	212	188	189	0.00497159	0	0.47033	2
485	820	386	820	385	188	189	0.000710227	0	0.848352	1
486	631	198	627	200	188	190	0.00568182	0	0.435165	2
487	540	418	551	416	188	189	0.0106534	0	0.918681	1
488	501	87	505	83	188	189	0.0142045	0	0.191209	1
489	514	274	500	270	188	189	0.0213068	0	0.602198	2
490	560	319	582	316	188	192	0.022017	0	0.701099	1
491	537	441	592	437	188	191	0.0504261	0	0.969231	1
492	474	251	463	247	188	189	0.0191761	0	0.551648	2
493	590	201	587	201	188	190	0.00213068	0	0.441758	2
494	490	262	479	260	188	189	0.0106534	0	0.575824	2
495	759	92	764	91	188	192	0.00426136	0	0.202198	1
496	823	396	825	398	188	191	0.00426136	0	0.87033	1
497	599	111	595	112	188	189	0.00355114	0	0.243956	2
498	212	188	210	185	188	189	0.0078125	0	0.413187	2
499	622	102	621	101	188	189	0.00142045	0	0.224176	2
500	511	80	515	76	188	189	0.0142045	0	0.175824	1
501	329	160	350	174	188	192	0.154119	0	0.351648	1
502	495	156	483	155	188	190	0.00923295	0	0.342857	2
503	477	93	475	89	188	189	0.0127841	0	0.204396	2
504	544	191	536	190	188	189	0.00639205	0	0.41978	2
505	573	331	578	328	188	189	0.00994318	0	0.727473	1
506	606	120	597	131	189	192	0.0923295	0	0.263736	2
507	551	75	546	75	189	190	0.00355114	0	0.164835	2
508	565	49	565	50	189	192	0.000710227	0	0.107692	1
509	617	89	619	92	189	192	0.0078125	0	0.195604	1
510	777	406	793	405	189	200	0.0120739	0	0.892308	1
511	751	111	752	116	189	192	0.0184659	0	0.243956	1
512	368	244	363	257	189	200	0.12358	0	0.536264	2
513	601	243	595	241	189	192	0.00710227	0	0.534066	2
514	659	198	659	200	189	190	0.00284091	0	0.435165	1
515	688	58	699	64	189	191	0.0333807	0	0.127473	1
516	306	198	300	209	189	200	0.0901989	0	0.435165	2
517	765	431	768	433	189	193	0.00497159	0	0.947253	1
518	522	136	516	136	189	190	0.00426136	0	0.298901	2
519	825	407	825	408	189	190	0.000710227	0	0.894505	1
520	475	79	475	77	189	190	0.00284091	0	0.173626	1
521	591	239	589	240	189	190	0.00213068	0	0.525275	2
522	475	239	461	239	189	190	0.00994318	0	0.525275	2
523	738	104	741	108	189	192	0.0134943	0	0.228571	1
524	486	110	489	109	189	190	0.00284091	0	0.241758	1
525	691	30	690	31	189	190	0.00142045	0	0.0659341	2
526	568	338	582	337	189	192	0.0106534	0	0.742857	1
527	505	73	508	72	189	190	0.00284091	0	0.16044	1
528	495	94	547	90	189	200	0.0482955	0	0.206593	1
529	498	136	500	136	189	190	0.00142045	0	0.298901	1
530	580	224	576	226	189	190	0.00568182	0	0.492308	2
531	605	143	600	146	190	191	0.00994318	0	0.314286	2
532	771	164	771	164	190	191	0	0	0.36044	1
533	553	64	548	65	190	191	0.00426136	0	0.140659	2
534	238	129	239	130	190	192	0.00142045	0	0.283516	1
535	631	217	627	221	190	191	0.0142045	0	0.476923	2
536	489	77	489	75	190	191	0.00284091	0	0.169231	1
537	553	409	559	406	190	191	0.0106534	0	0.898901	1
538	249	83	252	85	190	192	0.00497159	0	0.182418	1
539	518	71	522	70	190	191	0.00355114	0	0.156044	1
540	584	329	595	330	190	192	0.00852273	0	0.723077	1
541	606	198	604	198	190	191	0.00142045	0	0.435165	2
542	352	161	357	164	190	191	0.00994318	0	0.353846	1
543	822	387	823	387	190	191	0.000710227	0	0.850549	1
544	580	250	579	252	190	192	0.00355114	0	0.549451	2
545	602	113	597	120	190	192	0.0383523	0	0.248352	2
546	513	86	522	87	190	192	0.00710227	0	0.189011	1
547	357	242	358	246	190	195	0.0120739	0	0.531868	1
548	522	181	517	185	190	191	0.0149148	0	0.397802	2
549	764	177	766	181	190	192	0.0127841	0	0.389011	1
550	583	220	582	221	191	192	0.00142045	0	0.483516	2
551	659	204	658	209	191	192	0.0184659	0	0.448352	2
552	546	75	541	76	191	192	0.00426136	0	0.164835	2
553	586	240	584	240	191	192	0.00142045	0	0.527473	2
554	251	109	252	110	191	192	0.00142045	0	0.23956	1
555	713	52	720	53	191	192	0.00568182	0	0.114286	1
556	519	145	513	144	191	192	0.00497159	0	0.318681	2
557	544	419	557	412	191	193	0.0440341	0	0.920879	1
558	219	199	221	208	191	195	0.0589489	0	0.437363	1
559	520	49	515	52	191	192	0.00994318	0	0.107692	2
560	659	160	673	162	191	192	0.0127841	0	0.351648	1
561	825	391	825	391	192	193	0	0	0.859341	1
562	607	435	606	446	192	200	0.0866477	0	0.956044	2
563	563	431	570	429	192	193	0.0078125	0	0.947253	1
564	510	117	514	116	192	193	0.00355114	0	0.257143	1
565	413	240	420	243	192	193	0.0113636	0	0.527473	1
566	468	248	462	250	192	194	0.00710227	0	0.545055	2
567	526	76	530	76	192	193	0.00284091	0	0.167033	1
568	438	198	428	198	192	193	0.00710227	0	0.435165	2
569	656	199	654	203	192	196	0.0127841	0	0.437363	2
570	623	227	614	238	192	200	0.0923295	0	0.498901	2
571	186	24	181	31	192	200	0.0383523	0	0.0527473	2
572	510	35	491	44	192	196	0.0710227	0	0.0769231	2
573	762	146	759	151	192	194	0.0198864	0	0.320879	2
574	593	127	589	130	193	194	0.00923295	0	0.279121	2
575	481	174	480	172	193	194	0.00355114	0	0.382418	2
576	234	128	235	128	193	194	0.000710227	0	0.281319	1
577	365	174	374	179	193	197	0.0241477	0	0.382418	1
578	593	137	589	140	193	194	0.00923295	0	0.301099	2
579	620	94	619	107	193	199	0.120739	0	0.206593	2
580	600	333	636	344	193	200	0.111506	0	0.731868	1
581	580	202	567	212	193	200	0.0802557	0	0.443956	2
582	581	339	618	351	193	200	0.128551	0	0.745055	1
583	722	204	720	205	193	195	0.00213068	0	0.448352	2
584	470	261	465	262	193	196	0.00426136	0	0.573626	2
585	782	361	788	356	193	200	0.022017	0	0.793407	1
586	590	421	592	420	193	194	0.00213068	0	0.925275	1
587	564	53	563	52	193	194	0.00142045	0	0.116484	2
588	504	110	531	103	193	198	0.0539773	0	0.241758	1
589	779	85	785	89	193	196	0.015625	0	0.186813	1
590	772	168	772	178	193	197	0.0710227	0	0.369231	1
591	219	197	217	197	193	195	0.00142045	0	0.432967	2
592	577	223	572	221	193	194	0.00639205	0	0.49011	2
593	782	184	781	183	193	194	0.00142045	0	0.404396	2
594	459	263	456	265	193	196	0.00497159	0	0.578022	2
595	253	111	256	112	193	195	0.00284091	0	0.243956	1
596	827	146	809	149	193	197	0.0191761	0	0.320879	2
597	660	215	656	222	193	200	0.037642	0	0.472527	2
598	357	216	358	218	193	194	0.00355114	0	0.474725	1
599	203	26	198	31	193	200	0.0213068	0	0.0571429	2
600	583	121	580	124	193	194	0.00852273	0	0.265934	2
601	543	164	531	165	193	195	0.00923295	0	0.36044	2
602	231	113	247	135	193	200	0.355114	0	0.248352	1
603	254	88	260	92	193	196	0.015625	0	0.193407	1
604	121	25	116	30	193	200	0.0213068	0	0.0549451	2
605	527	87	559	80	193	199	0.0575284	0	0.191209	1
606	133	24	128	29	193	200	0.0213068	0	0.0527473	2
607	565	369	577	372	193	195	0.0149148	0	0.810989	1
608	601	303	636	314	193	200	0.110795	0	0.665934	1
609	493	66	492	66	193	194	0.000710227	0	0.145055	2
610	584	212	582	211	193	194	0.00213068	0	0.465934	2
611	465	163	457	163	193	194	0.00568182	0	0.358242	2
612	645	183	647	195	193	200	0.103693	0	0.402198	1
613	245	133	245	133	193	194	0	0	0.292308	1
614	389	219	403	224	193	196	0.0276989	0	0.481319	1
615	576	251	568	248	194	195	0.0120739	0	0.551648	2
616	536	72	558	66	194	198	0.0411932	0	0.158242	1
617	761	85	763	87	194	195	0.00426136	0	0.186813	1
618	772	431	777	429	194	196	0.00639205	0	0.947253	1
619	520	115	526	113	194	195	0.00710227	0	0.252747	1
620	362	147	367	149	194	197	0.00639205	0	0.323077	1
621	476	160	473	157	194	195	0.00852273	0	0.351648	2
622	808	173	809	178	194	196	0.0184659	0	0.38022	1
623	418	196	409	194	194	195	0.00923295	0	0.430769	2
624	477	74	476	74	194	195	0.000710227	0	0.162637	2
625	631	113	630	123	194	198	0.071733	0	0.248352	2
626	586	134	582	136	195	196	0.00568182	0	0.294505	2
627	218	181	233	183	195	198	0.0134943	0	0.397802	1
628	792	175	792	176	195	196	0.000710227	0	0.384615	1
629	492	67	491	67	195	196	0.000710227	0	0.147253	2
630	460	251	449	253	195	198	0.0106534	0	0.551648	2
631	827	168	818	168	195	197	0.00639205	0	0.369231	2
632	458	184	450	185	195	196	0.00639205	0	0.404396	2
633	781	185	780	189	195	196	0.0120739	0	0.406593	2
634	753	120	753	118	195	196	0.00284091	0	0.263736	1
635	573	231	563	231	195	196	0.00710227	0	0.507692	2
636	784	438	785	436	195	196	0.00355114	0	0.962637	1
637	578	124	564	125	195	198	0.0106534	0	0.272527	2
638	497	239	493	241	195	196	0.00568182	0	0.525275	2
639	723	49	720	54	195	200	0.0198864	0	0.107692	2
640	413	241	397	242	195	197	0.0120739	0	0.52967	2
641	222	210	224	210	196	197	0.00142045	0	0.461538	1
642	222	199	224	199	196	197	0.00142045	0	0.437363	1
643	483	86	481	83	196	198	0.0078125	0	0.189011	2
644	725	214	724	215	196	198	0.00142045	0	0.47033	2
645	765	90	764	91	196	197	0.00142045	0	0.197802	2
646	618	127	611	137	196	200	0.0759943	0	0.279121	2
647	476	74	475	73	196	197	0.00142045	0	0.162637	2
648	533	113	546	111	196	199	0.0120739	0	0.248352	1
649	821	257	811	260	196	197	0.0134943	0	0.564835	2
650	486	151	478	152	196	197	0.00639205	0	0.331868	2
651	402	194	394	193	196	197	0.00639205	0	0.426374	2
652	590	440	587	443	196	200	0.00852273	0	0.967033	2
653	438	243	437	246	196	197	0.00710227	0	0.534066	2
654	517	131	514	132	196	197	0.00284091	0	0.287912	2
655	733	37	732	37	196	197	0.000710227	0	0.0813187	2
656	576	216	571	223	196	200	0.0383523	0	0.474725	2
657	470	84	468	83	196	197	0.00213068	0	0.184615	2
658	385	279	382	283	196	200	0.0134943	0	0.613187	2
659	791	177	790	177	197	198	0.000710227	0	0.389011	2
660	781	195	781	197	197	198	0.00284091	0	0.428571	1
661	578	137	562	132	197	200	0.0291193	0	0.301099	2
662	531	127	542	128	197	199	0.00852273	0	0.279121	1
663	602	425	602	428	197	200	0.00639205	0	0.934066	1
664	487	54	482	52	197	198	0.00639205	0	0.118681	2
665	463	263	458	262	197	198	0.00426136	0	0.578022	2
666	507	75	503	73	197	198	0.00568182	0	0.164835	2
667	818	250	811	253	197	198	0.0113636	0	0.549451	2
668	251	178	252	178	197	198	0.000710227	0	0.391209	1
669	584	206	581	209	197	200	0.00852273	0	0.452747	2
670	501	135	496	135	197	198	0.00355114	0	0.296703	2
671	548	251	537	251	197	198	0.0078125	0	0.551648	2
672	468	63	466	61	197	198	0.00426136	0	0.138462	2
673	263	96	268	104	197	199	0.0490057	0	0.210989	1
674	610	359	625	362	197	200	0.0170455	0	0.789011	1
675	654	206	651	209	197	200	0.00852273	0	0.452747	2
676	251	111	258	123	197	200	0.107244	0	0.243956	1
677	553	235	538	237	197	198	0.0134943	0	0.516484	2
678	614	115	611	119	197	199	0.0134943	0	0.252747	2
679	492	66	487	64	197	198	0.00639205	0	0.145055	2
680	243	152	245	156	197	198	0.0127841	0	0.334066	1
681	773	181	773	186	198	200	0.0177557	0	0.397802	1
682	375	178	376	177	198	199	0.00142045	0	0.391209	1
683	374	148	375	147	198	200	0.00142045	0	0.325275	1
684	474	155	460	158	198	200	0.0163352	0	0.340659	2
685	246	135	248	140	198	199	0.0191761	0	0.296703	1
686	781	429	782	428	198	199	0.00142045	0	0.942857	1
687	811	160	799	162	198	200	0.0113636	0	0.351648	2
688	764	160	766	165	198	200	0.0191761	0	0.351648	1
689	472	72	468	70	198	199	0.00568182	0	0.158242	2
690	459	79	456	80	198	199	0.00284091	0	0.173626	2
691	365	203	367	203	198	199	0.00142045	0	0.446154	1
692	445	190	444	189	199	200	0.00142045	0	0.417582	2
693	565	69	570	70	199	200	0.00426136	0	0.151648	1
694	624	160	621	161	199	200	0.00284091	0	0.351648	2
695	767	195	766	196	199	200	0.00142045	0	0.428571	2
696	750	78	754	82	199	200	0.0142045	0	0.171429	1
697	594	371	599	371	199	200	0.00355114	0	0.815385	1
698	724	216	723	217	199	200	0.00142045	0	0.474725	2
699	536	105	539	106	199	200	0.00284091	0	0.230769	1
700	479	79	475	77	199	200	0.00568182	0	0.173626	2
701	649	428	648	429	199	200	0.00142045	0	0.940659	2
702	632	383	637	382	199	200	0.00426136	0	0.841758	1
703	623	49	622	51	199	200	0.00355114	0	0.107692	2
704	766	106	765	107	199	200	0.00142045	0	0.232967	2
705	523	250	510	251	199	200	0.00994318	0	0.549451	2
706	379	162	379	161	199	200	0.000710227	0	0.356044	1
707	468	80	464	79	199	200	0.00355114	0	0.175824	2