
0	328	24	328	24	212	213	0	0	0.0527473	1
1	216	242	216	241	212	213	0.00135501	0	0.531868	1
2	299	242	298	241	212	213	0.00271003	0	0.531868	2
3	200	224	199	223	212	213	0.00271003	0	0.492308	2
4	286	237	289	237	212	214	0.00406504	0	0.520879	1
5	362	231	358	227	212	215	0.0271003	0	0.507692	2
6	260	253	261	251	212	213	0.00677507	0	0.556044	1
7	611	342	609	341	212	216	0.00406504	0	0.751648	2
8	282	212	283	210	212	213	0.00677507	0	0.465934	1
9	291	197	289	195	212	213	0.00813008	0	0.432967	2
10	302	232	301	231	212	213	0.00271003	0	0.50989	2
11	312	209	310	208	212	213	0.00406504	0	0.459341	2
12	546	318	544	318	213	214	0.00271003	0	0.698901	2
13	616	311	615	314	213	216	0.0135501	0	0.683516	2
14	471	213	470	213	213	214	0.00135501	0	0.468132	2
15	252	207	252	205	213	214	0.00542005	0	0.454945	1
16	631	314	629	327	213	219	0.231707	0	0.69011	2
17	372	235	370	234	213	215	0.00406504	0	0.516484	2
18	341	221	338	220	213	215	0.00542005	0	0.485714	2
19	624	351	623	351	213	214	0.00135501	0	0.771429	2
20	316	233	315	228	213	215	0.0352304	0	0.512088	2
21	272	184	269	182	213	214	0.00948509	0	0.404396	2
22	613	358	612	357	214	217	0.00271003	0	0.786813	2
23	522	367	521	366	214	215	0.00271003	0	0.806593	2
24	482	213	479	213	214	217	0.00406504	0	0.468132	2
25	223	206	223	204	214	215	0.00542005	0	0.452747	1
26	296	217	297	214	214	215	0.0135501	0	0.476923	1
27	374	250	374	248	214	217	0.00542005	0	0.549451	1
28	328	228	327	225	214	215	0.0135501	0	0.501099	2
29	406	192	402	190	214	217	0.0108401	0	0.421978	2
30	394	187	391	186	214	217	0.00542005	0	0.410989	2
31	623	363	621	364	214	216	0.00406504	0	0.797802	2
32	227	196	234	189	214	220	0.0758808	0	0.430769	1
33	320	208	318	206	214	215	0.00813008	0	0.457143	2
34	200	235	201	234	214	215	0.00271003	0	0.516484	1
35	27	104	25	103	214	215	0.00406504	0	0.228571	2
36	544	316	540	319	215	219	0.0176152	0	0.694505	2
37	558	347	556	347	215	217	0.00271003	0	0.762637	2
38	326	242	325	239	215	216	0.0135501	0	0.531868	2
39	491	221	489	219	215	218	0.00813008	0	0.485714	2
40	174	163	172	162	215	216	0.00406504	0	0.358242	2
41	632	361	630	361	215	216	0.00271003	0	0.793407	2
42	305	238	306	236	215	217	0.00677507	0	0.523077	1
43	254	203	265	201	215	218	0.0203252	0	0.446154	1
44	216	240	215	240	215	217	0.00135501	0	0.527473	2
45	522	367	522	366	216	218	0.00135501	0	0.806593	1
46	314	215	316	212	216	217	0.0149051	0	0.472527	1
47	327	24	358	40	216	250	0.388889	0	0.0527473	1
48	384	155	378	153	216	219	0.0135501	0	0.340659	2
49	300	214	302	212	216	217	0.00813008	0	0.47033	1
50	224	203	225	201	216	217	0.00677507	0	0.446154	1
51	314	226	314	223	216	218	0.0121951	0	0.496703	1
52	252	179	251	178	216	217	0.00271003	0	0.393407	2
53	282	192	279	191	216	217	0.00542005	0	0.421978	2
54	340	234	339	233	216	217	0.00271003	0	0.514286	2
55	466	180	461	178	216	218	0.0121951	0	0.395604	2
56	325	222	324	220	216	217	0.00677507	0	0.487912	2
57	358	225	356	223	216	217	0.00813008	0	0.494505	2
58	535	329	533	329	216	217	0.00271003	0	0.723077	2
59	264	180	262	179	216	217	0.00406504	0	0.395604	2
60	205	232	209	230	216	217	0.0108401	0	0.50989	1
61	409	203	407	202	216	217	0.00406504	0	0.446154	2
62	167	440	192	454	216	249	0.299458	0	0.967033	1
63	548	365	548	365	217	218	0	0	0.802198	1
64	472	201	469	200	217	218	0.00542005	0	0.441758	2
65	326	237	327	232	217	219	0.0352304	0	0.520879	1
66	615	315	616	319	217	220	0.0230352	0	0.692308	1
67	298	262	298	261	217	218	0.00135501	0	0.575824	1
68	139	182	141	181	217	218	0.00406504	0	0.4	1
69	188	227	188	226	217	218	0.00135501	0	0.498901	1
70	289	193	286	192	217	218	0.00542005	0	0.424176	2
71	566	348	566	348	217	220	0	0	0.764835	1
72	141	193	141	192	217	220	0.00135501	0	0.424176	1
73	257	223	260	222	217	218	0.00542005	0	0.49011	1
74	556	347	556	351	218	233	0.0216802	0	0.762637	1
75	612	357	612	357	218	219	0	0	0.784615	1
76	478	212	474	211	218	219	0.00677507	0	0.465934	2
77	317	212	317	212	218	219	0	0	0.465934	1
78	622	363	621	363	218	224	0.00135501	0	0.797802	2
79	375	247	369	246	218	220	0.00948509	0	0.542857	2
80	311	266	312	263	218	219	0.0135501	0	0.584615	1
81	371	232	366	230	218	220	0.0121951	0	0.50989	2
82	227	200	234	198	218	221	0.0149051	0	0.43956	1
83	260	181	258	181	218	219	0.00271003	0	0.397802	2
84	250	178	249	177	218	219	0.00271003	0	0.391209	2
85	355	206	348	207	218	221	0.0108401	0	0.452747	2
86	155	117	153	118	218	219	0.00406504	0	0.257143	2
87	542	349	542	349	218	219	0	0	0.767033	1
88	303	212	304	212	218	219	0.00135501	0	0.465934	1
89	233	269	233	268	218	227	0.00135501	0	0.591209	1
90	222	212	224	212	218	219	0.00271003	0	0.465934	1
91	132	217	131	218	218	220	0.00271003	0	0.476923	2
92	233	215	233	215	218	219	0	0	0.472527	1
93	549	366	548	366	219	224	0.00135501	0	0.804396	2
94	299	236	302	234	219	220	0.00948509	0	0.518681	1
95	469	199	465	198	219	220	0.00677507	0	0.437363	2
96	461	178	444	176	219	225	0.0284553	0	0.391209	2
97	218	274	218	273	219	222	0.00135501	0	0.602198	1
98	385	268	385	268	219	220	0	0	0.589011	1
99	433	185	432	183	219	222	0.00677507	0	0.406593	2
100	397	175	392	175	219	221	0.00677507	0	0.384615	2
101	261	223	262	224	219	220	0.00271003	0	0.49011	1
102	395	190	390	189	219	220	0.00813008	0	0.417582	2
103	352	243	351	243	219	221	0.00135501	0	0.534066	2
104	536	334	536	334	219	220	0	0	0.734066	1
105	327	246	329	244	219	220	0.00813008	0	0.540659	1
106	297	261	296	261	219	220	0.00135501	0	0.573626	2
107	602	356	601	356	219	220	0.00135501	0	0.782418	2
108	309	196	311	196	219	220	0.00271003	0	0.430769	1
109	533	367	533	367	219	220	0	0	0.806593	1
110	456	214	455	214	219	220	0.00135501	0	0.47033	2
111	612	307	613	311	219	221	0.0230352	0	0.674725	1
112	407	295	409	297	219	229	0.00813008	0	0.648352	1
113	382	317	382	315	219	225	0.00542005	0	0.696703	1
114	123	206	123	205	219	221	0.00135501	0	0.452747	1
115	470	212	464	212	220	221	0.00813008	0	0.465934	2
116	329	229	331	228	220	221	0.00406504	0	0.503297	1
117	309	207	311	207	220	221	0.00271003	0	0.454945	1
118	275	191	275	189	220	221	0.00542005	0	0.41978	1
119	376	153	368	151	220	223	0.0162602	0	0.336264	2
120	148	219	145	216	220	223	0.0162602	0	0.481319	2
121	238	225	239	225	220	221	0.00135501	0	0.494505	1
122	258	200	259	199	220	221	0.00271003	0	0.43956	1
123	394	256	397	254	220	224	0.00948509	0	0.562637	1
124	174	162	173	163	220	222	0.00271003	0	0.356044	2
125	519	369	517	369	221	222	0.00271003	0	0.810989	2
126	463	198	459	197	221	222	0.00677507	0	0.435165	2
127	537	324	532	324	221	223	0.00677507	0	0.712088	2
128	258	234	258	233	221	222	0.00135501	0	0.514286	1
129	617	321	615	323	221	223	0.00813008	0	0.705495	2
130	534	335	530	334	221	223	0.00677507	0	0.736264	2
131	305	236	305	236	221	222	0	0	0.518681	1
132	533	367	532	366	221	223	0.00271003	0	0.806593	2
133	513	338	510	336	221	222	0.00948509	0	0.742857	2
134	387	268	389	266	221	224	0.00813008	0	0.589011	1
135	365	246	360	245	221	222	0.00813008	0	0.540659	2
136	386	283	386	282	221	223	0.00135501	0	0.621978	1
137	277	199	277	198	221	222	0.00135501	0	0.437363	1
138	351	233	350	233	221	222	0.00135501	0	0.512088	2
139	567	347	577	351	221	242	0.0352304	0	0.762637	1
140	136	207	132	205	221	223	0.0108401	0	0.454945	2
141	144	170	146	168	221	222	0.00813008	0	0.373626	1
142	760	395	769	422	221	249	1	0	0.868132	1
143	226	214	228	213	221	224	0.00406504	0	0.47033	1
144	380	163	377	161	222	223	0.00948509	0	0.358242	2
145	254	182	251	182	222	223	0.00406504	0	0.4	2
146	622	353	621	352	222	223	0.00271003	0	0.775824	2
147	272	243	274	240	222	223	0.0149051	0	0.534066	1
148	244	178	242	177	222	223	0.00406504	0	0.391209	2
149	364	230	363	229	222	223	0.00271003	0	0.505495	2
150	294	204	293	203	222	223	0.00271003	0	0.448352	2
151	308	209	316	210	222	226	0.0121951	0	0.459341	1
152	318	216	319	216	222	223	0.00135501	0	0.474725	1
153	127	222	124	220	222	224	0.00948509	0	0.487912	2
154	124	204	125	201	222	223	0.0135501	0	0.448352	1
155	259	243	258	242	222	224	0.00271003	0	0.534066	2
156	379	186	373	183	222	223	0.0203252	0	0.408791	2
157	131	194	133	192	222	223	0.00813008	0	0.426374	1
158	92	29	95	29	222	239	0.00406504	0	0.0637363	1
159	776	399	775	400	222	231	0.00271003	0	0.876923	2
160	519	371	518	370	223	224	0.00271003	0	0.815385	2
161	457	197	453	195	223	224	0.0108401	0	0.432967	2
162	259	231	258	230	223	224	0.00271003	0	0.507692	2
163	316	259	314	259	223	224	0.00271003	0	0.569231	2
164	277	192	277	191	223	224	0.00135501	0	0.421978	1
165	390	187	388	185	223	224	0.00813008	0	0.410989	2
166	238	195	239	192	223	224	0.0135501	0	0.428571	1
167	137	230	136	229	223	224	0.00271003	0	0.505495	2
168	607	352	606	351	223	224	0.00271003	0	0.773626	2
169	149	167	151	166	223	224	0.00406504	0	0.367033	1
170	527	346	521	346	223	225	0.00813008	0	0.76044	2
171	475	222	473	220	223	225	0.00813008	0	0.487912	2
172	140	121	133	121	223	225	0.00948509	0	0.265934	2
173	221	238	220	237	223	224	0.00271003	0	0.523077	2
174	228	203	231	201	223	226	0.00948509	0	0.446154	1
175	505	334	504	333	224	225	0.00271003	0	0.734066	2
176	141	215	137	211	224	227	0.0271003	0	0.472527	2
177	293	204	292	203	224	225	0.00271003	0	0.448352	2
178	460	209	458	208	224	225	0.00406504	0	0.459341	2
179	248	182	245	182	224	225	0.00406504	0	0.4	2
180	614	325	608	335	224	230	0.143631	0	0.714286	2
181	362	229	360	229	224	225	0.00271003	0	0.503297	2
182	381	253	381	253	224	229	0	0	0.556044	1
183	515	325	509	326	224	226	0.00948509	0	0.714286	2
184	301	242	301	242	224	225	0	0	0.531868	1
185	238	175	235	174	224	225	0.00542005	0	0.384615	2
186	523	360	521	360	225	226	0.00271003	0	0.791209	2
187	611	369	612	373	225	226	0.0230352	0	0.810989	1
188	408	271	435	279	225	250	0.123306	0	0.595604	1
189	231	242	226	234	225	231	0.0934959	0	0.531868	2
190	505	359	505	359	225	227	0	0	0.789011	1
191	450	195	446	194	225	226	0.00677507	0	0.428571	2
192	276	196	277	194	225	227	0.00677507	0	0.430769	1
193	516	371	516	372	225	229	0.00135501	0	0.815385	1
194	319	259	319	259	225	227	0	0	0.569231	1
195	524	324	513	328	225	229	0.0365854	0	0.712088	2
196	389	281	389	281	225	227	0	0	0.617582	1
197	561	370	561	371	225	228	0.00135501	0	0.813187	1
198	621	343	620	344	225	226	0.00271003	0	0.753846	2
199	387	185	382	184	225	226	0.00813008	0	0.406593	2
200	431	183	430	182	225	226	0.00271003	0	0.402198	2
201	140	160	139	160	225	227	0.00135501	0	0.351648	2
202	396	199	393	198	225	226	0.00542005	0	0.437363	2
203	80	37	84	37	225	239	0.00542005	0	0.0813187	1
204	398	253	425	260	225	250	0.102981	0	0.556044	1
205	362	150	353	149	225	228	0.0135501	0	0.32967	2
206	136	227	136	227	225	226	0	0	0.498901	1
207	276	184	282	181	225	230	0.0203252	0	0.404396	1
208	228	221	229	220	225	226	0.00271003	0	0.485714	1
209	125	217	118	208	225	231	0.119241	0	0.476923	2
210	365	184	363	184	225	226	0.00271003	0	0.404396	2
211	452	221	451	221	225	226	0.00135501	0	0.485714	2
212	317	197	335	202	225	237	0.0582656	0	0.432967	1
213	130	203	125	196	225	230	0.0731707	0	0.446154	2
214	234	184	233	182	225	226	0.00677507	0	0.404396	2
215	102	34	134	48	225	250	0.308943	0	0.0747253	1
216	359	230	354	231	226	228	0.00813008	0	0.505495	2
217	293	203	293	202	226	227	0.00135501	0	0.446154	1
218	290	217	289	216	226	227	0.00271003	0	0.476923	2
219	221	230	220	228	226	227	0.00677507	0	0.505495	2
220	523	335	519	336	226	228	0.00677507	0	0.736264	2
221	305	248	307	249	226	227	0.00406504	0	0.545055	1
222	146	257	144	255	226	227	0.00813008	0	0.564835	2
223	552	368	553	368	226	228	0.00135501	0	0.808791	1
224	267	180	270	177	226	229	0.0162602	0	0.395604	1
225	29	126	28	125	226	227	0.00271003	0	0.276923	2
226	185	452	185	454	226	232	0.00542005	0	0.993407	1
227	542	361	545	362	227	239	0.00542005	0	0.793407	1
228	614	379	615	380	227	230	0.00271003	0	0.832967	1
229	443	194	439	194	227	228	0.00542005	0	0.426374	2
230	257	191	258	190	227	228	0.00271003	0	0.41978	1
231	616	368	617	369	227	228	0.00271003	0	0.808791	1
232	132	227	131	227	227	228	0.00135501	0	0.498901	2
233	237	215	237	215	227	228	0	0	0.472527	1
234	363	162	359	162	227	228	0.00542005	0	0.356044	2
235	507	328	503	330	227	229	0.0108401	0	0.720879	2
236	128	122	118	125	227	231	0.0257453	0	0.268132	2
237	375	169	369	169	227	229	0.00813008	0	0.371429	2
238	150	166	152	165	227	228	0.00406504	0	0.364835	1
239	393	264	396	268	227	233	0.0257453	0	0.58022	1
240	309	209	315	211	227	230	0.0135501	0	0.459341	1
241	220	228	219	227	228	229	0.00271003	0	0.501099	2
242	288	216	289	215	228	231	0.00271003	0	0.474725	1
243	137	211	134	208	228	232	0.0162602	0	0.463736	2
244	69	32	71	32	228	239	0.00271003	0	0.0703297	1
245	240	181	239	180	228	229	0.00271003	0	0.397802	2
246	162	164	164	163	228	229	0.00406504	0	0.36044	1
247	435	175	432	174	228	229	0.00542005	0	0.384615	2
248	277	194	279	191	228	232	0.0149051	0	0.426374	1
249	390	281	390	281	228	229	0	0	0.617582	1
250	369	239	367	240	228	230	0.00406504	0	0.525275	2
251	303	243	304	243	228	229	0.00135501	0	0.534066	1
252	344	224	344	222	228	229	0.00542005	0	0.492308	1
253	605	346	605	348	228	229	0.00542005	0	0.76044	1
254	525	348	521	347	228	229	0.00677507	0	0.764835	2
255	357	250	357	250	228	230	0	0	0.549451	1
256	230	175	228	175	228	229	0.00271003	0	0.384615	2
257	266	224	268	222	229	230	0.00813008	0	0.492308	1
258	437	195	434	195	229	230	0.00406504	0	0.428571	2
259	350	149	343	148	229	231	0.0108401	0	0.327473	2
260	357	236	351	239	229	232	0.0203252	0	0.518681	2
261	434	216	434	215	229	230	0.00135501	0	0.474725	1
262	425	197	424	196	229	230	0.00271003	0	0.432967	2
263	295	202	297	204	229	233	0.00813008	0	0.443956	1
264	422	212	422	212	229	230	0	0	0.465934	1
265	145	199	145	198	229	230	0.00135501	0	0.437363	1
266	316	248	317	248	229	230	0.00135501	0	0.545055	1
267	241	190	240	189	229	230	0.00271003	0	0.417582	2
268	140	161	139	161	229	230	0.00135501	0	0.353846	2
269	486	109	516	125	229	250	0.387534	0	0.23956	1
270	150	439	179	452	229	250	0.268293	0	0.964835	1
271	121	261	149	273	229	250	0.233062	0	0.573626	1
272	562	371	562	370	229	230	0.00135501	0	0.815385	1
273	165	166	170	167	230	232	0.00813008	0	0.364835	1
274	625	337	624	336	230	231	0.00271003	0	0.740659	2
275	613	367	611	367	230	231	0.00271003	0	0.806593	2
276	227	177	224	176	230	232	0.00542005	0	0.389011	2
277	516	356	513	357	230	231	0.00542005	0	0.782418	2
278	512	329	504	332	230	233	0.0230352	0	0.723077	2
279	300	250	300	250	230	231	0	0	0.549451	1
280	409	296	410	299	230	236	0.0135501	0	0.650549	1
281	502	337	499	337	230	231	0.00406504	0	0.740659	2
282	247	227	247	227	230	231	0	0	0.498901	1
283	230	220	229	218	230	232	0.00677507	0	0.483516	2
284	392	281	393	282	230	237	0.00271003	0	0.617582	1
285	369	170	343	170	230	236	0.0352304	0	0.373626	2
286	531	362	559	378	230	250	0.384824	0	0.795604	1
287	271	221	274	219	231	232	0.00948509	0	0.485714	1
288	430	208	428	207	231	232	0.00406504	0	0.457143	2
289	361	188	360	187	231	232	0.00271003	0	0.413187	2
290	240	184	239	184	231	232	0.00135501	0	0.404396	2
291	612	343	611	345	231	232	0.00677507	0	0.753846	2
292	553	370	552	371	231	232	0.00271003	0	0.813187	2
293	288	192	289	191	231	233	0.00271003	0	0.421978	1
294	288	182	289	182	231	234	0.00135501	0	0.4	1
295	511	377	506	381	231	232	0.0284553	0	0.828571	2
296	563	371	573	374	231	242	0.0257453	0	0.815385	1
297	317	212	319	213	231	232	0.00406504	0	0.465934	1
298	129	192	127	194	231	233	0.00813008	0	0.421978	2
299	133	224	130	227	231	234	0.0162602	0	0.492308	2
300	622	346	620	347	231	232	0.00406504	0	0.76044	2
301	418	183	402	176	231	236	0.0880759	0	0.402198	2
302	611	370	611	374	232	233	0.0216802	0	0.813187	1
303	269	229	270	229	232	233	0.00135501	0	0.503297	1
304	426	195	422	194	232	233	0.00677507	0	0.428571	2
305	304	245	304	245	232	233	0	0	0.538462	1
306	364	243	361	245	232	234	0.00948509	0	0.534066	2
307	291	217	292	217	232	233	0.00135501	0	0.476923	1
308	308	215	308	215	232	233	0	0	0.472527	1
309	450	219	441	216	232	235	0.0243902	0	0.481319	2
310	258	227	257	228	232	233	0.00271003	0	0.498901	2
311	513	360	510	361	232	233	0.00542005	0	0.791209	2
312	225	234	224	234	232	233	0.00135501	0	0.514286	2
313	427	172	425	172	232	233	0.00271003	0	0.378022	2
314	115	215	114	216	232	233	0.00271003	0	0.472527	2
315	511	370	507	373	232	233	0.0176152	0	0.813187	2
316	349	173	340	173	232	234	0.0121951	0	0.38022	2
317	382	251	381	251	232	233	0.00135501	0	0.551648	2
318	302	255	303	256	232	234	0.00271003	0	0.56044	1
319	605	335	593	348	232	239	0.245257	0	0.736264	2
320	231	262	233	260	232	241	0.00813008	0	0.575824	1
321	183	186	188	187	232	235	0.00813008	0	0.408791	1
322	230	272	228	272	232	233	0.00271003	0	0.597802	2
323	521	371	521	369	233	237	0.00542005	0	0.815385	1
324	275	219	276	220	233	234	0.00271003	0	0.481319	1
325	619	393	619	396	233	234	0.0121951	0	0.863736	1
326	508	386	507	382	233	239	0.0230352	0	0.848352	2
327	134	209	131	208	233	238	0.00542005	0	0.459341	2
328	343	230	340	231	233	236	0.00542005	0	0.505495	2
329	326	253	324	253	233	234	0.00271003	0	0.556044	2
330	218	272	216	271	233	234	0.00406504	0	0.597802	2
331	223	177	220	173	233	237	0.0257453	0	0.389011	2
332	356	186	351	186	233	234	0.00677507	0	0.408791	2
333	238	184	233	181	233	237	0.0189702	0	0.404396	2
334	767	409	773	415	233	243	0.0569106	0	0.898901	1
335	553	372	570	376	233	245	0.0447154	0	0.817582	1
336	248	188	247	188	233	234	0.00135501	0	0.413187	2
337	353	222	353	223	233	234	0.00135501	0	0.487912	1
338	418	207	414	207	233	234	0.00542005	0	0.454945	2
339	351	208	351	209	233	234	0.00135501	0	0.457143	1
340	223	217	222	217	233	234	0.00135501	0	0.476923	2
341	368	195	364	194	233	234	0.00677507	0	0.428571	2
342	279	192	283	187	233	237	0.0392954	0	0.421978	1
343	117	130	97	137	233	243	0.0934959	0	0.285714	2
344	196	455	209	454	234	243	0.0189702	0	1	1
345	290	192	290	190	234	235	0.00542005	0	0.421978	1
346	557	352	585	365	234	250	0.266938	0	0.773626	1
347	114	218	113	218	234	235	0.00135501	0	0.479121	2
348	418	194	414	192	234	235	0.0108401	0	0.426374	2
349	501	336	493	338	234	236	0.0162602	0	0.738462	2
350	307	215	305	213	234	235	0.00813008	0	0.472527	2
351	297	203	296	199	234	236	0.0230352	0	0.446154	2
352	427	172	425	171	234	235	0.00406504	0	0.378022	2
353	507	369	505	369	234	235	0.00271003	0	0.810989	2
354	505	346	502	348	234	235	0.00948509	0	0.76044	2
355	293	218	294	216	234	235	0.00677507	0	0.479121	1
356	381	252	379	249	234	236	0.0149051	0	0.553846	2
357	230	272	238	271	234	242	0.0121951	0	0.597802	1
358	272	231	272	230	234	236	0.00135501	0	0.507692	1
359	125	195	124	195	234	235	0.00135501	0	0.428571	2
360	605	350	604	351	234	235	0.00271003	0	0.769231	2
361	276	221	275	220	235	236	0.00271003	0	0.485714	2
362	361	244	359	242	235	236	0.00813008	0	0.536264	2
363	416	206	410	204	235	236	0.0135501	0	0.452747	2
364	619	397	620	394	235	239	0.0135501	0	0.872527	1
365	353	211	353	211	235	236	0	0	0.463736	1
366	222	216	221	215	235	236	0.00271003	0	0.474725	2
367	216	269	213	266	235	236	0.0162602	0	0.591209	2
368	328	148	321	145	235	237	0.0216802	0	0.325275	2
369	346	245	342	244	235	237	0.00677507	0	0.538462	2
370	130	227	128	227	235	236	0.00271003	0	0.498901	2
371	490	356	486	356	235	236	0.00542005	0	0.782418	2
372	192	157	210	150	235	241	0.0907859	0	0.345055	1
373	507	333	503	333	235	236	0.00542005	0	0.731868	2
374	337	173	332	171	235	236	0.0121951	0	0.38022	2
375	112	218	108	212	236	239	0.0542005	0	0.479121	2
376	411	191	407	189	236	237	0.0108401	0	0.41978	2
377	437	214	433	211	236	237	0.0176152	0	0.47033	2
378	226	232	227	231	236	238	0.00271003	0	0.50989	1
379	506	368	504	366	236	237	0.00813008	0	0.808791	2
380	424	170	422	169	236	239	0.00406504	0	0.373626	2
381	123	195	122	194	236	237	0.00271003	0	0.428571	2
382	493	374	488	372	236	237	0.0121951	0	0.821978	2
383	124	175	123	173	236	237	0.00677507	0	0.384615	2
384	624	344	652	359	236	250	0.342818	0	0.756044	1
385	186	455	191	454	236	241	0.00813008	0	1	1
386	478	381	473	391	237	239	0.142276	0	0.837363	2
387	600	381	597	380	237	238	0.00542005	0	0.837363	2
388	275	220	276	219	237	239	0.00271003	0	0.483516	1
389	297	198	298	194	237	239	0.0230352	0	0.435165	1
390	218	220	218	220	237	239	0	0	0.483516	1
391	110	226	107	223	237	240	0.0162602	0	0.496703	2
392	400	174	398	171	237	238	0.0149051	0	0.382418	2
393	212	264	211	260	237	239	0.0230352	0	0.58022	2
394	164	455	165	454	237	239	0.00271003	0	1	1
395	338	231	337	230	237	239	0.00271003	0	0.507692	2
396	273	230	275	230	237	240	0.00271003	0	0.505495	1
397	490	342	486	342	237	238	0.00542005	0	0.751648	2
398	224	210	224	210	237	239	0	0	0.461538	1
399	597	356	594	356	237	238	0.00406504	0	0.782418	2
400	411	298	412	296	237	239	0.00677507	0	0.654945	1
401	423	212	421	210	237	238	0.00813008	0	0.465934	2
402	293	181	293	179	237	238	0.00542005	0	0.397802	1
403	185	165	191	162	237	239	0.0203252	0	0.362637	1
404	232	221	233	219	237	239	0.00677507	0	0.485714	1
405	279	171	286	169	237	241	0.0149051	0	0.375824	1
406	614	359	614	358	238	239	0.00135501	0	0.789011	1
407	522	369	549	385	238	250	0.383469	0	0.810989	1
408	483	371	479	372	238	239	0.00677507	0	0.815385	2
409	506	361	507	360	238	239	0.00271003	0	0.793407	1
410	338	202	340	202	238	239	0.00271003	0	0.443956	1
411	122	194	121	193	238	239	0.00271003	0	0.426374	2
412	343	252	345	252	238	240	0.00271003	0	0.553846	1
413	334	242	333	241	238	239	0.00271003	0	0.531868	2
414	296	212	297	211	238	239	0.00271003	0	0.465934	1
415	403	187	400	185	238	239	0.00948509	0	0.410989	2
416	316	146	312	145	238	239	0.00677507	0	0.320879	2
417	193	186	194	185	238	239	0.00271003	0	0.408791	1
418	328	219	331	219	238	239	0.00406504	0	0.481319	1
419	233	176	232	178	238	241	0.00677507	0	0.386813	2
420	432	211	433	210	238	239	0.00271003	0	0.463736	1
421	229	186	227	188	238	240	0.00813008	0	0.408791	2
422	502	339	499	337	238	239	0.00948509	0	0.745055	2
423	426	190	426	190	238	239	0	0	0.417582	1
424	483	340	478	350	239	243	0.142276	0	0.747253	2
425	398	169	394	168	239	241	0.00677507	0	0.371429	2
426	347	229	346	230	239	240	0.00271003	0	0.503297	2
427	606	407	617	422	239	244	0.319783	0	0.894505	1
428	291	173	295	172	239	241	0.00677507	0	0.38022	1
429	617	360	642	376	240	250	0.380759	0	0.791209	1
430	546	364	567	378	240	249	0.294038	0	0.8	1
431	508	361	533	376	240	250	0.338753	0	0.793407	1
432	473	396	485	400	240	244	0.0379404	0	0.87033	1
433	333	220	336	221	240	241	0.00542005	0	0.483516	1
434	603	399	610	406	240	242	0.0758808	0	0.876923	1
435	332	208	335	208	240	241	0.00406504	0	0.457143	1
436	492	345	490	347	240	241	0.00813008	0	0.758242	2
437	477	383	479	385	240	241	0.00813008	0	0.841758	1
438	299	211	300	211	240	241	0.00135501	0	0.463736	1
439	229	234	230	233	240	241	0.00271003	0	0.514286	1
440	334	182	331	181	240	242	0.00542005	0	0.4	2
441	307	248	306	246	240	241	0.00677507	0	0.545055	2
442	277	220	279	220	240	241	0.00271003	0	0.483516	1
443	400	184	398	183	240	241	0.00406504	0	0.404396	2
444	388	199	386	198	240	241	0.00406504	0	0.437363	2
445	109	251	115	252	240	242	0.00948509	0	0.551648	1
446	72	34	101	46	240	250	0.234417	0	0.0747253	1
447	298	187	305	187	240	242	0.00948509	0	0.410989	1
448	116	198	122	199	240	243	0.00948509	0	0.435165	1
449	607	363	606	365	240	241	0.00677507	0	0.797802	2
450	108	213	110	215	240	241	0.00813008	0	0.468132	1
451	416	301	418	301	240	241	0.00271003	0	0.661538	1
452	435	212	447	216	240	245	0.0379404	0	0.465934	1
453	412	315	423	310	240	243	0.0487805	0	0.692308	1
454	132	210	134	210	240	242	0.00271003	0	0.461538	1
455	313	151	309	151	240	242	0.00542005	0	0.331868	2
456	222	216	223	216	240	241	0.00135501	0	0.474725	1
457	96	30	124	42	240	250	0.233062	0	0.0659341	1
458	336	232	336	233	240	241	0.00135501	0	0.50989	1
459	423	171	430	178	240	244	0.0758808	0	0.375824	1
460	323	243	323	242	240	241	0.00135501	0	0.534066	1
461	220	174	226	179	240	244	0.0420054	0	0.382418	1
462	360	242	362	242	241	242	0.00271003	0	0.531868	1
463	351	232	352	233	241	242	0.00271003	0	0.50989	1
464	593	358	594	361	241	242	0.0135501	0	0.786813	1
465	227	198	231	200	241	243	0.0108401	0	0.435165	1
466	617	412	628	415	241	245	0.0271003	0	0.905495	1
467	496	380	493	384	241	242	0.0257453	0	0.835165	2
468	201	185	206	184	241	242	0.00813008	0	0.406593	1
469	255	211	259	211	241	242	0.00542005	0	0.463736	1
470	370	248	374	251	241	242	0.0176152	0	0.545055	1
471	200	161	205	160	241	242	0.00813008	0	0.353846	1
472	478	333	477	336	241	242	0.0135501	0	0.731868	2
473	91	40	117	51	241	250	0.199187	0	0.0879121	1
474	345	208	350	209	241	242	0.00813008	0	0.457143	1
475	208	213	209	214	241	242	0.00271003	0	0.468132	1
476	278	230	282	230	241	242	0.00542005	0	0.505495	1
477	304	211	307	211	242	243	0.00406504	0	0.463736	1
478	399	184	399	184	242	243	0	0	0.404396	1
479	233	231	238	231	242	246	0.00677507	0	0.507692	1
480	403	199	401	198	242	243	0.00406504	0	0.437363	2
481	490	351	490	355	242	244	0.0216802	0	0.771429	1
482	284	220	292	219	242	244	0.0121951	0	0.483516	1
483	340	207	344	206	242	243	0.00677507	0	0.454945	1
484	239	181	242	183	242	245	0.00948509	0	0.397802	1
485	432	186	435	187	242	243	0.00542005	0	0.408791	1
486	395	169	395	169	242	243	0	0	0.371429	1
487	343	191	339	189	242	243	0.0108401	0	0.41978	2
488	288	422	307	434	242	250	0.220867	0	0.927473	1
489	357	253	359	254	243	244	0.00406504	0	0.556044	1
490	364	243	364	244	243	244	0.00135501	0	0.534066	1
491	378	254	385	261	243	247	0.0758808	0	0.558242	1
492	311	187	315	187	243	244	0.00542005	0	0.410989	1
493	314	250	314	251	243	244	0.00135501	0	0.549451	1
494	309	240	309	237	243	244	0.0121951	0	0.527473	1
495	418	298	421	299	243	244	0.00542005	0	0.654945	1
496	769	427	776	444	243	250	0.401084	0	0.938462	1
497	576	375	578	376	243	244	0.00406504	0	0.824176	1
498	226	260	231	260	243	244	0.00677507	0	0.571429	1
499	478	339	469	362	243	250	0.728997	0	0.745055	2
500	244	210	244	210	243	244	0	0	0.461538	1
501	137	209	139	207	243	245	0.00813008	0	0.459341	1
502	263	211	264	211	243	244	0.00135501	0	0.463736	1
503	101	155	101	156	243	244	0.00135501	0	0.340659	1
504	211	160	221	161	243	245	0.0149051	0	0.351648	1
505	354	234	355	236	243	244	0.00677507	0	0.514286	1
506	428	289	443	301	243	250	0.215447	0	0.635165	1
507	148	293	164	303	243	250	0.157182	0	0.643956	1
508	106	183	108	184	243	244	0.00406504	0	0.402198	1
509	604	406	599	408	244	245	0.0121951	0	0.892308	2
510	398	185	397	185	244	245	0.00135501	0	0.406593	2
511	310	212	313	212	244	245	0.00406504	0	0.465934	1
512	479	352	471	373	244	250	0.608401	0	0.773626	2
513	305	147	302	148	244	245	0.00542005	0	0.323077	2
514	348	207	350	208	244	245	0.00406504	0	0.454945	1
515	324	237	325	237	244	245	0.00135501	0	0.520879	1
516	129	195	134	196	244	246	0.00813008	0	0.428571	1
517	428	309	433	310	244	245	0.00813008	0	0.679121	1
518	619	364	631	375	244	250	0.180217	0	0.8	1
519	391	165	388	166	244	247	0.00542005	0	0.362637	2
520	411	296	412	297	244	245	0.00271003	0	0.650549	1
521	392	205	393	206	244	245	0.00271003	0	0.450549	1
522	234	194	238	202	244	249	0.0921409	0	0.426374	1
523	227	151	236	153	244	246	0.0176152	0	0.331868	1
524	777	419	781	433	244	250	0.271003	0	0.920879	1
525	592	374	590	376	244	245	0.00813008	0	0.821978	2
526	354	229	354	231	245	246	0.00542005	0	0.503297	1
527	381	246	378	251	245	246	0.0379404	0	0.540659	2
528	315	253	315	254	245	246	0.00135501	0	0.556044	1
529	481	409	472	422	245	247	0.241192	0	0.898901	2
530	152	261	163	269	245	250	0.101626	0	0.573626	1
531	362	255	362	257	245	246	0.00542005	0	0.56044	1
532	298	220	301	220	245	246	0.00406504	0	0.483516	1
533	353	239	355	247	245	249	0.0894309	0	0.525275	1
534	102	157	101	159	245	246	0.00677507	0	0.345055	2
535	338	245	338	247	245	246	0.00542005	0	0.538462	1
536	477	386	475	396	245	247	0.138211	0	0.848352	2
537	140	240	150	246	245	250	0.0623306	0	0.527473	1
538	264	214	262	217	245	246	0.0149051	0	0.47033	2
539	317	197	319	198	245	246	0.00406504	0	0.432967	1
540	432	180	439	189	245	249	0.119241	0	0.395604	1
541	488	351	481	370	245	250	0.498645	0	0.771429	2
542	252	228	255	231	245	246	0.0162602	0	0.501099	1
543	98	140	97	142	245	246	0.00677507	0	0.307692	2
544	257	202	255	206	245	247	0.0243902	0	0.443956	2
545	596	411	593	416	246	247	0.0379404	0	0.903297	2
546	140	206	140	206	246	247	0	0	0.452747	1
547	317	216	320	217	246	247	0.00542005	0	0.474725	1
548	363	245	363	246	246	247	0.00135501	0	0.538462	1
549	317	187	318	188	246	247	0.00271003	0	0.410989	1
550	395	187	392	187	246	247	0.00406504	0	0.410989	2
551	437	312	446	319	246	250	0.0785908	0	0.685714	1
552	591	375	588	379	246	247	0.0257453	0	0.824176	2
553	225	162	236	166	246	249	0.0365854	0	0.356044	1
554	227	182	227	183	246	247	0.00135501	0	0.4	1
555	490	403	485	401	246	248	0.0121951	0	0.885714	2
556	243	186	243	188	246	247	0.00542005	0	0.408791	1
557	303	172	303	174	246	247	0.00542005	0	0.378022	1
558	242	215	243	216	246	247	0.00271003	0	0.472527	1
559	792	417	794	425	246	250	0.0894309	0	0.916484	1
560	317	259	316	259	247	248	0.00135501	0	0.569231	2
561	608	434	611	445	247	250	0.168022	0	0.953846	1
562	309	235	306	237	247	248	0.00948509	0	0.516484	2
563	598	441	603	450	247	250	0.116531	0	0.969231	1
564	237	233	237	233	247	250	0	0	0.512088	1
565	324	200	326	201	247	248	0.00406504	0	0.43956	1
566	476	410	479	421	247	250	0.168022	0	0.901099	1
567	99	162	97	165	247	248	0.0149051	0	0.356044	2
568	344	254	344	255	247	248	0.00135501	0	0.558242	1
569	355	214	362	220	247	250	0.0582656	0	0.47033	1
570	622	422	611	423	247	249	0.0162602	0	0.927473	2
571	138	196	146	195	247	250	0.0121951	0	0.430769	1
572	217	191	216	193	247	248	0.00677507	0	0.41978	2
573	245	276	246	277	247	248	0.00271003	0	0.606593	1
574	588	360	596	364	247	250	0.0325203	0	0.791209	1
575	293	236	294	238	247	248	0.00677507	0	0.518681	1
576	322	244	320	246	247	248	0.00813008	0	0.536264	2
577	385	177	383	177	247	249	0.00271003	0	0.389011	2
578	294	224	295	226	247	248	0.00677507	0	0.492308	1
579	474	426	476	427	248	249	0.00406504	0	0.936264	1
580	324	219	330	219	248	249	0.00813008	0	0.481319	1
581	475	404	475	408	248	249	0.0216802	0	0.887912	1
582	142	208	144	209	248	249	0.00406504	0	0.457143	1
583	366	249	370	250	248	249	0.00677507	0	0.547253	1
584	390	188	388	187	248	249	0.00406504	0	0.413187	2
585	447	224	448	224	248	249	0.00135501	0	0.492308	1
586	592	420	592	424	248	249	0.0216802	0	0.923077	1
587	581	390	579	394	248	249	0.0243902	0	0.857143	2
588	227	184	227	185	248	249	0.00135501	0	0.404396	1
589	364	262	365	263	248	249	0.00271003	0	0.575824	1
590	440	214	445	215	248	250	0.00813008	0	0.47033	1
591	312	178	314	179	248	249	0.00406504	0	0.391209	1
592	354	236	355	236	248	249	0.00135501	0	0.518681	1
593	312	188	317	188	248	250	0.00677507	0	0.413187	1
594	399	173	399	174	248	250	0.00135501	0	0.38022	1
595	242	190	243	191	248	249	0.00271003	0	0.417582	1
596	238	222	240	222	248	249	0.00271003	0	0.487912	1
597	312	220	316	220	249	250	0.00542005	0	0.483516	1
598	322	248	324	250	249	250	0.00813008	0	0.545055	1
599	388	265	391	266	249	250	0.00542005	0	0.582418	1
600	348	257	351	258	249	250	0.00542005	0	0.564835	1
601	219	196	220	197	249	250	0.00271003	0	0.430769	1
602	299	227	303	226	249	250	0.00677507	0	0.498901	1
603	331	204	336	204	249	250	0.00677507	0	0.448352	1
604	95	162	96	164	249	250	0.00677507	0	0.356044	1
605	297	238	301	238	249	250	0.00542005	0	0.523077	1
606	602	433	606	436	249	250	0.0176152	0	0.951648	1
607	437	199	441	200	249	250	0.00677507	0	0.437363	1
608	290	162	289	163	249	250	0.00271003	0	0.356044	2