
0	224	397	332	428	32	70	0.952763	0	0.904328	1
1	228	85	249	87	32	44	0.0222816	0	0.193622	1
2	220	231	218	226	33	35	0.0240642	0	0.526196	2
3	350	296	348	295	33	34	0.0026738	0	0.67426	2
4	312	172	314	174	33	35	0.00534759	0	0.3918	1
5	332	65	436	96	33	70	0.949198	0	0.148064	1
6	445	301	445	302	33	35	0.000891266	0	0.685649	1
7	437	285	437	285	34	35	0	0	0.649203	1
8	378	272	378	266	34	36	0.0320856	0	0.61959	1
9	635	121	635	121	34	35	0	0	0.275626	1
10	121	139	120	139	35	36	0.000891266	0	0.316629	2
11	347	295	346	295	35	37	0.000891266	0	0.671982	2
12	344	272	345	270	35	37	0.00445633	0	0.61959	1
13	210	213	206	207	35	38	0.0356506	0	0.485194	2
14	419	242	415	240	35	36	0.00713012	0	0.551253	2
15	224	285	224	285	35	36	0	0	0.649203	1
16	317	216	320	216	35	38	0.0026738	0	0.492027	1
17	218	223	217	218	36	37	0.0231729	0	0.507973	2
18	367	254	366	253	36	37	0.00178253	0	0.578588	2
19	315	175	317	176	36	37	0.0026738	0	0.398633	1
20	374	229	384	231	36	43	0.0124777	0	0.52164	1
21	355	205	362	204	36	40	0.00713012	0	0.46697	1
22	455	289	460	292	36	43	0.0124777	0	0.658314	1
23	508	96	544	99	36	48	0.040107	0	0.218679	1
24	519	91	593	113	37	59	0.497326	0	0.207289	1
25	229	254	231	253	37	39	0.0026738	0	0.578588	1
26	530	153	550	154	37	44	0.0187166	0	0.348519	1
27	348	194	354	193	37	40	0.00623886	0	0.441913	1
28	340	247	342	247	37	39	0.00178253	0	0.562642	1
29	226	286	233	285	37	40	0.00713012	0	0.651481	1
30	435	294	437	293	37	40	0.0026738	0	0.669704	1
31	408	192	408	191	37	38	0.000891266	0	0.437358	1
32	349	83	356	83	38	41	0.00623886	0	0.189066	1
33	115	129	117	128	38	39	0.0026738	0	0.29385	1
34	370	249	373	249	38	40	0.0026738	0	0.567198	1
35	426	223	425	223	38	39	0.000891266	0	0.507973	2
36	445	303	450	307	38	41	0.0187166	0	0.690205	1
37	412	239	412	238	38	39	0.000891266	0	0.544419	1
38	349	142	355	142	38	40	0.00534759	0	0.323462	1
39	593	239	599	238	38	41	0.00623886	0	0.544419	1
40	426	276	424	276	38	39	0.00178253	0	0.628702	2
41	217	291	218	291	38	39	0.000891266	0	0.66287	1
42	214	82	227	83	38	42	0.0124777	0	0.186788	1
43	344	306	352	306	39	42	0.00713012	0	0.697039	1
44	203	264	206	264	39	40	0.0026738	0	0.601367	1
45	205	204	208	198	39	44	0.0347594	0	0.464692	1
46	593	226	598	226	39	41	0.00445633	0	0.514806	1
47	217	208	219	196	39	42	0.130125	0	0.473804	1
48	365	141	370	141	40	42	0.00445633	0	0.321185	1
49	129	139	131	139	40	42	0.00178253	0	0.316629	1
50	356	296	357	296	40	41	0.000891266	0	0.67426	1
51	572	275	582	275	40	44	0.00891266	0	0.626424	1
52	116	139	123	139	40	43	0.00623886	0	0.316629	1
53	298	82	308	82	40	44	0.00891266	0	0.186788	1
54	421	192	424	192	40	41	0.0026738	0	0.437358	1
55	338	265	348	265	40	44	0.00891266	0	0.603645	1
56	308	81	319	82	40	44	0.0106952	0	0.18451	1
57	404	187	448	201	41	53	0.213904	0	0.425968	1
58	568	364	602	370	41	49	0.0623886	0	0.829157	1
59	358	195	361	194	41	43	0.00356506	0	0.444191	1
60	439	268	441	268	41	42	0.00178253	0	0.610478	1
61	372	301	375	306	41	44	0.0249554	0	0.685649	1
62	382	242	383	242	41	43	0.000891266	0	0.551253	1
63	197	89	201	89	41	43	0.00356506	0	0.202733	1
64	418	212	419	212	41	42	0.000891266	0	0.482916	1
65	123	128	129	128	41	44	0.00534759	0	0.291572	1
66	357	139	361	139	41	43	0.00356506	0	0.316629	1
67	452	310	455	311	42	44	0.00356506	0	0.70615	1
68	365	259	366	260	42	43	0.00178253	0	0.589977	1
69	357	84	382	87	42	49	0.030303	0	0.191344	1
70	358	296	361	297	42	44	0.00356506	0	0.67426	1
71	600	239	603	238	42	44	0.00356506	0	0.544419	1
72	602	271	603	271	42	43	0.000891266	0	0.617312	1
73	218	194	220	195	43	45	0.0026738	0	0.441913	1
74	355	307	375	309	43	48	0.0213904	0	0.699317	1
75	221	88	240	89	43	47	0.0178253	0	0.200456	1
76	595	209	595	209	43	44	0	0	0.476082	1
77	445	286	445	286	43	44	0	0	0.651481	1
78	225	77	238	78	43	46	0.0124777	0	0.175399	1
79	429	193	431	193	43	44	0.00178253	0	0.439636	1
80	215	264	217	264	43	44	0.00178253	0	0.601367	1
81	347	251	348	252	43	44	0.00178253	0	0.571754	1
82	419	245	418	244	44	45	0.00178253	0	0.558087	2
83	126	139	145	141	44	48	0.0204991	0	0.316629	1
84	446	268	532	297	44	70	0.826203	0	0.610478	1
85	428	218	428	218	44	45	0	0	0.496583	1
86	384	232	393	234	44	47	0.0115865	0	0.528474	1
87	576	345	617	356	45	53	0.144385	0	0.785877	1
88	377	301	411	316	45	52	0.230838	0	0.685649	1
89	57	131	91	150	45	53	0.35205	0	0.298405	1
90	222	264	254	275	45	52	0.136364	0	0.601367	1
91	555	155	598	169	45	54	0.213012	0	0.353075	1
92	133	129	147	131	45	48	0.0160428	0	0.29385	1
93	377	136	382	135	45	46	0.00534759	0	0.309795	1
94	188	120	198	121	45	47	0.00980392	0	0.273349	1
95	372	260	383	262	45	47	0.013369	0	0.592255	1
96	609	235	611	235	45	46	0.00178253	0	0.535308	1
97	448	285	450	284	45	46	0.0026738	0	0.649203	1
98	460	312	464	312	45	46	0.00356506	0	0.710706	1
99	253	87	285	97	45	52	0.117647	0	0.198178	1
100	452	90	534	118	45	70	0.771836	0	0.205011	1
101	611	272	621	272	45	47	0.00891266	0	0.61959	1
102	207	91	249	112	45	56	0.430481	0	0.207289	1
103	436	193	446	193	45	47	0.00891266	0	0.439636	1
104	353	267	385	278	45	52	0.136364	0	0.6082	1
105	24	260	108	292	45	70	0.987522	0	0.592255	1
106	207	241	213	241	45	47	0.00534759	0	0.548975	1
107	436	204	443	205	45	47	0.00713012	0	0.464692	1
108	386	261	398	263	45	47	0.0142602	0	0.594533	1
109	189	86	245	110	45	59	0.56328	0	0.1959	1
110	663	122	740	146	45	66	0.581996	0	0.277904	1
111	681	414	766	441	45	70	0.72549	0	0.943052	1
112	246	255	263	258	45	48	0.0231729	0	0.580866	1
113	209	200	224	202	45	49	0.016934	0	0.455581	1
114	384	251	387	251	45	46	0.0026738	0	0.571754	1
115	416	275	420	276	46	49	0.00445633	0	0.626424	1
116	454	310	454	309	46	47	0.000891266	0	0.70615	1
117	224	198	227	200	46	47	0.00623886	0	0.451025	1
118	314	83	336	88	46	51	0.0418895	0	0.189066	1
119	337	94	388	116	46	59	0.476827	0	0.214123	1
120	244	79	265	88	47	52	0.0909091	0	0.179954	1
121	454	284	458	286	47	51	0.00713012	0	0.646925	1
122	470	314	474	314	47	48	0.00356506	0	0.715262	1
123	379	150	392	153	47	50	0.0196078	0	0.341686	1
124	382	245	386	246	47	48	0.00445633	0	0.558087	1
125	204	122	226	141	48	55	0.341355	0	0.277904	1
126	455	308	455	307	48	49	0.000891266	0	0.701595	1
127	403	265	407	266	48	49	0.00445633	0	0.603645	1
128	388	264	392	266	48	49	0.00713012	0	0.601367	1
129	442	225	444	227	48	49	0.00534759	0	0.512528	1
130	246	90	268	107	48	54	0.277184	0	0.205011	1
131	395	233	402	238	48	51	0.0285205	0	0.530752	1
132	465	304	466	308	48	51	0.0151515	0	0.692483	1
133	397	140	402	140	48	49	0.00445633	0	0.318907	1
134	376	223	385	228	48	51	0.030303	0	0.507973	1
135	378	183	385	183	48	49	0.00623886	0	0.416856	1
136	149	143	151	144	49	50	0.0026738	0	0.32574	1
137	152	127	154	128	49	50	0.0026738	0	0.289294	1
138	375	257	378	258	49	50	0.00356506	0	0.585421	1
139	25	399	89	427	49	70	0.755793	0	0.908884	1
140	160	137	184	155	49	57	0.31016	0	0.312073	1
141	269	266	284	284	49	53	0.302139	0	0.605923	1
142	394	280	396	281	49	50	0.0026738	0	0.637813	1
143	375	312	408	345	49	57	1	0	0.710706	1
144	387	88	411	105	50	58	0.278966	0	0.200456	1
145	388	249	390	251	50	51	0.00534759	0	0.567198	1
146	607	371	616	375	50	52	0.0222816	0	0.845103	1
147	391	308	395	311	50	51	0.0115865	0	0.701595	1
148	230	204	240	231	50	55	0.658645	0	0.464692	1
149	422	279	424	281	50	51	0.00534759	0	0.635535	1
150	552	100	599	123	50	66	0.513369	0	0.22779	1
151	399	266	402	268	50	51	0.00623886	0	0.605923	1
152	422	263	422	263	50	51	0	0	0.599089	1
153	459	197	462	198	50	51	0.00356506	0	0.448747	1
154	152	146	153	150	51	52	0.0151515	0	0.332574	1
155	307	95	348	115	51	63	0.393048	0	0.216401	1
156	156	131	158	135	51	52	0.0160428	0	0.298405	1
157	217	270	220	274	51	52	0.016934	0	0.615034	1
158	405	256	406	260	51	52	0.0151515	0	0.583144	1
159	414	273	417	278	51	52	0.0249554	0	0.621868	1
160	418	156	421	159	51	52	0.0106952	0	0.355353	1
161	218	256	224	269	51	53	0.155971	0	0.583144	1
162	292	94	306	107	51	55	0.163102	0	0.214123	1
163	416	145	421	151	52	53	0.0365419	0	0.330296	1
164	400	314	406	320	52	54	0.0374332	0	0.715262	1
165	459	289	460	295	52	53	0.0329768	0	0.658314	1
166	406	241	412	250	52	54	0.0775401	0	0.548975	1
167	426	297	428	299	52	53	0.00534759	0	0.676538	1
168	349	95	376	108	52	59	0.174688	0	0.216401	1
169	473	327	471	332	52	53	0.0240642	0	0.744875	2
170	405	208	408	212	52	53	0.016934	0	0.473804	1
171	24	273	76	292	52	70	0.368093	0	0.621868	1
172	808	255	815	258	52	53	0.0142602	0	0.580866	1
173	375	76	426	96	52	70	0.401961	0	0.173121	1
174	163	158	164	161	53	54	0.00891266	0	0.359909	1
175	394	296	395	299	53	54	0.00891266	0	0.67426	1
176	258	281	305	295	53	70	0.216578	0	0.640091	1
177	408	265	408	268	53	54	0.00802139	0	0.603645	1
178	271	94	288	101	53	58	0.0588235	0	0.214123	1
179	160	137	200	151	53	70	0.210339	0	0.312073	1
180	622	381	625	383	53	54	0.00623886	0	0.867882	1
181	289	105	313	113	53	59	0.0784314	0	0.23918	1
182	423	181	427	184	53	54	0.0115865	0	0.412301	1
183	621	359	626	363	54	56	0.0187166	0	0.817768	1
184	99	155	104	154	54	56	0.00534759	0	0.353075	1
185	166	151	170	151	54	56	0.00356506	0	0.343964	1
186	416	161	418	162	54	55	0.0026738	0	0.366743	1
187	473	211	510	221	54	66	0.122103	0	0.480638	1
188	393	267	392	269	54	55	0.00445633	0	0.6082	2
189	625	291	626	292	54	55	0.00178253	0	0.66287	1
190	518	133	563	144	54	70	0.14795	0	0.302961	1
191	229	286	247	290	54	59	0.030303	0	0.651481	1
192	602	171	615	173	55	58	0.0151515	0	0.389522	1
193	164	162	180	165	55	59	0.0222816	0	0.369021	1
194	408	322	409	324	55	56	0.00445633	0	0.733485	1
195	408	270	407	271	55	56	0.00178253	0	0.615034	2
196	406	234	408	235	55	56	0.0026738	0	0.53303	1
197	627	385	631	388	55	57	0.0115865	0	0.876993	1
198	227	276	231	277	55	57	0.00445633	0	0.628702	1
199	90	155	124	165	55	70	0.11943	0	0.353075	1
200	230	142	250	147	56	61	0.040107	0	0.323462	1
201	438	295	437	295	56	57	0.000891266	0	0.671982	2
202	625	245	627	247	56	58	0.00534759	0	0.558087	1
203	284	333	298	336	56	59	0.0204991	0	0.758542	1
204	426	301	428	302	56	57	0.0026738	0	0.685649	1
205	421	162	460	171	56	70	0.106952	0	0.369021	1
206	629	294	631	295	56	57	0.0026738	0	0.669704	1
207	456	301	456	301	56	57	0	0	0.685649	1
208	245	236	291	253	56	70	0.298574	0	0.537585	1
209	450	238	451	241	56	57	0.00891266	0	0.542141	1
210	630	365	635	367	57	58	0.00802139	0	0.831435	1
211	411	329	415	331	57	58	0.00713012	0	0.749431	1
212	440	163	446	163	57	58	0.00534759	0	0.371298	1
213	456	217	458	218	57	58	0.0026738	0	0.494305	1
214	297	281	308	285	57	59	0.0240642	0	0.640091	1
215	354	101	374	105	57	62	0.0320856	0	0.230068	1
216	408	272	409	273	57	58	0.00178253	0	0.61959	1
217	414	346	426	349	58	61	0.0187166	0	0.788155	1
218	431	308	436	310	58	59	0.00802139	0	0.701595	1
219	622	270	627	268	58	59	0.00802139	0	0.615034	1
220	189	158	216	166	58	70	0.0811052	0	0.359909	1
221	457	307	461	310	58	60	0.0115865	0	0.699317	1
222	236	278	245	282	58	61	0.0222816	0	0.633257	1
223	634	391	639	392	58	59	0.00534759	0	0.890661	1
224	380	105	411	112	58	70	0.0713012	0	0.23918	1
225	769	428	800	435	58	70	0.0713012	0	0.974943	1
226	317	110	342	116	58	65	0.0543672	0	0.250569	1
227	517	137	549	144	58	70	0.0721925	0	0.312073	1
228	467	338	471	345	58	60	0.0472371	0	0.769932	1
229	293	111	298	112	58	59	0.00534759	0	0.252847	1
230	545	110	576	117	58	70	0.0713012	0	0.250569	1
231	623	173	649	180	59	66	0.0668449	0	0.394077	1
232	120	158	142	164	59	70	0.0516934	0	0.359909	1
233	183	155	187	156	59	60	0.00445633	0	0.353075	1
234	422	334	425	336	59	60	0.00623886	0	0.76082	1
235	418	107	442	113	59	70	0.0534759	0	0.243736	1
236	249	264	254	266	59	61	0.00802139	0	0.601367	1
237	25	421	49	427	59	70	0.0534759	0	0.958998	1
238	288	107	298	110	59	62	0.016934	0	0.243736	1
239	633	248	635	254	59	64	0.0338681	0	0.56492	1
240	242	161	245	162	59	60	0.00356506	0	0.366743	1
241	412	276	410	277	59	60	0.0026738	0	0.628702	2
242	187	166	198	169	60	65	0.0178253	0	0.378132	1
243	434	322	438	322	60	61	0.00356506	0	0.733485	1
244	177	166	198	171	60	70	0.0409982	0	0.378132	1
245	649	372	651	374	60	61	0.00534759	0	0.84738	1
246	598	114	619	119	60	70	0.0409982	0	0.259681	1
247	463	249	465	251	60	61	0.00534759	0	0.567198	1
248	643	394	645	395	60	61	0.0026738	0	0.897494	1
249	423	238	424	239	60	61	0.00178253	0	0.542141	1
250	440	334	441	334	60	61	0.000891266	0	0.76082	1
251	478	211	480	212	60	61	0.0026738	0	0.480638	1
252	413	321	415	321	60	61	0.00178253	0	0.731207	1
253	250	112	271	117	60	70	0.0409982	0	0.255125	1
254	473	264	475	264	60	61	0.00178253	0	0.601367	1
255	309	313	311	314	60	61	0.0026738	0	0.712984	1
256	442	304	444	306	60	61	0.00534759	0	0.692483	1
257	187	156	195	159	61	65	0.0151515	0	0.355353	1
258	471	347	471	348	61	62	0.000891266	0	0.790433	1
259	246	171	253	173	61	64	0.00980392	0	0.389522	1
260	465	165	467	165	62	63	0.00178253	0	0.375854	1
261	440	345	442	347	62	63	0.00534759	0	0.785877	1
262	651	379	653	380	62	63	0.0026738	0	0.863326	1
263	429	349	433	350	62	64	0.00445633	0	0.794989	1
264	445	306	448	308	62	63	0.00623886	0	0.697039	1
265	420	323	422	323	62	63	0.00178253	0	0.735763	1
266	649	397	651	398	62	63	0.0026738	0	0.904328	1
267	408	305	403	310	62	66	0.026738	0	0.694761	2
268	410	285	408	286	62	63	0.0026738	0	0.649203	2
269	318	306	323	311	62	64	0.026738	0	0.697039	1
270	457	176	459	176	62	63	0.00178253	0	0.400911	1
271	366	161	382	165	62	70	0.0285205	0	0.366743	1
272	386	110	400	114	62	70	0.026738	0	0.250569	1
273	251	149	263	153	63	70	0.0249554	0	0.339408	1
274	302	112	306	113	63	65	0.00445633	0	0.255125	1
275	245	290	261	291	63	70	0.0151515	0	0.660592	1
276	29	288	42	291	63	70	0.0196078	0	0.656036	1
277	460	314	458	315	63	64	0.0026738	0	0.715262	2
278	469	166	480	168	64	70	0.013369	0	0.378132	1
279	445	351	448	354	64	66	0.0106952	0	0.799544	1
280	446	341	447	344	64	65	0.00891266	0	0.776765	1
281	351	117	362	119	64	70	0.013369	0	0.266515	1
282	431	306	431	308	64	65	0.00356506	0	0.697039	1
283	398	285	392	292	64	70	0.0490196	0	0.649203	2
284	462	177	473	179	64	70	0.013369	0	0.403189	1
285	329	117	339	119	64	69	0.0124777	0	0.266515	1
286	460	349	459	348	64	65	0.00178253	0	0.794989	2
287	459	220	463	221	64	66	0.00445633	0	0.501139	1
288	426	327	427	328	64	65	0.00178253	0	0.744875	1
289	485	267	486	267	65	66	0.000891266	0	0.6082	1
290	465	230	465	230	65	66	0	0	0.523918	1
291	255	171	264	172	65	70	0.00891266	0	0.389522	1
292	658	380	659	380	65	66	0.000891266	0	0.865604	1
293	435	265	434	265	65	66	0.000891266	0	0.603645	2
294	656	404	660	406	65	67	0.00713012	0	0.920273	1
295	127	173	135	174	65	70	0.00802139	0	0.394077	1
296	475	356	475	356	65	66	0	0	0.810934	1
297	559	439	567	440	65	70	0.00802139	0	1	1
298	433	275	433	278	65	66	0.00802139	0	0.626424	1
299	201	171	204	171	66	68	0.0026738	0	0.389522	1
300	200	160	204	161	66	69	0.00445633	0	0.364465	1
301	489	166	493	165	66	67	0.00445633	0	0.378132	1
302	310	110	317	111	66	70	0.00713012	0	0.250569	1
303	455	312	455	312	66	67	0	0	0.710706	1
304	472	188	477	189	66	69	0.00534759	0	0.428246	1
305	344	117	352	118	66	70	0.00802139	0	0.266515	1
306	636	254	635	254	66	67	0.000891266	0	0.578588	2
307	595	119	600	119	67	70	0.00445633	0	0.271071	1
308	449	356	450	357	67	68	0.00178253	0	0.810934	1
309	653	182	661	182	67	70	0.00713012	0	0.414579	1
310	659	387	663	389	67	70	0.00713012	0	0.881549	1
311	624	230	625	229	67	68	0.00178253	0	0.523918	1
312	467	232	468	233	67	69	0.00178253	0	0.528474	1
313	434	268	432	270	67	69	0.00534759	0	0.610478	2
314	469	351	464	357	67	70	0.0365419	0	0.799544	2
315	435	281	436	284	67	68	0.00891266	0	0.640091	1
316	662	407	663	407	68	69	0.000891266	0	0.927107	1
317	425	319	419	323	68	70	0.0196078	0	0.726651	2
318	501	176	508	176	68	70	0.00623886	0	0.400911	1
319	424	243	422	244	68	70	0.0026738	0	0.553531	2
320	468	222	471	222	68	70	0.0026738	0	0.505695	1
321	475	259	475	260	68	69	0.000891266	0	0.589977	1
322	453	320	451	321	69	70	0.0026738	0	0.728929	2
323	629	298	630	298	69	70	0.000891266	0	0.678815	1
324	523	210	529	210	69	70	0.00534759	0	0.47836	1
325	599	129	600	129	69	70	0.000891266	0	0.29385	1
326	456	378	457	379	69	70	0.00178253	0	0.861048	1