
0	373	265	372	263	342	343	0.0118203	0	0.607798	2
1	147	362	147	364	342	344	0.00945626	0	0.830275	1
2	136	358	137	358	342	343	0.00236407	0	0.821101	1
3	365	255	364	253	342	343	0.0118203	0	0.584862	2
4	317	341	316	341	342	346	0.00236407	0	0.78211	2
5	444	216	440	216	342	343	0.00945626	0	0.495413	2
6	388	259	386	257	342	343	0.0141844	0	0.594037	2
7	552	116	555	114	342	344	0.0165485	0	0.266055	1
8	350	250	351	250	342	343	0.00236407	0	0.573394	1
9	265	236	265	235	342	344	0.00236407	0	0.541284	1
10	565	212	565	211	342	344	0.00236407	0	0.486239	1
11	229	220	233	218	342	344	0.0189125	0	0.504587	1
12	424	223	423	223	342	343	0.00236407	0	0.511468	2
13	532	133	537	132	342	344	0.0141844	0	0.305046	1
14	729	91	728	91	342	343	0.00236407	0	0.208716	2
15	276	393	289	394	343	354	0.0330969	0	0.901376	1
16	374	277	374	276	343	344	0.00236407	0	0.635321	1
17	243	244	243	243	343	344	0.00236407	0	0.559633	1
18	399	210	401	206	343	346	0.0425532	0	0.481651	1
19	248	231	249	228	343	344	0.0236407	0	0.529817	1
20	356	234	360	233	343	345	0.0118203	0	0.536697	1
21	274	403	275	402	343	344	0.00472813	0	0.924312	1
22	248	205	250	203	343	344	0.0141844	0	0.470183	1
23	246	342	247	340	343	345	0.0118203	0	0.784404	1
24	565	281	566	279	343	352	0.0118203	0	0.644495	1
25	529	146	531	145	343	344	0.0070922	0	0.334862	1
26	717	175	719	172	343	350	0.0260047	0	0.401376	1
27	465	251	464	250	344	345	0.00472813	0	0.575688	2
28	381	235	383	236	344	345	0.0070922	0	0.538991	1
29	424	196	425	193	344	345	0.0236407	0	0.449541	1
30	425	259	423	258	344	345	0.0070922	0	0.594037	2
31	311	277	323	272	344	348	0.0874704	0	0.635321	1
32	486	227	486	226	344	345	0.00236407	0	0.520642	1
33	281	223	280	222	344	345	0.00472813	0	0.511468	2
34	364	250	363	247	344	345	0.0236407	0	0.573394	2
35	737	75	738	72	344	346	0.0236407	0	0.172018	1
36	823	58	807	72	344	376	0.501182	0	0.133028	2
37	395	253	391	251	345	346	0.0189125	0	0.580275	2
38	297	320	293	321	345	348	0.0118203	0	0.733945	2
39	258	222	257	221	345	346	0.00472813	0	0.509174	2
40	233	212	237	210	345	347	0.0189125	0	0.486239	1
41	322	267	325	267	345	346	0.0070922	0	0.612385	1
42	216	260	218	258	345	346	0.0141844	0	0.59633	1
43	252	355	269	351	345	352	0.0780142	0	0.81422	1
44	393	229	392	228	345	346	0.00472813	0	0.525229	2
45	569	267	570	266	345	351	0.00472813	0	0.612385	1
46	454	228	447	231	345	347	0.0378251	0	0.522936	2
47	311	305	310	304	345	346	0.00472813	0	0.699541	2
48	497	236	497	235	345	347	0.00236407	0	0.541284	1
49	231	245	235	243	345	346	0.0189125	0	0.561927	1
50	480	216	480	213	345	347	0.0212766	0	0.495413	1
51	566	155	564	154	345	346	0.0070922	0	0.355505	2
52	425	215	421	213	345	346	0.0189125	0	0.493119	2
53	233	255	233	254	345	346	0.00236407	0	0.584862	1
54	300	281	272	264	345	363	0.749409	0	0.644495	2
55	263	341	266	341	345	347	0.0070922	0	0.78211	1
56	310	289	308	286	345	349	0.0260047	0	0.662844	2
57	291	402	291	401	345	347	0.00236407	0	0.922018	1
58	438	189	438	188	345	346	0.00236407	0	0.433486	1
59	558	113	563	112	345	347	0.0141844	0	0.259174	1
60	584	261	585	262	345	357	0.00472813	0	0.598624	1
61	299	210	303	207	345	346	0.0307329	0	0.481651	1
62	583	192	583	192	345	346	0	0	0.440367	1
63	330	250	332	250	345	346	0.00472813	0	0.573394	1
64	419	233	420	233	346	347	0.00236407	0	0.534404	1
65	417	252	417	251	346	347	0.00236407	0	0.577982	1
66	362	249	360	246	346	347	0.0260047	0	0.571101	2
67	423	262	423	261	346	347	0.00236407	0	0.600917	1
68	429	230	427	229	346	347	0.0070922	0	0.527523	2
69	251	343	254	341	346	348	0.0165485	0	0.786697	1
70	147	323	158	327	346	350	0.0638298	0	0.740826	1
71	488	225	488	224	346	350	0.00236407	0	0.516055	1
72	459	240	454	238	346	347	0.0212766	0	0.550459	2
73	386	283	385	279	346	347	0.0401891	0	0.649083	2
74	567	212	568	211	346	348	0.00472813	0	0.486239	1
75	439	232	435	233	346	347	0.0118203	0	0.53211	2
76	288	296	286	290	346	350	0.0898345	0	0.678899	2
77	507	231	506	230	347	348	0.00472813	0	0.529817	2
78	390	228	389	228	347	348	0.00236407	0	0.522936	2
79	464	244	459	241	347	348	0.0330969	0	0.559633	2
80	424	192	430	189	347	350	0.035461	0	0.440367	1
81	402	206	403	205	347	348	0.00472813	0	0.472477	1
82	294	205	296	203	347	348	0.0141844	0	0.470183	1
83	264	367	266	367	347	348	0.00472813	0	0.841743	1
84	548	144	548	143	347	348	0.00236407	0	0.330275	1
85	502	283	504	282	347	353	0.0070922	0	0.649083	1
86	334	271	339	271	348	349	0.0118203	0	0.62156	1
87	416	251	415	250	348	349	0.00472813	0	0.575688	2
88	420	233	420	233	348	349	0	0	0.534404	1
89	367	274	367	273	348	349	0.00236407	0	0.62844	1
90	282	400	282	400	348	350	0	0	0.917431	1
91	285	222	287	221	348	349	0.0070922	0	0.509174	1
92	381	278	379	276	348	349	0.0141844	0	0.637615	2
93	561	150	558	148	348	349	0.0165485	0	0.344037	2
94	339	253	342	253	348	349	0.0070922	0	0.580275	1
95	127	382	139	389	348	350	0.144208	0	0.876147	1
96	475	215	474	213	348	349	0.0118203	0	0.493119	2
97	572	161	570	159	348	349	0.0141844	0	0.369266	2
98	315	171	334	168	348	354	0.0661939	0	0.392202	1
99	269	342	326	359	348	373	0.817967	0	0.784404	1
100	234	253	234	253	348	349	0	0	0.580275	1
101	423	264	421	263	348	349	0.0070922	0	0.605505	2
102	377	231	378	231	348	350	0.00236407	0	0.529817	1
103	808	107	797	119	348	373	0.36643	0	0.245413	2
104	726	302	704	322	348	380	0.997636	0	0.692661	2
105	387	237	387	235	349	350	0.00945626	0	0.543578	1
106	151	371	155	370	349	351	0.0118203	0	0.850917	1
107	264	372	274	368	349	351	0.0614657	0	0.853211	1
108	257	341	266	335	349	353	0.106383	0	0.78211	1
109	505	229	504	228	349	350	0.00472813	0	0.525229	2
110	329	269	334	268	349	350	0.0141844	0	0.616972	1
111	302	203	307	202	349	350	0.0141844	0	0.465596	1
112	566	208	567	206	349	350	0.0118203	0	0.477064	1
113	441	191	443	191	349	350	0.00472813	0	0.438073	1
114	733	150	734	149	349	350	0.00472813	0	0.344037	1
115	542	149	543	147	349	350	0.0118203	0	0.341743	1
116	566	118	570	117	349	350	0.0118203	0	0.270642	1
117	621	293	600	313	349	380	0.995272	0	0.672018	2
118	690	302	668	322	349	380	0.997636	0	0.692661	2
119	332	255	337	252	349	352	0.0330969	0	0.584862	1
120	311	333	310	334	349	350	0.00472813	0	0.763761	2
121	49	358	27	377	349	380	0.905437	0	0.821101	2
122	739	300	717	320	349	380	0.997636	0	0.688073	2
123	370	273	370	272	350	351	0.00236407	0	0.626147	1
124	373	263	372	261	350	351	0.0118203	0	0.603211	2
125	416	250	415	249	350	351	0.00472813	0	0.573394	2
126	566	223	568	218	350	353	0.0638298	0	0.511468	1
127	347	250	349	250	350	351	0.00472813	0	0.573394	1
128	153	355	156	355	350	351	0.0070922	0	0.81422	1
129	292	323	290	324	350	351	0.0070922	0	0.740826	2
130	240	246	240	245	350	351	0.00236407	0	0.56422	1
131	306	295	305	294	350	351	0.00472813	0	0.676606	2
132	557	134	561	134	350	351	0.00945626	0	0.307339	1
133	568	159	565	158	350	351	0.00945626	0	0.364679	2
134	474	208	473	206	350	351	0.0118203	0	0.477064	2
135	427	234	423	229	350	351	0.0685579	0	0.536697	2
136	291	219	302	213	350	352	0.111111	0	0.502294	1
137	420	263	419	263	350	351	0.00236407	0	0.603211	2
138	292	401	292	400	350	351	0.00236407	0	0.919725	1
139	292	209	297	206	350	351	0.0330969	0	0.479358	1
140	153	344	155	344	350	351	0.00472813	0	0.788991	1
141	388	234	387	233	351	352	0.00472813	0	0.536697	2
142	555	148	553	147	351	352	0.0070922	0	0.33945	2
143	508	256	512	252	351	357	0.0472813	0	0.587156	1
144	148	394	148	396	351	357	0.00945626	0	0.90367	1
145	382	276	382	275	351	352	0.00236407	0	0.633028	1
146	566	232	566	229	351	352	0.0212766	0	0.53211	1
147	564	206	566	203	351	353	0.0260047	0	0.472477	1
148	575	118	583	118	351	353	0.0189125	0	0.270642	1
149	433	188	442	187	351	355	0.0236407	0	0.431193	1
150	158	334	164	336	351	353	0.0236407	0	0.766055	1
151	310	336	309	336	351	353	0.00236407	0	0.770642	2
152	404	251	408	251	351	352	0.00945626	0	0.575688	1
153	725	170	727	169	351	352	0.0070922	0	0.389908	1
154	469	195	468	193	351	352	0.0118203	0	0.447248	2
155	575	183	568	181	351	352	0.0260047	0	0.419725	2
156	509	269	511	267	351	354	0.0141844	0	0.616972	1
157	307	284	302	280	351	353	0.0496454	0	0.651376	2
158	138	389	137	391	351	356	0.0118203	0	0.892202	2
159	156	372	155	374	352	353	0.0118203	0	0.853211	2
160	371	272	372	272	352	354	0.00236407	0	0.623853	1
161	288	290	281	285	352	355	0.0756501	0	0.665138	2
162	472	213	469	211	352	353	0.0165485	0	0.488532	2
163	348	269	351	269	352	353	0.0070922	0	0.616972	1
164	515	291	515	291	352	354	0	0	0.667431	1
165	420	259	420	261	352	355	0.00945626	0	0.594037	1
166	409	211	407	210	352	353	0.0070922	0	0.483945	2
167	253	399	277	405	352	356	0.141844	0	0.915138	1
168	496	235	494	235	352	353	0.00472813	0	0.538991	2
169	732	126	736	128	352	354	0.0189125	0	0.288991	1
170	453	191	456	191	352	353	0.0070922	0	0.438073	1
171	740	172	740	172	352	353	0	0	0.394495	1
172	573	261	573	261	352	353	0	0	0.598624	1
173	474	203	473	202	352	353	0.00472813	0	0.465596	2
174	369	232	367	231	352	353	0.0070922	0	0.53211	2
175	739	149	740	149	352	353	0.00236407	0	0.341743	1
176	297	399	297	400	352	355	0.00236407	0	0.915138	1
177	285	402	285	403	352	354	0.00236407	0	0.922018	1
178	355	230	349	235	352	361	0.0732861	0	0.527523	2
179	418	249	417	249	352	353	0.00236407	0	0.571101	2
180	302	320	300	321	352	353	0.0070922	0	0.733945	2
181	562	159	559	158	353	354	0.00945626	0	0.364679	2
182	385	228	385	228	353	355	0	0	0.522936	1
183	270	238	272	239	353	354	0.0070922	0	0.545872	1
184	274	350	289	354	353	359	0.0732861	0	0.802752	1
185	549	148	546	148	353	354	0.0070922	0	0.33945	2
186	419	197	416	195	353	356	0.0165485	0	0.451835	2
187	418	223	415	220	353	354	0.0283688	0	0.511468	2
188	321	192	323	192	353	354	0.00472813	0	0.440367	1
189	273	205	304	196	353	368	0.264775	0	0.470183	1
190	468	192	467	192	353	354	0.00236407	0	0.440367	2
191	432	237	432	237	353	354	0	0	0.543578	1
192	518	281	518	284	353	357	0.0212766	0	0.644495	1
193	281	367	289	367	353	356	0.0189125	0	0.841743	1
194	156	377	164	378	354	357	0.0212766	0	0.864679	1
195	270	335	274	334	354	356	0.0118203	0	0.768349	1
196	569	220	571	217	354	358	0.0260047	0	0.504587	1
197	505	299	506	298	354	355	0.00472813	0	0.68578	1
198	493	237	491	239	354	355	0.0141844	0	0.543578	2
199	273	214	276	213	354	355	0.00945626	0	0.490826	1
200	367	231	364	235	354	359	0.0449173	0	0.529817	2
201	299	319	298	320	354	355	0.00472813	0	0.731651	2
202	288	321	285	322	354	355	0.00945626	0	0.736239	2
203	575	262	575	262	354	355	0	0	0.600917	1
204	168	338	173	339	354	355	0.0141844	0	0.775229	1
205	739	146	747	150	354	359	0.0567376	0	0.334862	1
206	507	281	508	280	354	356	0.00472813	0	0.644495	1
207	568	279	568	279	354	355	0	0	0.639908	1
208	457	191	460	191	354	355	0.0070922	0	0.438073	1
209	565	230	568	228	354	358	0.0165485	0	0.527523	1
210	300	281	288	277	354	359	0.0661939	0	0.644495	2
211	412	237	411	237	354	355	0.00236407	0	0.543578	2
212	397	216	396	216	354	356	0.00236407	0	0.495413	2
213	572	200	573	198	354	356	0.0118203	0	0.458716	1
214	305	308	300	311	354	356	0.0330969	0	0.706422	2
215	402	227	402	227	354	355	0	0	0.520642	1
216	749	149	751	150	354	355	0.0070922	0	0.341743	1
217	800	315	777	335	354	380	1	0	0.722477	2
218	373	273	373	274	355	356	0.00236407	0	0.626147	1
219	466	210	465	210	355	356	0.00236407	0	0.481651	2
220	406	208	404	207	355	356	0.0070922	0	0.477064	2
221	279	248	278	250	355	358	0.0118203	0	0.568807	2
222	516	293	516	293	355	356	0	0	0.672018	1
223	353	244	352	245	355	356	0.00472813	0	0.559633	2
224	739	132	749	135	355	359	0.0449173	0	0.302752	1
225	344	264	344	265	355	356	0.00236407	0	0.605505	1
226	543	150	539	150	355	356	0.00945626	0	0.344037	2
227	176	367	181	366	355	356	0.0141844	0	0.841743	1
228	592	119	595	119	355	356	0.0070922	0	0.272936	1
229	329	193	332	193	355	356	0.0070922	0	0.442661	1
230	338	169	383	173	355	369	0.144208	0	0.387615	1
231	493	229	491	230	355	357	0.0070922	0	0.525229	2
232	554	181	550	183	355	356	0.0189125	0	0.415138	2
233	274	238	274	239	355	356	0.00236407	0	0.545872	1
234	511	269	510	268	355	356	0.00472813	0	0.616972	2
235	477	205	475	206	355	357	0.0070922	0	0.470183	2
236	409	249	410	250	355	356	0.00472813	0	0.571101	1
237	434	266	431	270	355	362	0.0449173	0	0.610092	2
238	574	181	569	181	355	356	0.0118203	0	0.415138	2
239	357	272	357	274	356	357	0.00945626	0	0.623853	1
240	279	213	282	212	356	357	0.00945626	0	0.488532	1
241	279	287	255	278	356	367	0.248227	0	0.658257	2
242	386	227	386	226	356	357	0.00236407	0	0.520642	1
243	285	323	283	324	356	357	0.0070922	0	0.740826	2
244	325	208	328	207	356	357	0.00945626	0	0.477064	1
245	492	240	492	242	356	358	0.00945626	0	0.550459	1
246	446	188	453	189	356	359	0.0189125	0	0.431193	1
247	322	192	324	190	356	357	0.0141844	0	0.440367	1
248	506	297	508	296	356	357	0.0070922	0	0.681193	1
249	480	220	479	222	356	359	0.0118203	0	0.504587	2
250	185	335	231	349	356	366	0.572104	0	0.768349	1
251	574	262	575	261	356	357	0.00472813	0	0.600917	1
252	261	195	262	195	356	358	0.00236407	0	0.447248	1
253	299	400	299	400	356	357	0	0	0.917431	1
254	402	206	400	205	357	358	0.0070922	0	0.472477	2
255	345	267	344	268	357	359	0.00472813	0	0.612385	2
256	368	264	370	265	357	358	0.0070922	0	0.605505	1
257	418	262	417	262	357	358	0.00236407	0	0.600917	2
258	354	247	352	247	357	358	0.00472813	0	0.566514	2
259	389	241	388	241	357	358	0.00236407	0	0.552752	2
260	512	267	511	267	357	358	0.00236407	0	0.612385	2
261	508	281	508	280	357	358	0.00236407	0	0.644495	1
262	337	192	341	191	357	358	0.0118203	0	0.440367	1
263	550	185	549	186	357	358	0.00472813	0	0.424312	2
264	536	149	531	149	357	358	0.0118203	0	0.341743	2
265	418	210	416	209	357	358	0.0070922	0	0.481651	2
266	410	190	393	193	357	366	0.0614657	0	0.43578	2
267	574	199	579	206	357	366	0.12766	0	0.456422	1
268	249	24	227	41	357	380	0.735225	0	0.0550459	2
269	250	240	251	240	357	359	0.00236407	0	0.550459	1
270	570	246	573	245	357	360	0.00945626	0	0.56422	1
271	376	276	375	276	358	359	0.00236407	0	0.633028	2
272	359	275	359	275	358	359	0	0	0.630734	1
273	511	253	510	253	358	359	0.00236407	0	0.580275	2
274	284	213	304	204	358	368	0.238771	0	0.488532	1
275	327	189	333	186	358	360	0.035461	0	0.433486	1
276	387	226	388	225	358	359	0.00472813	0	0.518349	1
277	586	264	585	264	358	359	0.00236407	0	0.605505	2
278	288	397	290	397	358	359	0.00472813	0	0.91055	1
279	435	242	435	242	358	359	0	0	0.555046	1
280	442	211	443	211	358	359	0.00236407	0	0.483945	1
281	604	121	611	120	358	360	0.0189125	0	0.277523	1
282	475	208	475	208	358	359	0	0	0.477064	1
283	352	195	352	195	358	359	0	0	0.447248	1
284	583	153	588	151	358	360	0.0212766	0	0.350917	1
285	280	223	282	222	358	359	0.0070922	0	0.511468	1
286	579	166	578	166	358	359	0.00236407	0	0.380734	2
287	572	262	574	261	358	359	0.0070922	0	0.600917	1
288	352	247	351	247	359	360	0.00236407	0	0.566514	2
289	417	263	415	262	359	360	0.0070922	0	0.603211	2
290	572	215	572	215	359	360	0	0	0.493119	1
291	491	244	491	246	359	364	0.00945626	0	0.559633	1
292	509	282	511	285	359	363	0.0260047	0	0.646789	1
293	277	244	278	242	359	360	0.0118203	0	0.559633	1
294	194	384	194	384	359	360	0	0	0.880734	1
295	529	150	520	148	359	361	0.0307329	0	0.344037	2
296	299	364	302	366	359	361	0.0165485	0	0.834862	1
297	716	67	722	67	359	361	0.0141844	0	0.15367	1
298	496	232	496	232	359	360	0	0	0.53211	1
299	157	381	177	376	359	361	0.106383	0	0.873853	1
300	358	275	357	275	360	361	0.00236407	0	0.630734	2
301	297	405	295	407	360	363	0.0141844	0	0.928899	2
302	345	269	344	270	360	362	0.00472813	0	0.616972	2
303	445	228	447	228	360	361	0.00472813	0	0.522936	1
304	511	254	510	254	360	361	0.00236407	0	0.582569	2
305	386	208	385	209	360	362	0.00472813	0	0.477064	2
306	753	136	776	140	360	371	0.0921986	0	0.311927	1
307	385	280	387	277	360	361	0.0260047	0	0.642202	1
308	341	405	339	407	360	364	0.0141844	0	0.928899	2
309	307	417	303	422	360	366	0.0685579	0	0.956422	2
310	469	209	471	208	360	363	0.0070922	0	0.479358	1
311	512	295	513	294	360	361	0.00472813	0	0.676606	1
312	282	327	281	327	360	361	0.00236407	0	0.75	2
313	509	264	507	264	360	361	0.00472813	0	0.605505	2
314	465	199	465	198	360	362	0.00236407	0	0.456422	1
315	266	211	266	211	360	361	0	0	0.483945	1
316	538	167	531	166	360	361	0.0189125	0	0.383028	2
317	364	237	363	245	360	364	0.153664	0	0.543578	2
318	426	249	426	249	360	361	0	0	0.571101	1
319	480	223	486	221	360	364	0.0236407	0	0.511468	1
320	741	178	741	178	360	361	0	0	0.408257	1
321	417	201	412	201	360	362	0.0118203	0	0.461009	2
322	749	150	763	155	360	367	0.0921986	0	0.344037	1
323	282	402	271	409	360	371	0.141844	0	0.922018	2
324	353	248	354	254	361	364	0.0874704	0	0.568807	1
325	414	264	414	267	361	364	0.0212766	0	0.605505	1
326	312	396	316	395	361	362	0.0118203	0	0.908257	1
327	454	238	453	238	361	362	0.00236407	0	0.545872	2
328	366	258	366	259	361	362	0.00236407	0	0.591743	1
329	513	236	515	241	361	367	0.0638298	0	0.541284	1
330	279	227	282	225	361	362	0.0165485	0	0.520642	1
331	571	215	569	219	361	366	0.0425532	0	0.493119	2
332	768	155	769	154	361	362	0.00472813	0	0.355505	1
333	390	248	389	249	361	362	0.00472813	0	0.568807	2
334	285	274	282	272	361	362	0.0165485	0	0.62844	2
335	290	224	293	223	361	362	0.00945626	0	0.513761	1
336	392	198	387	198	361	363	0.0118203	0	0.454128	2
337	496	234	500	235	361	365	0.0118203	0	0.536697	1
338	280	238	283	235	361	362	0.0283688	0	0.545872	1
339	290	351	311	361	361	372	0.286052	0	0.805046	1
340	357	193	359	191	361	362	0.0141844	0	0.442661	1
341	449	228	450	228	362	363	0.00236407	0	0.522936	1
342	387	230	385	229	362	363	0.0070922	0	0.527523	2
343	507	264	505	266	362	363	0.0141844	0	0.605505	2
344	510	254	509	260	362	367	0.0874704	0	0.582569	2
345	303	370	308	372	362	364	0.0212766	0	0.848624	1
346	764	180	764	180	362	363	0	0	0.412844	1
347	430	251	430	251	362	363	0	0	0.575688	1
348	580	266	578	269	362	365	0.0260047	0	0.610092	2
349	408	232	409	232	362	363	0.00236407	0	0.53211	1
350	618	167	617	167	362	363	0.00236407	0	0.383028	2
351	527	160	521	160	362	363	0.0141844	0	0.366972	2
352	349	237	347	254	362	368	0.687943	0	0.543578	2
353	345	272	346	274	363	364	0.0118203	0	0.623853	1
354	426	264	425	267	363	366	0.0236407	0	0.605505	2
355	254	247	255	248	363	364	0.00472813	0	0.566514	1
356	216	382	230	385	363	366	0.0543735	0	0.876147	1
357	385	210	384	210	363	364	0.00236407	0	0.481651	2
358	511	149	506	149	363	364	0.0118203	0	0.341743	2
359	465	198	467	200	363	365	0.0141844	0	0.454128	1
360	347	203	353	202	363	365	0.0165485	0	0.465596	1
361	268	228	268	228	363	364	0	0	0.522936	1
362	517	299	512	302	363	368	0.0330969	0	0.68578	2
363	399	213	397	215	363	364	0.0141844	0	0.488532	2
364	774	165	777	169	363	365	0.0449173	0	0.37844	1
365	522	248	523	249	363	369	0.00472813	0	0.568807	1
366	520	171	515	171	363	364	0.0118203	0	0.392202	2
367	266	199	264	204	363	366	0.0638298	0	0.456422	2
368	362	183	365	184	363	364	0.00945626	0	0.419725	1
369	453	227	453	227	364	365	0	0	0.520642	1
370	384	273	385	274	364	365	0.00472813	0	0.626147	1
371	365	283	364	285	364	367	0.0118203	0	0.649083	2
372	398	225	398	224	364	365	0.00236407	0	0.516055	1
373	432	254	431	255	364	365	0.00472813	0	0.582569	2
374	474	211	475	212	364	365	0.00472813	0	0.483945	1
375	385	247	385	247	364	365	0	0	0.566514	1
376	618	168	617	169	364	365	0.00472813	0	0.385321	2
377	280	278	269	274	364	369	0.0638298	0	0.637615	2
378	765	183	764	184	364	365	0.00472813	0	0.419725	2
379	512	287	512	289	364	367	0.00945626	0	0.658257	1
380	410	233	410	233	364	365	0	0	0.534404	1
381	214	369	218	370	364	365	0.0118203	0	0.84633	1
382	306	410	306	411	364	366	0.00236407	0	0.940367	1
383	401	257	400	259	364	365	0.0118203	0	0.58945	2
384	217	357	220	359	364	365	0.0165485	0	0.818807	1
385	413	269	412	270	365	366	0.00472813	0	0.616972	2
386	353	259	352	262	365	366	0.0236407	0	0.594037	2
387	413	211	410	208	365	368	0.0283688	0	0.483945	2
388	271	259	270	259	365	366	0.00236407	0	0.594037	2
389	738	70	743	71	365	367	0.0141844	0	0.16055	1
390	502	150	497	150	365	366	0.0118203	0	0.344037	2
391	308	365	309	365	365	366	0.00236407	0	0.837156	1
392	232	399	234	403	365	372	0.0425532	0	0.915138	1
393	274	269	269	267	365	367	0.0212766	0	0.616972	2
394	261	269	250	262	365	370	0.141844	0	0.616972	2
395	289	197	295	190	365	373	0.130024	0	0.451835	1
396	337	408	336	408	366	367	0.00236407	0	0.93578	2
397	430	256	425	257	366	370	0.0141844	0	0.587156	2
398	400	224	399	222	366	367	0.0118203	0	0.513761	2
399	380	238	377	239	366	368	0.00945626	0	0.545872	2
400	782	67	780	67	366	367	0.00472813	0	0.15367	2
401	324	411	322	411	366	367	0.00472813	0	0.942661	2
402	631	145	635	146	366	367	0.0118203	0	0.332569	1
403	499	251	501	253	366	367	0.0141844	0	0.575688	1
404	625	157	627	156	366	367	0.0070922	0	0.360092	1
405	504	270	503	269	366	367	0.00472813	0	0.619266	2
406	263	234	262	235	366	367	0.00472813	0	0.536697	2
407	784	77	786	77	366	367	0.00472813	0	0.176606	1
408	413	258	410	258	366	368	0.0070922	0	0.591743	2
409	405	200	399	200	366	368	0.0141844	0	0.458716	2
410	347	411	341	411	367	371	0.0141844	0	0.942661	2
411	352	266	350	268	367	369	0.0141844	0	0.610092	2
412	425	269	423	269	367	369	0.00472813	0	0.616972	2
413	458	237	457	236	367	368	0.00472813	0	0.543578	2
414	309	366	315	368	367	371	0.0236407	0	0.83945	1
415	400	212	397	211	367	368	0.00945626	0	0.486239	2
416	302	424	300	423	367	368	0.0070922	0	0.972477	2
417	410	268	408	268	367	368	0.00472813	0	0.614679	2
418	300	241	298	239	367	368	0.0141844	0	0.552752	2
419	387	273	387	273	367	368	0	0	0.626147	1
420	392	194	388	193	367	368	0.0118203	0	0.444954	2
421	570	221	570	218	367	370	0.0212766	0	0.506881	1
422	492	151	486	150	367	368	0.0165485	0	0.34633	2
423	390	261	389	259	367	368	0.0118203	0	0.598624	2
424	236	352	239	353	367	368	0.00945626	0	0.807339	1
425	363	197	364	195	367	368	0.0118203	0	0.451835	1
426	640	128	644	127	367	368	0.0118203	0	0.293578	1
427	779	157	783	155	367	370	0.0189125	0	0.360092	1
428	523	287	521	286	367	368	0.0070922	0	0.658257	2
429	580	271	578	271	367	368	0.00472813	0	0.62156	2
430	264	214	263	214	367	368	0.00236407	0	0.490826	2
431	581	207	571	202	367	380	0.0827423	0	0.474771	2
432	747	71	753	71	368	370	0.0141844	0	0.162844	1
433	509	260	508	258	368	369	0.0118203	0	0.59633	2
434	253	275	245	270	368	372	0.0780142	0	0.630734	2
435	515	240	519	237	368	374	0.0307329	0	0.550459	1
436	522	296	520	296	368	369	0.00472813	0	0.678899	2
437	308	228	308	228	368	369	0	0	0.522936	1
438	499	252	497	252	368	369	0.00472813	0	0.577982	2
439	631	156	635	155	368	369	0.0118203	0	0.357798	1
440	253	214	251	216	368	370	0.0141844	0	0.490826	2
441	641	146	645	145	368	369	0.0118203	0	0.334862	1
442	344	282	342	282	368	369	0.00472813	0	0.646789	2
443	285	412	280	413	368	372	0.0141844	0	0.944954	2
444	473	205	473	205	368	369	0	0	0.470183	1
445	773	70	768	70	368	371	0.0118203	0	0.16055	2
446	235	392	235	393	368	369	0.00236407	0	0.899083	1
447	765	155	767	154	368	370	0.0070922	0	0.355505	1
448	369	284	370	283	369	370	0.00472813	0	0.651376	1
449	304	203	306	201	369	371	0.0141844	0	0.465596	1
450	326	403	326	402	369	370	0.00236407	0	0.924312	1
451	570	229	569	227	369	370	0.0118203	0	0.525229	2
452	300	424	292	428	369	376	0.0567376	0	0.972477	2
453	408	206	406	203	369	370	0.0260047	0	0.472477	2
454	373	255	371	255	369	370	0.00472813	0	0.584862	2
455	265	210	262	211	369	371	0.00945626	0	0.481651	2
456	577	271	575	271	369	370	0.00472813	0	0.62156	2
457	798	71	796	71	369	370	0.00472813	0	0.162844	2
458	384	256	382	255	369	370	0.0070922	0	0.587156	2
459	306	193	309	190	369	372	0.0283688	0	0.442661	1
460	249	390	255	390	369	370	0.0141844	0	0.894495	1
461	243	355	247	356	369	370	0.0118203	0	0.81422	1
462	485	149	479	149	369	370	0.0141844	0	0.341743	2
463	827	331	813	341	369	380	0.269504	0	0.759174	2
464	649	128	653	128	369	370	0.00945626	0	0.293578	1
465	511	286	509	284	369	370	0.0141844	0	0.655963	2
466	345	282	343	284	370	373	0.0141844	0	0.646789	2
467	350	269	349	269	370	371	0.00236407	0	0.616972	2
468	509	257	509	256	370	371	0.00236407	0	0.58945	1
469	387	197	384	196	370	371	0.00945626	0	0.451835	2
470	422	269	416	271	370	374	0.0236407	0	0.616972	2
471	396	214	395	212	370	371	0.0118203	0	0.490826	2
472	386	172	389	169	370	372	0.0283688	0	0.394495	1
473	525	249	527	247	370	374	0.0141844	0	0.571101	1
474	386	211	379	209	370	372	0.0260047	0	0.483945	2
475	477	213	477	213	370	371	0	0	0.488532	1
476	259	248	257	247	370	371	0.0070922	0	0.568807	2
477	418	215	417	212	370	371	0.0236407	0	0.493119	2
478	381	282	381	283	370	371	0.00236407	0	0.646789	1
479	374	202	358	203	370	376	0.0401891	0	0.463303	2
480	367	192	368	190	370	371	0.0118203	0	0.440367	1
481	259	390	264	391	371	372	0.0141844	0	0.894495	1
482	370	255	367	256	371	372	0.00945626	0	0.584862	2
483	423	257	420	258	371	373	0.00945626	0	0.58945	2
484	757	71	760	71	371	372	0.0070922	0	0.162844	1
485	310	411	307	413	371	374	0.0165485	0	0.942661	2
486	406	202	404	201	371	372	0.0070922	0	0.463303	2
487	380	256	378	257	371	372	0.0070922	0	0.587156	2
488	406	249	406	247	371	372	0.00945626	0	0.571101	1
489	470	152	465	153	371	372	0.0141844	0	0.348624	2
490	290	408	286	410	371	374	0.0189125	0	0.93578	2
491	575	273	572	275	371	374	0.0165485	0	0.626147	2
492	396	202	394	202	371	372	0.00472813	0	0.463303	2
493	442	219	443	220	371	372	0.00472813	0	0.502294	1
494	660	133	663	133	371	372	0.0070922	0	0.305046	1
495	455	204	454	205	371	372	0.00472813	0	0.46789	2
496	245	311	242	311	371	374	0.0070922	0	0.713303	2
497	295	222	296	221	371	372	0.00472813	0	0.509174	1
498	400	280	398	281	371	373	0.0070922	0	0.642202	2
499	560	291	557	293	371	374	0.0165485	0	0.667431	2
500	251	359	265	364	371	374	0.0921986	0	0.823394	1
501	350	270	350	271	372	374	0.00236407	0	0.619266	1
502	510	255	511	254	372	373	0.00472813	0	0.584862	1
503	381	196	378	195	372	373	0.00945626	0	0.449541	2
504	774	72	772	72	372	373	0.00472813	0	0.165138	2
505	393	212	391	211	372	373	0.0070922	0	0.486239	2
506	353	281	353	282	372	374	0.00236407	0	0.644495	1
507	779	141	783	142	372	374	0.0118203	0	0.323394	1
508	509	265	510	263	372	373	0.0118203	0	0.607798	1
509	792	73	790	74	372	374	0.0070922	0	0.167431	2
510	320	400	323	403	372	373	0.0283688	0	0.917431	1
511	390	258	388	258	372	373	0.00472813	0	0.591743	2
512	380	180	382	180	372	373	0.00472813	0	0.412844	1
513	382	273	382	274	372	373	0.00236407	0	0.626147	1
514	323	411	322	411	372	373	0.00236407	0	0.942661	2
515	364	266	364	266	372	373	0	0	0.610092	1
516	514	298	512	298	372	374	0.00472813	0	0.683486	2
517	256	241	254	242	372	373	0.0070922	0	0.552752	2
518	494	254	494	255	373	374	0.00236407	0	0.582569	1
519	367	287	367	288	373	374	0.00236407	0	0.658257	1
520	487	229	487	231	373	374	0.00945626	0	0.525229	1
521	322	372	325	373	373	374	0.00945626	0	0.853211	1
522	242	267	241	265	373	374	0.0118203	0	0.612385	2
523	316	352	334	357	373	378	0.101655	0	0.807339	1
524	457	154	452	156	373	374	0.0212766	0	0.353211	2
525	407	247	407	245	373	374	0.00945626	0	0.566514	1
526	255	253	253	252	373	374	0.0070922	0	0.580275	2
527	442	253	441	253	373	374	0.00236407	0	0.580275	2
528	660	180	659	180	373	374	0.00236407	0	0.412844	2
529	263	215	263	216	373	374	0.00236407	0	0.493119	1
530	342	409	347	409	373	374	0.0118203	0	0.938073	1
531	393	169	397	168	373	375	0.0118203	0	0.387615	1
532	457	224	458	224	373	374	0.00236407	0	0.513761	1
533	568	214	567	213	373	375	0.00472813	0	0.490826	2
534	577	250	577	250	373	374	0	0	0.573394	1
535	455	207	455	207	373	374	0	0	0.474771	1
536	470	161	466	162	373	374	0.0118203	0	0.369266	2
537	416	211	415	210	373	374	0.00472813	0	0.483945	2
538	443	223	443	224	373	374	0.00236407	0	0.511468	1
539	244	255	243	255	373	374	0.00236407	0	0.584862	2
540	347	256	342	262	373	379	0.0969267	0	0.587156	2
541	669	134	673	133	373	374	0.0118203	0	0.307339	1
542	758	74	761	74	373	374	0.0070922	0	0.169725	1
543	269	237	268	237	373	374	0.00236407	0	0.543578	2
544	474	186	467	186	373	374	0.0165485	0	0.426606	2
545	490	239	489	240	373	374	0.00472813	0	0.548165	2
546	512	257	512	255	374	376	0.00945626	0	0.58945	1
547	337	414	335	414	374	375	0.00472813	0	0.949541	2
548	263	287	259	285	374	378	0.0189125	0	0.658257	2
549	320	396	320	397	374	375	0.00236407	0	0.908257	1
550	386	180	387	179	374	375	0.00472813	0	0.412844	1
551	800	121	795	125	374	377	0.0496454	0	0.277523	2
552	448	242	447	242	374	375	0.00236407	0	0.555046	2
553	342	287	341	287	375	376	0.00236407	0	0.658257	2
554	280	417	278	417	375	376	0.00472813	0	0.956422	2
555	415	212	412	213	375	377	0.00945626	0	0.486239	2
556	415	271	405	275	375	379	0.0614657	0	0.62156	2
557	365	263	364	264	375	376	0.00472813	0	0.603211	2
558	349	272	346	274	375	377	0.0165485	0	0.623853	2
559	352	283	351	283	375	376	0.00236407	0	0.649083	2
560	379	287	376	291	375	377	0.0449173	0	0.658257	2
561	593	266	586	271	375	380	0.0756501	0	0.610092	2
562	580	270	573	275	375	380	0.0756501	0	0.619266	2
563	524	242	524	243	375	380	0.00236407	0	0.555046	1
564	385	201	382	200	375	376	0.00945626	0	0.461009	2
565	462	233	462	233	375	376	0	0	0.534404	1
566	419	261	417	261	375	376	0.00472813	0	0.598624	2
567	332	375	335	376	375	376	0.00945626	0	0.860092	1
568	570	276	563	280	375	380	0.0543735	0	0.633028	2
569	776	161	777	162	375	376	0.00472813	0	0.369266	1
570	367	216	355	219	375	380	0.0496454	0	0.495413	2
571	511	265	510	264	375	376	0.00472813	0	0.607798	2
572	252	295	252	295	375	376	0	0	0.676606	1
573	490	204	490	204	375	376	0	0	0.46789	1
574	304	232	303	230	375	376	0.0118203	0	0.53211	2
575	789	75	787	75	375	376	0.00472813	0	0.172018	2
576	321	379	321	378	375	376	0.00236407	0	0.869266	1
577	259	216	255	221	375	377	0.0685579	0	0.495413	2
578	450	196	448	196	375	376	0.00472813	0	0.449541	2
579	257	257	254	256	375	377	0.00945626	0	0.58945	2
580	264	371	278	385	375	380	0.496454	0	0.850917	1
581	493	260	488	266	375	378	0.0969267	0	0.59633	2
582	451	229	451	229	375	376	0	0	0.525229	1
583	509	282	507	282	375	377	0.00472813	0	0.646789	2
584	396	216	395	216	375	376	0.00236407	0	0.495413	2
585	395	190	395	189	375	376	0.00236407	0	0.43578	1
586	784	145	785	146	375	376	0.00472813	0	0.332569	1
587	677	159	682	159	375	376	0.0118203	0	0.364679	1
588	454	158	448	159	375	376	0.0165485	0	0.362385	2
589	240	269	235	266	375	377	0.0330969	0	0.616972	2
590	244	253	242	253	375	376	0.00472813	0	0.580275	2
591	538	295	531	300	375	380	0.0756501	0	0.676606	2
592	661	166	665	164	375	377	0.0189125	0	0.380734	1
593	446	243	443	244	376	377	0.00945626	0	0.557339	2
594	800	172	804	170	376	380	0.0189125	0	0.394495	1
595	296	196	296	201	376	378	0.0591017	0	0.449541	1
596	335	417	332	418	376	377	0.00945626	0	0.956422	2
597	476	237	479	237	376	377	0.0070922	0	0.543578	1
598	262	386	263	387	376	377	0.00472813	0	0.885321	1
599	394	286	391	293	376	378	0.122931	0	0.655963	2
600	398	258	397	259	376	377	0.00472813	0	0.591743	2
601	399	168	400	168	376	377	0.00236407	0	0.385321	1
602	306	414	304	415	376	377	0.0070922	0	0.949541	2
603	481	223	478	226	376	377	0.0283688	0	0.511468	2
604	311	217	310	217	376	377	0.00236407	0	0.497706	2
605	382	187	383	186	376	377	0.00472813	0	0.428899	1
606	355	293	351	294	376	377	0.0118203	0	0.672018	2
607	375	216	371	217	376	377	0.0118203	0	0.495413	2
608	339	288	337	289	377	378	0.0070922	0	0.66055	2
609	767	77	764	79	377	378	0.0165485	0	0.176606	2
610	280	263	277	266	377	380	0.0283688	0	0.603211	2
611	393	219	391	221	377	378	0.0141844	0	0.502294	2
612	359	258	357	260	377	378	0.0141844	0	0.591743	2
613	349	284	347	285	377	378	0.0070922	0	0.651376	2
614	442	260	440	261	377	378	0.0070922	0	0.59633	2
615	355	202	352	204	377	378	0.0165485	0	0.463303	2
616	378	204	374	204	377	378	0.00945626	0	0.46789	2
617	260	246	258	248	377	378	0.0141844	0	0.56422	2
618	415	263	412	264	377	378	0.00945626	0	0.603211	2
619	287	433	284	435	377	379	0.0165485	0	0.993119	2
620	270	242	268	243	377	378	0.0070922	0	0.555046	2
621	486	252	484	253	377	378	0.0070922	0	0.577982	2
622	491	206	491	207	377	378	0.00236407	0	0.472477	1
623	461	234	458	235	377	378	0.00945626	0	0.536697	2
624	331	400	333	402	377	378	0.0141844	0	0.917431	1
625	373	266	370	268	377	378	0.0165485	0	0.610092	2
626	779	196	776	199	377	379	0.0283688	0	0.449541	2
627	447	161	443	163	377	378	0.0189125	0	0.369266	2
628	806	75	802	78	377	380	0.0307329	0	0.172018	2
629	573	241	571	242	377	378	0.0070922	0	0.552752	2
630	401	184	402	186	377	378	0.0118203	0	0.422018	1
631	251	267	248	268	377	380	0.00945626	0	0.612385	2
632	826	332	823	335	377	380	0.0283688	0	0.761468	2
633	509	265	507	267	377	378	0.0141844	0	0.607798	2
634	277	415	280	415	378	379	0.0070922	0	0.951835	1
635	349	295	348	296	378	379	0.00472813	0	0.676606	2
636	411	216	410	218	378	379	0.0118203	0	0.495413	2
637	400	202	400	204	378	379	0.00945626	0	0.463303	1
638	302	417	301	417	378	380	0.00236407	0	0.956422	2
639	564	219	563	220	378	379	0.00472813	0	0.502294	2
640	375	237	374	238	378	379	0.00472813	0	0.543578	2
641	351	425	350	425	378	379	0.00236407	0	0.974771	2
642	345	275	345	276	378	380	0.00236407	0	0.630734	1
643	375	294	373	295	378	380	0.0070922	0	0.674312	2
644	363	248	361	247	378	379	0.0070922	0	0.568807	2
645	394	262	393	261	378	380	0.00472813	0	0.600917	2
646	476	230	476	232	378	379	0.00945626	0	0.527523	1
647	397	173	401	173	378	380	0.00945626	0	0.396789	1
648	441	205	439	205	378	380	0.00472813	0	0.470183	2
649	407	175	409	175	378	379	0.00472813	0	0.401376	1
650	248	232	246	234	378	379	0.0141844	0	0.53211	2
651	386	188	388	187	378	379	0.0070922	0	0.431193	1
652	261	417	260	417	378	379	0.00236407	0	0.956422	2
653	508	283	508	285	378	380	0.00945626	0	0.649083	1
654	338	291	338	291	379	380	0	0	0.667431	1
655	331	420	330	420	379	380	0.00236407	0	0.963303	2
656	390	220	390	221	379	380	0.00236407	0	0.504587	1
657	764	81	763	81	379	380	0.00236407	0	0.18578	2
658	512	257	512	256	379	380	0.00236407	0	0.58945	1
659	339	359	343	360	379	380	0.0118203	0	0.823394	1
660	358	268	357	268	379	380	0.00236407	0	0.614679	2
661	308	436	307	436	379	380	0.00236407	0	1	2
662	270	395	275	397	379	380	0.0212766	0	0.905963	1
663	349	241	344	240	379	380	0.0141844	0	0.552752	2
664	437	255	439	253	379	380	0.0141844	0	0.584862	1
665	268	246	266	247	379	380	0.0070922	0	0.56422	2
666	430	161	426	159	379	380	0.0189125	0	0.369266	2
667	489	267	488	267	379	380	0.00236407	0	0.612385	2
668	412	264	410	264	379	380	0.00472813	0	0.605505	2
669	440	165	438	165	379	380	0.00472813	0	0.37844	2
670	348	286	348	286	379	380	0	0	0.655963	1
671	233	266	232	265	379	380	0.00472813	0	0.610092	2
672	440	265	441	263	379	380	0.0118203	0	0.607798	1
673	371	213	369	212	379	380	0.0070922	0	0.488532	2
674	796	148	798	146	379	380	0.0141844	0	0.33945	1
675	330	370	334	370	379	380	0.00945626	0	0.848624	1
676	456	209	457	208	379	380	0.00472813	0	0.479358	1