
0	372	233	371	232	162	163	0.00809717	0	0.529545	2
1	451	215	447	212	162	163	0.0526316	0	0.488636	2
2	218	426	350	426	162	200	0.534413	0	0.968182	1
3	437	199	437	197	162	163	0.0161943	0	0.452273	1
4	350	279	350	278	162	163	0.00404858	0	0.634091	1
5	267	409	266	409	162	164	0.00404858	0	0.929545	2
6	487	260	486	260	163	164	0.00404858	0	0.590909	2
7	564	218	562	216	163	164	0.0242915	0	0.495455	2
8	289	274	287	272	163	164	0.0242915	0	0.622727	2
9	351	252	349	249	163	164	0.0445344	0	0.572727	2
10	778	431	826	434	163	181	0.230769	0	0.979545	1
11	373	230	373	229	164	166	0.00404858	0	0.522727	1
12	443	210	440	207	164	165	0.048583	0	0.477273	2
13	296	260	295	259	164	165	0.00809717	0	0.590909	2
14	456	268	454	266	164	165	0.0242915	0	0.609091	2
15	382	220	382	219	164	166	0.00404858	0	0.5	1
16	295	283	296	283	164	166	0.00404858	0	0.643182	1
17	427	103	563	108	164	200	0.651822	0	0.234091	1
18	365	242	364	241	164	166	0.00809717	0	0.55	2
19	790	411	824	420	164	178	0.465587	0	0.934091	1
20	451	304	450	304	165	166	0.00404858	0	0.690909	2
21	465	289	461	287	165	166	0.0323887	0	0.656818	2
22	286	272	285	270	165	166	0.0202429	0	0.618182	2
23	348	247	346	245	165	166	0.0242915	0	0.561364	2
24	436	175	435	173	165	166	0.0202429	0	0.397727	2
25	265	412	267	407	165	167	0.109312	0	0.936364	1
26	377	209	376	207	165	166	0.0202429	0	0.475	2
27	590	105	727	112	165	200	0.753036	0	0.238636	1
28	466	211	464	210	165	166	0.0121457	0	0.479545	2
29	478	248	477	247	165	166	0.00809717	0	0.563636	2
30	396	183	396	182	165	166	0.00404858	0	0.415909	1
31	363	261	362	258	165	166	0.0404858	0	0.593182	2
32	750	384	751	381	166	167	0.0404858	0	0.872727	1
33	297	259	298	257	166	167	0.0202429	0	0.588636	1
34	350	275	350	274	166	167	0.00404858	0	0.625	1
35	372	258	374	254	166	167	0.0728745	0	0.586364	1
36	440	196	440	195	166	167	0.00404858	0	0.445455	1
37	439	206	439	205	166	167	0.00404858	0	0.468182	1
38	340	281	338	280	167	168	0.0121457	0	0.638636	2
39	486	258	483	256	167	169	0.0283401	0	0.586364	2
40	348	228	367	232	167	175	0.1417	0	0.518182	1
41	401	169	403	167	167	168	0.0242915	0	0.384091	1
42	479	248	478	247	167	168	0.00809717	0	0.563636	2
43	468	262	462	259	167	168	0.0607287	0	0.595455	2
44	460	286	455	286	167	168	0.0202429	0	0.65	2
45	310	258	310	256	167	168	0.0161943	0	0.586364	1
46	461	301	461	300	167	168	0.00404858	0	0.684091	1
47	348	291	345	292	167	168	0.0161943	0	0.661364	2
48	372	253	371	252	168	170	0.00809717	0	0.575	2
49	298	256	308	261	168	173	0.1417	0	0.581818	1
50	294	414	303	417	168	172	0.0728745	0	0.940909	1
51	751	377	751	376	168	169	0.00404858	0	0.856818	1
52	374	216	374	214	168	170	0.0161943	0	0.490909	1
53	345	245	344	247	168	170	0.0202429	0	0.556818	2
54	564	226	564	226	168	169	0	0	0.513636	1
55	364	216	367	215	168	171	0.0161943	0	0.490909	1
56	398	182	397	182	168	169	0.00404858	0	0.413636	2
57	394	209	393	209	168	169	0.00404858	0	0.475	2
58	280	233	360	241	168	190	0.582996	0	0.529545	1
59	756	106	825	111	168	188	0.380567	0	0.240909	1
60	439	177	438	177	168	169	0.00404858	0	0.402273	2
61	457	187	454	190	168	170	0.048583	0	0.425	2
62	349	273	348	273	168	169	0.00404858	0	0.620455	2
63	659	151	675	155	168	173	0.129555	0	0.343182	1
64	559	103	694	111	168	200	0.805668	0	0.234091	1
65	296	282	294	281	168	169	0.0121457	0	0.640909	2
66	428	293	433	298	169	172	0.121457	0	0.665909	1
67	243	409	373	413	169	200	0.591093	0	0.929545	1
68	338	282	337	284	169	170	0.0202429	0	0.640909	2
69	434	209	432	209	169	170	0.00809717	0	0.475	2
70	341	256	342	259	169	171	0.0404858	0	0.581818	1
71	433	164	434	163	169	170	0.00809717	0	0.372727	1
72	340	292	336	294	169	170	0.0323887	0	0.663636	2
73	464	239	462	241	169	170	0.0242915	0	0.543182	2
74	458	208	456	208	169	170	0.00809717	0	0.472727	2
75	416	227	415	225	169	170	0.0202429	0	0.515909	2
76	448	275	449	275	170	171	0.00404858	0	0.625	1
77	779	411	809	420	170	178	0.449393	0	0.934091	1
78	483	256	475	257	170	173	0.0364372	0	0.581818	2
79	451	307	456	309	170	172	0.0364372	0	0.697727	1
80	380	226	382	226	170	171	0.00809717	0	0.513636	1
81	431	277	434	281	170	172	0.0769231	0	0.629545	1
82	395	210	397	210	170	171	0.00809717	0	0.477273	1
83	443	292	444	293	170	171	0.00809717	0	0.663636	1
84	295	281	297	281	170	171	0.00809717	0	0.638636	1
85	432	189	433	190	170	171	0.00809717	0	0.429545	1
86	81	237	213	239	170	200	0.550607	0	0.538636	1
87	751	374	754	374	170	171	0.0121457	0	0.85	1
88	440	152	442	152	170	171	0.00809717	0	0.345455	1
89	440	179	442	180	170	171	0.0121457	0	0.406818	1
90	767	411	780	415	171	174	0.117409	0	0.934091	1
91	433	209	434	210	171	172	0.00809717	0	0.475	1
92	400	243	403	243	171	172	0.0121457	0	0.552273	1
93	671	188	674	189	171	172	0.0161943	0	0.427273	1
94	336	287	375	295	171	181	0.417004	0	0.652273	1
95	345	249	365	259	171	176	0.48583	0	0.565909	1
96	419	225	420	225	171	172	0.00404858	0	0.511364	1
97	769	398	783	403	171	174	0.157895	0	0.904545	1
98	457	193	468	198	171	174	0.145749	0	0.438636	1
99	356	287	378	293	171	177	0.234818	0	0.652273	1
100	480	244	483	245	171	172	0.0161943	0	0.554545	1
101	466	302	463	295	171	177	0.210526	0	0.686364	2
102	386	196	396	200	171	174	0.105263	0	0.445455	1
103	433	330	434	330	172	176	0.00404858	0	0.75	1
104	250	260	252	261	172	173	0.0121457	0	0.590909	1
105	301	283	305	285	172	173	0.0323887	0	0.643182	1
106	466	250	464	249	172	173	0.0121457	0	0.568182	2
107	760	378	782	383	172	176	0.190283	0	0.859091	1
108	371	215	375	216	172	173	0.0202429	0	0.488636	1
109	337	196	340	198	172	174	0.0283401	0	0.445455	1
110	632	107	760	113	172	200	0.663968	0	0.243182	1
111	340	305	409	313	172	191	0.538462	0	0.693182	1
112	392	243	395	245	172	173	0.0283401	0	0.552273	1
113	145	100	273	101	172	200	0.522267	0	0.227273	1
114	437	302	442	306	173	175	0.0850202	0	0.686364	1
115	351	291	362	295	173	176	0.109312	0	0.661364	1
116	427	296	430	297	173	174	0.0161943	0	0.672727	1
117	390	24	420	25	173	180	0.125506	0	0.0545455	1
118	489	241	575	251	173	194	0.753036	0	0.547727	1
119	356	267	361	268	173	174	0.0242915	0	0.606818	1
120	395	222	398	223	173	174	0.0161943	0	0.504545	1
121	436	190	440	190	173	174	0.0161943	0	0.431818	1
122	369	245	373	245	173	174	0.0161943	0	0.556818	1
123	417	259	417	258	173	174	0.00404858	0	0.588636	1
124	320	423	324	424	173	174	0.0202429	0	0.961364	1
125	381	257	384	255	174	175	0.0283401	0	0.584091	1
126	255	261	257	260	174	175	0.0121457	0	0.593182	1
127	771	403	778	405	174	176	0.0445344	0	0.915909	1
128	417	205	427	204	174	175	0.0445344	0	0.465909	1
129	463	249	462	247	174	175	0.0202429	0	0.565909	2
130	685	213	704	216	174	177	0.11336	0	0.484091	1
131	312	264	326	271	174	178	0.255061	0	0.6	1
132	310	288	317	294	174	177	0.174089	0	0.654545	1
133	412	215	420	214	174	175	0.0364372	0	0.488636	1
134	473	256	470	256	174	175	0.0121457	0	0.581818	2
135	390	211	393	212	174	175	0.0161943	0	0.479545	1
136	412	187	433	187	174	180	0.0850202	0	0.425	1
137	314	405	318	406	174	175	0.0202429	0	0.920455	1
138	456	225	459	227	174	177	0.0283401	0	0.511364	1
139	315	105	433	105	174	200	0.477733	0	0.238636	1
140	421	239	422	239	174	176	0.00404858	0	0.543182	1
141	784	418	810	413	175	182	0.206478	0	0.95	1
142	432	271	433	271	175	176	0.00404858	0	0.615909	1
143	366	269	369	268	175	176	0.0161943	0	0.611364	1
144	472	200	475	201	175	176	0.0161943	0	0.454545	1
145	364	403	387	409	175	178	0.238866	0	0.915909	1
146	788	404	794	407	175	177	0.0607287	0	0.918182	1
147	400	202	410	204	175	178	0.0566802	0	0.459091	1
148	328	425	330	425	175	176	0.00809717	0	0.965909	1
149	349	249	365	249	175	179	0.0647773	0	0.565909	1
150	417	258	416	257	175	176	0.00809717	0	0.586364	2
151	325	268	335	272	175	178	0.105263	0	0.609091	1
152	469	214	470	215	176	177	0.00809717	0	0.486364	1
153	343	202	344	202	176	177	0.00404858	0	0.459091	1
154	386	222	398	221	176	179	0.0526316	0	0.504545	1
155	368	283	372	284	176	177	0.0202429	0	0.643182	1
156	456	336	458	336	176	177	0.00809717	0	0.763636	1
157	359	420	377	424	176	179	0.137652	0	0.954545	1
158	462	186	465	186	176	177	0.0121457	0	0.422727	1
159	462	247	462	247	176	177	0	0	0.561364	1
160	397	214	404	215	176	178	0.0323887	0	0.486364	1
161	319	426	423	422	177	200	0.48583	0	0.968182	1
162	346	264	356	264	177	179	0.0404858	0	0.6	1
163	373	268	378	266	177	178	0.0364372	0	0.609091	1
164	437	330	445	331	177	180	0.0364372	0	0.75	1
165	587	246	592	246	177	178	0.0202429	0	0.559091	1
166	393	239	397	235	177	178	0.0809717	0	0.543182	1
167	268	261	276	257	177	179	0.097166	0	0.593182	1
168	334	427	338	427	177	178	0.0161943	0	0.970455	1
169	465	260	466	260	177	178	0.00404858	0	0.590909	1
170	424	148	424	147	177	179	0.00404858	0	0.336364	1
171	368	296	373	295	177	178	0.0242915	0	0.672727	1
172	433	272	434	268	177	179	0.0688259	0	0.618182	1
173	378	432	397	423	177	182	0.404858	0	0.981818	1
174	126	25	136	24	177	179	0.0445344	0	0.0568182	1
175	449	319	454	312	178	182	0.218623	0	0.725	1
176	474	216	477	215	178	179	0.0161943	0	0.490909	1
177	800	410	805	409	178	179	0.0242915	0	0.931818	1
178	322	297	325	297	178	179	0.0121457	0	0.675	1
179	329	408	428	404	178	200	0.465587	0	0.927273	1
180	708	255	757	257	178	190	0.214575	0	0.579545	1
181	446	309	456	304	178	188	0.1417	0	0.702273	1
182	464	338	468	336	178	179	0.0323887	0	0.768182	1
183	346	202	349	201	178	179	0.0161943	0	0.459091	1
184	713	216	735	211	178	181	0.190283	0	0.490909	1
185	794	383	800	381	178	179	0.0404858	0	0.870455	1
186	462	213	465	211	178	179	0.0283401	0	0.484091	1
187	387	296	400	284	178	183	0.635628	0	0.672727	1
188	344	246	349	244	178	179	0.0364372	0	0.559091	1
189	424	240	426	238	178	179	0.0242915	0	0.545455	1
190	298	107	401	103	178	200	0.481781	0	0.243182	1
191	201	106	304	102	178	200	0.481781	0	0.240909	1
192	385	265	392	261	179	180	0.0931174	0	0.602273	1
193	349	407	443	405	179	200	0.396761	0	0.925	1
194	433	285	432	280	179	180	0.105263	0	0.647727	2
195	814	420	824	413	179	182	0.238866	0	0.954545	1
196	329	272	340	267	179	181	0.145749	0	0.618182	1
197	709	199	716	197	179	180	0.0445344	0	0.452273	1
198	172	205	178	199	179	180	0.17004	0	0.465909	1
199	368	108	465	106	179	200	0.408907	0	0.245455	1
200	490	222	494	219	179	180	0.0526316	0	0.504545	1
201	275	247	286	236	179	185	0.534413	0	0.561364	1
202	344	426	437	424	179	200	0.392713	0	0.968182	1
203	622	239	631	233	179	181	0.182186	0	0.543182	1
204	806	380	813	378	180	181	0.0445344	0	0.863636	1
205	328	324	335	317	180	184	0.226721	0	0.736364	1
206	435	265	427	259	180	183	0.178138	0	0.602273	2
207	816	398	823	397	180	181	0.0323887	0	0.904545	1
208	364	403	453	404	180	200	0.364372	0	0.915909	1
209	385	419	390	415	180	181	0.0850202	0	0.952273	1
210	597	250	688	252	180	200	0.384615	0	0.568182	1
211	403	220	410	213	180	182	0.226721	0	0.5	1
212	322	424	411	424	180	200	0.360324	0	0.963636	1
213	482	213	484	210	180	181	0.0445344	0	0.484091	1
214	291	277	293	275	180	181	0.0242915	0	0.629545	1
215	480	336	475	334	180	183	0.0364372	0	0.763636	2
216	416	171	416	169	180	181	0.0161943	0	0.388636	1
217	425	234	426	229	180	181	0.105263	0	0.531818	1
218	289	287	293	283	180	181	0.0809717	0	0.652273	1
219	723	179	729	175	180	181	0.0890688	0	0.406818	1
220	368	245	372	238	180	183	0.214575	0	0.556818	1
221	448	351	454	345	180	182	0.17004	0	0.797727	1
222	407	232	412	228	180	181	0.0850202	0	0.527273	1
223	351	198	365	197	180	192	0.0607287	0	0.45	1
224	473	249	474	245	180	181	0.0688259	0	0.565909	1
225	433	278	429	277	181	183	0.0202429	0	0.631818	2
226	394	230	400	225	181	185	0.125506	0	0.522727	1
227	452	332	452	330	181	182	0.0161943	0	0.754545	1
228	723	197	733	194	181	184	0.0769231	0	0.447727	1
229	475	229	475	226	181	182	0.0364372	0	0.520455	1
230	438	184	438	181	181	184	0.0364372	0	0.418182	1
231	385	290	393	286	181	186	0.097166	0	0.659091	1
232	443	275	440	272	181	182	0.048583	0	0.625	2
233	394	413	398	410	182	183	0.0526316	0	0.938636	1
234	405	262	403	261	182	183	0.0121457	0	0.595455	2
235	409	404	414	401	182	183	0.0566802	0	0.918182	1
236	416	359	423	360	182	183	0.0323887	0	0.815909	1
237	418	169	408	171	182	186	0.0566802	0	0.384091	2
238	739	177	740	177	182	183	0.00404858	0	0.402273	1
239	343	266	346	266	182	184	0.0121457	0	0.604545	1
240	474	242	472	243	182	185	0.0121457	0	0.55	2
241	410	25	495	32	182	200	0.54251	0	0.0568182	1
242	397	251	415	248	182	188	0.109312	0	0.570455	1
243	377	294	395	297	182	188	0.109312	0	0.668182	1
244	821	378	823	378	182	183	0.00809717	0	0.859091	1
245	480	176	487	175	182	187	0.0323887	0	0.4	1
246	473	200	470	200	182	184	0.0121457	0	0.454545	2
247	409	243	408	243	182	183	0.00404858	0	0.552273	2
248	423	139	415	142	182	185	0.0688259	0	0.315909	2
249	429	394	438	394	182	183	0.0364372	0	0.895455	1
250	515	199	519	201	183	184	0.0323887	0	0.452273	1
251	472	228	471	227	183	184	0.00809717	0	0.518182	2
252	474	253	480	253	183	186	0.0242915	0	0.575	1
253	465	282	462	278	183	184	0.0769231	0	0.640909	2
254	446	328	457	342	183	190	0.838057	0	0.745455	1
255	366	189	365	188	183	184	0.00809717	0	0.429545	2
256	422	224	421	223	183	184	0.00809717	0	0.509091	2
257	183	183	193	179	183	185	0.105263	0	0.415909	1
258	336	289	339	289	183	184	0.0121457	0	0.656818	1
259	481	209	481	209	183	184	0	0	0.475	1
260	405	261	408	260	184	185	0.0161943	0	0.593182	1
261	445	262	446	261	184	185	0.00809717	0	0.595455	1
262	399	282	399	281	184	185	0.00404858	0	0.640909	1
263	430	278	433	278	184	185	0.0121457	0	0.631818	1
264	413	246	418	246	184	186	0.0202429	0	0.559091	1
265	816	410	823	411	184	186	0.0323887	0	0.931818	1
266	642	230	648	230	184	185	0.0242915	0	0.522727	1
267	425	400	441	400	184	185	0.0647773	0	0.909091	1
268	465	253	468	252	184	185	0.0161943	0	0.575	1
269	356	230	357	229	184	185	0.00809717	0	0.522727	1
270	487	240	493	241	184	186	0.0283401	0	0.545455	1
271	745	178	751	178	184	185	0.0242915	0	0.404545	1
272	371	250	381	253	184	186	0.0769231	0	0.568182	1
273	304	241	323	252	184	188	0.566802	0	0.547727	1
274	397	272	402	271	184	186	0.0242915	0	0.618182	1
275	524	204	527	207	185	186	0.048583	0	0.463636	1
276	295	268	298	270	185	186	0.0283401	0	0.609091	1
277	353	268	358	270	185	186	0.0364372	0	0.609091	1
278	473	227	474	228	185	186	0.00809717	0	0.515909	1
279	368	188	369	189	185	186	0.00809717	0	0.427273	1
280	422	234	423	234	185	186	0.00404858	0	0.531818	1
281	424	223	425	224	185	186	0.00809717	0	0.506818	1
282	425	157	424	157	185	186	0.00404858	0	0.356818	2
283	442	182	444	183	185	186	0.0121457	0	0.413636	1
284	529	214	530	217	185	186	0.0404858	0	0.486364	1
285	501	180	506	181	185	186	0.0242915	0	0.409091	1
286	454	241	459	242	186	187	0.0242915	0	0.547727	1
287	436	281	441	282	186	187	0.0242915	0	0.638636	1
288	746	193	753	193	186	187	0.0283401	0	0.438636	1
289	290	285	298	299	186	190	0.825911	0	0.647727	1
290	463	418	475	421	186	188	0.0850202	0	0.95	1
291	358	299	365	300	186	187	0.0323887	0	0.679545	1
292	201	180	212	186	186	188	0.190283	0	0.409091	1
293	540	210	561	217	186	189	0.283401	0	0.477273	1
294	475	420	493	426	186	189	0.218623	0	0.954545	1
295	470	255	474	256	186	187	0.0202429	0	0.579545	1
296	475	207	493	217	186	190	0.477733	0	0.470455	1
297	528	171	535	174	186	187	0.0647773	0	0.388636	1
298	420	207	422	208	186	187	0.0121457	0	0.470455	1
299	715	216	794	224	187	200	0.578947	0	0.490909	1
300	532	210	537	212	187	188	0.0364372	0	0.477273	1
301	423	247	428	246	187	188	0.0242915	0	0.561364	1
302	485	255	494	261	187	189	0.182186	0	0.579545	1
303	303	275	309	277	187	188	0.0404858	0	0.625	1
304	525	200	537	202	187	188	0.0647773	0	0.454545	1
305	364	273	372	276	187	188	0.0688259	0	0.620455	1
306	450	229	453	233	187	188	0.0769231	0	0.520455	1
307	461	183	468	183	187	188	0.0283401	0	0.415909	1
308	402	286	406	286	187	188	0.0161943	0	0.65	1
309	499	243	516	250	187	190	0.267206	0	0.552273	1
310	484	265	535	279	187	198	1	0	0.602273	1
311	488	212	508	224	187	191	0.663968	0	0.481818	1
312	308	238	313	241	187	188	0.0566802	0	0.540909	1
313	754	214	780	221	187	191	0.303644	0	0.486364	1
314	168	96	240	100	187	200	0.356275	0	0.218182	1
315	371	192	408	196	187	200	0.214575	0	0.436364	1
316	433	226	437	227	187	188	0.0202429	0	0.513636	1
317	259	409	322	410	188	200	0.259109	0	0.929545	1
318	466	239	471	241	188	189	0.0364372	0	0.543182	1
319	389	250	394	254	188	189	0.0850202	0	0.568182	1
320	375	305	391	320	188	191	0.975709	0	0.693182	1
321	353	312	373	316	188	191	0.145749	0	0.709091	1
322	492	178	555	187	188	200	0.582996	0	0.404545	1
323	454	248	457	252	188	189	0.0769231	0	0.563636	1
324	475	259	490	267	188	191	0.319838	0	0.588636	1
325	304	101	369	103	188	200	0.279352	0	0.229545	1
326	460	311	463	316	189	190	0.11336	0	0.706818	1
327	402	301	405	302	189	190	0.0161943	0	0.684091	1
328	316	281	320	284	189	190	0.0526316	0	0.638636	1
329	327	254	332	260	189	191	0.165992	0	0.577273	1
330	411	184	410	188	189	190	0.0688259	0	0.418182	2
331	443	278	449	282	189	191	0.0890688	0	0.631818	1
332	540	383	553	385	189	190	0.0688259	0	0.870455	1
333	481	422	501	418	189	191	0.145749	0	0.959091	1
334	380	280	386	284	189	190	0.0890688	0	0.636364	1
335	486	249	495	255	189	191	0.182186	0	0.565909	1
336	419	249	425	252	189	192	0.0607287	0	0.565909	1
337	477	295	489	298	189	193	0.0850202	0	0.670455	1
338	449	208	458	212	189	191	0.101215	0	0.472727	1
339	306	276	308	279	189	190	0.0445344	0	0.627273	1
340	482	229	486	232	189	190	0.0526316	0	0.520455	1
341	455	26	514	27	189	200	0.242915	0	0.0590909	1
342	369	332	410	336	189	197	0.230769	0	0.754545	1
343	429	218	431	222	189	190	0.0728745	0	0.495455	1
344	418	265	421	267	189	190	0.0283401	0	0.602273	1
345	433	247	436	248	189	190	0.0161943	0	0.561364	1
346	498	266	505	272	190	192	0.174089	0	0.604545	1
347	477	243	481	245	190	191	0.0323887	0	0.552273	1
348	445	222	449	224	190	191	0.0323887	0	0.504545	1
349	469	357	466	362	190	191	0.11336	0	0.811364	2
350	181	24	218	24	190	197	0.149798	0	0.0545455	1
351	320	249	325	253	190	192	0.0850202	0	0.565909	1
352	466	320	467	323	191	193	0.0404858	0	0.727273	1
353	409	189	408	191	191	192	0.0202429	0	0.429545	2
354	458	347	479	350	191	200	0.121457	0	0.788636	1
355	521	253	565	249	191	199	0.242915	0	0.575	1
356	394	289	400	292	191	192	0.0607287	0	0.656818	1
357	362	249	410	243	191	200	0.340081	0	0.565909	1
358	302	304	343	301	191	199	0.202429	0	0.690909	1
359	310	284	330	289	191	196	0.182186	0	0.645455	1
360	485	361	503	358	191	199	0.109312	0	0.820455	1
361	762	259	811	256	191	200	0.234818	0	0.588636	1
362	398	246	411	247	191	194	0.0566802	0	0.559091	1
363	402	432	448	426	191	200	0.331984	0	0.981818	1
364	497	221	546	217	191	200	0.263158	0	0.502273	1
365	425	162	427	167	191	192	0.109312	0	0.368182	1
366	490	234	493	235	191	192	0.0161943	0	0.531818	1
367	500	243	503	244	191	192	0.0161943	0	0.552273	1
368	577	223	600	232	192	195	0.421053	0	0.506818	1
369	502	260	506	261	192	193	0.0202429	0	0.590909	1
370	435	283	435	285	192	193	0.0161943	0	0.643182	1
371	561	433	573	436	192	194	0.0850202	0	0.984091	1
372	396	322	401	323	192	193	0.0242915	0	0.731818	1
373	574	440	602	439	192	197	0.117409	0	1	1
374	454	225	464	224	192	194	0.0445344	0	0.511364	1
375	567	415	577	418	192	193	0.0769231	0	0.943182	1
376	383	214	384	214	192	193	0.00404858	0	0.486364	1
377	502	208	512	209	192	194	0.0445344	0	0.472727	1
378	510	273	515	273	193	194	0.0202429	0	0.620455	1
379	407	194	414	197	193	196	0.0647773	0	0.440909	1
380	329	254	333	253	193	194	0.0202429	0	0.577273	1
381	430	258	432	256	193	194	0.0242915	0	0.586364	1
382	508	245	538	240	193	198	0.222672	0	0.556818	1
383	339	267	350	263	193	196	0.109312	0	0.606818	1
384	500	271	505	271	193	194	0.0202429	0	0.615909	1
385	532	419	554	418	193	194	0.0931174	0	0.952273	1
386	562	226	569	225	193	194	0.0323887	0	0.513636	1
387	357	245	354	243	193	194	0.0283401	0	0.556818	2
388	462	373	492	369	193	199	0.186235	0	0.847727	1
389	482	251	486	252	193	194	0.0202429	0	0.570455	1
390	441	287	446	288	194	195	0.0242915	0	0.652273	1
391	570	202	588	200	194	196	0.0890688	0	0.459091	1
392	490	307	489	302	194	196	0.105263	0	0.697727	2
393	367	193	388	190	194	200	0.121457	0	0.438636	1
394	346	295	359	301	194	200	0.198381	0	0.670455	1
395	503	252	521	250	195	198	0.0890688	0	0.572727	1
396	479	263	486	262	195	196	0.0323887	0	0.597727	1
397	515	259	528	256	195	197	0.0890688	0	0.588636	1
398	466	206	488	199	195	199	0.287449	0	0.468182	1
399	742	260	770	255	195	200	0.214575	0	0.590909	1
400	437	252	441	251	195	196	0.0202429	0	0.572727	1
401	471	253	485	248	195	198	0.157895	0	0.575	1
402	582	224	593	222	195	196	0.0607287	0	0.509091	1
403	818	210	824	209	195	196	0.0283401	0	0.477273	1
404	582	250	610	245	195	200	0.214575	0	0.568182	1
405	479	273	485	272	195	196	0.0283401	0	0.620455	1
406	607	220	613	222	195	196	0.0404858	0	0.5	1
407	448	249	452	248	195	196	0.0202429	0	0.565909	1
408	485	321	492	319	195	198	0.0445344	0	0.729545	1
409	233	214	237	213	195	196	0.0202429	0	0.486364	1
410	471	224	495	220	195	199	0.161943	0	0.509091	1
411	521	272	527	270	195	196	0.0404858	0	0.618182	1
412	455	234	458	233	195	196	0.0161943	0	0.531818	1
413	604	233	609	233	196	197	0.0202429	0	0.529545	1
414	439	323	453	322	196	197	0.0607287	0	0.734091	1
415	488	282	500	279	196	198	0.0850202	0	0.640909	1
416	592	430	602	426	196	197	0.105263	0	0.977273	1
417	417	302	420	302	196	197	0.0121457	0	0.686364	1
418	426	212	433	215	196	198	0.0647773	0	0.481818	1
419	419	198	428	199	197	200	0.0404858	0	0.45	1
420	494	262	500	260	197	198	0.0404858	0	0.595455	1
421	443	323	455	324	197	198	0.0526316	0	0.734091	1
422	355	262	368	261	197	200	0.0566802	0	0.595455	1
423	456	248	462	246	197	199	0.0404858	0	0.563636	1
424	597	202	605	202	197	198	0.0323887	0	0.459091	1
425	259	219	265	219	197	198	0.0242915	0	0.497727	1
426	245	243	250	241	197	198	0.0364372	0	0.552273	1
427	527	194	533	193	197	198	0.0283401	0	0.440909	1
428	352	281	363	280	197	200	0.048583	0	0.638636	1
429	360	239	374	235	197	200	0.121457	0	0.543182	1
430	461	233	468	229	197	200	0.0931174	0	0.529545	1
431	461	265	463	263	198	199	0.0242915	0	0.602273	1
432	538	256	544	255	198	199	0.0283401	0	0.581818	1
433	498	250	502	247	198	199	0.0526316	0	0.568182	1
434	427	305	436	303	198	200	0.0526316	0	0.693182	1
435	488	281	492	279	198	199	0.0323887	0	0.638636	1
436	513	183	521	181	198	200	0.048583	0	0.415909	1
437	526	249	530	247	199	200	0.0323887	0	0.565909	1
438	620	231	624	229	199	200	0.0323887	0	0.525	1
439	504	266	508	264	199	200	0.0323887	0	0.604545	1
440	547	266	552	265	199	200	0.0242915	0	0.604545	1
441	495	316	495	313	199	200	0.0364372	0	0.718182	1
442	245	258	248	257	199	200	0.0161943	0	0.586364	1
443	443	292	447	290	199	200	0.0323887	0	0.663636	1
444	504	278	508	277	199	200	0.0202429	0	0.631818	1
445	432	328	444	323	199	200	0.149798	0	0.745455	1
446	271	220	275	220	199	200	0.0161943	0	0.5	1
447	612	201	616	201	199	200	0.0161943	0	0.456818	1
448	512	290	514	287	199	200	0.0445344	0	0.659091	1