
0	149	392	149	391	407	408	0.0019802	0	0.861538	1
1	321	209	324	207	407	408	0.0138614	0	0.459341	1
2	577	186	574	185	407	415	0.00792079	0	0.408791	2
3	450	144	448	143	407	408	0.00594059	0	0.316484	2
4	584	25	586	27	407	411	0.0118812	0	0.0549451	1
5	310	242	313	240	407	409	0.0138614	0	0.531868	1
6	345	225	347	224	408	409	0.00594059	0	0.494505	1
7	368	172	369	173	408	410	0.0039604	0	0.378022	1
8	350	203	371	201	408	414	0.049505	0	0.446154	1
9	566	186	565	188	408	411	0.00990099	0	0.408791	2
10	407	129	407	127	408	410	0.00792079	0	0.283516	1
11	498	142	493	140	408	409	0.0178218	0	0.312088	2
12	347	236	348	235	408	409	0.0039604	0	0.518681	1
13	327	233	333	234	409	410	0.0138614	0	0.512088	1
14	492	106	491	105	409	410	0.0039604	0	0.232967	2
15	158	386	161	389	409	411	0.0237624	0	0.848352	1
16	271	152	272	155	409	411	0.019802	0	0.334066	1
17	458	190	457	192	409	411	0.00990099	0	0.417582	2
18	420	118	420	118	409	410	0	0	0.259341	1
19	393	136	394	136	409	410	0.0019802	0	0.298901	1
20	147	351	154	361	409	413	0.211881	0	0.771429	1
21	406	165	405	164	410	413	0.0039604	0	0.362637	2
22	270	143	269	144	410	411	0.0039604	0	0.314286	2
23	567	161	563	163	410	412	0.0158416	0	0.353846	2
24	132	411	131	409	410	414	0.00990099	0	0.903297	2
25	406	146	405	147	410	411	0.0039604	0	0.320879	2
26	449	138	445	139	410	411	0.00990099	0	0.303297	2
27	441	174	437	172	410	411	0.0158416	0	0.382418	2
28	478	170	473	169	410	411	0.0118812	0	0.373626	2
29	128	401	126	399	410	414	0.0118812	0	0.881319	2
30	383	143	383	144	410	411	0.0019802	0	0.314286	1
31	468	149	468	150	410	411	0.0019802	0	0.327473	1
32	60	455	59	453	411	417	0.00990099	0	1	2
33	468	127	469	126	411	412	0.0039604	0	0.279121	1
34	560	178	550	184	411	418	0.0910891	0	0.391209	2
35	584	47	583	45	411	413	0.00990099	0	0.103297	2
36	407	129	406	127	411	413	0.00990099	0	0.283516	2
37	324	186	331	182	411	414	0.0455446	0	0.408791	1
38	780	314	822	327	411	438	0.417822	0	0.69011	1
39	325	157	326	157	411	412	0.0019802	0	0.345055	1
40	827	45	826	44	411	412	0.0039604	0	0.0989011	2
41	389	290	457	278	411	445	0.419802	0	0.637363	1
42	369	178	370	176	412	414	0.00990099	0	0.391209	1
43	585	28	585	26	412	413	0.00792079	0	0.0615385	1
44	273	154	273	152	412	413	0.00792079	0	0.338462	1
45	561	196	558	198	412	419	0.0138614	0	0.430769	2
46	689	146	690	144	412	413	0.00990099	0	0.320879	1
47	268	144	268	142	412	413	0.00792079	0	0.316484	1
48	492	106	490	102	412	413	0.0356436	0	0.232967	2
49	646	122	646	120	412	413	0.00792079	0	0.268132	1
50	450	169	446	165	412	413	0.039604	0	0.371429	2
51	324	172	328	169	412	414	0.0257426	0	0.378022	1
52	442	141	438	138	412	413	0.0257426	0	0.30989	2
53	503	251	505	253	412	419	0.0118812	0	0.551648	1
54	593	41	595	37	412	415	0.0356436	0	0.0901099	1
55	418	118	418	116	412	413	0.00792079	0	0.259341	1
56	563	161	558	160	413	415	0.0118812	0	0.353846	2
57	477	147	476	146	413	414	0.0039604	0	0.323077	2
58	406	146	406	144	413	414	0.00792079	0	0.320879	1
59	426	154	422	151	413	414	0.0257426	0	0.338462	2
60	597	49	601	50	413	418	0.00990099	0	0.107692	1
61	815	313	823	316	413	428	0.0336634	0	0.687912	1
62	472	125	473	124	413	414	0.0039604	0	0.274725	1
63	499	455	496	454	413	416	0.00792079	0	1	2
64	387	142	388	141	413	415	0.0039604	0	0.312088	1
65	275	131	272	129	413	415	0.0138614	0	0.287912	2
66	620	172	621	175	413	424	0.019802	0	0.378022	1
67	383	176	383	178	414	415	0.00792079	0	0.386813	1
68	273	154	272	154	414	415	0.0019802	0	0.338462	2
69	169	391	172	393	414	416	0.0138614	0	0.859341	1
70	647	120	644	121	414	417	0.00792079	0	0.263736	2
71	506	125	500	122	414	416	0.029703	0	0.274725	2
72	582	40	581	40	414	415	0.0019802	0	0.0879121	2
73	353	237	360	237	414	415	0.0138614	0	0.520879	1
74	585	26	583	24	414	416	0.0118812	0	0.0571429	2
75	791	43	791	48	414	419	0.049505	0	0.0945055	1
76	449	162	446	160	414	415	0.0138614	0	0.356044	2
77	371	178	374	180	415	417	0.0138614	0	0.391209	1
78	514	215	517	214	415	417	0.00792079	0	0.472527	1
79	696	143	698	141	415	416	0.0118812	0	0.314286	1
80	431	135	427	133	415	416	0.0158416	0	0.296703	2
81	161	391	162	391	415	416	0.0019802	0	0.859341	1
82	372	232	387	239	415	419	0.126733	0	0.50989	1
83	377	166	376	168	415	416	0.00990099	0	0.364835	2
84	459	129	457	128	415	416	0.00594059	0	0.283516	2
85	268	142	267	143	415	417	0.0039604	0	0.312088	2
86	270	170	270	173	415	418	0.0178218	0	0.373626	1
87	375	203	392	207	415	419	0.0653465	0	0.446154	1
88	255	153	255	158	415	419	0.049505	0	0.336264	1
89	370	220	375	221	416	417	0.0118812	0	0.483516	1
90	423	175	414	174	416	418	0.019802	0	0.384615	2
91	271	155	272	160	416	418	0.0514851	0	0.340659	1
92	134	398	150	399	416	418	0.0336634	0	0.874725	1
93	361	179	364	185	416	418	0.0772277	0	0.393407	1
94	416	136	414	136	416	417	0.0039604	0	0.298901	2
95	442	386	477	381	416	426	0.118812	0	0.848352	1
96	458	138	459	139	416	417	0.0039604	0	0.303297	1
97	444	160	440	160	416	417	0.00792079	0	0.351648	2
98	595	37	599	41	416	419	0.039604	0	0.0813187	1
99	472	131	474	132	416	417	0.00594059	0	0.287912	1
100	399	161	399	163	417	418	0.00792079	0	0.353846	1
101	162	409	162	411	417	418	0.00792079	0	0.898901	1
102	585	28	585	31	417	419	0.0178218	0	0.0615385	1
103	444	180	443	183	417	419	0.019802	0	0.395604	2
104	630	170	629	174	417	419	0.0336634	0	0.373626	2
105	266	123	259	126	417	419	0.0316832	0	0.27033	2
106	376	184	377	185	418	419	0.0039604	0	0.404396	1
107	425	134	421	134	418	419	0.00792079	0	0.294505	2
108	642	124	641	122	418	421	0.00990099	0	0.272527	2
109	517	222	517	222	418	419	0	0	0.487912	1
110	459	143	457	144	418	419	0.00594059	0	0.314286	2
111	273	140	271	142	418	419	0.0118812	0	0.307692	2
112	551	172	547	174	418	419	0.0158416	0	0.378022	2
113	585	47	588	45	418	421	0.0138614	0	0.103297	1
114	434	182	433	182	418	420	0.0019802	0	0.4	2
115	344	189	345	189	418	419	0.0019802	0	0.415385	1
116	505	35	507	37	418	419	0.0118812	0	0.0769231	1
117	70	455	101	454	419	436	0.0633663	0	1	1
118	269	174	269	173	419	420	0.0019802	0	0.382418	1
119	549	187	549	186	419	420	0.0019802	0	0.410989	1
120	480	161	482	160	419	420	0.00594059	0	0.353846	1
121	603	51	611	50	419	424	0.0178218	0	0.112088	1
122	479	130	480	128	419	420	0.00990099	0	0.285714	1
123	704	139	712	135	419	422	0.0475248	0	0.305495	1
124	479	151	481	151	419	420	0.0039604	0	0.331868	1
125	375	188	380	186	420	421	0.0178218	0	0.413187	1
126	60	455	61	453	420	422	0.00990099	0	1	1
127	259	125	261	122	420	430	0.0217822	0	0.274725	1
128	393	176	393	173	420	421	0.0178218	0	0.386813	1
129	519	220	521	218	420	421	0.0118812	0	0.483516	1
130	277	150	278	148	420	422	0.00990099	0	0.32967	1
131	185	405	201	410	420	424	0.0811881	0	0.89011	1
132	793	46	816	46	420	434	0.0455446	0	0.101099	1
133	547	169	539	170	420	423	0.0178218	0	0.371429	2
134	495	166	512	163	420	432	0.0514851	0	0.364835	1
135	349	190	356	191	420	422	0.0158416	0	0.417582	1
136	445	170	444	168	420	423	0.00990099	0	0.373626	2
137	511	254	518	252	420	421	0.0217822	0	0.558242	1
138	450	98	451	96	420	422	0.00990099	0	0.215385	1
139	261	148	262	146	420	421	0.00990099	0	0.325275	1
140	341	166	345	163	420	421	0.0257426	0	0.364835	1
141	351	205	363	209	420	425	0.0554455	0	0.450549	1
142	629	173	646	171	420	432	0.0415842	0	0.38022	1
143	396	209	402	207	420	421	0.019802	0	0.459341	1
144	567	52	584	49	420	432	0.0514851	0	0.114286	1
145	336	27	350	24	420	429	0.0455446	0	0.0593407	1
146	440	180	437	179	421	422	0.00792079	0	0.395604	2
147	165	411	169	412	421	423	0.00990099	0	0.903297	1
148	271	171	270	171	421	422	0.0019802	0	0.375824	2
149	388	238	390	239	421	422	0.00594059	0	0.523077	1
150	690	170	696	173	421	425	0.029703	0	0.373626	1
151	264	135	262	134	421	422	0.00594059	0	0.296703	2
152	405	186	402	187	421	422	0.00792079	0	0.408791	2
153	399	237	407	235	421	422	0.0237624	0	0.520879	1
154	562	195	561	197	421	423	0.00990099	0	0.428571	2
155	184	418	210	431	421	429	0.386139	0	0.918681	1
156	172	380	176	382	421	422	0.0158416	0	0.835165	1
157	483	125	484	125	421	422	0.0019802	0	0.274725	1
158	516	234	515	235	421	422	0.0039604	0	0.514286	2
159	369	157	370	160	421	424	0.019802	0	0.345055	1
160	587	42	588	44	422	423	0.00990099	0	0.0923077	1
161	526	218	527	221	422	423	0.019802	0	0.479121	1
162	643	124	642	127	422	424	0.019802	0	0.272527	2
163	422	131	421	131	422	423	0.0019802	0	0.287912	2
164	524	255	546	258	422	425	0.0613861	0	0.56044	1
165	536	149	521	155	422	433	0.10099	0	0.327473	2
166	590	29	591	31	422	423	0.00990099	0	0.0637363	1
167	562	165	562	167	422	423	0.00792079	0	0.362637	1
168	185	414	193	424	422	424	0.213861	0	0.90989	1
169	267	147	267	149	422	423	0.00792079	0	0.323077	1
170	412	202	418	204	422	423	0.019802	0	0.443956	1
171	456	84	452	85	422	426	0.00990099	0	0.184615	2
172	388	193	391	194	423	424	0.00792079	0	0.424176	1
173	719	146	735	146	423	426	0.0316832	0	0.320879	1
174	60	455	66	454	423	425	0.0138614	0	1	1
175	507	40	507	40	423	424	0	0	0.0879121	1
176	401	185	401	185	423	424	0	0	0.406593	1
177	278	149	279	149	423	424	0.0019802	0	0.327473	1
178	358	197	361	198	423	424	0.00792079	0	0.432967	1
179	519	36	519	37	423	424	0.0019802	0	0.0791209	1
180	410	140	410	140	423	424	0	0	0.307692	1
181	262	137	261	136	423	424	0.0039604	0	0.301099	2
182	435	183	434	185	423	425	0.00990099	0	0.402198	2
183	280	161	281	161	423	424	0.0019802	0	0.353846	1
184	424	160	424	160	423	424	0	0	0.351648	1
185	527	240	531	241	423	424	0.00990099	0	0.527473	1
186	457	417	469	416	424	426	0.0257426	0	0.916484	1
187	273	173	278	172	424	425	0.0118812	0	0.38022	1
188	179	410	189	409	424	425	0.0217822	0	0.901099	1
189	589	45	595	44	424	425	0.0138614	0	0.0989011	1
190	422	131	426	129	424	425	0.0158416	0	0.287912	1
191	563	198	567	197	424	425	0.00990099	0	0.435165	1
192	462	143	466	142	424	425	0.00990099	0	0.314286	1
193	442	426	451	424	424	425	0.0257426	0	0.936264	1
194	398	240	410	240	424	425	0.0237624	0	0.527473	1
195	431	173	435	172	424	425	0.00990099	0	0.38022	1
196	274	137	279	136	424	425	0.0118812	0	0.301099	1
197	520	225	525	225	424	425	0.00990099	0	0.494505	1
198	517	244	522	244	424	426	0.00990099	0	0.536264	1
199	454	428	466	427	424	426	0.0257426	0	0.940659	1
200	563	169	591	172	424	436	0.0732673	0	0.371429	1
201	460	168	464	168	424	426	0.00792079	0	0.369231	1
202	256	146	260	146	424	425	0.00792079	0	0.320879	1
203	397	195	398	195	425	426	0.0019802	0	0.428571	1
204	518	41	582	30	425	445	0.366337	0	0.0901099	1
205	408	190	408	190	425	426	0	0	0.417582	1
206	285	161	284	165	425	427	0.0336634	0	0.353846	2
207	646	127	645	127	425	426	0.0019802	0	0.279121	2
208	731	177	740	173	425	431	0.049505	0	0.389011	1
209	529	38	530	39	425	426	0.0039604	0	0.0835165	1
210	429	159	426	159	425	427	0.00594059	0	0.349451	2
211	539	242	544	245	425	427	0.0277228	0	0.531868	1
212	395	141	391	141	425	427	0.00792079	0	0.30989	2
213	539	224	542	224	425	426	0.00594059	0	0.492308	1
214	612	50	616	51	425	427	0.00990099	0	0.10989	1
215	192	283	253	269	425	445	0.508911	0	0.621978	1
216	275	148	275	148	425	426	0	0	0.325275	1
217	525	215	528	216	425	426	0.00792079	0	0.472527	1
218	368	201	372	200	426	428	0.00990099	0	0.441758	1
219	394	152	391	152	426	427	0.00594059	0	0.334066	2
220	528	227	529	228	426	427	0.0039604	0	0.498901	1
221	699	177	698	178	426	427	0.0039604	0	0.389011	2
222	427	130	425	130	426	427	0.0039604	0	0.285714	2
223	561	193	554	193	426	427	0.0138614	0	0.424176	2
224	459	98	456	99	426	427	0.00792079	0	0.215385	2
225	417	133	415	133	426	427	0.0039604	0	0.292308	2
226	67	455	88	454	426	436	0.0435644	0	1	1
227	395	185	395	186	426	427	0.0019802	0	0.406593	1
228	280	137	289	140	426	433	0.0356436	0	0.301099	1
229	540	43	542	44	426	427	0.00594059	0	0.0945055	1
230	431	185	429	181	426	429	0.0356436	0	0.406593	2
231	608	35	609	37	426	427	0.00990099	0	0.0769231	1
232	406	188	407	186	427	428	0.00990099	0	0.413187	1
233	474	416	528	416	427	434	0.106931	0	0.914286	1
234	531	43	545	40	427	434	0.0455446	0	0.0945055	1
235	737	147	741	145	427	428	0.0158416	0	0.323077	1
236	461	427	476	424	427	433	0.0475248	0	0.938462	1
237	643	128	643	127	427	428	0.0019802	0	0.281319	1
238	435	133	436	133	427	428	0.0019802	0	0.292308	1
239	396	196	397	194	427	428	0.00990099	0	0.430769	1
240	536	171	536	169	427	428	0.00792079	0	0.375824	1
241	274	150	275	149	427	428	0.0039604	0	0.32967	1
242	554	260	563	255	427	431	0.0673267	0	0.571429	1
243	24	443	85	425	427	445	0.762376	0	0.973626	1
244	433	173	433	170	427	428	0.0178218	0	0.38022	1
245	598	46	601	44	427	428	0.0138614	0	0.101099	1
246	530	217	543	214	427	429	0.0435644	0	0.476923	1
247	284	152	285	151	427	428	0.0039604	0	0.334066	1
248	483	372	520	377	427	434	0.122772	0	0.817582	1
249	546	226	550	225	427	428	0.00990099	0	0.496703	1
250	464	143	464	141	427	428	0.00792079	0	0.314286	1
251	479	426	491	423	428	429	0.0415842	0	0.936264	1
252	418	132	423	130	428	429	0.0178218	0	0.29011	1
253	446	231	458	229	428	429	0.0316832	0	0.507692	1
254	558	47	567	44	428	429	0.0356436	0	0.103297	1
255	232	413	255	413	428	431	0.0455446	0	0.907692	1
256	219	419	234	423	428	429	0.0613861	0	0.920879	1
257	549	192	547	190	428	429	0.0118812	0	0.421978	2
258	391	139	395	134	428	430	0.0574257	0	0.305495	1
259	640	155	645	152	428	429	0.0277228	0	0.340659	1
260	425	159	429	156	428	429	0.0257426	0	0.349451	1
261	287	167	292	166	428	429	0.0118812	0	0.367033	1
262	651	142	652	141	429	430	0.0039604	0	0.312088	1
263	405	192	405	190	429	431	0.00792079	0	0.421978	1
264	646	125	644	125	429	432	0.0039604	0	0.274725	2
265	398	149	399	146	429	430	0.019802	0	0.327473	1
266	457	97	457	94	429	430	0.0178218	0	0.213187	1
267	376	219	381	224	429	434	0.0594059	0	0.481319	1
268	379	202	382	202	429	430	0.00594059	0	0.443956	1
269	735	122	821	136	429	441	0.558416	0	0.268132	1
270	439	165	438	162	429	430	0.019802	0	0.362637	2
271	465	138	465	136	429	430	0.00792079	0	0.303297	1
272	633	173	666	186	429	439	0.4	0	0.38022	1
273	558	245	562	246	429	431	0.00990099	0	0.538462	1
274	705	174	743	188	429	440	0.463366	0	0.382418	1
275	405	182	406	179	429	430	0.019802	0	0.4	1
276	608	51	611	48	429	430	0.0237624	0	0.112088	1
277	288	181	290	179	429	431	0.0118812	0	0.397802	1
278	494	117	504	121	429	434	0.0514851	0	0.257143	1
279	414	152	415	149	429	430	0.019802	0	0.334066	1
280	126	279	180	267	429	445	0.392079	0	0.613187	1
281	281	147	283	145	429	430	0.0118812	0	0.323077	1
282	686	97	743	89	429	445	0.239604	0	0.213187	1
283	514	455	514	454	429	431	0.0019802	0	1	1
284	391	182	394	180	429	430	0.0138614	0	0.4	1
285	810	180	825	187	429	436	0.126733	0	0.395604	1
286	163	282	217	270	429	445	0.392079	0	0.61978	1
287	466	229	479	231	430	432	0.0336634	0	0.503297	1
288	425	129	423	130	430	431	0.00594059	0	0.283516	2
289	241	426	251	439	430	434	0.354455	0	0.936264	1
290	642	93	646	97	430	434	0.039604	0	0.204396	1
291	294	164	293	165	430	431	0.0039604	0	0.36044	2
292	499	422	526	427	430	434	0.10297	0	0.927473	1
293	451	164	451	164	430	431	0	0	0.36044	1
294	212	428	219	420	430	431	0.140594	0	0.940659	1
295	648	151	647	153	430	432	0.00990099	0	0.331868	2
296	551	215	561	222	430	433	0.116832	0	0.472527	1
297	628	33	631	33	430	431	0.00594059	0	0.0725275	1
298	500	160	501	162	430	431	0.00990099	0	0.351648	1
299	402	169	400	169	430	431	0.0039604	0	0.371429	2
300	656	137	655	139	431	432	0.00990099	0	0.301099	2
301	454	95	451	96	431	432	0.00792079	0	0.208791	2
302	387	172	389	175	431	432	0.0217822	0	0.378022	1
303	415	183	413	184	431	432	0.00594059	0	0.402198	2
304	482	238	509	253	431	435	0.49901	0	0.523077	1
305	536	250	554	261	431	434	0.275248	0	0.549451	1
306	254	121	278	122	431	445	0.049505	0	0.265934	1
307	455	107	453	107	431	432	0.0039604	0	0.235165	2
308	390	189	392	192	431	432	0.0217822	0	0.415385	1
309	642	47	643	48	431	432	0.0039604	0	0.103297	1
310	528	187	524	195	431	435	0.134653	0	0.410989	2
311	421	133	419	133	432	433	0.0039604	0	0.292308	2
312	740	175	742	175	432	433	0.0039604	0	0.384615	1
313	577	39	582	40	432	433	0.0118812	0	0.0857143	1
314	260	419	264	422	432	433	0.0257426	0	0.920879	1
315	379	170	379	170	432	433	0	0	0.373626	1
316	514	392	528	391	432	434	0.029703	0	0.861538	1
317	539	169	538	170	432	433	0.0039604	0	0.371429	2
318	257	151	256	150	432	433	0.0039604	0	0.331868	2
319	433	164	434	165	432	433	0.0039604	0	0.36044	1
320	488	233	496	235	433	434	0.0237624	0	0.512088	1
321	397	210	403	210	433	434	0.0118812	0	0.461538	1
322	429	130	428	130	433	434	0.0019802	0	0.285714	2
323	645	126	646	127	433	434	0.0039604	0	0.276923	1
324	24	427	73	413	433	445	0.485149	0	0.938462	1
325	558	50	610	40	433	445	0.30099	0	0.10989	1
326	386	190	392	191	433	434	0.0138614	0	0.417582	1
327	399	130	399	131	433	434	0.0019802	0	0.285714	1
328	529	198	535	208	433	436	0.209901	0	0.435165	1
329	507	167	509	168	433	434	0.00594059	0	0.367033	1
330	559	212	641	213	433	445	0.164356	0	0.465934	1
331	424	157	426	158	433	434	0.00594059	0	0.345055	1
332	640	33	646	35	433	434	0.019802	0	0.0725275	1
333	403	180	409	182	433	434	0.019802	0	0.395604	1
334	377	192	379	193	434	435	0.00594059	0	0.421978	1
335	596	47	602	48	434	435	0.0138614	0	0.103297	1
336	502	375	608	365	434	445	0.407921	0	0.824176	1
337	439	168	442	169	434	435	0.00792079	0	0.369231	1
338	450	137	453	138	434	435	0.00792079	0	0.301099	1
339	256	150	256	150	434	435	0	0	0.32967	1
340	270	430	320	442	434	438	0.384158	0	0.945055	1
341	550	167	598	156	434	445	0.334653	0	0.367033	1
342	539	176	538	181	434	435	0.0514851	0	0.386813	2
343	534	420	552	428	435	438	0.162376	0	0.923077	1
344	251	446	266	445	435	437	0.0316832	0	0.98022	1
345	548	42	596	30	435	445	0.380198	0	0.0923077	1
346	541	398	552	399	435	436	0.0237624	0	0.874725	1
347	522	301	566	288	435	445	0.421782	0	0.661538	1
348	258	410	268	411	435	436	0.0217822	0	0.901099	1
349	748	181	759	186	435	437	0.0712871	0	0.397802	1
350	449	112	452	114	435	436	0.0138614	0	0.246154	1
351	417	136	420	137	435	436	0.00792079	0	0.298901	1
352	544	427	566	437	435	439	0.241584	0	0.938462	1
353	648	98	690	90	435	444	0.209901	0	0.215385	1
354	647	129	654	133	435	437	0.0455446	0	0.283516	1
355	385	225	392	224	435	436	0.0158416	0	0.494505	1
356	425	185	430	187	435	436	0.0178218	0	0.406593	1
357	651	40	659	42	435	436	0.0237624	0	0.0879121	1
358	667	95	698	103	435	441	0.188119	0	0.208791	1
359	292	194	297	196	435	436	0.0178218	0	0.426374	1
360	643	51	651	53	435	436	0.0237624	0	0.112088	1
361	425	121	445	130	435	441	0.2	0	0.265934	1
362	427	134	430	136	435	436	0.0138614	0	0.294505	1
363	403	169	406	169	435	436	0.00594059	0	0.371429	1
364	592	49	602	50	435	436	0.0217822	0	0.107692	1
365	402	209	410	212	435	436	0.0336634	0	0.459341	1
366	655	157	672	164	435	438	0.130693	0	0.345055	1
367	287	154	291	157	435	436	0.0257426	0	0.338462	1
368	481	167	509	175	435	440	0.182178	0	0.367033	1
369	445	88	451	93	435	437	0.0613861	0	0.193407	1
370	510	123	531	132	435	438	0.20198	0	0.27033	1
371	300	152	328	164	435	440	0.340594	0	0.334066	1
372	432	160	437	162	435	436	0.0178218	0	0.351648	1
373	504	146	509	148	435	436	0.0178218	0	0.320879	1
374	261	449	266	450	435	436	0.0118812	0	0.986813	1
375	435	105	437	108	435	436	0.0217822	0	0.230769	1
376	656	51	664	53	435	436	0.0237624	0	0.112088	1
377	384	195	403	200	436	439	0.0871287	0	0.428571	1
378	563	312	602	297	436	445	0.522772	0	0.685714	1
379	538	183	538	186	436	437	0.0178218	0	0.402198	1
380	576	273	584	278	436	437	0.0653465	0	0.6	1
381	783	24	815	27	436	442	0.0811881	0	0.0527473	1
382	574	248	591	259	436	438	0.273267	0	0.545055	1
383	612	48	621	50	436	437	0.0257426	0	0.105495	1
384	527	173	529	176	436	437	0.0217822	0	0.38022	1
385	524	257	554	259	436	438	0.0673267	0	0.564835	1
386	456	117	461	120	437	438	0.0277228	0	0.257143	1
387	596	175	630	157	437	445	0.708911	0	0.384615	1
388	502	428	543	425	437	440	0.0990099	0	0.940659	1
389	24	451	58	432	437	445	0.782178	0	0.991209	1
390	555	399	569	402	437	438	0.0455446	0	0.876923	1
391	795	154	804	156	437	438	0.0257426	0	0.338462	1
392	303	196	320	199	437	440	0.0514851	0	0.430769	1
393	519	260	529	262	437	438	0.0277228	0	0.571429	1
394	407	171	412	172	437	438	0.0118812	0	0.375824	1
395	805	24	825	27	437	441	0.0574257	0	0.0527473	1
396	516	150	523	150	437	438	0.0138614	0	0.32967	1
397	418	184	423	186	437	438	0.0178218	0	0.404396	1
398	662	57	672	59	437	438	0.0277228	0	0.125275	1
399	418	146	425	147	437	438	0.0158416	0	0.320879	1
400	276	444	289	442	437	438	0.0336634	0	0.975824	1
401	319	414	330	420	437	438	0.0930693	0	0.90989	1
402	284	417	300	426	437	438	0.192079	0	0.916484	1
403	424	232	431	236	437	438	0.0455446	0	0.50989	1
404	286	433	300	438	437	438	0.0772277	0	0.951648	1
405	408	301	441	283	437	445	0.706931	0	0.661538	1
406	767	189	794	168	438	445	0.926733	0	0.415385	1
407	542	190	543	192	438	439	0.00990099	0	0.417582	1
408	659	136	666	133	438	442	0.0316832	0	0.298901	1
409	591	280	604	276	438	442	0.0574257	0	0.615385	1
410	24	435	50	414	438	445	0.924752	0	0.956044	1
411	472	146	483	149	438	440	0.039604	0	0.320879	1
412	533	179	534	165	438	445	0.390099	0	0.393407	1
413	433	186	439	187	438	439	0.0138614	0	0.408791	1
414	425	205	425	204	439	440	0.0019802	0	0.450549	1
415	639	57	647	57	439	440	0.0158416	0	0.125275	1
416	304	442	319	442	439	440	0.029703	0	0.971429	1
417	643	182	650	177	439	442	0.0633663	0	0.4	1
418	431	149	434	148	439	440	0.00792079	0	0.327473	1
419	569	262	602	263	439	443	0.0673267	0	0.575824	1
420	561	427	565	426	439	440	0.00990099	0	0.938462	1
421	423	195	425	193	439	440	0.0118812	0	0.428571	1
422	540	264	549	261	439	440	0.0356436	0	0.58022	1
423	438	164	442	162	439	440	0.0158416	0	0.36044	1
424	601	259	606	261	439	440	0.0178218	0	0.569231	1
425	554	437	575	415	439	444	1	0	0.96044	1
426	294	443	325	444	439	441	0.0633663	0	0.973626	1
427	794	186	801	181	439	442	0.0633663	0	0.408791	1
428	446	233	451	234	439	440	0.0118812	0	0.512088	1
429	670	66	674	65	439	440	0.00990099	0	0.145055	1
430	465	177	465	174	439	441	0.0178218	0	0.389011	1
431	579	386	586	386	439	440	0.0138614	0	0.848352	1
432	572	418	578	418	439	440	0.0118812	0	0.918681	1
433	426	230	435	236	439	440	0.0891089	0	0.505495	1
434	206	286	226	265	439	445	0.912871	0	0.628571	1
435	811	192	824	174	440	444	0.667327	0	0.421978	1
436	408	199	410	196	440	441	0.0217822	0	0.437363	1
437	493	159	494	158	440	441	0.0039604	0	0.349451	1
438	704	64	709	62	440	441	0.0178218	0	0.140659	1
439	556	221	557	219	440	441	0.00990099	0	0.485714	1
440	539	194	534	191	440	442	0.0277228	0	0.426374	2
441	616	257	622	255	440	441	0.019802	0	0.564835	1
442	569	436	578	425	440	443	0.257426	0	0.958242	1
443	277	156	276	155	440	441	0.0039604	0	0.342857	2
444	555	187	558	186	440	441	0.00792079	0	0.410989	1
445	455	168	454	166	440	441	0.00990099	0	0.369231	2
446	317	168	321	166	440	442	0.0158416	0	0.369231	1
447	453	218	458	217	440	441	0.0118812	0	0.479121	1
448	423	202	420	199	441	442	0.0237624	0	0.443956	2
449	654	58	668	52	441	443	0.0990099	0	0.127473	1
450	747	186	762	165	441	445	0.90297	0	0.408791	1
451	435	147	436	144	441	442	0.019802	0	0.323077	1
452	425	192	424	190	441	442	0.00990099	0	0.421978	2
453	581	423	583	420	441	442	0.0217822	0	0.92967	1
454	322	198	323	195	441	442	0.019802	0	0.435165	1
455	458	233	465	230	441	442	0.0316832	0	0.512088	1
456	332	188	334	185	441	442	0.0217822	0	0.413187	1
457	613	241	618	239	441	442	0.0178218	0	0.52967	1
458	330	164	343	151	441	444	0.360396	0	0.36044	1
459	590	375	597	371	441	442	0.0455446	0	0.824176	1
460	531	207	530	203	441	443	0.0336634	0	0.454945	2
461	115	455	127	439	442	445	0.530693	0	1	1
462	126	454	139	438	442	445	0.532673	0	0.997802	1
463	439	191	438	186	442	443	0.0514851	0	0.41978	2
464	464	216	472	212	442	443	0.0475248	0	0.474725	1
465	546	145	551	140	442	443	0.0594059	0	0.318681	1
466	496	157	500	152	442	443	0.0574257	0	0.345055	1
467	449	192	454	186	442	443	0.0811881	0	0.421978	1
468	444	130	447	126	442	443	0.0376238	0	0.285714	1
469	431	178	435	172	442	443	0.0792079	0	0.391209	1
470	419	178	425	168	442	444	0.209901	0	0.391209	1
471	470	108	471	103	442	443	0.0514851	0	0.237363	1
472	562	187	566	182	442	443	0.0574257	0	0.410989	1
473	422	197	423	190	443	444	0.0990099	0	0.432967	1
474	598	251	610	243	443	444	0.150495	0	0.551648	1
475	669	129	675	117	443	445	0.29703	0	0.283516	1
476	428	187	431	181	443	444	0.0772277	0	0.410989	1
477	325	164	334	154	443	445	0.215842	0	0.36044	1
478	364	439	378	432	443	444	0.124752	0	0.964835	1
479	578	415	586	406	443	444	0.176238	0	0.912088	1
480	582	248	607	238	443	445	0.247525	0	0.545055	1
481	729	44	739	35	443	444	0.180198	0	0.0967033	1
482	654	172	663	159	443	445	0.352475	0	0.378022	1
483	570	146	576	140	443	444	0.0831683	0	0.320879	1
484	379	432	392	424	443	444	0.152475	0	0.949451	1
485	445	171	451	161	443	444	0.209901	0	0.375824	1
486	89	425	97	414	443	445	0.255446	0	0.934066	1
487	499	172	504	165	443	444	0.106931	0	0.378022	1
488	680	178	688	165	443	445	0.350495	0	0.391209	1
489	286	130	291	121	443	445	0.170297	0	0.285714	1
490	274	177	279	168	443	445	0.170297	0	0.389011	1
491	681	57	686	48	443	444	0.170297	0	0.125275	1
492	526	219	534	208	443	445	0.255446	0	0.481319	1
493	481	454	482	452	444	445	0.00990099	0	0.997802	1
494	564	452	565	450	444	445	0.00990099	0	0.993407	1
495	546	455	547	452	444	445	0.019802	0	1	1
496	279	143	280	140	444	445	0.019802	0	0.314286	1
497	571	175	574	170	444	445	0.0554455	0	0.384615	1
498	543	179	543	176	444	445	0.0178218	0	0.393407	1
499	474	99	477	95	444	445	0.0376238	0	0.217582	1
500	452	120	455	115	444	445	0.0554455	0	0.263736	1
501	633	368	638	368	444	445	0.00990099	0	0.808791	1
502	537	154	539	151	444	445	0.0217822	0	0.338462	1
503	25	419	27	416	444	445	0.0217822	0	0.920879	1
504	437	131	438	127	444	445	0.0336634	0	0.287912	1
505	496	114	500	110	444	445	0.039604	0	0.250549	1