
0	577	455	584	443	137	143	0.399471	0	1	1
1	347	238	346	235	137	138	0.026455	0	0.523077	2
2	300	262	300	258	137	139	0.042328	0	0.575824	1
3	373	241	373	239	137	138	0.010582	0	0.52967	1
4	467	182	468	180	137	141	0.0132275	0	0.4	1
5	214	266	213	261	137	141	0.0687831	0	0.584615	2
6	295	227	295	224	138	139	0.0238095	0	0.498901	1
7	321	229	318	228	138	139	0.010582	0	0.503297	2
8	320	211	319	208	139	141	0.026455	0	0.463736	2
9	310	255	315	244	139	142	0.333333	0	0.56044	1
10	498	184	493	178	139	141	0.108466	0	0.404396	2
11	89	87	106	68	139	161	1	0	0.191209	1
12	385	273	390	263	139	145	0.277778	0	0.6	1
13	708	453	699	435	139	147	0.880952	0	0.995604	2
14	53	103	55	89	139	146	0.52381	0	0.226374	1
15	305	219	303	217	139	140	0.015873	0	0.481319	2
16	262	154	261	149	139	143	0.0687831	0	0.338462	2
17	201	229	201	226	139	141	0.0238095	0	0.503297	1
18	677	438	671	427	140	146	0.335979	0	0.962637	2
19	705	428	701	414	140	144	0.529101	0	0.940659	2
20	273	257	273	255	140	141	0.010582	0	0.564835	1
21	289	208	289	205	140	141	0.0238095	0	0.457143	1
22	480	198	479	197	140	141	0.00529101	0	0.435165	2
23	343	219	342	211	140	143	0.171958	0	0.481319	2
24	97	104	97	98	140	143	0.0952381	0	0.228571	1
25	430	40	429	30	141	145	0.267196	0	0.0879121	2
26	292	274	292	271	141	142	0.0238095	0	0.602198	1
27	316	236	317	231	141	142	0.0687831	0	0.518681	1
28	566	455	567	447	141	145	0.171958	0	1	1
29	489	159	483	145	141	145	0.534392	0	0.349451	2
30	483	210	483	207	141	142	0.0238095	0	0.461538	1
31	692	437	691	433	141	143	0.0449735	0	0.96044	2
32	315	219	313	216	141	142	0.0291005	0	0.481319	2
33	170	239	171	232	141	144	0.132275	0	0.525275	1
34	276	215	278	207	141	144	0.174603	0	0.472527	1
35	688	422	685	418	142	143	0.0502646	0	0.927473	2
36	290	202	290	199	142	143	0.0238095	0	0.443956	1
37	361	241	360	238	142	143	0.026455	0	0.52967	2
38	275	252	275	249	142	143	0.0238095	0	0.553846	1
39	320	201	320	194	142	145	0.12963	0	0.441758	1
40	357	224	357	217	142	144	0.12963	0	0.492308	1
41	310	202	310	198	142	143	0.042328	0	0.443956	1
42	678	455	683	445	142	149	0.277778	0	1	1
43	475	228	475	223	142	144	0.0661376	0	0.501099	1
44	345	228	343	223	142	144	0.0714286	0	0.501099	2
45	498	210	496	206	142	143	0.047619	0	0.461538	2
46	228	241	226	232	142	145	0.219577	0	0.52967	2
47	684	400	678	393	143	145	0.145503	0	0.879121	2
48	577	419	581	411	143	146	0.179894	0	0.920879	1
49	579	455	580	451	143	144	0.0449735	0	1	1
50	447	189	447	185	143	144	0.042328	0	0.415385	1
51	480	193	479	190	143	144	0.026455	0	0.424176	2
52	303	227	305	222	143	144	0.0714286	0	0.498901	1
53	497	193	497	190	143	144	0.0238095	0	0.424176	1
54	319	238	321	233	143	144	0.0714286	0	0.523077	1
55	678	418	676	414	144	145	0.047619	0	0.918681	2
56	289	195	287	191	144	145	0.047619	0	0.428571	2
57	586	441	584	436	144	147	0.0714286	0	0.969231	2
58	279	193	281	190	144	145	0.0291005	0	0.424176	1
59	564	428	565	424	144	146	0.0449735	0	0.940659	1
60	294	219	298	213	144	146	0.10582	0	0.481319	1
61	382	251	378	247	144	147	0.0529101	0	0.551648	2
62	97	97	96	92	144	147	0.0687831	0	0.213187	2
63	367	220	363	212	144	148	0.179894	0	0.483516	2
64	689	428	683	424	144	146	0.0582011	0	0.940659	2
65	722	447	694	436	144	149	0.39418	0	0.982418	2
66	583	451	589	449	145	147	0.026455	0	0.991209	1
67	349	307	349	304	145	149	0.0238095	0	0.674725	1
68	356	214	353	210	145	147	0.0502646	0	0.47033	2
69	171	233	171	229	145	147	0.042328	0	0.512088	1
70	297	186	296	183	145	146	0.026455	0	0.408791	2
71	447	182	447	179	145	146	0.0238095	0	0.4	1
72	579	423	580	421	145	146	0.0132275	0	0.92967	1
73	285	201	282	198	145	146	0.031746	0	0.441758	2
74	321	217	322	215	145	146	0.0132275	0	0.476923	1
75	104	136	119	129	145	164	0.169312	0	0.298901	1
76	269	200	271	198	145	146	0.015873	0	0.43956	1
77	428	30	424	30	146	153	0.010582	0	0.0659341	2
78	672	388	668	386	146	147	0.021164	0	0.852747	2
79	693	414	684	408	146	149	0.119048	0	0.90989	2
80	336	206	335	204	146	149	0.0132275	0	0.452747	2
81	312	217	316	213	146	148	0.0529101	0	0.476923	1
82	320	197	319	195	146	147	0.0132275	0	0.432967	2
83	692	444	691	442	146	147	0.0132275	0	0.975824	2
84	296	246	296	244	146	149	0.010582	0	0.540659	1
85	581	410	582	413	147	149	0.026455	0	0.901099	1
86	565	424	567	427	147	149	0.0291005	0	0.931868	1
87	305	257	310	254	147	148	0.037037	0	0.564835	1
88	566	445	561	449	147	152	0.0555556	0	0.978022	2
89	445	179	445	177	147	148	0.010582	0	0.393407	1
90	55	87	55	89	147	151	0.010582	0	0.191209	1
91	583	423	584	424	147	148	0.00529101	0	0.92967	1
92	198	123	241	115	147	175	0.283069	0	0.27033	1
93	324	212	325	211	147	148	0.00529101	0	0.465934	1
94	324	288	326	288	147	149	0.00529101	0	0.632967	1
95	120	93	163	85	147	175	0.283069	0	0.204396	1
96	497	33	497	34	147	151	0.0026455	0	0.0725275	1
97	665	386	661	386	148	149	0.010582	0	0.848352	2
98	209	126	210	127	148	151	0.00529101	0	0.276923	1
99	219	203	218	203	148	149	0.0026455	0	0.446154	2
100	149	67	150	69	148	152	0.0132275	0	0.147253	1
101	481	146	479	145	148	149	0.00793651	0	0.320879	2
102	496	199	493	198	148	149	0.010582	0	0.437363	2
103	172	222	170	221	148	151	0.00793651	0	0.487912	2
104	167	192	164	192	148	152	0.00793651	0	0.421978	2
105	591	451	591	453	148	149	0.010582	0	0.991209	1
106	461	180	459	180	148	149	0.00529101	0	0.395604	2
107	100	89	99	90	148	150	0.00529101	0	0.195604	2
108	454	35	453	37	148	154	0.0132275	0	0.0769231	2
109	456	196	455	195	148	149	0.00529101	0	0.430769	2
110	218	159	217	159	148	149	0.0026455	0	0.349451	2
111	667	397	663	398	148	149	0.0132275	0	0.872527	2
112	200	211	200	212	148	150	0.0026455	0	0.463736	1
113	343	253	348	253	149	151	0.0132275	0	0.556044	1
114	299	260	299	260	149	150	0	0	0.571429	1
115	317	251	322	250	149	150	0.015873	0	0.551648	1
116	683	435	674	435	149	150	0.0238095	0	0.956044	2
117	348	270	352	271	149	151	0.0132275	0	0.593407	1
118	178	180	175	182	149	154	0.0185185	0	0.395604	2
119	671	429	642	424	149	156	0.142857	0	0.942857	2
120	279	192	277	191	149	150	0.00793651	0	0.421978	2
121	298	197	296	197	149	150	0.00529101	0	0.432967	2
122	335	263	342	263	149	152	0.0185185	0	0.578022	1
123	656	387	651	387	150	151	0.0132275	0	0.850549	2
124	681	410	677	411	150	151	0.0132275	0	0.901099	2
125	582	418	572	411	150	156	0.156085	0	0.918681	2
126	454	180	454	181	150	151	0.0026455	0	0.395604	1
127	221	127	223	124	150	155	0.0291005	0	0.279121	1
128	581	400	564	394	150	157	0.140212	0	0.879121	2
129	471	138	459	134	150	155	0.0740741	0	0.303297	2
130	440	189	441	190	150	152	0.00529101	0	0.415385	1
131	444	178	445	179	150	153	0.00529101	0	0.391209	1
132	491	199	480	194	150	154	0.0952381	0	0.437363	2
133	286	201	283	201	150	151	0.00793651	0	0.441758	2
134	370	250	367	250	150	151	0.00793651	0	0.549451	2
135	389	28	388	25	150	156	0.026455	0	0.0615385	2
136	339	205	339	206	150	151	0.0026455	0	0.450549	1
137	569	431	567	435	150	152	0.047619	0	0.947253	2
138	454	225	453	225	150	151	0.0026455	0	0.494505	2
139	211	208	210	207	150	151	0.00529101	0	0.457143	2
140	38	398	80	388	150	175	0.375661	0	0.874725	1
141	237	376	279	367	150	175	0.325397	0	0.826374	1
142	592	454	592	454	150	151	0	0	0.997802	1
143	85	94	95	89	150	162	0.0925926	0	0.206593	1
144	586	444	578	443	150	156	0.0238095	0	0.975824	2
145	480	150	474	151	150	152	0.0185185	0	0.32967	2
146	674	429	671	428	151	152	0.010582	0	0.942857	2
147	331	216	333	215	151	152	0.00793651	0	0.474725	1
148	327	251	330	251	151	152	0.00793651	0	0.551648	1
149	684	438	678	435	151	153	0.0396825	0	0.962637	2
150	282	187	280	187	151	152	0.00529101	0	0.410989	2
151	99	90	100	86	151	156	0.0449735	0	0.197802	1
152	271	229	268	229	151	152	0.00793651	0	0.503297	2
153	647	389	634	386	152	155	0.0582011	0	0.854945	2
154	659	408	655	408	152	153	0.010582	0	0.896703	2
155	280	202	277	202	152	153	0.00793651	0	0.443956	2
156	350	253	353	252	152	153	0.010582	0	0.556044	1
157	210	128	210	127	152	153	0.0026455	0	0.281319	1
158	355	272	362	267	152	155	0.0846561	0	0.597802	1
159	659	437	649	436	152	155	0.0291005	0	0.96044	2
160	355	217	354	217	152	153	0.0026455	0	0.476923	2
161	657	448	647	441	152	158	0.156085	0	0.984615	2
162	561	419	552	414	152	157	0.0899471	0	0.920879	2
163	292	194	291	193	152	153	0.00529101	0	0.426374	2
164	166	227	164	226	152	153	0.00793651	0	0.498901	2
165	563	405	522	397	152	170	0.277778	0	0.89011	2
166	669	414	657	412	153	155	0.042328	0	0.90989	2
167	667	427	653	425	153	155	0.047619	0	0.938462	2
168	561	450	561	451	153	154	0.0026455	0	0.989011	1
169	201	215	200	212	153	155	0.026455	0	0.472527	2
170	229	171	230	169	153	154	0.0132275	0	0.375824	1
171	170	196	170	192	153	156	0.042328	0	0.430769	1
172	278	187	275	186	153	154	0.010582	0	0.410989	2
173	216	255	214	253	153	154	0.015873	0	0.56044	2
174	216	160	218	156	153	155	0.047619	0	0.351648	1
175	267	198	262	195	153	155	0.037037	0	0.435165	2
176	152	70	157	62	153	158	0.18254	0	0.153846	1
177	127	180	125	177	153	155	0.0291005	0	0.395604	2
178	306	201	305	200	153	154	0.00529101	0	0.441758	2
179	143	168	155	158	153	166	0.296296	0	0.369231	1
180	166	186	164	184	153	155	0.015873	0	0.408791	2
181	242	146	239	145	153	154	0.010582	0	0.320879	2
182	354	295	354	294	153	154	0.0026455	0	0.648352	1
183	688	438	658	420	153	157	0.936508	0	0.962637	2
184	118	159	117	158	153	154	0.00529101	0	0.349451	2
185	216	208	215	204	153	156	0.0449735	0	0.457143	2
186	369	246	367	246	153	154	0.00529101	0	0.540659	2
187	424	30	424	24	154	157	0.0952381	0	0.0659341	1
188	292	193	291	191	154	155	0.0132275	0	0.424176	2
189	673	432	657	425	154	156	0.171958	0	0.949451	2
190	354	217	353	215	154	155	0.0132275	0	0.476923	2
191	319	208	325	202	154	156	0.111111	0	0.457143	1
192	561	393	520	385	154	173	0.277778	0	0.863736	2
193	163	225	160	221	154	156	0.0502646	0	0.494505	2
194	343	205	344	203	154	155	0.0132275	0	0.450549	1
195	682	444	676	438	154	155	0.111111	0	0.975824	2
196	211	126	213	121	154	156	0.0714286	0	0.276923	1
197	452	176	452	175	154	155	0.0026455	0	0.386813	1
198	262	231	260	228	154	155	0.0291005	0	0.507692	2
199	478	182	478	180	154	155	0.010582	0	0.4	1
200	562	455	566	454	155	157	0.0132275	0	1	1
201	335	251	336	249	155	156	0.0132275	0	0.551648	1
202	271	184	268	181	155	156	0.031746	0	0.404396	2
203	232	167	234	163	155	156	0.047619	0	0.367033	1
204	212	253	212	251	155	156	0.010582	0	0.556044	1
205	360	249	362	245	155	156	0.047619	0	0.547253	1
206	239	144	237	141	155	156	0.0291005	0	0.316484	2
207	571	436	570	434	155	156	0.0132275	0	0.958242	2
208	175	183	174	178	155	157	0.0687831	0	0.402198	2
209	640	399	637	397	155	156	0.0185185	0	0.876923	2
210	452	36	493	28	155	175	0.277778	0	0.0791209	1
211	217	215	217	212	155	157	0.0238095	0	0.472527	1
212	139	145	146	139	155	162	0.113757	0	0.318681	1
213	468	196	466	193	155	156	0.0291005	0	0.430769	2
214	292	187	291	184	156	157	0.026455	0	0.410989	2
215	636	385	628	384	156	158	0.0238095	0	0.846154	2
216	354	213	354	211	156	157	0.010582	0	0.468132	1
217	289	227	284	225	156	157	0.0238095	0	0.498901	2
218	148	122	149	120	156	160	0.0132275	0	0.268132	1
219	345	30	374	25	156	175	0.142857	0	0.0659341	1
220	274	200	272	198	156	157	0.015873	0	0.43956	2
221	308	198	308	196	156	158	0.010582	0	0.435165	1
222	288	209	285	207	156	157	0.0185185	0	0.459341	2
223	48	81	90	74	156	175	0.240741	0	0.178022	1
224	222	224	221	221	156	157	0.026455	0	0.492308	2
225	457	181	456	179	156	157	0.0132275	0	0.397802	2
226	344	301	344	298	156	157	0.0238095	0	0.661538	1
227	201	213	200	213	157	158	0.0026455	0	0.468132	2
228	265	180	256	181	157	160	0.026455	0	0.395604	2
229	634	397	628	397	157	158	0.015873	0	0.872527	2
230	216	114	224	112	157	162	0.031746	0	0.250549	1
231	213	197	214	201	157	162	0.0449735	0	0.432967	1
232	466	193	465	190	157	158	0.026455	0	0.424176	2
233	456	126	447	122	157	163	0.0661376	0	0.276923	2
234	212	124	215	124	157	160	0.00793651	0	0.272527	1
235	572	425	570	425	157	158	0.00529101	0	0.934066	2
236	556	447	555	446	157	158	0.00529101	0	0.982418	2
237	170	191	170	186	157	163	0.0661376	0	0.41978	1
238	212	251	224	249	157	166	0.042328	0	0.551648	1
239	289	194	286	195	157	159	0.010582	0	0.426374	2
240	237	139	234	138	157	158	0.010582	0	0.305495	2
241	104	82	116	82	157	164	0.031746	0	0.18022	1
242	649	408	618	410	157	165	0.0925926	0	0.896703	2
243	424	24	435	24	158	169	0.0291005	0	0.0527473	1
244	291	182	290	182	158	159	0.0026455	0	0.4	2
245	545	413	533	410	158	164	0.0555556	0	0.907692	2
246	362	285	365	284	158	159	0.010582	0	0.626374	1
247	641	426	639	427	158	159	0.00793651	0	0.936264	2
248	458	176	457	177	158	159	0.00529101	0	0.386813	2
249	387	24	399	24	158	167	0.031746	0	0.0527473	1
250	632	407	612	407	158	163	0.0529101	0	0.894505	2
251	588	452	580	451	158	159	0.0238095	0	0.993407	2
252	372	290	376	290	158	159	0.010582	0	0.637363	1
253	351	212	351	213	158	159	0.0026455	0	0.465934	1
254	319	213	319	215	158	159	0.010582	0	0.468132	1
255	560	396	524	391	158	175	0.161376	0	0.87033	2
256	273	199	270	200	158	159	0.010582	0	0.437363	2
257	221	220	219	219	158	159	0.00793651	0	0.483516	2
258	341	186	426	179	158	172	0.354497	0	0.408791	1
259	158	220	164	220	158	163	0.015873	0	0.483516	1
260	620	385	593	384	159	166	0.0740741	0	0.846154	2
261	452	146	449	146	159	160	0.00793651	0	0.320879	2
262	619	420	608	418	159	162	0.0396825	0	0.923077	2
263	632	390	625	388	159	161	0.0291005	0	0.857143	2
264	194	231	198	230	159	164	0.0132275	0	0.507692	1
265	199	217	208	215	159	167	0.0343915	0	0.476923	1
266	465	189	464	187	159	160	0.0132275	0	0.415385	2
267	129	133	139	131	159	164	0.037037	0	0.292308	1
268	648	443	649	442	159	160	0.00529101	0	0.973626	1
269	308	197	317	196	159	164	0.026455	0	0.432967	1
270	449	222	447	221	159	160	0.00793651	0	0.487912	2
271	209	216	214	216	159	164	0.0132275	0	0.474725	1
272	158	63	169	62	159	164	0.031746	0	0.138462	1
273	375	255	394	248	159	164	0.179894	0	0.56044	1
274	359	216	360	214	160	161	0.0132275	0	0.474725	1
275	639	426	629	424	160	162	0.037037	0	0.936264	2
276	286	227	286	225	160	161	0.010582	0	0.498901	1
277	378	292	380	291	160	161	0.00793651	0	0.641758	1
278	267	200	266	199	160	162	0.00529101	0	0.43956	2
279	291	182	296	179	160	163	0.037037	0	0.4	1
280	626	417	622	416	160	161	0.0132275	0	0.916484	2
281	321	216	327	215	160	162	0.0185185	0	0.474725	1
282	245	159	249	158	160	161	0.0132275	0	0.349451	1
283	361	254	373	250	160	163	0.0740741	0	0.558242	1
284	113	159	115	155	160	163	0.047619	0	0.349451	1
285	543	31	567	28	160	175	0.0873016	0	0.0681319	1
286	571	422	560	423	161	165	0.031746	0	0.927473	2
287	252	181	252	180	161	162	0.0026455	0	0.397802	1
288	647	431	633	427	161	163	0.0793651	0	0.947253	2
289	152	119	158	117	161	164	0.026455	0	0.261538	1
290	462	177	463	175	161	162	0.0132275	0	0.389011	1
291	557	448	558	446	161	162	0.0132275	0	0.984615	1
292	613	396	603	397	161	164	0.0291005	0	0.87033	2
293	451	142	451	141	161	162	0.0026455	0	0.312088	1
294	217	123	224	122	161	164	0.021164	0	0.27033	1
295	159	246	168	244	161	166	0.0343915	0	0.540659	1
296	610	439	614	441	161	165	0.021164	0	0.964835	1
297	359	211	360	211	162	163	0.0026455	0	0.463736	1
298	571	455	567	451	162	164	0.0529101	0	1	2
299	254	158	287	160	162	171	0.0978836	0	0.347253	1
300	285	193	284	193	162	163	0.0026455	0	0.424176	2
301	24	404	56	399	162	175	0.150794	0	0.887912	1
302	525	24	527	24	163	165	0.00529101	0	0.0527473	1
303	375	214	379	213	163	164	0.0132275	0	0.47033	1
304	228	112	230	112	163	164	0.00529101	0	0.246154	1
305	255	181	254	181	163	164	0.0026455	0	0.397802	2
306	559	444	555	443	163	164	0.0132275	0	0.975824	2
307	620	427	611	427	163	164	0.0238095	0	0.938462	2
308	215	202	219	200	163	166	0.021164	0	0.443956	1
309	363	266	370	266	163	165	0.0185185	0	0.584615	1
310	148	127	152	126	163	166	0.0132275	0	0.279121	1
311	266	202	264	202	163	164	0.00529101	0	0.443956	2
312	377	236	379	234	163	164	0.015873	0	0.518681	1
313	643	426	634	425	163	164	0.026455	0	0.936264	2
314	164	171	168	169	163	166	0.021164	0	0.375824	1
315	296	192	297	192	163	164	0.0026455	0	0.421978	1
316	297	179	318	178	164	174	0.0582011	0	0.393407	1
317	395	274	406	269	164	167	0.0952381	0	0.602198	1
318	121	174	123	173	164	165	0.00793651	0	0.382418	1
319	100	92	105	90	164	168	0.0238095	0	0.202198	1
320	236	114	258	110	165	173	0.100529	0	0.250549	1
321	447	121	443	117	165	171	0.0529101	0	0.265934	2
322	161	120	161	120	165	167	0	0	0.263736	1
323	263	201	260	200	165	166	0.010582	0	0.441758	2
324	368	216	369	215	165	166	0.00529101	0	0.474725	1
325	384	251	389	251	165	167	0.0132275	0	0.551648	1
326	398	248	430	247	165	172	0.0873016	0	0.545055	1
327	319	178	327	174	165	170	0.0634921	0	0.391209	1
328	216	218	216	216	165	167	0.010582	0	0.479121	1
329	226	123	240	121	165	171	0.047619	0	0.27033	1
330	150	221	155	218	165	171	0.037037	0	0.485714	1
331	602	426	593	423	165	166	0.047619	0	0.936264	2
332	532	411	529	410	165	166	0.010582	0	0.903297	2
333	122	127	148	123	165	175	0.111111	0	0.279121	1
334	614	430	604	430	165	166	0.026455	0	0.945055	2
335	359	198	366	199	165	168	0.021164	0	0.435165	1
336	117	67	146	63	165	175	0.119048	0	0.147253	1
337	330	212	330	211	165	167	0.0026455	0	0.465934	1
338	321	196	339	191	165	175	0.113757	0	0.430769	1
339	450	136	446	133	165	167	0.0343915	0	0.298901	2
340	432	191	428	193	165	167	0.021164	0	0.41978	2
341	256	181	254	180	166	167	0.00793651	0	0.397802	2
342	526	420	523	418	166	167	0.0185185	0	0.923077	2
343	460	173	459	173	166	167	0.0026455	0	0.38022	2
344	126	173	151	170	166	175	0.0899471	0	0.38022	1
345	626	437	625	433	166	168	0.0449735	0	0.96044	2
346	527	24	530	24	167	169	0.00793651	0	0.0527473	1
347	588	386	561	388	167	175	0.0820106	0	0.848352	2
348	527	434	524	433	167	168	0.010582	0	0.953846	2
349	586	422	577	423	167	170	0.026455	0	0.927473	2
350	370	217	372	218	167	168	0.00793651	0	0.476923	1
351	381	193	385	193	167	168	0.010582	0	0.424176	1
352	221	200	226	200	167	169	0.0132275	0	0.43956	1
353	390	208	395	207	167	168	0.015873	0	0.457143	1
354	615	432	607	426	167	170	0.116402	0	0.949451	2
355	226	250	233	247	167	170	0.042328	0	0.549451	1
356	594	409	586	408	167	169	0.0238095	0	0.898901	2
357	170	168	180	167	167	171	0.0291005	0	0.369231	1
358	258	201	256	201	167	168	0.00529101	0	0.441758	2
359	150	126	151	126	167	168	0.0026455	0	0.276923	1
360	559	447	549	438	167	168	0.240741	0	0.982418	2
361	275	242	277	242	167	168	0.00529101	0	0.531868	1
362	537	445	531	444	168	169	0.0185185	0	0.978022	2
363	161	121	163	120	168	169	0.00793651	0	0.265934	1
364	603	424	596	424	168	170	0.0185185	0	0.931868	2
365	254	181	256	176	168	171	0.0714286	0	0.397802	1
366	600	402	597	403	168	169	0.010582	0	0.883516	2
367	168	213	169	211	168	169	0.0132275	0	0.468132	1
368	434	153	434	151	168	169	0.010582	0	0.336264	1
369	24	399	46	395	168	175	0.100529	0	0.876923	1
370	432	201	433	201	168	169	0.0026455	0	0.441758	1
371	287	205	286	203	168	169	0.0132275	0	0.450549	2
372	175	180	177	179	168	169	0.00793651	0	0.395604	1
373	379	245	383	244	168	169	0.0132275	0	0.538462	1
374	590	443	581	444	168	169	0.026455	0	0.973626	2
375	276	187	276	185	168	169	0.010582	0	0.410989	1
376	250	123	270	119	168	175	0.0952381	0	0.27033	1
377	523	431	521	429	169	170	0.015873	0	0.947253	2
378	375	218	381	219	169	171	0.0185185	0	0.479121	1
379	406	230	411	230	169	170	0.0132275	0	0.505495	1
380	525	413	524	410	169	170	0.026455	0	0.907692	2
381	393	192	406	191	169	171	0.037037	0	0.421978	1
382	280	240	284	239	169	170	0.0132275	0	0.527473	1
383	339	214	341	212	169	170	0.015873	0	0.47033	1
384	403	207	410	206	169	170	0.021164	0	0.454945	1
385	292	193	293	193	169	170	0.0026455	0	0.424176	1
386	621	428	595	424	169	173	0.111111	0	0.940659	2
387	256	201	257	200	169	170	0.00529101	0	0.441758	1
388	109	86	128	83	169	175	0.0740741	0	0.189011	1
389	436	188	439	188	169	170	0.00793651	0	0.413187	1
390	449	150	449	148	169	170	0.010582	0	0.32967	1
391	440	24	446	24	170	172	0.015873	0	0.0527473	1
392	166	119	168	119	170	171	0.00529101	0	0.261538	1
393	534	24	539	24	170	172	0.0132275	0	0.0527473	1
394	231	200	234	201	170	171	0.010582	0	0.43956	1
395	177	124	191	122	170	175	0.047619	0	0.272527	1
396	171	210	175	208	170	173	0.021164	0	0.461538	1
397	393	251	397	250	170	171	0.0132275	0	0.551648	1
398	548	443	535	442	170	173	0.037037	0	0.973626	2
399	163	132	166	132	170	171	0.00793651	0	0.29011	1
400	229	213	231	214	170	171	0.00793651	0	0.468132	1
401	590	398	587	400	170	171	0.0185185	0	0.874725	2
402	248	187	249	185	170	171	0.0132275	0	0.410989	1
403	590	428	583	429	171	172	0.021164	0	0.940659	2
404	601	427	593	427	171	172	0.021164	0	0.938462	2
405	522	411	518	412	171	173	0.0132275	0	0.903297	2
406	525	445	527	450	171	175	0.0714286	0	0.978022	1
407	437	148	438	147	171	172	0.00529101	0	0.325275	1
408	418	233	422	232	171	172	0.0132275	0	0.512088	1
409	615	433	598	435	171	173	0.0555556	0	0.951648	2
410	329	175	335	173	171	173	0.026455	0	0.384615	1
411	172	120	176	117	172	174	0.0343915	0	0.263736	1
412	256	175	254	173	172	174	0.015873	0	0.384615	2
413	411	238	418	236	172	173	0.0291005	0	0.523077	1
414	158	218	159	216	172	175	0.0132275	0	0.479121	1
415	293	159	299	155	172	174	0.0582011	0	0.349451	1
416	445	116	445	113	172	173	0.0238095	0	0.254945	1
417	252	187	253	186	172	173	0.00529101	0	0.410989	1
418	573	426	572	426	172	173	0.0026455	0	0.936264	2
419	448	161	451	159	172	173	0.0185185	0	0.353846	1
420	386	221	388	220	172	173	0.00793651	0	0.485714	1
421	248	237	251	236	172	173	0.010582	0	0.520879	1
422	234	201	240	199	172	174	0.026455	0	0.441758	1
423	191	246	197	244	172	175	0.026455	0	0.540659	1
424	439	280	444	276	172	175	0.0555556	0	0.615385	1
425	521	439	518	440	173	175	0.010582	0	0.964835	2
426	549	444	538	441	173	174	0.0529101	0	0.975824	2
427	542	26	543	25	173	175	0.00529101	0	0.0571429	1
428	582	444	582	443	173	174	0.0026455	0	0.975824	1
429	559	454	549	450	173	174	0.0687831	0	0.997802	2
430	240	243	239	244	173	175	0.00529101	0	0.534066	2
431	449	143	446	142	173	174	0.010582	0	0.314286	2
432	473	190	473	187	173	175	0.0238095	0	0.417582	1
433	260	202	260	202	173	174	0	0	0.443956	1
434	575	416	567	415	173	174	0.0238095	0	0.914286	2
435	420	250	422	248	173	174	0.015873	0	0.549451	1
436	576	403	569	402	173	174	0.021164	0	0.885714	2
437	190	182	190	182	173	175	0	0	0.4	1
438	257	110	257	110	174	175	0	0	0.241758	1
439	180	127	180	127	174	175	0	0	0.279121	1
440	268	188	266	188	174	175	0.00529101	0	0.413187	2
441	438	247	439	246	174	175	0.00529101	0	0.542857	1
442	445	113	443	111	174	175	0.015873	0	0.248352	2
443	194	172	194	171	174	175	0.0026455	0	0.378022	1
444	175	208	174	208	174	175	0.0026455	0	0.457143	2
445	453	212	454	212	174	175	0.0026455	0	0.465934	1
446	334	174	334	173	174	175	0.0026455	0	0.382418	1
447	389	220	388	219	174	175	0.00529101	0	0.483516	2
448	419	196	422	196	174	175	0.00793651	0	0.430769	1
449	253	238	253	238	174	175	0	0	0.523077	1
450	445	128	443	126	174	175	0.015873	0	0.281319	2
451	469	167	469	166	174	175	0.0026455	0	0.367033	1
452	519	31	519	30	174	175	0.0026455	0	0.0681319	1
453	240	215	241	214	174	175	0.00529101	0	0.472527	1