
0	340	258	340	258	27	28	0	0	0.567033	1
1	710	398	728	403	27	46	0.133956	0	0.874725	1
2	220	381	219	380	28	29	0.00623053	0	0.837363	2
3	438	291	434	288	28	29	0.0404984	0	0.63956	2
4	374	242	373	242	28	29	0.00311526	0	0.531868	2
5	405	232	404	231	28	29	0.00623053	0	0.50989	2
6	403	203	401	201	28	29	0.0186916	0	0.446154	2
7	763	92	771	92	28	42	0.0249221	0	0.202198	1
8	428	298	427	297	28	29	0.00623053	0	0.654945	2
9	63	432	89	435	28	38	0.109034	0	0.949451	1
10	594	135	606	136	28	44	0.0404984	0	0.296703	1
11	439	301	435	299	28	29	0.0249221	0	0.661538	2
12	233	373	233	373	29	30	0	0	0.81978	1
13	407	221	407	220	29	30	0.00311526	0	0.485714	1
14	526	97	543	98	29	51	0.0560748	0	0.213187	1
15	339	271	338	271	29	30	0.00311526	0	0.595604	2
16	405	278	403	277	29	30	0.00934579	0	0.610989	2
17	631	149	643	149	30	36	0.0373832	0	0.327473	1
18	373	229	369	227	30	33	0.0249221	0	0.503297	2
19	342	260	341	259	30	31	0.00623053	0	0.571429	2
20	218	379	217	379	30	33	0.00311526	0	0.832967	2
21	593	93	593	93	30	34	0	0	0.204396	1
22	482	135	487	133	30	35	0.0280374	0	0.296703	1
23	351	238	348	237	30	32	0.0124611	0	0.523077	2
24	476	185	473	184	30	31	0.0124611	0	0.406593	2
25	640	86	652	86	30	41	0.0373832	0	0.189011	1
26	675	86	670	85	30	35	0.0186916	0	0.189011	2
27	371	268	370	267	30	32	0.00623053	0	0.589011	2
28	558	145	599	145	30	65	0.127726	0	0.318681	1
29	234	384	239	388	30	37	0.0654206	0	0.843956	1
30	373	245	371	245	30	32	0.00623053	0	0.538462	2
31	354	272	350	270	30	31	0.0249221	0	0.597802	2
32	222	244	219	245	30	34	0.0124611	0	0.536264	2
33	609	125	621	126	30	44	0.0404984	0	0.274725	1
34	396	255	393	254	30	31	0.0124611	0	0.56044	2
35	812	251	825	253	30	40	0.0529595	0	0.551648	1
36	574	265	587	266	30	44	0.0436137	0	0.582418	1
37	248	221	245	221	30	31	0.00934579	0	0.485714	2
38	428	287	422	286	30	31	0.0218069	0	0.630769	2
39	477	169	477	169	30	32	0	0	0.371429	1
40	413	207	413	207	30	32	0	0	0.454945	1
41	459	220	457	218	30	31	0.0186916	0	0.483516	2
42	548	190	588	190	30	65	0.124611	0	0.417582	1
43	566	236	563	237	30	35	0.0124611	0	0.518681	2
44	504	399	543	400	30	65	0.124611	0	0.876923	1
45	616	138	623	138	30	39	0.0218069	0	0.303297	1
46	412	237	409	235	31	32	0.0218069	0	0.520879	2
47	234	374	234	374	31	32	0	0	0.821978	1
48	411	291	411	289	31	32	0.0124611	0	0.63956	1
49	406	217	406	217	31	35	0	0	0.476923	1
50	234	222	231	222	31	32	0.00934579	0	0.487912	2
51	57	455	75	454	32	37	0.05919	0	1	1
52	398	284	393	281	32	33	0.0436137	0	0.624176	2
53	471	184	468	183	32	33	0.0124611	0	0.404396	2
54	338	258	335	256	32	33	0.0218069	0	0.567033	2
55	345	286	344	285	32	33	0.00623053	0	0.628571	2
56	429	297	428	295	32	33	0.0155763	0	0.652747	2
57	391	253	389	251	32	33	0.0186916	0	0.556044	2
58	405	206	405	206	33	34	0	0	0.452747	1
59	232	223	230	223	33	34	0.00623053	0	0.49011	2
60	237	375	238	376	33	34	0.00623053	0	0.824176	1
61	371	267	370	266	33	34	0.00623053	0	0.586813	2
62	370	246	369	246	33	34	0.00311526	0	0.540659	2
63	292	188	301	188	33	39	0.0280374	0	0.413187	1
64	245	220	243	221	33	34	0.00934579	0	0.483516	2
65	285	226	288	226	33	36	0.00934579	0	0.496703	1
66	379	225	377	225	33	34	0.00623053	0	0.494505	2
67	367	226	366	227	34	36	0.00623053	0	0.496703	2
68	148	407	154	410	34	40	0.046729	0	0.894505	1
69	466	183	464	183	34	35	0.00623053	0	0.402198	2
70	411	254	409	253	34	35	0.00934579	0	0.558242	2
71	407	227	407	226	34	35	0.00311526	0	0.498901	1
72	436	364	435	364	34	35	0.00311526	0	0.8	2
73	245	345	246	344	34	35	0.00623053	0	0.758242	1
74	395	207	395	206	34	36	0.00311526	0	0.454945	1
75	345	286	342	285	34	39	0.0124611	0	0.628571	2
76	389	281	389	282	35	36	0.00311526	0	0.617582	1
77	234	223	233	222	35	36	0.00623053	0	0.49011	2
78	406	207	406	206	35	36	0.00311526	0	0.454945	1
79	595	94	597	94	35	37	0.00623053	0	0.206593	1
80	370	267	369	266	35	36	0.00623053	0	0.586813	2
81	386	221	386	221	35	36	0	0	0.485714	1
82	332	256	331	255	35	36	0.00623053	0	0.562637	2
83	239	370	240	370	35	36	0.00311526	0	0.813187	1
84	179	374	180	374	35	36	0.00311526	0	0.821978	1
85	221	246	225	246	35	39	0.0124611	0	0.540659	1
86	442	374	441	374	35	36	0.00311526	0	0.821978	2
87	632	88	644	89	35	44	0.0404984	0	0.193407	1
88	440	384	442	384	35	38	0.00623053	0	0.843956	1
89	660	187	677	188	35	42	0.0560748	0	0.410989	1
90	407	227	407	227	36	37	0	0	0.498901	1
91	490	133	505	133	36	42	0.046729	0	0.292308	1
92	463	184	461	184	36	37	0.00623053	0	0.404396	2
93	652	174	660	174	36	39	0.0249221	0	0.382418	1
94	347	236	352	239	36	40	0.0436137	0	0.518681	1
95	487	153	491	151	36	38	0.0249221	0	0.336264	1
96	480	170	486	169	36	39	0.0218069	0	0.373626	1
97	626	219	626	219	36	38	0	0	0.481319	1
98	417	287	409	284	36	37	0.0529595	0	0.630769	2
99	646	149	660	149	37	41	0.0436137	0	0.327473	1
100	233	220	236	215	37	41	0.0872274	0	0.483516	1
101	366	227	366	227	37	38	0	0	0.498901	1
102	449	217	445	218	37	40	0.0155763	0	0.476923	2
103	238	245	237	244	37	39	0.00623053	0	0.538462	2
104	330	256	331	255	37	39	0.00623053	0	0.562637	1
105	358	242	359	242	37	38	0.00311526	0	0.531868	1
106	394	289	387	287	37	38	0.0342679	0	0.635165	2
107	325	285	329	285	37	39	0.0124611	0	0.626374	1
108	726	91	737	92	37	44	0.0373832	0	0.2	1
109	572	92	611	91	37	65	0.124611	0	0.202198	1
110	750	158	788	158	37	65	0.11838	0	0.347253	1
111	326	179	348	178	37	55	0.0716511	0	0.393407	1
112	708	381	719	383	38	43	0.046729	0	0.837363	1
113	600	95	635	94	38	65	0.11215	0	0.208791	1
114	186	367	207	367	38	43	0.0654206	0	0.806593	1
115	234	198	237	194	38	41	0.05919	0	0.435165	1
116	181	413	188	414	38	44	0.0249221	0	0.907692	1
117	786	94	823	93	38	65	0.11838	0	0.206593	1
118	349	257	353	255	38	40	0.0249221	0	0.564835	1
119	167	386	180	387	38	41	0.0436137	0	0.848352	1
120	484	141	496	141	38	42	0.0373832	0	0.30989	1
121	369	228	371	227	39	40	0.00934579	0	0.501099	1
122	386	212	387	213	39	40	0.00623053	0	0.465934	1
123	411	296	414	294	39	41	0.0218069	0	0.650549	1
124	93	436	105	437	39	48	0.0404984	0	0.958242	1
125	252	385	256	385	39	40	0.0124611	0	0.846154	1
126	388	270	384	267	39	41	0.0404984	0	0.593407	2
127	250	357	257	358	39	41	0.0249221	0	0.784615	1
128	551	235	552	235	39	40	0.00311526	0	0.516484	1
129	362	249	364	248	39	40	0.00934579	0	0.547253	1
130	627	221	626	222	39	44	0.00623053	0	0.485714	2
131	405	248	403	247	39	40	0.00934579	0	0.545055	2
132	399	205	401	204	39	40	0.00934579	0	0.450549	1
133	255	346	261	345	39	41	0.0218069	0	0.76044	1
134	394	258	392	258	40	41	0.00623053	0	0.567033	2
135	247	397	249	397	40	41	0.00623053	0	0.872527	1
136	410	266	407	265	40	41	0.0124611	0	0.584615	2
137	664	173	667	172	40	41	0.0124611	0	0.38022	1
138	624	140	627	141	40	43	0.0124611	0	0.307692	1
139	246	386	248	386	40	41	0.00623053	0	0.848352	1
140	332	253	333	252	40	41	0.00623053	0	0.556044	1
141	237	244	235	243	40	41	0.00934579	0	0.536264	2
142	430	341	432	344	40	44	0.0342679	0	0.749451	1
143	535	123	553	123	40	59	0.0560748	0	0.27033	1
144	415	198	416	197	40	41	0.00623053	0	0.435165	1
145	397	285	395	284	41	42	0.00934579	0	0.626374	2
146	403	203	404	203	41	42	0.00311526	0	0.446154	1
147	388	216	388	218	41	42	0.0124611	0	0.474725	1
148	437	369	437	369	41	42	0	0	0.810989	1
149	545	240	545	240	41	42	0	0	0.527473	1
150	402	249	394	250	41	44	0.0280374	0	0.547253	2
151	449	218	446	219	41	42	0.0124611	0	0.479121	2
152	373	280	369	279	41	42	0.0155763	0	0.615385	2
153	663	150	666	151	42	44	0.0124611	0	0.32967	1
154	250	397	252	395	42	44	0.0186916	0	0.872527	1
155	237	214	235	212	42	44	0.0186916	0	0.47033	2
156	263	384	265	383	42	43	0.00934579	0	0.843956	1
157	237	195	230	198	42	51	0.0498442	0	0.428571	2
158	269	399	283	409	42	50	0.35514	0	0.876923	1
159	655	88	655	88	42	44	0	0	0.193407	1
160	669	175	670	174	42	43	0.00623053	0	0.384615	1
161	160	415	166	413	42	43	0.0311526	0	0.912088	1
162	497	155	497	154	42	44	0.00311526	0	0.340659	1
163	266	352	298	369	42	55	1	0	0.773626	1
164	338	277	336	279	42	43	0.0186916	0	0.608791	2
165	385	276	381	276	42	43	0.0124611	0	0.606593	2
166	190	379	194	379	42	43	0.0124611	0	0.832967	1
167	824	262	826	263	42	44	0.00934579	0	0.575824	1
168	248	362	249	360	42	43	0.0155763	0	0.795604	1
169	603	118	612	115	42	55	0.0560748	0	0.259341	1
170	782	91	811	90	42	65	0.0934579	0	0.2	1
171	453	380	459	383	42	49	0.046729	0	0.835165	1
172	760	90	786	89	42	65	0.0841121	0	0.197802	1
173	721	365	723	365	42	43	0.00623053	0	0.802198	1
174	390	286	383	287	43	44	0.0249221	0	0.628571	2
175	367	280	364	282	43	44	0.0218069	0	0.615385	2
176	198	402	198	402	43	44	0	0	0.883516	1
177	508	136	509	137	43	44	0.00623053	0	0.298901	1
178	436	371	435	372	43	44	0.00623053	0	0.815385	2
179	651	270	654	271	43	52	0.0124611	0	0.593407	1
180	772	93	784	93	43	59	0.0373832	0	0.204396	1
181	259	368	261	369	43	44	0.00934579	0	0.808791	1
182	401	236	399	236	43	44	0.00623053	0	0.518681	2
183	404	222	403	222	43	44	0.00311526	0	0.487912	2
184	408	288	402	285	43	44	0.046729	0	0.632967	2
185	437	217	424	216	43	48	0.0436137	0	0.476923	2
186	343	249	342	251	43	44	0.0155763	0	0.547253	2
187	557	264	557	264	43	44	0	0	0.58022	1
188	330	255	328	257	43	44	0.0186916	0	0.56044	2
189	432	257	431	257	43	44	0.00311526	0	0.564835	2
190	269	385	272	386	44	45	0.0124611	0	0.846154	1
191	272	395	277	399	44	47	0.0654206	0	0.868132	1
192	211	366	219	364	44	46	0.0373832	0	0.804396	1
193	633	140	646	139	44	57	0.0436137	0	0.307692	1
194	625	94	653	93	44	65	0.0903427	0	0.206593	1
195	199	379	204	378	44	45	0.0186916	0	0.832967	1
196	560	223	559	223	44	46	0.00311526	0	0.49011	2
197	670	152	701	150	45	55	0.109034	0	0.334066	1
198	716	394	718	393	45	46	0.00934579	0	0.865934	1
199	723	381	766	381	45	55	0.133956	0	0.837363	1
200	510	137	510	138	45	51	0.00311526	0	0.301099	1
201	404	220	403	219	45	46	0.00623053	0	0.483516	2
202	399	237	398	237	45	46	0.00311526	0	0.520879	2
203	449	360	447	360	45	47	0.00623053	0	0.791209	2
204	436	373	436	374	45	47	0.00311526	0	0.81978	1
205	237	213	238	210	45	48	0.0311526	0	0.468132	1
206	738	92	751	92	45	58	0.0404984	0	0.202198	1
207	396	284	387	283	45	46	0.0311526	0	0.624176	2
208	621	143	635	143	45	59	0.0436137	0	0.314286	1
209	200	402	201	401	45	46	0.00623053	0	0.883516	1
210	366	270	363	270	45	46	0.00934579	0	0.593407	2
211	190	414	190	413	45	46	0.00311526	0	0.90989	1
212	328	280	326	280	45	46	0.00623053	0	0.615385	2
213	729	366	731	366	45	46	0.00623053	0	0.804396	1
214	392	251	384	248	45	48	0.0529595	0	0.551648	2
215	231	234	229	234	45	46	0.00623053	0	0.514286	2
216	623	201	619	200	45	48	0.0155763	0	0.441758	2
217	646	89	655	88	45	58	0.0311526	0	0.195604	1
218	657	88	658	88	45	49	0.00311526	0	0.193407	1
219	362	283	360	283	45	46	0.00623053	0	0.621978	2
220	436	352	436	352	45	48	0	0	0.773626	1
221	818	278	819	276	45	47	0.0155763	0	0.610989	1
222	673	174	677	171	45	48	0.0404984	0	0.382418	1
223	367	389	393	388	45	65	0.0841121	0	0.854945	1
224	415	178	409	177	45	49	0.0218069	0	0.391209	2
225	549	220	547	220	45	49	0.00623053	0	0.483516	2
226	320	290	320	292	46	51	0.0124611	0	0.637363	1
227	743	133	756	131	46	57	0.0529595	0	0.292308	1
228	275	387	277	389	46	47	0.0186916	0	0.850549	1
229	217	381	219	378	46	47	0.0342679	0	0.837363	1
230	557	264	556	264	46	47	0.00311526	0	0.58022	2
231	404	254	404	253	46	47	0.00311526	0	0.558242	1
232	423	192	420	192	47	48	0.00934579	0	0.421978	2
233	396	239	395	240	47	48	0.00623053	0	0.525275	2
234	732	364	737	364	47	49	0.0155763	0	0.8	1
235	631	218	628	218	47	49	0.00934579	0	0.479121	2
236	103	454	106	452	47	51	0.0218069	0	0.997802	1
237	399	207	398	205	47	48	0.0155763	0	0.454945	2
238	228	236	226	236	47	48	0.00623053	0	0.518681	2
239	229	248	229	248	47	49	0	0	0.545055	1
240	807	98	826	99	48	60	0.0623053	0	0.215385	1
241	187	414	190	411	48	49	0.0373832	0	0.90989	1
242	360	285	358	285	48	49	0.00623053	0	0.626374	2
243	816	280	825	280	48	54	0.0280374	0	0.615385	1
244	382	266	378	265	48	49	0.0155763	0	0.584615	2
245	329	286	328	286	48	49	0.00311526	0	0.628571	2
246	405	254	404	255	48	50	0.00623053	0	0.558242	2
247	264	373	263	373	48	49	0.00311526	0	0.81978	2
248	553	254	551	255	48	50	0.00934579	0	0.558242	2
249	590	266	615	266	48	65	0.0778816	0	0.584615	1
250	739	393	745	392	49	50	0.0218069	0	0.863736	1
251	213	402	219	402	49	50	0.0186916	0	0.883516	1
252	275	396	276	394	49	50	0.0155763	0	0.87033	1
253	238	211	237	210	49	50	0.00623053	0	0.463736	2
254	414	219	405	220	49	52	0.0311526	0	0.481319	2
255	231	404	239	405	49	51	0.0280374	0	0.887912	1
256	104	429	112	426	49	65	0.0529595	0	0.942857	1
257	253	376	253	374	49	50	0.0124611	0	0.826374	1
258	728	404	754	405	49	54	0.0841121	0	0.887912	1
259	683	211	683	212	49	51	0.00311526	0	0.463736	1
260	438	355	436	357	49	50	0.0186916	0	0.78022	2
261	324	173	329	173	49	53	0.0155763	0	0.38022	1
262	560	235	559	235	49	50	0.00311526	0	0.516484	2
263	296	177	321	175	49	65	0.0903427	0	0.389011	1
264	228	375	230	375	50	51	0.00623053	0	0.824176	1
265	354	285	348	285	50	51	0.0186916	0	0.626374	2
266	329	287	328	287	50	51	0.00311526	0	0.630769	2
267	441	377	442	378	50	51	0.00623053	0	0.828571	1
268	553	271	562	270	50	54	0.0311526	0	0.595604	1
269	215	247	212	248	50	52	0.0124611	0	0.542857	2
270	622	222	620	221	50	53	0.00934579	0	0.487912	2
271	94	439	104	437	50	65	0.0436137	0	0.964835	1
272	420	194	416	193	50	52	0.0155763	0	0.426374	2
273	413	183	410	183	50	51	0.00934579	0	0.402198	2
274	104	441	116	436	50	65	0.115265	0	0.969231	1
275	451	382	452	382	50	51	0.00311526	0	0.83956	1
276	604	136	616	135	50	59	0.0404984	0	0.298901	1
277	745	366	748	365	50	51	0.0124611	0	0.804396	1
278	229	243	228	243	50	51	0.00311526	0	0.534066	2
279	671	87	701	85	50	65	0.105919	0	0.191209	1
280	750	395	755	398	51	52	0.0436137	0	0.868132	1
281	738	401	743	401	51	52	0.0155763	0	0.881319	1
282	280	394	282	396	51	52	0.0186916	0	0.865934	1
283	208	412	218	411	51	52	0.0342679	0	0.905495	1
284	371	269	371	269	51	52	0	0	0.591209	1
285	218	391	222	388	51	52	0.0404984	0	0.859341	1
286	365	234	362	233	51	53	0.0124611	0	0.514286	2
287	368	290	363	287	51	52	0.0436137	0	0.637363	2
288	237	211	237	211	51	52	0	0	0.463736	1
289	620	232	620	232	51	53	0	0	0.50989	1
290	510	138	512	132	52	57	0.11838	0	0.303297	1
291	401	199	400	198	52	53	0.00623053	0	0.437363	2
292	287	420	291	423	52	53	0.0404984	0	0.923077	1
293	285	409	298	415	52	55	0.152648	0	0.898901	1
294	230	199	235	198	52	55	0.0186916	0	0.437363	1
295	545	98	555	97	52	59	0.0342679	0	0.215385	1
296	751	344	784	345	52	59	0.105919	0	0.756044	1
297	454	385	461	383	52	55	0.0342679	0	0.846154	1
298	108	452	115	449	52	55	0.0498442	0	0.993407	1
299	346	255	346	256	52	53	0.00311526	0	0.56044	1
300	692	187	700	186	52	54	0.0280374	0	0.410989	1
301	548	230	550	230	52	53	0.00623053	0	0.505495	1
302	285	402	288	404	53	54	0.0218069	0	0.883516	1
303	249	397	264	391	53	55	0.158879	0	0.872527	1
304	368	268	371	267	53	54	0.0124611	0	0.589011	1
305	658	271	678	270	53	65	0.0654206	0	0.595604	1
306	406	222	406	221	53	54	0.00311526	0	0.487912	1
307	417	192	418	190	53	54	0.0155763	0	0.421978	1
308	253	366	316	365	53	65	0.199377	0	0.804396	1
309	215	248	217	247	53	57	0.00934579	0	0.545055	1
310	302	387	306	385	53	54	0.0249221	0	0.850549	1
311	407	236	409	235	53	54	0.00934579	0	0.518681	1
312	358	273	361	273	53	54	0.00934579	0	0.6	1
313	758	366	777	365	53	57	0.0623053	0	0.804396	1
314	765	400	778	399	54	56	0.0436137	0	0.879121	1
315	443	372	441	373	54	56	0.00934579	0	0.817582	2
316	554	230	556	230	54	58	0.00623053	0	0.505495	1
317	414	204	413	202	54	55	0.0155763	0	0.448352	2
318	623	222	622	222	54	55	0.00311526	0	0.487912	2
319	326	189	330	186	54	55	0.0404984	0	0.415385	1
320	585	136	602	134	54	65	0.0654206	0	0.298901	1
321	297	425	296	424	55	57	0.00623053	0	0.934066	2
322	827	280	826	280	55	58	0.00311526	0	0.615385	2
323	363	231	360	229	55	56	0.0218069	0	0.507692	2
324	337	265	327	262	55	57	0.05919	0	0.582418	2
325	566	270	565	269	55	57	0.00623053	0	0.593407	2
326	526	141	524	140	55	57	0.00934579	0	0.30989	2
327	703	150	709	152	56	59	0.0311526	0	0.32967	1
328	413	188	412	186	56	57	0.0155763	0	0.413187	2
329	271	380	271	378	56	57	0.0124611	0	0.835165	1
330	268	392	275	393	56	58	0.0249221	0	0.861538	1
331	437	360	433	365	56	59	0.0903427	0	0.791209	2
332	235	200	231	201	56	58	0.0155763	0	0.43956	2
333	300	371	309	376	56	59	0.105919	0	0.815385	1
334	699	169	699	169	56	57	0	0	0.371429	1
335	633	267	635	268	56	59	0.00934579	0	0.586813	1
336	363	281	364	282	56	57	0.00623053	0	0.617582	1
337	237	248	239	248	56	59	0.00623053	0	0.545055	1
338	278	412	287	413	56	60	0.0311526	0	0.905495	1
339	775	384	785	386	57	59	0.0436137	0	0.843956	1
340	436	385	434	386	57	58	0.00934579	0	0.846154	2
341	327	284	324	285	57	58	0.0124611	0	0.624176	2
342	670	84	670	85	57	59	0.00311526	0	0.184615	1
343	672	152	687	152	57	65	0.046729	0	0.334066	1
344	402	179	399	179	57	58	0.00934579	0	0.393407	2
345	286	382	292	385	57	59	0.046729	0	0.83956	1
346	110	450	119	450	57	65	0.0280374	0	0.989011	1
347	434	213	434	215	58	59	0.0124611	0	0.468132	1
348	642	140	657	139	58	65	0.0498442	0	0.307692	1
349	296	425	298	425	58	59	0.00623053	0	0.934066	1
350	366	285	370	287	58	59	0.0249221	0	0.626374	1
351	300	410	303	410	58	59	0.00934579	0	0.901099	1
352	512	133	518	131	58	60	0.0311526	0	0.292308	1
353	773	411	781	411	58	60	0.0249221	0	0.903297	1
354	699	175	702	176	58	59	0.0124611	0	0.384615	1
355	707	165	710	166	58	59	0.0124611	0	0.362637	1
356	404	192	405	192	58	59	0.00311526	0	0.421978	1
357	565	272	567	273	58	59	0.00934579	0	0.597802	1
358	219	248	234	246	58	65	0.05919	0	0.545055	1
359	393	220	391	220	58	59	0.00623053	0	0.483516	2
360	757	132	773	131	58	65	0.0529595	0	0.29011	1
361	264	377	271	377	58	59	0.0218069	0	0.828571	1
362	560	258	563	260	58	59	0.0218069	0	0.567033	1
363	323	266	320	261	58	63	0.0872274	0	0.584615	2
364	450	383	448	385	58	59	0.0186916	0	0.841758	2
365	560	235	566	234	59	60	0.0218069	0	0.516484	1
366	404	234	410	237	59	60	0.046729	0	0.514286	1
367	600	203	604	204	59	60	0.0155763	0	0.446154	1
368	754	93	766	91	59	65	0.0498442	0	0.204396	1
369	658	90	671	89	59	65	0.0436137	0	0.197802	1
370	717	154	726	150	60	65	0.0778816	0	0.338462	1
371	806	398	816	398	60	61	0.0311526	0	0.874725	1
372	710	176	721	171	60	64	0.11215	0	0.386813	1
373	313	436	319	447	60	65	0.395639	0	0.958242	1
374	438	367	440	365	60	61	0.0186916	0	0.806593	1
375	582	145	589	143	60	65	0.0342679	0	0.318681	1
376	234	205	237	198	60	62	0.161994	0	0.450549	1
377	794	386	812	384	60	63	0.0685358	0	0.848352	1
378	380	296	384	293	60	61	0.0404984	0	0.650549	1
379	310	411	316	411	60	61	0.0186916	0	0.903297	1
380	551	124	558	122	60	65	0.0342679	0	0.272527	1
381	793	405	803	402	60	61	0.05919	0	0.89011	1
382	415	224	419	220	60	61	0.0623053	0	0.492308	1
383	531	143	537	137	60	63	0.130841	0	0.314286	1
384	577	264	585	260	60	64	0.0747664	0	0.58022	1
385	384	277	389	269	60	63	0.214953	0	0.608791	1
386	450	388	450	386	60	61	0.0124611	0	0.852747	1
387	640	269	645	269	60	65	0.0155763	0	0.591209	1
388	614	222	610	216	60	64	0.124611	0	0.487912	2
389	365	218	368	214	60	61	0.05919	0	0.479121	1
390	420	193	425	190	60	61	0.0436137	0	0.424176	1
391	640	144	647	142	60	65	0.0342679	0	0.316484	1
392	561	98	568	96	60	65	0.0342679	0	0.215385	1
393	290	396	298	392	60	61	0.0747664	0	0.87033	1
394	395	221	396	218	60	61	0.0311526	0	0.485714	1
395	403	177	405	170	60	64	0.158879	0	0.389011	1
396	453	358	452	361	60	64	0.0311526	0	0.786813	2
397	313	279	306	280	60	65	0.0249221	0	0.613187	2
398	507	140	511	139	60	65	0.0155763	0	0.307692	1
399	399	239	404	241	60	61	0.0280374	0	0.525275	1
400	397	201	400	197	60	62	0.05919	0	0.441758	1
401	791	94	799	92	60	65	0.0373832	0	0.206593	1
402	311	384	325	396	60	65	0.492212	0	0.843956	1
403	317	255	317	248	60	62	0.152648	0	0.56044	1
404	396	382	402	382	60	65	0.0186916	0	0.83956	1
405	316	427	318	427	61	62	0.00623053	0	0.938462	1
406	379	269	380	266	61	62	0.0311526	0	0.591209	1
407	523	127	521	127	61	65	0.00623053	0	0.279121	2
408	417	239	420	240	61	62	0.0124611	0	0.525275	1
409	415	183	417	180	61	62	0.0342679	0	0.402198	1
410	608	202	609	200	61	62	0.0155763	0	0.443956	1
411	572	231	575	232	61	64	0.0124611	0	0.507692	1
412	465	392	467	389	61	62	0.0342679	0	0.861538	1
413	412	201	414	199	61	64	0.0186916	0	0.441758	1
414	553	137	555	138	61	65	0.00934579	0	0.301099	1
415	475	386	476	389	61	65	0.0311526	0	0.848352	1
416	578	271	579	273	61	65	0.0155763	0	0.595604	1
417	321	415	322	419	62	63	0.0529595	0	0.912088	1
418	447	211	447	210	62	63	0.00311526	0	0.463736	1
419	428	189	428	188	62	63	0.00311526	0	0.415385	1
420	441	363	439	364	62	63	0.00934579	0	0.797802	2
421	366	275	366	275	62	63	0	0	0.604396	1
422	422	218	419	225	62	65	0.161994	0	0.479121	2
423	318	430	317	433	63	64	0.0311526	0	0.945055	2
424	421	244	420	251	63	64	0.155763	0	0.536264	2
425	329	372	327	378	63	65	0.11838	0	0.817582	2
426	418	180	416	182	63	64	0.0186916	0	0.395604	2
427	235	198	231	203	63	65	0.0903427	0	0.435165	2
428	812	347	816	353	63	65	0.124611	0	0.762637	1
429	330	281	322	283	63	64	0.0373832	0	0.617582	2
430	818	412	817	413	63	64	0.00623053	0	0.905495	2
431	301	370	304	373	63	64	0.0373832	0	0.813187	1
432	251	238	247	244	63	65	0.124611	0	0.523077	2
433	366	293	365	300	63	65	0.155763	0	0.643956	2
434	391	254	390	258	64	65	0.0529595	0	0.558242	2
435	818	389	817	389	64	65	0.00311526	0	0.854945	2
436	364	278	362	282	64	65	0.0560748	0	0.610989	2
437	431	187	430	190	64	65	0.0311526	0	0.410989	2
438	535	136	532	139	64	65	0.0373832	0	0.298901	2
439	386	219	380	222	64	65	0.046729	0	0.481319	2
440	412	234	411	238	64	65	0.0529595	0	0.514286	2
441	583	244	582	246	64	65	0.0155763	0	0.536264	2