
0	370	244	370	243	237	238	0.00625	0	0.536264	1
1	409	193	408	192	237	238	0.0125	0	0.424176	2
2	322	371	265	373	237	247	0.38125	0	0.815385	2
3	483	189	484	186	237	239	0.0625	0	0.415385	1
4	306	435	306	433	237	239	0.025	0	0.956044	1
5	338	340	336	339	238	240	0.01875	0	0.747253	2
6	340	248	339	247	238	239	0.0125	0	0.545055	2
7	477	212	477	210	238	239	0.025	0	0.465934	1
8	333	328	331	328	238	239	0.0125	0	0.720879	2
9	352	436	354	439	238	239	0.06875	0	0.958242	1
10	434	240	433	239	238	239	0.0125	0	0.527473	2
11	342	433	345	435	238	239	0.04375	0	0.951648	1
12	411	272	410	271	238	239	0.0125	0	0.597802	2
13	322	321	320	322	238	239	0.01875	0	0.705495	2
14	320	416	320	415	238	239	0.00625	0	0.914286	1
15	684	455	671	452	239	246	0.1375	0	1	2
16	393	266	395	264	239	241	0.0375	0	0.584615	1
17	353	242	353	240	239	240	0.025	0	0.531868	1
18	407	193	406	192	239	240	0.0125	0	0.424176	2
19	307	410	305	411	239	240	0.01875	0	0.901099	2
20	343	330	340	328	239	240	0.04375	0	0.725275	2
21	303	389	301	388	239	240	0.01875	0	0.854945	2
22	455	187	455	182	239	243	0.15625	0	0.410989	1
23	335	412	334	412	239	241	0.00625	0	0.905495	2
24	322	323	321	322	240	241	0.0125	0	0.70989	2
25	314	401	312	402	240	241	0.01875	0	0.881319	2
26	489	206	489	204	240	241	0.025	0	0.452747	1
27	338	247	338	246	240	241	0.00625	0	0.542857	1
28	479	209	480	207	240	241	0.03125	0	0.459341	1
29	347	435	345	433	240	242	0.0375	0	0.956044	2
30	320	416	319	416	240	241	0.00625	0	0.914286	2
31	302	398	298	397	240	241	0.03125	0	0.874725	2
32	318	254	317	252	240	241	0.03125	0	0.558242	2
33	455	207	453	203	240	243	0.1125	0	0.454945	2
34	570	275	569	274	240	241	0.0125	0	0.604396	2
35	283	225	284	226	240	242	0.0125	0	0.494505	1
36	350	229	349	229	240	241	0.00625	0	0.503297	2
37	363	248	362	247	240	242	0.0125	0	0.545055	2
38	357	441	355	439	240	242	0.0375	0	0.969231	2
39	405	176	407	173	240	243	0.06875	0	0.386813	1
40	344	188	344	190	240	241	0.025	0	0.413187	1
41	279	259	281	258	240	241	0.01875	0	0.569231	1
42	652	31	650	31	240	241	0.0125	0	0.0681319	2
43	327	313	323	310	240	241	0.08125	0	0.687912	2
44	320	433	321	434	240	243	0.0125	0	0.951648	1
45	332	428	325	425	240	243	0.1	0	0.940659	2
46	393	288	374	279	240	247	0.625	0	0.632967	2
47	574	260	570	258	240	242	0.05	0	0.571429	2
48	403	286	404	279	240	244	0.3125	0	0.628571	1
49	389	223	389	220	240	241	0.05625	0	0.49011	1
50	293	246	296	247	241	243	0.025	0	0.540659	1
51	336	207	335	207	241	242	0.00625	0	0.454945	2
52	390	189	389	187	241	242	0.03125	0	0.415385	2
53	578	249	576	249	241	242	0.0125	0	0.547253	2
54	290	408	289	408	241	242	0.00625	0	0.896703	2
55	435	262	435	261	241	242	0.00625	0	0.575824	1
56	588	241	587	240	241	243	0.0125	0	0.52967	2
57	397	263	395	261	242	243	0.0375	0	0.578022	2
58	482	205	483	201	242	244	0.10625	0	0.450549	1
59	304	416	301	416	242	243	0.01875	0	0.914286	2
60	342	422	339	422	242	244	0.01875	0	0.927473	2
61	557	253	555	251	242	243	0.0375	0	0.556044	2
62	492	204	493	199	242	245	0.1625	0	0.448352	1
63	349	241	352	240	242	243	0.025	0	0.52967	1
64	569	274	567	273	242	243	0.01875	0	0.602198	2
65	327	398	324	399	242	243	0.025	0	0.874725	2
66	346	231	345	230	242	243	0.0125	0	0.507692	2
67	387	197	382	194	242	246	0.0875	0	0.432967	2
68	486	182	485	180	242	244	0.03125	0	0.4	2
69	581	272	568	271	242	246	0.0875	0	0.597802	2
70	285	260	284	264	242	245	0.10625	0	0.571429	2
71	390	217	389	215	242	243	0.03125	0	0.476923	2
72	312	436	306	435	242	245	0.04375	0	0.958242	2
73	400	200	400	199	243	244	0.00625	0	0.43956	1
74	295	277	294	276	243	244	0.0125	0	0.608791	2
75	652	36	649	37	243	244	0.025	0	0.0791209	2
76	575	256	572	255	243	244	0.025	0	0.562637	2
77	212	207	210	207	243	244	0.0125	0	0.454945	2
78	399	217	397	216	243	244	0.01875	0	0.476923	2
79	407	189	406	188	243	244	0.0125	0	0.415385	2
80	165	380	162	380	243	245	0.01875	0	0.835165	2
81	659	71	657	70	243	244	0.01875	0	0.156044	2
82	409	215	408	214	243	244	0.0125	0	0.472527	2
83	766	455	640	454	243	275	0.79375	0	1	2
84	145	403	133	403	244	246	0.075	0	0.885714	2
85	357	242	361	242	244	245	0.025	0	0.531868	1
86	393	259	368	257	244	247	0.18125	0	0.569231	2
87	553	278	546	276	244	245	0.06875	0	0.610989	2
88	406	172	387	174	244	247	0.14375	0	0.378022	2
89	427	246	419	244	244	246	0.075	0	0.540659	2
90	145	367	141	366	244	245	0.03125	0	0.806593	2
91	429	213	419	211	244	246	0.0875	0	0.468132	2
92	332	190	307	187	244	247	0.2125	0	0.417582	2
93	435	170	434	168	244	245	0.03125	0	0.373626	2
94	46	264	42	265	244	245	0.03125	0	0.58022	2
95	566	274	563	273	244	245	0.025	0	0.602198	2
96	348	229	338	229	244	246	0.0625	0	0.503297	2
97	537	272	534	271	244	245	0.025	0	0.597802	2
98	443	191	433	191	244	246	0.0625	0	0.41978	2
99	347	216	322	217	244	247	0.1625	0	0.474725	2
100	499	268	374	271	244	275	0.8375	0	0.589011	2
101	455	183	446	183	244	246	0.05625	0	0.402198	2
102	441	220	439	219	244	245	0.01875	0	0.483516	2
103	70	287	26	288	244	248	0.28125	0	0.630769	2
104	289	228	291	229	244	245	0.01875	0	0.501099	1
105	360	176	337	175	244	247	0.15	0	0.386813	2
106	207	197	204	197	244	245	0.01875	0	0.432967	2
107	371	243	369	243	245	246	0.0125	0	0.534066	2
108	208	229	199	229	245	246	0.05625	0	0.503297	2
109	339	422	330	422	245	246	0.05625	0	0.927473	2
110	368	408	246	413	245	275	0.91875	0	0.896703	2
111	568	255	558	255	245	246	0.0625	0	0.56044	2
112	401	199	396	199	245	246	0.03125	0	0.437363	2
113	549	289	536	287	245	246	0.10625	0	0.635165	2
114	333	337	310	336	245	247	0.15	0	0.740659	2
115	481	182	445	182	245	248	0.225	0	0.4	2
116	148	387	137	386	245	246	0.075	0	0.850549	2
117	430	255	422	254	245	246	0.05625	0	0.56044	2
118	266	411	226	412	245	248	0.25625	0	0.903297	2
119	619	276	516	272	245	261	0.74375	0	0.606593	2
120	505	262	382	266	245	275	0.86875	0	0.575824	2
121	626	70	558	69	245	251	0.43125	0	0.153846	2
122	203	244	159	245	245	248	0.28125	0	0.536264	2
123	359	44	234	48	245	275	0.88125	0	0.0967033	2
124	396	212	389	212	245	246	0.04375	0	0.465934	2
125	415	200	408	199	245	246	0.05	0	0.43956	2
126	566	76	527	74	245	248	0.26875	0	0.167033	2
127	640	68	633	67	245	246	0.05	0	0.149451	2
128	472	169	405	164	245	252	0.575	0	0.371429	2
129	667	25	599	24	245	251	0.43125	0	0.0549451	2
130	648	40	605	40	245	248	0.26875	0	0.0879121	2
131	338	240	332	240	245	246	0.0375	0	0.527473	2
132	779	159	740	158	245	248	0.25	0	0.349451	2
133	55	286	31	287	245	247	0.15625	0	0.628571	2
134	810	163	771	161	245	248	0.26875	0	0.358242	2
135	230	394	149	397	245	253	0.5625	0	0.865934	2
136	172	229	48	235	245	275	1	0	0.503297	2
137	648	147	523	149	245	275	0.80625	0	0.323077	2
138	554	137	430	140	245	275	0.83125	0	0.301099	2
139	371	407	257	412	246	275	0.86875	0	0.894505	2
140	246	412	195	413	246	250	0.325	0	0.905495	2
141	61	231	29	230	246	248	0.20625	0	0.507692	2
142	310	255	299	258	246	247	0.125	0	0.56044	2
143	398	276	384	276	246	247	0.0875	0	0.606593	2
144	432	220	391	219	246	249	0.2625	0	0.483516	2
145	359	243	351	243	246	247	0.05	0	0.534066	2
146	280	265	265	265	246	247	0.09375	0	0.582418	2
147	309	322	292	320	246	247	0.13125	0	0.707692	2
148	649	70	634	70	246	247	0.09375	0	0.153846	2
149	289	252	241	253	246	250	0.30625	0	0.553846	2
150	220	238	148	241	246	252	0.50625	0	0.523077	2
151	314	334	298	333	246	247	0.10625	0	0.734066	2
152	423	191	409	191	246	247	0.0875	0	0.41978	2
153	400	218	388	217	246	247	0.08125	0	0.479121	2
154	372	207	357	207	246	247	0.09375	0	0.454945	2
155	270	266	219	265	246	250	0.325	0	0.584615	2
156	806	299	689	300	246	275	0.7375	0	0.657143	2
157	649	453	540	454	246	273	0.6875	0	0.995604	2
158	652	279	545	278	246	269	0.675	0	0.613187	2
159	154	381	138	382	246	247	0.10625	0	0.837363	2
160	297	209	265	209	246	249	0.2	0	0.459341	2
161	450	259	391	258	246	251	0.375	0	0.569231	2
162	658	453	559	454	247	275	0.625	0	0.995604	2
163	184	231	167	231	247	248	0.10625	0	0.507692	2
164	544	256	509	255	247	249	0.225	0	0.562637	2
165	317	227	288	227	247	249	0.18125	0	0.498901	2
166	406	212	372	211	247	250	0.21875	0	0.465934	2
167	140	407	125	407	247	248	0.09375	0	0.894505	2
168	322	238	296	238	247	249	0.1625	0	0.523077	2
169	674	285	572	286	247	275	0.64375	0	0.626374	2
170	409	254	392	254	247	248	0.10625	0	0.558242	2
171	419	192	390	191	247	249	0.1875	0	0.421978	2
172	559	271	497	269	247	253	0.4125	0	0.595604	2
173	121	386	103	386	247	248	0.1125	0	0.848352	2
174	714	290	611	291	247	275	0.65	0	0.637363	2
175	387	61	309	60	247	254	0.49375	0	0.134066	2
176	819	305	756	299	247	254	0.61875	0	0.67033	2
177	377	212	362	212	247	248	0.09375	0	0.465934	2
178	401	181	391	182	247	248	0.06875	0	0.397802	2
179	404	244	389	242	247	248	0.11875	0	0.536264	2
180	279	299	259	297	247	248	0.15	0	0.657143	2
181	513	263	495	262	247	248	0.11875	0	0.578022	2
182	625	281	535	280	247	268	0.56875	0	0.617582	2
183	298	423	263	423	248	252	0.21875	0	0.92967	2
184	286	317	269	310	248	249	0.4125	0	0.696703	2
185	374	175	350	175	248	251	0.15	0	0.384615	2
186	245	374	163	370	248	254	0.6125	0	0.821978	2
187	355	259	327	258	248	251	0.18125	0	0.569231	2
188	271	274	260	275	248	249	0.075	0	0.602198	2
189	359	280	324	279	248	252	0.225	0	0.615385	2
190	306	215	280	213	248	251	0.1875	0	0.472527	2
191	357	244	330	242	248	251	0.19375	0	0.536264	2
192	267	437	255	436	248	249	0.08125	0	0.96044	2
193	461	197	429	193	248	252	0.3	0	0.432967	2
194	370	277	333	276	248	252	0.2375	0	0.608791	2
195	288	259	279	260	248	249	0.0625	0	0.569231	2
196	346	210	335	210	248	249	0.06875	0	0.461538	2
197	538	227	535	222	248	275	0.175	0	0.498901	2
198	816	301	767	295	248	254	0.53125	0	0.661538	2
199	256	398	216	397	249	256	0.25625	0	0.874725	2
200	154	233	144	233	249	250	0.0625	0	0.512088	2
201	148	248	98	246	249	259	0.3375	0	0.545055	2
202	434	204	404	201	249	254	0.24375	0	0.448352	2
203	258	316	243	315	249	250	0.1	0	0.694505	2
204	82	413	41	409	249	253	0.35625	0	0.907692	2
205	240	243	235	243	249	250	0.03125	0	0.534066	2
206	482	277	469	277	249	250	0.08125	0	0.608791	2
207	107	388	65	389	249	254	0.26875	0	0.852747	2
208	266	326	251	321	249	250	0.25	0	0.716484	2
209	380	254	372	253	249	250	0.05625	0	0.558242	2
210	586	67	576	66	249	250	0.06875	0	0.147253	2
211	276	424	212	424	249	269	0.4	0	0.931868	2
212	694	455	633	454	249	268	0.3875	0	1	2
213	547	265	539	264	249	250	0.05625	0	0.582418	2
214	154	208	145	208	249	250	0.05625	0	0.457143	2
215	662	152	588	154	249	275	0.4875	0	0.334066	2
216	434	182	412	180	249	252	0.1625	0	0.4	2
217	390	161	383	159	249	250	0.06875	0	0.353846	2
218	399	161	394	159	250	251	0.05625	0	0.353846	2
219	826	311	761	313	250	275	0.43125	0	0.683516	2
220	326	247	320	246	250	251	0.04375	0	0.542857	2
221	385	218	373	216	250	252	0.1	0	0.479121	2
222	334	214	318	212	250	252	0.125	0	0.47033	2
223	260	305	249	300	250	251	0.225	0	0.67033	2
224	746	31	730	29	250	252	0.125	0	0.0681319	2
225	355	265	351	265	250	251	0.025	0	0.582418	2
226	497	256	477	257	250	252	0.13125	0	0.562637	2
227	226	325	209	325	250	252	0.10625	0	0.714286	2
228	750	161	734	159	250	252	0.125	0	0.353846	2
229	304	248	297	247	250	251	0.05	0	0.545055	2
230	783	164	717	166	250	275	0.4375	0	0.36044	2
231	815	168	749	170	250	275	0.4375	0	0.369231	2
232	212	420	200	420	250	251	0.075	0	0.923077	2
233	392	183	384	182	250	251	0.05625	0	0.402198	2
234	492	269	481	267	250	251	0.09375	0	0.591209	2
235	718	157	702	155	250	252	0.125	0	0.345055	2
236	346	217	339	216	251	252	0.05	0	0.476923	2
237	460	279	450	278	251	252	0.06875	0	0.613187	2
238	97	401	56	396	251	256	0.4125	0	0.881319	2
239	366	254	329	252	251	261	0.25625	0	0.558242	2
240	380	157	369	154	251	253	0.125	0	0.345055	2
241	138	236	129	236	251	252	0.05625	0	0.518681	2
242	240	217	235	218	251	252	0.0375	0	0.476923	2
243	367	204	360	202	251	252	0.06875	0	0.448352	2
244	564	38	552	37	251	252	0.08125	0	0.0835165	2
245	273	260	264	259	251	254	0.0625	0	0.571429	2
246	526	248	519	247	251	252	0.05	0	0.545055	2
247	235	253	231	252	251	252	0.03125	0	0.556044	2
248	373	259	370	259	252	253	0.01875	0	0.569231	2
249	263	296	260	298	252	253	0.04375	0	0.650549	2
250	319	259	310	257	252	253	0.08125	0	0.569231	2
251	222	399	209	398	252	255	0.0875	0	0.876923	2
252	347	259	335	258	252	254	0.08125	0	0.569231	2
253	578	65	527	69	252	275	0.41875	0	0.142857	2
254	389	160	383	158	252	254	0.0625	0	0.351648	2
255	188	433	172	432	252	256	0.10625	0	0.951648	2
256	606	147	556	151	252	275	0.4125	0	0.323077	2
257	511	235	504	231	252	254	0.14375	0	0.516484	2
258	189	422	182	423	252	253	0.05	0	0.927473	2
259	256	223	252	222	252	253	0.03125	0	0.49011	2
260	199	310	194	309	253	254	0.0375	0	0.681319	2
261	442	277	438	276	253	254	0.03125	0	0.608791	2
262	335	216	333	215	253	254	0.01875	0	0.474725	2
263	257	423	216	427	253	275	0.35625	0	0.92967	2
264	120	237	115	237	253	254	0.03125	0	0.520879	2
265	264	222	262	219	253	254	0.06875	0	0.487912	2
266	721	29	679	34	253	275	0.41875	0	0.0637363	2
267	241	251	244	251	253	254	0.01875	0	0.551648	1
268	465	261	459	260	253	254	0.04375	0	0.573626	2
269	826	91	784	97	253	275	0.4875	0	0.2	2
270	43	393	26	389	253	256	0.20625	0	0.863736	2
271	306	216	301	216	253	254	0.03125	0	0.474725	2
272	125	209	121	209	253	254	0.025	0	0.459341	2
273	422	193	409	192	253	258	0.0875	0	0.424176	2
274	726	158	685	163	253	275	0.4125	0	0.347253	2
275	450	232	417	234	253	267	0.23125	0	0.50989	2
276	272	212	271	209	253	254	0.0625	0	0.465934	2
277	268	188	263	186	253	254	0.05625	0	0.413187	2
278	329	264	325	263	253	254	0.03125	0	0.58022	2
279	694	155	652	160	253	275	0.41875	0	0.340659	2
280	299	246	294	246	253	254	0.03125	0	0.540659	2
281	202	325	197	324	253	254	0.0375	0	0.714286	2
282	359	180	354	179	253	254	0.0375	0	0.395604	2
283	61	356	55	355	253	254	0.04375	0	0.782418	2
284	35	411	26	408	254	257	0.1125	0	0.903297	2
285	182	423	178	422	254	255	0.03125	0	0.92967	2
286	188	396	185	395	254	255	0.025	0	0.87033	2
287	256	297	253	297	254	255	0.01875	0	0.652747	2
288	34	362	28	360	254	255	0.0625	0	0.795604	2
289	337	178	336	177	254	255	0.0125	0	0.391209	2
290	201	410	198	409	254	255	0.025	0	0.901099	2
291	383	224	378	223	254	256	0.0375	0	0.492308	2
292	335	268	332	267	254	255	0.025	0	0.589011	2
293	323	208	320	208	254	258	0.01875	0	0.457143	2
294	367	187	364	186	254	255	0.025	0	0.410989	2
295	436	276	433	275	255	256	0.025	0	0.606593	2
296	44	354	27	349	255	258	0.2625	0	0.778022	2
297	402	191	395	184	255	259	0.35	0	0.41978	2
298	168	373	140	368	255	258	0.33125	0	0.81978	2
299	367	261	358	260	255	259	0.0625	0	0.573626	2
300	359	244	357	243	255	256	0.01875	0	0.536264	2
301	403	201	401	198	255	256	0.06875	0	0.441758	2
302	262	219	262	217	255	256	0.025	0	0.481319	1
303	266	258	266	257	255	256	0.00625	0	0.567033	1
304	207	294	197	291	255	257	0.11875	0	0.646154	2
305	386	158	388	156	255	256	0.0375	0	0.347253	1
306	119	216	118	215	255	256	0.0125	0	0.474725	2
307	263	183	261	180	255	256	0.06875	0	0.402198	2
308	350	180	347	178	255	256	0.04375	0	0.395604	2
309	193	320	188	315	255	256	0.1875	0	0.703297	2
310	298	215	284	214	255	259	0.09375	0	0.472527	2
311	114	237	111	235	255	256	0.04375	0	0.520879	2
312	754	298	719	304	255	275	0.44375	0	0.654945	2
313	361	215	359	213	255	256	0.0375	0	0.472527	2
314	790	45	755	51	255	275	0.44375	0	0.0989011	2
315	584	27	550	33	255	275	0.4375	0	0.0593407	2
316	113	195	98	193	255	263	0.11875	0	0.428571	2
317	466	70	440	64	255	262	0.3875	0	0.153846	2
318	510	245	509	244	255	256	0.0125	0	0.538462	2
319	58	388	24	385	255	260	0.26875	0	0.852747	2
320	270	208	268	204	255	259	0.1125	0	0.457143	2
321	765	296	730	302	255	275	0.44375	0	0.650549	2
322	342	202	342	201	255	256	0.00625	0	0.443956	1
323	135	390	126	387	256	257	0.1125	0	0.857143	2
324	253	297	250	296	256	257	0.025	0	0.652747	2
325	32	399	26	396	256	257	0.09375	0	0.876923	2
326	334	215	334	213	256	257	0.025	0	0.472527	1
327	184	395	151	400	256	275	0.3625	0	0.868132	2
328	206	399	173	404	256	275	0.3625	0	0.876923	2
329	195	409	171	410	256	269	0.15625	0	0.898901	2
330	364	187	362	187	256	257	0.0125	0	0.410989	2
331	356	243	354	241	257	259	0.0375	0	0.534066	2
332	303	257	302	258	257	258	0.0125	0	0.564835	2
333	401	197	398	192	257	260	0.175	0	0.432967	2
334	214	397	185	403	257	275	0.40625	0	0.872527	2
335	431	251	428	251	257	258	0.01875	0	0.551648	2
336	130	398	122	397	257	258	0.05625	0	0.874725	2
337	428	263	422	263	257	259	0.0375	0	0.578022	2
338	261	181	260	180	257	258	0.0125	0	0.397802	2
339	292	254	290	253	257	258	0.01875	0	0.558242	2
340	346	180	345	179	257	258	0.0125	0	0.395604	2
341	171	311	163	309	257	258	0.075	0	0.683516	2
342	375	224	372	224	257	258	0.01875	0	0.492308	2
343	120	216	118	216	257	259	0.0125	0	0.474725	2
344	109	235	107	234	257	258	0.01875	0	0.516484	2
345	324	263	320	261	257	258	0.05	0	0.578022	2
346	267	284	288	282	257	262	0.15625	0	0.624176	1
347	357	213	356	212	257	258	0.0125	0	0.468132	2
348	251	227	253	226	257	258	0.01875	0	0.498901	1
349	505	271	496	270	257	261	0.0625	0	0.595604	2
350	424	275	419	275	258	260	0.03125	0	0.604396	2
351	119	387	112	386	258	259	0.05	0	0.850549	2
352	40	355	35	357	258	259	0.05625	0	0.78022	2
353	37	342	27	342	258	260	0.0625	0	0.751648	2
354	270	254	272	252	258	259	0.0375	0	0.558242	1
355	256	253	259	249	258	259	0.11875	0	0.556044	1
356	361	187	358	186	258	260	0.025	0	0.410989	2
357	300	259	297	258	259	260	0.025	0	0.569231	2
358	409	192	407	191	259	260	0.01875	0	0.421978	2
359	105	235	103	235	259	260	0.0125	0	0.516484	2
360	190	296	183	297	259	260	0.05	0	0.650549	2
361	827	314	802	318	259	275	0.25625	0	0.69011	2
362	252	237	258	236	259	261	0.04375	0	0.520879	1
363	151	395	142	395	259	263	0.05625	0	0.868132	2
364	345	177	344	176	259	260	0.0125	0	0.389011	2
365	335	176	334	175	259	260	0.0125	0	0.386813	2
366	309	275	302	274	259	262	0.05	0	0.604396	2
367	319	273	314	272	259	261	0.0375	0	0.6	2
368	338	212	338	210	259	260	0.025	0	0.465934	1
369	353	241	350	240	260	262	0.025	0	0.52967	2
370	157	413	141	414	260	269	0.10625	0	0.907692	2
371	95	247	92	252	260	263	0.175	0	0.542857	2
372	119	221	117	222	260	261	0.01875	0	0.485714	2
373	419	263	412	262	260	265	0.05	0	0.578022	2
374	429	252	426	251	260	262	0.025	0	0.553846	2
375	359	260	358	259	260	261	0.0125	0	0.571429	2
376	439	252	436	251	260	261	0.025	0	0.553846	2
377	827	88	803	93	260	275	0.30625	0	0.193407	2
378	440	263	436	262	260	262	0.03125	0	0.578022	2
379	281	215	276	215	260	261	0.03125	0	0.472527	2
380	127	424	122	422	260	262	0.05625	0	0.931868	2
381	154	311	151	310	260	261	0.025	0	0.683516	2
382	420	275	414	275	261	264	0.0375	0	0.604396	2
383	164	294	160	292	261	262	0.05	0	0.646154	2
384	398	189	397	187	261	262	0.03125	0	0.415385	2
385	261	224	265	222	261	263	0.05	0	0.492308	1
386	344	176	344	174	261	262	0.025	0	0.386813	1
387	408	191	413	184	261	266	0.3375	0	0.41978	1
388	174	298	165	293	261	263	0.2125	0	0.654945	2
389	244	299	253	295	261	263	0.15625	0	0.657143	1
390	319	262	313	262	261	264	0.0375	0	0.575824	2
391	339	210	338	208	261	263	0.03125	0	0.461538	2
392	258	265	255	264	261	262	0.025	0	0.582418	2
393	290	301	288	306	261	267	0.16875	0	0.661538	2
394	99	387	89	382	261	262	0.21875	0	0.850549	2
395	494	28	488	27	261	262	0.04375	0	0.0615385	2
396	197	408	175	413	261	275	0.29375	0	0.896703	2
397	136	257	119	260	261	272	0.1625	0	0.564835	2
398	155	304	152	298	262	264	0.24375	0	0.668132	2
399	284	238	283	239	262	263	0.0125	0	0.523077	2
400	325	192	325	190	262	263	0.025	0	0.421978	1
401	355	259	348	259	262	266	0.04375	0	0.569231	2
402	266	181	269	180	262	263	0.025	0	0.397802	1
403	114	219	112	220	262	263	0.01875	0	0.481319	2
404	107	242	106	242	262	263	0.00625	0	0.531868	2
405	330	174	327	173	262	263	0.025	0	0.382418	2
406	332	219	332	218	262	263	0.00625	0	0.481319	1
407	402	142	400	140	262	265	0.0375	0	0.312088	2
408	358	180	362	178	262	263	0.05	0	0.395604	1
409	321	203	321	201	262	264	0.025	0	0.446154	1
410	416	251	412	248	262	266	0.08125	0	0.551648	2
411	91	362	42	360	262	267	0.33125	0	0.795604	2
412	413	285	406	285	262	266	0.04375	0	0.626374	2
413	350	242	351	243	263	264	0.0125	0	0.531868	1
414	397	183	395	182	263	264	0.01875	0	0.402198	2
415	80	385	60	386	263	265	0.13125	0	0.846154	2
416	345	173	345	171	263	265	0.025	0	0.38022	1
417	827	51	808	55	263	275	0.21875	0	0.112088	2
418	155	290	153	286	263	264	0.1125	0	0.637363	2
419	295	251	298	251	263	264	0.01875	0	0.551648	1
420	281	165	315	163	263	275	0.2375	0	0.362637	1
421	516	258	517	260	263	264	0.03125	0	0.567033	1
422	343	232	341	231	263	264	0.01875	0	0.50989	2
423	238	253	239	253	263	264	0.00625	0	0.556044	1
424	171	274	166	270	263	265	0.13125	0	0.602198	2
425	248	216	246	216	263	264	0.0125	0	0.474725	2
426	333	219	333	219	264	265	0	0	0.481319	1
427	261	293	271	294	264	265	0.06875	0	0.643956	1
428	431	246	428	242	264	267	0.11875	0	0.540659	2
429	92	254	92	261	264	266	0.30625	0	0.558242	1
430	266	221	264	219	264	265	0.0375	0	0.485714	2
431	125	237	123	239	264	266	0.0375	0	0.520879	2
432	338	209	337	210	264	265	0.0125	0	0.459341	2
433	110	223	105	227	264	267	0.13125	0	0.49011	2
434	324	173	321	173	264	265	0.01875	0	0.38022	2
435	173	245	171	245	264	265	0.0125	0	0.538462	2
436	345	199	344	199	264	265	0.00625	0	0.437363	2
437	325	234	323	233	264	265	0.01875	0	0.514286	2
438	521	271	519	272	264	265	0.01875	0	0.595604	2
439	345	184	347	184	264	265	0.0125	0	0.404396	1
440	478	31	472	31	264	265	0.0375	0	0.0681319	2
441	355	245	357	245	265	266	0.0125	0	0.538462	1
442	393	184	389	183	265	267	0.03125	0	0.404396	2
443	153	286	149	284	265	266	0.05	0	0.628571	2
444	130	207	110	214	265	275	0.43125	0	0.454945	2
445	100	235	98	235	265	266	0.0125	0	0.516484	2
446	97	198	93	198	265	269	0.025	0	0.435165	2
447	163	286	162	280	265	266	0.23125	0	0.628571	2
448	305	252	309	251	265	266	0.03125	0	0.553846	1
449	124	228	121	231	265	267	0.075	0	0.501099	2
450	286	283	289	285	266	267	0.04375	0	0.621978	1
451	275	254	271	252	266	267	0.05	0	0.558242	2
452	335	211	334	211	266	267	0.00625	0	0.463736	2
453	416	277	416	277	266	267	0	0	0.608791	1
454	40	416	34	419	266	270	0.09375	0	0.914286	2
455	323	204	322	203	266	267	0.0125	0	0.448352	2
456	345	200	344	200	266	267	0.00625	0	0.43956	2
457	417	195	417	192	266	267	0.05625	0	0.428571	1
458	246	222	240	225	266	268	0.09375	0	0.487912	2
459	416	266	416	266	266	267	0	0	0.584615	1
460	262	219	259	217	266	267	0.04375	0	0.481319	2
461	321	173	331	176	266	271	0.11875	0	0.38022	1
462	50	416	47	417	266	267	0.025	0	0.914286	2
463	101	247	100	248	266	267	0.0125	0	0.542857	2
464	827	172	813	176	266	275	0.1875	0	0.378022	2
465	138	288	135	282	266	271	0.24375	0	0.632967	2
466	155	415	142	419	266	275	0.18125	0	0.912088	2
467	330	232	334	233	267	268	0.03125	0	0.50989	1
468	349	233	349	232	267	268	0.00625	0	0.512088	1
469	92	264	91	269	267	269	0.1625	0	0.58022	2
470	68	378	27	377	267	271	0.2625	0	0.830769	2
471	296	222	295	221	267	268	0.0125	0	0.487912	2
472	96	237	94	237	267	268	0.0125	0	0.520879	2
473	551	24	539	28	267	275	0.175	0	0.0527473	2
474	413	248	411	248	267	269	0.0125	0	0.545055	2
475	333	186	334	186	267	268	0.00625	0	0.408791	1
476	138	397	126	401	267	275	0.175	0	0.872527	2
477	388	185	386	185	268	269	0.0125	0	0.406593	2
478	409	261	407	264	268	270	0.06875	0	0.573626	2
479	416	277	418	277	268	269	0.0125	0	0.608791	1
480	142	276	141	276	268	269	0.00625	0	0.606593	2
481	334	211	334	210	268	269	0.00625	0	0.463736	1
482	413	182	413	181	268	269	0.00625	0	0.4	1
483	46	417	42	417	268	270	0.025	0	0.916484	2
484	107	226	105	226	268	269	0.0125	0	0.496703	2
485	100	250	93	258	268	272	0.44375	0	0.549451	2
486	286	178	287	177	268	269	0.0125	0	0.391209	1
487	376	182	378	180	268	269	0.0375	0	0.4	1
488	344	200	344	200	268	269	0	0	0.43956	1
489	359	199	360	199	268	269	0.00625	0	0.437363	1
490	322	203	322	203	268	269	0	0	0.446154	1
491	415	234	410	245	268	275	0.7875	0	0.514286	2
492	251	273	250	273	269	270	0.00625	0	0.6	2
493	296	222	296	222	269	270	0	0	0.487912	1
494	241	235	240	235	269	270	0.00625	0	0.516484	2
495	170	261	168	255	269	270	0.2375	0	0.573626	2
496	327	304	333	309	269	271	0.19375	0	0.668132	1
497	386	186	385	186	270	271	0.00625	0	0.408791	2
498	416	182	413	182	270	273	0.01875	0	0.4	2
499	93	237	89	238	270	272	0.03125	0	0.520879	2
500	213	425	205	427	270	275	0.075	0	0.934066	2
501	142	275	146	266	270	273	0.53125	0	0.604396	1
502	338	190	339	192	270	271	0.03125	0	0.417582	1
503	423	251	422	252	270	271	0.0125	0	0.551648	2
504	351	234	351	234	270	271	0	0	0.514286	1
505	92	273	84	276	270	275	0.10625	0	0.6	2
506	538	252	539	251	270	271	0.0125	0	0.553846	1
507	139	416	131	418	270	275	0.075	0	0.914286	2
508	301	251	304	255	270	271	0.11875	0	0.551648	1
509	411	137	414	139	270	272	0.04375	0	0.301099	1
510	94	199	89	203	270	275	0.13125	0	0.437363	2
511	323	307	323	309	270	271	0.025	0	0.674725	1
512	117	231	115	230	270	272	0.01875	0	0.507692	2
513	362	188	368	192	270	275	0.1375	0	0.413187	1
514	364	244	364	242	270	272	0.025	0	0.536264	1
515	170	412	162	414	270	275	0.075	0	0.905495	2
516	345	171	348	171	270	272	0.01875	0	0.375824	1
517	291	246	291	246	270	271	0	0	0.540659	1
518	389	146	397	143	270	274	0.10625	0	0.320879	1
519	289	177	291	176	270	271	0.01875	0	0.389011	1
520	540	240	547	240	270	273	0.04375	0	0.527473	1
521	401	137	403	136	270	271	0.01875	0	0.301099	1
522	319	263	330	264	270	273	0.075	0	0.578022	1
523	263	61	262	60	270	271	0.0125	0	0.134066	2
524	407	265	399	270	271	275	0.20625	0	0.582418	2
525	249	273	247	273	271	272	0.0125	0	0.6	2
526	240	235	239	232	271	273	0.0625	0	0.516484	2
527	112	258	108	259	271	272	0.03125	0	0.567033	2
528	239	266	235	268	271	272	0.05	0	0.584615	2
529	827	162	820	163	271	275	0.05	0	0.356044	2
530	339	194	339	195	272	273	0.00625	0	0.426374	1
531	386	187	386	187	272	273	0	0	0.410989	1
532	428	280	429	286	272	275	0.23125	0	0.615385	1
533	325	309	322	309	272	274	0.01875	0	0.679121	2
534	431	291	433	294	272	273	0.06875	0	0.63956	1
535	335	178	340	183	272	275	0.1875	0	0.391209	1
536	343	212	343	212	272	273	0	0	0.465934	1
537	316	289	317	287	272	273	0.03125	0	0.635165	1
538	529	24	523	25	272	275	0.04375	0	0.0527473	2
539	168	242	166	242	272	273	0.0125	0	0.531868	2
540	358	244	357	244	273	274	0.00625	0	0.536264	2
541	92	259	90	259	273	275	0.0125	0	0.569231	2
542	417	137	420	139	273	275	0.04375	0	0.301099	1
543	421	256	417	259	273	275	0.08125	0	0.562637	2
544	369	259	370	258	273	274	0.0125	0	0.569231	1
545	247	275	244	275	273	274	0.01875	0	0.604396	2
546	116	229	117	228	273	275	0.0125	0	0.503297	1
547	399	247	395	251	273	275	0.125	0	0.542857	2
548	227	224	225	222	273	274	0.0375	0	0.492308	2
549	296	176	298	175	273	274	0.01875	0	0.386813	1
550	104	235	99	237	273	275	0.05625	0	0.516484	2
551	367	200	367	203	273	275	0.05625	0	0.43956	1
552	234	272	232	272	273	274	0.0125	0	0.597802	2
553	389	187	392	186	274	275	0.025	0	0.410989	1
554	411	183	409	183	274	275	0.0125	0	0.402198	2
555	334	264	336	262	274	275	0.0375	0	0.58022	1
556	340	204	339	204	274	275	0.00625	0	0.448352	2
557	89	231	86	232	274	275	0.025	0	0.507692	2
558	424	275	421	276	274	275	0.025	0	0.604396	2
559	315	262	313	262	274	275	0.0125	0	0.575824	2
560	548	276	546	276	274	275	0.0125	0	0.606593	2
561	346	214	346	215	274	275	0.00625	0	0.47033	1
562	288	228	286	228	274	275	0.0125	0	0.501099	2
563	435	295	433	295	274	275	0.0125	0	0.648352	2
564	155	281	153	281	274	275	0.0125	0	0.617582	2
565	777	176	775	176	274	275	0.0125	0	0.386813	2