
0	482	267	534	272	117	131	0.0454277	0	0.586813	1
1	369	218	367	218	117	119	0.00117994	0	0.479121	2
2	360	305	371	317	117	121	0.0914454	0	0.67033	1
3	568	136	656	171	117	155	0.774631	0	0.298901	1
4	348	364	349	364	118	119	0.000589971	0	0.8	1
5	372	247	372	247	118	119	0	0	0.542857	1
6	481	178	478	178	118	120	0.00176991	0	0.391209	2
7	206	219	206	221	118	119	0.00235988	0	0.481319	1
8	256	398	265	397	118	119	0.00589971	0	0.874725	1
9	179	120	265	159	118	155	0.948083	0	0.263736	1
10	309	125	389	159	118	150	0.729204	0	0.274725	1
11	422	236	420	234	118	119	0.00353982	0	0.518681	2
12	766	145	826	153	118	135	0.0731563	0	0.318681	1
13	277	123	363	161	118	155	0.902655	0	0.27033	1
14	603	58	667	65	118	134	0.0666667	0	0.127473	1
15	461	366	472	371	119	121	0.0212389	0	0.804396	1
16	356	375	371	378	119	123	0.0141593	0	0.824176	1
17	348	295	350	295	119	120	0.00117994	0	0.648352	1
18	308	393	311	393	119	120	0.00176991	0	0.863736	1
19	474	245	477	244	119	120	0.00235988	0	0.538462	1
20	596	258	598	258	119	120	0.00117994	0	0.567033	1
21	372	149	384	147	119	122	0.00943953	0	0.327473	1
22	674	65	760	99	119	155	0.732743	0	0.142857	1
23	246	122	331	160	119	155	0.902065	0	0.268132	1
24	539	111	569	116	119	126	0.0324484	0	0.243956	1
25	47	253	135	292	119	155	0.949263	0	0.556044	1
26	216	438	226	439	119	121	0.00648968	0	0.962637	1
27	479	393	490	393	120	123	0.00648968	0	0.863736	1
28	356	365	371	368	120	123	0.0141593	0	0.802198	1
29	249	435	264	436	120	123	0.00943953	0	0.956044	1
30	662	209	701	215	120	130	0.0442478	0	0.459341	1
31	455	296	465	296	120	122	0.00589971	0	0.650549	1
32	255	419	260	419	120	121	0.00294985	0	0.920879	1
33	494	410	539	418	120	134	0.0643068	0	0.901099	1
34	358	351	375	356	120	123	0.0247788	0	0.771429	1
35	367	221	369	222	120	121	0.00176991	0	0.485714	1
36	207	191	218	193	120	122	0.00884956	0	0.41978	1
37	196	219	238	220	120	134	0.0253687	0	0.481319	1
38	213	179	228	182	120	123	0.0141593	0	0.393407	1
39	474	346	507	363	120	128	0.189971	0	0.76044	1
40	354	208	364	208	120	122	0.00589971	0	0.457143	1
41	291	387	296	386	120	121	0.00353982	0	0.850549	1
42	355	269	370	267	120	124	0.0112094	0	0.591209	1
43	418	248	419	245	120	121	0.00589971	0	0.545055	1
44	488	296	488	292	120	122	0.00943953	0	0.650549	1
45	362	290	366	290	121	122	0.00235988	0	0.637363	1
46	483	245	487	243	121	122	0.00471976	0	0.538462	1
47	365	280	368	280	121	122	0.00176991	0	0.615385	1
48	302	405	327	404	121	125	0.0153392	0	0.89011	1
49	375	245	379	244	121	122	0.00294985	0	0.538462	1
50	372	258	376	257	121	122	0.00294985	0	0.567033	1
51	348	356	352	357	121	122	0.00294985	0	0.782418	1
52	307	388	314	389	121	122	0.00471976	0	0.852747	1
53	208	231	217	231	121	123	0.00530973	0	0.507692	1
54	603	258	621	263	121	125	0.0253687	0	0.567033	1
55	419	266	428	267	122	124	0.00589971	0	0.584615	1
56	482	374	489	379	122	123	0.0188791	0	0.821978	1
57	266	420	270	420	122	123	0.00235988	0	0.923077	1
58	377	321	388	325	122	124	0.0159292	0	0.705495	1
59	369	340	379	344	122	124	0.0153392	0	0.747253	1
60	334	263	347	264	122	125	0.00825959	0	0.578022	1
61	491	243	491	243	123	124	0	0	0.534066	1
62	471	298	476	297	123	124	0.00353982	0	0.654945	1
63	367	291	370	291	123	124	0.00176991	0	0.63956	1
64	506	396	510	396	123	124	0.00235988	0	0.87033	1
65	461	292	459	289	123	124	0.00648968	0	0.641758	2
66	379	257	381	256	123	124	0.00176991	0	0.564835	1
67	238	455	248	454	123	124	0.00648968	0	1	1
68	345	278	357	280	123	126	0.00943953	0	0.610989	1
69	262	451	263	453	123	124	0.00294985	0	0.991209	1
70	383	245	386	244	123	124	0.00235988	0	0.538462	1
71	609	218	625	221	123	126	0.0147493	0	0.479121	1
72	267	399	318	410	123	134	0.101475	0	0.876923	1
73	391	235	394	235	123	124	0.00176991	0	0.516484	1
74	445	254	449	251	123	125	0.00766962	0	0.558242	1
75	390	200	395	200	123	125	0.00294985	0	0.43956	1
76	557	164	578	167	123	128	0.0176991	0	0.36044	1
77	382	359	390	362	124	126	0.0100295	0	0.789011	1
78	469	287	470	283	124	125	0.0100295	0	0.630769	1
79	232	184	240	187	124	126	0.0100295	0	0.404396	1
80	258	421	271	425	124	126	0.0171091	0	0.925275	1
81	250	442	258	442	124	126	0.00471976	0	0.971429	1
82	490	245	488	244	125	126	0.00176991	0	0.538462	2
83	498	396	506	400	125	127	0.0141593	0	0.87033	1
84	460	287	464	286	125	128	0.00294985	0	0.630769	1
85	279	421	283	421	125	126	0.00235988	0	0.925275	1
86	371	299	374	299	125	126	0.00176991	0	0.657143	1
87	234	202	236	200	125	126	0.00353982	0	0.443956	1
88	390	244	393	244	125	126	0.00176991	0	0.536264	1
89	226	233	235	233	125	128	0.00530973	0	0.512088	1
90	377	212	379	212	125	126	0.00117994	0	0.465934	1
91	391	286	409	290	125	134	0.020059	0	0.628571	1
92	387	333	392	334	125	126	0.00353982	0	0.731868	1
93	401	181	417	182	125	133	0.0100295	0	0.397802	1
94	253	429	270	428	125	128	0.0106195	0	0.942857	1
95	334	406	375	410	126	129	0.0336283	0	0.892308	1
96	390	176	394	176	126	127	0.00235988	0	0.386813	1
97	372	263	372	260	126	127	0.00530973	0	0.578022	1
98	519	399	522	398	126	127	0.00235988	0	0.876923	1
99	261	453	266	453	126	127	0.00294985	0	0.995604	1
100	463	175	463	174	126	127	0.000589971	0	0.384615	1
101	451	250	453	246	126	129	0.0106195	0	0.549451	1
102	385	231	389	234	126	128	0.00766962	0	0.507692	1
103	230	223	233	221	126	127	0.00412979	0	0.49011	1
104	505	384	508	385	126	127	0.00235988	0	0.843956	1
105	485	243	482	240	127	128	0.00707965	0	0.534066	2
106	368	271	376	272	127	130	0.00530973	0	0.595604	1
107	278	426	291	426	127	129	0.00766962	0	0.936264	1
108	240	200	242	198	127	128	0.00353982	0	0.43956	1
109	364	298	364	300	127	128	0.00235988	0	0.654945	1
110	280	436	309	438	127	132	0.019469	0	0.958242	1
111	633	226	654	228	127	133	0.0147493	0	0.496703	1
112	245	189	256	191	127	130	0.00884956	0	0.415385	1
113	738	441	745	441	127	128	0.00412979	0	0.969231	1
114	411	401	433	405	127	131	0.0224189	0	0.881319	1
115	400	273	416	275	127	132	0.0117994	0	0.6	1
116	397	335	413	337	127	130	0.0117994	0	0.736264	1
117	574	117	577	118	127	128	0.00235988	0	0.257143	1
118	386	367	393	367	127	128	0.00412979	0	0.806593	1
119	493	374	496	375	127	128	0.00235988	0	0.821978	1
120	272	453	278	453	128	129	0.00353982	0	0.995604	1
121	743	454	750	454	128	129	0.00412979	0	0.997802	1
122	500	239	503	238	128	131	0.00235988	0	0.525275	1
123	632	266	635	266	128	129	0.00176991	0	0.584615	1
124	374	260	379	261	128	130	0.00353982	0	0.571429	1
125	262	449	282	454	128	136	0.0265487	0	0.986813	1
126	479	295	474	295	128	129	0.00294985	0	0.648352	2
127	237	221	243	219	128	130	0.00589971	0	0.485714	1
128	397	245	401	245	128	129	0.00235988	0	0.538462	1
129	439	266	438	266	128	129	0.000589971	0	0.584615	2
130	250	222	258	224	128	130	0.00707965	0	0.487912	1
131	388	216	394	221	128	131	0.0182891	0	0.474725	1
132	467	204	468	202	128	129	0.00294985	0	0.448352	1
133	501	299	496	295	128	129	0.0123894	0	0.657143	2
134	479	237	479	240	129	133	0.00530973	0	0.520879	1
135	399	176	401	177	129	130	0.00176991	0	0.386813	1
136	517	405	525	407	129	131	0.00707965	0	0.89011	1
137	404	204	406	205	129	130	0.00176991	0	0.448352	1
138	242	196	251	199	129	140	0.0106195	0	0.430769	1
139	582	170	590	172	129	132	0.00707965	0	0.373626	1
140	416	403	420	403	129	130	0.00235988	0	0.885714	1
141	483	223	482	222	129	131	0.00117994	0	0.49011	2
142	408	242	412	240	130	132	0.00471976	0	0.531868	1
143	641	269	648	269	130	132	0.00412979	0	0.591209	1
144	468	295	461	291	130	131	0.0135693	0	0.648352	2
145	401	370	404	370	130	131	0.00176991	0	0.813187	1
146	302	424	311	426	130	132	0.00766962	0	0.931868	1
147	281	428	305	440	130	142	0.099115	0	0.940659	1
148	442	261	442	261	130	131	0	0	0.573626	1
149	493	270	520	286	130	145	0.166962	0	0.593407	1
150	393	415	410	419	130	131	0.019469	0	0.912088	1
151	371	284	373	286	130	131	0.00353982	0	0.624176	1
152	279	442	282	442	130	131	0.00176991	0	0.971429	1
153	494	230	490	234	130	132	0.0117994	0	0.505495	2
154	254	265	282	287	130	146	0.302065	0	0.582418	1
155	703	216	705	218	131	134	0.00353982	0	0.474725	1
156	247	218	255	215	131	137	0.0100295	0	0.479121	1
157	382	263	386	265	131	133	0.00471976	0	0.578022	1
158	493	305	495	305	131	132	0.00117994	0	0.67033	1
159	434	357	485	377	131	139	0.266077	0	0.784615	1
160	288	418	308	436	131	145	0.20295	0	0.918681	1
161	484	201	485	202	131	132	0.00117994	0	0.441758	1
162	466	151	463	150	131	132	0.00235988	0	0.331868	2
163	470	201	467	200	131	133	0.00235988	0	0.441758	2
164	242	238	244	239	131	133	0.00176991	0	0.523077	1
165	405	256	413	253	131	139	0.0100295	0	0.562637	1
166	260	189	266	191	131	135	0.00589971	0	0.415385	1
167	511	406	507	409	132	134	0.00766962	0	0.892308	2
168	454	287	448	284	132	133	0.00884956	0	0.630769	2
169	390	278	394	278	132	133	0.00235988	0	0.610989	1
170	476	291	476	291	132	133	0	0	0.63956	1
171	396	239	396	240	132	133	0.000589971	0	0.525275	1
172	378	303	379	303	132	133	0.000589971	0	0.665934	1
173	402	178	400	178	132	133	0.00117994	0	0.391209	2
174	500	384	496	392	132	135	0.040118	0	0.843956	2
175	392	190	389	189	132	133	0.00235988	0	0.417582	2
176	535	280	544	285	132	137	0.020059	0	0.615385	1
177	362	451	369	454	132	136	0.00943953	0	0.991209	1
178	481	223	477	225	132	135	0.00471976	0	0.49011	2
179	444	260	441	260	132	133	0.00176991	0	0.571429	2
180	295	452	301	454	133	136	0.00589971	0	0.993407	1
181	506	395	504	397	133	134	0.00353982	0	0.868132	2
182	414	240	414	237	133	135	0.00530973	0	0.527473	1
183	312	432	318	434	133	135	0.00589971	0	0.949451	1
184	454	272	450	271	133	134	0.00294985	0	0.597802	2
185	473	185	473	185	133	134	0	0	0.406593	1
186	468	281	464	281	133	134	0.00235988	0	0.617582	2
187	421	269	422	269	133	134	0.000589971	0	0.591209	1
188	366	297	360	301	133	134	0.0129794	0	0.652747	2
189	314	442	316	442	133	134	0.00117994	0	0.971429	1
190	652	270	656	270	133	134	0.00235988	0	0.593407	1
191	467	175	464	174	133	134	0.00235988	0	0.384615	2
192	658	285	659	285	133	134	0.000589971	0	0.626374	1
193	746	449	748	449	133	134	0.00117994	0	0.986813	1
194	442	370	473	382	133	138	0.103245	0	0.813187	1
195	480	243	481	244	134	135	0.00117994	0	0.534066	1
196	446	284	443	286	134	135	0.00412979	0	0.624176	2
197	474	292	463	294	134	136	0.00884956	0	0.641758	2
198	521	402	520	405	134	135	0.00589971	0	0.883516	2
199	432	378	439	380	134	135	0.00648968	0	0.830769	1
200	286	443	302	453	134	143	0.0684366	0	0.973626	1
201	232	254	233	255	134	135	0.00117994	0	0.558242	1
202	595	174	603	177	134	138	0.0100295	0	0.382418	1
203	378	290	376	290	134	135	0.00117994	0	0.637363	2
204	246	237	247	238	134	135	0.00117994	0	0.520879	1
205	658	230	684	248	134	143	0.20649	0	0.505495	1
206	706	220	706	227	135	142	0.0289086	0	0.483516	1
207	474	186	471	185	135	136	0.00235988	0	0.408791	2
208	359	304	364	305	135	137	0.00353982	0	0.668132	1
209	750	451	758	454	135	139	0.0100295	0	0.991209	1
210	701	283	711	287	135	140	0.0153392	0	0.621978	1
211	363	314	383	335	135	148	0.271976	0	0.69011	1
212	471	426	492	434	135	140	0.0501475	0	0.936264	1
213	380	248	381	249	135	136	0.00117994	0	0.545055	1
214	241	214	249	225	135	143	0.0761062	0	0.47033	1
215	319	444	323	445	135	137	0.00294985	0	0.975824	1
216	384	195	385	195	135	136	0.000589971	0	0.428571	1
217	736	31	763	57	135	155	0.414749	0	0.0681319	1
218	422	278	423	278	135	136	0.000589971	0	0.610989	1
219	518	429	525	436	135	138	0.0330383	0	0.942857	1
220	405	200	408	203	135	139	0.00707965	0	0.43956	1
221	396	270	397	271	135	136	0.00117994	0	0.593407	1
222	447	343	458	351	135	138	0.0442478	0	0.753846	1
223	469	400	476	405	135	136	0.0188791	0	0.879121	1
224	510	413	511	417	135	136	0.0100295	0	0.907692	1
225	302	444	313	449	135	141	0.0212389	0	0.975824	1
226	309	411	319	441	135	148	0.536873	0	0.903297	1
227	493	299	487	295	135	136	0.0129794	0	0.657143	2
228	494	309	473	301	135	138	0.0501475	0	0.679121	2
229	483	245	482	244	136	137	0.00117994	0	0.538462	2
230	404	178	406	177	136	137	0.00176991	0	0.391209	1
231	441	289	440	290	136	137	0.00117994	0	0.635165	2
232	456	284	450	287	136	137	0.00884956	0	0.624176	2
233	322	434	325	434	136	137	0.00176991	0	0.953846	1
234	370	303	378	306	136	140	0.0100295	0	0.665934	1
235	666	273	679	280	136	140	0.0365782	0	0.6	1
236	437	373	441	376	136	137	0.00766962	0	0.81978	1
237	248	241	248	247	136	139	0.0212389	0	0.52967	1
238	667	72	672	73	136	139	0.00353982	0	0.158242	1
239	270	191	281	206	136	143	0.139233	0	0.41978	1
240	486	49	487	49	136	139	0.000589971	0	0.107692	1
241	444	275	442	275	137	138	0.00117994	0	0.604396	2
242	507	408	508	409	137	138	0.00117994	0	0.896703	1
243	444	179	441	181	137	139	0.00412979	0	0.393407	2
244	777	449	795	451	137	140	0.0129794	0	0.986813	1
245	542	424	541	433	137	138	0.0483776	0	0.931868	2
246	388	195	389	194	137	138	0.00117994	0	0.428571	1
247	436	390	447	393	137	140	0.0117994	0	0.857143	1
248	258	214	259	216	138	142	0.00294985	0	0.47033	1
249	440	292	439	293	138	139	0.00117994	0	0.641758	2
250	410	177	412	176	138	139	0.00176991	0	0.389011	1
251	524	426	521	427	138	139	0.00235988	0	0.936264	2
252	412	276	411	276	138	139	0.000589971	0	0.606593	2
253	278	233	279	234	138	139	0.00117994	0	0.512088	1
254	335	435	340	437	138	141	0.00530973	0	0.956044	1
255	365	293	363	290	138	139	0.00648968	0	0.643956	2
256	547	286	568	311	138	155	0.381121	0	0.628571	1
257	434	248	430	248	138	139	0.00235988	0	0.545055	2
258	379	282	382	286	138	141	0.0112094	0	0.61978	1
259	333	418	339	420	138	142	0.00589971	0	0.918681	1
260	464	375	469	378	139	140	0.00825959	0	0.824176	1
261	470	283	489	308	139	155	0.379941	0	0.621978	1
262	367	307	373	312	139	143	0.0182891	0	0.674725	1
263	537	24	554	48	139	155	0.349853	0	0.0527473	1
264	390	275	390	275	139	140	0	0	0.604396	1
265	435	413	449	454	139	149	1	0	0.907692	1
266	458	311	459	310	139	141	0.00117994	0	0.683516	1
267	440	296	439	297	140	141	0.00117994	0	0.650549	2
268	415	175	416	173	140	141	0.00294985	0	0.384615	1
269	335	447	338	449	140	142	0.00412979	0	0.982418	1
270	518	431	518	434	140	141	0.00530973	0	0.947253	1
271	377	261	376	263	140	141	0.00294985	0	0.573626	2
272	361	292	358	294	140	141	0.00412979	0	0.641758	2
273	491	382	496	384	140	141	0.00530973	0	0.83956	1
274	466	244	447	239	140	143	0.0259587	0	0.536264	2
275	433	275	422	276	140	143	0.00707965	0	0.604396	2
276	548	24	564	47	140	155	0.321534	0	0.0527473	1
277	432	374	434	376	140	141	0.00353982	0	0.821978	1
278	440	407	447	427	140	144	0.240118	0	0.894505	1
279	410	205	413	213	140	144	0.039528	0	0.450549	1
280	464	357	486	393	140	148	0.777581	0	0.784615	1
281	673	74	672	76	140	143	0.00294985	0	0.162637	2
282	487	248	480	248	140	141	0.00412979	0	0.545055	2
283	449	398	455	414	141	144	0.154572	0	0.874725	1
284	472	382	476	388	141	142	0.0235988	0	0.83956	1
285	380	308	383	313	141	144	0.0165192	0	0.676923	1
286	429	285	421	286	141	143	0.00530973	0	0.626374	2
287	714	296	720	306	141	146	0.0625369	0	0.650549	1
288	683	283	690	288	141	143	0.0188791	0	0.621978	1
289	390	206	391	207	141	142	0.00117994	0	0.452747	1
290	251	202	251	209	141	144	0.0289086	0	0.443956	1
291	688	302	692	303	141	142	0.00294985	0	0.663736	1
292	671	278	676	284	141	144	0.0241888	0	0.610989	1
293	456	387	461	396	141	143	0.0507375	0	0.850549	1
294	677	261	689	275	141	146	0.122714	0	0.573626	1
295	488	53	488	53	141	142	0	0	0.116484	1
296	81	267	97	291	141	155	0.349263	0	0.586813	1
297	402	294	404	296	141	143	0.00353982	0	0.646154	1
298	392	279	392	280	142	143	0.000589971	0	0.613187	1
299	438	298	435	298	142	143	0.00176991	0	0.654945	2
300	518	439	517	444	142	143	0.0153392	0	0.964835	2
301	531	430	529	431	142	143	0.00176991	0	0.945055	2
302	341	439	342	440	142	143	0.00117994	0	0.964835	1
303	470	242	470	243	142	143	0.000589971	0	0.531868	1
304	388	239	376	260	142	149	0.267257	0	0.525275	2
305	315	442	315	443	142	143	0.000589971	0	0.971429	1
306	460	310	436	312	142	147	0.0165192	0	0.681319	2
307	500	388	506	400	142	145	0.0884956	0	0.852747	1
308	491	422	492	423	142	143	0.00117994	0	0.927473	1
309	460	225	447	228	142	145	0.0129794	0	0.494505	2
310	358	299	372	319	142	155	0.244248	0	0.657143	1
311	532	440	530	441	142	143	0.00176991	0	0.967033	2
312	515	290	529	311	142	155	0.268437	0	0.637363	1
313	705	230	701	236	143	146	0.0235988	0	0.505495	2
314	699	306	705	317	143	146	0.0749263	0	0.672527	1
315	259	222	257	227	143	144	0.0159292	0	0.487912	2
316	393	208	389	217	143	147	0.0501475	0	0.457143	2
317	378	270	379	272	143	144	0.00294985	0	0.593407	1
318	335	451	336	453	143	144	0.00294985	0	0.991209	1
319	425	210	425	211	143	144	0.000589971	0	0.461538	1
320	250	264	251	266	143	144	0.00294985	0	0.58022	1
321	484	409	484	411	143	144	0.00235988	0	0.898901	1
322	487	52	487	53	143	144	0.000589971	0	0.114286	1
323	432	300	426	302	144	145	0.00589971	0	0.659341	2
324	413	172	411	171	144	145	0.00176991	0	0.378022	2
325	424	290	419	293	144	145	0.00825959	0	0.637363	2
326	340	443	340	446	144	145	0.00530973	0	0.973626	1
327	443	239	435	254	144	148	0.137463	0	0.525275	2
328	470	245	458	250	144	147	0.0218289	0	0.538462	2
329	695	292	705	306	144	149	0.121534	0	0.641758	1
330	528	446	525	451	144	145	0.0165192	0	0.98022	2
331	420	278	416	280	144	145	0.00471976	0	0.610989	2
332	399	301	399	304	144	145	0.00530973	0	0.661538	1
333	232	278	237	297	144	150	0.215929	0	0.610989	1
334	278	252	279	256	144	145	0.0100295	0	0.553846	1
335	579	152	583	164	144	149	0.0873156	0	0.334066	1
336	681	258	692	270	144	150	0.0914454	0	0.567033	1
337	367	323	372	330	144	148	0.0318584	0	0.70989	1
338	460	237	449	245	144	147	0.0442478	0	0.520879	2
339	337	423	332	443	144	155	0.238938	0	0.92967	2
340	429	161	417	173	144	148	0.0920354	0	0.353846	2
341	588	183	586	185	144	145	0.00353982	0	0.402198	2
342	672	79	667	88	144	149	0.0507375	0	0.173626	2
343	504	417	502	422	144	145	0.0159292	0	0.916484	2
344	507	406	506	410	144	145	0.0100295	0	0.892308	2
345	457	420	458	425	145	146	0.0153392	0	0.923077	1
346	449	432	453	441	145	149	0.0501475	0	0.949451	1
347	409	303	408	305	145	146	0.00294985	0	0.665934	2
348	488	51	488	56	145	147	0.0147493	0	0.112088	1
349	253	269	254	274	145	147	0.0153392	0	0.591209	1
350	447	317	439	318	145	146	0.00530973	0	0.696703	2
351	374	272	374	275	145	146	0.00530973	0	0.597802	1
352	242	263	241	275	145	149	0.0855457	0	0.578022	2
353	251	220	249	227	145	147	0.0300885	0	0.483516	2
354	419	304	412	303	146	147	0.00471976	0	0.668132	2
355	516	449	515	453	146	147	0.0100295	0	0.986813	2
356	400	24	409	36	146	155	0.0902655	0	0.0527473	1
357	411	172	408	175	146	147	0.00707965	0	0.378022	2
358	696	255	696	257	146	147	0.00235988	0	0.56044	1
359	420	239	420	240	146	147	0.000589971	0	0.525275	1
360	496	405	494	409	146	147	0.0106195	0	0.89011	2
361	549	25	558	36	146	155	0.0766962	0	0.0549451	1
362	440	294	440	296	146	147	0.00235988	0	0.646154	1
363	425	250	425	252	146	147	0.00235988	0	0.549451	1
364	443	232	436	238	146	148	0.0253687	0	0.50989	2
365	432	24	441	36	146	155	0.0902655	0	0.0527473	1
366	611	181	612	186	146	148	0.0153392	0	0.397802	1
367	286	254	287	256	146	147	0.00294985	0	0.558242	1
368	373	24	382	36	146	155	0.0902655	0	0.0527473	1
369	762	47	771	58	146	155	0.0766962	0	0.103297	1
370	701	239	698	241	147	149	0.00412979	0	0.525275	2
371	706	320	708	325	147	150	0.0159292	0	0.703297	1
372	413	202	410	205	147	148	0.00707965	0	0.443956	2
373	721	308	729	316	147	154	0.0424779	0	0.676923	1
374	488	420	486	423	147	148	0.00648968	0	0.923077	2
375	411	285	408	287	147	148	0.00412979	0	0.626374	2
376	244	289	249	295	147	151	0.0241888	0	0.635165	1
377	522	292	531	301	147	155	0.0530973	0	0.641758	1
378	589	189	590	191	147	148	0.00294985	0	0.415385	1
379	692	293	694	295	147	148	0.00353982	0	0.643956	1
380	699	260	699	261	148	149	0.000589971	0	0.571429	1
381	426	238	427	239	148	149	0.00117994	0	0.523077	1
382	444	293	452	300	148	155	0.0336283	0	0.643956	1
383	405	179	402	181	148	149	0.00412979	0	0.393407	2
384	386	219	383	219	148	149	0.00176991	0	0.481319	2
385	681	301	682	302	148	149	0.00117994	0	0.661538	1
386	483	441	481	443	148	149	0.00353982	0	0.969231	2
387	282	226	282	229	148	149	0.00530973	0	0.496703	1
388	249	226	247	228	148	149	0.00353982	0	0.496703	2
389	408	302	405	301	148	149	0.00235988	0	0.663736	2
390	369	220	369	222	148	149	0.00235988	0	0.483516	1
391	704	291	709	293	148	151	0.00530973	0	0.63956	1
392	291	257	292	263	148	150	0.0218289	0	0.564835	1
393	486	65	485	67	148	149	0.00294985	0	0.142857	2
394	408	210	406	212	149	150	0.00353982	0	0.461538	2
395	436	257	436	259	149	150	0.00235988	0	0.564835	1
396	592	197	593	200	149	150	0.00589971	0	0.432967	1
397	416	176	411	183	149	153	0.0318584	0	0.386813	2
398	318	446	315	444	149	155	0.00412979	0	0.98022	2
399	437	240	434	242	149	150	0.00412979	0	0.527473	2
400	370	212	370	213	149	151	0.000589971	0	0.465934	1
401	492	419	490	424	149	151	0.0159292	0	0.920879	2
402	672	98	671	98	149	151	0.000589971	0	0.215385	2
403	286	274	291	279	149	153	0.0176991	0	0.602198	1
404	596	180	597	181	149	150	0.00117994	0	0.395604	1
405	698	242	690	247	150	155	0.019469	0	0.531868	2
406	484	450	484	453	150	151	0.00530973	0	0.989011	1
407	385	324	387	324	150	152	0.00117994	0	0.712088	1
408	404	182	402	183	150	152	0.00176991	0	0.4	2
409	404	303	402	303	150	151	0.00117994	0	0.665934	2
410	381	220	377	219	150	151	0.00294985	0	0.483516	2
411	683	312	688	315	150	154	0.00825959	0	0.685714	1
412	451	455	455	451	150	151	0.0117994	0	1	1
413	706	308	707	308	150	151	0.000589971	0	0.676923	1
414	456	442	461	440	150	151	0.00530973	0	0.971429	1
415	419	317	418	316	150	151	0.00117994	0	0.696703	2
416	245	235	243	236	150	151	0.00176991	0	0.516484	2
417	398	285	396	285	150	151	0.00117994	0	0.626374	2
418	486	69	486	73	150	152	0.00943953	0	0.151648	1
419	284	231	286	233	150	152	0.00353982	0	0.507692	1
420	585	166	589	169	150	154	0.00766962	0	0.364835	1
421	422	296	420	297	150	151	0.00176991	0	0.650549	2
422	381	255	382	258	150	154	0.00589971	0	0.56044	1
423	379	340	386	339	150	155	0.00471976	0	0.747253	1
424	498	89	498	90	150	151	0.000589971	0	0.195604	1
425	411	246	412	247	150	151	0.00117994	0	0.540659	1
426	675	84	675	88	150	155	0.00943953	0	0.184615	1
427	468	437	472	441	150	151	0.0117994	0	0.96044	1
428	359	325	366	328	150	155	0.00943953	0	0.714286	1
429	408	289	406	290	150	153	0.00176991	0	0.635165	2
430	424	244	425	245	150	151	0.00117994	0	0.536264	1
431	695	302	697	303	150	151	0.00176991	0	0.663736	1
432	500	399	527	412	150	155	0.115634	0	0.876923	1
433	291	290	296	293	150	155	0.00825959	0	0.637363	1
434	400	326	406	329	150	155	0.00884956	0	0.716484	1
435	594	214	597	216	150	152	0.00412979	0	0.47033	1
436	506	415	511	418	150	151	0.00825959	0	0.912088	1
437	406	213	404	214	151	153	0.00176991	0	0.468132	2
438	239	299	241	298	151	155	0.00176991	0	0.657143	1
439	711	327	712	327	151	152	0.000589971	0	0.718681	1
440	473	83	474	83	151	152	0.000589971	0	0.182418	1
441	425	211	422	211	151	152	0.00176991	0	0.463736	2
442	263	285	261	286	151	152	0.00176991	0	0.626374	2
443	521	419	530	423	151	153	0.0147493	0	0.920879	1
444	687	239	683	242	151	154	0.00766962	0	0.525275	2
445	804	99	808	101	151	155	0.00471976	0	0.217582	1
446	438	261	437	260	152	153	0.00117994	0	0.573626	2
447	376	221	372	221	152	153	0.00235988	0	0.485714	2
448	417	318	419	320	152	155	0.00353982	0	0.698901	1
449	709	310	709	312	152	154	0.00235988	0	0.681319	1
450	241	242	240	242	152	153	0.000589971	0	0.531868	2
451	435	211	435	212	152	153	0.000589971	0	0.463736	1
452	461	448	469	445	152	153	0.0100295	0	0.984615	1
453	496	435	495	438	152	153	0.00589971	0	0.956044	2
454	250	297	253	298	152	155	0.00235988	0	0.652747	1
455	392	267	390	267	152	153	0.00117994	0	0.586813	2
456	497	48	500	49	152	155	0.00235988	0	0.105495	1
457	55	289	58	289	152	155	0.00176991	0	0.635165	1
458	500	91	501	91	152	153	0.000589971	0	0.2	1
459	612	303	614	304	152	155	0.00176991	0	0.665934	1
460	295	265	296	268	152	153	0.00589971	0	0.582418	1
461	451	167	454	168	152	155	0.00235988	0	0.367033	1
462	598	178	600	184	152	155	0.0224189	0	0.391209	1
463	416	248	415	251	153	155	0.00589971	0	0.545055	2
464	395	185	392	184	153	154	0.00235988	0	0.406593	2
465	403	318	404	318	153	155	0.000589971	0	0.698901	1
466	474	84	474	84	153	154	0	0	0.184615	1
467	713	329	717	332	153	155	0.00766962	0	0.723077	1
468	422	212	419	212	153	154	0.00176991	0	0.465934	2
469	601	206	602	207	153	154	0.00117994	0	0.452747	1
470	697	269	699	272	153	155	0.00648968	0	0.591209	1
471	670	101	668	102	153	155	0.00176991	0	0.221978	2
472	490	428	491	436	153	155	0.0383481	0	0.940659	1
473	394	287	392	287	153	154	0.00117994	0	0.630769	2
474	484	71	483	71	153	154	0.000589971	0	0.156044	2
475	242	240	242	239	154	155	0.000589971	0	0.527473	1
476	385	316	385	316	154	155	0	0	0.694505	1
477	289	278	285	279	154	155	0.00294985	0	0.610989	2
478	494	443	493	447	154	155	0.0100295	0	0.973626	2
479	411	183	410	183	154	155	0.000589971	0	0.402198	2
480	405	291	404	290	154	155	0.00117994	0	0.63956	2
481	299	273	301	275	154	155	0.00353982	0	0.6	1
482	393	264	392	264	154	155	0.000589971	0	0.58022	2
483	695	39	696	39	154	155	0.000589971	0	0.0857143	1