
0	423	271	423	271	262	266	0	0	0.730458	1
1	270	179	266	177	262	266	0.08	0	0.48248	2
2	571	62	573	63	262	268	0.03	0	0.167116	1
3	364	210	363	209	262	263	0.02	0	0.566038	2
4	203	238	203	238	262	264	0	0	0.641509	1
5	401	168	400	167	262	263	0.02	0	0.45283	2
6	334	246	332	246	263	264	0.02	0	0.663073	2
7	324	107	324	107	263	264	0	0	0.28841	1
8	407	248	404	246	263	267	0.07	0	0.668464	2
9	312	152	314	150	263	265	0.06	0	0.409704	1
10	345	162	361	159	263	274	0.25	0	0.436658	1
11	343	222	343	220	263	264	0.04	0	0.598383	1
12	428	244	426	243	263	264	0.03	0	0.657682	2
13	631	261	635	260	263	270	0.05	0	0.703504	1
14	418	151	479	150	264	300	0.62	0	0.407008	1
15	365	209	365	208	264	265	0.01	0	0.563342	1
16	330	256	329	256	264	265	0.01	0	0.690027	2
17	403	211	402	209	264	265	0.05	0	0.568733	2
18	139	61	142	61	264	268	0.03	0	0.16442	1
19	597	176	622	176	264	284	0.25	0	0.474394	1
20	552	231	608	231	264	299	0.56	0	0.622642	1
21	567	204	567	205	264	268	0.01	0	0.549865	1
22	326	108	326	109	265	266	0.01	0	0.291105	1
23	424	242	421	241	265	266	0.04	0	0.652291	2
24	373	156	372	155	265	266	0.02	0	0.420485	2
25	421	203	421	204	265	266	0.01	0	0.54717	1
26	343	221	344	221	265	266	0.01	0	0.595687	1
27	356	227	356	227	265	266	0	0	0.61186	1
28	193	233	253	230	265	300	0.69	0	0.628032	1
29	325	233	325	233	266	267	0	0	0.628032	1
30	315	150	317	149	266	269	0.03	0	0.404313	1
31	401	209	392	207	266	274	0.13	0	0.563342	2
32	408	260	404	259	266	268	0.05	0	0.700809	2
33	413	230	410	228	266	267	0.07	0	0.619946	2
34	816	100	816	100	266	268	0	0	0.269542	1
35	328	257	328	257	266	269	0	0	0.692722	1
36	570	53	630	51	267	300	0.64	0	0.142857	1
37	134	103	135	102	267	268	0.02	0	0.277628	1
38	266	178	264	177	267	269	0.03	0	0.479784	2
39	328	110	330	109	267	269	0.03	0	0.296496	1
40	421	205	422	206	267	269	0.02	0	0.552561	1
41	395	146	393	146	267	268	0.02	0	0.393531	2
42	328	175	329	175	267	269	0.01	0	0.471698	1
43	379	189	380	188	267	268	0.02	0	0.509434	1
44	339	182	339	182	268	269	0	0	0.490566	1
45	325	233	325	232	268	269	0.01	0	0.628032	1
46	404	229	401	227	268	269	0.07	0	0.617251	2
47	393	239	391	237	268	269	0.06	0	0.644205	2
48	403	246	401	245	268	269	0.03	0	0.663073	2
49	361	215	361	217	268	269	0.04	0	0.579515	1
50	346	223	346	224	268	269	0.01	0	0.601078	1
51	567	188	580	190	269	276	0.17	0	0.506739	1
52	144	101	144	101	269	270	0	0	0.272237	1
53	589	47	590	46	269	271	0.02	0	0.126685	1
54	400	259	392	256	269	271	0.17	0	0.698113	2
55	494	95	554	93	269	300	0.64	0	0.256065	1
56	317	164	317	164	269	270	0	0	0.442049	1
57	431	236	431	236	269	270	0	0	0.636119	1
58	402	226	398	226	270	272	0.04	0	0.609164	2
59	440	158	442	158	270	273	0.02	0	0.425876	1
60	155	111	162	111	270	275	0.07	0	0.299191	1
61	327	233	327	233	270	272	0	0	0.628032	1
62	331	250	331	249	270	271	0.01	0	0.673854	1
63	445	117	447	117	270	272	0.02	0	0.315364	1
64	329	181	328	181	270	271	0.01	0	0.487871	2
65	228	233	228	232	270	271	0.01	0	0.628032	1
66	571	197	571	197	270	272	0	0	0.530997	1
67	356	180	359	179	270	271	0.04	0	0.485175	1
68	319	150	323	150	270	273	0.04	0	0.404313	1
69	817	100	825	100	270	275	0.08	0	0.269542	1
70	293	233	310	233	270	279	0.17	0	0.628032	1
71	282	52	297	52	270	277	0.15	0	0.140162	1
72	316	200	314	198	270	271	0.06	0	0.539084	2
73	330	260	336	267	270	275	0.55	0	0.700809	1
74	116	60	138	58	270	284	0.26	0	0.161725	1
75	329	171	334	170	270	273	0.06	0	0.460916	1
76	384	32	443	30	270	300	0.63	0	0.0862534	1
77	364	33	423	31	270	300	0.63	0	0.0889488	1
78	363	225	363	228	271	272	0.09	0	0.606469	1
79	347	188	349	187	271	272	0.03	0	0.506739	1
80	333	106	336	106	271	273	0.03	0	0.285714	1
81	422	247	423	247	272	273	0.01	0	0.665768	1
82	313	198	312	197	272	273	0.02	0	0.533693	2
83	162	93	168	93	272	275	0.06	0	0.250674	1
84	355	203	360	203	272	274	0.05	0	0.54717	1
85	389	255	387	253	272	273	0.06	0	0.687332	2
86	329	181	340	182	272	276	0.12	0	0.487871	1
87	380	198	385	197	272	275	0.06	0	0.533693	1
88	434	239	437	239	272	273	0.03	0	0.644205	1
89	255	175	263	175	272	282	0.08	0	0.471698	1
90	451	117	460	116	273	275	0.1	0	0.315364	1
91	440	101	498	99	273	300	0.62	0	0.272237	1
92	420	51	477	49	273	300	0.61	0	0.137466	1
93	529	48	613	46	273	300	0.88	0	0.12938	1
94	156	64	162	63	273	275	0.07	0	0.172507	1
95	339	255	340	256	274	275	0.02	0	0.687332	1
96	400	229	401	228	274	275	0.02	0	0.617251	1
97	352	237	357	239	274	275	0.09	0	0.638814	1
98	313	199	314	199	274	275	0.01	0	0.536388	1
99	337	171	339	171	274	275	0.02	0	0.460916	1
100	429	208	439	207	274	276	0.11	0	0.560647	1
101	442	241	458	240	274	278	0.17	0	0.649596	1
102	445	159	453	158	274	276	0.09	0	0.428571	1
103	460	55	512	53	275	300	0.56	0	0.148248	1
104	396	207	399	206	275	277	0.04	0	0.557951	1
105	470	52	523	50	275	300	0.57	0	0.140162	1
106	464	233	495	232	275	292	0.32	0	0.628032	1
107	364	186	370	186	275	276	0.06	0	0.501348	1
108	309	183	300	186	275	284	0.18	0	0.493261	2
109	347	109	352	108	275	276	0.06	0	0.293801	1
110	352	263	354	263	275	276	0.02	0	0.708895	1
111	365	249	369	252	275	276	0.13	0	0.671159	1
112	401	158	405	157	275	276	0.05	0	0.425876	1
113	343	258	345	258	276	277	0.02	0	0.695418	1
114	174	93	185	92	276	285	0.12	0	0.250674	1
115	702	59	750	58	276	300	0.49	0	0.15903	1
116	400	230	398	229	276	278	0.03	0	0.619946	2
117	469	116	478	115	276	279	0.1	0	0.312668	1
118	319	205	320	206	276	277	0.02	0	0.552561	1
119	26	371	73	367	276	300	0.63	0	1	1
120	390	196	392	196	276	277	0.02	0	0.528302	1
121	457	251	468	250	276	282	0.12	0	0.67655	1
122	167	61	170	60	276	277	0.04	0	0.16442	1
123	167	110	170	110	276	277	0.03	0	0.296496	1
124	343	172	344	172	276	277	0.01	0	0.463612	1
125	358	258	358	258	277	278	0	0	0.695418	1
126	341	233	342	233	277	278	0.01	0	0.628032	1
127	348	183	348	184	277	279	0.01	0	0.493261	1
128	365	114	366	113	277	278	0.02	0	0.307278	1
129	375	187	378	187	277	278	0.03	0	0.504043	1
130	607	67	633	67	277	288	0.26	0	0.180593	1
131	174	111	174	111	278	279	0	0	0.299191	1
132	585	192	585	192	278	279	0	0	0.51752	1
133	410	158	435	157	278	293	0.26	0	0.425876	1
134	298	53	299	52	278	281	0.02	0	0.142857	1
135	385	55	427	53	278	300	0.46	0	0.148248	1
136	444	207	444	206	278	279	0.01	0	0.557951	1
137	152	117	153	116	278	280	0.02	0	0.315364	1
138	376	101	377	100	278	281	0.02	0	0.272237	1
139	371	262	371	263	279	280	0.01	0	0.706199	1
140	379	249	383	251	279	280	0.08	0	0.671159	1
141	394	254	393	252	279	280	0.05	0	0.684636	2
142	447	49	488	47	279	300	0.45	0	0.132075	1
143	421	258	417	259	279	280	0.05	0	0.695418	2
144	163	106	167	105	279	284	0.05	0	0.285714	1
145	345	174	347	173	279	281	0.03	0	0.469003	1
146	339	164	341	164	279	281	0.02	0	0.442049	1
147	399	273	399	272	279	280	0.01	0	0.735849	1
148	478	115	501	116	280	287	0.24	0	0.309973	1
149	175	110	175	109	280	281	0.01	0	0.296496	1
150	342	263	343	261	280	281	0.05	0	0.708895	1
151	347	185	346	184	280	281	0.02	0	0.498652	2
152	363	212	366	213	280	281	0.04	0	0.571429	1
153	451	207	455	210	280	284	0.13	0	0.557951	1
154	364	33	405	31	280	300	0.45	0	0.0889488	1
155	388	173	389	172	280	281	0.02	0	0.466307	1
156	380	145	377	144	280	282	0.04	0	0.390836	2
157	358	263	359	263	281	282	0.01	0	0.708895	1
158	371	263	372	264	281	282	0.02	0	0.708895	1
159	391	197	390	197	281	282	0.01	0	0.530997	2
160	370	110	373	109	281	282	0.04	0	0.296496	1
161	391	239	389	239	281	282	0.02	0	0.644205	2
162	184	63	197	62	281	287	0.14	0	0.169811	1
163	186	111	186	110	281	282	0.01	0	0.299191	1
164	347	261	350	259	282	283	0.07	0	0.703504	1
165	258	208	259	209	282	283	0.02	0	0.560647	1
166	366	162	365	161	282	283	0.02	0	0.436658	2
167	380	188	381	188	282	283	0.01	0	0.506739	1
168	352	159	355	159	282	283	0.03	0	0.428571	1
169	372	99	375	98	282	283	0.04	0	0.266846	1
170	341	186	341	186	282	283	0	0	0.501348	1
171	352	173	357	172	282	283	0.06	0	0.466307	1
172	176	110	177	110	282	283	0.01	0	0.296496	1
173	369	254	372	256	282	283	0.07	0	0.684636	1
174	308	42	309	41	282	284	0.02	0	0.113208	1
175	494	76	506	75	282	288	0.13	0	0.204852	1
176	386	241	384	242	283	284	0.03	0	0.649596	2
177	264	183	283	192	283	294	1	0	0.493261	1
178	697	269	699	268	283	284	0.03	0	0.725067	1
179	365	106	366	105	283	284	0.02	0	0.285714	1
180	600	232	610	232	283	287	0.1	0	0.625337	1
181	187	112	190	111	283	285	0.04	0	0.301887	1
182	378	102	382	101	284	285	0.05	0	0.274933	1
183	383	254	384	254	284	285	0.01	0	0.684636	1
184	391	207	391	206	284	285	0.01	0	0.557951	1
185	342	193	347	196	284	287	0.14	0	0.520216	1
186	263	211	267	211	284	285	0.04	0	0.568733	1
187	462	157	499	156	284	300	0.38	0	0.423181	1
188	390	232	390	232	284	285	0	0	0.625337	1
189	501	54	530	53	285	299	0.3	0	0.145553	1
190	368	105	402	104	285	300	0.35	0	0.283019	1
191	374	179	376	180	285	286	0.03	0	0.48248	1
192	702	268	708	268	285	287	0.06	0	0.722372	1
193	262	257	265	257	285	286	0.03	0	0.692722	1
194	301	185	302	184	285	286	0.02	0	0.498652	1
195	305	50	317	50	285	290	0.12	0	0.134771	1
196	404	192	406	192	285	286	0.02	0	0.51752	1
197	349	244	352	244	285	286	0.03	0	0.657682	1
198	676	253	684	255	285	288	0.12	0	0.681941	1
199	458	211	485	217	285	295	0.63	0	0.568733	1
200	470	245	494	253	285	296	0.88	0	0.660377	1
201	750	364	784	364	285	300	0.34	0	0.981132	1
202	189	92	197	92	286	290	0.08	0	0.247978	1
203	692	263	693	265	286	287	0.05	0	0.708895	1
204	26	233	57	231	286	300	0.35	0	0.628032	1
205	308	39	316	39	286	291	0.08	0	0.105121	1
206	273	212	287	215	286	290	0.23	0	0.571429	1
207	390	251	389	251	287	288	0.01	0	0.67655	2
208	293	210	294	207	287	288	0.1	0	0.566038	1
209	419	270	444	268	287	298	0.29	0	0.727763	1
210	422	231	423	231	287	288	0.01	0	0.622642	1
211	393	207	392	207	287	288	0.01	0	0.557951	2
212	355	245	356	245	287	288	0.01	0	0.660377	1
213	376	155	378	154	287	288	0.03	0	0.41779	1
214	444	221	447	221	287	288	0.03	0	0.595687	1
215	349	197	350	197	288	289	0.01	0	0.530997	1
216	506	116	520	115	288	292	0.15	0	0.312668	1
217	261	232	263	232	288	289	0.02	0	0.625337	1
218	199	62	201	61	288	289	0.03	0	0.167116	1
219	697	268	700	270	288	289	0.07	0	0.722372	1
220	376	175	379	174	288	290	0.04	0	0.471698	1
221	388	109	412	108	289	300	0.25	0	0.293801	1
222	427	232	429	232	289	291	0.02	0	0.625337	1
223	451	221	454	221	289	290	0.03	0	0.595687	1
224	689	258	693	261	289	291	0.13	0	0.695418	1
225	269	257	269	260	289	291	0.09	0	0.692722	1
226	189	64	213	62	289	300	0.28	0	0.172507	1
227	381	157	382	156	289	290	0.02	0	0.423181	1
228	404	192	405	193	289	291	0.02	0	0.51752	1
229	374	251	387	252	289	299	0.14	0	0.67655	1
230	354	192	352	196	290	294	0.18	0	0.51752	2
231	265	232	267	231	290	292	0.03	0	0.625337	1
232	703	272	705	272	290	292	0.02	0	0.733154	1
233	362	232	362	231	290	291	0.01	0	0.625337	1
234	276	217	278	218	290	291	0.03	0	0.584906	1
235	200	94	205	94	291	294	0.05	0	0.253369	1
236	290	218	292	219	291	292	0.03	0	0.587601	1
237	390	209	389	209	291	292	0.01	0	0.563342	2
238	384	156	385	155	291	292	0.02	0	0.420485	1
239	425	254	426	256	292	293	0.05	0	0.684636	1
240	356	252	363	253	292	297	0.08	0	0.679245	1
241	365	232	380	231	292	299	0.16	0	0.625337	1
242	318	39	323	38	292	296	0.06	0	0.105121	1
243	431	232	433	231	292	293	0.03	0	0.625337	1
244	695	262	699	264	292	293	0.08	0	0.706199	1
245	405	192	405	192	292	293	0	0	0.51752	1
246	415	152	417	151	292	293	0.03	0	0.409704	1
247	368	152	368	151	292	293	0.01	0	0.409704	1
248	332	232	333	232	292	293	0.01	0	0.625337	1
249	223	60	242	58	292	300	0.23	0	0.161725	1
250	390	212	390	212	293	294	0	0	0.571429	1
251	524	115	538	112	293	298	0.23	0	0.309973	1
252	270	232	287	230	293	300	0.21	0	0.625337	1
253	404	110	407	110	293	295	0.03	0	0.296496	1
254	402	279	415	276	293	299	0.22	0	0.752022	1
255	497	232	500	232	293	295	0.03	0	0.625337	1
256	423	261	434	260	294	299	0.12	0	0.703504	1
257	390	234	389	233	294	295	0.02	0	0.630728	2
258	296	230	298	230	294	295	0.02	0	0.619946	1
259	479	249	480	249	294	295	0.01	0	0.671159	1
260	437	157	439	157	294	296	0.02	0	0.423181	1
261	396	153	397	152	294	295	0.02	0	0.412399	1
262	198	110	202	110	294	297	0.04	0	0.296496	1
263	208	95	210	94	295	297	0.03	0	0.256065	1
264	387	261	388	259	295	297	0.05	0	0.703504	1
265	389	212	388	211	295	297	0.02	0	0.571429	2
266	393	279	396	278	295	298	0.04	0	0.752022	1
267	398	253	399	253	295	296	0.01	0	0.681941	1
268	347	205	344	205	295	299	0.03	0	0.552561	2
269	410	197	408	197	295	296	0.02	0	0.530997	2
270	379	158	379	156	295	296	0.04	0	0.425876	1
271	410	267	414	266	296	298	0.05	0	0.719677	1
272	409	110	422	108	296	300	0.17	0	0.296496	1
273	484	250	493	251	296	299	0.1	0	0.673854	1
274	302	232	304	232	296	297	0.02	0	0.625337	1
275	400	155	407	155	296	299	0.07	0	0.41779	1
276	432	175	433	177	296	297	0.05	0	0.471698	1
277	502	232	511	231	296	299	0.1	0	0.625337	1
278	438	232	439	231	296	297	0.02	0	0.625337	1
279	400	253	403	252	297	298	0.04	0	0.681941	1
280	439	104	444	103	297	298	0.06	0	0.280323	1
281	374	200	380	200	297	299	0.06	0	0.539084	1
282	423	151	425	150	297	298	0.03	0	0.407008	1
283	449	172	454	171	297	298	0.06	0	0.463612	1
284	214	94	218	93	298	299	0.05	0	0.253369	1
285	442	231	446	230	298	299	0.05	0	0.622642	1
286	670	232	675	231	298	299	0.06	0	0.625337	1
287	205	109	209	108	298	299	0.05	0	0.293801	1
288	388	264	391	261	298	299	0.12	0	0.71159	1
289	381	150	385	150	298	299	0.04	0	0.404313	1
290	293	193	297	193	298	299	0.04	0	0.520216	1
291	492	217	501	219	298	300	0.13	0	0.584906	1
292	543	112	548	112	299	300	0.05	0	0.301887	1
293	407	195	407	195	299	300	0	0	0.525606	1
294	449	103	455	102	299	300	0.07	0	0.277628	1
295	454	191	459	190	299	300	0.06	0	0.514825	1
296	431	150	434	150	299	300	0.03	0	0.404313	1
297	406	251	410	251	299	300	0.04	0	0.67655	1