
0	543	160	540	157	177	178	0.0112888	0	0.351648	2
1	401	118	401	116	177	178	0.00376294	0	0.259341	1
2	629	260	632	258	177	178	0.00658514	0	0.571429	1
3	432	179	433	179	177	178	0.000940734	0	0.393407	1
4	477	146	477	145	177	178	0.000940734	0	0.320879	1
5	370	90	372	88	177	178	0.0056444	0	0.197802	1
6	493	126	492	126	177	178	0.000940734	0	0.276923	2
7	574	346	586	341	177	179	0.0348071	0	0.76044	1
8	632	276	640	270	177	179	0.0413923	0	0.606593	1
9	511	90	507	87	177	179	0.0122295	0	0.197802	2
10	391	120	391	118	177	178	0.00376294	0	0.263736	1
11	425	157	424	157	177	178	0.000940734	0	0.345055	2
12	378	139	380	139	177	179	0.00188147	0	0.305495	1
13	495	190	496	187	177	178	0.00940734	0	0.417582	1
14	440	236	442	235	178	179	0.0028222	0	0.518681	1
15	529	143	526	141	178	179	0.00658514	0	0.314286	2
16	375	98	380	95	178	180	0.0131703	0	0.215385	1
17	827	443	822	442	178	179	0.0056444	0	0.973626	2
18	677	122	676	122	178	179	0.000940734	0	0.268132	2
19	410	173	410	173	178	179	0	0	0.38022	1
20	370	149	372	148	178	179	0.0028222	0	0.327473	1
21	381	212	381	212	178	179	0	0	0.465934	1
22	602	158	603	157	178	179	0.00188147	0	0.347253	1
23	483	253	483	253	178	179	0	0	0.556044	1
24	115	165	128	165	178	185	0.0122295	0	0.362637	1
25	682	111	680	112	178	180	0.0028222	0	0.243956	2
26	392	159	392	158	178	179	0.000940734	0	0.349451	1
27	538	101	536	99	178	179	0.0056444	0	0.221978	2
28	645	190	648	190	178	179	0.0028222	0	0.417582	1
29	139	236	138	236	178	179	0.000940734	0	0.518681	2
30	466	123	466	121	179	180	0.00376294	0	0.27033	1
31	621	220	622	218	179	180	0.00470367	0	0.483516	1
32	472	155	473	153	179	180	0.00470367	0	0.340659	1
33	653	147	656	147	179	180	0.0028222	0	0.323077	1
34	542	109	542	106	179	180	0.0084666	0	0.23956	1
35	517	92	513	91	179	181	0.00470367	0	0.202198	2
36	424	229	424	229	179	181	0	0	0.503297	1
37	625	132	634	139	179	183	0.0545626	0	0.29011	1
38	444	161	446	160	179	180	0.0028222	0	0.353846	1
39	476	120	475	116	179	181	0.0159925	0	0.263736	2
40	401	145	403	146	180	184	0.0028222	0	0.318681	1
41	434	235	436	234	180	182	0.0028222	0	0.516484	1
42	403	116	405	117	180	183	0.0028222	0	0.254945	1
43	507	167	511	164	180	183	0.0122295	0	0.367033	1
44	672	263	673	264	180	184	0.00188147	0	0.578022	1
45	616	344	616	344	180	181	0	0	0.756044	1
46	146	128	150	127	180	182	0.00470367	0	0.281319	1
47	127	233	127	233	180	183	0	0	0.512088	1
48	610	217	610	214	180	181	0.0084666	0	0.476923	1
49	500	187	501	185	180	182	0.00470367	0	0.410989	1
50	393	115	395	114	180	182	0.0028222	0	0.252747	1
51	463	155	464	153	180	181	0.00470367	0	0.340659	1
52	543	119	544	117	180	181	0.00470367	0	0.261538	1
53	377	85	381	86	180	182	0.00470367	0	0.186813	1
54	188	160	182	159	180	182	0.00658514	0	0.351648	2
55	639	255	651	248	180	184	0.0573848	0	0.56044	1
56	662	253	663	253	180	182	0.000940734	0	0.556044	1
57	100	175	101	174	180	181	0.00188147	0	0.384615	1
58	381	213	381	213	180	181	0	0	0.468132	1
59	786	455	786	454	180	181	0.000940734	0	1	1
60	459	196	460	195	180	182	0.00188147	0	0.430769	1
61	139	242	136	242	180	188	0.0028222	0	0.531868	2
62	380	139	380	138	180	182	0.000940734	0	0.305495	1
63	136	150	141	149	180	184	0.0056444	0	0.32967	1
64	451	241	456	243	180	181	0.0084666	0	0.52967	1
65	486	253	486	253	180	184	0	0	0.556044	1
66	656	163	657	162	180	181	0.00188147	0	0.358242	1
67	650	454	651	454	180	188	0.000940734	0	0.997802	1
68	485	192	487	197	180	186	0.0253998	0	0.421978	1
69	91	252	93	254	180	194	0.0056444	0	0.553846	1
70	447	172	448	171	180	181	0.00188147	0	0.378022	1
71	451	135	455	133	180	183	0.00752587	0	0.296703	1
72	599	219	598	217	180	182	0.00470367	0	0.481319	2
73	393	157	393	156	180	184	0.000940734	0	0.345055	1
74	520	110	513	109	180	182	0.00752587	0	0.241758	2
75	413	174	418	171	180	185	0.0131703	0	0.382418	1
76	432	208	434	208	180	182	0.00188147	0	0.457143	1
77	371	152	372	152	180	183	0.000940734	0	0.334066	1
78	73	36	74	34	180	181	0.00470367	0	0.0791209	1
79	156	131	160	132	180	182	0.00470367	0	0.287912	1
80	648	223	650	217	180	185	0.0357479	0	0.49011	1
81	328	177	329	178	180	181	0.00188147	0	0.389011	1
82	408	212	409	211	180	181	0.00188147	0	0.465934	1
83	144	225	143	225	180	186	0.000940734	0	0.494505	2
84	654	243	654	242	180	181	0.000940734	0	0.534066	1
85	622	216	619	205	181	185	0.116651	0	0.474725	2
86	472	143	474	141	181	182	0.0056444	0	0.314286	1
87	475	153	480	153	181	192	0.00470367	0	0.336264	1
88	419	212	419	212	181	182	0	0	0.465934	1
89	531	154	527	153	181	182	0.00470367	0	0.338462	2
90	412	159	413	157	181	183	0.00470367	0	0.349451	1
91	584	212	579	210	181	183	0.0084666	0	0.465934	2
92	526	120	524	121	181	182	0.0028222	0	0.263736	2
93	342	127	354	130	181	187	0.0197554	0	0.279121	1
94	521	148	516	146	181	182	0.0084666	0	0.325275	2
95	679	114	676	114	181	182	0.0028222	0	0.250549	2
96	817	343	824	345	181	183	0.0103481	0	0.753846	1
97	473	190	473	189	181	182	0.000940734	0	0.417582	1
98	427	158	428	157	181	182	0.00188147	0	0.347253	1
99	689	180	689	179	181	182	0.000940734	0	0.395604	1
100	364	103	365	103	181	182	0.000940734	0	0.226374	1
101	142	137	151	135	181	185	0.0122295	0	0.301099	1
102	627	148	632	151	181	184	0.0131703	0	0.325275	1
103	540	100	538	100	182	183	0.00188147	0	0.21978	2
104	451	160	452	160	182	183	0.000940734	0	0.351648	1
105	508	86	494	94	182	189	0.0733772	0	0.189011	2
106	645	272	649	270	182	183	0.00752587	0	0.597802	1
107	386	96	389	100	182	184	0.0178739	0	0.210989	1
108	443	137	442	137	182	183	0.000940734	0	0.301099	2
109	802	440	802	441	182	183	0.000940734	0	0.967033	1
110	818	372	822	373	182	183	0.00470367	0	0.817582	1
111	661	154	662	155	182	183	0.00188147	0	0.338462	1
112	383	214	384	215	182	183	0.00188147	0	0.47033	1
113	637	222	636	220	182	183	0.00470367	0	0.487912	2
114	649	262	653	260	182	183	0.00752587	0	0.575824	1
115	813	447	813	447	182	186	0	0	0.982418	1
116	277	37	279	38	182	184	0.0028222	0	0.0813187	1
117	239	48	239	48	182	185	0	0	0.105495	1
118	474	212	476	213	182	183	0.0028222	0	0.465934	1
119	451	170	452	170	182	183	0.000940734	0	0.373626	1
120	620	357	621	356	182	185	0.00188147	0	0.784615	1
121	202	245	202	242	182	187	0.0084666	0	0.538462	1
122	488	208	489	207	183	184	0.00188147	0	0.457143	1
123	486	242	487	241	183	184	0.00188147	0	0.531868	1
124	439	232	442	230	183	184	0.00658514	0	0.50989	1
125	679	211	682	212	183	185	0.00376294	0	0.463736	1
126	153	127	162	122	183	187	0.0319849	0	0.279121	1
127	524	152	519	150	183	184	0.0084666	0	0.334066	2
128	681	141	680	141	183	186	0.000940734	0	0.30989	2
129	504	187	504	187	183	184	0	0	0.410989	1
130	173	154	168	152	183	184	0.0084666	0	0.338462	2
131	634	235	630	231	183	184	0.0188147	0	0.516484	2
132	135	165	137	164	183	184	0.0028222	0	0.362637	1
133	385	88	389	91	183	185	0.0122295	0	0.193407	1
134	430	157	431	155	183	185	0.00470367	0	0.345055	1
135	395	114	394	114	183	184	0.000940734	0	0.250549	2
136	463	198	466	197	183	185	0.00376294	0	0.435165	1
137	380	139	380	139	183	184	0	0	0.305495	1
138	173	164	168	162	183	184	0.0084666	0	0.36044	2
139	623	138	622	142	183	188	0.0159925	0	0.303297	2
140	426	204	426	203	183	184	0.000940734	0	0.448352	1
141	696	178	696	178	183	186	0	0	0.391209	1
142	734	449	735	454	183	195	0.0244591	0	0.986813	1
143	640	231	635	229	184	185	0.0084666	0	0.507692	2
144	476	142	475	141	184	185	0.00188147	0	0.312088	2
145	453	160	455	160	184	186	0.00188147	0	0.351648	1
146	406	116	404	116	184	186	0.00188147	0	0.254945	2
147	467	112	467	108	184	185	0.0150517	0	0.246154	1
148	514	169	516	170	184	186	0.0028222	0	0.371429	1
149	494	189	496	193	184	186	0.0169332	0	0.415385	1
150	458	131	459	130	184	185	0.00188147	0	0.287912	1
151	628	326	630	324	184	185	0.0056444	0	0.716484	1
152	670	117	665	115	184	186	0.0084666	0	0.257143	2
153	619	343	623	338	184	186	0.0272813	0	0.753846	1
154	636	141	632	145	184	188	0.0188147	0	0.30989	2
155	131	231	130	230	184	186	0.00188147	0	0.507692	2
156	458	175	461	174	184	187	0.00376294	0	0.384615	1
157	473	255	473	255	184	185	0	0	0.56044	1
158	362	131	367	135	184	186	0.0197554	0	0.287912	1
159	575	205	568	204	184	185	0.00752587	0	0.450549	2
160	479	211	480	215	184	185	0.0159925	0	0.463736	1
161	657	259	660	254	184	185	0.0263405	0	0.569231	1
162	656	91	643	88	185	189	0.0206961	0	0.2	2
163	391	101	394	102	185	186	0.00376294	0	0.221978	1
164	652	264	656	259	185	186	0.0272813	0	0.58022	1
165	517	216	516	216	185	187	0.000940734	0	0.474725	2
166	491	208	493	211	185	187	0.0103481	0	0.457143	1
167	167	154	162	151	185	186	0.0131703	0	0.338462	2
168	674	264	674	264	185	186	0	0	0.58022	1
169	656	291	666	284	185	187	0.0555033	0	0.63956	1
170	280	36	281	36	185	186	0.000940734	0	0.0791209	1
171	516	150	505	148	185	188	0.014111	0	0.32967	2
172	634	152	633	154	185	187	0.00470367	0	0.334066	2
173	169	179	163	177	185	186	0.00940734	0	0.393407	2
174	389	143	380	141	185	194	0.0122295	0	0.314286	2
175	646	86	633	82	185	189	0.0272813	0	0.189011	2
176	463	253	463	252	185	186	0.000940734	0	0.556044	1
177	661	313	667	307	186	187	0.0395108	0	0.687912	1
178	617	201	614	197	186	187	0.0178739	0	0.441758	2
179	630	228	624	226	186	187	0.00940734	0	0.501099	2
180	685	214	684	213	186	188	0.00188147	0	0.47033	2
181	468	105	468	101	186	187	0.0150517	0	0.230769	1
182	527	107	523	110	186	187	0.0122295	0	0.235165	2
183	486	255	487	256	186	187	0.00188147	0	0.56044	1
184	636	321	655	315	186	189	0.0517404	0	0.705495	1
185	620	226	614	225	186	187	0.00658514	0	0.496703	2
186	531	208	529	207	186	187	0.0028222	0	0.457143	2
187	477	180	477	179	186	187	0.000940734	0	0.395604	1
188	471	165	473	169	186	194	0.0169332	0	0.362637	1
189	663	168	654	171	186	187	0.0169332	0	0.369231	2
190	160	140	162	138	186	187	0.0056444	0	0.307692	1
191	639	207	629	206	186	188	0.0103481	0	0.454945	2
192	574	211	556	210	186	188	0.0178739	0	0.463736	2
193	645	130	643	129	186	187	0.0028222	0	0.285714	2
194	394	160	393	161	186	188	0.00188147	0	0.351648	2
195	502	147	497	146	186	187	0.0056444	0	0.323077	2
196	446	133	444	132	186	187	0.0028222	0	0.292308	2
197	384	101	387	102	186	187	0.00376294	0	0.221978	1
198	392	133	385	133	186	190	0.00658514	0	0.292308	2
199	465	202	467	202	186	187	0.00188147	0	0.443956	1
200	380	141	379	141	186	187	0.000940734	0	0.30989	2
201	394	92	397	93	186	187	0.00376294	0	0.202198	1
202	154	149	147	147	187	188	0.0103481	0	0.327473	2
203	403	117	401	117	187	188	0.00188147	0	0.257143	2
204	516	167	516	170	187	189	0.0084666	0	0.367033	1
205	509	194	509	196	187	188	0.00376294	0	0.426374	1
206	655	124	654	124	187	188	0.000940734	0	0.272527	2
207	676	251	675	251	187	188	0.000940734	0	0.551648	2
208	155	175	146	172	187	188	0.0169332	0	0.384615	2
209	496	196	496	199	187	188	0.0084666	0	0.430769	1
210	397	103	401	103	187	188	0.00376294	0	0.226374	1
211	668	150	667	150	187	188	0.000940734	0	0.32967	2
212	666	323	672	325	187	188	0.00940734	0	0.70989	1
213	678	152	676	152	187	188	0.00188147	0	0.334066	2
214	443	185	446	188	187	191	0.0112888	0	0.406593	1
215	433	156	433	157	187	188	0.000940734	0	0.342857	1
216	238	36	238	36	187	189	0	0	0.0791209	1
217	412	186	410	185	187	188	0.0028222	0	0.408791	2
218	427	200	423	203	187	188	0.0122295	0	0.43956	2
219	490	117	487	113	187	189	0.0178739	0	0.257143	2
220	683	223	682	223	187	188	0.000940734	0	0.49011	2
221	369	140	369	138	187	188	0.00376294	0	0.307692	1
222	690	158	684	156	187	189	0.00940734	0	0.347253	2
223	517	120	508	122	187	188	0.0122295	0	0.263736	2
224	459	212	459	212	187	188	0	0	0.465934	1
225	611	195	607	193	188	189	0.00752587	0	0.428571	2
226	637	173	628	170	188	189	0.0169332	0	0.38022	2
227	516	218	515	218	188	189	0.000940734	0	0.479121	2
228	647	174	638	172	188	189	0.0122295	0	0.382418	2
229	615	226	615	228	188	189	0.00376294	0	0.496703	1
230	477	179	479	180	188	193	0.0028222	0	0.393407	1
231	163	122	180	115	188	194	0.0620884	0	0.268132	1
232	469	99	463	87	188	194	0.14111	0	0.217582	2
233	794	438	794	438	188	189	0	0	0.962637	1
234	465	141	466	143	188	189	0.00470367	0	0.30989	1
235	464	249	465	248	188	189	0.00188147	0	0.547253	1
236	684	169	683	169	188	189	0.000940734	0	0.371429	2
237	131	230	130	230	188	189	0.000940734	0	0.505495	2
238	462	239	462	240	188	189	0.000940734	0	0.525275	1
239	601	192	598	190	188	189	0.00658514	0	0.421978	2
240	411	125	408	125	188	189	0.0028222	0	0.274725	2
241	441	132	437	133	188	189	0.00470367	0	0.29011	2
242	807	427	817	421	188	191	0.0432738	0	0.938462	1
243	476	211	481	220	188	192	0.0809031	0	0.463736	1
244	350	202	349	205	188	189	0.00940734	0	0.443956	2
245	423	174	425	176	188	189	0.0056444	0	0.382418	1
246	446	147	446	149	188	189	0.00376294	0	0.323077	1
247	474	196	475	197	188	189	0.00188147	0	0.430769	1
248	650	159	639	157	188	190	0.014111	0	0.349451	2
249	186	242	180	242	188	189	0.0056444	0	0.531868	2
250	241	24	241	25	188	189	0.000940734	0	0.0527473	1
251	426	206	427	206	189	190	0.000940734	0	0.452747	1
252	491	263	494	265	189	190	0.00658514	0	0.578022	1
253	658	119	656	117	189	190	0.0056444	0	0.261538	2
254	500	149	496	147	189	190	0.00752587	0	0.327473	2
255	629	147	623	146	189	190	0.00658514	0	0.323077	2
256	811	448	812	447	189	190	0.00188147	0	0.984615	1
257	502	204	505	206	189	191	0.00658514	0	0.448352	1
258	458	163	460	163	189	190	0.00188147	0	0.358242	1
259	610	267	603	270	189	194	0.0150517	0	0.586813	2
260	681	215	675	211	189	191	0.0206961	0	0.472527	2
261	392	123	390	122	189	190	0.0028222	0	0.27033	2
262	674	238	678	237	189	190	0.00470367	0	0.523077	1
263	413	215	412	214	189	190	0.00188147	0	0.472527	2
264	488	173	488	173	189	190	0	0	0.38022	1
265	625	208	621	204	189	191	0.0188147	0	0.457143	2
266	405	99	410	99	189	190	0.00470367	0	0.217582	1
267	547	214	533	215	189	191	0.014111	0	0.47033	2
268	118	35	118	35	189	190	0	0	0.0769231	1
269	651	455	651	454	189	191	0.000940734	0	1	1
270	397	165	396	163	189	190	0.00470367	0	0.362637	2
271	661	175	658	174	189	190	0.00376294	0	0.384615	2
272	677	306	679	307	189	190	0.0028222	0	0.672527	1
273	677	342	678	339	189	194	0.00940734	0	0.751648	1
274	625	251	619	254	189	190	0.014111	0	0.551648	2
275	425	131	421	136	189	190	0.0272813	0	0.287912	2
276	681	328	683	330	189	193	0.0056444	0	0.720879	1
277	505	194	508	195	189	191	0.00376294	0	0.426374	1
278	436	160	437	161	189	190	0.00188147	0	0.351648	1
279	433	118	430	117	189	190	0.00376294	0	0.259341	2
280	613	210	610	209	189	190	0.00376294	0	0.461538	2
281	485	198	486	199	189	190	0.00188147	0	0.435165	1
282	640	87	626	86	190	194	0.014111	0	0.191209	2
283	466	136	467	135	190	191	0.00188147	0	0.298901	1
284	136	146	124	145	190	192	0.0122295	0	0.320879	2
285	393	112	391	111	190	191	0.0028222	0	0.246154	2
286	605	193	601	191	190	192	0.00752587	0	0.424176	2
287	403	115	401	114	190	191	0.0028222	0	0.252747	2
288	518	171	519	171	190	191	0.000940734	0	0.375824	1
289	435	134	432	134	190	192	0.0028222	0	0.294505	2
290	135	170	130	168	190	191	0.0084666	0	0.373626	2
291	458	174	460	177	190	193	0.0103481	0	0.382418	1
292	494	237	499	235	190	191	0.0084666	0	0.520879	1
293	526	203	520	202	190	191	0.00658514	0	0.446154	2
294	470	249	474	249	190	191	0.00376294	0	0.547253	1
295	429	177	437	199	190	198	0.462841	0	0.389011	1
296	630	89	626	88	190	191	0.00470367	0	0.195604	2
297	370	157	368	156	190	191	0.0028222	0	0.345055	2
298	185	242	176	243	190	191	0.00940734	0	0.531868	2
299	450	149	451	148	190	191	0.00188147	0	0.327473	1
300	145	246	144	245	190	191	0.00188147	0	0.540659	2
301	497	268	499	276	191	194	0.0620884	0	0.589011	1
302	618	146	608	148	191	193	0.0131703	0	0.320879	2
303	627	224	628	222	191	192	0.00470367	0	0.492308	1
304	493	147	489	147	191	192	0.00376294	0	0.323077	2
305	389	121	387	120	191	192	0.0028222	0	0.265934	2
306	395	145	395	146	191	193	0.000940734	0	0.318681	1
307	413	214	411	214	191	192	0.00188147	0	0.47033	2
308	805	430	813	423	191	192	0.0536218	0	0.945055	1
309	481	198	482	200	191	192	0.00470367	0	0.435165	1
310	440	162	441	163	191	192	0.00188147	0	0.356044	1
311	392	159	389	158	191	192	0.00376294	0	0.349451	2
312	386	132	385	131	191	194	0.00188147	0	0.29011	2
313	497	216	499	217	191	192	0.0028222	0	0.474725	1
314	593	186	589	186	191	194	0.00376294	0	0.408791	2
315	532	232	527	233	191	192	0.0056444	0	0.50989	2
316	416	227	417	231	191	192	0.0159925	0	0.498901	1
317	498	196	504	200	191	194	0.0206961	0	0.430769	1
318	140	148	133	148	191	192	0.00658514	0	0.325275	2
319	687	259	693	259	191	192	0.0056444	0	0.569231	1
320	634	159	624	165	191	195	0.0432738	0	0.349451	2
321	409	186	402	188	191	195	0.0103481	0	0.408791	2
322	469	191	472	197	191	194	0.0366886	0	0.41978	1
323	429	118	430	120	191	194	0.00470367	0	0.259341	1
324	420	204	419	204	191	192	0.000940734	0	0.448352	2
325	458	125	457	126	191	192	0.00188147	0	0.274725	2
326	485	260	484	261	191	192	0.00188147	0	0.571429	2
327	217	240	217	241	191	194	0.000940734	0	0.527473	1
328	504	206	506	207	192	193	0.0028222	0	0.452747	1
329	683	237	686	235	192	193	0.00658514	0	0.520879	1
330	530	218	530	220	192	194	0.00376294	0	0.479121	1
331	630	212	629	211	192	194	0.00188147	0	0.465934	2
332	140	199	131	198	192	194	0.00940734	0	0.437363	2
333	520	179	523	179	192	194	0.0028222	0	0.393407	1
334	602	144	597	145	192	193	0.0056444	0	0.316484	2
335	701	281	696	274	192	193	0.0507996	0	0.617582	2
336	485	106	483	104	192	193	0.0056444	0	0.232967	2
337	479	251	481	253	192	193	0.0056444	0	0.551648	1
338	452	149	451	149	192	193	0.000940734	0	0.327473	2
339	651	455	651	454	192	193	0.000940734	0	1	1
340	519	169	520	169	192	193	0.000940734	0	0.371429	1
341	456	83	454	81	192	193	0.0056444	0	0.182418	2
342	510	196	511	196	192	193	0.000940734	0	0.430769	1
343	400	124	398	123	192	193	0.0028222	0	0.272527	2
344	506	253	507	255	192	193	0.00470367	0	0.556044	1
345	623	88	619	87	192	193	0.00470367	0	0.193407	2
346	422	134	419	133	192	193	0.00376294	0	0.294505	2
347	622	202	622	201	192	193	0.000940734	0	0.443956	1
348	659	254	662	261	192	193	0.0489182	0	0.558242	1
349	128	245	127	245	192	193	0.000940734	0	0.538462	2
350	269	51	272	50	192	193	0.00376294	0	0.112088	1
351	486	125	484	123	192	194	0.0056444	0	0.274725	2
352	624	228	620	227	193	194	0.00470367	0	0.501099	2
353	485	202	486	203	193	194	0.00188147	0	0.443956	1
354	601	191	600	191	193	194	0.000940734	0	0.41978	2
355	481	155	486	166	193	197	0.118532	0	0.340659	1
356	387	121	385	121	193	194	0.00188147	0	0.265934	2
357	118	144	112	143	193	194	0.00658514	0	0.316484	2
358	441	165	441	166	193	194	0.000940734	0	0.362637	1
359	397	112	396	111	193	194	0.00188147	0	0.246154	2
360	483	219	485	220	193	194	0.0028222	0	0.481319	1
361	504	217	507	217	193	194	0.0028222	0	0.476923	1
362	387	111	386	111	193	194	0.000940734	0	0.243956	2
363	678	191	676	190	193	194	0.0028222	0	0.41978	2
364	474	132	473	131	193	194	0.00188147	0	0.29011	2
365	652	256	646	258	193	194	0.00940734	0	0.562637	2
366	426	212	425	213	193	194	0.00188147	0	0.465934	2
367	489	175	491	175	193	194	0.00188147	0	0.384615	1
368	466	155	466	154	193	194	0.000940734	0	0.340659	1
369	168	154	170	153	193	194	0.0028222	0	0.338462	1
370	178	142	182	141	193	194	0.00470367	0	0.312088	1
371	459	242	459	242	193	194	0	0	0.531868	1
372	127	162	121	161	193	194	0.00658514	0	0.356044	2
373	497	159	498	161	193	195	0.00470367	0	0.349451	1
374	479	145	480	147	194	195	0.00470367	0	0.318681	1
375	604	150	599	170	194	197	0.380997	0	0.32967	2
376	431	135	429	136	194	195	0.0028222	0	0.296703	2
377	398	122	397	124	194	195	0.00470367	0	0.268132	2
378	683	329	684	326	194	195	0.00940734	0	0.723077	1
379	646	105	641	106	194	195	0.0056444	0	0.230769	2
380	616	80	611	82	194	195	0.0084666	0	0.175824	2
381	414	235	412	239	194	195	0.0169332	0	0.516484	2
382	122	146	112	149	194	196	0.0178739	0	0.320879	2
383	483	104	481	107	194	195	0.0103481	0	0.228571	2
384	695	274	700	274	194	195	0.00470367	0	0.602198	1
385	453	81	451	84	194	195	0.0103481	0	0.178022	2
386	505	276	513	295	195	199	0.347131	0	0.606593	1
387	599	195	602	210	195	198	0.214487	0	0.428571	1
388	623	89	637	111	195	205	0.468485	0	0.195604	1
389	487	210	493	219	195	197	0.0818438	0	0.461538	1
390	182	116	202	137	195	199	0.433678	0	0.254945	1
391	387	116	396	134	195	199	0.313264	0	0.254945	1
392	406	146	408	150	195	196	0.0169332	0	0.320879	1
393	623	207	621	212	195	196	0.0253998	0	0.454945	2
394	683	245	710	252	195	200	0.0714958	0	0.538462	1
395	381	145	388	164	195	199	0.34619	0	0.318681	1
396	530	183	550	208	195	200	0.606773	0	0.402198	1
397	387	135	395	153	195	199	0.312324	0	0.296703	1
398	612	230	604	233	195	196	0.0159925	0	0.505495	2
399	441	167	441	171	195	196	0.0150517	0	0.367033	1
400	190	209	197	214	195	196	0.0301035	0	0.459341	1
401	695	231	699	232	195	196	0.00470367	0	0.507692	1
402	464	244	464	248	195	196	0.0150517	0	0.536264	1
403	681	255	701	259	195	199	0.0338664	0	0.56044	1
404	463	89	522	111	195	207	0.510818	0	0.195604	1
405	620	111	614	113	195	196	0.00940734	0	0.243956	2
406	495	179	497	182	195	196	0.0103481	0	0.393407	1
407	157	251	166	266	195	199	0.220132	0	0.551648	1
408	497	208	504	218	195	197	0.100659	0	0.457143	1
409	492	262	496	266	195	196	0.0188147	0	0.575824	1
410	452	153	452	157	195	196	0.0150517	0	0.336264	1
411	449	192	451	196	195	196	0.0169332	0	0.421978	1
412	179	37	182	43	195	196	0.0366886	0	0.0813187	1
413	347	210	346	221	195	197	0.11477	0	0.461538	2
414	481	259	482	263	195	196	0.0159925	0	0.569231	1
415	111	171	104	180	195	197	0.0827846	0	0.375824	2
416	686	217	689	218	195	196	0.00376294	0	0.476923	1
417	483	186	490	193	195	197	0.0526811	0	0.408791	1
418	527	237	528	241	195	196	0.0159925	0	0.520879	1
419	182	127	192	138	195	197	0.123236	0	0.279121	1
420	643	196	642	200	195	196	0.0159925	0	0.430769	2
421	489	225	517	255	195	201	0.873001	0	0.494505	1
422	169	133	189	154	195	199	0.433678	0	0.292308	1
423	195	221	199	226	195	196	0.0272813	0	0.485714	1
424	106	147	97	177	195	202	0.855127	0	0.323077	2
425	589	184	589	188	195	196	0.0150517	0	0.404396	1
426	690	273	710	276	195	198	0.0272813	0	0.6	1
427	358	231	424	262	195	205	0.966134	0	0.507692	1
428	668	180	666	184	195	196	0.0169332	0	0.395604	2
429	513	263	522	280	195	198	0.280339	0	0.578022	1
430	652	117	633	137	195	199	0.394167	0	0.257143	2
431	406	136	407	140	195	196	0.0159925	0	0.298901	1
432	467	184	475	197	195	199	0.16651	0	0.404396	1
433	219	245	274	276	195	204	0.955786	0	0.538462	1
434	449	113	452	118	195	196	0.0263405	0	0.248352	1
435	644	129	635	135	195	197	0.042333	0	0.283516	2
436	129	246	130	253	195	197	0.0470367	0	0.540659	1
437	503	265	505	270	195	196	0.0253998	0	0.582418	1
438	685	305	701	307	195	197	0.0188147	0	0.67033	1
439	413	165	427	168	195	196	0.0216369	0	0.362637	1
440	473	97	473	108	195	197	0.113829	0	0.213187	1
441	629	259	628	263	195	196	0.0159925	0	0.569231	2
442	790	443	793	451	195	197	0.0630292	0	0.973626	1
443	117	161	112	164	195	196	0.0131703	0	0.353846	2
444	483	152	485	155	196	197	0.0103481	0	0.334066	1
445	616	230	608	234	196	197	0.0225776	0	0.505495	2
446	606	279	612	284	196	197	0.0291627	0	0.613187	1
447	465	139	465	143	196	197	0.0150517	0	0.305495	1
448	645	296	643	302	196	197	0.0357479	0	0.650549	2
449	412	244	415	253	196	198	0.0790216	0	0.536264	1
450	640	176	640	174	196	197	0.00376294	0	0.386813	1
451	479	141	483	143	196	197	0.00752587	0	0.30989	1
452	481	115	481	121	196	197	0.0338664	0	0.252747	1
453	398	130	400	135	196	197	0.0253998	0	0.285714	1
454	650	181	649	179	196	197	0.00470367	0	0.397802	2
455	522	187	525	192	196	197	0.0263405	0	0.410989	1
456	386	130	394	144	196	199	0.19191	0	0.285714	1
457	706	277	712	277	196	197	0.0056444	0	0.608791	1
458	717	246	720	251	196	197	0.0263405	0	0.540659	1
459	505	234	544	266	196	202	1	0	0.514286	1
460	609	87	604	108	196	202	0.419567	0	0.191209	2
461	463	151	463	156	196	197	0.0235183	0	0.331868	1
462	479	209	484	218	196	199	0.0809031	0	0.459341	1
463	538	242	547	258	196	200	0.249294	0	0.531868	1
464	430	230	437	240	197	200	0.100659	0	0.505495	1
465	692	233	695	234	197	198	0.00376294	0	0.512088	1
466	631	271	633	277	197	198	0.0357479	0	0.595604	1
467	475	252	476	255	197	198	0.00940734	0	0.553846	1
468	504	168	508	172	197	199	0.0188147	0	0.369231	1
469	640	206	637	208	197	198	0.00658514	0	0.452747	2
470	203	230	205	233	197	198	0.0103481	0	0.505495	1
471	495	154	505	161	197	200	0.0555033	0	0.338462	1
472	185	52	187	55	197	198	0.0103481	0	0.114286	1
473	110	151	161	172	197	211	0.462841	0	0.331868	1
474	360	193	377	214	197	201	0.430856	0	0.424176	1
475	703	234	710	235	197	199	0.00752587	0	0.514286	1
476	465	255	464	264	197	199	0.0771402	0	0.56044	2
477	610	116	607	118	197	198	0.00658514	0	0.254945	2
478	711	310	718	310	197	198	0.00658514	0	0.681319	1
479	641	282	646	292	197	199	0.098777	0	0.61978	1
480	695	221	708	225	197	200	0.0272813	0	0.485714	1
481	595	195	595	199	197	198	0.0150517	0	0.428571	1
482	99	266	112	283	197	201	0.284102	0	0.584615	1
483	500	186	507	196	197	200	0.100659	0	0.408791	1
484	639	116	631	124	197	199	0.0677328	0	0.254945	2
485	614	144	612	149	197	198	0.0253998	0	0.316484	2
486	612	201	611	210	197	199	0.0771402	0	0.441758	2
487	522	225	529	228	197	198	0.0150517	0	0.494505	1
488	488	160	490	162	198	199	0.0056444	0	0.351648	1
489	506	276	510	278	198	199	0.00752587	0	0.606593	1
490	646	305	647	308	198	199	0.00940734	0	0.67033	1
491	599	176	602	192	198	201	0.24365	0	0.386813	1
492	470	152	469	156	198	199	0.0159925	0	0.334066	2
493	445	171	442	173	198	199	0.00658514	0	0.375824	2
494	497	224	498	229	198	199	0.0244591	0	0.492308	1
495	416	159	418	161	198	199	0.0056444	0	0.349451	1
496	621	289	626	292	198	199	0.0131703	0	0.635165	1
497	718	255	728	257	198	200	0.0131703	0	0.56044	1
498	722	337	728	343	198	200	0.0395108	0	0.740659	1
499	490	170	504	183	198	201	0.172154	0	0.373626	1
500	592	238	584	239	198	199	0.0084666	0	0.523077	2
501	197	143	218	161	198	201	0.324553	0	0.314286	1
502	481	124	482	129	198	200	0.0244591	0	0.272527	1
503	602	239	593	240	198	199	0.00940734	0	0.525275	2
504	632	169	629	172	198	199	0.0112888	0	0.371429	2
505	458	162	457	165	198	199	0.00940734	0	0.356044	2
506	717	324	718	326	198	199	0.00470367	0	0.712088	1
507	101	184	99	202	198	201	0.306679	0	0.404396	2
508	489	108	490	112	198	200	0.0159925	0	0.237363	1
509	404	140	412	149	198	200	0.0837253	0	0.307692	1
510	530	196	548	212	198	201	0.257761	0	0.430769	1
511	589	173	588	182	198	200	0.0771402	0	0.38022	2
512	431	146	434	148	198	199	0.00658514	0	0.320879	1
513	510	224	529	239	198	201	0.229539	0	0.492308	1
514	192	175	206	187	198	200	0.148636	0	0.384615	1
515	622	180	620	183	198	199	0.0103481	0	0.395604	2
516	601	216	605	228	199	201	0.139229	0	0.474725	1
517	489	152	492	155	199	200	0.0112888	0	0.334066	1
518	427	263	458	280	199	203	0.301035	0	0.578022	1
519	437	203	437	209	199	200	0.0338664	0	0.446154	1
520	698	236	726	241	199	202	0.0498589	0	0.518681	1
521	499	117	503	118	199	200	0.00470367	0	0.257143	1
522	417	257	422	262	199	200	0.028222	0	0.564835	1
523	616	230	657	253	199	205	0.536218	0	0.505495	1
524	595	206	600	217	199	201	0.118532	0	0.452747	1
525	477	263	477	271	199	200	0.060207	0	0.578022	1
526	610	152	610	157	199	200	0.0235183	0	0.334066	1
527	211	252	344	270	199	213	0.429915	0	0.553846	1
528	186	173	213	188	199	202	0.237065	0	0.38022	1
529	496	201	504	212	199	201	0.121355	0	0.441758	1
530	411	243	412	247	199	200	0.0159925	0	0.534066	1
531	471	161	484	172	200	202	0.126058	0	0.353846	1
532	580	243	585	247	200	201	0.0197554	0	0.534066	1
533	517	302	566	319	200	204	0.317968	0	0.663736	1
534	471	126	480	132	200	201	0.042333	0	0.276923	1
535	467	209	482	217	200	202	0.074318	0	0.459341	1
536	458	177	463	183	200	201	0.0385701	0	0.389011	1
537	173	26	329	39	200	215	0.305738	0	0.0571429	1
538	212	144	221	151	200	201	0.0545626	0	0.316484	1
539	460	130	468	137	200	201	0.0536218	0	0.285714	1
540	602	201	605	206	200	201	0.0263405	0	0.441758	1
541	513	179	519	184	200	201	0.0291627	0	0.393407	1
542	448	98	448	102	200	201	0.0150517	0	0.215385	1
543	424	164	431	168	200	201	0.0216369	0	0.36044	1
544	612	129	616	135	200	201	0.0376294	0	0.283516	1
545	401	149	422	157	200	202	0.0799624	0	0.327473	1
546	483	178	489	183	200	201	0.0291627	0	0.391209	1
547	153	265	308	278	200	215	0.304798	0	0.582418	1
548	479	202	494	209	200	202	0.060207	0	0.443956	1
549	545	236	565	245	200	202	0.0950141	0	0.518681	1
550	170	272	325	285	200	215	0.304798	0	0.597802	1
551	401	236	408	240	200	201	0.0216369	0	0.518681	1
552	87	180	101	192	200	203	0.148636	0	0.395604	1
553	32	30	188	43	200	215	0.305738	0	0.0659341	1
554	618	167	622	172	200	201	0.0272813	0	0.367033	1
555	197	160	233	174	200	203	0.21825	0	0.351648	1
556	400	161	419	168	200	202	0.0639699	0	0.353846	1
557	716	239	725	242	200	201	0.0169332	0	0.525275	1
558	613	218	622	228	200	202	0.10254	0	0.479121	1
559	93	284	136	294	200	204	0.134525	0	0.624176	1
560	521	293	531	301	201	202	0.0696143	0	0.643956	1
561	510	245	521	249	201	202	0.0253998	0	0.538462	1
562	508	122	514	124	201	202	0.00940734	0	0.268132	1
563	448	134	451	134	201	202	0.0028222	0	0.294505	1
564	26	25	177	32	201	215	0.188147	0	0.0549451	1
565	499	161	507	165	201	202	0.0225776	0	0.353846	1
566	589	198	595	200	201	202	0.00940734	0	0.435165	1
567	221	234	232	236	201	202	0.014111	0	0.514286	1
568	441	215	450	220	201	202	0.0319849	0	0.472527	1
569	495	114	501	115	201	202	0.00658514	0	0.250549	1
570	520	199	528	202	201	202	0.0159925	0	0.437363	1
571	488	166	495	170	201	202	0.0216369	0	0.364835	1
572	84	24	234	31	201	215	0.187206	0	0.0527473	1
573	475	275	484	281	201	202	0.042333	0	0.604396	1
574	558	209	584	216	201	203	0.070555	0	0.459341	1
575	626	136	629	139	201	202	0.0112888	0	0.298901	1
576	592	188	597	192	201	202	0.0197554	0	0.413187	1
577	416	219	426	222	201	202	0.0178739	0	0.481319	1
578	727	335	737	336	201	202	0.0103481	0	0.736264	1
579	211	196	241	203	201	203	0.074318	0	0.430769	1
580	408	194	419	196	201	202	0.014111	0	0.426374	1
581	447	151	454	154	201	202	0.0150517	0	0.331868	1
582	384	185	411	189	201	203	0.0404516	0	0.406593	1
583	520	162	539	167	201	203	0.0413923	0	0.356044	1
584	648	321	659	326	202	203	0.0338664	0	0.705495	1
585	646	303	658	308	202	203	0.0348071	0	0.665934	1
586	517	171	528	174	202	203	0.0188147	0	0.375824	1
587	512	186	524	189	202	203	0.0197554	0	0.408791	1
588	607	197	615	201	202	203	0.0225776	0	0.432967	1
589	608	225	618	227	202	203	0.0131703	0	0.494505	1
590	103	204	129	201	202	207	0.0329257	0	0.448352	1
591	480	142	494	144	202	203	0.0169332	0	0.312088	1
592	445	166	459	169	202	203	0.0216369	0	0.364835	1
593	533	187	545	190	202	203	0.0197554	0	0.410989	1
594	236	155	264	159	202	204	0.0413923	0	0.340659	1
595	455	186	469	188	202	203	0.0169332	0	0.408791	1
596	612	212	622	215	202	203	0.0178739	0	0.465934	1
597	534	261	629	280	202	212	0.428975	0	0.573626	1
598	447	253	459	257	202	203	0.0263405	0	0.556044	1
599	391	224	456	225	202	207	0.0620884	0	0.492308	1
600	487	157	515	159	202	204	0.0301035	0	0.345055	1
601	485	98	535	104	202	208	0.0809031	0	0.215385	1
602	232	167	261	171	202	204	0.042333	0	0.367033	1
603	507	176	519	179	202	203	0.0197554	0	0.386813	1
604	447	106	453	109	202	203	0.014111	0	0.232967	1
605	74	33	215	36	202	215	0.14111	0	0.0725275	1
606	745	259	774	256	202	204	0.0357479	0	0.569231	1
607	416	178	467	179	202	206	0.0489182	0	0.391209	1
608	67	296	119	297	202	207	0.0498589	0	0.650549	1
609	445	255	489	257	203	208	0.0451552	0	0.56044	1
610	511	117	522	117	203	204	0.0103481	0	0.257143	1
611	544	306	576	308	203	206	0.0338664	0	0.672527	1
612	634	141	655	135	203	207	0.0536218	0	0.30989	1
613	612	109	639	104	203	209	0.0489182	0	0.23956	1
614	496	183	519	184	203	205	0.0225776	0	0.402198	1
615	512	193	525	195	203	204	0.0159925	0	0.424176	1
616	582	247	618	252	203	206	0.0573848	0	0.542857	1
617	634	234	646	235	203	204	0.0122295	0	0.514286	1
618	518	169	529	171	203	204	0.014111	0	0.371429	1
619	522	128	530	131	203	204	0.0159925	0	0.281319	1
620	437	153	453	153	203	204	0.0150517	0	0.336264	1
621	473	209	485	210	203	204	0.0122295	0	0.459341	1
622	478	108	499	105	203	205	0.028222	0	0.237363	1
623	618	263	629	264	203	204	0.0112888	0	0.578022	1
624	433	199	448	198	203	204	0.0150517	0	0.437363	1
625	463	225	475	226	203	204	0.0122295	0	0.494505	1
626	492	222	535	229	203	207	0.0865475	0	0.487912	1
627	396	97	413	97	203	204	0.0159925	0	0.213187	1
628	560	271	611	280	203	208	0.124177	0	0.595604	1
629	743	238	802	226	203	208	0.190969	0	0.523077	1
630	523	218	544	222	203	205	0.0348071	0	0.479121	1
631	476	147	489	146	203	204	0.0131703	0	0.323077	1
632	668	300	679	300	203	204	0.0103481	0	0.659341	1
633	288	82	303	82	203	204	0.014111	0	0.18022	1
634	625	198	633	199	203	204	0.0084666	0	0.435165	1
635	136	289	262	290	203	215	0.119473	0	0.635165	1
636	231	192	272	190	203	206	0.042333	0	0.421978	1
637	476	120	483	122	203	204	0.0103481	0	0.263736	1
638	91	294	115	293	203	205	0.0235183	0	0.646154	1
639	762	311	779	310	203	204	0.0169332	0	0.683516	1
640	509	145	521	144	204	205	0.0122295	0	0.318681	1
641	623	204	628	205	204	205	0.0056444	0	0.448352	1
642	632	229	649	232	204	206	0.0244591	0	0.503297	1
643	483	190	498	190	204	205	0.014111	0	0.417582	1
644	116	176	139	175	204	209	0.0225776	0	0.386813	1
645	636	149	646	144	204	206	0.0329257	0	0.327473	1
646	597	222	609	222	204	205	0.0112888	0	0.487912	1
647	697	310	705	312	204	205	0.0112888	0	0.681319	1
648	462	111	467	112	204	205	0.0056444	0	0.243956	1
649	537	191	549	192	204	205	0.0122295	0	0.41978	1
650	516	291	526	291	204	205	0.00940734	0	0.63956	1
651	539	178	548	179	204	205	0.00940734	0	0.391209	1
652	108	269	108	275	204	206	0.0338664	0	0.591209	1
653	621	163	625	159	204	205	0.0188147	0	0.358242	1
654	309	63	333	63	204	206	0.0225776	0	0.138462	1
655	482	156	495	156	204	205	0.0122295	0	0.342857	1
656	113	190	125	187	204	206	0.0197554	0	0.417582	1
657	506	288	517	287	204	205	0.0112888	0	0.632967	1
658	527	148	539	146	204	205	0.0150517	0	0.325275	1
659	257	204	281	201	204	206	0.0310442	0	0.448352	1
660	634	217	643	217	204	205	0.0084666	0	0.476923	1
661	658	184	666	181	204	205	0.0159925	0	0.404396	1
662	579	232	599	233	204	206	0.0197554	0	0.50989	1
663	511	126	522	124	204	205	0.014111	0	0.276923	1
664	709	327	716	330	205	206	0.0150517	0	0.718681	1
665	658	217	660	214	205	206	0.0103481	0	0.476923	1
666	687	333	696	333	205	206	0.0084666	0	0.731868	1
667	580	321	592	324	205	206	0.0197554	0	0.705495	1
668	470	155	481	156	205	206	0.0112888	0	0.340659	1
669	517	174	526	175	205	206	0.00940734	0	0.382418	1
670	495	214	504	215	205	206	0.00940734	0	0.47033	1
671	149	290	153	287	205	206	0.0122295	0	0.637363	1
672	642	167	644	167	205	206	0.00188147	0	0.367033	1
673	640	258	648	258	205	206	0.00752587	0	0.567033	1
674	656	170	658	169	205	206	0.0028222	0	0.373626	1
675	484	174	493	174	205	206	0.0084666	0	0.382418	1
676	274	159	302	153	205	209	0.060207	0	0.349451	1
677	540	166	547	168	205	206	0.0103481	0	0.364835	1
678	762	240	792	234	205	208	0.0620884	0	0.527473	1
679	554	262	560	264	205	206	0.00940734	0	0.575824	1
680	538	201	555	205	205	207	0.0310442	0	0.441758	1
681	477	224	486	223	205	206	0.00940734	0	0.492308	1
682	489	230	508	234	205	207	0.0329257	0	0.505495	1
683	133	275	138	273	205	208	0.0084666	0	0.604396	1
684	689	302	696	303	205	206	0.00752587	0	0.663736	1
685	484	141	484	141	206	207	0	0	0.30989	1
686	472	139	472	140	206	207	0.000940734	0	0.305495	1
687	527	185	534	186	206	207	0.00752587	0	0.406593	1
688	641	110	648	110	206	209	0.00658514	0	0.241758	1
689	768	261	772	261	206	207	0.00376294	0	0.573626	1
690	618	225	639	231	206	209	0.0536218	0	0.494505	1
691	519	289	539	292	206	209	0.0272813	0	0.635165	1
692	631	207	628	211	206	208	0.0178739	0	0.454945	2
693	477	116	476	117	206	207	0.00188147	0	0.254945	2
694	530	143	536	143	206	207	0.0056444	0	0.314286	1
695	553	178	567	183	206	209	0.0366886	0	0.391209	1
696	508	139	516	140	206	207	0.0084666	0	0.305495	1
697	667	255	685	260	206	209	0.0404516	0	0.56044	1
698	516	129	528	132	206	209	0.0197554	0	0.283516	1
699	674	180	669	173	206	209	0.0507996	0	0.395604	2
700	611	269	618	270	206	207	0.00752587	0	0.591209	1
701	283	170	302	165	206	209	0.0413923	0	0.373626	1
702	570	222	595	229	206	209	0.0696143	0	0.487912	1
703	802	251	821	253	206	208	0.0216369	0	0.551648	1
704	586	313	590	316	206	207	0.0122295	0	0.687912	1
705	625	242	633	244	206	207	0.0112888	0	0.531868	1
706	713	318	723	330	206	208	0.144873	0	0.698901	1
707	139	190	148	191	206	209	0.00940734	0	0.417582	1
708	507	105	516	107	206	208	0.0122295	0	0.230769	1
709	540	217	614	226	206	213	0.145814	0	0.476923	1
710	271	222	279	218	206	207	0.0225776	0	0.487912	1
711	553	225	581	234	206	209	0.10254	0	0.494505	1
712	478	284	484	286	206	207	0.00940734	0	0.624176	1
713	664	296	668	296	206	207	0.00376294	0	0.650549	1
714	580	310	584	314	207	208	0.0188147	0	0.681319	1
715	543	291	548	292	207	208	0.0056444	0	0.63956	1
716	656	236	661	238	207	208	0.0084666	0	0.518681	1
717	601	330	614	334	207	209	0.0272813	0	0.725275	1
718	499	291	505	292	207	208	0.00658514	0	0.63956	1
719	533	176	539	177	207	208	0.00658514	0	0.386813	1
720	782	265	782	263	207	208	0.00376294	0	0.582418	1
721	482	165	496	168	207	209	0.0216369	0	0.362637	1
722	500	185	529	188	207	211	0.0357479	0	0.406593	1
723	614	227	620	229	207	208	0.00940734	0	0.498901	1
724	128	188	140	187	207	210	0.0122295	0	0.413187	1
725	28	41	113	41	207	215	0.0799624	0	0.0901099	1
726	262	196	271	190	207	209	0.042333	0	0.430769	1
727	563	273	566	279	207	208	0.0366886	0	0.6	1
728	551	137	573	136	207	210	0.0216369	0	0.301099	1
729	670	239	683	242	207	209	0.0206961	0	0.525275	1
730	492	163	505	166	207	209	0.0206961	0	0.358242	1
731	526	164	545	169	207	209	0.0413923	0	0.36044	1
732	602	256	615	261	207	209	0.0357479	0	0.562637	1
733	494	226	498	225	207	208	0.00470367	0	0.496703	1
734	574	200	591	206	207	209	0.0498589	0	0.43956	1
735	620	206	619	210	207	208	0.0159925	0	0.452747	2
736	702	306	713	312	207	209	0.0442145	0	0.672527	1
737	727	340	733	342	208	209	0.00940734	0	0.747253	1
738	544	188	550	189	208	209	0.00658514	0	0.413187	1
739	566	207	574	210	208	209	0.0159925	0	0.454945	1
740	658	138	661	138	208	209	0.0028222	0	0.303297	1
741	578	193	586	196	208	209	0.0159925	0	0.424176	1
742	470	117	468	116	208	209	0.0028222	0	0.257143	2
743	466	191	471	192	208	209	0.0056444	0	0.41978	1
744	526	199	532	199	208	209	0.0056444	0	0.437363	1
745	491	288	498	288	208	209	0.00658514	0	0.632967	1
746	772	261	772	258	208	209	0.0084666	0	0.573626	1
747	291	177	363	160	208	215	0.339605	0	0.389011	1
748	480	122	478	122	208	209	0.00188147	0	0.268132	2
749	640	248	654	251	208	210	0.0216369	0	0.545055	1
750	541	146	547	146	208	209	0.0056444	0	0.320879	1
751	476	206	481	206	208	209	0.00470367	0	0.452747	1
752	478	254	485	254	208	209	0.00658514	0	0.558242	1
753	527	115	545	113	208	212	0.0206961	0	0.252747	1
754	139	24	146	24	208	209	0.00658514	0	0.0527473	1
755	269	24	319	24	208	213	0.0470367	0	0.0527473	1
756	541	126	544	126	208	209	0.0028222	0	0.276923	1
757	24	399	93	398	209	215	0.0658514	0	0.876923	1
758	673	245	690	248	209	211	0.0244591	0	0.538462	1
759	642	260	649	261	209	210	0.00752587	0	0.571429	1
760	623	287	637	289	209	211	0.0169332	0	0.630769	1
761	658	266	658	265	209	210	0.000940734	0	0.584615	1
762	320	202	331	203	209	210	0.0112888	0	0.443956	1
763	810	242	821	237	209	210	0.0338664	0	0.531868	1
764	624	247	671	250	209	214	0.0526811	0	0.542857	1
765	47	29	118	27	209	215	0.070555	0	0.0637363	1
766	545	136	550	134	209	210	0.0084666	0	0.298901	1
767	665	225	671	228	209	210	0.014111	0	0.494505	1
768	551	234	559	235	209	210	0.0084666	0	0.514286	1
769	519	232	579	234	209	215	0.060207	0	0.50989	1
770	48	297	118	296	209	215	0.0667921	0	0.652747	1
771	624	262	640	262	210	212	0.0150517	0	0.575824	1
772	522	136	541	130	210	213	0.0517404	0	0.298901	1
773	474	118	493	118	210	214	0.0178739	0	0.259341	1
774	565	291	615	293	210	214	0.0507996	0	0.63956	1
775	626	333	644	334	210	212	0.0178739	0	0.731868	1
776	648	233	656	235	210	211	0.0112888	0	0.512088	1
777	666	137	676	138	210	212	0.0103481	0	0.301099	1
778	817	220	823	215	210	211	0.0291627	0	0.483516	1
779	144	173	181	173	210	214	0.0348071	0	0.38022	1
780	158	191	183	189	210	213	0.0272813	0	0.41978	1
781	575	182	603	181	210	213	0.0272813	0	0.4	1
782	541	199	548	200	210	211	0.00752587	0	0.437363	1
783	533	143	541	138	210	212	0.0310442	0	0.314286	1
784	737	352	754	360	210	212	0.0761994	0	0.773626	1
785	560	145	568	145	210	211	0.00752587	0	0.318681	1
786	650	105	688	106	210	215	0.0366886	0	0.230769	1
787	602	322	620	322	210	212	0.0169332	0	0.707692	1
788	586	180	606	180	210	212	0.0188147	0	0.395604	1
789	606	262	625	260	210	212	0.0216369	0	0.575824	1
790	518	165	552	166	210	213	0.0329257	0	0.362637	1
791	602	210	613	212	210	211	0.014111	0	0.461538	1
792	509	289	518	289	210	211	0.0084666	0	0.635165	1
793	694	264	743	280	210	215	0.286924	0	0.58022	1
794	308	150	327	145	210	212	0.0413923	0	0.32967	1
795	582	282	604	284	210	212	0.0244591	0	0.61978	1
796	550	166	561	167	210	211	0.0112888	0	0.364835	1
797	511	81	523	81	210	211	0.0112888	0	0.178022	1
798	738	340	790	349	210	214	0.125118	0	0.747253	1
799	724	317	731	323	210	211	0.0404516	0	0.696703	1
800	572	208	580	208	210	211	0.00752587	0	0.457143	1
801	480	193	488	194	210	211	0.0084666	0	0.424176	1
802	316	190	334	185	210	212	0.0404516	0	0.417582	1
803	675	268	689	273	210	212	0.0366886	0	0.589011	1
804	24	454	33	454	210	211	0.0084666	0	0.997802	1
805	616	333	669	335	210	215	0.0536218	0	0.731868	1
806	312	161	371	150	210	215	0.169332	0	0.353846	1
807	637	211	636	216	210	211	0.0244591	0	0.463736	2
808	671	244	690	248	210	212	0.0329257	0	0.536264	1
809	555	194	604	197	210	215	0.0545626	0	0.426374	1
810	505	164	514	164	210	211	0.0084666	0	0.36044	1
811	279	185	287	181	210	211	0.0225776	0	0.406593	1
812	514	264	523	268	210	211	0.0235183	0	0.58022	1
813	134	223	174	225	210	215	0.0413923	0	0.49011	1
814	593	169	649	168	210	215	0.0536218	0	0.371429	1
815	645	237	656	238	211	212	0.0112888	0	0.520879	1
816	561	183	582	183	211	213	0.0197554	0	0.402198	1
817	603	204	616	205	211	212	0.0131703	0	0.448352	1
818	524	156	548	156	211	213	0.0225776	0	0.342857	1
819	549	127	585	126	211	215	0.0348071	0	0.279121	1
820	583	138	631	136	211	215	0.0489182	0	0.303297	1
821	671	150	703	150	211	214	0.0301035	0	0.32967	1
822	475	128	484	128	211	213	0.0084666	0	0.281319	1
823	572	175	582	175	211	212	0.00940734	0	0.384615	1
824	444	69	455	69	211	212	0.0103481	0	0.151648	1
825	751	356	804	358	211	215	0.0536218	0	0.782418	1
826	148	185	177	184	211	214	0.028222	0	0.406593	1
827	662	254	670	256	211	212	0.0112888	0	0.558242	1
828	25	37	78	36	211	215	0.0507996	0	0.0813187	1
829	739	336	793	341	211	215	0.074318	0	0.738462	1
830	653	156	659	156	211	212	0.0056444	0	0.342857	1
831	666	237	679	237	212	213	0.0122295	0	0.520879	1
832	579	146	616	143	212	215	0.0432738	0	0.320879	1
833	583	237	598	235	212	213	0.0178739	0	0.520879	1
834	640	285	664	284	212	214	0.0235183	0	0.626374	1
835	170	176	200	179	212	215	0.0366886	0	0.386813	1
836	744	316	758	316	212	213	0.0131703	0	0.694505	1
837	503	164	512	159	212	213	0.0319849	0	0.36044	1
838	44	454	74	452	212	214	0.0319849	0	0.997802	1
839	578	160	607	159	212	214	0.028222	0	0.351648	1
840	683	284	687	283	212	213	0.00470367	0	0.624176	1
841	31	310	71	309	212	215	0.0385701	0	0.681319	1
842	539	187	553	187	212	213	0.0131703	0	0.410989	1
843	499	194	514	192	212	213	0.0178739	0	0.426374	1
844	656	228	663	226	212	213	0.0103481	0	0.501099	1
845	125	41	166	39	212	215	0.042333	0	0.0901099	1
846	744	329	758	329	212	213	0.0131703	0	0.723077	1
847	579	218	604	218	212	214	0.0235183	0	0.479121	1
848	589	209	601	208	212	213	0.0122295	0	0.459341	1
849	677	213	702	209	212	215	0.0385701	0	0.468132	1
850	768	359	783	359	213	214	0.014111	0	0.789011	1
851	688	138	705	138	213	215	0.0159925	0	0.303297	1
852	659	332	678	333	213	215	0.0188147	0	0.72967	1
853	640	279	660	279	213	215	0.0188147	0	0.613187	1
854	653	262	664	261	213	214	0.0112888	0	0.575824	1
855	632	317	654	321	213	215	0.0357479	0	0.696703	1
856	512	141	520	137	213	214	0.0225776	0	0.30989	1
857	559	293	574	292	213	214	0.0150517	0	0.643956	1
858	620	179	633	179	213	214	0.0122295	0	0.393407	1
859	592	173	616	172	213	215	0.0235183	0	0.38022	1
860	678	134	688	134	213	214	0.00940734	0	0.294505	1
861	548	287	561	285	213	214	0.0159925	0	0.630769	1
862	551	137	560	137	213	214	0.0084666	0	0.301099	1
863	37	30	64	29	213	215	0.0263405	0	0.0659341	1
864	678	162	689	163	213	214	0.0112888	0	0.356044	1
865	582	100	602	100	213	214	0.0188147	0	0.21978	1
866	682	260	692	262	213	214	0.0131703	0	0.571429	1
867	140	277	150	273	213	214	0.0244591	0	0.608791	1
868	30	303	56	303	213	215	0.0244591	0	0.665934	1
869	309	173	336	174	213	215	0.0263405	0	0.38022	1
870	34	60	61	60	213	215	0.0253998	0	0.131868	1
871	614	148	637	147	213	215	0.0225776	0	0.325275	1
872	581	201	590	202	214	215	0.00940734	0	0.441758	1
873	566	109	573	109	214	215	0.00658514	0	0.23956	1
874	616	179	624	178	214	215	0.0084666	0	0.393407	1
875	521	155	522	153	214	215	0.00470367	0	0.340659	1
876	140	268	150	268	214	215	0.00940734	0	0.589011	1
877	355	237	360	235	214	215	0.0084666	0	0.520879	1
878	693	285	697	286	214	215	0.00470367	0	0.626374	1
879	696	231	704	232	214	215	0.0084666	0	0.507692	1
880	573	183	584	185	214	215	0.014111	0	0.402198	1
881	564	165	574	166	214	215	0.0103481	0	0.362637	1
882	335	24	346	24	214	215	0.0103481	0	0.0527473	1
883	195	192	201	194	214	215	0.00940734	0	0.421978	1
884	682	240	690	241	214	215	0.0084666	0	0.527473	1
885	604	243	614	243	214	215	0.00940734	0	0.534066	1
886	728	256	734	259	214	215	0.014111	0	0.562637	1
887	205	24	216	24	214	215	0.0103481	0	0.0527473	1
888	625	315	635	316	214	215	0.0103481	0	0.692308	1
889	136	278	142	282	214	215	0.0206961	0	0.610989	1
890	496	147	498	146	214	215	0.0028222	0	0.323077	1