
0	429	155	428	151	157	158	0.0121864	0	0.340659	2
1	342	152	340	150	157	158	0.00430108	0	0.334066	2
2	432	126	433	124	157	158	0.00358423	0	0.276923	1
3	372	166	373	164	157	158	0.00358423	0	0.364835	1
4	422	134	422	133	157	158	0.000716846	0	0.294505	1
5	356	156	355	155	157	158	0.00143369	0	0.342857	2
6	477	153	476	152	157	158	0.00143369	0	0.336264	2
7	582	237	579	234	157	158	0.00860215	0	0.520879	2
8	749	146	748	145	157	158	0.00143369	0	0.320879	2
9	487	160	485	160	157	158	0.00143369	0	0.351648	2
10	590	258	580	257	157	158	0.0078853	0	0.567033	2
11	120	298	124	310	157	163	0.106093	0	0.654945	1
12	417	93	412	84	157	164	0.0616487	0	0.204396	2
13	359	175	358	174	157	158	0.00143369	0	0.384615	2
14	249	141	248	139	157	160	0.00358423	0	0.30989	2
15	445	135	444	134	158	160	0.00143369	0	0.296703	2
16	435	141	429	134	158	161	0.0394265	0	0.30989	2
17	476	118	475	117	158	159	0.00143369	0	0.259341	2
18	466	114	463	112	158	160	0.00501792	0	0.250549	2
19	444	124	446	120	158	161	0.0129032	0	0.272527	1
20	412	132	411	131	158	159	0.00143369	0	0.29011	2
21	540	126	539	125	158	159	0.00143369	0	0.276923	2
22	445	174	443	171	159	160	0.0078853	0	0.382418	2
23	338	163	334	161	159	161	0.00573477	0	0.358242	2
24	355	157	353	157	159	160	0.00143369	0	0.345055	2
25	340	151	338	150	159	160	0.00215054	0	0.331868	2
26	574	230	569	228	159	160	0.00645161	0	0.505495	2
27	590	261	589	258	159	162	0.00716846	0	0.573626	2
28	133	333	133	332	159	160	0.000716846	0	0.731868	1
29	319	74	312	73	159	161	0.00573477	0	0.162637	2
30	417	107	416	106	159	160	0.00143369	0	0.235165	2
31	441	164	439	161	159	160	0.0078853	0	0.36044	2
32	739	120	736	121	159	166	0.00286738	0	0.263736	2
33	748	146	747	145	159	160	0.00143369	0	0.320879	2
34	580	248	579	247	159	160	0.00143369	0	0.545055	2
35	476	152	474	152	159	160	0.00143369	0	0.334066	2
36	581	182	580	180	159	163	0.00358423	0	0.4	2
37	399	129	398	128	159	160	0.00143369	0	0.283516	2
38	430	159	426	157	159	160	0.00573477	0	0.349451	2
39	378	115	378	112	159	162	0.00645161	0	0.252747	1
40	401	110	399	108	159	160	0.00430108	0	0.241758	2
41	314	100	310	100	159	160	0.00286738	0	0.21978	2
42	397	100	394	97	159	161	0.00860215	0	0.21978	2
43	130	351	131	352	160	164	0.00143369	0	0.771429	1
44	404	183	404	180	160	161	0.00645161	0	0.402198	1
45	567	156	564	157	160	162	0.00286738	0	0.342857	2
46	434	124	434	123	160	161	0.000716846	0	0.272527	1
47	113	349	113	348	160	163	0.000716846	0	0.767033	1
48	406	138	406	136	160	162	0.00286738	0	0.303297	1
49	538	124	537	123	160	161	0.00143369	0	0.272527	2
50	401	170	400	167	160	161	0.00716846	0	0.373626	2
51	560	239	545	241	160	164	0.0136201	0	0.525275	2
52	425	156	422	155	161	163	0.00286738	0	0.342857	2
53	338	149	337	149	161	162	0.000716846	0	0.327473	2
54	438	187	438	186	161	162	0.000716846	0	0.410989	1
55	353	158	352	157	161	162	0.00143369	0	0.347253	2
56	563	227	554	226	161	163	0.00716846	0	0.498901	2
57	436	160	435	157	161	162	0.00716846	0	0.351648	2
58	464	110	462	108	161	162	0.00430108	0	0.241758	2
59	473	179	472	179	161	162	0.000716846	0	0.393407	2
60	442	170	441	168	161	163	0.00358423	0	0.373626	2
61	249	139	247	137	161	162	0.00430108	0	0.305495	2
62	569	217	559	216	161	163	0.0078853	0	0.476923	2
63	535	112	531	110	161	162	0.00573477	0	0.246154	2
64	239	340	235	339	161	167	0.00358423	0	0.747253	2
65	571	239	562	238	161	163	0.00716846	0	0.525275	2
66	308	104	305	105	161	162	0.00286738	0	0.228571	2
67	479	191	478	191	161	163	0.000716846	0	0.41978	2
68	563	191	562	192	161	164	0.00143369	0	0.41978	2
69	333	161	328	163	162	165	0.00645161	0	0.353846	2
70	406	164	404	163	162	164	0.00215054	0	0.36044	2
71	419	105	419	105	162	163	0	0	0.230769	1
72	526	99	521	101	162	164	0.00645161	0	0.217582	2
73	433	122	432	122	162	163	0.000716846	0	0.268132	2
74	308	74	296	81	162	166	0.0437276	0	0.162637	2
75	558	251	557	251	162	163	0.000716846	0	0.551648	2
76	401	149	401	149	162	163	0	0	0.327473	1
77	377	154	376	154	162	163	0.000716846	0	0.338462	2
78	225	243	232	244	162	163	0.00573477	0	0.534066	1
79	371	122	371	122	162	165	0	0	0.268132	1
80	388	138	387	138	162	163	0.000716846	0	0.303297	2
81	232	108	229	110	162	168	0.00501792	0	0.237363	2
82	392	99	389	99	162	164	0.00215054	0	0.217582	2
83	477	142	478	142	163	164	0.000716846	0	0.312088	1
84	438	187	438	187	163	164	0	0	0.410989	1
85	745	101	737	103	163	177	0.00860215	0	0.221978	2
86	337	150	336	151	163	164	0.00143369	0	0.32967	2
87	200	140	200	140	163	164	0	0	0.307692	1
88	562	168	560	170	163	164	0.00430108	0	0.369231	2
89	406	174	405	172	163	164	0.00358423	0	0.382418	2
90	233	142	233	142	163	164	0	0	0.312088	1
91	402	135	401	136	163	164	0.00143369	0	0.296703	2
92	354	158	353	159	163	164	0.00143369	0	0.347253	2
93	447	120	447	119	163	164	0.000716846	0	0.263736	1
94	558	158	556	159	163	164	0.00215054	0	0.347253	2
95	362	171	361	172	163	164	0.00143369	0	0.375824	2
96	246	200	276	203	163	171	0.027957	0	0.43956	1
97	417	191	410	193	164	167	0.0078853	0	0.41978	2
98	559	251	558	251	164	165	0.000716846	0	0.551648	2
99	582	258	573	256	164	165	0.009319	0	0.567033	2
100	463	178	459	178	164	165	0.00286738	0	0.391209	2
101	462	103	461	103	164	165	0.000716846	0	0.226374	2
102	441	169	441	168	164	165	0.000716846	0	0.371429	1
103	553	221	548	220	164	165	0.00430108	0	0.485714	2
104	239	243	245	240	164	165	0.0107527	0	0.534066	1
105	126	309	130	313	164	168	0.0143369	0	0.679121	1
106	479	192	478	192	164	167	0.000716846	0	0.421978	2
107	418	114	416	113	164	165	0.00215054	0	0.250549	2
108	456	164	452	162	165	166	0.00573477	0	0.36044	2
109	431	186	427	184	165	167	0.00573477	0	0.408791	2
110	140	342	140	342	165	166	0	0	0.751648	1
111	323	173	319	176	165	170	0.009319	0	0.38022	2
112	439	118	439	117	165	166	0.000716846	0	0.259341	1
113	403	161	392	159	165	169	0.0107527	0	0.353846	2
114	337	151	334	150	165	167	0.00286738	0	0.331868	2
115	430	160	430	159	165	166	0.000716846	0	0.351648	1
116	480	141	480	140	165	166	0.000716846	0	0.30989	1
117	245	355	243	355	165	169	0.00143369	0	0.78022	2
118	519	103	515	102	165	166	0.00358423	0	0.226374	2
119	565	190	563	189	165	173	0.00215054	0	0.417582	2
120	206	139	206	139	165	167	0	0	0.305495	1
121	232	142	232	143	165	168	0.000716846	0	0.312088	1
122	412	84	410	86	165	169	0.00430108	0	0.184615	2
123	214	104	224	98	165	175	0.0329749	0	0.228571	1
124	360	174	359	175	165	168	0.00143369	0	0.382418	2
125	379	146	378	144	165	166	0.00358423	0	0.320879	2
126	352	159	345	161	165	168	0.0078853	0	0.349451	2
127	374	163	374	162	165	167	0.000716846	0	0.358242	1
128	539	260	538	260	165	167	0.000716846	0	0.571429	2
129	402	127	402	126	165	166	0.000716846	0	0.279121	1
130	202	154	202	154	165	167	0	0	0.338462	1
131	196	144	197	144	165	167	0.000716846	0	0.316484	1
132	696	131	769	131	165	195	0.0523297	0	0.287912	1
133	589	260	661	260	165	195	0.0516129	0	0.571429	1
134	391	104	389	103	165	166	0.00215054	0	0.228571	2
135	350	170	347	172	165	168	0.00501792	0	0.373626	2
136	326	163	306	155	166	177	0.0602151	0	0.358242	2
137	457	178	454	179	166	167	0.00286738	0	0.391209	2
138	246	225	254	226	166	168	0.00645161	0	0.494505	1
139	444	172	443	173	166	167	0.00143369	0	0.378022	2
140	252	238	262	240	166	169	0.0100358	0	0.523077	1
141	554	161	552	162	166	167	0.00215054	0	0.353846	2
142	373	120	373	120	166	167	0	0	0.263736	1
143	411	97	408	98	166	168	0.00286738	0	0.213187	2
144	227	242	231	241	166	168	0.00358423	0	0.531868	1
145	746	154	745	155	166	167	0.00143369	0	0.338462	2
146	449	162	447	162	167	168	0.00143369	0	0.356044	2
147	399	149	398	150	167	168	0.00143369	0	0.327473	2
148	526	204	522	207	167	168	0.009319	0	0.448352	2
149	295	83	270	92	167	175	0.0759857	0	0.182418	2
150	536	242	531	242	167	168	0.00358423	0	0.531868	2
151	650	138	645	139	167	172	0.00430108	0	0.303297	2
152	536	194	534	196	167	168	0.00430108	0	0.426374	2
153	541	220	532	220	167	169	0.00645161	0	0.483516	2
154	437	185	427	183	167	169	0.0100358	0	0.406593	2
155	525	114	524	114	167	168	0.000716846	0	0.250549	2
156	412	195	412	194	168	169	0.000716846	0	0.428571	1
157	249	366	248	362	168	171	0.0121864	0	0.804396	2
158	332	151	329	149	168	169	0.00501792	0	0.331868	2
159	478	193	477	191	168	169	0.00358423	0	0.424176	2
160	448	240	447	239	168	172	0.00143369	0	0.527473	2
161	203	156	202	155	168	169	0.00143369	0	0.342857	2
162	291	117	288	118	168	169	0.00286738	0	0.257143	2
163	461	176	455	180	168	170	0.0157706	0	0.386813	2
164	381	118	381	116	168	169	0.00286738	0	0.259341	1
165	451	113	452	111	168	169	0.00358423	0	0.248352	1
166	459	188	457	188	168	169	0.00143369	0	0.413187	2
167	290	97	287	97	168	169	0.00215054	0	0.213187	2
168	420	107	420	106	168	169	0.000716846	0	0.235165	1
169	551	257	551	256	168	169	0.000716846	0	0.564835	1
170	545	155	559	162	168	195	0.0451613	0	0.340659	1
171	136	352	136	351	169	170	0.000716846	0	0.773626	1
172	120	327	120	326	169	170	0.000716846	0	0.718681	1
173	538	261	533	260	169	170	0.00430108	0	0.573626	2
174	360	175	360	174	169	172	0.000716846	0	0.384615	1
175	408	97	407	96	169	170	0.00143369	0	0.213187	2
176	341	163	337	161	169	171	0.00573477	0	0.358242	2
177	448	154	445	154	169	170	0.00215054	0	0.338462	2
178	502	102	495	101	169	171	0.00573477	0	0.224176	2
179	548	171	540	171	169	171	0.00573477	0	0.375824	2
180	434	96	428	95	169	171	0.00501792	0	0.210989	2
181	428	158	425	156	169	170	0.00501792	0	0.347253	2
182	235	142	235	142	169	170	0	0	0.312088	1
183	826	143	826	138	169	176	0.0179211	0	0.314286	1
184	412	195	411	195	170	171	0.000716846	0	0.428571	2
185	328	149	325	149	170	171	0.00215054	0	0.327473	2
186	199	159	199	158	170	171	0.000716846	0	0.349451	1
187	455	111	456	110	170	171	0.00143369	0	0.243956	1
188	286	121	283	124	170	171	0.00860215	0	0.265934	2
189	381	115	380	114	170	171	0.00143369	0	0.252747	2
190	375	232	374	231	170	174	0.00143369	0	0.50989	2
191	284	99	277	103	170	172	0.0164875	0	0.217582	2
192	529	221	516	226	170	173	0.0272401	0	0.485714	2
193	442	106	433	107	170	173	0.00716846	0	0.232967	2
194	458	197	458	198	170	172	0.000716846	0	0.432967	1
195	410	86	409	88	170	174	0.00358423	0	0.189011	2
196	204	143	206	142	170	171	0.00215054	0	0.314286	1
197	239	373	238	373	170	172	0.000716846	0	0.81978	2
198	395	170	384	168	170	172	0.0107527	0	0.373626	2
199	258	259	257	258	170	174	0.00143369	0	0.569231	2
200	400	131	395	130	170	171	0.00430108	0	0.287912	2
201	406	142	403	143	170	171	0.00286738	0	0.312088	2
202	476	189	473	188	170	171	0.00286738	0	0.415385	2
203	389	92	393	77	170	178	0.164158	0	0.202198	1
204	135	352	134	353	171	172	0.00143369	0	0.773626	2
205	447	158	445	159	171	172	0.00215054	0	0.347253	2
206	526	262	505	242	171	182	0.301792	0	0.575824	2
207	527	119	521	117	171	172	0.00716846	0	0.261538	2
208	136	334	137	335	171	172	0.00143369	0	0.734066	1
209	238	101	237	102	171	172	0.00143369	0	0.221978	2
210	319	178	304	165	171	177	0.1319	0	0.391209	2
211	470	99	471	96	171	174	0.00716846	0	0.217582	1
212	234	148	233	145	171	175	0.00716846	0	0.325275	2
213	559	251	619	248	171	193	0.0494624	0	0.551648	1
214	281	138	280	138	171	173	0.000716846	0	0.303297	2
215	208	125	212	122	171	174	0.009319	0	0.274725	1
216	245	354	245	352	172	175	0.00286738	0	0.778022	1
217	127	377	127	367	172	177	0.0716846	0	0.828571	1
218	537	172	534	172	172	173	0.00215054	0	0.378022	2
219	129	367	127	368	172	173	0.00215054	0	0.806593	2
220	323	149	320	149	172	173	0.00215054	0	0.327473	2
221	499	77	494	78	172	174	0.00430108	0	0.169231	2
222	739	154	736	155	172	174	0.00286738	0	0.338462	2
223	385	181	379	180	172	173	0.00501792	0	0.397802	2
224	336	161	326	155	172	177	0.0329749	0	0.353846	2
225	436	169	430	168	172	173	0.00501792	0	0.371429	2
226	435	154	431	155	172	173	0.00358423	0	0.338462	2
227	275	212	296	208	172	176	0.0265233	0	0.465934	1
228	734	164	732	165	172	174	0.00215054	0	0.36044	2
229	427	117	423	115	173	174	0.00573477	0	0.257143	2
230	460	106	460	103	173	174	0.00645161	0	0.232967	1
231	388	190	374	187	173	177	0.0164875	0	0.417582	2
232	442	161	439	160	173	174	0.00286738	0	0.353846	2
233	332	170	323	164	173	177	0.0322581	0	0.373626	2
234	507	248	502	247	173	174	0.00430108	0	0.545055	2
235	238	104	236	103	173	174	0.00215054	0	0.228571	2
236	381	104	380	101	173	175	0.00716846	0	0.228571	2
237	372	114	371	112	173	174	0.00358423	0	0.250549	2
238	447	239	449	228	173	177	0.088172	0	0.525275	1
239	735	144	742	125	173	179	0.263799	0	0.316484	1
240	644	141	645	115	173	179	0.485305	0	0.30989	1
241	312	223	312	217	173	176	0.0258065	0	0.49011	1
242	445	188	438	186	173	174	0.0078853	0	0.413187	2
243	391	191	384	191	174	175	0.00501792	0	0.41978	2
244	273	111	269	110	174	175	0.00358423	0	0.243956	2
245	530	171	527	159	174	178	0.105376	0	0.375824	2
246	204	154	203	152	174	175	0.00358423	0	0.338462	2
247	512	228	507	228	174	176	0.00358423	0	0.501099	2
248	381	179	374	177	174	176	0.0078853	0	0.393407	2
249	504	216	498	212	174	177	0.0157706	0	0.474725	2
250	483	75	453	55	174	185	0.308244	0	0.164835	2
251	483	146	482	143	174	175	0.00716846	0	0.320879	2
252	453	199	442	200	174	175	0.00860215	0	0.437363	2
253	447	170	444	163	174	176	0.037276	0	0.373626	2
254	372	157	365	153	174	176	0.0164875	0	0.345055	2
255	457	197	457	194	175	176	0.00645161	0	0.432967	1
256	293	239	304	234	175	177	0.0258065	0	0.525275	1
257	379	112	380	109	175	176	0.00716846	0	0.246154	1
258	435	161	431	154	175	177	0.0379928	0	0.353846	2
259	387	156	385	155	175	176	0.00215054	0	0.342857	2
260	259	255	262	250	175	176	0.0200717	0	0.56044	1
261	124	365	127	356	175	177	0.0602151	0	0.802198	1
262	263	125	260	123	175	176	0.00501792	0	0.274725	2
263	217	112	219	109	175	176	0.0078853	0	0.246154	1
264	379	135	380	133	175	176	0.00358423	0	0.296703	1
265	317	149	314	144	175	177	0.0200717	0	0.327473	2
266	366	236	376	213	175	179	0.38638	0	0.518681	1
267	279	107	274	104	175	177	0.0100358	0	0.235165	2
268	434	186	429	184	175	176	0.00645161	0	0.408791	2
269	514	240	512	238	175	176	0.00430108	0	0.527473	2
270	150	357	152	350	176	177	0.0365591	0	0.784615	1
271	418	161	414	157	176	177	0.0143369	0	0.353846	2
272	383	192	384	188	176	177	0.0121864	0	0.421978	1
273	491	88	488	82	176	177	0.027957	0	0.193407	2
274	206	149	206	144	176	177	0.0179211	0	0.327473	1
275	752	455	774	453	176	188	0.018638	0	1	1
276	558	184	553	181	176	177	0.0100358	0	0.404396	2
277	461	94	461	88	176	177	0.0258065	0	0.206593	1
278	227	97	229	91	176	177	0.0272401	0	0.213187	1
279	270	85	267	82	176	177	0.00860215	0	0.186813	2
280	405	192	398	188	176	177	0.0164875	0	0.421978	2
281	737	154	747	134	176	179	0.293907	0	0.338462	1
282	423	137	421	133	176	177	0.0129032	0	0.301099	2
283	432	147	432	129	176	179	0.232258	0	0.323077	1
284	500	245	498	241	176	177	0.0129032	0	0.538462	2
285	144	360	153	358	177	181	0.009319	0	0.791209	1
286	506	224	508	216	177	178	0.0473118	0	0.492308	1
287	243	365	249	357	177	178	0.0501792	0	0.802198	1
288	667	38	671	30	177	178	0.0487455	0	0.0835165	1
289	381	105	385	97	177	178	0.0487455	0	0.230769	1
290	361	160	363	152	177	178	0.0473118	0	0.351648	1
291	442	158	442	152	177	178	0.0258065	0	0.347253	1
292	471	84	475	75	177	178	0.0609319	0	0.184615	1
293	224	144	232	136	177	178	0.0516129	0	0.316484	1
294	309	253	318	235	177	179	0.23871	0	0.556044	1
295	511	234	513	227	177	178	0.0365591	0	0.514286	1
296	414	82	419	73	177	178	0.0616487	0	0.18022	1
297	422	197	428	188	177	183	0.0623656	0	0.432967	1
298	452	182	449	164	177	179	0.234409	0	0.4	2
299	233	302	304	327	177	190	0.498925	0	0.663736	1
300	377	222	386	204	177	179	0.23871	0	0.487912	1
301	308	197	318	189	177	178	0.0530466	0	0.432967	1
302	243	344	256	328	177	179	0.192832	0	0.756044	1
303	777	446	781	437	178	179	0.0609319	0	0.98022	1
304	272	97	274	89	178	179	0.0473118	0	0.213187	1
305	820	450	826	447	178	183	0.0107527	0	0.989011	1
306	327	156	331	146	178	179	0.074552	0	0.342857	1
307	741	96	745	87	178	179	0.0609319	0	0.210989	1
308	309	148	310	139	178	179	0.0587814	0	0.325275	1
309	322	366	326	356	178	179	0.074552	0	0.804396	1
310	39	454	43	444	178	179	0.074552	0	0.997802	1
311	158	344	166	339	178	180	0.0236559	0	0.756044	1
312	329	146	328	138	178	182	0.046595	0	0.320879	2
313	686	418	690	409	178	179	0.0609319	0	0.918681	1
314	417	93	418	85	178	179	0.046595	0	0.204396	1
315	261	118	264	111	178	179	0.037276	0	0.259341	1
316	454	221	519	238	178	195	0.253763	0	0.485714	1
317	734	119	738	110	178	179	0.0609319	0	0.261538	1
318	264	84	264	71	178	180	0.121147	0	0.184615	1
319	162	331	167	325	178	179	0.0293907	0	0.727473	1
320	511	198	511	191	178	181	0.0351254	0	0.435165	1
321	292	381	319	401	178	190	0.306093	0	0.837363	1
322	209	137	215	126	178	179	0.0910394	0	0.301099	1
323	465	79	469	69	178	179	0.074552	0	0.173626	1
324	265	210	310	223	178	192	0.153405	0	0.461538	1
325	528	229	593	247	178	195	0.278853	0	0.503297	1
326	337	216	341	206	178	179	0.074552	0	0.474725	1
327	226	97	233	87	178	179	0.0767025	0	0.213187	1
328	419	217	424	210	178	182	0.0387097	0	0.476923	1
329	605	236	670	254	178	195	0.278853	0	0.518681	1
330	444	229	452	228	178	185	0.00645161	0	0.503297	1
331	367	160	363	158	179	180	0.00573477	0	0.351648	2
332	532	151	526	156	179	183	0.0222222	0	0.331868	2
333	413	75	411	69	179	180	0.0272401	0	0.164835	2
334	155	363	153	375	179	183	0.104659	0	0.797802	2
335	276	77	275	73	179	180	0.0121864	0	0.169231	2
336	319	123	318	117	179	180	0.0265233	0	0.27033	2
337	781	435	788	454	180	187	0.263799	0	0.956044	1
338	258	346	260	353	180	182	0.0365591	0	0.76044	1
339	747	81	746	106	180	187	0.448746	0	0.178022	2
340	794	408	819	440	180	190	0.751971	0	0.896703	1
341	303	143	296	159	180	184	0.18853	0	0.314286	2
342	749	129	748	130	180	181	0.00143369	0	0.283516	2
343	362	138	356	140	180	181	0.00716846	0	0.303297	2
344	305	350	322	378	180	189	0.574194	0	0.769231	1
345	392	86	392	89	180	181	0.00645161	0	0.189011	1
346	740	103	738	106	180	182	0.0078853	0	0.226374	2
347	426	111	425	114	180	181	0.00716846	0	0.243956	2
348	316	364	376	393	180	195	0.645878	0	0.8	1
349	326	353	357	384	180	191	0.711111	0	0.775824	1
350	744	118	748	150	180	189	0.736918	0	0.259341	1
351	433	75	433	77	180	181	0.00286738	0	0.164835	1
352	307	133	302	166	180	190	0.784229	0	0.292308	2
353	365	128	356	133	180	182	0.0243728	0	0.281319	2
354	246	69	247	72	180	181	0.00716846	0	0.151648	1
355	648	89	653	117	180	190	0.565591	0	0.195604	1
356	249	333	248	337	180	181	0.0121864	0	0.731868	2
357	332	141	330	147	180	182	0.0272401	0	0.30989	2
358	220	120	222	121	180	181	0.00215054	0	0.263736	1
359	272	85	269	89	180	181	0.0136201	0	0.186813	2
360	652	106	647	115	180	184	0.0616487	0	0.232967	2
361	390	76	391	90	180	184	0.141219	0	0.167033	1
362	473	68	472	71	180	181	0.00716846	0	0.149451	2
363	25	433	29	447	180	185	0.143369	0	0.951648	1
364	430	126	418	134	180	183	0.0544803	0	0.276923	2
365	391	168	389	169	181	182	0.00215054	0	0.369231	2
366	502	226	501	230	181	182	0.0121864	0	0.496703	2
367	493	108	494	116	181	184	0.046595	0	0.237363	1
368	267	77	264	85	181	183	0.0480287	0	0.169231	2
369	395	128	395	130	181	182	0.00286738	0	0.281319	1
370	269	102	265	106	181	182	0.0143369	0	0.224176	2
371	429	61	430	62	181	182	0.00143369	0	0.134066	1
372	365	99	356	107	181	183	0.0523297	0	0.217582	2
373	414	114	415	116	181	182	0.00358423	0	0.250549	1
374	334	222	342	224	181	182	0.00860215	0	0.487912	1
375	237	127	239	136	181	184	0.0594982	0	0.279121	1
376	413	213	414	218	181	183	0.018638	0	0.468132	1
377	381	165	374	169	181	183	0.0164875	0	0.362637	2
378	371	161	368	164	181	182	0.00860215	0	0.353846	2
379	351	143	344	144	182	183	0.00573477	0	0.314286	2
380	153	362	153	365	182	183	0.00645161	0	0.795604	1
381	747	133	746	135	182	183	0.00358423	0	0.292308	2
382	428	120	429	127	182	185	0.0358423	0	0.263736	1
383	387	179	384	180	182	183	0.00286738	0	0.393407	2
384	537	170	536	173	182	183	0.00716846	0	0.373626	2
385	334	211	339	214	182	183	0.0100358	0	0.463736	1
386	385	137	385	139	182	183	0.00286738	0	0.301099	1
387	429	110	429	113	182	183	0.00645161	0	0.241758	1
388	382	92	382	95	182	183	0.00645161	0	0.202198	1
389	386	169	379	169	183	184	0.00501792	0	0.371429	2
390	262	356	262	358	183	184	0.00286738	0	0.782418	1
391	174	360	194	378	183	187	0.246595	0	0.791209	1
392	392	97	392	101	183	184	0.0114695	0	0.213187	1
393	507	245	507	247	183	184	0.00286738	0	0.538462	1
394	680	26	684	36	183	187	0.074552	0	0.0571429	1
395	326	143	318	152	183	187	0.0637993	0	0.314286	2
396	414	155	402	162	183	186	0.0437276	0	0.340659	2
397	262	117	260	122	183	184	0.0193548	0	0.257143	2
398	348	229	362	243	183	186	0.150538	0	0.503297	1
399	433	63	434	64	183	184	0.00143369	0	0.138462	1
400	740	107	745	128	183	188	0.319713	0	0.235165	1
401	425	213	425	215	183	184	0.00286738	0	0.468132	1
402	313	127	306	134	183	186	0.0401434	0	0.279121	2
403	526	171	524	174	183	184	0.0078853	0	0.375824	2
404	350	117	344	122	183	185	0.0222222	0	0.257143	2
405	348	191	354	194	183	184	0.0107527	0	0.41978	1
406	488	223	488	225	183	184	0.00286738	0	0.49011	1
407	511	201	509	211	183	186	0.0731183	0	0.441758	2
408	389	137	389	138	184	185	0.000716846	0	0.301099	1
409	377	153	378	154	184	185	0.00143369	0	0.336264	1
410	338	145	333	144	184	185	0.00430108	0	0.318681	2
411	154	370	158	370	184	185	0.00286738	0	0.813187	1
412	378	179	370	179	184	185	0.00573477	0	0.393407	2
413	745	139	744	141	184	185	0.00358423	0	0.305495	2
414	524	188	524	191	184	186	0.00645161	0	0.413187	1
415	262	90	260	94	184	185	0.0129032	0	0.197802	2
416	537	176	537	178	184	185	0.00286738	0	0.386813	1
417	348	140	343	141	184	185	0.00430108	0	0.307692	2
418	432	97	434	97	184	185	0.00143369	0	0.213187	1
419	405	108	408	109	184	185	0.00286738	0	0.237363	1
420	357	114	353	117	184	185	0.009319	0	0.250549	2
421	171	334	182	342	184	186	0.0537634	0	0.734066	1
422	262	112	260	116	184	185	0.0129032	0	0.246154	2
423	362	252	386	274	184	190	0.364158	0	0.553846	1
424	263	360	263	362	185	186	0.00286738	0	0.791209	1
425	172	362	177	367	185	186	0.0215054	0	0.795604	1
426	297	161	300	172	185	189	0.0888889	0	0.353846	1
427	173	375	199	412	185	190	1	0	0.824176	1
428	499	225	498	227	185	186	0.00358423	0	0.494505	2
429	419	224	420	229	185	187	0.018638	0	0.492308	1
430	647	117	647	121	185	187	0.0114695	0	0.257143	1
431	437	65	441	70	185	187	0.0207885	0	0.142857	1
432	346	153	343	155	185	186	0.00501792	0	0.336264	2
433	661	34	668	42	185	188	0.0508961	0	0.0747253	1
434	412	182	406	184	185	186	0.00716846	0	0.4	2
435	260	130	259	135	185	186	0.018638	0	0.285714	2
436	743	144	742	148	186	187	0.0121864	0	0.316484	2
437	163	371	171	371	186	187	0.00573477	0	0.815385	1
438	260	123	259	129	186	187	0.0265233	0	0.27033	2
439	184	398	203	422	186	190	0.426523	0	0.874725	1
440	260	101	262	119	186	189	0.233692	0	0.221978	1
441	396	152	394	157	186	187	0.0193548	0	0.334066	2
442	31	450	33	453	186	187	0.0078853	0	0.989011	1
443	430	114	433	115	186	187	0.00286738	0	0.250549	1
444	265	83	283	93	186	189	0.0845878	0	0.182418	1
445	537	183	543	190	186	188	0.0394265	0	0.402198	1
446	491	255	486	260	186	187	0.0215054	0	0.56044	2
447	385	192	388	202	186	188	0.0738351	0	0.421978	1
448	436	98	438	100	186	187	0.00430108	0	0.215385	1
449	423	81	424	83	186	187	0.00358423	0	0.178022	1
450	331	144	331	149	187	189	0.0179211	0	0.316484	1
451	415	133	419	136	187	188	0.009319	0	0.292308	1
452	501	223	509	235	187	189	0.108961	0	0.49011	1
453	349	222	353	225	187	188	0.009319	0	0.487912	1
454	506	250	517	269	187	190	0.266667	0	0.549451	1
455	271	367	280	370	187	188	0.0129032	0	0.806593	1
456	397	117	401	120	187	188	0.009319	0	0.257143	1
457	288	208	321	217	187	192	0.0817204	0	0.457143	1
458	446	58	449	68	187	191	0.0738351	0	0.127473	1
459	259	159	269	168	187	189	0.065233	0	0.349451	1
460	525	161	527	164	187	188	0.0078853	0	0.353846	1
461	738	160	740	165	187	188	0.0193548	0	0.351648	1
462	528	182	531	185	187	188	0.00860215	0	0.4	1
463	341	158	343	166	187	190	0.0473118	0	0.347253	1
464	404	159	418	173	187	192	0.150538	0	0.349451	1
465	369	213	403	230	187	190	0.231541	0	0.468132	1
466	525	262	554	286	188	194	0.433692	0	0.575824	1
467	399	174	400	179	188	189	0.018638	0	0.382418	1
468	745	155	750	161	188	189	0.0293907	0	0.340659	1
469	321	157	323	162	188	189	0.0193548	0	0.345055	1
470	258	126	260	132	188	189	0.0272401	0	0.276923	1
471	650	125	658	134	188	190	0.0637993	0	0.274725	1
472	485	265	487	273	188	189	0.0473118	0	0.582418	1
473	282	334	299	346	188	190	0.115412	0	0.734066	1
474	385	251	440	260	188	192	0.097491	0	0.551648	1
475	425	233	462	238	188	193	0.0444444	0	0.512088	1
476	310	144	313	149	188	189	0.0200717	0	0.316484	1
477	317	217	327	226	188	190	0.065233	0	0.476923	1
478	752	111	762	126	188	190	0.168459	0	0.243956	1
479	199	387	216	396	188	189	0.0702509	0	0.850549	1
480	479	119	484	123	188	189	0.0150538	0	0.261538	1
481	633	106	637	111	188	189	0.0207885	0	0.232967	1
482	687	120	736	129	188	195	0.09319	0	0.263736	1
483	391	115	427	125	188	193	0.097491	0	0.252747	1
484	435	227	477	233	188	194	0.055914	0	0.498901	1
485	530	174	533	179	189	190	0.0200717	0	0.382418	1
486	406	107	410	112	189	190	0.0207885	0	0.235165	1
487	444	129	452	131	189	190	0.00860215	0	0.283516	1
488	677	43	702	44	189	192	0.018638	0	0.0945055	1
489	750	137	755	144	189	190	0.0387097	0	0.301099	1
490	359	230	401	232	189	195	0.0329749	0	0.505495	1
491	534	206	536	212	189	190	0.0272401	0	0.452747	1
492	339	195	348	193	189	193	0.009319	0	0.428571	1
493	426	143	433	147	189	190	0.0164875	0	0.314286	1
494	340	220	345	224	189	190	0.0150538	0	0.483516	1
495	369	225	412	226	189	195	0.0315412	0	0.494505	1
496	599	116	643	119	189	195	0.0379928	0	0.254945	1
497	319	172	339	177	189	193	0.0322581	0	0.378022	1
498	401	27	445	29	189	195	0.0344086	0	0.0593407	1
499	475	76	505	72	189	194	0.0329749	0	0.167033	1
500	812	455	820	453	190	191	0.00860215	0	1	1
501	384	148	387	148	190	191	0.00215054	0	0.325275	1
502	263	137	267	137	190	191	0.00286738	0	0.301099	1
503	756	168	763	167	190	191	0.00573477	0	0.369231	1
504	333	155	336	153	190	191	0.00501792	0	0.340659	1
505	327	168	331	169	190	191	0.00358423	0	0.369231	1
506	264	124	284	126	190	195	0.0172043	0	0.272527	1
507	346	198	347	197	190	191	0.00143369	0	0.435165	1
508	493	279	529	277	190	195	0.0286738	0	0.613187	1
509	532	194	546	192	190	192	0.0129032	0	0.426374	1
510	697	54	705	54	190	191	0.00573477	0	0.118681	1
511	362	157	367	155	190	191	0.00645161	0	0.345055	1
512	302	177	305	175	190	191	0.00501792	0	0.389011	1
513	40	453	77	447	190	195	0.0523297	0	0.995604	1
514	270	156	276	156	190	191	0.00430108	0	0.342857	1
515	287	385	294	383	190	191	0.0078853	0	0.846154	1
516	343	188	345	188	190	191	0.00143369	0	0.413187	1
517	224	220	255	215	190	194	0.0401434	0	0.483516	1
518	713	438	751	437	190	195	0.027957	0	0.962637	1
519	25	341	54	338	191	195	0.0272401	0	0.749451	1
520	298	393	319	391	191	194	0.0179211	0	0.863736	1
521	538	182	554	179	191	194	0.0179211	0	0.4	1
522	319	400	328	396	191	192	0.0179211	0	0.879121	1
523	283	171	292	167	191	192	0.0179211	0	0.375824	1
524	430	190	437	188	191	192	0.0078853	0	0.417582	1
525	413	206	418	202	191	192	0.0150538	0	0.452747	1
526	665	135	687	135	191	195	0.0157706	0	0.296703	1
527	771	178	794	176	191	194	0.0193548	0	0.391209	1
528	656	111	665	109	191	192	0.009319	0	0.243956	1
529	525	267	545	267	191	194	0.0143369	0	0.586813	1
530	518	247	531	246	191	193	0.0100358	0	0.542857	1
531	212	409	226	402	191	192	0.0451613	0	0.898901	1
532	538	210	567	209	191	195	0.0215054	0	0.461538	1
533	336	381	352	378	191	193	0.0179211	0	0.837363	1
534	426	143	442	140	191	192	0.0179211	0	0.314286	1
535	235	392	251	390	191	192	0.0143369	0	0.861538	1
536	357	198	359	194	191	192	0.0129032	0	0.435165	1
537	222	396	252	396	191	193	0.0215054	0	0.87033	1
538	418	164	425	163	191	192	0.00573477	0	0.36044	1
539	405	218	421	215	191	193	0.0179211	0	0.479121	1
540	410	99	416	97	191	192	0.00716846	0	0.217582	1
541	401	250	442	254	191	194	0.0408602	0	0.549451	1
542	508	260	515	258	191	192	0.0078853	0	0.571429	1
543	251	384	265	382	191	192	0.0129032	0	0.843956	1
544	550	192	561	190	191	193	0.0107527	0	0.421978	1
545	765	122	794	128	191	195	0.046595	0	0.268132	1
546	301	100	341	95	191	195	0.046595	0	0.21978	1
547	758	155	789	158	191	195	0.0286738	0	0.340659	1
548	418	114	422	115	192	193	0.00358423	0	0.250549	1
549	313	165	317	166	192	193	0.00358423	0	0.362637	1
550	342	150	345	149	192	193	0.00286738	0	0.32967	1
551	281	156	288	158	192	194	0.0078853	0	0.342857	1
552	220	415	233	405	192	193	0.0810036	0	0.912088	1
553	24	338	43	338	192	195	0.0136201	0	0.742857	1
554	396	140	405	141	192	195	0.00716846	0	0.307692	1
555	453	65	458	68	192	195	0.0100358	0	0.142857	1
556	338	168	344	166	192	193	0.00716846	0	0.369231	1
557	303	380	322	381	192	195	0.0143369	0	0.835165	1
558	473	133	482	133	192	193	0.00645161	0	0.292308	1
559	253	210	264	211	192	194	0.00860215	0	0.461538	1
560	545	238	564	239	192	195	0.0143369	0	0.523077	1
561	251	412	266	419	192	193	0.0458781	0	0.905495	1
562	338	396	351	396	192	194	0.009319	0	0.87033	1
563	268	393	301	408	192	195	0.184946	0	0.863736	1
564	456	135	470	135	192	193	0.0100358	0	0.296703	1
565	367	381	379	382	192	194	0.009319	0	0.837363	1
566	717	263	736	265	192	195	0.0164875	0	0.578022	1
567	384	381	396	382	193	195	0.009319	0	0.837363	1
568	442	189	444	190	193	194	0.00215054	0	0.415385	1
569	725	45	738	46	193	195	0.0100358	0	0.0989011	1
570	264	394	276	400	193	194	0.0344086	0	0.865934	1
571	273	155	275	159	193	194	0.0129032	0	0.340659	1
572	527	126	530	126	193	194	0.00215054	0	0.276923	1
573	486	79	490	79	193	194	0.00286738	0	0.173626	1
574	575	180	587	177	193	195	0.0150538	0	0.395604	1
575	313	132	328	130	193	195	0.0136201	0	0.29011	1
576	277	424	284	428	194	195	0.0164875	0	0.931868	1
577	472	83	475	82	194	195	0.00286738	0	0.182418	1
578	341	399	347	399	194	195	0.00430108	0	0.876923	1
579	625	250	631	250	194	195	0.00430108	0	0.549451	1
580	261	89	264	89	194	195	0.00215054	0	0.195604	1
581	517	116	522	116	194	195	0.00358423	0	0.254945	1
582	340	382	352	388	194	195	0.0344086	0	0.83956	1
583	360	223	366	223	194	195	0.00430108	0	0.49011	1
584	377	151	380	151	194	195	0.00215054	0	0.331868	1
585	560	193	566	193	194	195	0.00430108	0	0.424176	1
586	371	136	375	135	194	195	0.00358423	0	0.298901	1
587	352	338	364	340	194	195	0.0114695	0	0.742857	1