
0	379	158	377	156	92	93	0.00514139	0	0.348786	2
1	193	164	193	164	92	93	0	0	0.362031	1
2	459	166	458	166	92	93	0.000856898	0	0.366446	2
3	330	153	332	152	92	93	0.00257069	0	0.337748	1
4	461	144	459	145	92	93	0.00257069	0	0.317881	2
5	445	42	446	42	92	93	0.000856898	0	0.0927152	1
6	363	172	364	168	92	94	0.0145673	0	0.379691	1
7	380	213	379	213	93	95	0.000856898	0	0.470199	2
8	360	182	359	181	93	94	0.0017138	0	0.401766	2
9	319	169	321	167	93	94	0.00514139	0	0.373068	1
10	438	162	437	161	93	94	0.0017138	0	0.357616	2
11	202	150	203	148	93	94	0.00428449	0	0.331126	1
12	357	198	358	194	93	94	0.0145673	0	0.437086	1
13	827	32	826	32	93	96	0.000856898	0	0.0706402	2
14	438	178	438	178	93	96	0	0	0.392936	1
15	331	166	333	165	93	94	0.00257069	0	0.366446	1
16	72	450	72	450	93	98	0	0	0.993377	1
17	324	181	327	180	93	95	0.00342759	0	0.399558	1
18	189	174	190	174	93	94	0.000856898	0	0.384106	1
19	185	248	189	248	93	94	0.00342759	0	0.547461	1
20	376	156	375	155	94	95	0.0017138	0	0.344371	2
21	195	162	196	162	94	95	0.000856898	0	0.357616	1
22	426	162	427	161	94	99	0.0017138	0	0.357616	1
23	454	189	451	190	94	95	0.00342759	0	0.417219	2
24	461	146	459	147	94	95	0.00257069	0	0.322296	2
25	387	191	386	190	94	95	0.0017138	0	0.421634	2
26	385	92	386	92	94	95	0.000856898	0	0.203091	1
27	446	111	443	109	94	96	0.00599829	0	0.245033	2
28	401	433	408	454	94	124	0.38389	0	0.95585	1
29	172	300	187	306	94	100	0.0437018	0	0.662252	1
30	80	410	69	444	94	130	1	0	0.905077	2
31	188	135	190	132	94	96	0.00942588	0	0.298013	1
32	40	441	39	441	95	96	0.000856898	0	0.97351	2
33	438	161	438	160	95	96	0.000856898	0	0.355408	1
34	444	121	441	120	95	96	0.00342759	0	0.267108	2
35	453	178	452	179	95	96	0.0017138	0	0.392936	2
36	323	166	325	165	95	96	0.00257069	0	0.366446	1
37	185	293	188	293	95	97	0.00257069	0	0.646799	1
38	411	135	409	134	95	96	0.00257069	0	0.298013	2
39	627	214	613	238	95	130	0.50557	0	0.472406	2
40	380	213	379	211	96	97	0.00428449	0	0.470199	2
41	530	329	560	339	96	114	0.111397	0	0.726269	1
42	386	106	388	105	96	97	0.00257069	0	0.233996	1
43	466	173	466	173	96	97	0	0	0.381898	1
44	357	175	356	172	96	97	0.00856898	0	0.386313	2
45	431	102	420	94	96	103	0.0642674	0	0.225166	2
46	348	160	349	160	96	97	0.000856898	0	0.353201	1
47	393	92	409	92	96	103	0.0137104	0	0.203091	1
48	417	188	418	189	96	102	0.0017138	0	0.415011	1
49	775	92	774	91	96	97	0.0017138	0	0.203091	2
50	445	188	441	187	97	98	0.00428449	0	0.415011	2
51	316	188	321	186	97	98	0.00771208	0	0.415011	1
52	374	168	374	166	97	98	0.00342759	0	0.370861	1
53	463	206	461	205	97	98	0.00257069	0	0.454746	2
54	438	118	433	116	97	99	0.00771208	0	0.260486	2
55	198	165	203	163	97	98	0.00771208	0	0.364238	1
56	452	203	451	203	97	98	0.000856898	0	0.448124	2
57	412	136	408	130	97	100	0.0342759	0	0.300221	2
58	827	32	826	31	97	100	0.0017138	0	0.0706402	2
59	459	218	458	218	97	99	0.000856898	0	0.481236	2
60	207	127	228	124	97	106	0.0257069	0	0.280353	1
61	337	180	341	179	97	98	0.00428449	0	0.397351	1
62	526	288	530	290	97	100	0.00685518	0	0.635762	1
63	191	152	196	150	97	99	0.00771208	0	0.335541	1
64	106	445	111	454	97	108	0.0736932	0	0.98234	1
65	39	441	39	440	97	98	0.000856898	0	0.97351	1
66	223	205	225	205	97	98	0.0017138	0	0.452539	1
67	356	172	355	170	98	99	0.00428449	0	0.379691	2
68	771	94	770	93	98	99	0.0017138	0	0.207506	2
69	615	238	612	238	98	100	0.00257069	0	0.525386	2
70	462	146	464	144	98	99	0.00514139	0	0.322296	1
71	224	245	236	242	98	101	0.0179949	0	0.540839	1
72	469	174	469	175	98	100	0.000856898	0	0.384106	1
73	320	169	322	167	98	99	0.00514139	0	0.373068	1
74	318	186	323	184	99	100	0.00771208	0	0.410596	1
75	379	164	378	164	99	100	0.000856898	0	0.362031	2
76	328	184	332	181	99	100	0.0111397	0	0.406181	1
77	442	184	441	183	99	100	0.0017138	0	0.406181	2
78	441	135	437	136	99	100	0.00428449	0	0.298013	2
79	73	451	75	454	99	104	0.00942588	0	0.995585	1
80	374	206	372	203	99	100	0.00942588	0	0.454746	2
81	571	138	571	139	99	104	0.000856898	0	0.304636	1
82	193	174	192	174	99	100	0.000856898	0	0.384106	2
83	215	246	215	245	99	100	0.000856898	0	0.543046	1
84	393	106	395	105	99	100	0.00257069	0	0.233996	1
85	423	451	427	453	99	106	0.00685518	0	0.995585	1
86	358	142	359	140	99	100	0.00428449	0	0.313466	1
87	270	326	277	337	99	113	0.109683	0	0.719647	1
88	310	186	312	184	100	102	0.00514139	0	0.410596	1
89	431	115	428	114	100	101	0.00342759	0	0.253863	2
90	771	94	770	93	100	101	0.0017138	0	0.207506	2
91	458	213	457	212	100	101	0.0017138	0	0.470199	2
92	458	169	458	171	100	101	0.00342759	0	0.373068	1
93	326	167	330	166	100	101	0.00428449	0	0.368653	1
94	776	123	775	122	100	101	0.0017138	0	0.271523	2
95	407	186	405	186	100	101	0.0017138	0	0.410596	2
96	534	303	576	319	100	130	0.255356	0	0.668874	1
97	369	202	366	201	101	102	0.00342759	0	0.445916	2
98	431	164	429	163	101	102	0.00257069	0	0.362031	2
99	356	167	354	162	101	103	0.0231362	0	0.368653	2
100	612	239	607	240	101	109	0.00514139	0	0.527594	2
101	171	315	179	315	101	102	0.00685518	0	0.695364	1
102	423	154	420	153	101	102	0.00342759	0	0.339956	2
103	211	163	217	162	101	102	0.00599829	0	0.359823	1
104	771	107	769	107	101	102	0.0017138	0	0.236203	2
105	468	177	468	177	101	102	0	0	0.390728	1
106	449	159	449	158	101	102	0.000856898	0	0.350993	1
107	209	251	230	252	101	105	0.0188518	0	0.554084	1
108	467	151	469	150	101	102	0.00257069	0	0.333333	1
109	456	45	470	46	101	104	0.0128535	0	0.0993377	1
110	446	208	446	209	101	103	0.000856898	0	0.459161	1
111	335	186	339	188	102	105	0.00685518	0	0.410596	1
112	366	188	365	187	102	103	0.0017138	0	0.415011	2
113	442	184	443	183	102	103	0.0017138	0	0.406181	1
114	359	175	358	174	102	103	0.0017138	0	0.386313	2
115	768	117	767	116	102	104	0.0017138	0	0.258278	2
116	181	325	182	325	102	103	0.000856898	0	0.717439	1
117	439	169	438	168	102	103	0.0017138	0	0.373068	2
118	204	292	208	292	102	103	0.00342759	0	0.644592	1
119	555	38	558	38	102	108	0.00257069	0	0.0838852	1
120	373	131	375	131	102	103	0.0017138	0	0.289183	1
121	367	202	367	202	103	104	0	0	0.445916	1
122	420	156	418	155	103	104	0.00257069	0	0.344371	2
123	316	182	319	181	103	104	0.00342759	0	0.401766	1
124	827	32	826	31	103	107	0.0017138	0	0.0706402	2
125	204	315	211	314	103	104	0.00685518	0	0.695364	1
126	206	252	236	252	103	107	0.0257069	0	0.556291	1
127	64	452	63	454	103	105	0.00428449	0	0.997792	2
128	377	121	382	121	103	106	0.00428449	0	0.267108	1
129	228	246	234	248	103	104	0.00856898	0	0.543046	1
130	248	266	250	272	103	108	0.0325621	0	0.587196	1
131	183	323	185	323	104	105	0.0017138	0	0.713024	1
132	390	185	389	186	104	105	0.0017138	0	0.408389	2
133	445	173	445	172	104	105	0.000856898	0	0.381898	1
134	460	193	460	193	104	105	0	0	0.426049	1
135	206	299	221	301	104	107	0.0162811	0	0.660044	1
136	419	190	419	193	104	108	0.00771208	0	0.419426	1
137	547	24	555	26	104	111	0.0102828	0	0.0529801	1
138	416	154	414	153	105	106	0.00257069	0	0.339956	2
139	357	190	357	191	105	107	0.000856898	0	0.419426	1
140	541	346	571	367	105	130	0.403599	0	0.763797	1
141	200	313	210	315	105	107	0.0119966	0	0.690949	1
142	368	205	368	206	105	106	0.000856898	0	0.452539	1
143	472	150	472	150	105	106	0	0	0.331126	1
144	326	182	330	181	105	106	0.00428449	0	0.401766	1
145	202	324	211	328	105	106	0.0214225	0	0.715232	1
146	355	159	360	157	105	108	0.00771208	0	0.350993	1
147	444	200	441	198	105	106	0.00599829	0	0.441501	2
148	218	314	227	316	105	107	0.0111397	0	0.693157	1
149	443	183	442	182	105	106	0.0017138	0	0.403974	2
150	426	159	425	157	105	106	0.00428449	0	0.350993	2
151	449	160	451	168	105	113	0.0565553	0	0.353201	1
152	510	351	514	351	105	106	0.00342759	0	0.774834	1
153	231	320	232	322	105	107	0.00428449	0	0.706402	1
154	227	165	227	166	105	106	0.000856898	0	0.364238	1
155	407	128	405	128	105	107	0.0017138	0	0.282561	2
156	571	115	578	139	105	130	0.499572	0	0.253863	1
157	610	265	607	263	105	106	0.00599829	0	0.584989	2
158	542	281	548	278	105	109	0.0128535	0	0.620309	1
159	621	271	621	271	105	106	0	0	0.598234	1
160	341	189	342	190	106	107	0.0017138	0	0.417219	1
161	189	323	201	322	106	108	0.0111397	0	0.713024	1
162	471	177	475	177	106	107	0.00342759	0	0.390728	1
163	483	127	484	126	106	107	0.0017138	0	0.280353	1
164	445	172	444	171	106	107	0.0017138	0	0.379691	2
165	230	141	232	141	106	107	0.0017138	0	0.311258	1
166	229	260	238	261	106	107	0.00856898	0	0.573951	1
167	414	153	414	152	107	108	0.000856898	0	0.337748	1
168	332	183	336	183	107	108	0.00342759	0	0.403974	1
169	392	193	392	194	107	108	0.000856898	0	0.426049	1
170	369	207	369	208	107	109	0.000856898	0	0.456954	1
171	604	262	602	261	107	108	0.00257069	0	0.578366	2
172	519	354	529	356	107	109	0.0119966	0	0.781457	1
173	424	159	424	158	107	108	0.000856898	0	0.350993	1
174	228	168	228	169	107	108	0.000856898	0	0.370861	1
175	198	173	201	174	107	110	0.00342759	0	0.381898	1
176	413	101	411	102	107	108	0.00257069	0	0.222958	2
177	504	78	505	80	107	109	0.00428449	0	0.172185	1
178	437	143	435	142	107	108	0.00257069	0	0.315673	2
179	666	220	650	241	107	130	0.391602	0	0.485651	2
180	648	89	631	111	107	130	0.429306	0	0.196468	2
181	572	141	572	144	107	109	0.00771208	0	0.311258	1
182	346	191	347	191	108	109	0.000856898	0	0.421634	1
183	358	193	358	194	108	109	0.000856898	0	0.426049	1
184	33	447	24	451	108	116	0.0214225	0	0.986755	2
185	266	251	289	250	108	113	0.0205656	0	0.554084	1
186	562	83	567	91	108	119	0.059126	0	0.183223	1
187	400	184	405	187	108	109	0.0119966	0	0.406181	1
188	608	444	613	454	108	119	0.0899743	0	0.980132	1
189	226	342	229	345	108	113	0.0102828	0	0.754967	1
190	230	179	232	181	108	110	0.00514139	0	0.395143	1
191	355	160	356	159	109	111	0.0017138	0	0.353201	1
192	625	278	625	278	109	110	0	0	0.613687	1
193	426	159	427	160	109	110	0.0017138	0	0.350993	1
194	445	207	442	209	109	110	0.00599829	0	0.456954	2
195	379	202	381	201	109	110	0.00257069	0	0.445916	1
196	204	326	215	327	109	110	0.0102828	0	0.719647	1
197	594	225	593	227	109	110	0.00428449	0	0.496689	2
198	248	264	264	259	109	113	0.0351328	0	0.582781	1
199	560	40	561	40	109	110	0.000856898	0	0.0883002	1
200	479	149	480	150	109	110	0.0017138	0	0.328918	1
201	601	263	586	265	109	117	0.0162811	0	0.580574	2
202	400	206	401	208	109	111	0.00428449	0	0.454746	1
203	592	87	574	107	109	130	0.358183	0	0.192053	2
204	525	209	508	229	109	130	0.357326	0	0.461369	2
205	437	195	437	198	109	111	0.00771208	0	0.430464	1
206	770	83	778	96	109	126	0.151671	0	0.183223	1
207	359	194	359	194	110	111	0	0	0.428256	1
208	402	194	403	197	110	111	0.00856898	0	0.428256	1
209	371	210	371	210	110	111	0	0	0.463576	1
210	412	190	415	191	110	111	0.00342759	0	0.419426	1
211	235	162	236	160	110	111	0.00428449	0	0.357616	1
212	606	240	599	240	110	114	0.00599829	0	0.529801	2
213	533	358	549	373	110	124	0.206512	0	0.790287	1
214	417	153	418	153	110	111	0.000856898	0	0.337748	1
215	267	248	277	249	110	112	0.00942588	0	0.547461	1
216	556	287	576	301	110	122	0.18509	0	0.633554	1
217	49	443	48	444	110	111	0.0017138	0	0.977925	2
218	773	121	778	122	110	112	0.00514139	0	0.267108	1
219	221	123	226	120	110	113	0.0119966	0	0.271523	1
220	677	395	659	412	110	130	0.263068	0	0.871965	2
221	492	39	495	40	110	111	0.00342759	0	0.0860927	1
222	599	285	600	286	110	113	0.0017138	0	0.629139	1
223	439	175	436	177	111	114	0.00599829	0	0.386313	2
224	443	211	442	210	111	112	0.0017138	0	0.465784	2
225	204	175	205	174	111	112	0.0017138	0	0.386313	1
226	223	335	224	334	111	112	0.0017138	0	0.739514	1
227	396	136	395	136	111	112	0.000856898	0	0.300221	2
228	439	185	438	186	111	112	0.0017138	0	0.408389	2
229	243	322	248	318	111	112	0.0179949	0	0.710817	1
230	499	192	499	192	111	112	0	0	0.423841	1
231	492	180	493	179	111	112	0.0017138	0	0.397351	1
232	574	146	575	147	111	113	0.0017138	0	0.322296	1
233	399	114	399	113	111	112	0.000856898	0	0.251656	1
234	358	159	358	159	112	113	0	0	0.350993	1
235	287	329	288	330	112	115	0.0017138	0	0.726269	1
236	371	210	371	209	112	113	0.000856898	0	0.463576	1
237	503	53	505	54	112	113	0.00257069	0	0.116998	1
238	418	194	421	195	112	113	0.00342759	0	0.428256	1
239	52	451	51	453	112	114	0.00428449	0	0.995585	2
240	384	143	384	143	112	113	0	0	0.315673	1
241	604	216	603	218	112	115	0.00428449	0	0.476821	2
242	241	158	245	156	112	113	0.00685518	0	0.348786	1
243	497	42	503	43	112	114	0.00599829	0	0.0927152	1
244	556	26	559	27	112	114	0.00342759	0	0.0573951	1
245	258	320	265	318	112	113	0.00942588	0	0.706402	1
246	394	162	395	163	112	113	0.0017138	0	0.357616	1
247	240	324	246	324	113	114	0.00514139	0	0.715232	1
248	346	191	346	191	113	114	0	0	0.421634	1
249	403	203	404	203	113	114	0.000856898	0	0.448124	1
250	392	201	392	201	113	114	0	0	0.443709	1
251	433	191	432	191	113	114	0.000856898	0	0.421634	2
252	553	362	579	370	113	119	0.0771208	0	0.799117	1
253	253	316	259	317	113	114	0.00599829	0	0.697572	1
254	397	136	395	135	113	115	0.00257069	0	0.300221	2
255	423	98	423	98	113	114	0	0	0.216336	1
256	499	204	501	207	113	119	0.00942588	0	0.450331	1
257	242	344	222	362	114	130	0.294773	0	0.759382	2
258	360	161	360	162	114	115	0.000856898	0	0.355408	1
259	409	145	409	146	114	115	0.000856898	0	0.320088	1
260	372	207	373	207	114	116	0.000856898	0	0.456954	1
261	271	318	275	319	114	115	0.00428449	0	0.701987	1
262	415	183	417	184	114	115	0.00257069	0	0.403974	1
263	405	106	401	108	114	117	0.00685518	0	0.233996	2
264	225	154	226	153	114	115	0.0017138	0	0.339956	1
265	448	207	448	207	114	115	0	0	0.456954	1
266	428	117	428	118	114	115	0.000856898	0	0.258278	1
267	273	259	281	258	114	115	0.00771208	0	0.571744	1
268	263	259	280	258	114	116	0.0154242	0	0.571744	1
269	251	140	256	139	114	116	0.00514139	0	0.309051	1
270	500	128	506	126	114	119	0.00856898	0	0.282561	1
271	436	178	434	182	115	118	0.0154242	0	0.392936	2
272	348	191	356	187	115	120	0.0205656	0	0.421634	1
273	565	341	575	346	115	119	0.0299914	0	0.752759	1
274	508	44	512	44	115	116	0.00342759	0	0.0971302	1
275	400	161	403	162	115	116	0.00342759	0	0.355408	1
276	562	28	563	28	115	116	0.000856898	0	0.0618102	1
277	361	183	362	182	115	116	0.0017138	0	0.403974	1
278	399	171	408	176	115	119	0.0291345	0	0.377483	1
279	598	241	593	244	115	117	0.0119966	0	0.532009	2
280	578	146	578	146	115	116	0	0	0.322296	1
281	598	253	592	255	115	117	0.00856898	0	0.558499	2
282	429	166	428	167	115	116	0.0017138	0	0.366446	2
283	569	42	571	42	115	116	0.0017138	0	0.0927152	1
284	254	325	264	327	115	116	0.0119966	0	0.717439	1
285	407	182	409	184	115	116	0.00514139	0	0.401766	1
286	511	28	522	27	115	119	0.0102828	0	0.0618102	1
287	433	102	433	108	115	119	0.0308483	0	0.225166	1
288	288	331	288	331	116	117	0	0	0.730684	1
289	547	308	548	308	116	117	0.000856898	0	0.679912	1
290	493	156	495	150	116	118	0.0325621	0	0.344371	1
291	446	206	446	206	116	117	0	0	0.454746	1
292	405	206	408	207	116	117	0.00342759	0	0.454746	1
293	271	340	271	341	116	117	0.000856898	0	0.750552	1
294	243	145	245	145	116	117	0.0017138	0	0.320088	1
295	512	56	515	56	116	117	0.00257069	0	0.12362	1
296	446	144	447	146	116	119	0.00428449	0	0.317881	1
297	424	120	425	121	116	117	0.0017138	0	0.264901	1
298	391	120	390	121	116	119	0.0017138	0	0.264901	2
299	389	191	390	191	117	118	0.000856898	0	0.421634	1
300	580	147	580	147	117	118	0	0	0.324503	1
301	565	29	567	31	117	119	0.00514139	0	0.0640177	1
302	372	210	370	211	117	118	0.00257069	0	0.463576	2
303	262	328	274	328	117	118	0.0102828	0	0.724062	1
304	236	331	215	347	117	130	0.237361	0	0.730684	2
305	361	181	362	182	117	118	0.0017138	0	0.399558	1
306	790	128	791	129	117	122	0.0017138	0	0.282561	1
307	496	142	497	141	117	118	0.0017138	0	0.313466	1
308	601	443	598	454	117	126	0.106255	0	0.977925	2
309	451	175	456	172	117	127	0.0119966	0	0.386313	1
310	303	213	339	217	117	128	0.0445587	0	0.470199	1
311	232	153	233	153	118	119	0.000856898	0	0.337748	1
312	367	171	368	171	118	119	0.000856898	0	0.377483	1
313	277	350	277	350	118	119	0	0	0.772627	1
314	364	201	363	202	118	119	0.0017138	0	0.443709	2
315	430	172	430	172	118	119	0	0	0.379691	1
316	592	247	589	249	118	119	0.00599829	0	0.545254	2
317	412	210	410	213	118	121	0.00942588	0	0.463576	2
318	426	217	424	220	118	122	0.00942588	0	0.479029	2
319	290	265	291	264	118	119	0.0017138	0	0.584989	1
320	296	255	297	254	118	119	0.0017138	0	0.562914	1
321	254	157	256	154	118	120	0.00942588	0	0.346578	1
322	374	144	374	144	118	119	0	0	0.317881	1
323	436	187	435	188	119	120	0.0017138	0	0.412804	2
324	281	327	284	328	119	120	0.00342759	0	0.721854	1
325	370	213	368	213	119	120	0.0017138	0	0.470199	2
326	588	291	583	296	119	125	0.0257069	0	0.642384	2
327	421	104	420	105	119	120	0.0017138	0	0.229581	2
328	260	331	239	346	119	130	0.210797	0	0.730684	2
329	302	313	314	313	120	122	0.0102828	0	0.690949	1
330	442	212	440	213	120	121	0.00257069	0	0.467991	2
331	298	326	302	325	120	121	0.00428449	0	0.719647	1
332	367	171	366	173	120	123	0.00428449	0	0.377483	2
333	580	372	575	377	120	126	0.0257069	0	0.821192	2
334	498	147	497	147	120	121	0.000856898	0	0.324503	2
335	577	348	571	354	120	130	0.0359897	0	0.768212	2
336	390	215	379	223	120	128	0.0642674	0	0.474614	2
337	414	175	416	176	120	122	0.00257069	0	0.386313	1
338	438	138	436	139	120	122	0.00257069	0	0.304636	2
339	584	152	584	157	120	126	0.0214225	0	0.335541	1
340	588	453	587	454	120	121	0.0017138	0	1	2
341	588	252	585	254	120	121	0.00599829	0	0.556291	2
342	569	32	568	36	120	124	0.0145673	0	0.0706402	2
343	109	436	88	450	120	130	0.185947	0	0.962472	2
344	590	282	587	282	120	121	0.00257069	0	0.622517	2
345	300	288	334	288	120	127	0.0291345	0	0.635762	1
346	293	264	320	262	120	125	0.0265638	0	0.582781	1
347	525	55	529	54	120	122	0.00428449	0	0.121413	1
348	407	194	408	194	120	121	0.000856898	0	0.428256	1
349	416	156	412	156	120	121	0.00342759	0	0.344371	2
350	507	126	498	125	120	130	0.00856898	0	0.278146	2
351	422	203	423	204	120	121	0.0017138	0	0.448124	1
352	320	263	325	270	120	125	0.0462725	0	0.580574	1
353	358	189	360	190	121	122	0.00257069	0	0.417219	1
354	435	185	435	184	121	122	0.000856898	0	0.408389	1
355	319	320	321	318	121	122	0.00514139	0	0.706402	1
356	269	347	248	359	121	130	0.141388	0	0.766004	2
357	313	246	317	248	121	122	0.00685518	0	0.543046	1
358	318	359	317	360	122	123	0.0017138	0	0.792494	2
359	404	212	403	213	122	123	0.0017138	0	0.467991	2
360	299	330	306	331	122	123	0.00685518	0	0.728477	1
361	439	194	440	192	122	123	0.00428449	0	0.428256	1
362	438	215	437	216	122	123	0.0017138	0	0.474614	2
363	359	208	357	210	122	124	0.00514139	0	0.459161	2
364	769	111	766	112	122	124	0.00342759	0	0.245033	2
365	560	311	555	314	122	130	0.0119966	0	0.686534	2
366	424	164	422	165	122	123	0.00257069	0	0.362031	2
367	593	24	573	33	122	130	0.0865467	0	0.0529801	2
368	410	160	408	162	122	123	0.00514139	0	0.353201	2
369	418	106	402	110	122	127	0.0274207	0	0.233996	2
370	428	174	426	174	122	123	0.0017138	0	0.384106	2
371	583	254	580	253	122	123	0.00342759	0	0.560706	2
372	503	183	501	184	122	123	0.00257069	0	0.403974	2
373	562	223	542	232	122	130	0.0865467	0	0.492274	2
374	326	330	332	334	123	125	0.0188518	0	0.728477	1
375	498	144	497	145	123	124	0.0017138	0	0.317881	2
376	278	340	259	348	123	130	0.0711225	0	0.750552	2
377	407	119	399	123	123	126	0.0205656	0	0.262693	2
378	827	45	808	52	123	130	0.0582691	0	0.0993377	2
379	428	150	427	151	123	124	0.0017138	0	0.331126	2
380	570	342	571	342	123	124	0.000856898	0	0.754967	1
381	575	302	577	301	123	126	0.00257069	0	0.666667	1
382	772	130	763	136	123	130	0.0385604	0	0.286976	2
383	425	222	427	222	123	124	0.0017138	0	0.490066	1
384	791	122	785	131	123	130	0.0745501	0	0.269316	2
385	607	220	589	228	123	130	0.0702656	0	0.485651	2
386	322	346	322	346	124	125	0	0	0.763797	1
387	316	362	298	369	124	130	0.0574122	0	0.799117	2
388	440	187	440	186	124	125	0.000856898	0	0.412804	1
389	286	341	284	342	124	125	0.00257069	0	0.752759	2
390	330	361	328	363	124	126	0.00514139	0	0.796909	2
391	422	167	420	168	124	125	0.00257069	0	0.368653	2
392	424	113	421	113	124	125	0.00257069	0	0.249448	2
393	237	168	238	168	124	125	0.000856898	0	0.370861	1
394	575	249	555	244	124	130	0.0385604	0	0.549669	2
395	578	50	577	50	124	126	0.000856898	0	0.110375	2
396	767	114	760	116	125	128	0.00942588	0	0.251656	2
397	358	210	357	210	125	126	0.000856898	0	0.463576	2
398	234	179	237	180	125	126	0.00342759	0	0.395143	1
399	268	152	268	151	125	127	0.000856898	0	0.335541	1
400	310	259	317	260	125	126	0.00685518	0	0.571744	1
401	568	40	552	45	125	130	0.0351328	0	0.0883002	2
402	443	153	442	153	125	126	0.000856898	0	0.337748	2
403	441	185	439	183	126	128	0.00514139	0	0.408389	2
404	284	343	269	348	126	130	0.0342759	0	0.757174	2
405	240	170	237	173	126	128	0.0102828	0	0.375276	2
406	323	327	325	323	126	127	0.0154242	0	0.721854	1
407	519	158	511	154	126	129	0.0205656	0	0.348786	2
408	418	113	395	116	126	130	0.0274207	0	0.249448	2
409	429	209	427	209	126	127	0.0017138	0	0.461369	2
410	546	64	547	65	126	127	0.0017138	0	0.14128	1
411	327	364	324	363	127	128	0.00342759	0	0.803532	2
412	338	337	340	336	127	128	0.00257069	0	0.743929	1
413	362	216	356	217	127	129	0.00599829	0	0.476821	2
414	592	154	581	157	127	130	0.017138	0	0.339956	2
415	348	328	354	325	127	130	0.0128535	0	0.724062	1
416	580	302	572	305	127	130	0.0145673	0	0.666667	2
417	434	220	433	220	127	128	0.000856898	0	0.485651	2
418	363	204	359	203	127	128	0.00428449	0	0.450331	2
419	574	51	565	53	127	129	0.0111397	0	0.112583	2
420	439	203	438	202	127	128	0.0017138	0	0.448124	2
421	325	272	322	271	127	128	0.00342759	0	0.600442	2
422	257	133	248	135	127	130	0.0111397	0	0.293598	2
423	575	378	572	377	127	128	0.00342759	0	0.834437	2
424	354	173	335	177	127	130	0.0299914	0	0.381898	2
425	396	125	382	127	127	129	0.0154242	0	0.275938	2
426	416	155	412	156	128	129	0.00428449	0	0.342163	2
427	407	222	397	224	128	130	0.0119966	0	0.490066	2
428	537	58	534	61	128	129	0.0102828	0	0.128035	2
429	236	184	226	186	128	130	0.0119966	0	0.406181	2
430	375	156	370	156	128	129	0.00428449	0	0.344371	2
431	346	306	347	305	128	129	0.0017138	0	0.675497	1
432	427	209	423	208	128	129	0.00428449	0	0.461369	2
433	511	140	503	141	128	130	0.00771208	0	0.309051	2
434	423	156	422	158	129	130	0.00428449	0	0.344371	2
435	411	201	408	201	129	130	0.00257069	0	0.443709	2
436	487	142	483	142	129	130	0.00342759	0	0.313466	2
437	349	166	343	167	129	130	0.00599829	0	0.366446	2
438	374	216	369	217	129	130	0.00514139	0	0.476821	2
439	347	447	342	448	129	130	0.00514139	0	0.986755	2
440	327	261	326	260	129	130	0.0017138	0	0.576159	2
441	385	194	380	194	129	130	0.00428449	0	0.428256	2
442	439	204	437	205	129	130	0.00257069	0	0.450331	2
443	755	117	750	118	129	130	0.00514139	0	0.258278	2
444	581	86	576	87	129	130	0.00514139	0	0.189845	2
445	232	175	227	176	129	130	0.00514139	0	0.386313	2