
0	340	205	339	205	127	129	0.0103093	0	0.477855	2
1	348	228	348	227	127	128	0.0103093	0	0.531469	1
2	389	236	388	235	127	128	0.0206186	0	0.550117	2
3	322	212	319	212	127	128	0.0309278	0	0.494172	2
4	312	253	311	252	127	129	0.0206186	0	0.589744	2
5	385	222	384	219	127	129	0.103093	0	0.517483	2
6	348	239	348	238	127	130	0.0103093	0	0.55711	1
7	382	210	382	209	127	128	0.0103093	0	0.48951	1
8	357	215	357	214	127	130	0.0103093	0	0.501166	1
9	327	260	326	259	127	128	0.0206186	0	0.606061	2
10	329	223	329	222	128	129	0.0103093	0	0.519814	1
11	337	243	335	241	128	130	0.0618557	0	0.566434	2
12	294	268	296	267	128	131	0.0309278	0	0.624709	1
13	316	230	316	228	128	129	0.0412371	0	0.536131	1
14	185	264	185	263	128	129	0.0103093	0	0.615385	1
15	290	237	290	236	128	129	0.0103093	0	0.552448	1
16	207	249	206	250	128	129	0.0206186	0	0.58042	2
17	185	288	186	289	129	132	0.0206186	0	0.671329	1
18	321	245	319	244	129	132	0.0309278	0	0.571096	2
19	239	253	240	253	129	130	0.0103093	0	0.589744	1
20	388	236	387	236	129	130	0.0103093	0	0.550117	2
21	311	239	311	238	129	130	0.0103093	0	0.55711	1
22	345	215	347	214	129	130	0.0309278	0	0.501166	1
23	516	275	514	274	129	133	0.0309278	0	0.641026	2
24	252	238	252	236	129	130	0.0412371	0	0.554779	1
25	318	212	315	212	129	130	0.0309278	0	0.494172	2
26	231	266	230	266	129	132	0.0103093	0	0.620047	2
27	627	79	628	79	129	130	0.0103093	0	0.184149	1
28	321	255	320	254	129	130	0.0206186	0	0.594406	2
29	376	252	375	251	129	130	0.0206186	0	0.587413	2
30	316	265	315	264	130	131	0.0206186	0	0.617716	2
31	409	224	408	223	130	131	0.0206186	0	0.522145	2
32	406	391	404	391	130	131	0.0206186	0	0.911422	2
33	394	193	400	192	130	133	0.0721649	0	0.449883	1
34	218	236	219	236	130	131	0.0103093	0	0.550117	1
35	187	263	188	262	130	131	0.0206186	0	0.613054	1
36	661	89	659	89	130	132	0.0206186	0	0.207459	2
37	389	252	391	251	130	131	0.0309278	0	0.587413	1
38	207	252	209	252	130	132	0.0206186	0	0.587413	1
39	217	254	219	252	130	131	0.0618557	0	0.592075	1
40	392	226	389	227	130	135	0.0412371	0	0.526807	2
41	649	70	648	69	130	132	0.0206186	0	0.16317	2
42	317	227	317	225	130	131	0.0412371	0	0.529138	1
43	358	236	354	235	130	136	0.0515464	0	0.550117	2
44	375	229	374	228	130	131	0.0206186	0	0.5338	2
45	309	252	308	250	130	131	0.0515464	0	0.587413	2
46	205	279	204	279	131	133	0.0103093	0	0.65035	2
47	340	234	339	233	131	132	0.0206186	0	0.545455	2
48	360	204	360	198	131	134	0.371134	0	0.475524	1
49	344	215	345	215	131	132	0.0103093	0	0.501166	1
50	340	205	339	205	131	132	0.0103093	0	0.477855	2
51	240	256	240	257	131	132	0.0103093	0	0.596737	1
52	254	235	255	232	131	133	0.103093	0	0.547786	1
53	207	266	209	268	131	132	0.0618557	0	0.620047	1
54	377	252	376	251	131	132	0.0206186	0	0.587413	2
55	620	62	613	59	131	142	0.164948	0	0.144522	2
56	282	264	284	265	131	133	0.0309278	0	0.615385	1
57	562	62	559	61	131	134	0.0412371	0	0.144522	2
58	325	265	323	264	131	132	0.0309278	0	0.617716	2
59	332	247	331	246	131	134	0.0206186	0	0.575758	2
60	190	276	191	277	131	133	0.0206186	0	0.643357	1
61	324	215	323	213	131	132	0.0515464	0	0.501166	2
62	302	185	294	186	131	137	0.0927835	0	0.431235	2
63	419	222	417	222	131	132	0.0206186	0	0.517483	2
64	303	205	302	205	131	132	0.0103093	0	0.477855	2
65	405	391	403	390	132	133	0.0309278	0	0.911422	2
66	385	238	384	239	132	133	0.0206186	0	0.554779	2
67	216	241	221	241	132	135	0.0515464	0	0.561772	1
68	518	261	517	261	132	133	0.0103093	0	0.608392	2
69	407	225	405	225	132	134	0.0206186	0	0.524476	2
70	294	231	293	231	132	134	0.0103093	0	0.538462	2
71	350	225	349	224	132	133	0.0206186	0	0.524476	2
72	392	251	393	251	132	133	0.0103093	0	0.585082	1
73	313	230	313	229	132	133	0.0103093	0	0.536131	1
74	387	207	386	207	132	133	0.0103093	0	0.482517	2
75	625	71	625	70	132	134	0.0103093	0	0.165501	1
76	221	253	221	252	132	133	0.0103093	0	0.589744	1
77	312	254	311	253	132	133	0.0206186	0	0.592075	2
78	297	266	297	263	132	134	0.0927835	0	0.620047	1
79	312	267	312	267	133	134	0	0	0.622378	1
80	342	234	341	233	133	134	0.0206186	0	0.545455	2
81	187	291	185	291	133	136	0.0206186	0	0.678322	2
82	323	212	322	210	133	134	0.0515464	0	0.494172	2
83	321	244	320	243	133	134	0.0206186	0	0.568765	2
84	290	252	289	251	133	134	0.0206186	0	0.587413	2
85	339	222	340	220	133	134	0.0515464	0	0.517483	1
86	237	262	236	262	133	134	0.0103093	0	0.610723	2
87	416	223	415	223	133	134	0.0103093	0	0.519814	2
88	566	284	551	281	133	142	0.247423	0	0.662005	2
89	339	258	339	257	133	134	0.0103093	0	0.601399	1
90	435	196	435	195	133	134	0.0103093	0	0.456876	1
91	376	252	376	252	133	134	0	0	0.587413	1
92	341	206	340	205	133	134	0.0206186	0	0.480186	2
93	410	208	409	207	133	134	0.0206186	0	0.484848	2
94	327	226	327	225	133	134	0.0103093	0	0.526807	1
95	231	250	231	249	133	134	0.0103093	0	0.582751	1
96	204	280	202	279	134	136	0.0309278	0	0.652681	2
97	297	276	298	275	134	135	0.0206186	0	0.643357	1
98	406	193	408	193	134	135	0.0206186	0	0.449883	1
99	305	251	303	251	134	137	0.0206186	0	0.585082	2
100	257	232	264	229	134	142	0.164948	0	0.540793	1
101	511	262	510	262	134	135	0.0103093	0	0.610723	2
102	192	259	194	256	134	137	0.113402	0	0.60373	1
103	206	258	213	254	134	138	0.237113	0	0.601399	1
104	382	207	373	207	134	139	0.0927835	0	0.482517	2
105	26	28	25	27	135	136	0.0206186	0	0.0652681	2
106	213	271	211	271	135	136	0.0206186	0	0.631702	2
107	317	245	316	244	135	136	0.0206186	0	0.571096	2
108	294	250	293	250	135	136	0.0103093	0	0.582751	2
109	341	220	341	219	135	136	0.0103093	0	0.512821	1
110	36	27	29	29	135	165	0.113402	0	0.0629371	2
111	310	267	309	266	135	136	0.0206186	0	0.622378	2
112	323	209	324	205	135	146	0.175258	0	0.487179	1
113	420	422	417	421	135	137	0.0412371	0	0.983683	2
114	361	198	363	194	135	142	0.185567	0	0.461538	1
115	343	230	342	229	135	136	0.0206186	0	0.536131	2
116	408	232	407	231	135	136	0.0206186	0	0.540793	2
117	400	388	391	384	135	139	0.257732	0	0.904429	2
118	333	246	332	244	135	137	0.0515464	0	0.573427	2
119	437	196	442	195	135	138	0.0618557	0	0.456876	1
120	377	253	376	253	135	137	0.0103093	0	0.589744	2
121	413	222	410	221	135	138	0.0412371	0	0.517483	2
122	314	226	314	223	135	137	0.0927835	0	0.526807	1
123	434	218	433	217	135	136	0.0206186	0	0.508159	2
124	577	62	573	60	135	140	0.0824742	0	0.144522	2
125	298	262	295	262	135	139	0.0309278	0	0.610723	2
126	328	234	328	233	135	136	0.0103093	0	0.545455	1
127	558	267	546	265	135	141	0.164948	0	0.622378	2
128	394	251	394	251	135	136	0	0	0.585082	1
129	345	240	343	239	135	137	0.0309278	0	0.559441	2
130	320	267	319	266	135	136	0.0206186	0	0.622378	2
131	315	257	312	257	135	138	0.0309278	0	0.599068	2
132	328	224	328	223	135	136	0.0103093	0	0.522145	1
133	395	211	394	211	135	136	0.0103093	0	0.491841	2
134	384	242	383	242	135	136	0.0103093	0	0.564103	2
135	800	423	793	424	135	165	0.0824742	0	0.986014	2
136	568	270	546	266	135	146	0.391753	0	0.629371	2
137	301	212	294	213	135	142	0.0824742	0	0.494172	2
138	630	66	627	65	135	139	0.0412371	0	0.153846	2
139	228	265	227	264	135	136	0.0206186	0	0.617716	2
140	560	295	551	293	135	140	0.134021	0	0.687646	2
141	400	222	397	221	135	137	0.0412371	0	0.517483	2
142	289	233	286	233	135	140	0.0309278	0	0.543124	2
143	595	57	590	55	135	141	0.0927835	0	0.132867	2
144	447	217	444	214	135	140	0.123711	0	0.505828	2
145	409	210	407	209	135	137	0.0309278	0	0.48951	2
146	515	252	512	253	135	137	0.0412371	0	0.587413	2
147	517	287	516	286	136	137	0.0206186	0	0.668998	2
148	354	209	355	208	136	137	0.0206186	0	0.487179	1
149	282	263	280	263	136	137	0.0206186	0	0.613054	2
150	299	276	296	275	136	139	0.0412371	0	0.643357	2
151	229	237	234	236	136	138	0.0618557	0	0.552448	1
152	409	195	410	196	136	137	0.0206186	0	0.454545	1
153	388	228	380	228	136	141	0.0824742	0	0.531469	2
154	191	279	191	277	136	139	0.0412371	0	0.65035	1
155	201	280	201	279	137	139	0.0103093	0	0.652681	1
156	309	267	308	266	137	138	0.0206186	0	0.622378	2
157	342	229	341	228	137	138	0.0206186	0	0.5338	2
158	342	219	342	219	137	138	0	0	0.51049	1
159	185	291	184	290	137	138	0.0206186	0	0.678322	2
160	390	358	358	354	137	151	0.494845	0	0.834499	2
161	211	272	214	270	137	139	0.0721649	0	0.634033	1
162	308	233	308	232	137	138	0.0103093	0	0.543124	1
163	358	230	359	228	137	139	0.0515464	0	0.536131	1
164	324	254	323	254	137	138	0.0103093	0	0.592075	2
165	328	220	328	220	137	138	0	0	0.512821	1
166	429	204	430	204	137	138	0.0103093	0	0.475524	1
167	383	243	382	243	137	138	0.0103093	0	0.566434	2
168	659	78	658	79	137	139	0.0206186	0	0.181818	2
169	508	263	506	264	137	138	0.0309278	0	0.613054	2
170	361	240	360	240	137	138	0.0103093	0	0.559441	2
171	340	262	339	262	137	138	0.0103093	0	0.610723	2
172	398	248	397	247	137	138	0.0206186	0	0.578089	2
173	280	263	279	262	138	139	0.0206186	0	0.613054	2
174	299	251	297	250	138	139	0.0309278	0	0.585082	2
175	515	287	514	286	138	139	0.0206186	0	0.668998	2
176	196	256	197	253	138	140	0.103093	0	0.596737	1
177	402	200	402	199	138	139	0.0103093	0	0.4662	1
178	376	253	376	252	138	139	0.0103093	0	0.589744	1
179	318	223	318	221	138	139	0.0412371	0	0.519814	1
180	434	216	433	215	138	140	0.0206186	0	0.503497	2
181	332	243	332	241	138	139	0.0412371	0	0.566434	1
182	294	188	292	188	138	139	0.0206186	0	0.438228	2
183	516	262	514	265	138	151	0.113402	0	0.610723	2
184	229	255	232	254	138	139	0.0412371	0	0.594406	1
185	329	283	327	281	138	149	0.0618557	0	0.659674	2
186	342	205	342	205	138	139	0	0	0.477855	1
187	307	277	305	275	138	142	0.0618557	0	0.645688	2
188	237	236	241	235	139	140	0.0515464	0	0.550117	1
189	337	219	337	219	139	140	0	0	0.51049	1
190	443	194	444	194	139	140	0.0103093	0	0.452214	1
191	317	242	317	241	139	140	0.0103093	0	0.564103	1
192	408	209	407	208	139	140	0.0206186	0	0.487179	2
193	184	287	185	286	139	140	0.0206186	0	0.668998	1
194	394	223	392	223	139	140	0.0206186	0	0.519814	2
195	307	248	306	247	139	140	0.0206186	0	0.578089	2
196	302	185	290	186	139	149	0.134021	0	0.431235	2
197	372	217	370	216	139	140	0.0309278	0	0.505828	2
198	382	242	381	241	139	140	0.0206186	0	0.564103	2
199	511	273	510	273	139	140	0.0103093	0	0.636364	2
200	359	238	358	237	139	140	0.0206186	0	0.554779	2
201	412	199	412	199	139	140	0	0	0.463869	1
202	253	240	253	239	139	140	0.0103093	0	0.559441	1
203	505	262	503	264	139	143	0.0618557	0	0.610723	2
204	396	210	396	208	139	141	0.0412371	0	0.48951	1
205	554	52	549	54	139	165	0.0927835	0	0.121212	2
206	338	261	337	260	140	141	0.0206186	0	0.608392	2
207	388	384	381	382	140	143	0.113402	0	0.895105	2
208	359	207	359	205	140	141	0.0412371	0	0.482517	1
209	295	275	293	273	140	143	0.0618557	0	0.641026	2
210	405	231	404	231	140	141	0.0103093	0	0.538462	2
211	318	221	318	220	140	141	0.0103093	0	0.515152	1
212	337	230	336	230	140	141	0.0103093	0	0.536131	2
213	402	219	401	218	140	142	0.0206186	0	0.51049	2
214	520	273	519	273	140	145	0.0103093	0	0.636364	2
215	627	67	626	67	140	141	0.0103093	0	0.156177	2
216	332	241	332	239	140	142	0.0412371	0	0.561772	1
217	323	262	322	261	140	141	0.0206186	0	0.610723	2
218	238	251	239	251	140	141	0.0103093	0	0.585082	1
219	431	225	430	224	140	141	0.0206186	0	0.524476	2
220	445	225	443	225	140	143	0.0206186	0	0.524476	2
221	287	174	262	177	140	156	0.350515	0	0.405594	2
222	326	252	325	251	140	141	0.0206186	0	0.587413	2
223	293	248	292	249	140	141	0.0206186	0	0.578089	2
224	307	221	308	219	140	145	0.0515464	0	0.515152	1
225	380	245	379	245	141	142	0.0103093	0	0.571096	2
226	445	194	446	194	141	142	0.0103093	0	0.452214	1
227	514	287	513	286	141	142	0.0206186	0	0.668998	2
228	321	271	320	270	141	142	0.0206186	0	0.631702	2
229	308	249	308	249	141	143	0	0	0.58042	1
230	293	264	292	263	141	142	0.0206186	0	0.615385	2
231	432	214	430	214	141	142	0.0206186	0	0.498834	2
232	288	231	285	229	141	146	0.0721649	0	0.538462	2
233	392	223	390	221	141	143	0.0618557	0	0.519814	2
234	573	61	572	60	141	145	0.0206186	0	0.142191	2
235	352	215	352	213	141	142	0.0412371	0	0.501166	1
236	285	185	277	186	141	147	0.0927835	0	0.431235	2
237	193	276	199	276	141	144	0.0618557	0	0.643357	1
238	280	250	278	248	141	142	0.0618557	0	0.582751	2
239	228	258	233	258	141	143	0.0515464	0	0.601399	1
240	393	256	392	255	141	143	0.0206186	0	0.596737	2
241	240	235	247	236	141	143	0.0824742	0	0.547786	1
242	401	198	401	196	141	144	0.0412371	0	0.461538	1
243	110	418	107	421	141	165	0.123711	0	0.974359	2
244	412	204	412	203	142	143	0.0103093	0	0.475524	1
245	318	240	318	239	142	143	0.0103093	0	0.559441	1
246	187	288	189	288	142	143	0.0206186	0	0.671329	1
247	324	251	324	250	142	144	0.0103093	0	0.585082	1
248	544	266	537	266	142	145	0.0721649	0	0.620047	2
249	366	209	365	207	142	144	0.0515464	0	0.487179	2
250	381	228	380	225	142	145	0.103093	0	0.531469	2
251	595	59	593	59	142	147	0.0206186	0	0.137529	2
252	376	256	377	254	142	143	0.0515464	0	0.596737	1
253	342	206	342	206	142	143	0	0	0.480186	1
254	400	208	399	208	142	143	0.0103093	0	0.484848	2
255	339	259	340	257	143	144	0.0515464	0	0.60373	1
256	291	263	290	262	143	144	0.0206186	0	0.613054	2
257	363	198	363	197	143	144	0.0103093	0	0.461538	1
258	514	286	513	285	143	145	0.0206186	0	0.666667	2
259	450	196	458	200	143	148	0.247423	0	0.456876	1
260	320	218	320	217	143	144	0.0103093	0	0.508159	1
261	549	282	545	281	143	145	0.0515464	0	0.657343	2
262	265	230	268	231	143	145	0.0412371	0	0.536131	1
263	295	252	294	251	143	144	0.0206186	0	0.587413	2
264	370	379	322	372	143	164	1	0	0.88345	2
265	429	216	426	215	143	144	0.0412371	0	0.503497	2
266	613	60	610	60	143	153	0.0309278	0	0.13986	2
267	323	261	323	260	143	144	0.0103093	0	0.608392	1
268	553	297	551	297	143	144	0.0206186	0	0.692308	2
269	294	213	292	212	143	145	0.0309278	0	0.496503	2
270	628	65	627	65	143	145	0.0103093	0	0.151515	2
271	186	262	190	260	143	146	0.0824742	0	0.610723	1
272	353	212	353	211	143	144	0.0103093	0	0.494172	1
273	429	226	427	226	143	144	0.0206186	0	0.526807	2
274	278	246	276	244	143	144	0.0618557	0	0.573427	2
275	332	239	333	239	143	146	0.0103093	0	0.55711	1
276	411	204	410	203	144	145	0.0206186	0	0.475524	2
277	294	274	293	273	144	145	0.0206186	0	0.638695	2
278	308	249	307	249	144	145	0.0103093	0	0.58042	2
279	380	385	355	381	144	154	0.42268	0	0.897436	2
280	204	236	216	243	144	151	0.628866	0	0.550117	1
281	360	237	360	236	144	146	0.0103093	0	0.552448	1
282	201	254	202	255	144	145	0.0206186	0	0.592075	1
283	299	238	298	238	144	145	0.0103093	0	0.554779	2
284	443	227	441	226	144	145	0.0309278	0	0.529138	2
285	399	208	397	207	144	145	0.0309278	0	0.484848	2
286	503	265	500	265	144	156	0.0309278	0	0.617716	2
287	406	224	405	223	144	145	0.0206186	0	0.522145	2
288	424	245	423	245	144	145	0.0103093	0	0.571096	2
289	392	255	391	255	144	145	0.0103093	0	0.594406	2
290	286	195	284	194	144	145	0.0309278	0	0.454545	2
291	313	230	313	230	144	145	0	0	0.536131	1
292	257	270	262	269	145	146	0.0618557	0	0.629371	1
293	366	194	367	194	145	147	0.0103093	0	0.452214	1
294	306	278	309	278	145	146	0.0309278	0	0.648019	1
295	257	246	260	246	145	146	0.0309278	0	0.573427	1
296	319	218	319	218	145	146	0	0	0.508159	1
297	547	295	544	294	145	148	0.0412371	0	0.687646	2
298	246	246	248	245	145	146	0.0309278	0	0.573427	1
299	276	243	274	242	145	146	0.0309278	0	0.566434	2
300	352	206	351	205	145	146	0.0206186	0	0.480186	2
301	202	292	206	293	146	147	0.0515464	0	0.680653	1
302	511	286	510	285	146	149	0.0206186	0	0.666667	2
303	419	200	420	199	146	147	0.0206186	0	0.4662	1
304	309	263	309	263	146	147	0	0	0.613054	1
305	425	218	423	217	146	147	0.0309278	0	0.508159	2
306	546	282	543	281	146	147	0.0412371	0	0.657343	2
307	378	205	380	203	146	149	0.0618557	0	0.477855	1
308	536	267	531	264	146	148	0.14433	0	0.622378	2
309	317	247	316	247	146	147	0.0103093	0	0.575758	2
310	380	226	380	225	146	147	0.0103093	0	0.526807	1
311	409	198	410	197	146	147	0.0206186	0	0.461538	1
312	205	280	210	282	146	149	0.0927835	0	0.652681	1
313	300	239	299	239	146	147	0.0103093	0	0.55711	2
314	341	227	341	226	146	147	0.0103093	0	0.529138	1
315	628	70	629	70	146	149	0.0103093	0	0.16317	1
316	519	275	518	275	146	152	0.0103093	0	0.641026	2
317	282	195	279	193	146	148	0.0721649	0	0.454545	2
318	651	63	652	63	146	151	0.0103093	0	0.146853	1
319	189	297	188	296	146	149	0.0206186	0	0.692308	2
320	340	266	339	266	146	147	0.0103093	0	0.620047	2
321	264	270	267	271	147	148	0.0412371	0	0.629371	1
322	324	204	325	203	147	149	0.0206186	0	0.475524	1
323	407	211	406	210	147	148	0.0206186	0	0.491841	2
324	314	273	314	273	147	148	0	0	0.636364	1
325	322	218	322	218	147	148	0	0	0.508159	1
326	326	244	326	244	147	148	0	0	0.568765	1
327	336	242	336	242	147	148	0	0	0.564103	1
328	250	277	249	276	147	148	0.0206186	0	0.645688	2
329	204	262	216	264	147	152	0.164948	0	0.610723	1
330	288	235	285	234	147	149	0.0412371	0	0.547786	2
331	549	260	546	258	147	148	0.0721649	0	0.606061	2
332	392	204	392	203	147	148	0.0103093	0	0.475524	1
333	292	212	281	212	147	157	0.113402	0	0.494172	2
334	192	261	197	258	147	149	0.14433	0	0.608392	1
335	344	209	343	209	147	148	0.0103093	0	0.487179	2
336	273	233	274	232	147	148	0.0206186	0	0.543124	1
337	405	221	405	220	147	148	0.0103093	0	0.515152	1
338	349	259	350	260	148	149	0.0206186	0	0.60373	1
339	313	259	312	259	148	149	0.0103093	0	0.60373	2
340	383	240	383	239	148	149	0.0103093	0	0.559441	1
341	265	288	264	288	148	149	0.0103093	0	0.671329	2
342	208	294	209	295	148	150	0.0206186	0	0.685315	1
343	369	194	372	194	148	151	0.0309278	0	0.452214	1
344	269	248	273	249	148	149	0.0515464	0	0.578089	1
345	540	281	537	280	148	149	0.0412371	0	0.655012	2
346	289	251	287	251	148	150	0.0206186	0	0.585082	2
347	387	220	391	221	148	155	0.0515464	0	0.512821	1
348	592	56	587	56	148	159	0.0515464	0	0.130536	2
349	358	208	357	208	148	149	0.0103093	0	0.484848	2
350	238	277	243	276	148	149	0.0618557	0	0.645688	1
351	362	235	362	234	148	149	0.0103093	0	0.547786	1
352	315	243	315	243	148	149	0	0	0.566434	1
353	341	226	340	225	148	149	0.0206186	0	0.526807	2
354	469	240	468	240	148	149	0.0103093	0	0.559441	2
355	328	228	329	228	148	149	0.0103093	0	0.531469	1
356	324	256	324	257	149	150	0.0103093	0	0.596737	1
357	543	292	535	290	149	151	0.123711	0	0.680653	2
358	321	271	321	271	149	150	0	0	0.631702	1
359	256	267	256	267	149	150	0	0	0.622378	1
360	337	242	340	242	149	151	0.0309278	0	0.564103	1
361	530	262	525	259	149	151	0.14433	0	0.610723	2
362	421	230	420	229	149	151	0.0206186	0	0.536131	2
363	311	279	311	279	149	150	0	0	0.65035	1
364	279	188	267	191	149	155	0.216495	0	0.438228	2
365	544	258	539	256	149	151	0.0927835	0	0.601399	2
366	589	66	588	66	149	151	0.0103093	0	0.153846	2
367	542	61	536	61	149	163	0.0618557	0	0.142191	2
368	567	60	565	59	149	157	0.0309278	0	0.13986	2
369	349	260	350	259	150	152	0.0206186	0	0.606061	1
370	512	286	510	286	150	154	0.0206186	0	0.666667	2
371	421	200	420	200	150	151	0.0103093	0	0.4662	2
372	265	288	265	288	150	151	0	0	0.671329	1
373	272	274	273	274	150	151	0.0103093	0	0.638695	1
374	309	261	309	261	150	151	0	0	0.608392	1
375	315	246	315	247	150	152	0.0103093	0	0.573427	1
376	327	244	329	242	150	154	0.0618557	0	0.568765	1
377	330	204	329	203	150	151	0.0206186	0	0.475524	2
378	213	284	216	286	150	153	0.0721649	0	0.662005	1
379	396	209	396	208	150	151	0.0103093	0	0.487179	1
380	414	215	412	215	150	151	0.0206186	0	0.501166	2
381	534	277	531	276	150	151	0.0412371	0	0.645688	2
382	384	258	383	257	150	151	0.0206186	0	0.601399	2
383	457	203	461	210	150	155	0.546392	0	0.473193	1
384	357	270	358	269	150	152	0.0206186	0	0.629371	1
385	320	207	319	206	150	152	0.0206186	0	0.482517	2
386	246	274	247	271	150	155	0.103093	0	0.638695	1
387	377	205	377	204	150	151	0.0103093	0	0.477855	1
388	327	281	327	281	150	151	0	0	0.655012	1
389	289	187	276	188	150	156	0.14433	0	0.435897	2
390	286	234	284	232	150	153	0.0618557	0	0.545455	2
391	359	209	359	209	150	152	0	0	0.487179	1
392	277	253	281	253	150	151	0.0412371	0	0.589744	1
393	341	232	341	231	150	151	0.0103093	0	0.540793	1
394	402	197	402	196	150	153	0.0103093	0	0.459207	1
395	270	213	262	215	150	157	0.123711	0	0.496503	2
396	631	71	631	71	150	152	0	0	0.165501	1
397	320	230	323	230	150	152	0.0309278	0	0.536131	1
398	201	256	209	253	150	154	0.175258	0	0.596737	1
399	212	298	211	298	151	155	0.0103093	0	0.694639	2
400	331	220	331	219	151	152	0.0103093	0	0.512821	1
401	276	243	275	242	151	152	0.0206186	0	0.566434	2
402	255	267	255	265	151	153	0.0412371	0	0.622378	1
403	337	252	337	251	151	154	0.0103093	0	0.587413	1
404	321	216	321	216	151	152	0	0	0.503497	1
405	349	198	349	198	151	154	0	0	0.461538	1
406	641	76	640	76	151	152	0.0103093	0	0.177156	2
407	322	271	322	271	152	153	0	0	0.631702	1
408	374	194	377	194	152	155	0.0309278	0	0.452214	1
409	421	201	419	201	152	153	0.0206186	0	0.468531	2
410	331	208	330	208	152	154	0.0103093	0	0.484848	2
411	357	353	354	351	152	153	0.0721649	0	0.822844	2
412	528	277	524	276	152	153	0.0515464	0	0.645688	2
413	384	258	382	258	152	157	0.0206186	0	0.601399	2
414	287	252	298	251	152	154	0.123711	0	0.587413	1
415	295	276	295	275	152	153	0.0103093	0	0.643357	1
416	219	245	236	242	152	160	0.268041	0	0.571096	1
417	523	259	518	257	152	154	0.0927835	0	0.60373	2
418	377	204	378	204	152	154	0.0103093	0	0.475524	1
419	589	66	587	66	152	157	0.0206186	0	0.153846	2
420	651	62	652	64	152	164	0.0515464	0	0.144522	1
421	539	257	533	255	152	154	0.103093	0	0.599068	2
422	336	229	336	227	152	154	0.0412371	0	0.5338	1
423	350	260	349	259	153	157	0.0206186	0	0.606061	2
424	275	279	277	278	153	154	0.0309278	0	0.65035	1
425	318	246	318	246	153	154	0	0	0.573427	1
426	640	76	639	75	153	154	0.0206186	0	0.177156	2
427	320	226	321	223	153	158	0.103093	0	0.526807	1
428	425	216	425	216	153	154	0	0	0.503497	1
429	357	209	355	207	153	154	0.0618557	0	0.487179	2
430	272	232	272	230	153	154	0.0412371	0	0.540793	1
431	287	262	297	263	153	155	0.113402	0	0.610723	1
432	376	241	375	241	153	156	0.0103093	0	0.561772	2
433	424	243	423	242	153	154	0.0206186	0	0.566434	2
434	219	264	243	269	153	164	0.505155	0	0.615385	1
435	320	207	319	207	153	154	0.0103093	0	0.482517	2
436	360	263	359	263	153	158	0.0103093	0	0.613054	2
437	402	212	401	213	154	155	0.0206186	0	0.494172	2
438	324	272	324	272	154	155	0	0	0.634033	1
439	217	287	218	285	154	156	0.0515464	0	0.668998	1
440	418	203	416	204	154	155	0.0309278	0	0.473193	2
441	356	354	351	352	154	156	0.0927835	0	0.825175	2
442	285	238	292	236	154	163	0.113402	0	0.554779	1
443	287	250	289	247	154	161	0.113402	0	0.582751	1
444	265	289	266	288	154	155	0.0206186	0	0.67366	1
445	329	287	329	289	154	157	0.0412371	0	0.668998	1
446	610	61	610	64	154	163	0.0927835	0	0.142191	1
447	405	196	404	196	154	155	0.0103093	0	0.456876	2
448	640	76	639	76	155	156	0.0103093	0	0.177156	2
449	280	277	285	277	155	156	0.0515464	0	0.645688	1
450	353	379	347	377	155	157	0.103093	0	0.88345	2
451	337	251	337	250	155	156	0.0103093	0	0.585082	1
452	272	226	272	224	155	156	0.0412371	0	0.526807	1
453	323	250	322	249	155	156	0.0206186	0	0.582751	2
454	390	241	389	241	155	156	0.0103093	0	0.561772	2
455	211	253	228	249	155	162	0.340206	0	0.589744	1
456	391	207	391	207	155	156	0	0	0.482517	1
457	334	219	334	217	155	157	0.0412371	0	0.51049	1
458	522	274	518	273	155	156	0.0515464	0	0.638695	2
459	342	209	342	209	155	156	0	0	0.487179	1
460	352	199	354	198	155	156	0.0309278	0	0.463869	1
461	325	235	325	234	155	156	0.0103093	0	0.547786	1
462	481	251	480	251	155	156	0.0103093	0	0.585082	2
463	262	237	262	236	155	156	0.0103093	0	0.552448	1
464	369	212	369	213	156	158	0.0103093	0	0.494172	1
465	416	204	415	206	156	158	0.0515464	0	0.475524	2
466	379	196	380	196	156	157	0.0103093	0	0.456876	1
467	468	214	467	215	156	157	0.0206186	0	0.498834	2
468	392	222	393	222	156	159	0.0103093	0	0.517483	1
469	266	267	265	266	156	157	0.0206186	0	0.622378	2
470	311	252	315	252	156	157	0.0412371	0	0.587413	1
471	529	279	527	279	156	157	0.0206186	0	0.65035	2
472	379	208	379	208	156	157	0	0	0.484848	1
473	355	212	354	212	156	157	0.0103093	0	0.494172	2
474	527	254	521	254	156	158	0.0618557	0	0.592075	2
475	313	214	311	214	156	158	0.0206186	0	0.498834	2
476	259	188	243	189	156	165	0.175258	0	0.438228	2
477	331	260	332	259	157	158	0.0206186	0	0.606061	1
478	274	188	268	187	157	160	0.0721649	0	0.438228	2
479	306	294	307	295	157	159	0.0206186	0	0.685315	1
480	275	222	274	221	157	158	0.0206186	0	0.517483	2
481	325	205	323	205	157	159	0.0206186	0	0.477855	2
482	286	263	290	264	157	163	0.0515464	0	0.613054	1
483	338	248	338	247	157	160	0.0103093	0	0.578089	1
484	391	208	391	208	157	158	0	0	0.484848	1
485	353	202	355	202	157	158	0.0206186	0	0.470862	1
486	219	285	224	284	157	159	0.0618557	0	0.664336	1
487	377	241	376	241	157	158	0.0103093	0	0.561772	2
488	387	246	387	245	157	158	0.0103093	0	0.573427	1
489	517	276	514	275	157	158	0.0412371	0	0.643357	2
490	273	238	273	237	157	158	0.0103093	0	0.554779	1
491	301	227	299	227	157	159	0.0206186	0	0.529138	2
492	344	348	341	347	157	158	0.0412371	0	0.811189	2
493	263	236	262	236	157	158	0.0103093	0	0.550117	2
494	462	233	462	234	157	158	0.0103093	0	0.543124	1
495	827	429	827	429	157	158	0	0	1	1
496	349	259	349	258	158	159	0.0103093	0	0.60373	1
497	511	286	510	286	158	159	0.0103093	0	0.666667	2
498	345	377	339	376	158	160	0.0721649	0	0.878788	2
499	218	297	220	297	158	159	0.0206186	0	0.692308	1
500	310	262	314	262	158	159	0.0412371	0	0.610723	1
501	382	196	383	196	158	159	0.0103093	0	0.456876	1
502	379	209	379	209	158	160	0	0	0.487179	1
503	460	221	459	225	158	160	0.175258	0	0.515152	2
504	334	216	334	215	158	160	0.0103093	0	0.503497	1
505	365	233	365	234	158	161	0.0103093	0	0.543124	1
506	357	213	357	213	158	159	0	0	0.496503	1
507	381	259	380	260	158	162	0.0206186	0	0.60373	2
508	508	256	505	257	158	159	0.0412371	0	0.596737	2
509	569	61	569	62	158	163	0.0103093	0	0.142191	1
510	476	228	475	228	158	159	0.0103093	0	0.531469	2
511	767	410	769	413	158	165	0.113402	0	0.955711	1
512	405	199	406	200	158	163	0.0206186	0	0.463869	1
513	546	364	548	367	158	165	0.113402	0	0.848485	1
514	334	260	334	260	159	160	0	0	0.606061	1
515	266	169	257	172	159	165	0.185567	0	0.393939	2
516	369	214	370	214	159	160	0.0103093	0	0.498834	1
517	390	243	391	242	159	162	0.0206186	0	0.566434	1
518	415	207	415	208	159	160	0.0103093	0	0.482517	1
519	322	222	322	221	159	161	0.0103093	0	0.517483	1
520	340	347	338	346	159	160	0.0309278	0	0.808858	2
521	518	255	516	256	159	160	0.0309278	0	0.594406	2
522	291	276	292	278	159	165	0.0515464	0	0.643357	1
523	265	260	267	260	159	160	0.0206186	0	0.606061	1
524	271	236	271	235	159	160	0.0103093	0	0.550117	1
525	380	242	382	244	159	164	0.0618557	0	0.564103	1
526	326	250	329	249	159	160	0.0412371	0	0.582751	1
527	309	222	310	221	159	161	0.0206186	0	0.517483	1
528	408	222	407	223	159	160	0.0206186	0	0.517483	2
529	331	360	326	362	159	161	0.0927835	0	0.839161	2
530	644	71	648	73	159	164	0.0824742	0	0.165501	1
531	454	236	452	237	159	161	0.0309278	0	0.550117	2
532	626	61	627	62	159	162	0.0206186	0	0.142191	1
533	351	259	351	259	160	162	0	0	0.60373	1
534	220	295	223	296	160	161	0.0412371	0	0.687646	1
535	319	262	323	262	160	161	0.0412371	0	0.610723	1
536	227	285	233	287	160	162	0.103093	0	0.664336	1
537	395	223	395	223	160	162	0	0	0.519814	1
538	330	290	330	290	160	161	0	0	0.675991	1
539	322	207	321	208	160	162	0.0206186	0	0.482517	2
540	358	214	359	213	160	161	0.0206186	0	0.498834	1
541	269	219	268	219	160	161	0.0103093	0	0.51049	2
542	261	270	268	270	160	162	0.0721649	0	0.629371	1
543	470	224	469	225	160	161	0.0206186	0	0.522145	2
544	225	305	228	306	160	161	0.0412371	0	0.710956	1
545	314	252	315	251	160	161	0.0206186	0	0.587413	1
546	373	215	374	215	161	162	0.0103093	0	0.501166	1
547	338	375	330	375	161	165	0.0824742	0	0.874126	2
548	514	256	511	255	161	162	0.0412371	0	0.596737	2
549	382	201	385	202	161	164	0.0412371	0	0.468531	1
550	338	346	331	346	161	165	0.0721649	0	0.806527	2
551	267	187	262	188	161	164	0.0618557	0	0.435897	2
552	410	237	410	238	161	162	0.0103093	0	0.552448	1
553	334	217	334	218	161	164	0.0103093	0	0.505828	1
554	510	288	510	288	161	162	0	0	0.671329	1
555	368	202	370	202	161	162	0.0206186	0	0.470862	1
556	300	246	300	246	161	162	0	0	0.573427	1
557	408	222	408	223	161	162	0.0103093	0	0.517483	1
558	392	199	394	199	161	163	0.0206186	0	0.463869	1
559	459	226	458	227	161	162	0.0206186	0	0.526807	2
560	401	252	401	252	161	163	0	0	0.587413	1
561	258	211	254	211	161	162	0.0412371	0	0.491841	2
562	421	213	421	213	161	162	0	0	0.496503	1
563	361	231	361	231	162	163	0	0	0.538462	1
564	323	221	323	221	162	163	0	0	0.515152	1
565	504	272	502	271	162	163	0.0309278	0	0.634033	2
566	317	251	318	250	162	163	0.0206186	0	0.585082	1
567	515	275	515	275	162	163	0	0	0.641026	1
568	290	248	292	249	162	164	0.0309278	0	0.578089	1
569	472	234	471	235	162	163	0.0206186	0	0.545455	2
570	271	221	270	223	162	165	0.0515464	0	0.515152	2
571	371	231	372	231	162	163	0.0103093	0	0.538462	1
572	326	361	321	363	162	164	0.0927835	0	0.841492	2
573	305	231	305	231	162	163	0	0	0.538462	1
574	501	258	499	257	162	163	0.0309278	0	0.601399	2
575	469	249	469	251	162	163	0.0412371	0	0.58042	1
576	316	239	317	239	162	163	0.0103093	0	0.55711	1
577	474	260	474	261	162	164	0.0103093	0	0.606061	1
578	259	237	258	237	162	163	0.0103093	0	0.552448	2
579	377	216	379	216	163	164	0.0206186	0	0.503497	1
580	511	256	510	255	163	164	0.0206186	0	0.596737	2
581	411	239	410	239	163	164	0.0103093	0	0.55711	2
582	323	210	323	210	163	164	0	0	0.48951	1
583	237	289	241	291	163	164	0.0824742	0	0.67366	1
584	396	223	396	223	163	164	0	0	0.519814	1
585	333	284	337	286	163	164	0.0824742	0	0.662005	1
586	419	211	419	211	163	164	0	0	0.491841	1
587	379	259	380	260	163	165	0.0206186	0	0.60373	1
588	461	225	461	226	163	164	0.0103093	0	0.524476	1
589	334	301	341	305	163	165	0.237113	0	0.701632	1
590	320	273	320	272	163	164	0.0103093	0	0.636364	1
591	328	258	332	257	163	164	0.0515464	0	0.601399	1
592	393	242	393	242	163	164	0	0	0.564103	1
593	429	221	429	221	163	164	0	0	0.515152	1
594	274	234	275	234	163	164	0.0103093	0	0.545455	1
595	313	212	312	211	163	165	0.0206186	0	0.494172	2
596	337	227	337	228	163	165	0.0103093	0	0.529138	1
597	621	65	622	66	163	165	0.0206186	0	0.151515	1
598	253	201	248	203	163	165	0.0927835	0	0.468531	2
599	319	221	319	221	164	165	0	0	0.515152	1
600	291	266	292	266	164	165	0.0103093	0	0.620047	1
601	248	251	251	253	164	165	0.0721649	0	0.585082	1
602	295	237	296	238	164	165	0.0206186	0	0.552448	1
603	612	64	612	64	164	165	0	0	0.149184	1
604	394	212	394	211	164	165	0.0103093	0	0.494172	1
605	230	312	230	312	164	165	0	0	0.727273	1
606	327	282	328	282	164	165	0.0103093	0	0.657343	1
607	405	200	405	200	164	165	0	0	0.4662	1