
0	318	224	319	222	82	83	0.0320513	0	0.492308	1
1	337	214	337	213	82	83	0.00641026	0	0.47033	1
2	236	212	234	210	82	83	0.0384615	0	0.465934	2
3	381	226	380	225	82	83	0.0128205	0	0.496703	2
4	328	228	328	227	82	83	0.00641026	0	0.501099	1
5	197	195	196	194	82	83	0.0128205	0	0.428571	2
6	319	281	320	281	82	86	0.00641026	0	0.617582	1
7	481	163	477	166	82	86	0.0833333	0	0.358242	2
8	368	207	367	205	82	83	0.0320513	0	0.454945	2
9	425	189	418	186	82	86	0.102564	0	0.415385	2
10	118	326	123	333	82	86	0.346154	0	0.716484	1
11	196	164	195	163	82	83	0.0128205	0	0.36044	2
12	470	199	470	198	82	83	0.00641026	0	0.437363	1
13	355	196	355	195	83	84	0.00641026	0	0.430769	1
14	312	232	313	231	83	84	0.0128205	0	0.50989	1
15	412	239	408	237	83	84	0.0512821	0	0.525275	2
16	339	156	332	156	83	86	0.0448718	0	0.342857	2
17	87	382	92	379	83	91	0.0897436	0	0.83956	1
18	642	76	666	79	83	120	0.211538	0	0.167033	1
19	320	221	320	220	84	85	0.00641026	0	0.485714	1
20	322	293	322	293	84	86	0	0	0.643956	1
21	397	216	395	217	84	85	0.0192308	0	0.474725	2
22	344	237	341	231	84	87	0.25	0	0.520879	2
23	350	185	349	183	84	85	0.0320513	0	0.406593	2
24	378	226	377	225	84	85	0.0128205	0	0.496703	2
25	530	239	530	237	84	89	0.025641	0	0.525275	1
26	205	189	205	189	84	86	0	0	0.415385	1
27	106	351	107	352	84	85	0.0128205	0	0.771429	1
28	433	183	431	183	84	85	0.0128205	0	0.402198	2
29	470	198	469	197	84	86	0.0128205	0	0.435165	2
30	455	159	450	157	84	87	0.0576923	0	0.349451	2
31	194	194	193	194	84	89	0.00641026	0	0.426374	2
32	315	263	315	263	85	86	0	0	0.578022	1
33	537	266	537	265	85	87	0.00641026	0	0.584615	1
34	314	230	314	231	85	86	0.00641026	0	0.505495	1
35	371	204	370	202	85	86	0.0320513	0	0.448352	2
36	232	236	232	236	85	88	0	0	0.518681	1
37	360	251	357	252	85	86	0.025641	0	0.551648	2
38	309	250	309	250	85	87	0	0	0.549451	1
39	368	176	369	174	85	90	0.0320513	0	0.386813	1
40	274	238	271	233	85	86	0.179487	0	0.523077	2
41	421	200	419	201	86	87	0.0192308	0	0.43956	2
42	467	159	445	157	86	97	0.166667	0	0.349451	2
43	309	455	309	454	86	90	0.00641026	0	1	1
44	362	221	359	218	86	87	0.0769231	0	0.485714	2
45	228	211	227	211	86	87	0.00641026	0	0.463736	2
46	186	157	185	156	86	87	0.0128205	0	0.345055	2
47	430	183	427	183	86	87	0.0192308	0	0.402198	2
48	393	175	393	174	86	89	0.00641026	0	0.384615	1
49	482	223	481	222	86	87	0.0128205	0	0.49011	2
50	195	184	194	185	86	87	0.0128205	0	0.404396	2
51	315	265	312	267	87	89	0.0448718	0	0.582418	2
52	323	294	323	294	87	88	0	0	0.646154	1
53	451	183	451	183	87	88	0	0	0.402198	1
54	315	230	315	230	87	89	0	0	0.505495	1
55	126	337	133	337	87	89	0.0448718	0	0.740659	1
56	274	219	274	216	87	88	0.0576923	0	0.481319	1
57	382	157	380	154	87	89	0.0705128	0	0.345055	2
58	476	167	474	168	87	88	0.0192308	0	0.367033	2
59	348	176	347	174	87	88	0.0320513	0	0.386813	2
60	268	244	269	243	87	88	0.0128205	0	0.536264	1
61	208	148	199	154	87	99	0.288462	0	0.325275	2
62	369	199	368	197	87	88	0.0320513	0	0.437363	2
63	414	191	410	191	87	89	0.025641	0	0.41978	2
64	115	349	119	349	87	88	0.025641	0	0.767033	1
65	475	205	471	206	87	91	0.0320513	0	0.450549	2
66	673	183	678	180	87	91	0.0897436	0	0.402198	1
67	291	209	299	208	87	94	0.0576923	0	0.459341	1
68	532	267	531	267	88	91	0.00641026	0	0.586813	2
69	421	203	420	203	88	89	0.00641026	0	0.446154	2
70	307	247	306	247	88	89	0.00641026	0	0.542857	2
71	391	241	388	239	88	89	0.0448718	0	0.52967	2
72	323	217	324	215	88	89	0.0320513	0	0.476923	1
73	340	193	340	192	88	89	0.00641026	0	0.424176	1
74	356	210	353	207	88	89	0.0769231	0	0.461538	2
75	330	201	330	200	88	89	0.00641026	0	0.441758	1
76	390	398	391	399	88	91	0.0128205	0	0.874725	1
77	448	162	445	160	88	89	0.0448718	0	0.356044	2
78	377	232	375	232	88	89	0.0128205	0	0.50989	2
79	364	425	369	424	88	96	0.0384615	0	0.934066	1
80	330	290	330	291	89	90	0.00641026	0	0.637363	1
81	681	207	682	206	89	93	0.0128205	0	0.454945	1
82	376	389	378	390	89	91	0.0192308	0	0.854945	1
83	410	166	408	164	89	90	0.0384615	0	0.364835	2
84	347	174	350	166	89	102	0.429487	0	0.382418	1
85	320	293	320	293	89	91	0	0	0.643956	1
86	398	245	394	241	89	90	0.128205	0	0.538462	2
87	255	253	266	255	89	98	0.0961538	0	0.556044	1
88	272	242	274	241	89	90	0.0192308	0	0.531868	1
89	471	235	465	234	89	92	0.0448718	0	0.516484	2
90	316	272	313	273	90	92	0.025641	0	0.597802	2
91	316	230	316	230	90	91	0	0	0.505495	1
92	346	297	346	297	90	92	0	0	0.652747	1
93	233	236	233	236	90	91	0	0	0.518681	1
94	326	179	325	179	90	91	0.00641026	0	0.393407	2
95	123	379	123	379	90	91	0	0	0.832967	1
96	444	163	442	161	90	91	0.0384615	0	0.358242	2
97	143	329	235	337	90	105	1	0	0.723077	1
98	276	215	277	215	90	91	0.00641026	0	0.472527	1
99	529	237	533	242	90	96	0.185897	0	0.520879	1
100	429	200	425	202	90	91	0.0512821	0	0.43956	2
101	353	205	351	204	90	91	0.0192308	0	0.450549	2
102	396	207	393	208	90	94	0.025641	0	0.454945	2
103	401	400	401	399	90	91	0.00641026	0	0.879121	1
104	312	242	312	242	90	91	0	0	0.531868	1
105	410	193	408	192	90	91	0.0192308	0	0.424176	2
106	434	148	431	147	90	92	0.025641	0	0.325275	2
107	472	219	468	219	90	93	0.025641	0	0.481319	2
108	379	154	378	151	90	96	0.0641026	0	0.338462	2
109	462	191	461	191	90	91	0.00641026	0	0.41978	2
110	325	157	322	159	90	93	0.0448718	0	0.345055	2
111	332	292	331	291	91	92	0.0128205	0	0.641758	2
112	377	182	379	181	91	92	0.0192308	0	0.4	1
113	391	413	391	412	91	92	0.00641026	0	0.907692	1
114	406	164	398	164	91	100	0.0512821	0	0.36044	2
115	343	233	340	232	91	92	0.025641	0	0.512088	2
116	398	423	401	425	91	94	0.0448718	0	0.92967	1
117	318	231	319	231	92	94	0.00641026	0	0.507692	1
118	532	267	532	268	92	94	0.00641026	0	0.586813	1
119	106	369	115	368	92	93	0.0641026	0	0.810989	1
120	321	294	321	293	92	93	0.00641026	0	0.646154	1
121	542	270	543	269	92	94	0.0128205	0	0.593407	1
122	123	379	123	379	92	93	0	0	0.832967	1
123	380	390	388	389	92	95	0.0576923	0	0.857143	1
124	471	205	468	204	92	94	0.025641	0	0.450549	2
125	133	347	135	346	92	93	0.0192308	0	0.762637	1
126	271	236	271	236	92	93	0	0	0.518681	1
127	235	235	235	235	92	93	0	0	0.516484	1
128	236	215	237	215	92	93	0.00641026	0	0.472527	1
129	310	241	311	240	92	94	0.0128205	0	0.52967	1
130	337	233	334	233	93	94	0.0192308	0	0.512088	2
131	329	272	326	274	93	94	0.0448718	0	0.597802	2
132	400	413	402	413	93	94	0.0128205	0	0.907692	1
133	393	177	392	175	93	95	0.0320513	0	0.389011	2
134	281	229	285	229	93	94	0.025641	0	0.503297	1
135	543	259	543	259	93	94	0	0	0.569231	1
136	372	173	373	172	93	95	0.0128205	0	0.38022	1
137	441	178	440	177	93	94	0.0128205	0	0.391209	2
138	332	244	329	244	93	94	0.0192308	0	0.536264	2
139	283	244	285	243	93	96	0.0192308	0	0.536264	1
140	340	181	340	180	93	94	0.00641026	0	0.397802	1
141	331	288	327	286	93	94	0.0512821	0	0.632967	2
142	375	401	380	402	93	95	0.0384615	0	0.881319	1
143	447	313	468	314	93	120	0.141026	0	0.687912	1
144	313	182	308	181	94	95	0.0384615	0	0.4	2
145	375	241	376	241	94	95	0.00641026	0	0.52967	1
146	685	205	689	208	94	96	0.0833333	0	0.450549	1
147	358	216	354	215	94	95	0.0320513	0	0.474725	2
148	235	236	236	236	94	95	0.00641026	0	0.518681	1
149	362	231	358	230	94	95	0.0320513	0	0.507692	2
150	272	237	276	237	94	98	0.025641	0	0.520879	1
151	668	207	672	207	94	98	0.025641	0	0.454945	1
152	429	149	422	151	94	99	0.0705128	0	0.327473	2
153	409	231	409	229	94	95	0.025641	0	0.507692	1
154	245	242	252	248	94	99	0.275641	0	0.531868	1
155	333	234	332	234	95	96	0.00641026	0	0.514286	2
156	543	269	544	268	95	96	0.0128205	0	0.591209	1
157	328	245	327	246	95	97	0.0128205	0	0.538462	2
158	403	425	408	425	95	99	0.0320513	0	0.934066	1
159	533	268	533	268	95	96	0	0	0.589011	1
160	462	203	461	203	95	96	0.00641026	0	0.446154	2
161	366	220	363	219	95	96	0.025641	0	0.483516	2
162	119	378	130	374	95	98	0.173077	0	0.830769	1
163	321	160	319	162	95	97	0.0384615	0	0.351648	2
164	371	415	373	415	95	96	0.0128205	0	0.912088	1
165	541	258	543	258	95	97	0.0128205	0	0.567033	1
166	533	280	542	281	95	102	0.0641026	0	0.615385	1
167	372	204	372	204	96	97	0	0	0.448352	1
168	384	405	388	404	96	97	0.0320513	0	0.89011	1
169	303	180	299	179	96	97	0.0320513	0	0.395604	2
170	293	229	296	228	96	97	0.025641	0	0.503297	1
171	378	237	378	237	96	97	0	0	0.520879	1
172	391	174	390	172	96	98	0.0320513	0	0.382418	2
173	422	376	426	372	96	97	0.128205	0	0.826374	1
174	130	381	132	381	96	97	0.0128205	0	0.837363	1
175	396	215	394	213	96	98	0.0384615	0	0.472527	2
176	314	171	312	171	96	97	0.0128205	0	0.375824	2
177	157	370	175	371	96	99	0.121795	0	0.813187	1
178	675	166	688	171	96	104	0.24359	0	0.364835	1
179	203	167	202	167	96	97	0.00641026	0	0.367033	2
180	353	234	352	234	96	97	0.00641026	0	0.514286	2
181	375	173	375	172	96	97	0.00641026	0	0.38022	1
182	396	389	425	386	96	102	0.24359	0	0.854945	1
183	332	234	332	234	97	98	0	0	0.514286	1
184	691	209	691	209	97	98	0	0	0.459341	1
185	372	227	367	225	97	100	0.0576923	0	0.498901	2
186	536	270	540	271	97	101	0.0320513	0	0.593407	1
187	547	269	549	270	97	98	0.0192308	0	0.591209	1
188	466	205	463	207	97	100	0.0448718	0	0.450549	2
189	333	212	332	211	97	98	0.0128205	0	0.465934	2
190	330	263	336	260	97	101	0.0961538	0	0.578022	1
191	24	24	42	25	97	120	0.121795	0	0.0527473	1
192	681	206	683	205	97	98	0.0192308	0	0.452747	1
193	311	251	308	250	97	98	0.025641	0	0.551648	2
194	163	385	177	387	98	104	0.115385	0	0.846154	1
195	313	171	311	171	98	99	0.0128205	0	0.375824	2
196	132	385	157	379	98	101	0.391026	0	0.846154	1
197	320	262	321	262	98	99	0.00641026	0	0.575824	1
198	376	173	376	173	98	100	0	0	0.38022	1
199	444	158	435	159	98	104	0.0641026	0	0.347253	2
200	442	181	440	181	98	99	0.0128205	0	0.397802	2
201	352	235	352	234	98	99	0.00641026	0	0.516484	1
202	379	142	388	143	98	105	0.0641026	0	0.312088	1
203	359	219	358	219	98	100	0.00641026	0	0.481319	2
204	403	195	402	194	98	99	0.0128205	0	0.428571	2
205	446	170	441	170	98	101	0.0320513	0	0.373626	2
206	333	234	333	233	99	100	0.00641026	0	0.514286	1
207	418	412	422	412	99	100	0.025641	0	0.905495	1
208	329	295	330	294	99	100	0.0128205	0	0.648352	1
209	404	227	404	227	99	100	0	0	0.498901	1
210	391	173	390	174	99	103	0.0128205	0	0.38022	2
211	268	254	270	253	99	100	0.0192308	0	0.558242	1
212	170	399	176	398	99	104	0.0448718	0	0.876923	1
213	294	282	286	278	99	101	0.153846	0	0.61978	2
214	553	271	558	270	99	104	0.0384615	0	0.595604	1
215	394	213	395	213	99	100	0.00641026	0	0.468132	1
216	428	180	428	180	99	100	0	0	0.395604	1
217	216	177	214	178	99	101	0.0192308	0	0.389011	2
218	374	155	376	153	99	101	0.0384615	0	0.340659	1
219	379	196	380	195	99	100	0.0128205	0	0.430769	1
220	329	249	331	248	99	101	0.0192308	0	0.547253	1
221	305	250	301	248	99	100	0.0512821	0	0.549451	2
222	417	402	438	401	99	103	0.141026	0	0.883516	1
223	367	202	367	202	99	100	0	0	0.443956	1
224	285	269	282	265	99	100	0.121795	0	0.591209	2
225	335	204	336	203	99	100	0.0128205	0	0.448352	1
226	344	187	345	185	99	100	0.0320513	0	0.410989	1
227	295	268	292	266	100	101	0.0448718	0	0.589011	2
228	310	172	309	171	100	101	0.0128205	0	0.378022	2
229	549	262	552	262	100	102	0.0192308	0	0.575824	1
230	421	150	412	146	100	105	0.160256	0	0.32967	2
231	307	276	300	274	100	102	0.0705128	0	0.606593	2
232	298	291	292	290	100	101	0.0448718	0	0.63956	2
233	247	246	246	250	100	101	0.108974	0	0.540659	2
234	283	237	288	236	100	101	0.0384615	0	0.520879	1
235	324	262	328	259	100	102	0.0833333	0	0.575824	1
236	181	376	184	378	100	101	0.0448718	0	0.826374	1
237	334	233	334	232	101	102	0.00641026	0	0.512088	1
238	429	412	440	411	101	103	0.0769231	0	0.905495	1
239	419	417	424	416	101	102	0.0384615	0	0.916484	1
240	463	208	451	212	101	108	0.179487	0	0.457143	2
241	397	214	399	215	101	102	0.0192308	0	0.47033	1
242	379	173	378	172	101	103	0.0128205	0	0.38022	2
243	399	163	399	162	101	102	0.00641026	0	0.358242	1
244	337	210	337	208	101	102	0.025641	0	0.461538	1
245	640	59	651	59	101	119	0.0705128	0	0.12967	1
246	238	216	239	217	101	103	0.0128205	0	0.474725	1
247	250	215	251	217	101	104	0.0320513	0	0.472527	1
248	403	229	405	229	101	102	0.0128205	0	0.503297	1
249	382	196	383	195	101	102	0.0128205	0	0.430769	1
250	677	209	686	209	101	112	0.0576923	0	0.459341	1
251	416	165	414	163	101	102	0.0384615	0	0.362637	2
252	308	171	306	170	102	103	0.0192308	0	0.375824	2
253	332	455	339	454	102	110	0.0512821	0	1	1
254	338	256	340	252	102	103	0.115385	0	0.562637	1
255	420	426	425	426	102	103	0.0320513	0	0.936264	1
256	702	216	704	216	102	103	0.0128205	0	0.474725	1
257	294	237	298	236	102	103	0.0320513	0	0.520879	1
258	284	293	288	293	102	106	0.025641	0	0.643956	1
259	356	256	358	255	102	104	0.0192308	0	0.562637	1
260	322	455	328	454	102	110	0.0448718	0	1	1
261	198	162	196	162	102	104	0.0128205	0	0.356044	2
262	194	358	203	358	102	103	0.0576923	0	0.786813	1
263	186	380	188	380	102	103	0.0128205	0	0.835165	1
264	201	205	201	204	102	104	0.00641026	0	0.450549	1
265	607	334	617	334	102	120	0.0641026	0	0.734066	1
266	467	235	462	235	102	104	0.0320513	0	0.516484	2
267	544	274	544	274	103	104	0	0	0.602198	1
268	336	231	336	230	103	104	0.00641026	0	0.507692	1
269	399	164	398	163	103	104	0.0128205	0	0.36044	2
270	403	215	402	214	103	105	0.0128205	0	0.472527	2
271	369	199	369	198	103	104	0.00641026	0	0.437363	1
272	551	261	551	261	103	104	0	0	0.573626	1
273	351	166	356	164	103	120	0.0576923	0	0.364835	1
274	295	291	296	291	103	104	0.00641026	0	0.63956	1
275	194	188	193	187	103	104	0.0128205	0	0.413187	2
276	407	227	407	226	103	104	0.00641026	0	0.498901	1
277	390	105	399	105	103	120	0.0576923	0	0.230769	1
278	534	324	539	324	103	111	0.0320513	0	0.712088	1
279	647	339	656	339	103	120	0.0576923	0	0.745055	1
280	345	206	344	205	103	104	0.0128205	0	0.452747	2
281	346	218	346	217	103	104	0.00641026	0	0.479121	1
282	305	170	302	169	104	105	0.025641	0	0.373626	2
283	326	224	326	222	104	105	0.025641	0	0.492308	1
284	191	380	196	378	104	105	0.0576923	0	0.835165	1
285	705	216	707	215	104	107	0.0192308	0	0.474725	1
286	430	414	447	416	104	110	0.134615	0	0.90989	1
287	390	174	388	174	104	105	0.0128205	0	0.382418	2
288	188	172	185	174	104	106	0.0448718	0	0.378022	2
289	379	172	378	171	104	105	0.0128205	0	0.378022	2
290	282	281	280	282	104	106	0.0192308	0	0.617582	2
291	443	403	447	404	104	105	0.0320513	0	0.885714	1
292	343	191	342	190	105	106	0.0128205	0	0.41978	2
293	184	386	190	382	105	106	0.141026	0	0.848352	1
294	306	237	307	238	105	106	0.0128205	0	0.520879	1
295	277	261	265	256	105	107	0.237179	0	0.573626	2
296	341	181	340	180	105	106	0.0128205	0	0.397802	2
297	303	255	306	254	105	109	0.025641	0	0.56044	1
298	430	429	441	423	105	110	0.301282	0	0.942857	1
299	393	156	393	155	105	106	0.00641026	0	0.342857	1
300	242	261	245	262	105	110	0.025641	0	0.573626	1
301	345	205	345	203	105	107	0.025641	0	0.450549	1
302	285	244	282	243	105	106	0.025641	0	0.536264	2
303	189	212	190	213	105	107	0.0128205	0	0.465934	1
304	196	158	194	160	105	107	0.0384615	0	0.347253	2
305	333	241	334	238	105	106	0.0641026	0	0.52967	1
306	383	161	381	160	105	106	0.0192308	0	0.353846	2
307	252	220	255	225	105	108	0.179487	0	0.483516	1
308	466	231	461	232	105	107	0.0384615	0	0.507692	2
309	695	209	695	210	105	106	0.00641026	0	0.459341	1
310	444	427	452	428	105	106	0.0576923	0	0.938462	1
311	360	255	362	255	105	108	0.0128205	0	0.56044	1
312	548	282	551	282	105	111	0.0192308	0	0.61978	1
313	542	257	540	256	105	106	0.0192308	0	0.564835	2
314	412	218	410	217	105	106	0.0192308	0	0.479121	2
315	343	253	345	250	105	106	0.0705128	0	0.556044	1
316	721	39	728	39	105	120	0.0448718	0	0.0857143	1
317	658	132	665	132	105	120	0.0448718	0	0.29011	1
318	691	173	687	168	105	111	0.185897	0	0.38022	2
319	334	206	334	204	105	106	0.025641	0	0.452747	1
320	334	222	333	219	106	108	0.0641026	0	0.487912	2
321	369	198	369	197	106	107	0.00641026	0	0.435165	1
322	300	168	294	165	106	108	0.0961538	0	0.369231	2
323	322	215	322	213	106	107	0.025641	0	0.472527	1
324	400	215	396	214	106	107	0.0320513	0	0.472527	2
325	233	358	235	358	106	107	0.0128205	0	0.786813	1
326	399	165	399	165	106	107	0	0	0.362637	1
327	451	401	456	401	106	107	0.0320513	0	0.881319	1
328	404	176	403	176	106	108	0.00641026	0	0.386813	2
329	245	338	252	338	106	107	0.0448718	0	0.742857	1
330	298	291	297	290	106	107	0.0128205	0	0.63956	2
331	390	144	390	143	106	107	0.00641026	0	0.316484	1
332	342	190	341	189	107	109	0.0128205	0	0.417582	2
333	697	210	698	209	107	109	0.0128205	0	0.461538	1
334	352	190	351	190	107	108	0.00641026	0	0.417582	2
335	308	238	307	237	107	109	0.0128205	0	0.523077	2
336	243	399	248	400	107	112	0.0384615	0	0.876923	1
337	388	174	386	173	107	108	0.0192308	0	0.382418	2
338	368	232	366	230	107	108	0.0384615	0	0.50989	2
339	631	203	629	203	107	112	0.0128205	0	0.446154	2
340	231	397	238	395	107	112	0.0705128	0	0.872527	1
341	395	155	395	155	107	108	0	0	0.340659	1
342	536	248	531	253	107	113	0.192308	0	0.545055	2
343	370	198	370	198	108	109	0	0	0.435165	1
344	536	268	533	267	108	109	0.025641	0	0.589011	2
345	546	272	546	272	108	109	0	0	0.597802	1
346	472	424	476	426	108	109	0.0512821	0	0.931868	1
347	284	176	279	176	108	110	0.0320513	0	0.386813	2
348	322	211	322	208	108	111	0.0576923	0	0.463736	1
349	342	179	341	179	108	110	0.00641026	0	0.393407	2
350	279	281	273	279	108	109	0.0641026	0	0.617582	2
351	448	409	468	410	108	111	0.134615	0	0.898901	1
352	405	186	404	185	108	109	0.0128205	0	0.408791	2
353	192	214	192	214	108	109	0	0	0.47033	1
354	447	247	443	246	108	109	0.0320513	0	0.542857	2
355	190	161	177	170	108	116	0.602564	0	0.353846	2
356	264	271	259	270	108	109	0.0384615	0	0.595604	2
357	428	162	423	162	108	112	0.0320513	0	0.356044	2
358	329	219	329	218	109	110	0.00641026	0	0.481319	1
359	293	170	287	170	109	111	0.0384615	0	0.373626	2
360	331	238	330	237	109	110	0.0128205	0	0.523077	2
361	294	159	277	161	109	114	0.134615	0	0.349451	2
362	256	256	252	256	109	110	0.025641	0	0.562637	2
363	450	216	427	225	109	119	0.666667	0	0.474725	2
364	258	226	260	226	109	110	0.0128205	0	0.496703	1
365	398	166	397	165	109	110	0.0128205	0	0.364835	2
366	474	397	480	397	109	110	0.0384615	0	0.872527	1
367	343	190	342	190	110	111	0.00641026	0	0.417582	2
368	530	265	526	268	110	113	0.0833333	0	0.582418	2
369	479	429	482	429	110	113	0.0192308	0	0.942857	1
370	307	236	309	236	110	112	0.0128205	0	0.518681	1
371	378	163	377	163	110	111	0.00641026	0	0.358242	2
372	407	187	406	187	110	111	0.00641026	0	0.410989	2
373	276	341	356	346	110	120	0.673077	0	0.749451	1
374	353	249	353	249	110	111	0	0	0.547253	1
375	542	262	541	261	110	111	0.0128205	0	0.575824	2
376	292	179	289	180	110	111	0.025641	0	0.393407	2
377	716	213	719	213	110	120	0.0192308	0	0.468132	1
378	441	246	436	250	110	113	0.134615	0	0.540659	2
379	403	200	403	200	110	111	0	0	0.43956	1
380	690	199	688	197	110	111	0.0384615	0	0.437363	2
381	438	176	436	176	110	111	0.0128205	0	0.386813	2
382	245	290	244	290	111	112	0.00641026	0	0.637363	2
383	277	178	267	181	111	114	0.121795	0	0.391209	2
384	185	216	181	219	111	112	0.0833333	0	0.474725	2
385	457	417	477	417	111	113	0.128205	0	0.916484	1
386	447	421	467	423	111	113	0.153846	0	0.925275	1
387	265	233	267	236	111	113	0.0705128	0	0.512088	1
388	345	179	343	180	111	112	0.0192308	0	0.393407	2
389	263	452	266	452	111	120	0.0192308	0	0.993407	1
390	271	381	298	381	111	114	0.173077	0	0.837363	1
391	330	238	329	236	112	118	0.0320513	0	0.523077	2
392	701	210	701	209	112	113	0.00641026	0	0.461538	1
393	394	156	394	156	112	113	0	0	0.342857	1
394	341	455	341	454	112	113	0.00641026	0	1	1
395	324	209	325	209	112	114	0.00641026	0	0.459341	1
396	284	171	280	171	112	113	0.025641	0	0.375824	2
397	531	282	529	284	112	113	0.0384615	0	0.61978	2
398	273	271	274	273	112	114	0.0320513	0	0.595604	1
399	541	324	542	324	112	117	0.00641026	0	0.712088	1
400	270	355	285	357	112	114	0.121795	0	0.78022	1
401	284	359	291	359	112	113	0.0448718	0	0.789011	1
402	393	145	392	143	112	113	0.0320513	0	0.318681	2
403	245	258	207	255	112	120	0.301282	0	0.567033	2
404	399	186	397	185	112	113	0.0192308	0	0.408791	2
405	396	170	394	169	112	113	0.0192308	0	0.373626	2
406	365	248	367	249	113	119	0.0192308	0	0.545055	1
407	395	205	395	204	113	114	0.00641026	0	0.450549	1
408	313	236	315	234	113	115	0.0384615	0	0.518681	1
409	623	210	622	210	113	114	0.00641026	0	0.461538	2
410	416	166	416	163	113	119	0.0576923	0	0.364835	1
411	431	309	433	309	113	120	0.0128205	0	0.679121	1
412	253	287	252	287	113	114	0.00641026	0	0.630769	2
413	369	219	368	218	113	114	0.0128205	0	0.481319	2
414	473	404	509	409	113	119	0.391026	0	0.887912	1
415	593	84	595	84	113	120	0.0128205	0	0.184615	1
416	269	226	269	228	113	114	0.025641	0	0.496703	1
417	179	183	174	183	113	114	0.0320513	0	0.402198	2
418	301	248	301	247	114	115	0.00641026	0	0.545055	1
419	358	187	356	186	114	115	0.0192308	0	0.410989	2
420	529	286	529	287	114	116	0.00641026	0	0.628571	1
421	305	404	315	409	114	119	0.224359	0	0.887912	1
422	357	215	357	215	114	115	0	0	0.472527	1
423	392	138	390	137	114	115	0.0192308	0	0.303297	2
424	437	251	433	249	114	115	0.0512821	0	0.551648	2
425	339	186	338	186	114	115	0.00641026	0	0.408791	2
426	277	173	263	174	114	118	0.0961538	0	0.38022	2
427	388	151	387	150	114	115	0.0128205	0	0.331868	2
428	293	398	301	401	114	115	0.108974	0	0.874725	1
429	343	233	342	234	114	116	0.0128205	0	0.512088	2
430	699	211	698	209	114	115	0.0320513	0	0.463736	2
431	690	177	684	176	114	117	0.0448718	0	0.389011	2
432	501	403	507	403	114	115	0.0384615	0	0.885714	1
433	348	244	346	244	115	117	0.0128205	0	0.536264	2
434	396	205	389	204	115	119	0.0512821	0	0.450549	2
435	488	428	493	427	115	116	0.0384615	0	0.940659	1
436	626	203	625	203	115	116	0.00641026	0	0.446154	2
437	274	163	271	163	115	116	0.0192308	0	0.358242	2
438	224	272	200	268	115	120	0.25641	0	0.597802	2
439	325	209	325	210	115	120	0.00641026	0	0.459341	1
440	263	181	253	180	115	118	0.0705128	0	0.397802	2
441	399	157	399	156	115	116	0.00641026	0	0.345055	1
442	500	416	528	417	115	119	0.185897	0	0.914286	1
443	521	381	549	384	115	120	0.237179	0	0.837363	1
444	406	217	405	217	115	117	0.00641026	0	0.476923	2
445	353	228	351	228	115	119	0.0128205	0	0.501099	2
446	374	171	372	171	115	116	0.0128205	0	0.375824	2
447	332	219	331	219	116	117	0.00641026	0	0.481319	2
448	354	184	352	183	116	117	0.0192308	0	0.404396	2
449	530	277	527	276	116	117	0.025641	0	0.608791	2
450	389	154	388	153	116	117	0.0128205	0	0.338462	2
451	315	235	314	235	116	119	0.00641026	0	0.516484	2
452	520	400	538	401	116	119	0.121795	0	0.879121	1
453	686	211	687	211	116	120	0.00641026	0	0.463736	1
454	338	187	337	186	116	118	0.0128205	0	0.410989	2
455	346	203	346	203	116	117	0	0	0.446154	1
456	310	390	314	392	116	117	0.0512821	0	0.857143	1
457	265	242	263	244	116	118	0.0384615	0	0.531868	2
458	425	249	420	247	116	118	0.0576923	0	0.547253	2
459	219	285	218	283	116	117	0.0320513	0	0.626374	2
460	344	455	344	454	116	117	0.00641026	0	1	1
461	501	428	509	427	117	118	0.0576923	0	0.940659	1
462	310	453	310	453	117	119	0	0	0.995604	1
463	303	251	303	251	117	120	0	0	0.551648	1
464	629	201	628	202	117	118	0.0128205	0	0.441758	2
465	394	169	392	168	117	118	0.0192308	0	0.371429	2
466	168	188	163	189	117	118	0.0384615	0	0.413187	2
467	514	432	523	437	117	119	0.217949	0	0.949451	1
468	399	156	397	154	117	119	0.0384615	0	0.342857	2
469	334	455	334	454	117	118	0.00641026	0	1	1
470	372	172	369	172	117	119	0.0192308	0	0.378022	2
471	530	242	529	243	117	119	0.0128205	0	0.531868	2
472	177	173	171	175	117	119	0.0641026	0	0.38022	2
473	285	384	299	387	117	118	0.147436	0	0.843956	1
474	391	141	389	140	117	118	0.0192308	0	0.30989	2
475	524	253	521	251	117	118	0.0448718	0	0.556044	2
476	268	279	267	281	117	118	0.0320513	0	0.613187	2
477	346	246	346	247	118	120	0.00641026	0	0.540659	1
478	350	183	349	182	118	119	0.0128205	0	0.402198	2
479	346	205	346	204	118	119	0.00641026	0	0.450549	1
480	333	220	332	219	118	119	0.0128205	0	0.483516	2
481	406	217	403	216	118	119	0.025641	0	0.476923	2
482	525	276	524	275	118	119	0.0128205	0	0.606593	2
483	174	192	171	194	118	119	0.0448718	0	0.421978	2
484	172	204	169	204	118	119	0.0192308	0	0.448352	2
485	317	393	320	393	118	119	0.0192308	0	0.863736	1
486	543	325	543	324	118	120	0.00641026	0	0.714286	1
487	604	80	604	80	119	120	0	0	0.175824	1
488	385	148	384	147	119	120	0.0128205	0	0.325275	2
489	340	233	339	232	119	120	0.0128205	0	0.512088	2
490	263	243	262	244	119	120	0.0128205	0	0.534066	2
491	384	133	382	132	119	120	0.0192308	0	0.292308	2
492	266	231	265	232	119	120	0.0128205	0	0.507692	2
493	267	220	262	219	119	120	0.0384615	0	0.483516	2
494	540	262	538	263	119	120	0.0192308	0	0.575824	2
495	159	216	157	218	119	120	0.0384615	0	0.474725	2