
0	350	193	349	192	77	78	0.010929	0	0.424176	2
1	242	83	253	84	77	115	0.0655738	0	0.182418	1
2	212	213	210	212	77	78	0.0163934	0	0.468132	2
3	399	233	397	233	78	80	0.010929	0	0.512088	2
4	345	237	346	236	78	80	0.010929	0	0.520879	1
5	544	56	542	56	78	81	0.010929	0	0.123077	2
6	430	228	426	227	78	79	0.0273224	0	0.501099	2
7	384	305	384	304	78	79	0.00546448	0	0.67033	1
8	223	455	222	454	78	79	0.010929	0	1	2
9	376	189	376	188	78	79	0.00546448	0	0.415385	1
10	524	227	524	227	79	80	0	0	0.498901	1
11	350	192	349	191	79	80	0.010929	0	0.421978	2
12	472	450	472	450	79	80	0	0	0.989011	1
13	365	212	365	211	79	80	0.00546448	0	0.465934	1
14	407	196	402	193	80	83	0.0765027	0	0.430769	2
15	219	451	219	452	80	84	0.00546448	0	0.991209	1
16	376	189	376	189	80	81	0	0	0.415385	1
17	207	213	204	214	80	82	0.0218579	0	0.468132	2
18	231	169	270	181	80	100	1	0	0.371429	1
19	344	168	341	167	80	81	0.0218579	0	0.369231	2
20	231	399	372	404	80	104	0.907104	0	0.876923	1
21	346	237	345	237	81	83	0.00546448	0	0.520879	2
22	469	452	469	452	81	82	0	0	0.993407	1
23	523	227	522	227	81	83	0.00546448	0	0.498901	2
24	336	252	335	252	81	87	0.00546448	0	0.553846	2
25	675	183	702	178	81	96	0.284153	0	0.402198	1
26	334	236	332	236	81	82	0.010929	0	0.518681	2
27	542	57	540	57	82	85	0.010929	0	0.125275	2
28	378	288	374	290	82	85	0.0437158	0	0.632967	2
29	240	38	239	38	82	83	0.00546448	0	0.0835165	2
30	378	190	377	187	82	86	0.0546448	0	0.417582	2
31	395	250	385	247	82	92	0.103825	0	0.549451	2
32	374	216	370	214	82	83	0.0437158	0	0.474725	2
33	505	205	492	210	82	91	0.20765	0	0.450549	2
34	379	162	375	161	82	94	0.0273224	0	0.356044	2
35	581	267	580	267	82	86	0.00546448	0	0.586813	2
36	657	72	669	73	82	115	0.0710383	0	0.158242	1
37	190	446	197	444	83	84	0.0601093	0	0.98022	1
38	384	313	384	313	83	84	0	0	0.687912	1
39	352	224	354	223	83	84	0.0163934	0	0.492308	1
40	394	260	387	264	83	91	0.125683	0	0.571429	2
41	490	225	489	225	83	87	0.00546448	0	0.494505	2
42	204	215	202	215	83	87	0.010929	0	0.472527	2
43	180	455	195	449	83	85	0.278689	0	1	1
44	330	239	329	239	83	85	0.00546448	0	0.525275	2
45	418	203	416	203	83	84	0.010929	0	0.446154	2
46	345	238	344	238	84	87	0.00546448	0	0.523077	2
47	451	451	451	451	84	85	0	0	0.991209	1
48	523	228	522	228	84	88	0.00546448	0	0.501099	2
49	239	39	238	39	84	85	0.00546448	0	0.0857143	2
50	653	235	652	235	84	91	0.00546448	0	0.516484	2
51	399	194	396	192	84	85	0.0382514	0	0.426374	2
52	306	254	306	253	84	85	0.00546448	0	0.558242	1
53	408	264	408	263	84	85	0.00546448	0	0.58022	1
54	625	51	625	51	84	89	0	0	0.112088	1
55	323	216	322	214	84	87	0.0273224	0	0.474725	2
56	392	309	391	308	85	87	0.010929	0	0.679121	2
57	207	444	217	443	85	86	0.0601093	0	0.975824	1
58	683	221	682	220	85	86	0.010929	0	0.485714	2
59	382	312	380	312	85	88	0.010929	0	0.685714	2
60	405	316	402	314	85	88	0.0382514	0	0.694505	2
61	305	234	304	233	85	86	0.010929	0	0.514286	2
62	398	213	391	213	85	87	0.0382514	0	0.468132	2
63	257	238	256	237	85	86	0.010929	0	0.523077	2
64	359	208	359	208	85	86	0	0	0.457143	1
65	371	290	363	288	86	89	0.0655738	0	0.637363	2
66	361	223	362	221	86	87	0.0273224	0	0.49011	1
67	410	262	406	261	86	89	0.0273224	0	0.575824	2
68	472	455	471	454	86	87	0.010929	0	1	2
69	686	238	685	237	86	88	0.010929	0	0.523077	2
70	238	40	237	40	86	87	0.00546448	0	0.0879121	2
71	229	446	238	444	86	87	0.0710383	0	0.98022	1
72	457	420	466	415	86	89	0.185792	0	0.923077	1
73	233	210	233	209	86	88	0.00546448	0	0.461538	1
74	303	233	302	232	87	89	0.010929	0	0.512088	2
75	347	226	346	225	87	89	0.010929	0	0.496703	2
76	255	238	254	237	87	88	0.010929	0	0.523077	2
77	528	60	524	60	87	92	0.0218579	0	0.131868	2
78	413	198	411	198	87	89	0.010929	0	0.435165	2
79	538	56	537	56	87	89	0.00546448	0	0.123077	2
80	352	197	351	196	87	88	0.010929	0	0.432967	2
81	394	232	393	232	87	88	0.00546448	0	0.50989	2
82	221	453	221	452	88	89	0.00546448	0	0.995604	1
83	390	308	385	308	88	89	0.0273224	0	0.676923	2
84	490	226	490	226	88	89	0	0	0.496703	1
85	335	253	334	252	88	89	0.010929	0	0.556044	2
86	237	41	236	40	88	89	0.010929	0	0.0901099	2
87	328	189	326	188	88	89	0.0163934	0	0.415385	2
88	268	212	263	206	88	97	0.224044	0	0.465934	2
89	498	238	497	239	88	89	0.010929	0	0.523077	2
90	587	231	588	231	88	100	0.00546448	0	0.507692	1
91	371	299	369	299	88	89	0.010929	0	0.657143	2
92	685	238	684	237	89	90	0.010929	0	0.523077	2
93	523	228	535	228	89	115	0.0655738	0	0.501099	1
94	258	440	272	441	89	92	0.0819672	0	0.967033	1
95	250	408	256	408	89	90	0.0327869	0	0.896703	1
96	304	254	304	253	89	92	0.00546448	0	0.558242	1
97	403	163	392	163	89	92	0.0601093	0	0.358242	2
98	683	221	683	220	89	90	0.00546448	0	0.485714	1
99	563	374	576	375	89	115	0.0765027	0	0.821978	1
100	659	45	668	45	90	111	0.0491803	0	0.0989011	1
101	254	452	261	454	90	91	0.0601093	0	0.993407	1
102	399	238	397	238	90	91	0.010929	0	0.523077	2
103	345	233	343	231	90	93	0.0327869	0	0.512088	2
104	475	439	476	438	90	91	0.010929	0	0.964835	1
105	296	264	295	267	90	99	0.0546448	0	0.58022	2
106	336	247	335	246	90	92	0.010929	0	0.542857	2
107	616	68	629	68	90	115	0.0710383	0	0.149451	1
108	354	220	351	217	90	93	0.0655738	0	0.483516	2
109	385	190	381	188	90	91	0.0437158	0	0.417582	2
110	244	39	243	39	90	100	0.00546448	0	0.0857143	2
111	469	414	484	414	90	94	0.0819672	0	0.90989	1
112	451	228	451	228	90	100	0	0	0.501099	1
113	546	50	557	50	90	110	0.0601093	0	0.10989	1
114	326	244	325	244	90	91	0.00546448	0	0.536264	2
115	509	47	521	47	90	115	0.0655738	0	0.103297	1
116	627	51	630	51	90	104	0.0163934	0	0.112088	1
117	301	233	300	231	90	91	0.0273224	0	0.512088	2
118	364	221	362	220	90	91	0.0163934	0	0.485714	2
119	465	47	478	47	90	115	0.0710383	0	0.103297	1
120	498	54	510	54	90	115	0.0655738	0	0.118681	1
121	686	238	686	238	91	94	0	0	0.523077	1
122	361	289	358	288	91	92	0.0218579	0	0.635165	2
123	687	220	690	219	91	92	0.0218579	0	0.483516	1
124	720	39	733	39	91	115	0.0710383	0	0.0857143	1
125	630	117	643	117	91	115	0.0710383	0	0.257143	1
126	264	454	264	454	92	93	0	0	0.997802	1
127	389	262	388	262	92	93	0.00546448	0	0.575824	2
128	381	313	380	313	92	94	0.00546448	0	0.687912	2
129	350	205	348	204	92	93	0.0163934	0	0.450549	2
130	653	236	652	236	92	93	0.00546448	0	0.518681	2
131	363	307	355	304	92	93	0.0928962	0	0.674725	2
132	491	210	485	209	92	94	0.0382514	0	0.461538	2
133	300	231	299	230	92	94	0.010929	0	0.507692	2
134	703	224	703	224	92	94	0	0	0.492308	1
135	392	221	391	221	92	93	0.00546448	0	0.485714	2
136	374	190	371	189	93	94	0.0218579	0	0.417582	2
137	238	448	250	448	93	94	0.0655738	0	0.984615	1
138	483	445	487	447	93	95	0.0437158	0	0.978022	1
139	318	219	318	219	93	94	0	0	0.481319	1
140	260	247	258	247	93	94	0.010929	0	0.542857	2
141	409	214	405	213	93	96	0.0273224	0	0.47033	2
142	350	285	345	284	94	95	0.0327869	0	0.626374	2
143	389	262	388	261	94	95	0.010929	0	0.575824	2
144	392	221	392	221	94	96	0	0	0.485714	1
145	279	422	329	422	94	101	0.273224	0	0.927473	1
146	309	256	309	257	94	96	0.00546448	0	0.562637	1
147	308	173	304	174	94	96	0.0273224	0	0.38022	2
148	685	239	685	239	95	99	0	0	0.525275	1
149	342	237	340	235	95	97	0.0327869	0	0.520879	2
150	358	297	353	296	95	96	0.0327869	0	0.652747	2
151	370	255	361	252	95	97	0.0983607	0	0.56044	2
152	300	230	300	231	95	96	0.00546448	0	0.505495	1
153	342	299	329	300	95	98	0.0765027	0	0.657143	2
154	656	208	644	208	95	103	0.0655738	0	0.457143	2
155	463	207	462	207	95	97	0.00546448	0	0.454945	2
156	426	223	426	223	95	96	0	0	0.49011	1
157	655	191	639	189	95	109	0.10929	0	0.41978	2
158	322	247	322	246	95	96	0.00546448	0	0.542857	1
159	332	241	331	241	96	97	0.00546448	0	0.52967	2
160	266	455	268	453	96	97	0.0327869	0	1	1
161	370	37	377	36	96	115	0.0437158	0	0.0813187	1
162	343	286	330	285	96	99	0.0765027	0	0.628571	2
163	387	262	372	262	96	99	0.0819672	0	0.575824	2
164	227	75	228	74	96	104	0.010929	0	0.164835	1
165	372	183	371	183	96	97	0.00546448	0	0.402198	2
166	376	252	368	252	96	98	0.0437158	0	0.553846	2
167	283	24	288	24	96	103	0.0273224	0	0.0527473	1
168	507	447	510	447	96	97	0.0163934	0	0.982418	1
169	280	448	297	447	97	99	0.0983607	0	0.984615	1
170	348	296	341	297	97	98	0.0437158	0	0.650549	2
171	356	213	355	211	97	98	0.0273224	0	0.468132	2
172	653	237	652	236	97	98	0.010929	0	0.520879	2
173	302	233	303	235	97	98	0.0273224	0	0.512088	1
174	425	223	425	222	97	99	0.00546448	0	0.49011	1
175	393	221	394	220	97	104	0.010929	0	0.485714	1
176	705	177	710	176	97	100	0.0327869	0	0.389011	1
177	380	172	379	171	97	98	0.010929	0	0.378022	2
178	470	174	472	171	97	102	0.0601093	0	0.382418	1
179	358	255	354	258	98	100	0.0710383	0	0.56044	2
180	275	452	284	448	98	99	0.136612	0	0.993407	1
181	331	243	330	243	98	99	0.00546448	0	0.534066	2
182	371	184	370	184	98	99	0.00546448	0	0.404396	2
183	584	270	586	272	98	100	0.0327869	0	0.593407	1
184	301	180	294	177	98	100	0.0874317	0	0.395604	2
185	475	210	472	210	98	99	0.0163934	0	0.461538	2
186	403	45	417	44	98	115	0.0819672	0	0.0989011	1
187	368	311	345	309	98	100	0.147541	0	0.683516	2
188	302	438	310	439	98	99	0.0491803	0	0.962637	1
189	356	210	358	206	99	108	0.0983607	0	0.461538	1
190	328	300	326	300	99	100	0.010929	0	0.659341	2
191	653	237	653	236	99	100	0.00546448	0	0.520879	1
192	392	45	406	44	99	115	0.0819672	0	0.0989011	1
193	360	245	355	245	99	101	0.0273224	0	0.538462	2
194	491	227	493	226	99	104	0.0163934	0	0.498901	1
195	260	247	261	248	99	100	0.010929	0	0.542857	1
196	298	448	312	448	100	101	0.0765027	0	0.984615	1
197	323	282	317	279	100	101	0.0819672	0	0.61978	2
198	470	212	468	212	100	101	0.010929	0	0.465934	2
199	369	184	367	183	100	101	0.0163934	0	0.404396	2
200	686	239	698	239	100	115	0.0655738	0	0.525275	1
201	265	258	268	257	100	106	0.0218579	0	0.567033	1
202	426	223	427	222	100	104	0.010929	0	0.49011	1
203	247	255	236	258	100	104	0.10929	0	0.56044	2
204	242	39	243	39	101	104	0.00546448	0	0.0857143	1
205	654	237	654	237	101	102	0	0	0.520879	1
206	292	177	289	176	101	102	0.0218579	0	0.389011	2
207	589	232	599	232	101	112	0.0546448	0	0.50989	1
208	329	244	329	243	101	102	0.00546448	0	0.536264	1
209	295	270	296	272	101	103	0.0273224	0	0.593407	1
210	259	242	259	243	101	102	0.00546448	0	0.531868	1
211	312	235	313	236	101	102	0.010929	0	0.516484	1
212	352	225	349	224	101	102	0.0218579	0	0.494505	2
213	713	176	736	172	101	115	0.213115	0	0.386813	1
214	443	104	455	103	101	115	0.0710383	0	0.228571	1
215	346	182	345	181	101	102	0.010929	0	0.4	2
216	310	279	305	277	102	103	0.0491803	0	0.613187	2
217	351	260	346	258	102	103	0.0491803	0	0.571429	2
218	720	241	732	241	102	115	0.0655738	0	0.52967	1
219	366	184	365	182	102	104	0.0273224	0	0.404396	2
220	323	226	323	227	102	103	0.00546448	0	0.496703	1
221	730	225	736	225	102	108	0.0327869	0	0.494505	1
222	249	245	247	244	102	103	0.0163934	0	0.538462	2
223	374	206	374	205	102	103	0.00546448	0	0.452747	1
224	380	165	383	161	102	115	0.103825	0	0.362637	1
225	316	301	310	299	103	104	0.0546448	0	0.661538	2
226	526	453	532	450	103	104	0.0819672	0	0.995604	1
227	286	176	283	175	103	104	0.0218579	0	0.386813	2
228	302	252	303	252	103	104	0.00546448	0	0.553846	1
229	349	245	345	244	103	104	0.0273224	0	0.538462	2
230	396	176	402	178	103	115	0.0546448	0	0.386813	1
231	528	57	529	56	103	106	0.010929	0	0.125275	1
232	607	89	618	89	103	115	0.0601093	0	0.195604	1
233	201	24	221	24	103	115	0.10929	0	0.0527473	1
234	343	257	340	257	104	105	0.0163934	0	0.564835	2
235	656	236	656	235	104	105	0.00546448	0	0.518681	1
236	258	209	254	207	104	109	0.0437158	0	0.459341	2
237	320	298	313	297	104	105	0.0437158	0	0.654945	2
238	740	40	751	40	104	115	0.0601093	0	0.0879121	1
239	244	38	251	33	105	113	0.174863	0	0.0835165	1
240	304	274	300	274	105	106	0.0218579	0	0.602198	2
241	396	221	399	221	105	108	0.0163934	0	0.485714	1
242	281	175	277	175	105	107	0.0218579	0	0.384615	2
243	343	245	340	246	105	106	0.0218579	0	0.538462	2
244	185	74	194	73	105	115	0.0546448	0	0.162637	1
245	451	236	447	237	105	108	0.0273224	0	0.518681	2
246	494	226	503	226	105	115	0.0491803	0	0.496703	1
247	298	309	297	309	105	106	0.00546448	0	0.679121	2
248	229	79	238	78	105	115	0.0546448	0	0.173626	1
249	632	51	641	51	105	115	0.0491803	0	0.112088	1
250	362	152	359	152	105	107	0.0163934	0	0.334066	2
251	321	242	320	241	105	106	0.010929	0	0.531868	2
252	428	223	436	222	105	114	0.0491803	0	0.49011	1
253	366	182	366	181	105	108	0.00546448	0	0.4	1
254	369	164	368	163	105	106	0.010929	0	0.36044	2
255	468	205	469	207	105	108	0.0273224	0	0.450549	1
256	336	224	333	223	105	106	0.0218579	0	0.492308	2
257	326	227	325	227	105	106	0.00546448	0	0.498901	2
258	337	259	329	265	106	110	0.240437	0	0.569231	2
259	657	237	665	237	106	115	0.0437158	0	0.520879	1
260	298	295	292	292	106	107	0.0819672	0	0.648352	2
261	260	226	256	225	106	110	0.0273224	0	0.496703	2
262	343	183	342	182	106	107	0.010929	0	0.402198	2
263	349	264	340	266	106	110	0.0710383	0	0.58022	2
264	326	233	323	233	107	108	0.0163934	0	0.512088	2
265	319	243	316	244	107	108	0.0218579	0	0.534066	2
266	532	60	534	60	107	110	0.010929	0	0.131868	1
267	298	273	292	271	107	109	0.0546448	0	0.6	2
268	599	277	601	278	107	109	0.0163934	0	0.608791	1
269	401	407	481	409	107	115	0.459016	0	0.894505	1
270	459	215	457	214	107	108	0.0163934	0	0.472527	2
271	288	290	281	289	108	110	0.0437158	0	0.637363	2
272	633	179	634	179	108	109	0.00546448	0	0.393407	1
273	585	263	587	267	108	115	0.0983607	0	0.578022	1
274	275	176	271	175	108	110	0.0273224	0	0.386813	2
275	359	206	359	205	109	110	0.00546448	0	0.452747	1
276	401	221	402	221	109	110	0.00546448	0	0.485714	1
277	457	214	448	213	109	115	0.0546448	0	0.47033	2
278	736	226	740	223	109	111	0.0710383	0	0.496703	1
279	266	192	264	191	109	110	0.0163934	0	0.421978	2
280	444	262	446	261	109	111	0.0163934	0	0.575824	1
281	379	206	379	205	109	111	0.00546448	0	0.452747	1
282	260	257	248	263	109	113	0.262295	0	0.564835	2
283	603	276	602	275	110	111	0.010929	0	0.606593	2
284	348	183	349	181	110	112	0.0273224	0	0.402198	1
285	257	209	256	209	110	111	0.00546448	0	0.459341	2
286	533	60	534	59	111	115	0.010929	0	0.131868	1
287	329	266	328	266	111	112	0.00546448	0	0.584615	2
288	279	288	276	286	111	112	0.0382514	0	0.632967	2
289	262	192	260	192	111	112	0.010929	0	0.421978	2
290	313	247	311	245	111	112	0.0327869	0	0.542857	2
291	638	205	637	204	111	112	0.010929	0	0.450549	2
292	300	227	301	226	111	112	0.010929	0	0.498901	1
293	272	306	272	305	111	112	0.00546448	0	0.672527	1
294	306	272	304	271	111	112	0.0163934	0	0.597802	2
295	241	260	226	264	111	115	0.169399	0	0.571429	2
296	423	452	436	452	111	112	0.0710383	0	0.993407	1
297	478	179	480	182	111	113	0.0601093	0	0.393407	1
298	362	200	362	197	112	113	0.0491803	0	0.43956	1
299	380	235	381	235	112	115	0.00546448	0	0.516484	1
300	250	251	247	256	112	115	0.153005	0	0.551648	2
301	669	45	670	45	112	115	0.00546448	0	0.0989011	1
302	321	223	317	223	112	113	0.0218579	0	0.49011	2
303	367	183	367	183	112	113	0	0	0.402198	1
304	269	172	260	174	112	115	0.0710383	0	0.378022	2
305	330	266	330	265	113	114	0.00546448	0	0.584615	1
306	337	168	333	169	113	115	0.0273224	0	0.369231	2
307	354	234	354	234	113	114	0	0	0.514286	1
308	448	264	448	264	113	114	0	0	0.58022	1
309	636	206	634	206	113	114	0.010929	0	0.452747	2
310	340	234	340	233	113	114	0.00546448	0	0.514286	1
311	600	232	601	232	113	115	0.00546448	0	0.50989	1
312	264	192	262	192	113	114	0.010929	0	0.421978	2
313	438	449	448	452	113	114	0.103825	0	0.986813	1
314	299	253	297	253	113	114	0.010929	0	0.556044	2
315	363	213	364	214	113	115	0.010929	0	0.468132	1
316	375	172	375	171	113	115	0.00546448	0	0.378022	1
317	364	196	364	194	114	115	0.0218579	0	0.430769	1
318	317	264	312	262	114	115	0.0491803	0	0.58022	2
319	369	183	369	182	114	115	0.00546448	0	0.402198	1
320	483	184	485	185	114	115	0.0163934	0	0.404396	1
321	253	31	253	30	114	115	0.00546448	0	0.0681319	1