
0	374	202	374	199	67	71	0.00188719	0	0.443956	1
1	349	196	348	193	67	70	0.00209688	0	0.430769	2
2	312	354	308	353	67	68	0.00104844	0	0.778022	2
3	219	429	215	428	67	68	0.00104844	0	0.942857	2
4	60	422	60	422	68	69	0	0	0.927473	1
5	152	220	152	219	68	69	0.000209688	0	0.483516	1
6	204	443	200	441	68	69	0.0016775	0	0.973626	2
7	277	232	278	231	68	69	0.000419375	0	0.50989	1
8	425	103	424	104	68	69	0.000419375	0	0.226374	2
9	484	238	483	237	68	69	0.000419375	0	0.523077	2
10	443	141	441	139	68	69	0.00125813	0	0.30989	2
11	438	113	433	116	69	87	0.00293563	0	0.248352	2
12	73	405	68	407	69	72	0.00188719	0	0.89011	2
13	71	447	67	449	69	73	0.0016775	0	0.982418	2
14	365	238	364	237	69	70	0.000419375	0	0.523077	2
15	211	242	209	242	69	74	0.000419375	0	0.531868	2
16	222	240	221	239	69	72	0.000419375	0	0.527473	2
17	800	153	757	174	69	92	0.101489	0	0.336264	2
18	496	237	496	236	69	71	0.000209688	0	0.520879	1
19	303	216	306	215	69	70	0.00083875	0	0.474725	1
20	531	122	558	186	69	105	0.864542	0	0.268132	1
21	61	423	59	425	70	72	0.00125813	0	0.92967	2
22	257	258	256	257	70	71	0.000419375	0	0.567033	2
23	349	236	345	235	70	72	0.00104844	0	0.518681	2
24	413	112	410	111	70	71	0.00083875	0	0.246154	2
25	499	196	505	193	70	74	0.00314531	0	0.430769	1
26	251	95	251	95	70	71	0	0	0.208791	1
27	483	237	482	236	70	71	0.000419375	0	0.520879	2
28	354	164	355	160	70	72	0.00356469	0	0.36044	1
29	788	129	784	135	70	87	0.0083875	0	0.283516	2
30	281	230	286	229	71	73	0.00125813	0	0.505495	1
31	310	47	308	47	71	74	0.000419375	0	0.103297	2
32	349	197	348	196	71	72	0.000419375	0	0.432967	2
33	302	153	301	153	71	72	0.000209688	0	0.336264	2
34	282	219	283	217	71	72	0.00104844	0	0.481319	1
35	357	242	355	241	71	72	0.000629063	0	0.531868	2
36	52	443	49	445	71	74	0.00146781	0	0.973626	2
37	254	76	259	78	71	83	0.00188719	0	0.167033	1
38	441	174	440	173	71	72	0.000419375	0	0.382418	2
39	449	52	446	56	71	87	0.00398406	0	0.114286	2
40	293	347	289	347	72	73	0.00083875	0	0.762637	2
41	256	259	257	257	72	74	0.00104844	0	0.569231	1
42	209	218	208	218	72	74	0.000209688	0	0.479121	2
43	151	198	152	197	72	74	0.000419375	0	0.435165	1
44	340	59	338	60	72	80	0.000629063	0	0.12967	2
45	306	238	308	238	72	74	0.000419375	0	0.523077	1
46	420	107	419	107	73	74	0.000209688	0	0.235165	2
47	58	426	56	427	73	74	0.000629063	0	0.936264	2
48	300	154	298	154	73	74	0.000419375	0	0.338462	2
49	66	411	63	411	73	74	0.000629063	0	0.903297	2
50	357	160	358	159	73	74	0.000419375	0	0.351648	1
51	221	240	219	241	73	75	0.000629063	0	0.527473	2
52	348	193	347	192	73	74	0.000419375	0	0.424176	2
53	355	235	352	235	73	74	0.000629063	0	0.516484	2
54	275	326	271	326	73	74	0.00083875	0	0.716484	2
55	303	197	295	198	73	76	0.00188719	0	0.432967	2
56	462	212	458	209	73	76	0.00272594	0	0.465934	2
57	303	144	299	143	73	76	0.00104844	0	0.316484	2
58	277	358	274	357	74	75	0.00083875	0	0.786813	2
59	496	237	496	236	74	75	0.000209688	0	0.520879	1
60	289	230	294	231	74	77	0.00125813	0	0.505495	1
61	254	95	253	94	74	75	0.000419375	0	0.208791	2
62	178	455	173	454	74	75	0.00125813	0	1	2
63	274	262	276	267	74	78	0.00566156	0	0.575824	1
64	297	153	295	153	75	77	0.000419375	0	0.336264	2
65	420	108	417	111	75	87	0.00251625	0	0.237363	2
66	266	76	266	75	75	77	0.000209688	0	0.167033	1
67	490	54	488	58	75	87	0.00377438	0	0.118681	2
68	261	255	264	255	75	76	0.000629063	0	0.56044	1
69	283	373	272	375	75	77	0.00314531	0	0.81978	2
70	308	46	303	49	75	88	0.00293563	0	0.101099	2
71	360	157	361	155	75	76	0.00104844	0	0.345055	1
72	410	106	398	105	75	79	0.00272594	0	0.232967	2
73	297	168	296	167	75	76	0.000419375	0	0.369231	2
74	458	52	448	58	75	89	0.00964563	0	0.114286	2
75	332	228	330	227	75	76	0.000629063	0	0.501099	2
76	400	106	394	106	75	77	0.00125813	0	0.232967	2
77	209	244	208	243	75	77	0.000419375	0	0.536264	2
78	508	194	510	193	75	77	0.000629063	0	0.426374	1
79	806	66	803	67	75	82	0.00083875	0	0.145055	2
80	334	115	331	116	75	82	0.00083875	0	0.252747	2
81	476	120	431	140	75	93	0.093311	0	0.263736	2
82	60	412	47	408	75	79	0.00608094	0	0.905495	2
83	272	359	269	361	76	77	0.00146781	0	0.789011	2
84	52	427	49	425	76	77	0.00146781	0	0.938462	2
85	362	230	361	229	76	77	0.000419375	0	0.505495	2
86	198	439	164	436	76	82	0.00901657	0	0.964835	2
87	211	218	211	217	76	79	0.000209688	0	0.479121	1
88	361	187	361	186	76	77	0.000209688	0	0.410989	1
89	309	240	309	238	76	79	0.00083875	0	0.527473	1
90	457	208	448	217	77	84	0.0188719	0	0.457143	2
91	367	239	367	241	77	79	0.00083875	0	0.525275	1
92	362	154	363	153	77	78	0.000419375	0	0.338462	1
93	254	95	254	96	77	85	0.000209688	0	0.208791	1
94	266	256	271	258	77	78	0.00188719	0	0.562637	1
95	296	169	295	169	77	78	0.000209688	0	0.371429	2
96	160	413	145	412	77	80	0.003355	0	0.907692	2
97	458	237	454	237	77	78	0.00083875	0	0.520879	2
98	818	134	825	200	77	101	0.914867	0	0.294505	1
99	31	444	26	443	78	79	0.00125813	0	0.975824	2
100	464	223	462	224	78	79	0.000629063	0	0.49011	2
101	271	377	268	377	78	83	0.000629063	0	0.828571	2
102	58	451	49	448	78	80	0.00377438	0	0.991209	2
103	46	424	26	424	78	85	0.00419375	0	0.931868	2
104	349	198	349	198	78	79	0	0	0.435165	1
105	296	232	297	232	78	79	0.000209688	0	0.50989	1
106	474	229	472	228	78	79	0.000629063	0	0.503297	2
107	626	61	581	93	78	94	0.224156	0	0.134066	2
108	341	100	339	100	78	83	0.000419375	0	0.21978	2
109	368	216	367	216	78	79	0.000209688	0	0.474725	2
110	292	257	298	256	79	80	0.00146781	0	0.564835	1
111	46	435	43	433	79	80	0.00146781	0	0.956044	2
112	352	224	352	224	79	80	0	0	0.492308	1
113	303	148	302	149	79	85	0.000419375	0	0.325275	2
114	462	225	460	226	80	81	0.000629063	0	0.494505	2
115	146	436	129	432	80	83	0.00691969	0	0.958242	2
116	254	366	248	365	80	81	0.00146781	0	0.804396	2
117	455	239	453	240	80	81	0.000629063	0	0.525275	2
118	150	451	133	450	80	83	0.00377438	0	0.991209	2
119	367	215	367	216	80	83	0.000209688	0	0.472527	1
120	351	200	351	200	80	82	0	0	0.43956	1
121	33	405	26	405	80	82	0.00146781	0	0.89011	2
122	365	205	364	205	80	82	0.000209688	0	0.450549	2
123	368	175	370	174	80	81	0.000629063	0	0.384615	1
124	362	189	362	188	80	81	0.000209688	0	0.415385	1
125	293	201	285	210	80	87	0.0186622	0	0.441758	2
126	380	193	382	192	80	81	0.000629063	0	0.424176	1
127	278	269	278	268	81	82	0.000209688	0	0.591209	1
128	328	240	325	239	81	82	0.00083875	0	0.527473	2
129	261	54	262	54	81	83	0.000209688	0	0.118681	1
130	161	423	154	423	81	82	0.00146781	0	0.92967	2
131	215	250	213	251	81	83	0.000629063	0	0.549451	2
132	430	104	427	106	81	87	0.00146781	0	0.228571	2
133	302	266	308	268	82	84	0.00209688	0	0.584615	1
134	364	187	364	186	82	83	0.000209688	0	0.410989	1
135	382	112	378	112	82	83	0.00083875	0	0.246154	2
136	372	173	374	172	82	83	0.000629063	0	0.38022	1
137	252	337	228	343	82	87	0.0125813	0	0.740659	2
138	337	230	336	230	82	84	0.000209688	0	0.505495	2
139	351	199	351	199	83	84	0	0	0.437363	1
140	463	237	462	237	83	84	0.000209688	0	0.520879	2
141	237	364	232	366	83	84	0.00188719	0	0.8	2
142	156	438	148	439	83	84	0.00188719	0	0.962637	2
143	247	360	241	361	83	84	0.00146781	0	0.791209	2
144	365	205	365	205	83	84	0	0	0.450549	1
145	309	230	313	230	83	84	0.00083875	0	0.505495	1
146	323	195	321	195	83	86	0.000419375	0	0.428571	2
147	802	67	791	75	83	89	0.0157266	0	0.147253	2
148	445	230	442	231	83	84	0.00083875	0	0.505495	2
149	381	108	377	108	84	85	0.00083875	0	0.237363	2
150	371	107	362	107	84	86	0.00188719	0	0.235165	2
151	590	59	589	59	84	85	0.000209688	0	0.12967	2
152	527	242	526	242	84	85	0.000209688	0	0.531868	2
153	369	217	368	218	84	87	0.000419375	0	0.476923	2
154	347	226	346	226	84	85	0.000209688	0	0.496703	2
155	128	436	121	435	84	85	0.0016775	0	0.958242	2
156	273	367	297	423	84	105	0.662613	0	0.806593	1
157	261	79	262	79	84	85	0.000209688	0	0.173626	1
158	341	61	339	62	84	87	0.000629063	0	0.134066	2
159	281	269	287	268	84	85	0.00146781	0	0.591209	1
160	397	161	398	160	84	85	0.000419375	0	0.353846	1
161	564	110	554	115	84	89	0.00733906	0	0.241758	2
162	229	370	224	373	85	86	0.00293563	0	0.813187	2
163	308	271	307	271	85	86	0.000209688	0	0.595604	2
164	389	177	391	177	85	86	0.000419375	0	0.389011	1
165	140	442	133	442	85	86	0.00146781	0	0.971429	2
166	448	220	411	228	85	92	0.0211784	0	0.483516	2
167	430	239	429	240	85	86	0.000419375	0	0.525275	2
168	827	395	800	452	85	98	0.686936	0	0.868132	2
169	445	242	431	246	85	89	0.00629063	0	0.531868	2
170	336	230	335	230	85	86	0.000209688	0	0.505495	2
171	372	109	360	110	86	88	0.00272594	0	0.23956	2
172	527	242	487	252	86	92	0.0293563	0	0.531868	2
173	358	233	356	233	86	87	0.000419375	0	0.512088	2
174	214	240	212	241	86	87	0.000629063	0	0.527473	2
175	263	79	263	79	86	87	0	0	0.173626	1
176	344	106	341	106	86	87	0.000629063	0	0.232967	2
177	366	204	365	204	86	87	0.000209688	0	0.448352	2
178	289	170	287	170	86	87	0.000419375	0	0.373626	2
179	218	376	201	382	87	89	0.0111134	0	0.826374	2
180	513	199	507	201	87	89	0.00209688	0	0.437363	2
181	327	235	330	235	87	88	0.000629063	0	0.516484	1
182	154	361	181	414	87	105	0.594674	0	0.793407	1
183	314	190	312	191	87	88	0.000629063	0	0.417582	2
184	278	46	311	102	87	105	0.6645	0	0.101099	1
185	212	222	203	224	87	89	0.00272594	0	0.487912	2
186	703	70	666	81	87	92	0.0331306	0	0.153846	2
187	388	213	388	214	87	88	0.000209688	0	0.468132	1
188	493	242	455	251	87	92	0.0249528	0	0.531868	2
189	698	93	671	98	88	91	0.0109038	0	0.204396	2
190	416	113	389	117	88	91	0.00901657	0	0.248352	2
191	769	136	752	139	88	90	0.00545188	0	0.298901	2
192	356	232	349	233	88	89	0.0016775	0	0.50989	2
193	433	115	406	119	88	91	0.00901657	0	0.252747	2
194	547	67	520	71	88	91	0.00901657	0	0.147253	2
195	751	258	783	321	88	105	0.83896	0	0.567033	1
196	514	63	479	70	88	92	0.0176138	0	0.138462	2
197	686	254	649	263	88	92	0.0247431	0	0.558242	2
198	818	262	781	272	88	92	0.0287272	0	0.575824	2
199	282	212	290	281	88	103	1	0	0.465934	1
200	568	99	533	107	88	92	0.0207591	0	0.217582	2
201	419	59	392	63	88	91	0.00901657	0	0.12967	2
202	263	80	226	93	88	93	0.0431956	0	0.175824	2
203	785	260	756	265	88	91	0.0113231	0	0.571429	2
204	296	156	271	156	88	91	0.00524219	0	0.342857	2
205	313	236	310	237	88	89	0.00083875	0	0.518681	2
206	379	176	374	176	88	89	0.00104844	0	0.386813	2
207	777	126	749	132	88	91	0.01342	0	0.276923	2
208	97	440	81	443	88	89	0.00524219	0	0.967033	2
209	820	59	794	110	88	98	0.550849	0	0.12967	2
210	338	104	330	104	88	89	0.0016775	0	0.228571	2
211	190	364	145	381	88	93	0.0700356	0	0.8	2
212	486	61	451	68	88	92	0.0176138	0	0.134066	2
213	121	443	107	443	88	89	0.00293563	0	0.973626	2
214	385	159	380	159	88	89	0.00104844	0	0.349451	2
215	392	232	385	233	88	89	0.0016775	0	0.50989	2
216	713	259	673	303	88	96	0.414343	0	0.569231	2
217	408	58	438	115	88	105	0.687566	0	0.127473	1
218	737	128	763	189	88	104	0.785699	0	0.281319	1
219	367	219	361	219	88	89	0.00125813	0	0.481319	2
220	84	351	115	402	88	105	0.551898	0	0.771429	1
221	688	82	648	98	88	93	0.0620675	0	0.18022	2
222	597	133	629	193	88	105	0.761585	0	0.292308	1
223	536	65	510	69	88	91	0.00880688	0	0.142857	2
224	779	137	751	143	88	91	0.01342	0	0.301099	2
225	112	356	74	362	88	92	0.0155169	0	0.782418	2
226	74	356	106	406	88	105	0.530929	0	0.782418	1
227	37	354	28	354	88	89	0.00188719	0	0.778022	2
228	161	356	190	408	88	105	0.573076	0	0.782418	1
229	497	61	462	69	88	92	0.0207591	0	0.134066	2
230	724	258	755	320	88	105	0.812539	0	0.567033	1
231	654	252	625	257	88	91	0.0113231	0	0.553846	2
232	286	52	329	106	89	105	0.620466	0	0.114286	1
233	302	269	296	268	89	90	0.00146781	0	0.591209	2
234	328	237	315	239	89	91	0.00356469	0	0.520879	2
235	823	87	788	122	89	95	0.264206	0	0.191209	2
236	824	62	795	70	89	92	0.0195009	0	0.136264	2
237	249	231	227	240	89	91	0.0215978	0	0.507692	2
238	320	277	316	279	90	91	0.0016775	0	0.608791	2
239	370	188	362	189	90	91	0.00188719	0	0.413187	2
240	514	201	564	254	90	104	0.599497	0	0.441758	1
241	185	383	171	385	90	91	0.00377438	0	0.841758	2
242	722	143	765	200	90	104	0.690291	0	0.314286	1
243	321	113	309	113	90	91	0.00251625	0	0.248352	2
244	326	222	318	224	90	91	0.00251625	0	0.487912	2
245	732	138	782	196	90	105	0.715873	0	0.303297	1
246	314	259	308	263	90	91	0.00461313	0	0.569231	2
247	590	87	609	137	90	100	0.528203	0	0.191209	1
248	159	225	148	226	90	91	0.00251625	0	0.494505	2
249	385	159	425	203	90	101	0.414343	0	0.349451	1
250	441	244	422	249	90	92	0.00922625	0	0.536264	2
251	422	249	405	290	90	96	0.356049	0	0.547253	2
252	365	175	350	180	90	92	0.0083875	0	0.384615	2
253	94	444	61	450	90	92	0.0144684	0	0.975824	2
254	284	371	332	423	90	105	0.57706	0	0.815385	1
255	450	61	439	62	90	91	0.00251625	0	0.134066	2
256	827	187	821	234	90	98	0.464458	0	0.410989	2
257	728	92	703	105	90	93	0.0406794	0	0.202198	2
258	46	443	29	444	91	92	0.00377438	0	0.973626	2
259	172	255	163	258	91	92	0.00377438	0	0.56044	2
260	182	227	174	230	91	92	0.00356469	0	0.498901	2
261	737	148	733	155	92	93	0.0111134	0	0.325275	2
262	380	120	375	137	92	94	0.0616481	0	0.263736	2
263	512	73	507	90	92	94	0.0616481	0	0.16044	2
264	661	103	655	130	92	95	0.15412	0	0.226374	2
265	392	118	386	135	92	94	0.0618578	0	0.259341	2
266	738	138	733	145	92	93	0.0113231	0	0.303297	2
267	544	401	611	451	92	105	0.538268	0	0.881319	1
268	826	421	825	454	92	96	0.228559	0	0.925275	2
269	384	65	377	92	92	95	0.15433	0	0.142857	2
270	822	72	816	89	92	94	0.0618578	0	0.158242	2
271	547	391	614	442	92	105	0.559446	0	0.859341	1
272	826	411	822	430	92	94	0.076536	0	0.903297	2
273	785	419	783	452	92	96	0.228769	0	0.920879	2
274	402	127	396	161	92	96	0.243657	0	0.279121	2
275	746	406	788	453	92	100	0.472007	0	0.892308	1
276	748	270	743	288	92	94	0.0689872	0	0.593407	2
277	417	238	414	253	92	94	0.0478088	0	0.523077	2
278	585	260	580	287	92	95	0.153911	0	0.571429	2
279	822	200	823	237	92	97	0.287272	0	0.43956	1
280	436	69	433	107	92	97	0.303418	0	0.151648	2
281	531	114	533	144	93	97	0.189138	0	0.250549	1
282	157	406	153	420	93	94	0.0419375	0	0.892308	2
283	602	93	600	112	93	95	0.0761166	0	0.204396	2
284	503	406	573	447	93	105	0.367163	0	0.892308	1
285	703	421	722	452	93	98	0.205494	0	0.925275	1
286	406	72	404	82	93	94	0.0213881	0	0.158242	2
287	791	77	789	96	93	95	0.0761166	0	0.169231	2
288	636	96	634	115	93	95	0.0761166	0	0.210989	2
289	241	164	272	197	93	99	0.23485	0	0.36044	1
290	702	411	768	454	93	104	0.401552	0	0.903297	1
291	497	81	496	91	93	94	0.0211784	0	0.178022	2
292	549	265	620	308	93	105	0.4026	0	0.582418	1
293	287	116	283	126	93	94	0.0218075	0	0.254945	2
294	662	88	734	133	93	105	0.439715	0	0.193407	1
295	535	184	606	227	93	105	0.4026	0	0.404396	1
296	349	194	351	203	93	94	0.0174041	0	0.426374	1
297	646	272	676	307	93	99	0.263158	0	0.597802	1
298	302	124	296	133	93	94	0.0182428	0	0.272527	2
299	189	383	260	420	93	105	0.30195	0	0.841758	1
300	247	249	244	266	93	95	0.0612288	0	0.547253	2
301	614	268	613	278	93	94	0.0211784	0	0.589011	2
302	822	164	825	193	93	97	0.176976	0	0.36044	1
303	260	144	293	176	93	99	0.22164	0	0.316484	1
304	154	369	177	423	93	103	0.616272	0	0.810989	1
305	581	96	623	133	93	100	0.295869	0	0.210989	1
306	743	424	750	452	93	97	0.165863	0	0.931868	1
307	484	265	554	306	93	105	0.367163	0	0.582418	1
308	621	404	692	448	93	105	0.420843	0	0.887912	1
309	749	185	821	229	93	105	0.421053	0	0.406593	1
310	308	71	307	98	93	96	0.153072	0	0.156044	2
311	474	77	472	97	93	95	0.0842944	0	0.169231	2
312	503	396	573	438	93	105	0.384567	0	0.87033	1
313	812	286	818	315	93	97	0.177605	0	0.628571	1
314	315	241	317	258	94	96	0.0610191	0	0.52967	1
315	777	290	822	319	94	100	0.185783	0	0.637363	1
316	274	77	273	87	94	95	0.0211784	0	0.169231	2
317	227	104	258	129	94	99	0.137555	0	0.228571	1
318	656	420	728	453	94	105	0.243447	0	0.923077	1
319	385	145	385	152	95	96	0.0102747	0	0.318681	1
320	744	298	789	317	95	100	0.0851332	0	0.654945	1
321	816	99	820	110	95	97	0.0262109	0	0.217582	1
322	419	277	436	289	95	98	0.0337597	0	0.608791	1
323	612	289	612	295	95	96	0.00754875	0	0.635165	1
324	375	148	418	164	95	100	0.0626966	0	0.325275	1
325	306	271	311	276	95	96	0.00629063	0	0.595604	1
326	451	278	522	300	95	105	0.116377	0	0.610989	1
327	136	258	154	269	95	98	0.0291466	0	0.567033	1
328	777	120	793	134	95	98	0.0444538	0	0.263736	1
329	282	137	288	149	95	98	0.0314531	0	0.301099	1
330	351	180	352	186	95	96	0.00775844	0	0.395604	1
331	162	261	168	271	95	97	0.0222269	0	0.573626	1
332	140	445	146	454	95	97	0.0182428	0	0.978022	1
333	658	137	730	155	96	105	0.0830363	0	0.301099	1
334	637	125	710	143	96	105	0.083246	0	0.274725	1
335	475	105	517	115	96	100	0.0297756	0	0.230769	1
336	285	153	285	156	96	97	0.00188719	0	0.336264	1
337	729	179	745	185	96	98	0.0109038	0	0.393407	1
338	508	110	582	127	96	105	0.0761166	0	0.241758	1
339	647	137	720	155	96	105	0.083246	0	0.301099	1
340	447	101	476	109	96	99	0.0195009	0	0.221978	1
341	225	280	228	285	96	97	0.00587125	0	0.615385	1
342	490	106	557	121	96	104	0.0612288	0	0.232967	1
343	798	104	814	110	96	98	0.0109038	0	0.228571	1
344	581	294	611	302	96	99	0.0197106	0	0.646154	1
345	736	169	752	175	96	98	0.0109038	0	0.371429	1
346	790	130	821	140	96	99	0.0274691	0	0.285714	1
347	392	262	409	270	96	98	0.0169847	0	0.575824	1
348	157	433	165	435	97	98	0.00251625	0	0.951648	1
349	396	161	435	166	97	100	0.01342	0	0.353846	1
350	465	426	529	437	97	105	0.0387922	0	0.936264	1
351	136	418	153	420	97	99	0.00440344	0	0.918681	1
352	236	202	304	212	97	105	0.0352275	0	0.443956	1
353	742	183	769	188	97	99	0.0109038	0	0.402198	1
354	39	184	108	191	97	105	0.0247431	0	0.404396	1
355	285	409	349	418	97	105	0.0304047	0	0.898901	1
356	476	424	539	436	97	105	0.0434053	0	0.931868	1
357	337	165	355	167	97	99	0.00461313	0	0.362637	1
358	673	440	737	454	97	105	0.0545188	0	0.967033	1
359	152	444	169	448	98	100	0.00691969	0	0.975824	1
360	294	159	315	162	98	100	0.00629063	0	0.349451	1
361	149	430	158	432	98	99	0.00272594	0	0.945055	1
362	544	148	595	157	98	104	0.0276788	0	0.325275	1
363	358	266	375	267	98	99	0.00377438	0	0.584615	1
364	576	224	632	235	98	105	0.0371147	0	0.492308	1
365	357	317	386	320	98	100	0.00796813	0	0.696703	1
366	804	111	818	114	98	99	0.00482281	0	0.243956	1
367	411	292	426	295	98	99	0.0050325	0	0.641758	1
368	24	394	78	398	98	105	0.0146781	0	0.865934	1
369	359	233	374	233	98	99	0.00314531	0	0.512088	1
370	525	298	552	302	98	100	0.00901657	0	0.654945	1
371	169	427	177	430	99	100	0.00356469	0	0.938462	1
372	372	296	387	296	99	100	0.00314531	0	0.650549	1
373	294	153	303	153	99	100	0.00188719	0	0.336264	1
374	104	401	144	406	99	105	0.0136297	0	0.881319	1
375	189	406	228	411	99	105	0.01342	0	0.892308	1
376	642	305	683	314	99	105	0.0255819	0	0.67033	1
377	193	275	206	275	99	100	0.00272594	0	0.604396	1
378	267	412	305	418	99	105	0.0155169	0	0.905495	1
379	392	286	404	287	99	100	0.00272594	0	0.628571	1
380	777	192	785	193	100	101	0.00188719	0	0.421978	1
381	367	167	373	167	100	101	0.00125813	0	0.367033	1
382	690	310	718	316	100	105	0.01342	0	0.681319	1
383	226	301	246	307	100	103	0.0117425	0	0.661538	1
384	166	437	171	445	100	102	0.0144684	0	0.96044	1
385	329	193	337	194	100	101	0.00188719	0	0.424176	1
386	162	423	168	433	100	103	0.0222269	0	0.92967	1
387	624	305	652	311	100	105	0.01342	0	0.67033	1
388	238	262	269	269	100	104	0.016775	0	0.575824	1
389	421	110	444	114	100	104	0.00817782	0	0.241758	1
390	430	291	453	295	100	104	0.00817782	0	0.63956	1
391	333	286	361	291	100	105	0.0111134	0	0.628571	1
392	564	301	592	307	100	105	0.01342	0	0.661538	1
393	490	111	499	112	100	101	0.00209688	0	0.243956	1
394	264	325	277	327	100	102	0.00356469	0	0.714286	1
395	295	290	303	291	100	101	0.00188719	0	0.637363	1
396	218	311	236	314	100	103	0.00566156	0	0.683516	1
397	40	400	67	403	100	105	0.00754875	0	0.879121	1
398	428	165	448	169	101	105	0.00754875	0	0.362637	1
399	439	165	459	169	101	105	0.00754875	0	0.362637	1
400	374	284	379	284	101	102	0.00104844	0	0.624176	1
401	526	117	546	121	101	105	0.00754875	0	0.257143	1
402	618	139	638	143	101	105	0.00754875	0	0.305495	1
403	478	320	498	327	101	105	0.0144684	0	0.703297	1
404	650	134	670	138	101	105	0.00754875	0	0.294505	1
405	309	155	310	156	101	103	0.000419375	0	0.340659	1
406	320	163	324	166	101	105	0.00272594	0	0.358242	1
407	797	319	817	324	101	105	0.00943594	0	0.701099	1
408	181	431	181	434	101	102	0.00188719	0	0.947253	1
409	458	110	478	114	101	105	0.00754875	0	0.241758	1
410	450	283	456	286	101	102	0.00314531	0	0.621978	1
411	482	115	502	119	101	105	0.00754875	0	0.252747	1
412	319	102	340	106	101	105	0.00775844	0	0.224176	1
413	451	302	456	303	101	102	0.00125813	0	0.663736	1
414	462	292	467	293	101	102	0.00125813	0	0.641758	1
415	791	195	806	199	102	105	0.00650031	0	0.428571	1
416	376	167	377	167	102	103	0.000209688	0	0.367033	1
417	602	125	617	128	102	105	0.0050325	0	0.274725	1
418	314	285	318	285	102	103	0.00083875	0	0.626374	1
419	427	231	441	233	102	104	0.00377438	0	0.507692	1
420	454	173	469	176	102	105	0.0050325	0	0.38022	1
421	472	307	486	313	102	105	0.0104844	0	0.674725	1
422	384	283	388	283	103	104	0.00083875	0	0.621978	1
423	288	131	298	133	103	105	0.00293563	0	0.287912	1
424	286	291	288	292	103	104	0.000629063	0	0.63956	1
425	483	292	490	294	103	104	0.00230656	0	0.641758	1
426	390	107	400	109	103	105	0.00293563	0	0.235165	1
427	378	113	388	115	103	105	0.00293563	0	0.248352	1
428	410	323	420	323	103	104	0.00209688	0	0.70989	1
429	185	430	187	432	104	105	0.00125813	0	0.945055	1
430	467	296	473	297	104	105	0.00146781	0	0.650549	1
431	279	319	282	320	104	105	0.00083875	0	0.701099	1
432	346	245	350	245	104	105	0.00083875	0	0.538462	1