
0	283	150	284	150	117	119	0.0263158	0	0.32967	1
1	451	455	451	454	117	132	0.0263158	0	1	1
2	396	455	396	454	117	120	0.0263158	0	1	1
3	67	113	68	112	117	140	0.0526316	0	0.248352	1
4	341	175	339	173	118	119	0.157895	0	0.384615	2
5	325	141	324	140	118	119	0.0526316	0	0.30989	2
6	332	130	331	129	119	120	0.0526316	0	0.285714	2
7	350	173	350	173	119	120	0	0	0.38022	1
8	311	129	311	129	119	120	0	0	0.283516	1
9	145	107	146	106	119	120	0.0526316	0	0.235165	1
10	351	161	350	160	119	120	0.0526316	0	0.353846	2
11	483	165	483	165	119	120	0	0	0.362637	1
12	339	172	337	173	120	123	0.0789474	0	0.378022	2
13	369	124	370	123	120	121	0.0526316	0	0.272527	1
14	329	167	326	168	120	122	0.105263	0	0.367033	2
15	344	141	344	140	120	121	0.0263158	0	0.30989	1
16	325	139	324	138	120	121	0.0526316	0	0.305495	2
17	363	150	362	150	120	121	0.0263158	0	0.32967	2
18	330	149	328	148	120	121	0.0789474	0	0.327473	2
19	285	151	286	151	120	121	0.0263158	0	0.331868	1
20	485	136	486	135	120	121	0.0526316	0	0.298901	1
21	771	82	776	81	120	128	0.157895	0	0.18022	1
22	313	144	303	145	120	125	0.289474	0	0.316484	2
23	234	122	234	122	120	121	0	0	0.268132	1
24	46	122	38	121	120	126	0.236842	0	0.268132	2
25	270	154	270	153	120	121	0.0263158	0	0.338462	1
26	56	113	56	113	121	122	0	0	0.248352	1
27	147	107	149	107	121	127	0.0526316	0	0.235165	1
28	351	114	354	109	121	124	0.736842	0	0.250549	1
29	485	151	482	151	121	123	0.0789474	0	0.331868	2
30	349	150	348	150	121	122	0.0263158	0	0.32967	2
31	224	158	226	157	121	123	0.0789474	0	0.347253	1
32	49	147	48	146	121	123	0.0526316	0	0.323077	2
33	239	178	245	176	122	126	0.263158	0	0.391209	1
34	345	140	343	138	122	124	0.157895	0	0.307692	2
35	363	137	363	134	122	124	0.236842	0	0.301099	1
36	286	152	286	151	122	124	0.0263158	0	0.334066	1
37	371	123	372	121	122	123	0.131579	0	0.27033	1
38	327	148	325	148	122	123	0.0526316	0	0.325275	2
39	396	455	395	454	122	125	0.0526316	0	1	2
40	326	100	326	99	122	123	0.0263158	0	0.21978	1
41	304	122	305	120	122	123	0.131579	0	0.268132	1
42	236	122	238	125	122	130	0.289474	0	0.268132	1
43	349	160	348	159	122	123	0.0526316	0	0.351648	2
44	687	284	689	283	122	155	0.0789474	0	0.624176	1
45	154	118	154	117	123	130	0.0263158	0	0.259341	1
46	260	167	262	165	123	125	0.157895	0	0.367033	1
47	439	101	446	99	123	128	0.289474	0	0.221978	1
48	325	126	324	125	123	124	0.0526316	0	0.276923	2
49	57	113	57	113	123	129	0	0	0.248352	1
50	484	131	484	131	123	124	0	0	0.287912	1
51	463	109	464	108	123	124	0.0526316	0	0.23956	1
52	452	102	459	99	123	128	0.421053	0	0.224176	1
53	284	123	285	122	123	124	0.0526316	0	0.27033	1
54	489	141	489	140	123	124	0.0263158	0	0.30989	1
55	486	161	483	161	123	129	0.0789474	0	0.353846	2
56	409	96	407	96	124	125	0.0526316	0	0.210989	2
57	372	123	373	121	124	125	0.131579	0	0.27033	1
58	506	163	507	163	124	128	0.0263158	0	0.358242	1
59	49	148	48	147	124	125	0.0526316	0	0.325275	2
60	347	159	345	159	124	125	0.0526316	0	0.349451	2
61	480	150	478	150	124	125	0.0526316	0	0.32967	2
62	227	158	230	158	124	126	0.0789474	0	0.347253	1
63	343	138	338	139	125	128	0.157895	0	0.303297	2
64	326	133	324	132	125	126	0.0789474	0	0.292308	2
65	286	152	287	151	125	126	0.0526316	0	0.334066	1
66	364	134	364	134	125	126	0	0	0.294505	1
67	363	165	362	164	125	126	0.0526316	0	0.362637	2
68	320	114	320	114	125	126	0	0	0.250549	1
69	779	53	778	57	125	149	0.447368	0	0.116484	2
70	375	153	377	154	125	126	0.0789474	0	0.336264	1
71	455	134	456	133	125	126	0.0526316	0	0.294505	1
72	328	89	328	88	125	127	0.0263158	0	0.195604	1
73	339	175	339	175	126	127	0	0	0.384615	1
74	302	146	299	147	126	127	0.105263	0	0.320879	2
75	486	132	482	131	126	128	0.131579	0	0.29011	2
76	396	455	395	454	126	133	0.0526316	0	1	2
77	401	90	399	89	126	127	0.0789474	0	0.197802	2
78	366	147	367	147	126	127	0.0263158	0	0.323077	1
79	263	165	267	164	126	129	0.131579	0	0.362637	1
80	359	124	359	123	126	127	0.0263158	0	0.272527	1
81	324	132	322	131	127	128	0.0789474	0	0.29011	2
82	350	165	349	165	127	128	0.0263158	0	0.362637	2
83	378	154	378	154	127	128	0	0	0.338462	1
84	31	166	29	165	127	130	0.0789474	0	0.364835	2
85	233	98	232	98	127	130	0.0263158	0	0.215385	2
86	407	134	405	134	127	137	0.0526316	0	0.294505	2
87	36	122	34	121	127	128	0.0789474	0	0.268132	2
88	503	140	504	139	127	155	0.0526316	0	0.307692	1
89	244	194	245	191	127	130	0.263158	0	0.426374	1
90	474	154	468	158	127	132	0.578947	0	0.338462	2
91	27	146	26	146	127	128	0.0263158	0	0.320879	2
92	155	103	152	103	128	133	0.0789474	0	0.226374	2
93	362	128	362	128	128	129	0	0	0.281319	1
94	329	174	326	173	128	129	0.105263	0	0.382418	2
95	329	92	329	91	128	129	0.0263158	0	0.202198	1
96	351	103	350	103	128	129	0.0263158	0	0.226374	2
97	276	49	276	48	128	129	0.0263158	0	0.107692	1
98	313	119	314	118	128	129	0.0526316	0	0.261538	1
99	467	123	463	122	128	129	0.131579	0	0.27033	2
100	45	158	42	157	128	129	0.105263	0	0.347253	2
101	343	169	342	169	129	130	0.0263158	0	0.371429	2
102	777	80	778	82	129	149	0.131579	0	0.175824	1
103	438	137	437	137	129	132	0.0263158	0	0.301099	2
104	450	99	455	97	129	132	0.236842	0	0.217582	1
105	232	160	232	160	129	130	0	0	0.351648	1
106	398	88	395	87	129	130	0.105263	0	0.193407	2
107	484	130	481	130	129	130	0.0789474	0	0.285714	2
108	25	147	24	147	129	130	0.0263158	0	0.323077	2
109	421	125	419	124	129	134	0.0789474	0	0.274725	2
110	299	121	300	121	129	130	0.0263158	0	0.265934	1
111	33	121	31	120	129	130	0.0789474	0	0.265934	2
112	434	34	431	33	129	131	0.105263	0	0.0747253	2
113	474	128	471	128	129	130	0.0789474	0	0.281319	2
114	309	157	305	156	129	130	0.131579	0	0.345055	2
115	263	178	276	182	130	140	0.763158	0	0.391209	1
116	322	172	316	173	130	131	0.184211	0	0.378022	2
117	350	104	349	104	130	131	0.0263158	0	0.228571	2
118	281	45	281	44	130	131	0.0263158	0	0.0989011	1
119	57	113	58	113	130	143	0.0263158	0	0.248352	1
120	40	156	34	155	130	131	0.184211	0	0.342857	2
121	329	90	329	90	130	131	0	0	0.197802	1
122	482	168	480	167	130	136	0.0789474	0	0.369231	2
123	37	139	36	139	130	131	0.0263158	0	0.305495	2
124	281	32	280	31	130	131	0.0526316	0	0.0703297	2
125	269	160	272	159	130	133	0.105263	0	0.351648	1
126	365	109	365	109	130	131	0	0	0.23956	1
127	301	139	302	139	130	131	0.0263158	0	0.305495	1
128	309	89	310	88	130	131	0.0526316	0	0.195604	1
129	26	246	27	245	130	155	0.0526316	0	0.540659	1
130	703	151	704	150	130	155	0.0526316	0	0.331868	1
131	304	177	303	177	131	132	0.0263158	0	0.389011	2
132	327	173	320	172	131	132	0.210526	0	0.38022	2
133	343	169	343	168	131	132	0.0263158	0	0.371429	1
134	234	162	234	162	131	133	0	0	0.356044	1
135	298	154	293	150	131	134	0.552632	0	0.338462	2
136	51	122	51	121	131	140	0.0263158	0	0.268132	1
137	709	30	709	30	131	134	0	0	0.0659341	1
138	238	125	238	124	131	132	0.0263158	0	0.274725	1
139	362	124	363	123	131	132	0.0526316	0	0.272527	1
140	231	100	231	102	131	134	0.105263	0	0.21978	1
141	253	196	255	195	131	132	0.0789474	0	0.430769	1
142	330	179	323	180	132	133	0.210526	0	0.393407	2
143	431	34	426	33	132	134	0.157895	0	0.0747253	2
144	31	165	27	164	132	133	0.131579	0	0.362637	2
145	365	110	364	110	132	134	0.0263158	0	0.241758	2
146	332	91	332	91	132	133	0	0	0.2	1
147	453	54	444	51	132	135	0.473684	0	0.118681	2
148	278	132	278	131	132	133	0.0263158	0	0.29011	1
149	292	139	295	138	132	134	0.105263	0	0.305495	1
150	357	133	357	133	132	133	0	0	0.292308	1
151	323	140	320	139	132	133	0.105263	0	0.307692	2
152	330	49	330	50	132	134	0.0263158	0	0.107692	1
153	228	174	227	174	132	134	0.0263158	0	0.382418	2
154	243	95	242	95	132	134	0.0263158	0	0.208791	2
155	360	163	360	163	132	133	0	0	0.358242	1
156	451	455	450	454	133	134	0.0526316	0	1	2
157	328	121	330	119	133	134	0.157895	0	0.265934	1
158	378	154	377	154	133	134	0.0263158	0	0.338462	2
159	459	102	462	100	133	135	0.184211	0	0.224176	1
160	388	155	399	158	133	140	0.526316	0	0.340659	1
161	153	119	152	119	133	134	0.0263158	0	0.261538	2
162	477	133	477	133	133	134	0	0	0.292308	1
163	301	181	301	181	133	134	0	0	0.397802	1
164	331	154	328	154	133	134	0.0789474	0	0.338462	2
165	438	137	437	137	133	135	0.0263158	0	0.301099	2
166	450	122	446	121	133	134	0.131579	0	0.268132	2
167	239	124	239	124	133	135	0	0	0.272527	1
168	152	104	151	105	134	137	0.0526316	0	0.228571	2
169	396	455	395	454	134	139	0.0526316	0	1	2
170	278	130	278	129	134	136	0.0263158	0	0.285714	1
171	313	89	314	89	134	135	0.0263158	0	0.195604	1
172	223	123	222	123	134	137	0.0263158	0	0.27033	2
173	288	41	286	41	134	135	0.0526316	0	0.0901099	2
174	296	173	296	171	135	143	0.105263	0	0.38022	1
175	332	118	334	116	135	136	0.157895	0	0.259341	1
176	152	119	150	120	135	142	0.0789474	0	0.261538	2
177	451	455	450	454	135	139	0.0526316	0	1	2
178	276	48	274	48	135	138	0.0526316	0	0.105495	2
179	349	105	348	105	135	136	0.0263158	0	0.230769	2
180	378	155	377	154	135	136	0.0526316	0	0.340659	2
181	452	146	445	145	135	136	0.210526	0	0.320879	2
182	347	160	347	160	135	136	0	0	0.351648	1
183	383	86	366	85	135	141	0.473684	0	0.189011	2
184	478	134	477	134	135	141	0.0263158	0	0.294505	2
185	234	163	233	162	135	136	0.0526316	0	0.358242	2
186	232	104	232	105	135	138	0.0263158	0	0.228571	1
187	296	151	294	145	135	138	1	0	0.331868	2
188	478	108	480	111	135	137	0.289474	0	0.237363	1
189	243	97	242	97	135	139	0.0263158	0	0.213187	2
190	708	30	708	30	135	146	0	0	0.0659341	1
191	355	115	354	114	135	136	0.0526316	0	0.252747	2
192	819	37	820	36	135	155	0.0526316	0	0.0813187	1
193	307	189	305	190	135	138	0.0789474	0	0.415385	2
194	389	126	390	125	135	136	0.0526316	0	0.276923	1
195	287	51	286	51	135	136	0.0263158	0	0.112088	2
196	578	69	579	68	135	155	0.0526316	0	0.151648	1
197	473	124	475	126	135	138	0.157895	0	0.272527	1
198	317	174	313	175	135	136	0.131579	0	0.382418	2
199	364	121	363	123	136	137	0.131579	0	0.265934	2
200	465	100	472	103	136	143	0.421053	0	0.21978	1
201	469	156	456	157	136	138	0.368421	0	0.342857	2
202	151	80	147	82	136	142	0.210526	0	0.175824	2
203	285	41	282	41	136	137	0.0789474	0	0.0901099	2
204	722	284	724	283	136	155	0.0789474	0	0.624176	1
205	319	144	313	144	136	139	0.157895	0	0.316484	2
206	275	140	277	142	136	146	0.157895	0	0.307692	1
207	241	125	241	125	136	137	0	0	0.274725	1
208	335	146	335	145	137	138	0.0263158	0	0.320879	1
209	393	126	393	126	137	138	0	0	0.276923	1
210	337	171	332	173	137	138	0.236842	0	0.375824	2
211	309	173	308	173	137	138	0.0263158	0	0.38022	2
212	440	151	436	152	137	138	0.131579	0	0.331868	2
213	233	164	233	168	137	140	0.421053	0	0.36044	1
214	311	122	312	122	137	138	0.0263158	0	0.268132	1
215	278	129	278	129	137	140	0	0	0.283516	1
216	446	166	446	166	138	139	0	0	0.364835	1
217	399	147	402	146	138	141	0.105263	0	0.323077	1
218	370	118	370	118	138	139	0	0	0.259341	1
219	303	132	301	132	138	139	0.0526316	0	0.29011	2
220	270	199	274	198	138	144	0.131579	0	0.437363	1
221	342	113	342	113	139	140	0	0	0.248352	1
222	392	130	392	129	139	140	0.0263158	0	0.285714	1
223	272	48	271	48	139	140	0.0263158	0	0.105495	2
224	307	188	306	188	139	140	0.0263158	0	0.413187	2
225	236	149	236	152	139	143	0.236842	0	0.327473	1
226	434	145	430	145	139	140	0.105263	0	0.318681	2
227	372	161	378	160	139	140	0.184211	0	0.353846	1
228	284	138	284	138	139	140	0	0	0.303297	1
229	241	128	241	129	139	140	0.0263158	0	0.281319	1
230	308	163	308	162	139	140	0.0263158	0	0.358242	1
231	359	111	358	112	139	140	0.0526316	0	0.243956	2
232	285	152	286	151	139	140	0.0526316	0	0.334066	1
233	319	90	320	90	139	140	0.0263158	0	0.197802	1
234	222	124	222	124	139	140	0	0	0.272527	1
235	345	151	347	149	140	141	0.157895	0	0.331868	1
236	339	126	341	125	140	141	0.0789474	0	0.276923	1
237	151	106	149	107	140	141	0.0789474	0	0.232967	2
238	233	104	231	106	140	145	0.157895	0	0.228571	2
239	297	158	297	157	140	143	0.0263158	0	0.347253	1
240	243	162	243	163	140	143	0.0263158	0	0.356044	1
241	278	182	284	182	141	145	0.157895	0	0.4	1
242	378	127	379	125	141	142	0.131579	0	0.279121	1
243	306	181	305	180	141	142	0.0526316	0	0.397802	2
244	337	146	339	145	141	142	0.0789474	0	0.320879	1
245	425	139	419	138	141	142	0.184211	0	0.305495	2
246	408	110	416	110	141	145	0.210526	0	0.241758	1
247	284	130	284	130	141	143	0	0	0.285714	1
248	306	191	305	189	141	144	0.131579	0	0.41978	2
249	405	134	406	134	141	142	0.0263158	0	0.294505	1
250	257	188	258	189	141	142	0.0526316	0	0.413187	1
251	310	146	308	146	141	142	0.0526316	0	0.320879	2
252	247	126	246	127	141	145	0.0526316	0	0.276923	2
253	554	25	556	24	141	155	0.0789474	0	0.0549451	1
254	528	24	528	24	141	149	0	0	0.0527473	1
255	717	24	717	24	141	149	0	0	0.0527473	1
256	64	249	67	247	141	155	0.184211	0	0.547253	1
257	234	170	232	173	142	146	0.289474	0	0.373626	2
258	361	87	357	87	142	143	0.105263	0	0.191209	2
259	293	142	293	141	142	143	0.0263158	0	0.312088	1
260	396	455	396	454	142	144	0.0263158	0	1	1
261	479	114	480	114	142	144	0.0263158	0	0.250549	1
262	427	162	417	163	142	143	0.289474	0	0.356044	2
263	149	107	147	107	142	143	0.0526316	0	0.235165	2
264	338	135	340	135	142	143	0.0526316	0	0.296703	1
265	417	156	410	153	142	143	0.421053	0	0.342857	2
266	379	122	379	121	143	145	0.0263158	0	0.268132	1
267	344	146	347	146	143	144	0.0789474	0	0.320879	1
268	150	117	150	117	143	145	0	0	0.257143	1
269	398	158	398	157	143	144	0.0263158	0	0.347253	1
270	322	111	321	110	143	144	0.0526316	0	0.243956	2
271	367	112	367	112	143	146	0	0	0.246154	1
272	315	185	315	184	143	145	0.0263158	0	0.406593	1
273	54	120	55	119	144	149	0.0526316	0	0.263736	1
274	474	104	475	107	144	147	0.263158	0	0.228571	1
275	357	111	357	111	144	145	0	0	0.243956	1
276	64	116	65	116	144	149	0.0263158	0	0.254945	1
277	355	89	352	89	144	145	0.0789474	0	0.195604	2
278	275	49	277	47	144	155	0.157895	0	0.107692	1
279	470	138	470	137	144	151	0.0263158	0	0.303297	1
280	412	136	408	136	144	145	0.105263	0	0.298901	2
281	239	115	237	118	144	147	0.289474	0	0.252747	2
282	438	136	438	135	144	151	0.0263158	0	0.298901	1
283	300	138	299	138	145	146	0.0263158	0	0.303297	2
284	348	130	350	129	145	146	0.0789474	0	0.285714	1
285	357	164	357	163	145	146	0.0263158	0	0.36044	1
286	305	189	306	190	145	146	0.0526316	0	0.415385	1
287	370	168	373	170	145	146	0.184211	0	0.369231	1
288	396	455	398	453	145	155	0.157895	0	1	1
289	310	130	310	129	145	146	0.0263158	0	0.285714	1
290	310	153	308	152	145	146	0.0789474	0	0.336264	2
291	255	31	252	30	145	146	0.105263	0	0.0681319	2
292	320	113	316	115	145	148	0.210526	0	0.248352	2
293	318	143	315	142	146	147	0.105263	0	0.314286	2
294	286	184	285	184	146	147	0.0263158	0	0.404396	2
295	350	91	348	90	146	147	0.0789474	0	0.2	2
296	244	128	243	128	146	148	0.0263158	0	0.281319	2
297	418	115	421	115	146	148	0.0789474	0	0.252747	1
298	403	146	393	147	146	148	0.289474	0	0.320879	2
299	156	106	155	104	146	147	0.131579	0	0.232967	2
300	245	179	241	179	146	147	0.105263	0	0.393407	2
301	273	200	274	204	146	151	0.447368	0	0.43956	1
302	150	122	149	121	146	147	0.0526316	0	0.268132	2
303	261	40	259	39	146	147	0.0789474	0	0.0879121	2
304	393	124	388	124	146	147	0.131579	0	0.272527	2
305	580	25	581	24	146	154	0.0526316	0	0.0549451	1
306	281	167	283	168	146	148	0.0789474	0	0.367033	1
307	352	101	351	100	146	147	0.0526316	0	0.221978	2
308	340	105	340	105	147	148	0	0	0.230769	1
309	309	190	308	189	147	149	0.0526316	0	0.417582	2
310	144	97	143	96	147	148	0.0526316	0	0.213187	2
311	393	157	390	156	147	148	0.105263	0	0.345055	2
312	450	455	453	454	147	155	0.105263	0	1	1
313	321	165	321	164	147	148	0.0263158	0	0.362637	1
314	313	142	310	144	148	150	0.184211	0	0.312088	2
315	307	179	306	179	148	149	0.0263158	0	0.393407	2
316	378	173	378	173	148	151	0	0	0.38022	1
317	285	185	286	186	148	149	0.0526316	0	0.406593	1
318	155	104	155	105	148	149	0.0263158	0	0.228571	1
319	475	107	477	107	148	152	0.0526316	0	0.235165	1
320	231	175	230	174	148	149	0.0526316	0	0.384615	2
321	295	156	297	155	148	149	0.0789474	0	0.342857	1
322	345	88	345	87	148	149	0.0263158	0	0.193407	1
323	328	115	327	116	148	149	0.0526316	0	0.252747	2
324	391	166	390	166	148	149	0.0263158	0	0.364835	2
325	707	26	707	26	148	149	0	0	0.0571429	1
326	323	133	321	133	148	149	0.0526316	0	0.292308	2
327	819	75	821	74	148	155	0.0789474	0	0.164835	1
328	328	143	327	144	149	150	0.0526316	0	0.314286	2
329	315	115	313	117	149	155	0.157895	0	0.252747	2
330	236	133	235	132	149	150	0.0526316	0	0.292308	2
331	357	131	357	131	149	150	0	0	0.287912	1
332	345	98	343	98	149	150	0.0526316	0	0.215385	2
333	304	179	302	179	150	151	0.0526316	0	0.393407	2
334	422	118	424	117	150	152	0.0789474	0	0.259341	1
335	65	117	70	116	150	155	0.157895	0	0.257143	1
336	407	157	414	155	150	152	0.289474	0	0.345055	1
337	384	148	379	147	150	151	0.157895	0	0.325275	2
338	298	158	299	158	150	151	0.0263158	0	0.347253	1
339	326	131	325	131	150	151	0.0263158	0	0.287912	2
340	288	187	288	187	150	151	0	0	0.410989	1
341	347	85	346	84	150	151	0.0526316	0	0.186813	2
342	55	118	56	117	150	152	0.0526316	0	0.259341	1
343	411	127	411	126	150	151	0.0263158	0	0.279121	1
344	238	167	236	169	150	153	0.157895	0	0.367033	2
345	308	190	307	189	150	151	0.0526316	0	0.417582	2
346	155	108	154	109	150	151	0.0526316	0	0.237363	2
347	310	130	309	130	150	152	0.0263158	0	0.285714	2
348	778	82	780	82	150	155	0.0526316	0	0.18022	1
349	247	126	248	125	150	153	0.0526316	0	0.276923	1
350	341	112	341	113	150	152	0.0263158	0	0.246154	1
351	709	26	710	25	150	155	0.0526316	0	0.0571429	1
352	325	118	324	118	150	151	0.0263158	0	0.259341	2
353	777	58	780	58	150	155	0.0789474	0	0.127473	1
354	369	120	369	119	150	151	0.0263158	0	0.263736	1
355	326	142	325	142	151	152	0.0263158	0	0.312088	2
356	310	145	310	144	151	152	0.0263158	0	0.318681	1
357	420	150	424	148	151	153	0.210526	0	0.32967	1
358	233	114	234	114	151	152	0.0263158	0	0.250549	1
359	375	131	372	130	151	152	0.105263	0	0.287912	2
360	236	133	236	137	151	155	0.421053	0	0.292308	1
361	472	117	474	119	151	155	0.157895	0	0.257143	1
362	491	113	494	115	151	154	0.184211	0	0.248352	1
363	290	188	290	188	152	153	0	0	0.413187	1
364	340	101	340	102	152	153	0.0263158	0	0.221978	1
365	233	156	232	161	152	155	0.684211	0	0.342857	2
366	282	160	283	160	152	153	0.0263158	0	0.351648	1
367	268	190	273	190	152	153	0.131579	0	0.417582	1
368	252	52	252	52	152	153	0	0	0.114286	1
369	279	128	278	129	152	155	0.0526316	0	0.281319	2
370	407	134	408	133	152	155	0.0526316	0	0.294505	1
371	408	165	413	164	152	153	0.157895	0	0.362637	1
372	354	123	355	123	153	154	0.0263158	0	0.27033	1
373	426	117	429	114	153	155	0.315789	0	0.257143	1
374	326	144	325	145	153	154	0.0526316	0	0.316484	2
375	378	176	378	175	153	154	0.0263158	0	0.386813	1
376	316	140	315	141	153	154	0.0526316	0	0.307692	2
377	493	151	492	154	153	155	0.263158	0	0.331868	2
378	477	107	479	108	153	155	0.0789474	0	0.235165	1
379	304	189	301	190	153	154	0.105263	0	0.415385	2
380	235	118	235	119	153	154	0.0263158	0	0.259341	1
381	388	176	386	175	153	154	0.0789474	0	0.386813	2
382	471	137	472	136	153	155	0.0526316	0	0.301099	1
383	334	160	340	159	153	154	0.184211	0	0.351648	1
384	339	148	339	147	153	154	0.0263158	0	0.325275	1
385	370	165	370	168	153	154	0.236842	0	0.362637	1
386	291	189	293	188	154	155	0.0789474	0	0.415385	1
387	285	161	287	160	154	155	0.0789474	0	0.353846	1
388	375	140	375	140	154	155	0	0	0.307692	1
389	427	147	429	146	154	155	0.0789474	0	0.323077	1
390	232	176	232	177	154	155	0.0263158	0	0.386813	1
391	377	122	377	122	154	155	0	0	0.268132	1
392	368	59	371	58	154	155	0.105263	0	0.12967	1
393	343	116	344	116	154	155	0.0263158	0	0.254945	1
394	155	93	155	92	154	155	0.0263158	0	0.204396	1
395	24	407	25	406	154	155	0.0526316	0	0.894505	1
396	488	136	489	137	154	155	0.0526316	0	0.298901	1