
0	541	199	538	198	102	103	0.00596125	0	0.437363	2
1	539	451	524	453	102	112	0.0283159	0	0.991209	2
2	573	274	570	274	102	103	0.00447094	0	0.602198	2
3	709	383	708	382	102	103	0.00298063	0	0.841758	2
4	430	209	429	206	102	103	0.0149031	0	0.459341	2
5	313	291	314	290	102	103	0.00298063	0	0.63956	1
6	377	176	374	173	102	104	0.0178838	0	0.386813	2
7	550	452	535	454	102	112	0.0283159	0	0.993407	2
8	374	215	374	212	102	103	0.0134128	0	0.472527	1
9	382	252	383	251	102	103	0.00298063	0	0.553846	1
10	551	193	542	195	102	106	0.0193741	0	0.424176	2
11	183	222	182	224	102	104	0.00745156	0	0.487912	2
12	434	222	433	219	102	103	0.0149031	0	0.487912	2
13	624	365	621	368	102	105	0.0178838	0	0.802198	2
14	624	104	516	113	102	140	0.281669	0	0.228571	2
15	51	130	24	125	102	110	0.0774963	0	0.285714	2
16	209	98	206	101	103	104	0.0178838	0	0.215385	2
17	555	286	552	288	103	104	0.0104322	0	0.628571	2
18	396	238	395	237	103	104	0.00298063	0	0.523077	2
19	626	376	624	377	103	104	0.00447094	0	0.826374	2
20	295	132	291	132	103	104	0.00596125	0	0.29011	2
21	527	185	524	186	103	104	0.00596125	0	0.406593	2
22	607	379	606	380	103	104	0.00298063	0	0.832967	2
23	379	187	373	185	103	106	0.0149031	0	0.410989	2
24	411	219	409	220	103	104	0.00447094	0	0.481319	2
25	364	168	360	168	103	105	0.00596125	0	0.369231	2
26	601	360	599	361	103	104	0.00447094	0	0.791209	2
27	309	223	306	225	103	105	0.0104322	0	0.49011	2
28	565	285	561	287	103	104	0.0119225	0	0.626374	2
29	537	200	534	201	104	105	0.00596125	0	0.43956	2
30	567	276	557	277	104	106	0.0163934	0	0.606593	2
31	311	248	310	251	104	106	0.0149031	0	0.545055	2
32	379	263	368	261	104	109	0.0223547	0	0.578022	2
33	630	413	618	414	104	112	0.0193741	0	0.907692	2
34	399	220	398	220	104	105	0.00149031	0	0.483516	2
35	329	189	320	181	104	112	0.108793	0	0.415385	2
36	607	411	604	412	104	106	0.00596125	0	0.903297	2
37	607	401	591	398	104	109	0.0372578	0	0.881319	2
38	319	311	317	312	104	105	0.00447094	0	0.683516	2
39	386	252	385	254	104	106	0.00745156	0	0.553846	2
40	626	150	618	151	104	107	0.0134128	0	0.32967	2
41	82	54	30	71	104	119	0.508197	0	0.118681	2
42	377	207	375	206	104	105	0.00447094	0	0.454945	2
43	327	201	326	202	104	105	0.00298063	0	0.441758	2
44	396	237	395	236	105	106	0.00298063	0	0.520879	2
45	317	293	317	293	105	106	0	0	0.643956	1
46	426	204	424	203	105	106	0.00447094	0	0.448352	2
47	389	204	387	202	105	106	0.00894188	0	0.448352	2
48	361	207	354	205	105	108	0.0163934	0	0.454945	2
49	376	235	376	236	105	106	0.00149031	0	0.516484	1
50	523	187	520	187	105	106	0.00447094	0	0.410989	2
51	605	384	603	386	105	106	0.00894188	0	0.843956	2
52	704	348	689	351	105	109	0.0357675	0	0.764835	2
53	624	378	621	378	105	106	0.00447094	0	0.830769	2
54	367	259	365	259	105	106	0.00298063	0	0.569231	2
55	309	194	297	194	105	113	0.0178838	0	0.426374	2
56	441	237	439	236	105	106	0.00447094	0	0.520879	2
57	506	176	500	172	105	109	0.0327869	0	0.386813	2
58	619	358	580	362	105	113	0.0819672	0	0.786813	2
59	372	174	361	170	105	108	0.0402385	0	0.382418	2
60	319	260	317	261	105	106	0.00447094	0	0.571429	2
61	204	106	195	107	105	107	0.0149031	0	0.232967	2
62	133	101	83	116	105	119	0.409836	0	0.221978	2
63	40	62	28	62	105	112	0.0178838	0	0.136264	2
64	38	159	27	156	105	108	0.0298063	0	0.349451	2
65	312	270	306	269	105	108	0.0104322	0	0.593407	2
66	600	454	589	454	105	112	0.0163934	0	0.997802	2
67	616	388	607	388	105	108	0.0134128	0	0.852747	2
68	371	208	364	204	106	108	0.0342772	0	0.457143	2
69	326	203	319	200	106	108	0.023845	0	0.446154	2
70	527	218	518	214	106	109	0.0372578	0	0.479121	2
71	274	173	267	171	106	108	0.0163934	0	0.38022	2
72	705	360	700	361	106	107	0.00894188	0	0.791209	2
73	201	240	198	239	106	107	0.00596125	0	0.527473	2
74	374	195	370	192	106	107	0.0193741	0	0.428571	2
75	317	315	313	314	106	107	0.00745156	0	0.692308	2
76	207	138	195	135	106	110	0.0312966	0	0.303297	2
77	607	450	591	452	106	113	0.0298063	0	0.989011	2
78	732	403	710	409	106	109	0.0864382	0	0.885714	2
79	322	248	318	247	106	107	0.00745156	0	0.545055	2
80	394	234	393	231	107	108	0.0149031	0	0.514286	2
81	420	202	417	199	107	111	0.0178838	0	0.443956	2
82	414	212	410	210	107	108	0.0119225	0	0.465934	2
83	383	201	378	198	107	108	0.0208644	0	0.441758	2
84	308	252	309	254	107	111	0.00745156	0	0.553846	1
85	374	237	372	235	107	108	0.00894188	0	0.520879	2
86	187	233	186	230	107	110	0.0149031	0	0.512088	2
87	377	252	374	250	107	108	0.0104322	0	0.553846	2
88	317	292	317	294	107	112	0.00596125	0	0.641758	1
89	536	195	528	192	107	109	0.0253353	0	0.428571	2
90	600	386	597	385	107	109	0.00596125	0	0.848352	2
91	715	377	709	374	107	109	0.0223547	0	0.828571	2
92	392	221	390	218	107	108	0.0163934	0	0.485714	2
93	342	239	342	237	107	108	0.00596125	0	0.525275	1
94	717	395	710	394	107	108	0.0119225	0	0.868132	2
95	436	214	431	211	107	109	0.0208644	0	0.47033	2
96	353	168	349	165	107	108	0.0193741	0	0.369231	2
97	116	101	72	116	107	119	0.400894	0	0.221978	2
98	610	123	606	124	108	112	0.00745156	0	0.27033	2
99	711	365	709	365	108	110	0.00298063	0	0.802198	2
100	194	238	197	240	108	110	0.0104322	0	0.523077	1
101	433	231	432	229	108	109	0.00745156	0	0.507692	2
102	402	220	402	218	108	109	0.00596125	0	0.483516	1
103	316	245	316	246	108	111	0.00149031	0	0.538462	1
104	366	182	364	180	108	110	0.00894188	0	0.4	2
105	311	210	311	209	108	109	0.00149031	0	0.461538	1
106	134	171	129	173	108	111	0.0134128	0	0.375824	2
107	128	195	127	196	108	111	0.00298063	0	0.428571	2
108	260	181	259	180	108	109	0.00298063	0	0.397802	2
109	224	171	223	169	108	109	0.00745156	0	0.375824	2
110	299	226	299	229	108	111	0.0134128	0	0.496703	1
111	308	279	311	285	108	111	0.0581222	0	0.613187	1
112	250	193	206	211	108	119	0.548435	0	0.424176	2
113	698	391	697	392	109	110	0.00298063	0	0.859341	2
114	363	203	363	203	109	110	0	0	0.446154	1
115	321	201	321	202	109	110	0.00149031	0	0.441758	1
116	396	231	399	231	109	110	0.00447094	0	0.507692	1
117	553	297	553	297	109	110	0	0	0.652747	1
118	391	218	392	223	109	113	0.0387481	0	0.479121	1
119	518	195	517	194	109	110	0.00298063	0	0.428571	2
120	358	169	357	170	109	111	0.00298063	0	0.371429	2
121	713	399	706	405	109	111	0.0640835	0	0.876923	2
122	309	269	295	287	109	115	0.503726	0	0.591209	2
123	607	391	602	394	109	112	0.0208644	0	0.859341	2
124	312	191	299	198	109	116	0.0923994	0	0.41978	2
125	320	307	287	325	109	119	0.532042	0	0.674725	2
126	590	401	575	416	110	114	0.357675	0	0.881319	2
127	607	373	599	372	110	112	0.0134128	0	0.81978	2
128	369	262	369	263	110	111	0.00149031	0	0.575824	1
129	523	263	519	264	110	111	0.00745156	0	0.578022	2
130	434	231	429	234	110	113	0.0208644	0	0.507692	2
131	441	249	434	252	110	113	0.023845	0	0.547253	2
132	690	357	685	362	110	112	0.0447094	0	0.784615	2
133	706	411	678	424	110	117	0.293592	0	0.903297	2
134	409	242	408	244	110	112	0.00745156	0	0.531868	2
135	380	193	372	197	110	113	0.0357675	0	0.424176	2
136	141	193	137	194	110	111	0.00745156	0	0.424176	2
137	605	149	603	149	110	111	0.00298063	0	0.327473	2
138	183	105	175	107	110	112	0.0178838	0	0.230769	2
139	309	308	301	312	110	113	0.0357675	0	0.676923	2
140	403	216	404	217	110	111	0.00298063	0	0.474725	1
141	430	241	430	242	110	111	0.00149031	0	0.52967	1
142	527	193	524	194	110	111	0.00596125	0	0.424176	2
143	341	157	339	159	110	112	0.00894188	0	0.345055	2
144	285	160	280	163	110	113	0.0208644	0	0.351648	2
145	283	174	269	180	110	114	0.0745156	0	0.382418	2
146	365	206	365	207	111	112	0.00149031	0	0.452747	1
147	696	396	694	399	111	112	0.0163934	0	0.87033	2
148	182	231	176	235	111	113	0.0327869	0	0.507692	2
149	320	256	318	257	111	112	0.00447094	0	0.562637	2
150	322	203	321	204	111	112	0.00298063	0	0.446154	2
151	193	231	176	240	111	117	0.146051	0	0.507692	2
152	582	392	580	393	111	112	0.00447094	0	0.861538	2
153	534	200	504	208	111	115	0.140089	0	0.43956	2
154	598	413	558	432	111	119	0.597615	0	0.907692	2
155	402	232	403	233	111	112	0.00298063	0	0.50989	1
156	585	375	581	375	111	112	0.00596125	0	0.824176	2
157	261	180	259	181	111	112	0.00447094	0	0.395604	2
158	586	419	532	440	111	121	0.737705	0	0.920879	2
159	520	290	495	298	111	114	0.132638	0	0.637363	2
160	313	217	312	218	111	112	0.00298063	0	0.476923	2
161	362	245	351	252	112	114	0.0894188	0	0.538462	2
162	406	218	403	219	112	113	0.00596125	0	0.479121	2
163	299	231	282	237	112	115	0.0789866	0	0.507692	2
164	702	378	693	385	112	113	0.0864382	0	0.830769	2
165	388	230	378	240	112	115	0.163934	0	0.505495	2
166	359	171	340	178	112	115	0.101341	0	0.375824	2
167	689	373	680	377	112	113	0.0372578	0	0.81978	2
168	316	247	303	251	112	114	0.0432191	0	0.542857	2
169	249	177	236	182	112	114	0.0566319	0	0.389011	2
170	193	138	187	140	112	113	0.0149031	0	0.303297	2
171	50	160	25	170	112	117	0.186289	0	0.351648	2
172	35	367	28	369	112	113	0.0163934	0	0.806593	2
173	824	405	753	408	113	140	0.119225	0	0.89011	2
174	314	297	277	312	113	119	0.390462	0	0.652747	2
175	574	379	560	387	113	115	0.116244	0	0.832967	2
176	362	209	356	211	113	114	0.0149031	0	0.459341	2
177	689	404	682	407	113	114	0.023845	0	0.887912	2
178	600	127	529	140	113	125	0.357675	0	0.279121	2
179	678	367	662	375	113	115	0.119225	0	0.806593	2
180	314	262	306	265	113	114	0.0253353	0	0.575824	2
181	570	405	556	414	113	116	0.14158	0	0.89011	2
182	412	203	405	205	113	114	0.0163934	0	0.446154	2
183	372	215	367	217	113	114	0.0134128	0	0.472527	2
184	424	244	415	247	113	115	0.0268256	0	0.536264	2
185	314	182	290	190	113	119	0.131148	0	0.4	2
186	364	263	360	264	113	114	0.00745156	0	0.578022	2
187	589	374	577	374	113	114	0.0178838	0	0.821978	2
188	354	184	337	190	113	116	0.0789866	0	0.404396	2
189	599	137	585	141	113	115	0.0447094	0	0.301099	2
190	168	110	148	115	113	115	0.0670641	0	0.241758	2
191	115	153	78	165	113	118	0.269747	0	0.336264	2
192	254	184	246	187	113	114	0.0253353	0	0.404396	2
193	391	267	379	275	113	116	0.113264	0	0.586813	2
194	310	222	300	225	113	115	0.0283159	0	0.487912	2
195	245	141	233	144	113	114	0.0312966	0	0.30989	2
196	568	369	470	389	113	124	0.742176	0	0.810989	2
197	518	312	509	315	113	114	0.0268256	0	0.685714	2
198	539	299	512	300	113	115	0.0417288	0	0.657143	2
199	301	268	206	292	113	130	1	0	0.589011	2
200	222	351	150	360	113	140	0.228018	0	0.771429	2
201	245	31	170	40	113	140	0.232489	0	0.0681319	2
202	292	342	220	351	113	140	0.228018	0	0.751648	2
203	79	52	45	65	113	119	0.302534	0	0.114286	2
204	66	364	26	380	113	120	0.441133	0	0.8	2
205	668	406	651	412	114	117	0.0789866	0	0.892308	2
206	268	24	202	30	114	140	0.152012	0	0.0527473	2
207	397	240	394	244	114	116	0.0283159	0	0.527473	2
208	397	223	395	225	114	115	0.00894188	0	0.49011	2
209	362	234	358	235	114	115	0.00745156	0	0.514286	2
210	244	237	218	246	114	119	0.159463	0	0.520879	2
211	169	240	130	258	114	122	0.540984	0	0.527473	2
212	297	297	287	300	114	116	0.0283159	0	0.652747	2
213	488	273	465	279	114	117	0.0879285	0	0.6	2
214	499	320	473	328	114	119	0.134128	0	0.703297	2
215	501	217	494	218	114	115	0.0119225	0	0.476923	2
216	275	167	248	175	114	121	0.135618	0	0.367033	2
217	505	178	488	184	114	119	0.0789866	0	0.391209	2
218	189	254	185	259	114	116	0.0432191	0	0.558242	2
219	364	200	361	202	114	116	0.0104322	0	0.43956	2
220	140	360	76	367	114	140	0.168405	0	0.791209	2
221	485	188	472	192	114	117	0.0432191	0	0.413187	2
222	595	412	574	411	114	116	0.0327869	0	0.905495	2
223	240	345	176	351	114	140	0.149031	0	0.758242	2
224	53	157	27	167	114	119	0.187779	0	0.345055	2
225	675	384	666	388	114	115	0.0372578	0	0.843956	2
226	194	215	186	220	114	117	0.0491803	0	0.472527	2
227	295	42	292	43	115	116	0.00596125	0	0.0923077	2
228	569	421	541	429	115	120	0.137109	0	0.925275	2
229	346	255	344	256	115	116	0.00447094	0	0.56044	2
230	402	205	397	206	115	117	0.00894188	0	0.450549	2
231	355	214	354	215	115	116	0.00298063	0	0.47033	2
232	304	211	301	211	115	116	0.00447094	0	0.463736	2
233	303	262	300	263	115	116	0.00596125	0	0.575824	2
234	426	256	395	266	115	121	0.195231	0	0.562637	2
235	490	193	486	194	115	116	0.00745156	0	0.424176	2
236	404	235	402	235	115	116	0.00298063	0	0.516484	2
237	224	148	209	150	115	117	0.0283159	0	0.325275	2
238	284	316	278	317	115	116	0.0104322	0	0.694505	2
239	505	319	482	325	115	119	0.0879285	0	0.701099	2
240	321	166	250	172	115	132	0.159463	0	0.364835	2
241	827	420	770	418	116	140	0.0909091	0	0.923077	2
242	582	143	562	147	116	119	0.0536513	0	0.314286	2
243	556	391	548	394	116	117	0.0253353	0	0.859341	2
244	142	116	134	116	116	117	0.0119225	0	0.254945	2
245	418	241	402	247	116	119	0.0774963	0	0.52967	2
246	263	210	264	210	116	117	0.00149031	0	0.461538	1
247	584	416	571	416	116	117	0.0193741	0	0.914286	2
248	543	366	535	369	116	117	0.0253353	0	0.804396	2
249	168	24	111	27	116	140	0.0983607	0	0.0527473	2
250	211	247	191	251	116	119	0.0536513	0	0.542857	2
251	413	251	395	257	116	119	0.0804769	0	0.551648	2
252	489	306	484	308	116	117	0.0134128	0	0.672527	2
253	662	391	655	393	116	117	0.0163934	0	0.859341	2
254	669	401	663	403	116	117	0.0149031	0	0.881319	2
255	274	24	215	27	116	140	0.101341	0	0.0527473	2
256	284	24	225	27	116	140	0.101341	0	0.0527473	2
257	354	244	350	245	117	118	0.00745156	0	0.536264	2
258	343	256	339	257	117	118	0.00745156	0	0.562637	2
259	565	396	556	395	117	118	0.0149031	0	0.87033	2
260	481	287	430	296	117	121	0.196721	0	0.630769	2
261	231	24	174	26	117	140	0.0909091	0	0.0527473	2
262	294	257	283	259	117	119	0.0223547	0	0.564835	2
263	470	307	456	306	117	118	0.0223547	0	0.674725	2
264	393	245	388	247	117	118	0.0134128	0	0.538462	2
265	483	196	475	199	117	118	0.0253353	0	0.430769	2
266	333	192	325	193	117	118	0.0134128	0	0.421978	2
267	292	284	274	287	117	119	0.0402385	0	0.624176	2
268	294	227	288	228	117	118	0.0104322	0	0.498901	2
269	283	47	251	52	118	122	0.0849478	0	0.103297	2
270	388	270	384	271	118	119	0.00745156	0	0.593407	2
271	390	210	382	212	118	119	0.0178838	0	0.461538	2
272	457	281	394	286	118	123	0.131148	0	0.617582	2
273	644	386	633	389	118	119	0.0298063	0	0.848352	2
274	125	119	90	125	118	121	0.105812	0	0.261538	2
275	302	215	294	217	118	119	0.0178838	0	0.472527	2
276	190	161	179	163	118	119	0.0223547	0	0.353846	2
277	169	243	141	249	118	131	0.09538	0	0.534066	2
278	649	430	642	433	118	119	0.023845	0	0.945055	2
279	319	182	310	184	118	119	0.0193741	0	0.4	2
280	357	206	344	211	118	120	0.0566319	0	0.452747	2
281	827	424	781	419	118	140	0.105812	0	0.931868	2
282	294	205	284	207	118	120	0.0208644	0	0.450549	2
283	351	24	300	26	118	139	0.0819672	0	0.0527473	2
284	533	415	518	415	118	119	0.0223547	0	0.912088	2
285	525	372	365	387	118	140	0.57377	0	0.817582	2
286	222	195	196	200	118	121	0.076006	0	0.428571	2
287	335	26	285	25	118	140	0.076006	0	0.0571429	2
288	563	161	515	159	118	140	0.0774963	0	0.353846	2
289	350	218	344	220	118	119	0.0149031	0	0.479121	2
290	546	395	520	396	119	121	0.0402385	0	0.868132	2
291	384	250	380	252	119	120	0.0119225	0	0.549451	2
292	319	197	310	198	119	120	0.0149031	0	0.432967	2
293	355	282	344	282	119	121	0.0163934	0	0.61978	2
294	465	311	452	311	119	120	0.0193741	0	0.683516	2
295	281	228	275	229	119	120	0.0104322	0	0.501099	2
296	357	26	315	25	119	139	0.0640835	0	0.0571429	2
297	206	24	162	27	119	134	0.0789866	0	0.0527473	2
298	465	205	448	211	119	121	0.0789866	0	0.450549	2
299	375	24	333	24	119	138	0.0625931	0	0.0527473	2
300	824	421	792	413	120	140	0.14307	0	0.925275	2
301	555	150	526	152	120	126	0.0491803	0	0.32967	2
302	517	426	502	429	120	121	0.0357675	0	0.936264	2
303	623	394	603	398	120	122	0.0536513	0	0.865934	2
304	374	282	370	284	120	121	0.0119225	0	0.61978	2
305	266	279	257	279	120	121	0.0134128	0	0.613187	2
306	397	250	390	249	120	121	0.0119225	0	0.549451	2
307	507	416	482	418	120	122	0.0432191	0	0.914286	2
308	276	260	269	259	120	121	0.0119225	0	0.571429	2
309	176	278	161	279	120	122	0.023845	0	0.610989	2
310	376	214	361	214	120	122	0.0223547	0	0.47033	2
311	398	230	380	230	120	123	0.0268256	0	0.505495	2
312	287	219	280	219	120	121	0.0104322	0	0.481319	2
313	635	436	628	435	120	121	0.0119225	0	0.958242	2
314	237	330	208	332	120	126	0.0491803	0	0.725275	2
315	256	224	237	225	120	123	0.0298063	0	0.492308	2
316	364	258	359	258	120	121	0.00745156	0	0.567033	2
317	308	185	291	185	120	122	0.0253353	0	0.406593	2
318	337	258	334	260	120	121	0.0104322	0	0.567033	2
319	384	275	379	277	120	121	0.0134128	0	0.604396	2
320	205	229	186	229	120	122	0.0283159	0	0.503297	2
321	281	326	250	330	120	123	0.0700447	0	0.716484	2
322	267	315	228	315	120	126	0.0581222	0	0.692308	2
323	480	191	466	194	120	125	0.0342772	0	0.41978	2
324	45	195	34	193	120	121	0.0223547	0	0.428571	2
325	173	160	160	161	120	121	0.0208644	0	0.351648	2
326	386	217	361	222	120	126	0.0745156	0	0.476923	2
327	270	346	239	340	120	140	0.099851	0	0.76044	2
328	321	204	304	203	120	122	0.0268256	0	0.448352	2
329	813	55	778	48	120	140	0.125186	0	0.120879	2
330	218	361	185	355	120	140	0.102832	0	0.793407	2
331	448	219	438	220	120	121	0.0163934	0	0.481319	2
332	62	220	54	220	120	121	0.0119225	0	0.483516	2
333	285	191	273	190	120	122	0.0193741	0	0.41978	2
334	246	185	235	185	120	122	0.0163934	0	0.406593	2
335	148	265	138	266	121	123	0.0163934	0	0.582418	2
336	532	428	508	422	121	123	0.0894188	0	0.940659	2
337	381	231	373	232	121	122	0.0134128	0	0.507692	2
338	300	199	290	198	121	122	0.0163934	0	0.437363	2
339	631	406	611	405	121	124	0.0312966	0	0.892308	2
340	336	250	318	255	121	130	0.0640835	0	0.549451	2
341	826	428	802	420	121	140	0.131148	0	0.940659	2
342	255	235	248	233	121	122	0.0163934	0	0.516484	2
343	624	445	617	445	121	122	0.0104322	0	0.978022	2
344	500	439	477	447	121	127	0.129657	0	0.964835	2
345	317	260	311	261	121	122	0.0104322	0	0.571429	2
346	333	207	325	213	121	125	0.0655738	0	0.454945	2
347	825	407	809	399	122	140	0.119225	0	0.894505	2
348	608	430	590	440	122	126	0.175857	0	0.945055	2
349	248	280	200	286	122	139	0.125186	0	0.615385	2
350	365	286	362	286	122	123	0.00447094	0	0.628571	2
351	372	252	372	252	122	123	0	0	0.553846	1
352	263	260	259	261	122	123	0.00745156	0	0.571429	2
353	610	415	603	415	122	123	0.0104322	0	0.912088	2
354	65	119	58	119	122	124	0.0104322	0	0.261538	2
355	502	436	497	440	122	124	0.0312966	0	0.958242	2
356	262	224	259	225	122	123	0.00596125	0	0.492308	2
357	329	264	324	266	122	125	0.0134128	0	0.58022	2
358	436	214	431	215	122	123	0.00894188	0	0.47033	2
359	273	220	268	221	122	125	0.00894188	0	0.483516	2
360	371	242	371	242	122	123	0	0	0.531868	1
361	187	201	171	203	122	127	0.0298063	0	0.441758	2
362	263	204	260	203	122	125	0.00596125	0	0.448352	2
363	390	266	392	264	122	124	0.00894188	0	0.584615	1
364	247	53	234	46	123	140	0.0923994	0	0.116484	2
365	617	437	613	436	123	124	0.00745156	0	0.96044	2
366	229	308	227	308	123	124	0.00298063	0	0.676923	2
367	286	198	283	197	123	125	0.00596125	0	0.435165	2
368	518	430	508	426	123	124	0.0387481	0	0.945055	2
369	593	398	576	403	123	126	0.0625931	0	0.874725	2
370	485	401	480	401	123	124	0.00745156	0	0.881319	2
371	357	215	355	215	123	124	0.00298063	0	0.472527	2
372	157	278	156	278	123	124	0.00149031	0	0.610989	2
373	260	276	255	277	123	126	0.00894188	0	0.606593	2
374	826	430	812	422	123	140	0.116244	0	0.945055	2
375	488	433	485	436	123	125	0.0178838	0	0.951648	2
376	242	235	243	233	123	124	0.00745156	0	0.516484	1
377	433	237	423	239	123	128	0.0208644	0	0.520879	2
378	128	262	131	273	123	133	0.184799	0	0.575824	1
379	361	251	363	250	123	124	0.00447094	0	0.551648	1
380	159	253	155	253	123	125	0.00596125	0	0.556044	2
381	182	230	172	231	123	127	0.0163934	0	0.505495	2
382	238	193	241	190	123	125	0.0178838	0	0.424176	1
383	140	195	133	196	123	125	0.0119225	0	0.428571	2
384	405	244	401	244	123	125	0.00596125	0	0.536264	2
385	362	288	360	288	124	125	0.00298063	0	0.632967	2
386	138	267	133	272	124	128	0.0447094	0	0.586813	2
387	388	289	381	291	124	125	0.0163934	0	0.635165	2
388	300	231	298	231	124	125	0.00298063	0	0.507692	2
389	428	217	424	219	124	126	0.0119225	0	0.476923	2
390	380	253	382	252	124	125	0.00447094	0	0.556044	1
391	258	226	254	228	124	126	0.0119225	0	0.496703	2
392	294	213	287	213	124	127	0.0104322	0	0.468132	2
393	126	216	122	217	124	126	0.00745156	0	0.474725	2
394	465	227	457	228	124	127	0.0134128	0	0.498901	2
395	410	332	407	332	124	125	0.00447094	0	0.72967	2
396	188	250	170	253	124	131	0.0402385	0	0.549451	2
397	392	310	382	309	125	126	0.0163934	0	0.681319	2
398	232	24	220	24	125	133	0.0178838	0	0.0527473	2
399	495	443	488	443	125	127	0.0104322	0	0.973626	2
400	223	311	220	314	125	126	0.0178838	0	0.683516	2
401	156	280	149	282	125	128	0.0163934	0	0.615385	2
402	269	189	262	189	125	127	0.0104322	0	0.415385	2
403	472	429	458	428	125	126	0.0223547	0	0.942857	2
404	265	266	261	268	125	127	0.0119225	0	0.584615	2
405	226	298	208	302	125	129	0.0506706	0	0.654945	2
406	358	258	358	257	126	127	0.00149031	0	0.567033	1
407	295	231	291	231	126	127	0.00596125	0	0.507692	2
408	526	142	520	142	126	128	0.00894188	0	0.312088	2
409	382	256	391	256	126	130	0.0134128	0	0.562637	1
410	62	125	54	117	126	140	0.107303	0	0.274725	2
411	328	269	324	269	126	127	0.00596125	0	0.591209	2
412	117	161	108	161	126	127	0.0134128	0	0.353846	2
413	459	395	451	397	126	127	0.0178838	0	0.868132	2
414	140	175	130	174	126	129	0.0163934	0	0.384615	2
415	127	194	122	194	126	127	0.00745156	0	0.426374	2
416	285	227	281	226	126	127	0.00745156	0	0.498901	2
417	259	238	254	241	126	128	0.0208644	0	0.523077	2
418	369	318	347	324	126	129	0.0864382	0	0.698901	2
419	179	240	166	240	126	134	0.0193741	0	0.527473	2
420	574	408	568	410	127	128	0.0149031	0	0.896703	2
421	48	126	46	126	127	128	0.00298063	0	0.276923	2
422	446	426	428	434	127	131	0.122206	0	0.936264	2
423	462	403	456	403	127	128	0.00894188	0	0.885714	2
424	380	320	370	322	127	128	0.0208644	0	0.703297	2
425	523	152	519	152	127	129	0.00596125	0	0.334066	2
426	423	219	423	218	127	130	0.00149031	0	0.481319	1
427	352	221	349	221	127	128	0.00447094	0	0.485714	2
428	222	320	218	320	127	128	0.00596125	0	0.703297	2
429	242	188	243	187	127	128	0.00298063	0	0.413187	1
430	462	184	460	184	127	130	0.00298063	0	0.404396	2
431	222	337	217	337	127	131	0.00745156	0	0.740659	2
432	249	229	248	229	127	128	0.00149031	0	0.503297	2
433	167	214	160	214	127	132	0.0104322	0	0.47033	2
434	372	237	369	236	127	128	0.00596125	0	0.520879	2
435	281	237	280	236	127	128	0.00298063	0	0.520879	2
436	572	448	549	453	128	132	0.071535	0	0.984615	2
437	450	435	442	440	128	129	0.0491803	0	0.956044	2
438	574	429	561	432	128	130	0.0327869	0	0.942857	2
439	477	437	470	435	128	129	0.0163934	0	0.96044	2
440	226	227	224	226	128	129	0.00447094	0	0.498901	2
441	288	214	288	214	128	130	0	0	0.47033	1
442	116	215	108	203	128	136	0.226528	0	0.472527	2
443	351	343	346	345	128	129	0.0134128	0	0.753846	2
444	276	208	274	207	128	130	0.00447094	0	0.457143	2
445	256	188	255	188	128	129	0.00149031	0	0.413187	2
446	385	239	414	237	128	136	0.0491803	0	0.525275	1
447	170	204	165	203	128	134	0.00894188	0	0.448352	2
448	351	293	343	294	128	129	0.0134128	0	0.643956	2
449	264	236	263	237	128	129	0.00298063	0	0.518681	2
450	251	278	249	275	129	134	0.0163934	0	0.610989	2
451	134	273	135	274	129	131	0.00298063	0	0.6	1
452	584	451	580	450	129	130	0.00745156	0	0.991209	2
453	250	232	249	232	129	130	0.00149031	0	0.50989	2
454	520	142	517	139	129	133	0.0178838	0	0.312088	2
455	563	412	540	416	129	133	0.0581222	0	0.905495	2
456	36	128	34	128	129	130	0.00298063	0	0.281319	2
457	209	316	202	316	129	130	0.0104322	0	0.694505	2
458	423	239	422	238	129	132	0.00298063	0	0.525275	2
459	356	344	351	340	129	134	0.0312966	0	0.756044	2
460	367	237	362	236	129	131	0.00894188	0	0.520879	2
461	274	186	271	186	129	130	0.00447094	0	0.408791	2
462	404	226	403	226	129	130	0.00149031	0	0.496703	2
463	167	230	165	230	129	131	0.00298063	0	0.505495	2
464	153	251	154	251	129	130	0.00149031	0	0.551648	1
465	328	225	326	224	129	130	0.00447094	0	0.494505	2
466	595	455	591	453	129	130	0.0119225	0	1	2
467	438	443	437	445	130	132	0.00745156	0	0.973626	2
468	339	298	318	297	130	133	0.0327869	0	0.654945	2
469	188	337	187	334	130	133	0.0149031	0	0.740659	2
470	569	442	560	445	130	132	0.0268256	0	0.971429	2
471	460	434	448	431	130	131	0.0312966	0	0.953846	2
472	342	222	339	221	130	131	0.00596125	0	0.487912	2
473	256	190	256	189	130	131	0.00149031	0	0.417582	1
474	262	267	261	265	130	134	0.00745156	0	0.586813	2
475	518	152	521	143	130	139	0.125186	0	0.334066	1
476	261	243	261	242	130	131	0.00149031	0	0.534066	1
477	205	303	202	302	130	131	0.00596125	0	0.665934	2
478	360	263	360	262	130	131	0.00149031	0	0.578022	1
479	470	434	447	428	130	132	0.0879285	0	0.953846	2
480	344	348	343	345	130	133	0.0149031	0	0.764835	2
481	118	174	113	167	130	134	0.0804769	0	0.382418	2
482	577	449	570	451	131	132	0.0163934	0	0.986813	2
483	343	308	336	309	131	132	0.0119225	0	0.676923	2
484	43	127	44	117	131	140	0.150522	0	0.279121	1
485	250	233	250	231	131	132	0.00596125	0	0.512088	1
486	424	217	428	212	131	135	0.0432191	0	0.476923	1
487	461	440	448	437	131	132	0.0327869	0	0.967033	2
488	393	257	400	255	131	133	0.0163934	0	0.564835	1
489	462	184	463	182	131	132	0.00745156	0	0.404396	1
490	555	437	551	438	131	132	0.00745156	0	0.96044	2
491	30	129	31	119	131	140	0.150522	0	0.283516	1
492	116	189	113	183	131	134	0.0581222	0	0.415385	2
493	296	231	295	227	131	133	0.0253353	0	0.507692	2
494	317	256	316	254	131	132	0.00745156	0	0.562637	2
495	392	297	392	295	131	134	0.00596125	0	0.652747	1
496	323	213	315	208	131	136	0.0491803	0	0.468132	2
497	290	209	293	205	131	134	0.0283159	0	0.459341	1
498	261	247	262	245	132	134	0.00745156	0	0.542857	1
499	399	281	406	279	132	133	0.0163934	0	0.617582	1
500	358	239	355	237	132	133	0.0104322	0	0.525275	2
501	435	455	434	454	132	134	0.00298063	0	1	2
502	270	226	271	225	132	133	0.00298063	0	0.496703	1
503	367	254	363	253	132	133	0.00745156	0	0.558242	2
504	199	303	196	302	132	133	0.00596125	0	0.665934	2
505	317	268	315	266	132	133	0.00894188	0	0.589011	2
506	324	327	299	324	132	135	0.0506706	0	0.718681	2
507	332	216	330	215	132	133	0.00447094	0	0.474725	2
508	269	183	268	181	132	133	0.00745156	0	0.402198	2
509	249	239	250	238	133	134	0.00298063	0	0.525275	1
510	413	435	395	431	133	135	0.0506706	0	0.956044	2
511	422	239	422	238	133	134	0.00149031	0	0.525275	1
512	185	307	182	304	133	134	0.0178838	0	0.674725	2
513	465	180	468	180	133	135	0.00447094	0	0.395604	1
514	213	338	208	338	133	134	0.00745156	0	0.742857	2
515	438	444	428	438	133	136	0.0685544	0	0.975824	2
516	421	416	413	415	133	134	0.0134128	0	0.914286	2
517	345	217	345	216	133	134	0.00149031	0	0.476923	1
518	330	312	323	312	133	134	0.0104322	0	0.685714	2
519	168	251	166	249	133	135	0.00894188	0	0.551648	2
520	160	216	158	216	133	134	0.00298063	0	0.474725	2
521	261	228	263	226	133	135	0.00894188	0	0.501099	1
522	208	299	205	298	133	134	0.00596125	0	0.657143	2
523	474	202	475	202	133	134	0.00149031	0	0.443956	1
524	239	236	240	234	133	136	0.00745156	0	0.518681	1
525	336	332	330	329	133	134	0.0223547	0	0.72967	2
526	361	263	361	262	133	134	0.00149031	0	0.578022	1
527	334	292	328	293	133	134	0.0104322	0	0.641758	2
528	427	439	406	438	134	137	0.0327869	0	0.964835	2
529	137	275	140	269	134	140	0.0581222	0	0.604396	1
530	313	295	277	295	134	139	0.0536513	0	0.648352	2
531	535	420	518	422	134	137	0.0312966	0	0.923077	2
532	316	323	307	323	134	135	0.0134128	0	0.70989	2
533	314	264	312	261	134	135	0.0163934	0	0.58022	2
534	513	138	513	137	134	135	0.00149031	0	0.303297	1
535	297	226	298	224	134	135	0.00745156	0	0.496703	1
536	354	236	352	234	134	135	0.00894188	0	0.518681	2
537	272	229	272	228	134	135	0.00149031	0	0.503297	1
538	120	206	117	201	134	137	0.0417288	0	0.452747	2
539	194	303	191	302	134	135	0.00596125	0	0.665934	2
540	271	183	270	181	134	135	0.00745156	0	0.402198	2
541	219	217	220	216	134	136	0.00298063	0	0.476923	1
542	547	184	548	177	134	140	0.0745156	0	0.404396	1
543	411	398	374	396	134	140	0.0611028	0	0.874725	2
544	406	420	401	421	135	136	0.00894188	0	0.923077	2
545	181	303	179	300	135	137	0.0163934	0	0.665934	2
546	338	217	336	215	135	136	0.00894188	0	0.476923	2
547	205	339	200	337	135	139	0.0134128	0	0.745055	2
548	549	448	543	445	135	136	0.0223547	0	0.984615	2
549	203	299	199	297	135	137	0.0119225	0	0.657143	2
550	409	251	423	248	135	138	0.0342772	0	0.551648	1
551	145	245	151	239	135	140	0.0625931	0	0.538462	1
552	479	204	484	201	135	140	0.0208644	0	0.448352	1
553	268	199	268	198	135	136	0.00149031	0	0.437363	1
554	201	311	200	309	135	137	0.00745156	0	0.683516	2
555	188	334	188	333	135	136	0.00149031	0	0.734066	1
556	353	213	353	212	135	138	0.00149031	0	0.468132	1
557	162	204	157	198	135	140	0.0611028	0	0.448352	2
558	249	277	249	271	135	140	0.0536513	0	0.608791	1
559	156	218	154	217	135	136	0.00447094	0	0.479121	2
560	293	209	294	207	135	137	0.00745156	0	0.459341	1
561	163	26	163	24	135	137	0.00596125	0	0.0571429	1
562	327	215	325	214	135	136	0.00447094	0	0.472527	2
563	249	170	248	169	135	139	0.00298063	0	0.373626	2
564	278	191	278	190	135	136	0.00149031	0	0.41978	1
565	392	450	386	453	136	137	0.0223547	0	0.989011	2
566	539	433	533	431	136	137	0.0149031	0	0.951648	2
567	433	453	414	443	136	138	0.177347	0	0.995604	2
568	351	234	349	233	136	137	0.00447094	0	0.514286	2
569	261	228	262	227	136	137	0.00298063	0	0.501099	1
570	514	137	515	135	136	138	0.00745156	0	0.301099	1
571	430	211	432	208	136	138	0.0163934	0	0.463736	1
572	362	245	362	244	136	137	0.00149031	0	0.538462	1
573	231	211	230	207	136	138	0.0253353	0	0.463736	2
574	265	238	266	237	136	137	0.00298063	0	0.523077	1
575	257	182	257	181	136	137	0.00149031	0	0.4	1
576	308	259	306	257	136	137	0.00894188	0	0.569231	2
577	319	254	318	253	136	137	0.00298063	0	0.558242	2
578	295	305	280	304	136	138	0.023845	0	0.67033	2
579	818	405	818	399	136	140	0.0536513	0	0.89011	1
580	108	181	103	174	136	140	0.0804769	0	0.397802	2
581	424	285	431	285	136	138	0.0104322	0	0.626374	1
582	398	410	392	409	137	138	0.0104322	0	0.901099	2
583	279	188	281	185	137	139	0.0163934	0	0.413187	1
584	335	211	334	208	137	139	0.0149031	0	0.463736	2
585	50	166	31	160	137	140	0.0819672	0	0.364835	2
586	352	250	346	248	137	138	0.0149031	0	0.549451	2
587	221	217	221	214	137	139	0.0134128	0	0.476923	1
588	418	235	422	233	137	138	0.0119225	0	0.516484	1
589	527	167	529	164	137	139	0.0163934	0	0.367033	1
590	312	208	307	205	137	139	0.0208644	0	0.457143	2
591	387	451	386	449	138	139	0.00745156	0	0.991209	2
592	198	297	196	296	138	139	0.00447094	0	0.652747	2
593	197	308	196	306	138	139	0.00745156	0	0.676923	2
594	267	236	270	233	138	140	0.0178838	0	0.518681	1
595	513	424	500	423	138	140	0.0208644	0	0.931868	2
596	317	252	315	250	138	139	0.00894188	0	0.553846	2
597	363	243	363	237	138	140	0.0536513	0	0.534066	1
598	164	223	163	221	138	139	0.00745156	0	0.49011	2
599	117	200	114	197	138	139	0.0178838	0	0.43956	2
600	297	348	297	346	138	139	0.00596125	0	0.764835	1
601	295	206	296	204	138	139	0.00745156	0	0.452747	1
602	348	232	344	227	138	140	0.0432191	0	0.50989	2
603	267	223	267	222	138	139	0.00149031	0	0.49011	1
604	255	182	256	182	138	139	0.00149031	0	0.4	1
605	474	184	475	183	138	139	0.00298063	0	0.404396	1
606	374	254	374	250	138	140	0.023845	0	0.558242	1
607	115	157	112	153	138	140	0.0283159	0	0.345055	2
608	287	227	287	224	139	140	0.0134128	0	0.498901	1
609	514	133	514	130	139	140	0.0134128	0	0.292308	1
610	430	249	436	247	139	140	0.0149031	0	0.547253	1
611	433	206	434	204	139	140	0.00745156	0	0.452747	1
612	354	212	354	209	139	140	0.0134128	0	0.465934	1
613	303	254	301	251	139	140	0.0163934	0	0.558242	2
614	487	235	487	233	139	140	0.00596125	0	0.516484	1
615	437	288	437	285	139	140	0.0134128	0	0.632967	1
616	363	257	363	254	139	140	0.0134128	0	0.564835	1
617	524	133	524	130	139	140	0.0134128	0	0.292308	1