
0	356	110	356	110	62	63	0	0	0.286458	1
1	346	195	346	195	63	64	0	0	0.507812	1
2	352	142	352	141	63	64	0.00363636	0	0.369792	1
3	386	122	385	122	63	67	0.00363636	0	0.317708	2
4	219	362	217	361	63	71	0.0109091	0	0.942708	2
5	331	70	331	69	63	67	0.00363636	0	0.182292	1
6	359	110	361	108	64	65	0.0218182	0	0.286458	1
7	180	360	177	360	64	69	0.0109091	0	0.9375	2
8	274	143	276	141	64	65	0.0218182	0	0.372396	1
9	357	141	357	141	65	66	0	0	0.367188	1
10	224	186	236	187	65	68	0.0472727	0	0.484375	1
11	362	118	365	116	65	66	0.0254545	0	0.307292	1
12	392	82	393	82	65	66	0.00363636	0	0.213542	1
13	345	119	351	117	65	70	0.0363636	0	0.309896	1
14	191	311	158	314	65	75	0.152727	0	0.809896	2
15	374	126	374	126	65	67	0	0	0.328125	1
16	350	100	354	98	65	67	0.0290909	0	0.260417	1
17	364	106	366	104	66	67	0.0218182	0	0.276042	1
18	511	116	511	116	66	67	0	0	0.302083	1
19	24	373	24	373	66	67	0	0	0.971354	1
20	442	30	440	30	66	68	0.00727273	0	0.078125	2
21	342	207	340	208	66	67	0.0109091	0	0.539062	2
22	363	158	364	158	66	68	0.00363636	0	0.411458	1
23	339	235	337	236	66	71	0.0109091	0	0.611979	2
24	372	239	371	239	66	69	0.00363636	0	0.622396	2
25	86	49	69	51	66	78	0.0763636	0	0.127604	2
26	248	189	249	189	67	69	0.00363636	0	0.492188	1
27	189	331	190	330	67	68	0.00727273	0	0.861979	1
28	370	114	375	113	67	70	0.0218182	0	0.296875	1
29	394	81	394	81	67	68	0	0	0.210938	1
30	457	34	457	33	67	70	0.00363636	0	0.0885417	1
31	382	93	382	92	67	68	0.00363636	0	0.242188	1
32	360	141	361	141	67	68	0.00363636	0	0.367188	1
33	348	144	349	144	67	68	0.00363636	0	0.375	1
34	344	198	335	199	67	70	0.0363636	0	0.515625	2
35	353	165	353	164	67	68	0.00363636	0	0.429688	1
36	248	175	249	174	67	68	0.00727273	0	0.455729	1
37	280	146	282	146	68	70	0.00727273	0	0.380208	1
38	374	126	375	125	68	69	0.00727273	0	0.328125	1
39	350	229	348	229	68	70	0.00727273	0	0.596354	2
40	362	86	363	84	68	70	0.0181818	0	0.223958	1
41	272	160	273	160	68	69	0.00363636	0	0.416667	1
42	331	70	330	71	68	70	0.00727273	0	0.182292	2
43	506	128	505	127	68	69	0.00727273	0	0.333333	2
44	385	93	385	92	69	70	0.00363636	0	0.242188	1
45	397	79	397	78	69	70	0.00363636	0	0.205729	1
46	353	174	353	174	69	72	0	0	0.453125	1
47	438	29	436	29	69	72	0.00727273	0	0.0755208	2
48	362	142	367	141	69	72	0.0218182	0	0.369792	1
49	371	100	373	99	69	70	0.0109091	0	0.260417	1
50	337	210	334	209	69	70	0.0145455	0	0.546875	2
51	158	131	157	130	69	70	0.00727273	0	0.341146	2
52	506	128	511	130	70	74	0.0327273	0	0.333333	1
53	182	327	170	327	70	73	0.0436364	0	0.851562	2
54	254	175	260	174	70	71	0.0254545	0	0.455729	1
55	443	100	370	103	70	92	0.298182	0	0.260417	2
56	248	190	247	189	71	72	0.00727273	0	0.494792	2
57	373	105	374	105	71	72	0.00363636	0	0.273438	1
58	43	185	41	185	71	73	0.00727273	0	0.481771	2
59	160	129	159	127	71	72	0.0181818	0	0.335938	2
60	283	147	282	146	71	72	0.00727273	0	0.382812	2
61	104	105	104	105	71	74	0	0	0.273438	1
62	352	125	359	123	71	74	0.04	0	0.325521	1
63	176	103	177	101	71	74	0.0181818	0	0.268229	1
64	147	130	148	128	71	74	0.0181818	0	0.338542	1
65	457	32	453	31	71	72	0.0181818	0	0.0833333	2
66	399	78	401	77	71	74	0.0109091	0	0.203125	1
67	154	155	153	154	71	72	0.00727273	0	0.403646	2
68	328	223	326	223	71	72	0.00727273	0	0.580729	2
69	370	239	355	234	71	73	0.145455	0	0.622396	2
70	278	176	280	172	71	72	0.0654545	0	0.458333	1
71	179	359	168	362	71	78	0.0727273	0	0.934896	2
72	381	236	266	241	71	100	0.509091	0	0.614583	2
73	377	115	379	116	71	73	0.0109091	0	0.299479	1
74	521	118	527	117	71	74	0.0254545	0	0.307292	1
75	311	131	298	131	72	79	0.0472727	0	0.341146	2
76	517	138	518	137	72	73	0.00727273	0	0.359375	1
77	372	165	374	165	72	73	0.00727273	0	0.429688	1
78	338	237	337	237	72	74	0.00363636	0	0.617188	2
79	381	125	385	124	72	74	0.0181818	0	0.325521	1
80	175	298	161	307	72	76	0.345455	0	0.776042	2
81	188	360	138	345	72	82	1	0	0.9375	2
82	374	175	376	176	72	74	0.0109091	0	0.455729	1
83	249	188	253	187	73	74	0.0181818	0	0.489583	1
84	203	349	193	346	73	74	0.0690909	0	0.908854	2
85	377	106	378	106	73	74	0.00363636	0	0.276042	1
86	318	113	319	114	73	74	0.00727273	0	0.294271	1
87	323	204	318	204	73	74	0.0181818	0	0.53125	2
88	371	139	373	138	73	74	0.0109091	0	0.361979	1
89	395	128	395	128	73	74	0	0	0.333333	1
90	326	226	325	226	73	74	0.00363636	0	0.588542	2
91	398	88	396	90	73	77	0.0218182	0	0.229167	2
92	153	156	153	155	73	74	0.00363636	0	0.40625	1
93	393	113	396	115	73	75	0.0254545	0	0.294271	1
94	279	180	281	181	74	75	0.0109091	0	0.46875	1
95	509	142	509	142	74	76	0	0	0.369792	1
96	515	98	514	97	74	75	0.00727273	0	0.255208	2
97	370	166	370	166	74	76	0	0	0.432292	1
98	382	156	383	157	74	76	0.00727273	0	0.40625	1
99	158	142	159	142	74	75	0.00363636	0	0.369792	1
100	381	105	379	105	75	76	0.00727273	0	0.273438	2
101	380	116	376	115	75	78	0.0181818	0	0.302083	2
102	375	140	374	139	75	76	0.00727273	0	0.364583	2
103	402	78	398	78	75	78	0.0145455	0	0.203125	2
104	105	104	100	104	75	77	0.0181818	0	0.270833	2
105	148	130	146	129	75	76	0.0109091	0	0.338542	2
106	361	124	350	123	75	83	0.0436364	0	0.322917	2
107	303	232	300	232	75	76	0.0109091	0	0.604167	2
108	395	128	392	128	75	76	0.0109091	0	0.333333	2
109	409	109	406	108	75	76	0.0145455	0	0.283854	2
110	337	238	333	237	75	76	0.0181818	0	0.619792	2
111	821	253	707	251	75	100	0.429091	0	0.658854	2
112	36	185	31	184	75	76	0.0218182	0	0.481771	2
113	296	47	290	47	75	77	0.0218182	0	0.122396	2
114	533	125	528	120	75	84	0.109091	0	0.325521	2
115	333	73	330	74	75	78	0.0145455	0	0.190104	2
116	354	172	353	172	75	76	0.00363636	0	0.447917	2
117	168	104	155	104	75	80	0.0472727	0	0.270833	2
118	72	384	26	388	75	87	0.225455	0	1	2
119	285	142	284	140	75	76	0.0181818	0	0.369792	2
120	602	107	519	108	75	94	0.305455	0	0.278646	2
121	375	177	367	176	75	78	0.0327273	0	0.460938	2
122	513	97	493	99	76	82	0.0872727	0	0.252604	2
123	315	115	312	115	76	77	0.0109091	0	0.299479	2
124	31	201	26	201	76	77	0.0181818	0	0.523438	2
125	510	108	503	107	76	78	0.0290909	0	0.28125	2
126	304	216	288	213	76	78	0.0909091	0	0.5625	2
127	526	105	526	103	76	78	0.0145455	0	0.273438	1
128	269	224	253	225	76	81	0.0618182	0	0.583333	2
129	81	38	31	38	76	85	0.181818	0	0.0989583	2
130	161	141	149	142	76	83	0.0472727	0	0.367188	2
131	288	152	288	152	76	77	0	0	0.395833	1
132	327	204	310	204	76	78	0.0618182	0	0.53125	2
133	377	106	373	105	77	81	0.0181818	0	0.276042	2
134	510	143	511	143	77	78	0.00363636	0	0.372396	1
135	353	170	354	170	77	78	0.00363636	0	0.442708	1
136	369	166	367	165	77	78	0.0109091	0	0.432292	2
137	38	195	29	195	77	79	0.0327273	0	0.507812	2
138	157	302	153	302	77	78	0.0145455	0	0.786458	2
139	291	233	270	237	78	83	0.134545	0	0.606771	2
140	90	86	83	86	78	80	0.0254545	0	0.223958	2
141	99	104	86	106	78	83	0.0618182	0	0.270833	2
142	514	133	513	133	78	79	0.00363636	0	0.346354	2
143	152	151	152	150	78	79	0.00363636	0	0.393229	1
144	143	224	36	231	78	100	0.567273	0	0.583333	2
145	401	121	401	122	78	79	0.00363636	0	0.315104	1
146	133	346	122	347	79	80	0.0436364	0	0.901042	2
147	525	103	523	102	79	80	0.0109091	0	0.268229	2
148	330	119	328	123	79	81	0.0654545	0	0.309896	2
149	376	115	374	115	79	81	0.00727273	0	0.299479	2
150	397	79	395	79	79	80	0.00727273	0	0.205729	2
151	265	137	261	133	79	82	0.0727273	0	0.356771	2
152	209	61	190	64	79	85	0.101818	0	0.158854	2
153	262	151	258	150	79	80	0.0181818	0	0.393229	2
154	143	352	130	354	79	80	0.0618182	0	0.916667	2
155	502	128	444	131	79	92	0.243636	0	0.333333	2
156	503	110	495	111	79	81	0.0327273	0	0.286458	2
157	374	137	373	136	79	80	0.00727273	0	0.356771	2
158	133	335	123	336	79	80	0.04	0	0.872396	2
159	128	324	111	327	79	81	0.0945455	0	0.84375	2
160	321	235	308	230	79	80	0.138182	0	0.611979	2
161	611	241	510	242	79	100	0.370909	0	0.627604	2
162	461	102	358	105	79	100	0.407273	0	0.265625	2
163	391	130	393	131	80	81	0.0109091	0	0.338542	1
164	282	173	286	172	80	82	0.0181818	0	0.450521	1
165	290	186	296	186	80	84	0.0218182	0	0.484375	1
166	367	168	366	168	80	81	0.00363636	0	0.4375	2
167	286	161	287	158	80	81	0.0363636	0	0.419271	1
168	257	185	250	188	80	81	0.0581818	0	0.481771	2
169	331	75	330	75	80	81	0.00363636	0	0.195312	2
170	523	102	521	101	81	83	0.0109091	0	0.265625	2
171	359	181	362	183	81	83	0.0254545	0	0.471354	1
172	520	138	520	138	81	82	0	0	0.359375	1
173	393	80	382	85	81	85	0.130909	0	0.208333	2
174	121	358	105	359	81	85	0.0618182	0	0.932292	2
175	111	358	89	360	81	86	0.0945455	0	0.932292	2
176	382	87	378	87	81	82	0.0145455	0	0.226562	2
177	511	154	512	154	81	83	0.00363636	0	0.401042	1
178	322	235	228	239	81	100	0.4	0	0.611979	2
179	505	122	470	123	81	89	0.130909	0	0.317708	2
180	372	104	370	103	82	83	0.0109091	0	0.270833	2
181	370	136	368	136	82	83	0.00727273	0	0.354167	2
182	365	168	364	168	82	83	0.00363636	0	0.4375	2
183	58	79	53	79	82	83	0.0181818	0	0.205729	2
184	357	140	353	141	82	84	0.0181818	0	0.364583	2
185	286	158	286	159	82	83	0.00363636	0	0.411458	1
186	242	232	234	232	82	84	0.0290909	0	0.604167	2
187	253	153	252	147	82	83	0.134545	0	0.398438	2
188	191	82	188	82	82	83	0.0109091	0	0.213542	2
189	276	180	276	180	82	83	0	0	0.46875	1
190	688	37	595	37	82	100	0.338182	0	0.0963542	2
191	203	227	163	230	82	90	0.178182	0	0.591146	2
192	515	134	512	138	83	86	0.0690909	0	0.348958	2
193	489	100	476	101	83	86	0.0509091	0	0.260417	2
194	266	185	274	187	83	85	0.0436364	0	0.481771	1
195	385	143	381	144	83	84	0.0181818	0	0.372396	2
196	376	87	373	87	83	84	0.0109091	0	0.226562	2
197	125	349	100	357	83	86	0.323636	0	0.908854	2
198	296	153	299	153	83	88	0.0109091	0	0.398438	1
199	269	148	255	149	83	86	0.0545455	0	0.385417	2
200	522	152	523	153	83	84	0.00727273	0	0.395833	1
201	282	228	278	227	83	84	0.0181818	0	0.59375	2
202	329	98	328	98	83	84	0.00363636	0	0.255208	2
203	827	261	738	258	83	100	0.356364	0	0.679688	2
204	366	113	364	113	83	84	0.00727273	0	0.294271	2
205	373	33	368	33	84	85	0.0181818	0	0.0859375	2
206	86	108	73	110	84	88	0.0618182	0	0.28125	2
207	368	140	366	142	84	85	0.0218182	0	0.364583	2
208	258	135	258	132	84	85	0.0327273	0	0.351562	1
209	369	103	364	105	84	86	0.0327273	0	0.268229	2
210	280	182	283	184	84	85	0.0254545	0	0.473958	1
211	387	129	383	129	84	85	0.0145455	0	0.335938	2
212	329	120	331	118	84	85	0.0218182	0	0.3125	1
213	188	85	185	87	84	85	0.0254545	0	0.221354	2
214	379	102	375	101	84	85	0.0181818	0	0.265625	2
215	519	103	514	105	85	87	0.0327273	0	0.268229	2
216	392	111	389	112	85	86	0.0145455	0	0.289062	2
217	349	165	343	164	85	86	0.0254545	0	0.429688	2
218	297	187	295	187	85	86	0.00727273	0	0.486979	2
219	519	117	512	121	85	88	0.0836364	0	0.304688	2
220	370	124	367	123	85	86	0.0145455	0	0.322917	2
221	238	226	231	227	85	86	0.0290909	0	0.588542	2
222	282	191	290	191	86	87	0.0290909	0	0.497396	1
223	384	137	381	137	86	87	0.0109091	0	0.356771	2
224	825	119	749	117	86	100	0.290909	0	0.309896	2
225	325	119	322	121	86	88	0.0254545	0	0.309896	2
226	363	171	362	172	86	87	0.00727273	0	0.445312	2
227	141	144	136	145	86	87	0.0218182	0	0.375	2
228	362	144	359	145	86	87	0.0145455	0	0.375	2
229	515	154	509	154	86	87	0.0218182	0	0.401042	2
230	40	80	24	80	86	88	0.0581818	0	0.208333	2
231	253	232	240	227	86	87	0.138182	0	0.604167	2
232	373	187	354	192	86	93	0.16	0	0.486979	2
233	321	92	318	92	86	87	0.0109091	0	0.239583	2
234	358	183	337	183	86	90	0.0763636	0	0.476562	2
235	94	138	71	140	86	90	0.0981818	0	0.359375	2
236	474	113	465	113	86	88	0.0327273	0	0.294271	2
237	497	106	475	106	86	90	0.08	0	0.276042	2
238	262	131	256	130	86	87	0.0254545	0	0.341146	2
239	379	88	373	89	86	87	0.0254545	0	0.229167	2
240	51	307	38	305	86	87	0.0618182	0	0.799479	2
241	329	103	328	104	86	87	0.00727273	0	0.268229	2
242	514	94	484	98	86	100	0.167273	0	0.244792	2
243	263	234	188	237	86	100	0.305455	0	0.609375	2
244	348	133	345	134	86	87	0.0145455	0	0.346354	2
245	360	109	356	109	87	88	0.0145455	0	0.283854	2
246	309	125	308	125	87	88	0.00363636	0	0.325521	2
247	510	141	506	141	87	88	0.0145455	0	0.367188	2
248	363	122	360	121	87	88	0.0145455	0	0.317708	2
249	386	115	381	115	87	88	0.0181818	0	0.299479	2
250	524	157	526	157	87	88	0.00727273	0	0.408854	1
251	339	163	334	163	87	88	0.0181818	0	0.424479	2
252	473	101	468	101	87	88	0.0181818	0	0.263021	2
253	177	96	171	96	87	88	0.0218182	0	0.25	2
254	252	148	247	147	87	88	0.0218182	0	0.385417	2
255	265	200	272	201	87	88	0.0290909	0	0.520833	1
256	361	173	356	173	88	90	0.0181818	0	0.450521	2
257	512	108	509	109	88	89	0.0145455	0	0.28125	2
258	65	345	48	341	88	89	0.12	0	0.898438	2
259	286	192	281	192	88	89	0.0181818	0	0.5	2
260	129	148	82	156	88	97	0.403636	0	0.385417	2
261	504	155	487	155	88	91	0.0618182	0	0.403646	2
262	502	118	492	120	88	93	0.0509091	0	0.307292	2
263	291	174	299	175	88	95	0.0327273	0	0.453125	1
264	355	163	352	163	88	89	0.0109091	0	0.424479	2
265	253	129	250	126	88	89	0.0436364	0	0.335938	2
266	750	66	731	65	88	92	0.0727273	0	0.171875	2
267	316	94	314	95	88	89	0.0109091	0	0.244792	2
268	193	235	170	235	88	92	0.0836364	0	0.611979	2
269	380	232	317	233	88	100	0.232727	0	0.604167	2
270	523	107	513	109	88	93	0.0509091	0	0.278646	2
271	308	127	306	129	89	90	0.0218182	0	0.330729	2
272	298	186	305	189	89	95	0.0581818	0	0.484375	1
273	501	142	494	141	89	91	0.0290909	0	0.369792	2
274	373	146	369	147	89	90	0.0181818	0	0.380208	2
275	300	152	301	150	89	91	0.0181818	0	0.395833	1
276	372	106	367	106	89	90	0.0181818	0	0.276042	2
277	328	89	323	91	89	91	0.0327273	0	0.231771	2
278	208	234	150	236	89	100	0.225455	0	0.609375	2
279	349	83	338	85	89	91	0.0545455	0	0.216146	2
280	769	121	710	119	89	100	0.229091	0	0.315104	2
281	277	193	288	194	90	94	0.0436364	0	0.502604	1
282	46	347	27	347	90	91	0.0690909	0	0.903646	2
283	340	136	338	136	90	91	0.00727273	0	0.354167	2
284	508	111	501	111	90	94	0.0254545	0	0.289062	2
285	530	156	503	158	90	97	0.112727	0	0.40625	2
286	118	163	110	167	90	93	0.0872727	0	0.424479	2
287	355	121	352	120	90	91	0.0145455	0	0.315104	2
288	451	89	441	89	90	92	0.0363636	0	0.231771	2
289	63	112	59	112	90	91	0.0145455	0	0.291667	2
290	458	115	454	114	90	91	0.0181818	0	0.299479	2
291	288	183	296	188	90	94	0.12	0	0.476562	1
292	158	105	126	106	90	96	0.12	0	0.273438	2
293	127	231	73	233	90	100	0.210909	0	0.601562	2
294	133	147	67	154	90	100	0.418182	0	0.382812	2
295	300	139	292	139	90	92	0.0290909	0	0.361979	2
296	355	173	349	175	91	93	0.0363636	0	0.450521	2
297	353	147	352	146	91	92	0.00727273	0	0.382812	2
298	335	123	332	122	91	92	0.0145455	0	0.320312	2
299	340	150	335	148	91	93	0.0327273	0	0.390625	2
300	315	128	311	127	91	92	0.0181818	0	0.333333	2
301	334	176	331	178	91	95	0.0254545	0	0.458333	2
302	65	141	59	141	91	92	0.0218182	0	0.367188	2
303	325	166	324	165	91	93	0.00727273	0	0.432292	2
304	304	129	299	128	91	92	0.0218182	0	0.335938	2
305	827	264	779	261	91	100	0.207273	0	0.6875	2
306	768	120	720	118	91	100	0.189091	0	0.3125	2
307	116	108	98	109	91	94	0.0690909	0	0.28125	2
308	470	106	455	106	91	94	0.0545455	0	0.276042	2
309	484	156	483	157	92	95	0.00727273	0	0.40625	2
310	349	118	343	117	92	94	0.0254545	0	0.307292	2
311	825	120	782	118	92	100	0.170909	0	0.3125	2
312	494	142	492	145	92	96	0.04	0	0.369792	2
313	452	114	443	114	92	94	0.0327273	0	0.296875	2
314	453	96	417	99	92	100	0.163636	0	0.25	2
315	98	134	85	133	92	94	0.0509091	0	0.348958	2
316	310	111	308	112	92	93	0.0109091	0	0.289062	2
317	727	65	707	63	93	98	0.0872727	0	0.169271	2
318	328	123	324	123	93	94	0.0145455	0	0.320312	2
319	296	128	293	127	93	94	0.0145455	0	0.333333	2
320	313	207	299	209	93	96	0.0654545	0	0.539062	2
321	339	138	336	138	93	95	0.0109091	0	0.359375	2
322	304	150	305	150	93	94	0.00363636	0	0.390625	1
323	105	137	92	137	93	95	0.0472727	0	0.356771	2
324	364	104	354	104	93	95	0.0363636	0	0.270833	2
325	348	177	345	176	94	95	0.0145455	0	0.460938	2
326	120	231	101	232	94	97	0.0727273	0	0.601562	2
327	232	122	230	120	94	95	0.0218182	0	0.317708	2
328	493	121	477	119	94	100	0.0727273	0	0.315104	2
329	432	92	422	91	94	96	0.04	0	0.239583	2
330	349	189	344	189	94	95	0.0181818	0	0.492188	2
331	503	135	493	138	94	99	0.0690909	0	0.351562	2
332	290	138	285	135	94	95	0.0509091	0	0.359375	2
333	711	116	683	114	95	100	0.116364	0	0.302083	2
334	501	109	487	107	95	100	0.0654545	0	0.283854	2
335	332	153	328	153	95	96	0.0145455	0	0.398438	2
336	327	100	323	100	95	96	0.0145455	0	0.260417	2
337	340	119	327	121	95	99	0.0618182	0	0.309896	2
338	300	142	294	142	95	96	0.0218182	0	0.369792	2
339	322	124	319	124	95	96	0.0109091	0	0.322917	2
340	250	111	247	108	95	96	0.0436364	0	0.289062	2
341	507	119	496	117	95	99	0.0545455	0	0.309896	2
342	261	101	257	99	95	96	0.0290909	0	0.263021	2
343	271	200	280	203	95	96	0.0654545	0	0.520833	1
344	124	83	111	84	95	97	0.0509091	0	0.216146	2
345	249	86	245	84	95	97	0.0290909	0	0.223958	2
346	482	109	454	108	95	100	0.105455	0	0.283854	2
347	291	125	286	124	95	97	0.0218182	0	0.325521	2
348	307	152	307	152	95	96	0	0	0.395833	1
349	56	132	50	127	96	98	0.112727	0	0.34375	2
350	304	196	313	190	96	98	0.163636	0	0.510417	1
351	487	157	489	158	96	97	0.0109091	0	0.408854	1
352	46	136	44	133	96	97	0.04	0	0.354167	2
353	40	110	32	111	96	98	0.0327273	0	0.286458	2
354	343	177	341	176	96	97	0.0109091	0	0.460938	2
355	324	240	301	240	96	100	0.0836364	0	0.625	2
356	280	134	276	131	96	97	0.0472727	0	0.348958	2
357	334	139	330	140	96	98	0.0181818	0	0.361979	2
358	113	164	105	165	96	97	0.0327273	0	0.427083	2
359	317	90	303	88	96	99	0.0654545	0	0.234375	2
360	299	131	294	132	96	98	0.0218182	0	0.341146	2
361	315	24	298	24	96	99	0.0618182	0	0.0625	2
362	324	154	321	154	97	98	0.0109091	0	0.401042	2
363	321	101	316	100	97	98	0.0218182	0	0.263021	2
364	286	139	274	139	97	99	0.0436364	0	0.361979	2
365	307	110	303	110	97	98	0.0145455	0	0.286458	2
366	316	123	313	123	97	98	0.0109091	0	0.320312	2
367	65	136	58	136	97	98	0.0254545	0	0.354167	2
368	37	144	25	144	97	99	0.0436364	0	0.375	2
369	436	124	426	123	97	99	0.04	0	0.322917	2
370	440	135	423	134	97	100	0.0654545	0	0.351562	2
371	298	194	293	192	98	100	0.0327273	0	0.505208	2
372	827	121	815	119	98	100	0.0581818	0	0.315104	2
373	491	160	493	160	98	99	0.00727273	0	0.416667	1
374	99	168	77	172	98	100	0.138182	0	0.4375	2
375	340	176	338	175	98	99	0.0109091	0	0.458333	2
376	329	172	327	173	98	99	0.0109091	0	0.447917	2
377	306	166	309	162	98	100	0.0690909	0	0.432292	1
378	296	87	286	85	98	100	0.0509091	0	0.226562	2
379	339	103	328	102	98	100	0.0436364	0	0.268229	2
380	237	88	232	87	98	100	0.0218182	0	0.229167	2
381	309	152	310	150	98	99	0.0181818	0	0.395833	1
382	703	62	698	61	99	100	0.0218182	0	0.161458	2
383	53	136	46	136	99	100	0.0254545	0	0.354167	2
384	302	102	296	101	99	100	0.0254545	0	0.265625	2
385	37	131	32	129	99	100	0.0327273	0	0.341146	2
386	30	116	26	116	99	100	0.0145455	0	0.302083	2
387	316	187	317	187	99	100	0.00363636	0	0.486979	1
388	328	141	326	141	99	100	0.00727273	0	0.367188	2
389	827	258	821	257	99	100	0.0254545	0	0.671875	2
390	310	125	306	125	99	100	0.0145455	0	0.325521	2
391	300	112	295	112	99	100	0.0181818	0	0.291667	2
392	300	183	300	182	99	100	0.00363636	0	0.476562	1
393	117	232	111	232	99	100	0.0218182	0	0.604167	2