
0	310	123	307	121	87	88	0.00569569	0	0.27033	2
1	388	215	391	213	87	89	0.00569569	0	0.472527	1
2	352	225	353	224	87	88	0.00162734	0	0.494505	1
3	291	431	294	436	87	88	0.0227828	0	0.947253	1
4	367	206	370	204	87	88	0.00569569	0	0.452747	1
5	321	114	317	111	87	88	0.0105777	0	0.250549	2
6	24	154	24	154	87	88	0	0	0.338462	1
7	604	221	607	219	87	89	0.00569569	0	0.485714	1
8	330	190	331	188	87	88	0.00406835	0	0.417582	1
9	256	223	259	221	88	89	0.00569569	0	0.49011	1
10	302	216	302	216	88	89	0	0	0.474725	1
11	688	195	689	193	88	89	0.00406835	0	0.428571	1
12	661	172	663	171	88	89	0.00244101	0	0.378022	1
13	702	293	715	287	89	90	0.0398698	0	0.643956	1
14	460	277	480	268	90	91	0.0821806	0	0.608791	1
15	484	329	504	319	90	91	0.0976404	0	0.723077	1
16	550	314	621	304	90	98	0.139138	0	0.69011	1
17	670	199	690	189	90	91	0.0976404	0	0.437363	1
18	678	281	698	271	90	91	0.0976404	0	0.617582	1
19	451	143	466	133	90	91	0.093572	0	0.314286	1
20	372	223	394	211	90	91	0.135069	0	0.49011	1
21	383	221	405	209	90	91	0.135069	0	0.485714	1
22	689	272	709	262	90	91	0.0976404	0	0.597802	1
23	37	191	57	181	90	91	0.0976404	0	0.41978	1
24	420	122	437	109	90	91	0.151343	0	0.268132	1
25	482	257	501	248	90	91	0.081367	0	0.564835	1
26	499	261	539	247	90	96	0.192026	0	0.573626	1
27	539	338	582	329	90	96	0.100895	0	0.742857	1
28	409	116	439	86	90	98	0.756713	0	0.254945	1
29	747	207	820	196	90	98	0.157852	0	0.454945	1
30	326	299	346	289	90	91	0.0976404	0	0.657143	1
31	744	452	763	441	90	91	0.113914	0	0.993407	1
32	30	161	50	150	90	91	0.114727	0	0.353846	1
33	274	209	294	199	90	91	0.0976404	0	0.459341	1
34	703	284	725	274	90	91	0.0992677	0	0.624176	1
35	705	225	726	215	90	91	0.098454	0	0.494505	1
36	64	211	84	201	90	91	0.0976404	0	0.463736	1
37	419	104	437	91	90	91	0.152156	0	0.228571	1
38	709	267	729	257	90	91	0.0976404	0	0.586813	1
39	534	308	554	298	90	91	0.0976404	0	0.676923	1
40	533	320	589	310	90	97	0.126932	0	0.703297	1
41	636	131	656	121	90	91	0.0976404	0	0.287912	1
42	313	413	336	403	90	91	0.100081	0	0.907692	1
43	126	218	146	208	90	91	0.0976404	0	0.479121	1
44	339	233	376	218	90	92	0.213181	0	0.512088	1
45	721	411	818	404	90	99	0.118796	0	0.903297	1
46	612	208	632	198	90	91	0.0976404	0	0.457143	1
47	465	227	485	215	90	91	0.133442	0	0.498901	1
48	462	267	482	258	90	91	0.0821806	0	0.586813	1
49	497	291	517	282	90	91	0.0821806	0	0.63956	1
50	674	156	693	146	90	91	0.0968267	0	0.342857	1
51	698	439	717	428	90	91	0.113914	0	0.964835	1
52	27	187	47	177	90	91	0.0976404	0	0.410989	1
53	457	210	477	198	90	91	0.133442	0	0.461538	1
54	332	427	355	418	90	91	0.0846216	0	0.938462	1
55	425	168	456	140	90	95	0.663141	0	0.369231	1
56	295	209	314	199	90	91	0.0968267	0	0.459341	1
57	358	161	377	148	90	91	0.15297	0	0.353846	1
58	511	314	549	304	90	93	0.112286	0	0.69011	1
59	48	178	79	165	90	92	0.162734	0	0.391209	1
60	443	131	458	121	90	91	0.093572	0	0.287912	1
61	557	268	578	259	90	91	0.0829943	0	0.589011	1
62	698	250	718	240	90	91	0.0976404	0	0.549451	1
63	374	39	393	29	90	91	0.0968267	0	0.0857143	1
64	381	211	403	199	90	91	0.135069	0	0.463736	1
65	543	328	689	320	90	102	0.170871	0	0.720879	1
66	443	178	452	171	91	92	0.0471928	0	0.391209	1
67	437	135	450	126	91	93	0.0764849	0	0.296703	1
68	670	194	694	193	91	96	0.0203417	0	0.426374	1
69	416	174	429	166	91	92	0.0626526	0	0.382418	1
70	691	128	703	124	91	92	0.0227828	0	0.281319	1
71	156	200	188	199	91	97	0.0268511	0	0.43956	1
72	325	416	357	414	91	94	0.0292921	0	0.914286	1
73	244	58	285	54	91	95	0.0463792	0	0.127473	1
74	414	145	423	139	91	92	0.0366151	0	0.318681	1
75	688	178	700	175	91	92	0.0170871	0	0.391209	1
76	734	386	812	391	91	99	0.083808	0	0.848352	1
77	44	225	59	220	91	92	0.0325468	0	0.494505	1
78	523	310	530	304	92	96	0.0349878	0	0.681319	1
79	499	240	504	238	92	93	0.00732303	0	0.527473	1
80	725	250	735	252	92	96	0.0113914	0	0.549451	1
81	740	211	748	213	92	94	0.00976404	0	0.463736	1
82	357	88	362	93	92	93	0.0244101	0	0.193407	1
83	670	117	680	116	92	96	0.00895037	0	0.257143	1
84	577	196	615	197	92	98	0.0317331	0	0.430769	1
85	693	191	701	193	92	95	0.00976404	0	0.41978	1
86	356	282	363	284	92	93	0.00895037	0	0.61978	1
87	375	149	381	154	92	94	0.0252238	0	0.327473	1
88	704	143	709	146	92	93	0.0113914	0	0.314286	1
89	499	209	504	208	92	93	0.00488202	0	0.459341	1
90	564	298	576	298	92	95	0.00976404	0	0.654945	1
91	411	43	422	45	92	96	0.012205	0	0.0945055	1
92	704	187	714	189	92	96	0.0113914	0	0.410989	1
93	417	205	426	203	92	93	0.0105777	0	0.450549	1
94	370	99	383	106	92	96	0.0504475	0	0.217582	1
95	406	181	414	181	92	93	0.00650936	0	0.397802	1
96	519	320	526	321	92	94	0.00650936	0	0.703297	1
97	306	203	346	204	92	98	0.0333605	0	0.446154	1
98	397	40	416	42	92	97	0.0187144	0	0.0879121	1
99	48	291	118	290	92	99	0.0577705	0	0.63956	1
100	376	273	383	276	92	93	0.0130187	0	0.6	1
101	434	141	438	136	92	94	0.0235964	0	0.30989	1
102	721	261	761	263	92	98	0.0358015	0	0.573626	1
103	645	196	683	197	92	98	0.0317331	0	0.430769	1
104	236	204	247	206	92	96	0.012205	0	0.448352	1
105	366	270	373	273	92	93	0.0130187	0	0.593407	1
106	325	197	333	200	92	94	0.0138324	0	0.432967	1
107	342	97	348	101	92	93	0.0179007	0	0.213187	1
108	726	450	733	452	92	94	0.00895037	0	0.989011	1
109	348	155	356	161	92	93	0.0358015	0	0.340659	1
110	722	406	731	407	92	96	0.0081367	0	0.892308	1
111	741	191	760	192	92	97	0.0162734	0	0.41978	1
112	407	205	424	195	92	95	0.0951993	0	0.450549	1
113	408	229	423	225	92	94	0.0252238	0	0.503297	1
114	312	42	323	44	92	96	0.012205	0	0.0923077	1
115	25	287	36	289	92	96	0.012205	0	0.630769	1
116	73	181	88	179	92	96	0.0154597	0	0.397802	1
117	426	176	434	174	92	93	0.00976404	0	0.386813	1
118	589	260	592	254	92	97	0.0317331	0	0.571429	1
119	336	152	344	152	92	93	0.00650936	0	0.334066	1
120	728	426	737	427	92	96	0.0081367	0	0.936264	1
121	711	269	814	272	92	101	0.091131	0	0.591209	1
122	375	124	378	127	92	93	0.00976404	0	0.272527	1
123	468	206	471	209	92	96	0.00976404	0	0.452747	1
124	414	150	423	147	92	94	0.0146461	0	0.32967	1
125	792	202	813	204	92	97	0.0203417	0	0.443956	1
126	341	226	352	228	92	96	0.012205	0	0.496703	1
127	496	219	501	220	92	93	0.00488202	0	0.481319	1
128	774	440	783	440	92	94	0.00732303	0	0.967033	1
129	60	147	68	148	92	94	0.00732303	0	0.323077	1
130	505	161	521	152	92	98	0.078926	0	0.353846	1
131	94	199	105	200	92	96	0.00976404	0	0.437363	1
132	73	206	89	208	92	95	0.0162734	0	0.452747	1
133	466	113	452	111	92	95	0.0146461	0	0.248352	2
134	367	418	377	422	92	93	0.0211554	0	0.918681	1
135	516	251	525	248	92	95	0.0146461	0	0.551648	1
136	88	176	94	178	92	93	0.0081367	0	0.386813	1
137	655	202	696	203	92	98	0.0341741	0	0.443956	1
138	359	115	367	123	92	94	0.0585842	0	0.252747	1
139	505	174	510	176	92	93	0.00732303	0	0.382418	1
140	299	28	305	30	92	93	0.0081367	0	0.0615385	1
141	426	139	429	136	93	94	0.00976404	0	0.305495	1
142	68	171	70	169	93	94	0.00488202	0	0.375824	1
143	369	294	387	286	93	96	0.0667209	0	0.646154	1
144	85	167	87	166	93	94	0.00244101	0	0.367033	1
145	68	260	102	255	93	98	0.0480065	0	0.571429	1
146	723	163	730	161	93	96	0.00895037	0	0.358242	1
147	592	206	597	205	93	96	0.00488202	0	0.452747	1
148	448	104	445	102	93	94	0.00569569	0	0.228571	2
149	33	240	35	240	93	94	0.00162734	0	0.527473	1
150	365	219	366	221	94	95	0.00406835	0	0.481319	1
151	713	149	713	150	94	95	0.00081367	0	0.327473	1
152	363	97	364	97	94	95	0.00081367	0	0.213187	1
153	423	177	425	175	94	95	0.00488202	0	0.389011	1
154	506	204	504	195	94	96	0.0675346	0	0.448352	2
155	431	199	433	194	94	95	0.0219691	0	0.437363	1
156	409	224	417	218	94	96	0.0358015	0	0.492308	1
157	354	109	356	109	94	95	0.00162734	0	0.23956	1
158	386	250	392	248	94	95	0.0081367	0	0.549451	1
159	380	425	381	425	94	95	0.00081367	0	0.934066	1
160	736	206	738	205	94	96	0.00244101	0	0.452747	1
161	58	276	60	275	94	96	0.00244101	0	0.606593	1
162	318	31	319	30	94	95	0.00162734	0	0.0681319	1
163	368	142	367	142	94	95	0.00081367	0	0.312088	2
164	345	432	348	431	94	95	0.00325468	0	0.949451	1
165	378	405	381	405	94	95	0.00244101	0	0.89011	1
166	44	274	45	272	94	95	0.00406835	0	0.602198	1
167	371	31	398	29	94	98	0.0252238	0	0.0681319	1
168	749	213	749	212	95	96	0.00081367	0	0.468132	1
169	524	318	524	314	95	96	0.0130187	0	0.698901	1
170	382	157	383	156	95	96	0.00162734	0	0.345055	1
171	44	236	48	235	95	96	0.00406835	0	0.518681	1
172	70	167	69	165	95	96	0.00406835	0	0.367033	2
173	430	136	433	134	95	96	0.00569569	0	0.298901	1
174	386	194	387	194	95	96	0.00081367	0	0.426374	1
175	54	259	57	257	95	96	0.00569569	0	0.569231	1
176	711	131	710	132	95	96	0.00162734	0	0.287912	2
177	704	175	703	175	95	96	0.00081367	0	0.384615	2
178	89	165	91	162	95	96	0.00895037	0	0.362637	1
179	333	200	334	199	95	96	0.00162734	0	0.43956	1
180	715	168	717	169	95	96	0.00244101	0	0.369231	1
181	369	161	369	160	95	96	0.00081367	0	0.353846	1
182	67	225	71	224	95	96	0.00406835	0	0.494505	1
183	367	258	377	258	95	96	0.0081367	0	0.567033	1
184	789	436	826	433	96	98	0.0374288	0	0.958242	1
185	440	164	449	161	96	97	0.0146461	0	0.36044	1
186	765	252	777	251	96	97	0.0105777	0	0.553846	1
187	556	304	585	303	96	98	0.0244101	0	0.668132	1
188	510	255	546	244	97	99	0.127746	0	0.56044	1
189	792	436	812	434	97	98	0.0195281	0	0.958242	1
190	510	192	525	188	97	98	0.0252238	0	0.421978	1
191	759	213	777	211	97	98	0.0179007	0	0.468132	1
192	432	45	451	44	97	98	0.0162734	0	0.0989011	1
193	593	330	673	330	97	101	0.0650936	0	0.725275	1
194	745	253	826	252	97	101	0.0667209	0	0.556044	1
195	383	229	402	231	97	98	0.0187144	0	0.503297	1
196	607	205	626	204	97	98	0.0162734	0	0.450549	1
197	590	298	606	296	97	98	0.0162734	0	0.654945	1
198	449	144	495	140	97	99	0.0504475	0	0.316484	1
199	711	207	728	206	97	98	0.0146461	0	0.454945	1
200	369	266	386	265	97	98	0.0146461	0	0.584615	1
201	529	267	601	246	97	102	0.417413	0	0.586813	1
202	718	134	734	134	97	98	0.0130187	0	0.294505	1
203	712	194	730	193	97	98	0.0154597	0	0.426374	1
204	365	107	384	105	97	98	0.0187144	0	0.235165	1
205	742	408	824	420	97	101	0.183889	0	0.896703	1
206	421	148	441	145	97	98	0.0235964	0	0.325275	1
207	739	161	733	149	97	98	0.12205	0	0.353846	2
208	38	210	56	208	97	98	0.0179007	0	0.461538	1
209	98	178	205	164	97	102	0.246542	0	0.391209	1
210	296	32	314	30	97	98	0.0179007	0	0.0703297	1
211	49	209	68	207	97	98	0.0187144	0	0.459341	1
212	538	204	611	200	97	102	0.0724166	0	0.448352	1
213	398	195	417	195	97	98	0.0154597	0	0.428571	1
214	484	192	503	186	97	98	0.0447518	0	0.421978	1
215	283	30	375	38	97	125	0.126932	0	0.0659341	1
216	577	308	595	308	97	98	0.0146461	0	0.676923	1
217	386	206	470	218	97	101	0.185517	0	0.452747	1
218	439	95	502	92	97	101	0.0585842	0	0.208791	1
219	732	205	815	205	97	101	0.0675346	0	0.450549	1
220	552	275	591	267	97	99	0.083808	0	0.604396	1
221	398	407	452	409	97	99	0.0471928	0	0.894505	1
222	719	147	754	149	97	99	0.0317331	0	0.323077	1
223	248	200	339	208	97	123	0.126119	0	0.43956	1
224	693	117	783	118	97	102	0.0740439	0	0.257143	1
225	550	300	571	293	98	99	0.0569569	0	0.659341	1
226	470	165	496	163	98	99	0.0244101	0	0.362637	1
227	409	98	473	101	98	101	0.0593979	0	0.215385	1
228	584	272	605	270	98	99	0.0203417	0	0.597802	1
229	422	269	448	268	98	99	0.0219691	0	0.591209	1
230	460	126	512	121	98	100	0.0626526	0	0.276923	1
231	133	192	187	185	98	100	0.083808	0	0.421978	1
232	759	159	753	150	98	99	0.0707893	0	0.349451	2
233	798	249	825	248	98	99	0.0227828	0	0.547253	1
234	473	151	523	147	98	100	0.0537022	0	0.331868	1
235	767	389	815	393	98	100	0.0520749	0	0.854945	1
236	408	266	457	265	98	100	0.0406835	0	0.584615	1
237	336	198	419	201	98	114	0.0748576	0	0.435165	1
238	740	208	804	210	98	101	0.0553295	0	0.457143	1
239	627	327	698	329	98	102	0.0610252	0	0.718681	1
240	695	105	768	106	98	102	0.0602116	0	0.230769	1
241	457	85	493	89	99	104	0.0423108	0	0.186813	1
242	638	198	695	202	99	117	0.0593979	0	0.435165	1
243	709	198	762	206	99	111	0.0951993	0	0.435165	1
244	548	187	571	185	99	100	0.0219691	0	0.410989	1
245	471	393	495	395	99	100	0.0227828	0	0.863736	1
246	757	136	779	136	99	100	0.0179007	0	0.298901	1
247	786	263	823	262	99	101	0.0309194	0	0.578022	1
248	223	205	247	204	99	100	0.0203417	0	0.450549	1
249	426	140	476	144	99	102	0.0537022	0	0.307692	1
250	406	114	447	114	99	101	0.0333605	0	0.250549	1
251	81	208	127	217	99	125	0.103336	0	0.457143	1
252	571	226	588	220	99	100	0.0431245	0	0.496703	1
253	156	154	181	150	99	100	0.0333605	0	0.338462	1
254	441	411	503	423	99	102	0.167616	0	0.903297	1
255	451	240	482	242	100	103	0.0284784	0	0.527473	1
256	471	268	485	269	100	101	0.012205	0	0.589011	1
257	744	203	777	206	100	104	0.0341741	0	0.446154	1
258	187	204	214	205	100	102	0.0227828	0	0.448352	1
259	328	204	361	206	100	104	0.0301058	0	0.448352	1
260	675	204	705	209	100	117	0.0447518	0	0.448352	1
261	478	412	532	427	100	104	0.227014	0	0.905495	1
262	526	157	556	158	100	102	0.0252238	0	0.345055	1
263	589	174	617	179	100	103	0.0431245	0	0.382418	1
264	486	40	514	42	100	102	0.0260374	0	0.0879121	1
265	397	203	427	204	100	103	0.0252238	0	0.446154	1
266	502	43	539	46	100	112	0.0374288	0	0.0945055	1
267	439	186	439	186	100	101	0	0	0.408791	1
268	257	204	283	206	100	102	0.0244101	0	0.448352	1
269	463	30	490	32	100	102	0.0252238	0	0.0659341	1
270	117	205	151	207	100	104	0.0309194	0	0.450549	1
271	158	122	214	139	100	119	0.280716	0	0.268132	1
272	436	264	452	263	100	101	0.0138324	0	0.58022	1
273	447	28	483	29	100	103	0.0301058	0	0.0615385	1
274	496	119	498	120	100	101	0.00244101	0	0.261538	1
275	175	203	203	205	100	102	0.0260374	0	0.446154	1
276	634	305	620	290	100	101	0.194467	0	0.67033	2
277	435	234	462	238	100	102	0.0349878	0	0.514286	1
278	443	449	462	453	100	101	0.0284784	0	0.986813	1
279	531	209	574	205	100	102	0.0480065	0	0.459341	1
280	526	186	565	185	100	102	0.0325468	0	0.408791	1
281	610	277	618	275	100	101	0.00976404	0	0.608791	1
282	461	237	476	237	100	101	0.012205	0	0.520879	1
283	362	28	385	38	100	125	0.100081	0	0.0615385	1
284	607	278	613	274	101	102	0.0179007	0	0.610989	1
285	151	220	166	219	101	102	0.0130187	0	0.483516	1
286	474	156	493	162	101	104	0.0447518	0	0.342857	1
287	799	198	810	200	101	102	0.012205	0	0.435165	1
288	531	109	540	107	101	102	0.0105777	0	0.23956	1
289	585	187	595	187	101	102	0.0081367	0	0.410989	1
290	613	255	613	247	101	104	0.0520749	0	0.56044	1
291	794	210	805	210	101	102	0.00895037	0	0.461538	1
292	790	140	797	141	101	102	0.00650936	0	0.307692	1
293	537	139	548	137	101	102	0.012205	0	0.305495	1
294	205	185	218	185	101	102	0.0105777	0	0.406593	1
295	524	442	534	438	101	102	0.0211554	0	0.971429	1
296	61	205	72	205	101	102	0.00895037	0	0.450549	1
297	507	432	523	435	101	102	0.0203417	0	0.949451	1
298	526	225	565	225	101	104	0.0317331	0	0.494505	1
299	146	150	168	151	101	104	0.0187144	0	0.32967	1
300	515	272	525	273	101	102	0.00895037	0	0.597802	1
301	597	280	604	275	101	102	0.0260374	0	0.615385	1
302	457	213	470	216	101	102	0.0179007	0	0.468132	1
303	784	180	795	182	101	102	0.012205	0	0.395604	1
304	508	118	507	113	101	103	0.0211554	0	0.259341	2
305	486	146	503	149	101	103	0.0211554	0	0.320879	1
306	646	298	642	297	102	103	0.00406835	0	0.654945	2
307	650	318	638	325	102	104	0.0496338	0	0.698901	2
308	496	264	505	259	102	103	0.0276648	0	0.58022	1
309	686	330	690	329	102	103	0.00406835	0	0.725275	1
310	623	274	623	269	102	103	0.0203417	0	0.602198	1
311	631	199	633	200	102	103	0.00244101	0	0.437363	1
312	444	165	448	158	102	103	0.0431245	0	0.362637	1
313	473	176	478	177	102	103	0.00488202	0	0.386813	1
314	490	121	494	122	102	103	0.00406835	0	0.265934	1
315	591	176	596	174	102	103	0.00732303	0	0.386813	1
316	454	161	458	155	102	103	0.0325468	0	0.353846	1
317	505	97	484	99	102	107	0.0203417	0	0.213187	2
318	501	119	498	115	102	103	0.0154597	0	0.261538	2
319	191	273	198	276	102	104	0.0130187	0	0.6	1
320	557	273	561	275	103	104	0.00650936	0	0.6	1
321	480	132	479	133	103	104	0.00162734	0	0.29011	2
322	609	274	608	275	103	104	0.00162734	0	0.602198	2
323	818	200	820	200	103	104	0.00162734	0	0.43956	1
324	559	263	564	266	103	104	0.0113914	0	0.578022	1
325	172	250	174	251	103	104	0.00244101	0	0.549451	1
326	542	114	537	118	103	104	0.0170871	0	0.250549	2
327	471	72	474	72	103	107	0.00244101	0	0.158242	1
328	782	115	767	108	103	108	0.0520749	0	0.252747	2
329	564	158	569	158	103	104	0.00406835	0	0.347253	1
330	484	103	484	105	103	104	0.00325468	0	0.226374	1
331	812	210	814	211	103	104	0.00244101	0	0.461538	1
332	439	215	440	223	103	104	0.0528885	0	0.472527	1
333	547	278	549	279	103	104	0.00244101	0	0.610989	1
334	282	205	281	208	103	117	0.0081367	0	0.450549	2
335	572	255	577	259	103	104	0.0170871	0	0.56044	1
336	452	189	452	189	103	104	0	0	0.415385	1
337	77	199	66	208	103	125	0.0748576	0	0.437363	2
338	531	273	534	273	103	104	0.00244101	0	0.6	1
339	217	205	219	206	103	104	0.00244101	0	0.450549	1
340	490	132	492	133	103	104	0.00244101	0	0.29011	1
341	598	236	591	230	103	105	0.0349878	0	0.518681	2
342	185	271	188	273	103	104	0.00569569	0	0.595604	1
343	520	42	526	42	103	109	0.00488202	0	0.0923077	1
344	496	224	498	225	103	104	0.00244101	0	0.492308	1
345	218	148	256	135	103	114	0.16843	0	0.325275	1
346	215	162	219	162	103	104	0.00325468	0	0.356044	1
347	205	211	211	211	103	104	0.00488202	0	0.463736	1
348	171	164	174	165	103	104	0.00325468	0	0.36044	1
349	805	182	789	180	103	108	0.0162734	0	0.4	2
350	188	152	191	152	103	104	0.00244101	0	0.334066	1
351	166	278	176	273	103	104	0.0284784	0	0.610989	1
352	469	56	472	57	103	104	0.00325468	0	0.123077	1
353	424	30	413	39	103	125	0.0748576	0	0.0659341	2
354	542	148	559	147	103	107	0.0146461	0	0.325275	1
355	494	29	498	30	103	105	0.00406835	0	0.0637363	1
356	510	276	512	278	103	104	0.00488202	0	0.606593	1
357	480	142	482	143	103	104	0.00244101	0	0.312088	1
358	185	231	189	231	103	104	0.00325468	0	0.507692	1
359	789	148	785	146	104	105	0.00650936	0	0.325275	2
360	558	122	559	120	104	105	0.00406835	0	0.268132	1
361	516	259	527	256	104	105	0.0162734	0	0.569231	1
362	622	193	630	192	104	106	0.00732303	0	0.424176	1
363	424	43	410	51	104	125	0.0634662	0	0.0945055	2
364	431	207	432	207	104	105	0.00081367	0	0.454945	1
365	536	142	538	141	104	105	0.00244101	0	0.312088	1
366	779	147	771	143	104	106	0.0195281	0	0.323077	2
367	508	227	510	226	104	105	0.00244101	0	0.498901	1
368	186	219	190	218	104	105	0.00406835	0	0.481319	1
369	494	143	496	143	104	107	0.00162734	0	0.314286	1
370	636	329	636	329	105	106	0	0	0.723077	1
371	565	276	567	276	105	108	0.00162734	0	0.606593	1
372	532	271	532	270	105	106	0.00081367	0	0.595604	1
373	635	306	635	308	105	106	0.00325468	0	0.672527	1
374	487	90	481	89	105	106	0.00569569	0	0.197802	2
375	551	279	550	279	105	107	0.00081367	0	0.613187	2
376	474	249	478	252	105	106	0.0105777	0	0.547253	1
377	439	226	433	235	105	111	0.0707893	0	0.496703	2
378	495	162	494	160	105	106	0.00406835	0	0.356044	2
379	478	134	475	135	105	106	0.00325468	0	0.294505	2
380	479	187	477	186	105	107	0.00244101	0	0.410989	2
381	223	163	257	149	105	115	0.187144	0	0.358242	1
382	489	187	488	186	105	106	0.00162734	0	0.410989	2
383	488	38	491	37	105	106	0.00325468	0	0.0835165	1
384	568	266	570	267	105	107	0.00244101	0	0.584615	1
385	189	182	193	181	105	108	0.00406835	0	0.4	1
386	816	211	815	211	105	107	0.00081367	0	0.463736	2
387	533	123	523	127	105	106	0.0211554	0	0.27033	2
388	576	125	578	121	105	106	0.0146461	0	0.274725	1
389	560	134	561	132	105	106	0.00406835	0	0.294505	1
390	821	200	818	197	105	106	0.00976404	0	0.43956	2
391	172	153	180	154	105	109	0.00732303	0	0.336264	1
392	650	318	650	321	105	106	0.00732303	0	0.698901	1
393	577	156	589	151	105	109	0.0301058	0	0.342857	1
394	188	253	195	251	105	106	0.00895037	0	0.556044	1
395	182	166	198	168	105	111	0.0162734	0	0.364835	1
396	472	115	469	116	105	106	0.00325468	0	0.252747	2
397	233	185	274	167	105	116	0.296989	0	0.406593	1
398	156	204	141	211	105	125	0.0520749	0	0.448352	2
399	485	120	499	143	105	115	0.441823	0	0.263736	1
400	691	326	679	323	105	106	0.0170871	0	0.716484	2
401	363	207	348	215	105	123	0.0642799	0	0.454945	2
402	515	209	518	207	105	106	0.00569569	0	0.459341	1
403	608	246	526	237	105	116	0.132628	0	0.540659	2
404	550	162	571	159	105	110	0.0244101	0	0.356044	1
405	463	156	463	154	105	106	0.00325468	0	0.342857	1
406	199	277	198	276	105	106	0.00162734	0	0.608791	2
407	207	177	243	164	105	115	0.166802	0	0.389011	1
408	451	189	448	190	105	106	0.00325468	0	0.415385	2
409	488	244	488	242	105	106	0.00325468	0	0.536264	1
410	557	448	582	451	105	108	0.0276648	0	0.984615	1
411	569	202	585	200	105	108	0.0162734	0	0.443956	1
412	194	149	194	147	105	106	0.00325468	0	0.327473	1
413	782	144	779	145	106	107	0.00325468	0	0.316484	2
414	176	250	166	257	106	122	0.0480065	0	0.549451	2
415	585	139	587	139	106	107	0.00162734	0	0.305495	1
416	439	43	425	53	106	125	0.0927583	0	0.0945055	2
417	560	118	564	117	106	108	0.00406835	0	0.259341	1
418	432	207	432	207	106	112	0	0	0.454945	1
419	493	47	494	48	106	107	0.00162734	0	0.103297	1
420	182	260	171	267	106	122	0.0488202	0	0.571429	2
421	529	260	540	260	106	107	0.00895037	0	0.571429	1
422	609	165	613	162	106	107	0.0105777	0	0.362637	1
423	567	146	579	142	106	109	0.0227828	0	0.320879	1
424	560	190	572	189	106	109	0.0105777	0	0.417582	1
425	540	257	551	258	106	107	0.00976404	0	0.564835	1
426	501	30	500	31	106	107	0.00162734	0	0.0659341	2
427	627	178	630	177	106	107	0.00325468	0	0.391209	1
428	539	134	550	134	106	111	0.00895037	0	0.294505	1
429	188	271	188	271	106	107	0	0	0.595604	1
430	585	228	574	226	106	108	0.012205	0	0.501099	2
431	571	110	604	108	106	112	0.0301058	0	0.241758	1
432	482	175	481	175	106	107	0.00081367	0	0.384615	2
433	217	195	260	182	106	116	0.172498	0	0.428571	1
434	609	266	606	262	107	108	0.0154597	0	0.584615	2
435	482	257	482	260	107	110	0.00732303	0	0.564835	1
436	495	160	500	190	107	118	0.736371	0	0.351648	1
437	558	429	612	453	107	116	0.512612	0	0.942857	1
438	489	187	489	188	107	108	0.00081367	0	0.410989	1
439	814	196	790	192	107	110	0.0325468	0	0.430769	2
440	199	277	200	276	107	108	0.00162734	0	0.608791	1
441	203	254	213	255	107	108	0.00895037	0	0.558242	1
442	514	224	518	221	107	108	0.0105777	0	0.492308	1
443	584	119	624	121	107	114	0.0358015	0	0.261538	1
444	556	202	560	203	107	108	0.00406835	0	0.443956	1
445	467	121	467	130	107	109	0.0659072	0	0.265934	1
446	564	135	571	133	107	110	0.00895037	0	0.296703	1
447	633	191	636	186	107	108	0.0227828	0	0.41978	1
448	610	256	600	250	107	109	0.0374288	0	0.562637	2
449	773	188	770	192	107	110	0.0154597	0	0.413187	2
450	571	413	644	447	107	119	1	0	0.907692	1
451	648	290	651	287	107	109	0.00976404	0	0.637363	1
452	508	154	513	181	107	117	0.597234	0	0.338462	1
453	526	240	540	246	107	108	0.0406835	0	0.527473	1
454	197	149	199	148	107	108	0.00244101	0	0.327473	1
455	477	144	478	145	107	108	0.00162734	0	0.316484	1
456	198	256	202	250	108	110	0.0325468	0	0.562637	1
457	477	72	477	70	108	110	0.00325468	0	0.158242	1
458	779	144	778	142	108	109	0.00406835	0	0.316484	2
459	483	178	484	184	108	110	0.0301058	0	0.391209	1
460	479	117	479	120	108	109	0.00732303	0	0.257143	1
461	479	188	479	189	108	109	0.00081367	0	0.413187	1
462	501	145	502	160	108	114	0.183889	0	0.318681	1
463	769	146	769	144	108	109	0.00325468	0	0.320879	1
464	472	90	442	91	108	112	0.0252238	0	0.197802	2
465	653	324	652	323	108	109	0.00162734	0	0.712088	2
466	499	181	500	186	108	110	0.0211554	0	0.397802	1
467	576	190	579	189	108	109	0.00325468	0	0.417582	1
468	611	176	615	170	108	110	0.0325468	0	0.386813	1
469	781	130	741	140	108	116	0.113914	0	0.285714	2
470	622	190	625	186	108	109	0.0154597	0	0.417582	1
471	638	329	637	329	109	110	0.00081367	0	0.723077	2
472	638	310	633	308	109	111	0.00732303	0	0.681319	2
473	603	260	595	258	109	110	0.00976404	0	0.571429	2
474	195	179	195	180	109	110	0.00081367	0	0.393407	1
475	513	207	512	208	109	110	0.00162734	0	0.454945	2
476	560	145	565	141	109	112	0.0170871	0	0.318681	1
477	550	157	552	157	109	110	0.00162734	0	0.345055	1
478	196	263	197	258	109	110	0.0211554	0	0.578022	1
479	224	257	241	261	109	115	0.0268511	0	0.564835	1
480	566	118	567	119	109	112	0.00162734	0	0.259341	1
481	533	271	534	268	109	112	0.0081367	0	0.595604	1
482	760	103	683	106	109	125	0.0699756	0	0.226374	2
483	215	238	238	235	109	113	0.0260374	0	0.523077	1
484	781	181	748	177	109	113	0.0398698	0	0.397802	2
485	640	181	642	176	109	110	0.0219691	0	0.397802	1
486	569	225	562	224	109	110	0.00650936	0	0.494505	2
487	642	257	649	254	109	110	0.0130187	0	0.564835	1
488	777	142	773	141	110	111	0.00406835	0	0.312088	2
489	529	46	529	45	110	111	0.00081367	0	0.101099	1
490	490	31	490	30	110	111	0.00081367	0	0.0681319	1
491	618	185	625	178	110	113	0.0455655	0	0.406593	1
492	651	323	648	319	110	111	0.0154597	0	0.70989	2
493	202	235	204	235	110	111	0.00162734	0	0.516484	1
494	583	147	587	143	110	111	0.0162734	0	0.323077	1
495	590	213	610	211	110	116	0.0195281	0	0.468132	1
496	583	190	588	188	110	111	0.00732303	0	0.417582	1
497	491	196	492	198	110	111	0.00406835	0	0.430769	1
498	759	113	740	117	110	114	0.0284784	0	0.248352	2
499	190	144	193	148	110	114	0.0154597	0	0.316484	1
500	659	275	663	272	110	111	0.0105777	0	0.604396	1
501	480	259	476	260	111	113	0.00406835	0	0.569231	2
502	493	257	493	264	111	112	0.0398698	0	0.564835	1
503	578	455	579	454	111	112	0.00162734	0	1	1
504	200	252	203	246	111	112	0.0317331	0	0.553846	1
505	604	166	606	165	111	112	0.00244101	0	0.364835	1
506	473	173	474	175	111	112	0.00406835	0	0.38022	1
507	198	181	196	192	111	119	0.100081	0	0.397802	2
508	555	224	521	222	111	115	0.0309194	0	0.492308	2
509	566	157	564	149	111	116	0.0537022	0	0.345055	2
510	646	287	663	285	111	113	0.0170871	0	0.630769	1
511	647	170	658	168	111	113	0.012205	0	0.373626	1
512	260	261	254	263	111	116	0.0081367	0	0.573626	2
513	205	150	205	153	111	113	0.00732303	0	0.32967	1
514	614	151	615	149	111	112	0.00406835	0	0.331868	1
515	466	239	467	241	111	112	0.00406835	0	0.525275	1
516	212	138	213	141	111	113	0.0081367	0	0.303297	1
517	497	237	496	237	112	113	0.00081367	0	0.520879	2
518	756	142	747	144	112	113	0.0105777	0	0.312088	2
519	767	142	757	145	112	113	0.0154597	0	0.312088	2
520	446	133	439	137	112	113	0.0187144	0	0.292308	2
521	209	236	206	237	112	113	0.00325468	0	0.518681	2
522	489	30	474	38	112	125	0.0642799	0	0.0659341	2
523	430	234	427	235	112	114	0.00325468	0	0.514286	2
524	591	146	589	145	112	113	0.00244101	0	0.320879	2
525	199	169	199	173	112	114	0.0130187	0	0.371429	1
526	490	128	492	130	112	113	0.00488202	0	0.281319	1
527	547	332	542	334	112	118	0.00732303	0	0.72967	2
528	456	133	449	136	112	113	0.0130187	0	0.292308	2
529	575	142	572	139	112	115	0.00976404	0	0.312088	2
530	588	134	585	134	112	114	0.00244101	0	0.294505	2
531	642	148	649	147	112	113	0.00650936	0	0.325275	1
532	190	217	188	224	112	119	0.0414972	0	0.476923	2
533	669	268	675	265	112	113	0.012205	0	0.589011	1
534	611	304	593	301	113	114	0.0219691	0	0.668132	2
535	580	452	583	452	113	114	0.00244101	0	0.993407	1
536	567	121	567	122	113	114	0.00081367	0	0.265934	1
537	476	176	477	176	113	114	0.00081367	0	0.386813	1
538	609	167	613	167	113	114	0.00325468	0	0.367033	1
539	563	143	561	141	113	115	0.00488202	0	0.314286	2
540	622	150	626	150	113	114	0.00325468	0	0.32967	1
541	610	109	638	131	113	125	0.416599	0	0.23956	1
542	215	208	210	209	113	119	0.00488202	0	0.457143	2
543	776	208	775	208	113	114	0.00081367	0	0.457143	2
544	612	155	616	155	113	114	0.00325468	0	0.340659	1
545	508	187	508	188	113	114	0.00081367	0	0.410989	1
546	658	252	663	253	113	115	0.00488202	0	0.553846	1
547	218	244	226	241	113	114	0.0138324	0	0.536264	1
548	693	256	699	261	113	114	0.0252238	0	0.562637	1
549	250	196	274	193	113	118	0.0268511	0	0.430769	1
550	493	130	498	131	114	116	0.00488202	0	0.285714	1
551	604	268	614	267	114	115	0.00895037	0	0.589011	1
552	533	48	532	47	114	115	0.00162734	0	0.105495	2
553	589	146	590	144	114	115	0.00406835	0	0.320879	1
554	740	146	732	148	114	115	0.00976404	0	0.320879	2
555	750	148	741	150	114	115	0.0105777	0	0.325275	2
556	408	184	406	184	114	117	0.00162734	0	0.404396	2
557	422	174	419	175	114	116	0.00325468	0	0.382418	2
558	632	185	647	190	114	117	0.0325468	0	0.406593	1
559	752	186	748	185	114	115	0.00406835	0	0.408791	2
560	496	32	495	31	114	115	0.00162734	0	0.0703297	2
561	742	179	729	186	114	117	0.0504475	0	0.393407	2
562	609	197	626	198	114	118	0.0146461	0	0.432967	1
563	522	45	521	45	114	115	0.00081367	0	0.0989011	2
564	561	210	562	208	114	115	0.00406835	0	0.461538	1
565	482	188	481	191	114	116	0.0081367	0	0.413187	2
566	545	298	542	299	114	115	0.00325468	0	0.654945	2
567	656	159	673	161	114	116	0.0170871	0	0.349451	1
568	430	236	431	236	115	116	0.00081367	0	0.518681	1
569	741	205	738	205	115	116	0.00244101	0	0.450549	2
570	486	204	485	207	115	116	0.0081367	0	0.448352	2
571	502	154	503	157	115	116	0.0081367	0	0.338462	1
572	427	201	426	200	115	116	0.00162734	0	0.441758	2
573	195	149	199	153	115	119	0.0162734	0	0.327473	1
574	199	239	196	240	115	119	0.00325468	0	0.525275	2
575	776	209	765	216	115	125	0.0488202	0	0.459341	2
576	259	135	265	130	115	119	0.0252238	0	0.296703	1
577	239	235	246	232	115	116	0.0130187	0	0.516484	1
578	743	118	724	123	115	119	0.0358015	0	0.259341	2
579	595	299	575	301	115	116	0.0195281	0	0.657143	2
580	487	49	486	49	115	116	0.00081367	0	0.107692	2
581	630	121	634	121	115	116	0.00325468	0	0.265934	1
582	766	201	763	202	115	119	0.00325468	0	0.441758	2
583	753	195	746	194	115	116	0.00650936	0	0.428571	2
584	516	210	509	208	115	116	0.00895037	0	0.461538	2
585	573	150	573	150	115	117	0	0	0.32967	1
586	243	262	243	260	116	117	0.00325468	0	0.575824	1
587	533	48	522	54	116	125	0.0382425	0	0.105495	2
588	262	148	266	144	116	118	0.0162734	0	0.325275	1
589	583	268	586	267	116	117	0.00325468	0	0.589011	1
590	522	43	521	43	116	117	0.00081367	0	0.0945055	2
591	724	151	717	151	116	117	0.00569569	0	0.331868	2
592	594	144	600	147	116	119	0.012205	0	0.316484	1
593	571	129	573	131	116	117	0.00488202	0	0.283516	1
594	575	178	573	177	116	117	0.00244101	0	0.391209	2
595	244	214	261	203	116	120	0.112286	0	0.47033	1
596	823	157	822	158	116	117	0.00162734	0	0.345055	2
597	514	219	506	216	116	117	0.0138324	0	0.481319	2
598	680	178	688	184	116	119	0.0358015	0	0.391209	1
599	496	32	485	38	116	125	0.0382425	0	0.0703297	2
600	735	155	727	156	116	117	0.00732303	0	0.340659	2
601	422	210	421	210	116	117	0.00081367	0	0.461538	2
602	271	177	275	174	116	117	0.0105777	0	0.389011	1
603	737	208	735	208	117	118	0.00162734	0	0.457143	2
604	446	140	443	135	117	118	0.0227828	0	0.307692	2
605	616	214	649	218	117	125	0.0398698	0	0.47033	1
606	253	266	252	265	117	118	0.00162734	0	0.584615	2
607	630	276	631	279	117	119	0.0081367	0	0.606593	1
608	681	258	691	259	117	118	0.00895037	0	0.567033	1
609	826	180	804	198	117	125	0.28153	0	0.395604	2
610	680	163	684	163	117	118	0.00325468	0	0.358242	1
611	702	256	711	258	117	118	0.0105777	0	0.562637	1
612	517	234	496	228	117	119	0.0463792	0	0.514286	2
613	729	221	728	220	117	118	0.00162734	0	0.485714	2
614	513	151	515	150	117	118	0.00244101	0	0.331868	1
615	237	153	240	151	117	119	0.00569569	0	0.336264	1
616	649	117	652	117	117	118	0.00244101	0	0.257143	1
617	251	176	255	174	117	118	0.00650936	0	0.386813	1
618	203	178	201	186	117	121	0.0537022	0	0.391209	2
619	649	149	651	152	117	118	0.00895037	0	0.327473	1
620	550	317	545	313	117	118	0.0170871	0	0.696703	2
621	448	130	423	131	117	121	0.0211554	0	0.285714	2
622	506	171	503	180	117	119	0.0683483	0	0.375824	2
623	591	242	592	239	117	119	0.0081367	0	0.531868	1
624	411	115	405	115	117	118	0.00488202	0	0.252747	2
625	630	267	630	269	118	119	0.00325468	0	0.586813	1
626	427	209	417	215	118	125	0.0374288	0	0.459341	2
627	519	47	517	47	118	119	0.00162734	0	0.103297	2
628	504	133	506	132	118	119	0.00244101	0	0.292308	1
629	596	258	606	259	118	119	0.00895037	0	0.567033	1
630	586	263	595	262	118	119	0.0081367	0	0.578022	1
631	567	219	568	217	118	119	0.00406835	0	0.481319	1
632	653	164	660	167	118	119	0.0130187	0	0.36044	1
633	532	227	523	225	118	119	0.0105777	0	0.498901	2
634	476	188	474	195	118	119	0.0414972	0	0.413187	2
635	514	185	510	194	118	120	0.0691619	0	0.406593	2
636	728	188	725	189	118	119	0.00325468	0	0.413187	2
637	281	160	282	158	118	119	0.00406835	0	0.351648	1
638	272	177	276	174	118	119	0.0105777	0	0.389011	1
639	561	209	561	208	118	119	0.00081367	0	0.459341	1
640	399	100	346	120	118	125	0.368592	0	0.21978	2
641	242	257	245	252	118	119	0.0227828	0	0.564835	1
642	569	178	569	174	118	122	0.0130187	0	0.391209	1
643	579	178	580	178	118	119	0.00081367	0	0.391209	1
644	475	199	474	207	118	119	0.0528885	0	0.437363	2
645	210	169	210	171	118	119	0.00325468	0	0.371429	1
646	734	209	732	208	119	120	0.00244101	0	0.459341	2
647	439	134	424	141	119	121	0.0520749	0	0.294505	2
648	683	273	682	272	119	120	0.00162734	0	0.6	2
649	701	275	700	275	119	120	0.00081367	0	0.604396	2
650	259	159	264	161	119	122	0.00732303	0	0.349451	1
651	495	320	480	327	119	122	0.0520749	0	0.703297	2
652	530	33	529	34	119	120	0.00162734	0	0.0725275	2
653	267	225	273	222	119	120	0.012205	0	0.494505	1
654	257	173	264	174	119	122	0.00650936	0	0.38022	1
655	570	267	572	264	120	121	0.00895037	0	0.586813	1
656	630	271	628	272	120	121	0.00244101	0	0.595604	2
657	499	302	493	305	120	121	0.012205	0	0.663736	2
658	507	162	529	165	120	125	0.0252238	0	0.356044	1
659	214	143	212	157	120	125	0.161107	0	0.314286	2
660	281	173	283	172	120	121	0.00244101	0	0.38022	1
661	213	210	206	215	120	123	0.0260374	0	0.461538	2
662	607	263	618	263	120	121	0.00895037	0	0.578022	1
663	509	132	516	132	120	122	0.00569569	0	0.29011	1
664	617	261	627	261	120	121	0.0081367	0	0.573626	1
665	694	144	688	144	120	121	0.00488202	0	0.316484	2
666	202	155	199	169	120	125	0.16192	0	0.340659	2
667	519	49	511	53	120	125	0.0195281	0	0.107692	2
668	720	122	693	113	120	125	0.0878763	0	0.268132	2
669	276	159	278	162	120	123	0.00895037	0	0.349451	1
670	188	227	188	231	120	122	0.0130187	0	0.498901	1
671	690	186	691	187	120	121	0.00162734	0	0.408791	1
672	826	207	814	214	120	124	0.0496338	0	0.454945	2
673	762	204	754	208	120	125	0.0195281	0	0.448352	2
674	810	178	795	188	120	125	0.093572	0	0.391209	2
675	266	131	273	143	120	125	0.122864	0	0.287912	1
676	638	204	662	201	120	125	0.0268511	0	0.448352	1
677	553	168	554	166	120	121	0.00406835	0	0.369231	1
678	272	146	274	152	120	123	0.0309194	0	0.320879	1
679	195	197	194	199	120	121	0.00406835	0	0.432967	2
680	694	155	694	156	120	121	0.00081367	0	0.340659	1
681	731	264	741	270	120	122	0.0374288	0	0.58022	1
682	270	173	274	174	120	123	0.00406835	0	0.38022	1
683	478	163	477	168	120	121	0.0211554	0	0.358242	2
684	503	320	498	323	120	121	0.0113914	0	0.703297	2
685	594	239	599	239	120	121	0.00406835	0	0.525275	1
686	827	281	814	281	120	125	0.0105777	0	0.617582	2
687	823	265	807	265	120	125	0.0130187	0	0.582418	2
688	523	150	533	152	120	123	0.0113914	0	0.32967	1
689	712	161	712	160	120	121	0.00081367	0	0.353846	1
690	817	299	809	303	120	125	0.0195281	0	0.657143	2
691	482	50	474	54	120	125	0.0195281	0	0.10989	2
692	211	173	205	182	120	123	0.0707893	0	0.38022	2
693	717	143	701	140	120	123	0.0203417	0	0.314286	2
694	628	281	625	280	120	125	0.00325468	0	0.617582	2
695	645	134	644	141	120	123	0.0406835	0	0.294505	2
696	265	203	277	204	121	124	0.0105777	0	0.446154	1
697	514	290	512	291	121	122	0.00244101	0	0.637363	2
698	645	279	640	283	121	123	0.0170871	0	0.613187	2
699	688	229	693	233	121	122	0.0170871	0	0.503297	1
700	275	207	280	207	121	122	0.00406835	0	0.454945	1
701	242	156	243	160	121	122	0.0138324	0	0.342857	1
702	281	222	287	222	121	122	0.00488202	0	0.487912	1
703	699	278	703	278	121	122	0.00325468	0	0.610989	1
704	489	189	484	194	121	122	0.0244101	0	0.415385	2
705	718	262	721	265	121	122	0.00976404	0	0.575824	1
706	626	274	622	274	122	123	0.00325468	0	0.602198	2
707	658	283	655	284	122	123	0.00325468	0	0.621978	2
708	608	240	616	242	122	123	0.00976404	0	0.527473	1
709	680	177	683	177	122	123	0.00244101	0	0.389011	1
710	621	207	617	208	122	125	0.00406835	0	0.454945	2
711	192	200	186	201	122	123	0.00569569	0	0.43956	2
712	411	149	398	155	122	123	0.0398698	0	0.327473	2
713	584	148	593	146	122	125	0.0105777	0	0.325275	1
714	693	190	696	190	122	123	0.00244101	0	0.417582	1
715	737	291	733	292	122	125	0.00406835	0	0.63956	2
716	677	197	680	196	122	123	0.00325468	0	0.432967	1
717	582	276	586	275	122	123	0.00406835	0	0.606593	1
718	595	204	600	203	122	125	0.00488202	0	0.448352	1
719	524	37	520	38	122	125	0.00406835	0	0.0813187	2
720	515	182	521	184	122	124	0.0081367	0	0.4	1
721	509	294	508	293	123	125	0.00162734	0	0.646154	2
722	521	133	532	136	123	125	0.0162734	0	0.292308	1
723	190	233	193	233	123	124	0.00244101	0	0.512088	1
724	827	270	825	269	123	124	0.00244101	0	0.593407	2
725	485	309	481	307	123	124	0.00650936	0	0.679121	2
726	264	165	271	164	123	125	0.00650936	0	0.362637	1
727	494	327	492	324	123	124	0.00895037	0	0.718681	2
728	362	213	361	213	123	125	0.00081367	0	0.468132	2
729	678	167	683	165	123	124	0.00732303	0	0.367033	1
730	169	268	172	266	123	125	0.00569569	0	0.589011	1
731	692	150	691	148	123	124	0.00406835	0	0.32967	2
732	741	275	741	274	123	125	0.00081367	0	0.604396	1
733	264	177	267	175	123	124	0.00569569	0	0.389011	1
734	506	178	517	182	123	125	0.0219691	0	0.391209	1
735	577	43	580	40	123	124	0.00976404	0	0.0945055	1
736	509	147	520	151	123	125	0.0219691	0	0.323077	1
737	562	53	565	49	123	124	0.0154597	0	0.116484	1
738	827	301	826	299	123	124	0.00406835	0	0.661538	2
739	624	272	628	269	124	125	0.0105777	0	0.597802	1
740	167	257	169	256	124	125	0.00244101	0	0.564835	1
741	679	145	678	144	124	125	0.00162734	0	0.318681	2
742	191	193	189	193	124	125	0.00162734	0	0.424176	2
743	204	188	203	190	124	125	0.00406835	0	0.413187	2
744	285	233	285	232	124	125	0.00081367	0	0.512088	1
745	646	141	648	141	124	125	0.00162734	0	0.30989	1
746	699	137	697	133	124	125	0.0146461	0	0.301099	2
747	628	216	627	216	124	125	0.00081367	0	0.474725	2
748	285	250	284	250	124	125	0.00081367	0	0.549451	2
749	392	154	383	157	124	125	0.0146461	0	0.338462	2
750	277	172	281	170	124	125	0.00650936	0	0.378022	1
751	451	224	442	222	124	125	0.0105777	0	0.492308	2