
0	266	455	266	455	172	173	0	0	1	1
1	312	157	312	155	172	173	0.038835	0	0.345055	1
2	295	405	294	405	172	173	0.00970874	0	0.89011	2
3	328	168	330	166	172	173	0.0582524	0	0.369231	1
4	350	202	349	202	172	175	0.00970874	0	0.443956	2
5	286	203	286	203	172	174	0	0	0.446154	1
6	329	155	327	154	172	173	0.0291262	0	0.340659	2
7	378	186	376	184	172	173	0.0582524	0	0.408791	2
8	307	200	308	200	173	174	0.00970874	0	0.43956	1
9	360	228	360	228	173	174	0	0	0.501099	1
10	323	196	323	195	173	174	0.00970874	0	0.430769	1
11	387	172	386	172	173	174	0.00970874	0	0.378022	2
12	199	175	194	176	173	177	0.0582524	0	0.384615	2
13	320	248	323	251	173	175	0.116505	0	0.545055	1
14	398	176	397	176	173	174	0.00970874	0	0.386813	2
15	312	133	309	132	173	174	0.038835	0	0.292308	2
16	298	224	297	224	174	175	0.00970874	0	0.492308	2
17	211	189	212	188	174	175	0.0194175	0	0.415385	1
18	354	192	354	191	174	175	0.00970874	0	0.421978	1
19	306	250	306	250	174	175	0	0	0.549451	1
20	395	157	386	158	174	178	0.0970874	0	0.345055	2
21	326	154	325	154	174	175	0.00970874	0	0.338462	2
22	388	192	387	192	174	175	0.00970874	0	0.421978	2
23	312	156	312	155	174	175	0.00970874	0	0.342857	1
24	371	176	370	176	174	175	0.00970874	0	0.386813	2
25	208	168	208	168	174	175	0	0	0.369231	1
26	296	405	298	404	174	177	0.0291262	0	0.89011	1
27	202	144	201	144	174	175	0.00970874	0	0.316484	2
28	618	153	622	150	174	177	0.126214	0	0.336264	1
29	379	315	382	319	174	210	0.184466	0	0.692308	1
30	267	455	267	454	175	176	0.00970874	0	1	1
31	419	159	419	159	175	176	0	0	0.349451	1
32	365	207	365	206	175	176	0.00970874	0	0.454945	1
33	311	201	312	201	175	176	0.00970874	0	0.441758	1
34	257	455	257	454	175	176	0.00970874	0	1	1
35	396	177	395	177	175	176	0.00970874	0	0.389011	2
36	323	196	322	195	175	176	0.0194175	0	0.430769	2
37	386	172	384	171	175	176	0.0291262	0	0.378022	2
38	346	155	348	154	175	176	0.0291262	0	0.340659	1
39	338	135	342	133	175	179	0.0776699	0	0.296703	1
40	322	253	322	252	176	178	0.00970874	0	0.556044	1
41	355	191	354	189	176	177	0.0485437	0	0.41978	2
42	325	158	325	158	176	177	0	0	0.347253	1
43	214	186	215	185	176	177	0.0194175	0	0.408791	1
44	420	178	421	177	176	178	0.0194175	0	0.391209	1
45	342	181	340	178	176	177	0.106796	0	0.397802	2
46	389	192	386	190	176	178	0.0679612	0	0.421978	2
47	307	249	306	248	176	179	0.0194175	0	0.547253	2
48	201	144	199	144	176	178	0.0194175	0	0.316484	2
49	389	204	386	203	176	177	0.038835	0	0.448352	2
50	24	381	24	381	176	189	0	0	0.837363	1
51	516	67	518	68	176	194	0.0291262	0	0.147253	1
52	307	211	307	211	177	178	0	0	0.463736	1
53	332	207	331	206	177	179	0.0194175	0	0.454945	2
54	519	227	521	228	177	180	0.0291262	0	0.498901	1
55	509	225	509	224	177	179	0.00970874	0	0.494505	1
56	625	176	625	175	177	179	0.00970874	0	0.386813	1
57	313	201	314	201	177	178	0.00970874	0	0.441758	1
58	358	218	355	216	177	178	0.0679612	0	0.479121	2
59	313	153	312	151	177	179	0.0485437	0	0.336264	2
60	209	168	209	168	177	178	0	0	0.369231	1
61	292	193	290	193	177	178	0.0194175	0	0.424176	2
62	284	225	283	222	177	178	0.0970874	0	0.494505	2
63	383	172	381	171	177	178	0.0291262	0	0.378022	2
64	327	158	328	158	178	179	0.00970874	0	0.347253	1
65	821	36	818	36	178	189	0.0291262	0	0.0791209	2
66	286	203	284	203	178	179	0.0194175	0	0.446154	2
67	372	181	370	179	178	179	0.0582524	0	0.397802	2
68	357	187	354	185	178	179	0.0679612	0	0.410989	2
69	265	158	266	157	178	179	0.0194175	0	0.347253	1
70	257	455	256	454	178	184	0.0194175	0	1	2
71	346	151	346	150	178	179	0.00970874	0	0.331868	1
72	195	177	194	177	178	182	0.00970874	0	0.389011	2
73	374	143	371	141	178	179	0.0679612	0	0.314286	2
74	278	400	280	401	178	182	0.0291262	0	0.879121	1
75	400	128	396	127	178	181	0.0485437	0	0.281319	2
76	267	455	266	454	179	184	0.0194175	0	1	2
77	511	214	511	215	179	180	0.00970874	0	0.47033	1
78	290	224	289	224	179	180	0.00970874	0	0.492308	2
79	312	234	309	234	179	180	0.0291262	0	0.514286	2
80	215	133	216	138	179	190	0.252427	0	0.292308	1
81	521	216	521	215	179	180	0.00970874	0	0.474725	1
82	427	130	426	129	179	185	0.0194175	0	0.285714	2
83	384	158	379	157	179	181	0.0582524	0	0.347253	2
84	295	194	296	194	180	181	0.00970874	0	0.426374	1
85	346	152	347	151	180	181	0.0194175	0	0.334066	1
86	331	219	331	218	180	181	0.00970874	0	0.481319	1
87	225	198	226	198	180	181	0.00970874	0	0.435165	1
88	330	158	331	158	180	181	0.00970874	0	0.347253	1
89	309	249	307	250	180	181	0.0291262	0	0.547253	2
90	298	397	313	395	180	187	0.184466	0	0.872527	1
91	266	158	267	158	180	181	0.00970874	0	0.347253	1
92	33	336	45	340	180	188	0.271845	0	0.738462	1
93	514	203	515	202	180	183	0.0194175	0	0.446154	1
94	625	175	625	173	180	181	0.038835	0	0.384615	1
95	306	418	306	420	180	182	0.038835	0	0.918681	1
96	367	179	363	177	180	182	0.0776699	0	0.393407	2
97	377	203	376	203	180	181	0.00970874	0	0.446154	2
98	343	136	344	136	180	182	0.00970874	0	0.298901	1
99	636	200	639	202	180	210	0.0679612	0	0.43956	1
100	510	225	510	224	180	181	0.00970874	0	0.494505	1
101	377	171	375	170	180	181	0.0291262	0	0.375824	2
102	285	386	317	381	180	192	0.553398	0	0.848352	1
103	436	143	435	143	180	182	0.00970874	0	0.314286	2
104	343	312	345	315	180	210	0.106796	0	0.685714	1
105	266	207	263	209	180	184	0.0679612	0	0.454945	2
106	575	194	575	195	181	188	0.00970874	0	0.426374	1
107	343	229	342	228	181	182	0.0194175	0	0.503297	2
108	364	151	365	150	181	182	0.0194175	0	0.331868	1
109	367	141	363	140	181	182	0.0485437	0	0.30989	2
110	229	176	230	175	181	182	0.0194175	0	0.386813	1
111	302	387	315	385	181	186	0.165049	0	0.850549	1
112	46	360	51	361	181	186	0.0582524	0	0.791209	1
113	298	195	298	195	182	183	0	0	0.428571	1
114	309	209	310	207	182	183	0.0485437	0	0.459341	1
115	519	229	520	228	182	184	0.0194175	0	0.503297	1
116	332	216	330	214	182	183	0.0582524	0	0.474725	2
117	513	219	513	217	182	184	0.038835	0	0.481319	1
118	344	200	342	198	182	183	0.0582524	0	0.43956	2
119	330	205	327	203	182	183	0.0679612	0	0.450549	2
120	396	129	391	130	182	185	0.0582524	0	0.283516	2
121	355	161	355	160	182	183	0.00970874	0	0.353846	1
122	626	172	626	172	182	183	0	0	0.378022	1
123	249	205	250	207	182	184	0.0485437	0	0.450549	1
124	619	137	623	136	182	187	0.0485437	0	0.301099	1
125	530	75	532	78	182	201	0.106796	0	0.164835	1
126	297	158	295	158	183	184	0.0194175	0	0.347253	2
127	283	401	298	397	183	188	0.300971	0	0.881319	1
128	362	199	361	199	183	184	0.00970874	0	0.437363	2
129	307	422	309	422	183	189	0.0194175	0	0.927473	1
130	373	188	370	188	183	184	0.0291262	0	0.413187	2
131	286	222	278	218	183	185	0.23301	0	0.487912	2
132	231	176	232	175	183	184	0.0194175	0	0.386813	1
133	227	204	227	204	183	184	0	0	0.448352	1
134	268	158	269	160	183	184	0.0485437	0	0.347253	1
135	288	140	279	144	183	188	0.242718	0	0.307692	2
136	270	168	271	173	183	185	0.252427	0	0.369231	1
137	351	162	351	161	184	185	0.00970874	0	0.356044	1
138	365	169	363	169	184	185	0.0194175	0	0.371429	2
139	328	214	324	213	184	185	0.0485437	0	0.47033	2
140	303	244	302	244	184	186	0.00970874	0	0.536264	2
141	377	203	374	204	184	185	0.038835	0	0.446154	2
142	329	188	327	185	184	186	0.106796	0	0.413187	2
143	373	153	373	152	184	186	0.00970874	0	0.336264	1
144	516	203	517	205	184	189	0.0485437	0	0.446154	1
145	326	202	324	200	184	185	0.0582524	0	0.443956	2
146	334	176	335	175	184	185	0.0194175	0	0.386813	1
147	253	184	254	190	184	187	0.359223	0	0.404396	1
148	368	124	373	126	184	187	0.0873786	0	0.272527	1
149	368	189	359	192	185	189	0.174757	0	0.415385	2
150	523	230	524	231	185	187	0.0194175	0	0.505495	1
151	514	219	514	219	185	188	0	0	0.481319	1
152	308	412	308	412	185	186	0	0	0.905495	1
153	295	159	293	159	185	186	0.0194175	0	0.349451	2
154	235	176	237	175	185	186	0.0291262	0	0.386813	1
155	273	423	296	421	185	189	0.262136	0	0.92967	1
156	227	205	227	204	185	188	0.00970874	0	0.450549	1
157	271	163	273	168	185	187	0.262136	0	0.358242	1
158	51	324	129	329	185	210	1	0	0.712088	1
159	424	159	423	160	185	188	0.0194175	0	0.349451	2
160	286	204	283	202	186	187	0.0679612	0	0.448352	2
161	361	172	359	172	186	187	0.0194175	0	0.378022	2
162	390	129	387	128	186	187	0.038835	0	0.283516	2
163	342	177	342	177	186	187	0	0	0.389011	1
164	359	161	359	160	186	187	0.00970874	0	0.353846	1
165	273	231	268	230	186	187	0.0582524	0	0.507692	2
166	367	207	363	207	187	188	0.038835	0	0.454945	2
167	310	412	315	410	187	190	0.0873786	0	0.905495	1
168	292	160	289	162	187	189	0.0679612	0	0.351648	2
169	267	244	261	245	187	189	0.0679612	0	0.536264	2
170	240	175	242	174	187	188	0.0291262	0	0.384615	1
171	377	210	373	210	187	188	0.038835	0	0.461538	2
172	508	192	508	192	187	194	0	0	0.421978	1
173	374	152	374	152	187	188	0	0	0.334066	1
174	347	204	347	203	187	188	0.00970874	0	0.448352	1
175	385	186	385	185	187	188	0.00970874	0	0.408791	1
176	249	216	249	216	187	188	0	0	0.474725	1
177	268	214	265	213	188	189	0.038835	0	0.47033	2
178	320	402	323	401	188	189	0.038835	0	0.883516	1
179	525	229	526	228	188	190	0.0194175	0	0.503297	1
180	267	455	266	454	188	189	0.0194175	0	1	2
181	633	180	633	180	188	190	0	0	0.395604	1
182	266	228	262	229	188	189	0.0485437	0	0.501099	2
183	336	156	337	155	188	189	0.0194175	0	0.342857	1
184	292	197	294	196	188	189	0.0291262	0	0.432967	1
185	289	143	283	146	188	191	0.145631	0	0.314286	2
186	525	27	527	30	188	207	0.106796	0	0.0593407	1
187	606	334	607	337	188	210	0.0970874	0	0.734066	1
188	302	397	306	395	189	190	0.0776699	0	0.872527	1
189	356	162	356	161	189	190	0.00970874	0	0.356044	1
190	209	455	209	454	189	190	0.00970874	0	1	1
191	206	159	207	159	189	190	0.00970874	0	0.349451	1
192	48	341	55	342	189	192	0.0776699	0	0.749451	1
193	370	192	368	191	189	190	0.0291262	0	0.421978	2
194	246	174	248	174	189	190	0.0194175	0	0.382418	1
195	378	129	380	128	189	190	0.0291262	0	0.283516	1
196	371	173	373	173	189	193	0.0194175	0	0.38022	1
197	44	381	44	380	189	193	0.00970874	0	0.837363	1
198	392	196	392	196	189	192	0	0	0.430769	1
199	230	204	240	207	189	192	0.184466	0	0.448352	1
200	380	198	380	196	189	190	0.038835	0	0.435165	1
201	24	374	36	372	190	193	0.15534	0	0.821978	1
202	326	402	329	402	190	191	0.0291262	0	0.883516	1
203	263	214	260	213	190	191	0.038835	0	0.47033	2
204	336	141	333	141	190	194	0.0291262	0	0.30989	2
205	339	155	340	154	190	191	0.0194175	0	0.340659	1
206	516	202	518	208	190	195	0.368932	0	0.443956	1
207	287	163	282	164	190	192	0.0582524	0	0.358242	2
208	311	194	310	194	190	191	0.00970874	0	0.426374	2
209	256	246	256	246	190	192	0	0	0.540659	1
210	259	229	257	229	190	191	0.0194175	0	0.503297	2
211	286	183	290	186	190	191	0.126214	0	0.402198	1
212	262	161	264	162	190	191	0.0291262	0	0.353846	1
213	816	36	813	38	190	210	0.0679612	0	0.0791209	2
214	195	178	197	176	190	192	0.0582524	0	0.391209	1
215	319	412	323	411	191	192	0.0485437	0	0.905495	1
216	527	229	529	231	191	193	0.0582524	0	0.503297	1
217	220	142	230	149	191	198	0.572816	0	0.312088	1
218	357	160	357	160	191	193	0	0	0.351648	1
219	631	174	631	173	191	192	0.00970874	0	0.382418	1
220	270	199	267	198	191	192	0.038835	0	0.437363	2
221	334	216	334	215	191	192	0.00970874	0	0.474725	1
222	360	213	355	213	191	192	0.0485437	0	0.468132	2
223	268	455	267	454	191	193	0.0194175	0	1	2
224	209	160	210	160	191	192	0.00970874	0	0.351648	1
225	24	383	37	380	191	194	0.213592	0	0.841758	1
226	311	396	317	398	191	193	0.0970874	0	0.87033	1
227	381	196	381	195	191	192	0.00970874	0	0.430769	1
228	432	180	432	180	191	194	0	0	0.395604	1
229	309	412	316	414	191	193	0.106796	0	0.905495	1
230	356	193	351	193	192	194	0.0485437	0	0.424176	2
231	257	231	255	230	192	193	0.0291262	0	0.507692	2
232	46	370	50	371	192	193	0.0485437	0	0.813187	1
233	209	186	208	186	192	194	0.00970874	0	0.408791	2
234	378	153	378	152	192	193	0.00970874	0	0.336264	1
235	271	143	255	142	192	199	0.165049	0	0.314286	2
236	367	157	368	156	192	194	0.0194175	0	0.345055	1
237	330	171	330	171	193	194	0	0	0.375824	1
238	637	180	640	180	193	194	0.0291262	0	0.395604	1
239	210	455	210	454	193	194	0.00970874	0	1	1
240	318	179	317	179	193	194	0.00970874	0	0.393407	2
241	530	199	530	200	193	197	0.00970874	0	0.437363	1
242	211	161	212	162	193	194	0.0194175	0	0.353846	1
243	578	172	572	174	193	199	0.0970874	0	0.378022	2
244	421	140	421	140	193	194	0	0	0.307692	1
245	631	170	631	169	193	194	0.00970874	0	0.373626	1
246	521	241	522	248	193	209	0.485437	0	0.52967	1
247	334	381	350	384	193	198	0.242718	0	0.837363	1
248	577	195	576	195	194	195	0.00970874	0	0.428571	2
249	531	234	530	233	194	196	0.0194175	0	0.514286	2
250	304	198	309	200	194	195	0.0873786	0	0.435165	1
251	337	420	345	420	194	195	0.0776699	0	0.923077	1
252	57	371	62	371	194	195	0.0485437	0	0.815385	1
253	349	207	347	207	194	195	0.0194175	0	0.454945	2
254	374	173	375	173	194	196	0.00970874	0	0.38022	1
255	351	221	350	221	194	196	0.00970874	0	0.485714	2
256	361	192	358	193	194	195	0.038835	0	0.421978	2
257	343	138	341	137	194	197	0.0291262	0	0.303297	2
258	344	163	344	163	194	195	0	0	0.358242	1
259	321	189	320	189	194	196	0.00970874	0	0.415385	2
260	347	194	343	194	195	197	0.038835	0	0.426374	2
261	323	418	323	418	195	197	0	0	0.918681	1
262	338	217	338	217	195	196	0	0	0.476923	1
263	322	402	323	402	195	196	0.00970874	0	0.883516	1
264	368	147	371	147	195	197	0.0291262	0	0.323077	1
265	330	170	329	170	195	196	0.00970874	0	0.373626	2
266	343	173	341	172	195	196	0.0291262	0	0.38022	2
267	510	192	509	193	195	198	0.0194175	0	0.421978	2
268	422	139	422	139	195	200	0	0	0.305495	1
269	643	181	648	183	195	210	0.0873786	0	0.397802	1
270	531	331	532	333	195	210	0.0485437	0	0.727473	1
271	337	395	340	395	195	196	0.0291262	0	0.868132	1
272	518	69	519	70	195	202	0.0194175	0	0.151648	1
273	212	182	213	181	195	196	0.0194175	0	0.4	1
274	432	166	434	165	195	197	0.0291262	0	0.364835	1
275	580	124	581	126	195	210	0.0485437	0	0.272527	1
276	433	181	434	181	195	198	0.00970874	0	0.397802	1
277	388	165	390	166	195	196	0.0291262	0	0.362637	1
278	256	231	252	228	195	196	0.126214	0	0.507692	2
279	371	187	371	187	195	196	0	0	0.410989	1
280	273	144	267	146	195	198	0.0970874	0	0.316484	2
281	576	196	575	197	196	198	0.0194175	0	0.430769	2
282	344	206	342	205	196	197	0.0291262	0	0.452747	2
283	351	415	363	417	196	198	0.15534	0	0.912088	1
284	236	455	236	455	196	197	0	0	1	1
285	210	455	210	455	196	197	0	0	1	1
286	304	221	303	220	196	197	0.0194175	0	0.485714	2
287	347	160	347	160	196	198	0	0	0.351648	1
288	63	337	82	341	196	202	0.339806	0	0.740659	1
289	241	235	238	236	196	197	0.038835	0	0.516484	2
290	216	166	218	167	196	197	0.0291262	0	0.364835	1
291	357	194	355	194	196	197	0.0194175	0	0.426374	2
292	315	205	318	206	196	197	0.038835	0	0.450549	1
293	351	394	354	391	196	197	0.116505	0	0.865934	1
294	530	232	530	231	197	198	0.00970874	0	0.50989	1
295	330	171	330	170	197	198	0.00970874	0	0.375824	1
296	72	369	80	367	197	199	0.116505	0	0.810989	1
297	277	171	290	177	197	203	0.475728	0	0.375824	1
298	393	170	394	171	197	198	0.0194175	0	0.373626	1
299	62	377	69	379	197	198	0.106796	0	0.828571	1
300	376	137	375	137	197	198	0.00970874	0	0.301099	2
301	376	173	377	174	197	198	0.0194175	0	0.38022	1
302	359	425	372	429	197	205	0.281553	0	0.934066	1
303	311	177	310	176	197	198	0.0194175	0	0.389011	2
304	323	398	330	399	197	199	0.0776699	0	0.874725	1
305	340	174	338	174	197	198	0.0194175	0	0.382418	2
306	323	208	326	208	198	199	0.0291262	0	0.457143	1
307	341	208	338	208	198	199	0.0291262	0	0.457143	2
308	352	406	355	406	198	199	0.0291262	0	0.892308	1
309	324	419	325	418	198	199	0.0194175	0	0.920879	1
310	56	384	61	380	198	202	0.203883	0	0.843956	1
311	236	455	236	454	198	199	0.00970874	0	1	1
312	374	147	375	146	198	199	0.0194175	0	0.323077	1
313	211	455	211	454	198	199	0.00970874	0	1	1
314	307	194	305	193	198	199	0.0291262	0	0.426374	2
315	340	138	340	138	198	202	0	0	0.303297	1
316	73	389	93	395	198	209	0.543689	0	0.854945	1
317	243	203	236	204	198	201	0.0776699	0	0.446154	2
318	396	129	415	138	198	210	0.970874	0	0.283516	1
319	387	183	387	183	198	199	0	0	0.402198	1
320	385	195	386	195	198	199	0.00970874	0	0.428571	1
321	436	167	434	171	198	205	0.174757	0	0.367033	2
322	339	195	337	195	199	200	0.0194175	0	0.428571	2
323	367	416	373	416	199	206	0.0582524	0	0.914286	1
324	532	232	533	234	199	200	0.0485437	0	0.50989	1
325	285	189	286	190	199	200	0.0194175	0	0.415385	1
326	372	136	371	137	199	200	0.0194175	0	0.298901	2
327	353	166	354	166	199	201	0.00970874	0	0.364835	1
328	274	190	274	190	199	200	0	0	0.417582	1
329	379	173	383	173	199	203	0.038835	0	0.38022	1
330	232	151	235	154	199	201	0.116505	0	0.331868	1
331	338	183	332	186	199	205	0.145631	0	0.402198	2
332	520	224	519	224	199	200	0.00970874	0	0.492308	2
333	360	386	363	382	199	200	0.184466	0	0.848352	1
334	507	72	507	73	200	203	0.00970874	0	0.158242	1
335	361	405	365	403	200	201	0.0776699	0	0.89011	1
336	374	188	375	188	200	201	0.00970874	0	0.413187	1
337	565	181	564	181	200	201	0.00970874	0	0.397802	2
338	233	219	229	220	200	201	0.0485437	0	0.481319	2
339	81	382	85	385	200	203	0.126214	0	0.83956	1
340	252	143	248	142	200	202	0.0485437	0	0.314286	2
341	522	79	523	80	200	205	0.0194175	0	0.173626	1
342	84	368	90	371	200	202	0.145631	0	0.808791	1
343	343	159	343	158	200	202	0.00970874	0	0.349451	1
344	370	165	370	165	200	201	0	0	0.362637	1
345	347	149	347	148	200	201	0.00970874	0	0.327473	1
346	380	153	381	153	200	201	0.00970874	0	0.336264	1
347	336	197	335	198	201	202	0.0194175	0	0.432967	2
348	288	191	291	191	201	203	0.0291262	0	0.41978	1
349	529	205	525	210	201	206	0.281553	0	0.450549	2
350	429	151	429	151	201	202	0	0	0.331868	1
351	320	220	320	220	201	202	0	0	0.483516	1
352	370	139	368	139	201	202	0.0194175	0	0.305495	2
353	427	138	428	139	201	204	0.0194175	0	0.303297	1
354	227	221	225	220	202	203	0.0291262	0	0.485714	2
355	568	176	567	175	202	206	0.0194175	0	0.386813	2
356	537	238	533	237	202	207	0.0485437	0	0.523077	2
357	310	221	312	221	202	203	0.0194175	0	0.485714	1
358	331	151	330	151	202	203	0.00970874	0	0.331868	2
359	326	161	325	161	202	203	0.00970874	0	0.353846	2
360	383	151	384	151	202	203	0.00970874	0	0.331868	1
361	305	171	294	171	202	210	0.106796	0	0.375824	2
362	574	199	573	199	202	205	0.00970874	0	0.437363	2
363	368	384	388	377	202	210	0.669903	0	0.843956	1
364	358	170	358	170	202	203	0	0	0.373626	1
365	374	403	379	402	203	204	0.0582524	0	0.885714	1
366	240	156	242	157	203	204	0.0291262	0	0.342857	1
367	247	212	246	211	203	204	0.0194175	0	0.465934	2
368	316	211	317	211	203	204	0.00970874	0	0.463736	1
369	246	143	238	142	203	206	0.0873786	0	0.314286	2
370	94	374	97	376	203	205	0.0679612	0	0.821978	1
371	357	201	356	202	203	204	0.0194175	0	0.441758	2
372	228	172	229	173	203	204	0.0194175	0	0.378022	1
373	375	365	381	358	203	206	0.533981	0	0.802198	1
374	64	380	77	380	203	205	0.126214	0	0.835165	1
375	409	154	410	154	203	204	0.00970874	0	0.338462	1
376	541	24	541	24	203	210	0	0	0.0527473	1
377	274	190	275	190	203	204	0.00970874	0	0.417582	1
378	366	140	361	140	203	205	0.0485437	0	0.307692	2
379	308	195	307	193	203	205	0.0485437	0	0.428571	2
380	224	221	227	216	204	207	0.271845	0	0.485714	1
381	329	151	328	151	204	205	0.00970874	0	0.331868	2
382	346	419	365	416	204	207	0.271845	0	0.920879	1
383	508	70	508	69	204	206	0.00970874	0	0.153846	1
384	518	230	518	231	204	205	0.00970874	0	0.505495	1
385	406	173	407	172	204	205	0.0194175	0	0.38022	1
386	391	152	393	153	204	207	0.0291262	0	0.334066	1
387	274	225	274	225	204	205	0	0	0.494505	1
388	316	221	318	221	204	205	0.0194175	0	0.485714	1
389	351	169	353	168	204	207	0.0291262	0	0.371429	1
390	91	350	95	350	204	205	0.038835	0	0.769231	1
391	332	168	333	167	204	206	0.0194175	0	0.369231	1
392	86	385	86	385	204	205	0	0	0.846154	1
393	616	28	616	28	204	210	0	0	0.0615385	1
394	360	383	367	379	204	207	0.223301	0	0.841758	1
395	328	226	328	225	205	206	0.00970874	0	0.496703	1
396	370	403	375	401	205	207	0.0873786	0	0.885714	1
397	347	155	347	154	205	206	0.00970874	0	0.340659	1
398	387	400	393	391	205	209	0.84466	0	0.879121	1
399	278	211	281	210	205	207	0.038835	0	0.463736	1
400	429	141	429	141	205	207	0	0	0.30989	1
401	242	226	241	225	205	206	0.0194175	0	0.496703	2
402	376	144	380	142	205	210	0.0776699	0	0.316484	1
403	245	160	246	160	205	206	0.00970874	0	0.351648	1
404	406	200	411	202	205	207	0.0873786	0	0.43956	1
405	338	216	338	216	206	207	0	0	0.474725	1
406	328	152	328	152	206	207	0	0	0.334066	1
407	517	232	516	232	206	207	0.00970874	0	0.50989	2
408	519	76	518	76	206	209	0.00970874	0	0.167033	2
409	318	221	319	221	206	207	0.00970874	0	0.485714	1
410	374	427	375	425	206	207	0.0485437	0	0.938462	1
411	100	350	113	346	206	209	0.281553	0	0.769231	1
412	426	195	426	195	206	207	0	0	0.428571	1
413	276	199	277	199	206	207	0.00970874	0	0.437363	1
414	634	148	634	149	206	210	0.00970874	0	0.325275	1
415	360	142	358	142	206	207	0.0194175	0	0.312088	2
416	317	160	316	161	206	209	0.0194175	0	0.351648	2
417	324	189	323	189	206	207	0.00970874	0	0.415385	2
418	381	180	380	179	206	207	0.0194175	0	0.395604	2
419	237	147	232	149	207	209	0.0873786	0	0.323077	2
420	376	415	383	414	207	209	0.0776699	0	0.912088	1
421	86	385	87	383	207	208	0.0485437	0	0.846154	1
422	247	162	246	164	207	209	0.0485437	0	0.356044	2
423	333	169	334	168	207	209	0.0194175	0	0.371429	1
424	572	172	571	172	207	210	0.00970874	0	0.378022	2
425	227	161	224	161	207	208	0.0291262	0	0.353846	2
426	524	211	522	212	207	209	0.0291262	0	0.463736	2
427	384	357	385	355	207	209	0.0485437	0	0.784615	1
428	277	225	276	225	207	208	0.00970874	0	0.494505	2
429	292	215	293	215	207	208	0.00970874	0	0.472527	1
430	562	180	562	179	207	210	0.00970874	0	0.395604	1
431	410	174	412	175	207	208	0.0291262	0	0.382418	1
432	436	153	435	153	207	209	0.00970874	0	0.336264	2
433	370	400	377	401	208	210	0.0776699	0	0.879121	1
434	338	219	338	219	208	209	0	0	0.481319	1
435	508	74	509	74	208	209	0.00970874	0	0.162637	1
436	420	162	420	162	208	209	0	0	0.356044	1
437	516	233	514	233	208	209	0.0194175	0	0.512088	2
438	379	424	389	424	208	210	0.0970874	0	0.931868	1
439	530	238	527	238	208	209	0.0291262	0	0.523077	2
440	422	190	422	189	208	209	0.00970874	0	0.417582	1
441	380	400	383	399	208	209	0.038835	0	0.879121	1
442	354	168	354	167	208	209	0.00970874	0	0.369231	1
443	369	416	377	417	208	210	0.0873786	0	0.914286	1
444	283	193	285	196	208	209	0.106796	0	0.424176	1
445	430	143	429	143	208	209	0.00970874	0	0.314286	2
446	105	390	114	392	208	209	0.126214	0	0.857143	1
447	528	79	528	78	208	210	0.00970874	0	0.173626	1
448	394	155	394	157	208	210	0.038835	0	0.340659	1
449	357	145	356	145	208	209	0.00970874	0	0.318681	2
450	391	179	392	180	208	209	0.0194175	0	0.393407	1
451	91	384	93	381	209	210	0.106796	0	0.843956	1
452	100	374	103	373	209	210	0.038835	0	0.821978	1
453	222	162	219	163	209	210	0.038835	0	0.356044	2
454	358	203	357	202	209	210	0.0194175	0	0.446154	2
455	362	180	361	180	209	210	0.00970874	0	0.395604	2
456	312	222	312	222	209	210	0	0	0.487912	1