
0	461	179	460	177	152	153	0.0282486	0	0.417249	2
1	444	127	443	126	152	153	0.0112994	0	0.296037	2
2	478	177	475	175	152	154	0.039548	0	0.412587	2
3	438	156	438	151	152	153	0.141243	0	0.363636	1
4	461	87	460	88	152	155	0.0112994	0	0.202797	2
5	428	162	428	160	152	153	0.0225989	0	0.377622	1
6	408	181	409	178	152	155	0.0564972	0	0.421911	1
7	339	30	339	29	152	153	0.00564972	0	0.0699301	1
8	386	162	386	162	152	154	0	0	0.377622	1
9	573	401	574	400	153	156	0.0112994	0	0.934732	1
10	353	24	353	24	153	156	0	0	0.0559441	1
11	582	411	582	411	153	157	0	0	0.958042	1
12	382	143	382	143	153	154	0	0	0.333333	1
13	401	196	401	195	153	155	0.00564972	0	0.456876	1
14	571	378	573	379	153	156	0.0169492	0	0.881119	1
15	252	181	252	181	154	155	0	0	0.421911	1
16	424	145	424	144	154	155	0.00564972	0	0.337995	1
17	519	220	517	224	154	157	0.101695	0	0.512821	2
18	432	135	432	133	154	155	0.0225989	0	0.314685	1
19	479	189	476	188	154	155	0.0225989	0	0.440559	2
20	389	130	391	128	154	156	0.0338983	0	0.30303	1
21	411	193	410	192	155	156	0.0112994	0	0.449883	2
22	383	144	383	143	155	156	0.00564972	0	0.335664	1
23	470	176	467	174	155	156	0.039548	0	0.410256	2
24	578	361	587	361	155	163	0.0508475	0	0.841492	1
25	237	146	239	143	155	159	0.0621469	0	0.340326	1
26	560	151	558	151	155	156	0.0112994	0	0.351981	2
27	248	137	248	135	155	156	0.0225989	0	0.319347	1
28	432	157	433	155	155	156	0.0282486	0	0.365967	1
29	450	147	447	145	155	156	0.039548	0	0.342657	2
30	247	192	247	191	155	156	0.00564972	0	0.447552	1
31	254	180	255	179	156	157	0.0112994	0	0.41958	1
32	247	166	248	166	156	157	0.00564972	0	0.386946	1
33	543	149	542	148	156	158	0.0112994	0	0.347319	2
34	460	90	459	90	156	157	0.00564972	0	0.20979	2
35	424	171	424	168	156	157	0.0508475	0	0.398601	1
36	457	156	452	154	156	157	0.0508475	0	0.363636	2
37	405	202	404	201	156	157	0.0112994	0	0.470862	2
38	694	260	694	258	156	169	0.0225989	0	0.606061	1
39	557	161	555	161	156	157	0.0112994	0	0.375291	2
40	432	133	431	131	156	157	0.0282486	0	0.310023	2
41	587	263	581	262	156	190	0.039548	0	0.613054	2
42	434	264	429	263	156	190	0.0338983	0	0.615385	2
43	398	167	398	166	157	158	0.00564972	0	0.389277	1
44	468	174	465	172	157	158	0.039548	0	0.405594	2
45	383	144	383	143	157	159	0.00564972	0	0.335664	1
46	410	191	409	190	157	158	0.0112994	0	0.445221	2
47	686	211	688	212	157	164	0.0169492	0	0.491841	1
48	676	216	673	213	157	158	0.0677966	0	0.503497	2
49	536	119	534	119	157	158	0.0112994	0	0.277389	2
50	557	174	555	173	157	160	0.0169492	0	0.405594	2
51	583	411	584	410	158	163	0.0112994	0	0.958042	1
52	250	166	252	165	158	159	0.0169492	0	0.386946	1
53	555	153	552	151	158	160	0.039548	0	0.356643	2
54	427	167	428	165	158	159	0.0282486	0	0.389277	1
55	249	134	249	132	158	159	0.0225989	0	0.312354	1
56	516	224	514	222	158	160	0.0338983	0	0.522145	2
57	413	150	413	148	158	159	0.0225989	0	0.34965	1
58	399	161	399	160	159	160	0.00564972	0	0.375291	1
59	254	178	256	177	159	160	0.0169492	0	0.414918	1
60	464	170	461	168	159	160	0.039548	0	0.39627	2
61	473	193	473	193	159	160	0	0	0.449883	1
62	684	247	683	247	159	165	0.00564972	0	0.575758	2
63	410	191	412	189	159	160	0.0338983	0	0.445221	1
64	399	179	399	178	159	160	0.00564972	0	0.417249	1
65	264	179	266	178	159	160	0.0169492	0	0.417249	1
66	24	278	24	277	159	170	0.00564972	0	0.648019	1
67	389	158	390	157	159	160	0.0112994	0	0.368298	1
68	549	136	544	134	159	162	0.0508475	0	0.317016	2
69	543	150	543	149	159	160	0.00564972	0	0.34965	1
70	472	203	473	203	159	162	0.00564972	0	0.473193	1
71	548	161	546	160	160	161	0.0169492	0	0.375291	2
72	256	167	259	166	160	162	0.0225989	0	0.389277	1
73	414	149	414	147	160	161	0.0225989	0	0.347319	1
74	460	93	462	92	160	161	0.0169492	0	0.216783	1
75	474	419	472	412	160	164	0.288136	0	0.97669	2
76	416	115	418	114	160	161	0.0169492	0	0.268065	1
77	401	161	401	160	161	162	0.00564972	0	0.375291	1
78	257	177	259	177	161	162	0.0112994	0	0.412587	1
79	418	190	420	189	161	162	0.0169492	0	0.44289	1
80	422	172	423	170	161	162	0.0282486	0	0.400932	1
81	355	25	358	25	161	162	0.0169492	0	0.0582751	1
82	551	150	549	149	161	162	0.0169492	0	0.34965	2
83	460	165	452	162	161	163	0.0960452	0	0.384615	2
84	268	147	268	145	161	164	0.0225989	0	0.342657	1
85	530	125	529	124	161	162	0.0112994	0	0.291375	2
86	551	189	549	187	161	163	0.0338983	0	0.440559	2
87	483	271	476	271	161	190	0.039548	0	0.631702	2
88	530	146	528	146	161	162	0.0112994	0	0.340326	2
89	462	176	460	175	162	163	0.0169492	0	0.410256	2
90	269	177	273	180	162	167	0.0734463	0	0.412587	1
91	249	191	250	190	162	163	0.0112994	0	0.445221	1
92	420	114	420	113	162	163	0.00564972	0	0.265734	1
93	496	394	496	393	163	164	0.00564972	0	0.918415	1
94	261	166	261	166	163	164	0	0	0.386946	1
95	547	151	544	151	163	164	0.0169492	0	0.351981	2
96	678	199	677	196	163	167	0.0564972	0	0.463869	2
97	470	87	471	86	163	164	0.0112994	0	0.202797	1
98	516	264	514	263	163	170	0.0169492	0	0.615385	2
99	255	123	254	120	163	164	0.0564972	0	0.286713	2
100	416	145	416	144	163	164	0.00564972	0	0.337995	1
101	259	145	258	144	163	164	0.0112994	0	0.337995	2
102	681	230	680	229	163	164	0.0112994	0	0.536131	2
103	527	147	526	147	163	166	0.00564972	0	0.342657	2
104	364	66	366	65	163	164	0.0169492	0	0.153846	1
105	556	171	552	167	163	166	0.112994	0	0.398601	2
106	584	410	583	410	164	165	0.00564972	0	0.955711	2
107	589	361	590	361	164	165	0.00564972	0	0.841492	1
108	459	187	453	185	164	165	0.0564972	0	0.435897	2
109	543	161	541	162	164	165	0.0169492	0	0.375291	2
110	491	379	490	381	164	165	0.0282486	0	0.88345	2
111	340	24	339	24	164	168	0.00564972	0	0.0559441	2
112	496	416	497	414	164	172	0.0282486	0	0.969697	1
113	499	394	500	394	165	166	0.00564972	0	0.918415	1
114	468	402	467	402	165	171	0.00564972	0	0.937063	2
115	403	158	403	157	165	166	0.00564972	0	0.368298	1
116	264	167	268	166	165	168	0.0282486	0	0.389277	1
117	465	196	458	195	165	166	0.0451977	0	0.456876	2
118	253	117	251	115	165	167	0.0338983	0	0.272727	2
119	500	374	502	379	165	167	0.152542	0	0.871795	1
120	689	212	688	206	165	170	0.20904	0	0.494172	2
121	524	116	521	113	165	167	0.0677966	0	0.270396	2
122	474	86	475	85	165	166	0.0112994	0	0.200466	1
123	502	349	507	357	165	169	0.389831	0	0.81352	1
124	413	159	412	160	165	166	0.0112994	0	0.370629	2
125	258	146	257	146	165	166	0.00564972	0	0.340326	2
126	543	152	539	154	165	167	0.0451977	0	0.354312	2
127	678	230	678	229	165	167	0.00564972	0	0.536131	1
128	427	139	426	138	166	167	0.0112994	0	0.324009	2
129	409	186	409	185	166	167	0.00564972	0	0.433566	1
130	591	361	595	359	166	169	0.0451977	0	0.841492	1
131	586	411	587	410	166	168	0.0112994	0	0.958042	1
132	469	413	467	412	166	170	0.0169492	0	0.962704	2
133	450	184	444	184	166	168	0.0338983	0	0.428904	2
134	524	136	519	134	166	167	0.0508475	0	0.317016	2
135	420	171	421	169	166	167	0.0282486	0	0.398601	1
136	454	197	451	197	167	168	0.0169492	0	0.459207	2
137	501	405	501	405	167	168	0	0	0.944056	1
138	684	247	683	246	167	168	0.0112994	0	0.575758	2
139	256	186	257	185	167	168	0.0112994	0	0.433566	1
140	468	195	464	194	167	168	0.0282486	0	0.454545	2
141	255	161	256	160	167	168	0.0112994	0	0.375291	1
142	424	182	424	181	168	169	0.00564972	0	0.424242	1
143	411	184	412	182	168	169	0.0282486	0	0.428904	1
144	504	381	508	379	168	169	0.0451977	0	0.888112	1
145	432	158	429	156	168	169	0.039548	0	0.368298	2
146	425	138	423	137	168	170	0.0169492	0	0.321678	2
147	683	236	683	235	168	169	0.00564972	0	0.550117	1
148	267	182	267	181	168	169	0.00564972	0	0.424242	1
149	536	156	533	156	168	169	0.0169492	0	0.363636	2
150	251	117	251	117	168	169	0	0	0.272727	1
151	542	196	540	196	168	171	0.0112994	0	0.456876	2
152	477	90	479	90	168	169	0.0112994	0	0.20979	1
153	416	111	415	110	168	169	0.0112994	0	0.258741	2
154	257	145	256	144	168	169	0.0112994	0	0.337995	2
155	436	137	433	134	168	171	0.0677966	0	0.319347	2
156	354	24	351	24	169	180	0.0169492	0	0.0559441	2
157	270	165	272	163	169	171	0.0338983	0	0.384615	1
158	257	155	258	155	169	170	0.00564972	0	0.361305	1
159	582	384	583	384	169	172	0.00564972	0	0.895105	1
160	492	229	491	229	169	172	0.00564972	0	0.5338	2
161	380	64	382	63	169	170	0.0169492	0	0.149184	1
162	411	158	410	157	170	171	0.0112994	0	0.368298	2
163	508	406	508	407	170	171	0.00564972	0	0.946387	1
164	677	194	669	181	170	190	1	0	0.452214	2
165	596	360	602	358	170	174	0.0564972	0	0.839161	1
166	684	233	684	231	170	172	0.0225989	0	0.543124	1
167	502	360	527	366	170	176	0.344633	0	0.839161	1
168	482	87	485	87	170	172	0.0169492	0	0.202797	1
169	680	247	682	243	170	173	0.101695	0	0.575758	1
170	530	158	522	153	170	173	0.186441	0	0.368298	2
171	703	265	701	264	170	180	0.0169492	0	0.617716	2
172	418	191	418	190	170	171	0.00564972	0	0.445221	1
173	691	248	691	244	170	172	0.0903955	0	0.578089	1
174	586	397	586	397	171	172	0	0	0.925408	1
175	513	395	515	395	171	172	0.0112994	0	0.920746	1
176	430	182	430	181	171	172	0.00564972	0	0.424242	1
177	688	206	685	205	171	180	0.0225989	0	0.480186	2
178	256	190	256	189	171	174	0.00564972	0	0.44289	1
179	591	413	598	412	171	173	0.0451977	0	0.962704	1
180	258	179	257	178	171	172	0.0112994	0	0.417249	2
181	259	155	259	154	171	172	0.00564972	0	0.361305	1
182	515	264	509	263	171	190	0.039548	0	0.615385	2
183	257	141	256	140	171	172	0.0112994	0	0.328671	2
184	147	29	140	29	171	190	0.039548	0	0.0675991	2
185	410	157	408	155	172	173	0.0338983	0	0.365967	2
186	475	401	483	399	172	173	0.0677966	0	0.934732	1
187	372	104	373	102	172	174	0.0282486	0	0.242424	1
188	660	261	654	260	172	190	0.039548	0	0.608392	2
189	587	396	587	395	173	174	0.00564972	0	0.923077	1
190	263	178	263	177	173	174	0.00564972	0	0.414918	1
191	439	151	437	150	173	174	0.0169492	0	0.351981	2
192	587	349	595	350	173	178	0.0508475	0	0.81352	1
193	239	107	237	105	173	178	0.0338983	0	0.249417	2
194	686	226	686	228	173	176	0.0225989	0	0.526807	1
195	424	103	425	101	173	174	0.0282486	0	0.240093	1
196	247	136	246	134	173	174	0.0282486	0	0.317016	2
197	24	278	24	277	173	174	0.00564972	0	0.648019	1
198	279	151	280	149	173	174	0.0282486	0	0.351981	1
199	598	414	613	410	174	179	0.175141	0	0.965035	1
200	425	113	425	112	174	175	0.00564972	0	0.263403	1
201	405	154	402	153	174	175	0.0225989	0	0.358974	2
202	535	195	530	192	174	175	0.079096	0	0.454545	2
203	526	179	516	174	174	176	0.19774	0	0.417249	2
204	521	152	516	150	174	176	0.0508475	0	0.354312	2
205	590	395	592	394	175	176	0.0169492	0	0.920746	1
206	265	177	267	175	175	176	0.0338983	0	0.412587	1
207	604	359	605	358	175	176	0.0112994	0	0.83683	1
208	390	157	389	156	175	176	0.0112994	0	0.365967	2
209	436	226	434	226	175	177	0.0112994	0	0.526807	2
210	450	170	449	170	175	176	0.00564972	0	0.39627	2
211	245	133	245	131	175	177	0.0225989	0	0.310023	1
212	448	208	441	210	175	176	0.0621469	0	0.484848	2
213	24	278	24	278	175	176	0	0	0.648019	1
214	421	137	418	136	175	176	0.0225989	0	0.319347	2
215	551	264	545	263	175	190	0.039548	0	0.615385	2
216	528	24	530	24	175	177	0.0112994	0	0.0559441	1
217	514	160	512	158	176	177	0.0338983	0	0.37296	2
218	501	409	501	408	176	177	0.00564972	0	0.95338	1
219	426	112	427	111	176	177	0.0112994	0	0.261072	1
220	279	171	280	170	176	177	0.0112994	0	0.398601	1
221	530	404	544	409	176	180	0.220339	0	0.941725	1
222	279	158	281	156	176	179	0.0338983	0	0.368298	1
223	527	389	531	389	177	178	0.0225989	0	0.90676	1
224	596	392	601	394	177	180	0.0508475	0	0.913753	1
225	608	358	613	361	177	180	0.079096	0	0.834499	1
226	596	382	599	384	177	180	0.039548	0	0.890443	1
227	687	245	685	244	177	179	0.0169492	0	0.571096	2
228	239	121	238	120	177	178	0.0112994	0	0.282051	2
229	589	404	592	402	177	185	0.039548	0	0.941725	1
230	511	172	507	169	177	178	0.0734463	0	0.400932	2
231	259	163	259	161	177	178	0.0225989	0	0.379953	1
232	282	170	282	171	178	179	0.00564972	0	0.39627	1
233	423	114	422	114	178	179	0.00564972	0	0.265734	2
234	529	416	532	421	178	184	0.158192	0	0.969697	1
235	423	188	414	186	178	179	0.0734463	0	0.438228	2
236	690	229	689	228	178	179	0.0112994	0	0.5338	2
237	608	376	609	377	178	179	0.0112994	0	0.876457	1
238	531	25	533	24	178	180	0.0169492	0	0.0582751	1
239	408	117	404	117	178	179	0.0225989	0	0.272727	2
240	237	122	237	121	179	180	0.00564972	0	0.284382	1
241	592	343	600	346	179	182	0.0960452	0	0.799534	1
242	260	160	258	159	179	181	0.0169492	0	0.37296	2
243	385	161	384	161	179	180	0.00564972	0	0.375291	2
244	521	116	520	116	179	181	0.00564972	0	0.270396	2
245	252	177	251	176	179	180	0.0112994	0	0.412587	2
246	514	407	522	407	180	181	0.0451977	0	0.948718	1
247	620	410	633	409	180	188	0.079096	0	0.955711	1
248	283	156	289	147	180	185	0.491525	0	0.363636	1
249	552	378	556	379	180	181	0.0282486	0	0.881119	1
250	685	243	681	233	180	189	0.587571	0	0.566434	2
251	434	170	435	169	180	181	0.0112994	0	0.39627	1
252	276	133	276	132	180	181	0.00564972	0	0.310023	1
253	420	174	409	172	180	182	0.0847458	0	0.405594	2
254	403	156	399	155	180	181	0.0282486	0	0.363636	2
255	617	390	627	394	180	184	0.146893	0	0.909091	1
256	254	111	256	103	180	184	0.372881	0	0.258741	1
257	602	396	601	397	181	184	0.0112994	0	0.923077	2
258	507	153	505	154	181	182	0.0169492	0	0.356643	2
259	426	112	426	111	181	182	0.00564972	0	0.261072	1
260	616	363	619	363	181	182	0.0169492	0	0.846154	1
261	351	24	347	24	181	190	0.0225989	0	0.0559441	2
262	684	204	677	193	181	190	0.723164	0	0.475524	2
263	692	229	691	225	181	186	0.0960452	0	0.5338	2
264	600	357	603	358	181	182	0.0225989	0	0.832168	1
265	336	24	333	24	181	190	0.0169492	0	0.0559441	2
266	706	426	702	426	181	190	0.0225989	0	0.993007	2
267	386	153	385	151	182	183	0.0282486	0	0.356643	2
268	488	107	484	102	182	185	0.163842	0	0.249417	2
269	284	169	284	166	182	183	0.0508475	0	0.393939	1
270	376	153	373	153	182	183	0.0169492	0	0.356643	2
271	561	380	566	380	182	183	0.0282486	0	0.885781	1
272	397	183	387	181	182	184	0.079096	0	0.426573	2
273	423	145	422	144	182	183	0.0112994	0	0.337995	2
274	425	98	425	97	182	183	0.00564972	0	0.228438	1
275	395	116	391	117	182	185	0.0282486	0	0.270396	2
276	694	239	693	238	182	184	0.0112994	0	0.55711	2
277	427	111	428	109	183	186	0.0282486	0	0.258741	1
278	562	410	583	409	183	186	0.124294	0	0.955711	1
279	502	155	499	155	183	185	0.0169492	0	0.361305	2
280	604	348	614	347	183	185	0.0621469	0	0.811189	1
281	622	366	626	366	183	184	0.0225989	0	0.853147	1
282	286	165	288	164	184	185	0.0169492	0	0.384615	1
283	373	153	373	152	184	185	0.00564972	0	0.356643	1
284	447	166	447	164	184	185	0.0225989	0	0.386946	1
285	616	124	610	124	184	190	0.0338983	0	0.289044	2
286	430	124	432	123	184	186	0.0169492	0	0.289044	1
287	383	162	378	161	184	185	0.0338983	0	0.377622	2
288	437	166	436	165	185	186	0.0112994	0	0.386946	2
289	561	421	569	426	185	186	0.186441	0	0.981352	1
290	694	239	694	238	185	186	0.00564972	0	0.55711	1
291	631	394	636	394	185	186	0.0282486	0	0.918415	1
292	516	85	518	84	185	186	0.0169492	0	0.198135	1
293	422	175	421	174	185	186	0.0112994	0	0.407925	2
294	378	219	377	218	185	186	0.0112994	0	0.51049	2
295	561	404	567	406	185	186	0.0564972	0	0.941725	1
296	483	101	478	100	186	188	0.0338983	0	0.235431	2
297	292	163	293	161	186	187	0.0282486	0	0.379953	1
298	621	348	645	350	186	190	0.158192	0	0.811189	1
299	623	360	629	359	186	187	0.039548	0	0.839161	1
300	394	198	393	197	186	187	0.0112994	0	0.461538	2
301	403	145	404	144	186	187	0.0112994	0	0.337995	1
302	387	121	384	117	186	190	0.107345	0	0.282051	2
303	681	219	676	215	186	190	0.118644	0	0.51049	2
304	511	175	510	174	186	188	0.0112994	0	0.407925	2
305	448	168	448	167	187	188	0.00564972	0	0.391608	1
306	576	429	575	433	187	190	0.0960452	0	1	2
307	433	121	433	118	187	189	0.0508475	0	0.282051	1
308	640	395	644	397	187	189	0.0451977	0	0.920746	1
309	413	181	412	182	187	190	0.0112994	0	0.421911	2
310	383	165	379	164	187	188	0.0282486	0	0.384615	2
311	250	109	250	108	187	188	0.00564972	0	0.254079	1
312	439	104	439	103	187	189	0.00564972	0	0.242424	1
313	246	97	246	96	187	188	0.00564972	0	0.226107	1
314	259	163	261	163	187	189	0.0112994	0	0.379953	1
315	430	131	430	129	187	188	0.0225989	0	0.305361	1
316	598	404	606	404	188	189	0.0451977	0	0.941725	1
317	369	177	359	172	188	190	0.19774	0	0.412587	2
318	252	141	251	141	188	189	0.00564972	0	0.328671	2
319	491	150	486	149	188	189	0.0338983	0	0.34965	2
320	636	359	647	361	188	190	0.0847458	0	0.83683	1
321	563	411	574	413	188	189	0.0847458	0	0.958042	1
322	442	61	442	60	188	189	0.00564972	0	0.142191	1
323	408	107	405	105	188	190	0.039548	0	0.249417	2
324	405	133	404	132	188	190	0.0112994	0	0.310023	2
325	447	165	446	164	189	190	0.0112994	0	0.384615	2
326	633	410	631	410	189	190	0.0112994	0	0.955711	2
327	289	163	288	162	189	190	0.0112994	0	0.379953	2
328	396	169	395	169	189	190	0.00564972	0	0.393939	2
329	428	108	427	107	189	190	0.0112994	0	0.251748	2
330	524	84	523	84	189	190	0.00564972	0	0.195804	2
331	689	222	687	221	189	190	0.0169492	0	0.517483	2
332	432	88	431	87	189	190	0.0112994	0	0.205128	2