
0	246	455	246	454	112	113	0.00662252	0	1	1
1	381	144	381	143	112	113	0.00662252	0	0.316484	1
2	427	124	426	123	112	113	0.013245	0	0.272527	2
3	555	132	555	132	112	113	0	0	0.29011	1
4	355	189	357	185	112	118	0.119205	0	0.415385	1
5	206	455	205	453	112	115	0.0331126	0	1	2
6	39	426	39	425	112	115	0.00662252	0	0.936264	1
7	192	97	195	94	112	117	0.0794702	0	0.213187	1
8	450	455	454	449	112	150	0.264901	0	1	1
9	385	132	386	129	112	115	0.0662252	0	0.29011	1
10	424	164	418	162	112	118	0.0662252	0	0.36044	2
11	47	414	49	413	112	117	0.0198675	0	0.90989	1
12	368	159	369	156	113	115	0.0662252	0	0.349451	1
13	209	233	209	232	113	114	0.00662252	0	0.512088	1
14	421	110	421	108	113	114	0.0264901	0	0.241758	1
15	227	248	226	248	113	114	0.00662252	0	0.545055	2
16	322	128	322	127	113	114	0.00662252	0	0.281319	1
17	548	153	545	158	113	119	0.18543	0	0.336264	2
18	46	436	47	436	114	119	0.00662252	0	0.958242	1
19	368	147	370	142	114	117	0.178808	0	0.323077	1
20	381	120	381	118	114	115	0.0264901	0	0.263736	1
21	246	453	246	451	114	116	0.0264901	0	0.995604	1
22	392	159	392	158	114	115	0.00662252	0	0.349451	1
23	350	159	350	157	114	115	0.0264901	0	0.349451	1
24	383	142	384	138	114	117	0.112583	0	0.312088	1
25	400	135	401	133	114	116	0.0331126	0	0.296703	1
26	436	189	436	189	114	115	0	0	0.415385	1
27	440	199	439	198	114	116	0.013245	0	0.437363	2
28	280	170	280	170	114	115	0	0	0.373626	1
29	225	264	224	263	115	116	0.013245	0	0.58022	2
30	321	128	321	127	115	116	0.00662252	0	0.281319	1
31	559	134	559	133	115	116	0.00662252	0	0.294505	1
32	408	118	407	117	115	116	0.013245	0	0.259341	2
33	437	174	435	173	115	116	0.0198675	0	0.382418	2
34	241	278	237	276	115	118	0.0529801	0	0.610989	2
35	428	128	427	128	115	118	0.00662252	0	0.281319	2
36	225	248	222	247	115	116	0.0264901	0	0.545055	2
37	346	406	343	406	115	118	0.0198675	0	0.892308	2
38	339	164	341	158	115	116	0.251656	0	0.36044	1
39	205	455	204	454	116	117	0.013245	0	1	2
40	397	158	397	157	116	117	0.00662252	0	0.347253	1
41	566	160	566	159	116	117	0.00662252	0	0.351648	1
42	218	286	216	289	116	119	0.0728477	0	0.628571	2
43	556	162	555	162	116	117	0.00662252	0	0.356044	2
44	251	277	251	276	116	117	0.00662252	0	0.608791	1
45	375	166	375	166	116	118	0	0	0.364835	1
46	40	424	42	422	116	132	0.0397351	0	0.931868	1
47	371	154	371	153	117	118	0.00662252	0	0.338462	1
48	254	452	253	451	117	118	0.013245	0	0.993407	2
49	222	259	218	259	117	118	0.0264901	0	0.569231	2
50	194	242	193	242	117	119	0.00662252	0	0.531868	2
51	362	454	363	451	117	128	0.0662252	0	0.997802	1
52	560	134	558	138	117	119	0.119205	0	0.294505	2
53	442	199	441	199	117	122	0.00662252	0	0.437363	2
54	403	132	403	131	117	118	0.00662252	0	0.29011	1
55	393	103	392	102	117	118	0.013245	0	0.226374	2
56	133	455	132	453	117	119	0.0331126	0	1	2
57	283	170	282	169	117	118	0.013245	0	0.373626	2
58	46	297	49	292	117	150	0.18543	0	0.652747	1
59	353	156	352	155	118	119	0.013245	0	0.342857	2
60	346	171	346	170	118	119	0.00662252	0	0.375824	1
61	371	141	371	140	118	120	0.00662252	0	0.30989	1
62	209	451	208	451	118	119	0.00662252	0	0.991209	2
63	383	116	383	114	118	119	0.0264901	0	0.254945	1
64	363	173	362	172	118	119	0.013245	0	0.38022	2
65	49	413	51	410	118	145	0.0728477	0	0.907692	1
66	439	166	437	164	118	119	0.0397351	0	0.364835	2
67	145	100	144	100	118	119	0.00662252	0	0.21978	2
68	371	192	371	190	118	122	0.0264901	0	0.421978	1
69	214	249	210	249	118	119	0.0264901	0	0.547253	2
70	239	119	257	118	118	132	0.125828	0	0.261538	1
71	235	275	222	275	119	121	0.0860927	0	0.604396	2
72	289	165	293	165	119	120	0.0264901	0	0.362637	1
73	341	408	345	403	119	150	0.192053	0	0.896703	1
74	377	165	378	165	119	120	0.00662252	0	0.362637	1
75	279	171	286	159	119	128	1	0	0.375824	1
76	226	226	228	226	119	120	0.013245	0	0.496703	1
77	345	397	347	392	119	149	0.178808	0	0.872527	1
78	28	275	28	273	120	126	0.0264901	0	0.604396	1
79	47	437	48	435	120	127	0.0331126	0	0.96044	1
80	257	196	269	192	120	127	0.18543	0	0.430769	1
81	260	447	266	445	120	126	0.0662252	0	0.982418	1
82	140	173	139	173	120	121	0.00662252	0	0.38022	2
83	333	455	332	454	120	121	0.013245	0	1	2
84	424	190	420	189	120	121	0.0331126	0	0.417582	2
85	39	263	38	262	120	122	0.013245	0	0.578022	2
86	366	171	365	169	120	121	0.0331126	0	0.375824	2
87	216	289	216	288	120	125	0.00662252	0	0.635165	1
88	319	170	318	169	120	121	0.013245	0	0.373626	2
89	374	153	374	152	120	121	0.00662252	0	0.336264	1
90	404	160	403	159	120	121	0.013245	0	0.351648	2
91	196	97	195	97	120	122	0.00662252	0	0.213187	2
92	207	453	206	452	120	121	0.013245	0	0.995604	2
93	272	184	274	179	120	124	0.178808	0	0.404396	1
94	219	237	219	236	120	121	0.00662252	0	0.520879	1
95	28	386	29	383	120	137	0.0662252	0	0.848352	1
96	356	172	356	171	120	121	0.00662252	0	0.378022	1
97	427	129	427	129	120	121	0	0	0.283516	1
98	385	135	386	133	120	123	0.0331126	0	0.296703	1
99	554	163	553	162	120	121	0.013245	0	0.358242	2
100	146	99	147	98	120	123	0.013245	0	0.217582	1
101	230	202	239	198	120	123	0.165563	0	0.443956	1
102	232	455	230	450	120	138	0.178808	0	1	2
103	83	424	86	419	120	150	0.18543	0	0.931868	1
104	207	275	205	274	120	121	0.0198675	0	0.604396	2
105	261	183	265	180	120	123	0.0860927	0	0.402198	1
106	57	437	58	436	120	124	0.013245	0	0.96044	1
107	371	142	371	142	121	122	0	0	0.312088	1
108	136	441	140	438	121	132	0.0860927	0	0.969231	1
109	32	244	25	238	121	125	0.284768	0	0.536264	2
110	333	78	334	80	121	127	0.0331126	0	0.171429	1
111	243	453	244	451	121	123	0.0331126	0	0.995604	1
112	142	165	144	167	122	127	0.0397351	0	0.362637	1
113	333	455	333	453	122	125	0.0264901	0	1	1
114	366	168	367	164	122	125	0.112583	0	0.369231	1
115	374	152	374	151	122	123	0.00662252	0	0.334066	1
116	350	152	351	151	122	123	0.013245	0	0.334066	1
117	447	119	447	117	122	123	0.0264901	0	0.261538	1
118	196	248	187	245	122	124	0.119205	0	0.545055	2
119	356	170	358	164	122	126	0.251656	0	0.373626	1
120	373	141	373	140	123	124	0.00662252	0	0.30989	1
121	225	290	225	289	123	124	0.00662252	0	0.637363	1
122	129	155	129	154	123	124	0.00662252	0	0.340659	1
123	365	195	363	193	123	125	0.0397351	0	0.428571	2
124	110	434	109	428	123	137	0.245033	0	0.953846	2
125	360	131	361	131	123	124	0.00662252	0	0.287912	1
126	376	188	374	186	123	124	0.0397351	0	0.413187	2
127	421	191	419	191	123	124	0.013245	0	0.41978	2
128	542	148	537	147	123	124	0.0397351	0	0.325275	2
129	357	178	357	176	123	124	0.0264901	0	0.391209	1
130	372	122	373	121	123	124	0.013245	0	0.268132	1
131	342	125	344	124	123	124	0.0198675	0	0.274725	1
132	205	101	199	99	123	124	0.0662252	0	0.221978	2
133	419	201	416	203	123	125	0.0463576	0	0.441758	2
134	384	197	382	195	124	125	0.0397351	0	0.432967	2
135	247	448	248	445	124	126	0.0662252	0	0.984615	1
136	135	184	136	183	124	128	0.013245	0	0.404396	1
137	385	168	384	167	124	126	0.013245	0	0.369231	2
138	253	135	254	133	124	125	0.0331126	0	0.296703	1
139	217	249	213	243	124	125	0.264901	0	0.547253	2
140	411	154	411	153	124	125	0.00662252	0	0.338462	1
141	254	205	257	205	124	125	0.0198675	0	0.450549	1
142	212	436	214	432	124	150	0.119205	0	0.958242	1
143	450	115	450	114	125	126	0.00662252	0	0.252747	1
144	34	256	31	253	125	126	0.0794702	0	0.562637	2
145	129	155	128	155	125	128	0.00662252	0	0.340659	2
146	223	240	222	240	125	126	0.00662252	0	0.527473	2
147	279	455	279	453	125	130	0.0264901	0	1	1
148	361	130	361	130	125	126	0	0	0.285714	1
149	438	139	440	138	125	126	0.0198675	0	0.305495	1
150	38	271	35	269	125	126	0.0463576	0	0.595604	2
151	186	245	167	237	125	129	0.549669	0	0.538462	2
152	535	156	529	162	125	130	0.278146	0	0.342857	2
153	325	454	327	453	126	128	0.0198675	0	0.997802	1
154	368	163	373	158	126	134	0.198675	0	0.358242	1
155	232	240	243	241	126	127	0.0794702	0	0.527473	1
156	335	455	335	454	126	128	0.00662252	0	1	1
157	418	205	417	205	126	127	0.00662252	0	0.450549	2
158	210	243	204	244	126	127	0.0463576	0	0.534066	2
159	195	96	193	93	126	128	0.0728477	0	0.210989	2
160	192	263	187	261	126	127	0.0596026	0	0.578022	2
161	195	277	187	276	126	127	0.0596026	0	0.608791	2
162	558	170	557	169	126	127	0.013245	0	0.373626	2
163	176	438	180	434	126	150	0.13245	0	0.962637	1
164	676	209	678	206	126	150	0.0728477	0	0.459341	1
165	383	162	382	162	127	129	0.00662252	0	0.356044	2
166	446	153	449	155	127	132	0.0463576	0	0.336264	1
167	249	445	249	442	127	132	0.0596026	0	0.978022	1
168	441	139	446	140	127	130	0.0397351	0	0.305495	1
169	381	196	376	197	127	131	0.0397351	0	0.430769	2
170	229	231	237	228	127	129	0.112583	0	0.507692	1
171	247	215	255	214	127	129	0.0596026	0	0.472527	1
172	219	236	221	234	127	128	0.0397351	0	0.518681	1
173	431	97	431	96	127	128	0.00662252	0	0.213187	1
174	341	174	341	174	127	128	0	0	0.382418	1
175	334	115	334	115	127	128	0	0	0.252747	1
176	153	96	154	95	127	130	0.013245	0	0.210989	1
177	256	197	260	196	127	128	0.0331126	0	0.432967	1
178	380	181	380	180	128	129	0.00662252	0	0.397802	1
179	362	192	361	190	128	129	0.0331126	0	0.421978	2
180	368	208	369	205	128	133	0.0662252	0	0.457143	1
181	143	170	142	171	128	129	0.013245	0	0.373626	2
182	441	112	442	111	128	129	0.013245	0	0.246154	1
183	413	165	414	165	128	129	0.00662252	0	0.362637	1
184	362	181	362	180	128	129	0.00662252	0	0.397802	1
185	459	133	459	133	128	130	0	0	0.292308	1
186	453	112	453	111	128	129	0.00662252	0	0.246154	1
187	246	148	248	147	128	129	0.0198675	0	0.325275	1
188	408	183	406	182	128	129	0.0198675	0	0.402198	2
189	449	127	450	127	128	129	0.00662252	0	0.279121	1
190	537	190	538	187	128	150	0.0662252	0	0.417582	1
191	251	186	255	186	128	129	0.0264901	0	0.408791	1
192	49	435	48	434	129	130	0.013245	0	0.956044	2
193	244	455	243	453	129	132	0.0331126	0	1	2
194	432	100	432	99	129	130	0.00662252	0	0.21978	1
195	258	241	258	240	129	133	0.00662252	0	0.52967	1
196	526	144	518	149	129	134	0.218543	0	0.316484	2
197	341	173	341	171	129	133	0.0264901	0	0.38022	1
198	227	236	243	232	129	131	0.211921	0	0.518681	1
199	325	157	332	155	129	130	0.0728477	0	0.345055	1
200	403	197	399	196	129	130	0.0331126	0	0.432967	2
201	186	278	185	278	129	131	0.00662252	0	0.610989	2
202	433	140	436	140	129	130	0.0198675	0	0.307692	1
203	366	453	371	450	129	150	0.0927152	0	0.995604	1
204	134	157	133	158	129	130	0.013245	0	0.345055	2
205	288	158	299	155	129	134	0.13245	0	0.347253	1
206	260	131	260	130	129	130	0.00662252	0	0.287912	1
207	29	272	29	271	130	133	0.00662252	0	0.597802	1
208	383	162	383	161	130	131	0.00662252	0	0.356044	1
209	409	185	401	187	130	132	0.0794702	0	0.406593	2
210	446	112	447	112	130	131	0.00662252	0	0.246154	1
211	413	168	413	169	130	131	0.00662252	0	0.369231	1
212	349	156	350	156	130	131	0.00662252	0	0.342857	1
213	336	116	335	116	130	131	0.00662252	0	0.254945	2
214	437	183	437	182	130	131	0.00662252	0	0.402198	1
215	157	237	120	230	130	137	0.569536	0	0.520879	2
216	250	148	252	148	130	131	0.013245	0	0.325275	1
217	141	171	139	171	130	131	0.013245	0	0.375824	2
218	415	148	419	147	130	131	0.0331126	0	0.325275	1
219	364	117	369	116	130	132	0.0397351	0	0.257143	1
220	261	142	262	142	130	131	0.00662252	0	0.312088	1
221	448	143	449	144	131	132	0.013245	0	0.314286	1
222	333	451	333	451	131	132	0	0	0.991209	1
223	155	97	156	96	131	134	0.013245	0	0.213187	1
224	354	187	355	187	131	133	0.00662252	0	0.410989	1
225	285	455	283	454	131	134	0.0198675	0	1	2
226	284	186	290	183	131	133	0.0993377	0	0.408791	1
227	434	100	437	100	131	134	0.0198675	0	0.21978	1
228	379	113	381	112	131	132	0.0198675	0	0.248352	1
229	136	183	136	182	131	133	0.00662252	0	0.402198	1
230	126	152	127	150	131	134	0.0331126	0	0.334066	1
231	394	162	391	163	131	132	0.0264901	0	0.356044	2
232	107	447	102	444	131	149	0.0927152	0	0.982418	2
233	403	214	400	217	131	134	0.0794702	0	0.47033	2
234	379	147	380	147	131	133	0.00662252	0	0.323077	1
235	409	171	408	171	132	133	0.00662252	0	0.375824	2
236	352	157	353	156	132	133	0.013245	0	0.345055	1
237	187	279	186	278	132	133	0.013245	0	0.613187	2
238	449	113	450	114	132	133	0.013245	0	0.248352	1
239	246	142	246	141	132	133	0.00662252	0	0.312088	1
240	529	167	522	165	132	134	0.0728477	0	0.367033	2
241	335	116	334	116	132	133	0.00662252	0	0.254945	2
242	421	104	421	104	132	133	0	0	0.228571	1
243	385	159	386	158	133	134	0.013245	0	0.349451	1
244	334	450	335	449	133	135	0.013245	0	0.989011	1
245	360	168	359	167	133	134	0.013245	0	0.369231	2
246	245	455	244	454	133	134	0.013245	0	1	2
247	279	222	285	220	133	134	0.0662252	0	0.487912	1
248	414	157	414	156	133	134	0.00662252	0	0.345055	1
249	249	442	231	437	133	149	0.284768	0	0.971429	2
250	257	163	259	163	133	134	0.013245	0	0.358242	1
251	418	171	418	170	133	138	0.00662252	0	0.375824	1
252	384	107	385	107	133	136	0.00662252	0	0.235165	1
253	256	148	257	147	133	134	0.013245	0	0.325275	1
254	43	422	42	421	133	134	0.013245	0	0.927473	2
255	149	455	149	453	133	134	0.0264901	0	1	1
256	317	165	316	164	133	138	0.013245	0	0.362637	2
257	142	437	144	436	133	135	0.0198675	0	0.96044	1
258	29	271	29	270	134	148	0.00662252	0	0.595604	1
259	408	171	409	170	134	137	0.013245	0	0.375824	1
260	131	221	126	223	134	135	0.0596026	0	0.485714	2
261	359	177	359	177	134	135	0	0	0.389011	1
262	334	115	333	113	134	135	0.0331126	0	0.252747	2
263	144	160	143	159	134	135	0.013245	0	0.351648	2
264	167	260	159	258	134	135	0.0794702	0	0.571429	2
265	367	118	375	117	134	139	0.0596026	0	0.259341	1
266	45	434	42	433	135	138	0.0264901	0	0.953846	2
267	521	152	517	154	135	137	0.0529801	0	0.334066	2
268	454	117	456	117	135	136	0.013245	0	0.257143	1
269	291	221	295	222	135	136	0.0331126	0	0.485714	1
270	151	455	151	454	135	136	0.00662252	0	1	1
271	360	165	360	165	135	136	0	0	0.362637	1
272	374	158	378	159	135	140	0.0331126	0	0.347253	1
273	417	107	421	105	135	136	0.0529801	0	0.235165	1
274	276	453	272	452	135	139	0.0331126	0	0.995604	2
275	140	177	139	179	135	136	0.0331126	0	0.389011	2
276	160	96	163	96	135	138	0.0198675	0	0.210989	1
277	436	97	436	96	135	137	0.00662252	0	0.213187	1
278	447	152	447	151	135	136	0.00662252	0	0.334066	1
279	398	218	397	218	135	137	0.00662252	0	0.479121	2
280	316	448	321	448	135	150	0.0331126	0	0.984615	1
281	300	157	306	159	135	138	0.0662252	0	0.345055	1
282	259	148	260	148	135	136	0.00662252	0	0.325275	1
283	156	436	156	435	135	139	0.00662252	0	0.958242	1
284	90	430	92	428	135	150	0.0397351	0	0.945055	1
285	44	422	43	421	135	138	0.013245	0	0.927473	2
286	522	184	517	186	135	136	0.0596026	0	0.404396	2
287	392	326	394	325	135	150	0.0198675	0	0.716484	1
288	145	270	141	271	135	138	0.0331126	0	0.593407	2
289	357	150	358	149	135	136	0.013245	0	0.32967	1
290	133	159	132	160	135	138	0.013245	0	0.349451	2
291	437	125	437	124	136	137	0.00662252	0	0.274725	1
292	292	209	296	210	136	137	0.0331126	0	0.459341	1
293	335	449	340	448	136	150	0.0397351	0	0.986813	1
294	414	156	414	156	136	137	0	0	0.342857	1
295	148	167	144	172	136	139	0.192053	0	0.367033	2
296	261	236	269	234	136	137	0.0794702	0	0.518681	1
297	305	239	306	241	136	137	0.0331126	0	0.525275	1
298	391	181	391	181	136	137	0	0	0.397802	1
299	161	260	150	257	136	137	0.13245	0	0.571429	2
300	332	114	328	114	136	139	0.0264901	0	0.250549	2
301	264	165	266	165	136	137	0.013245	0	0.362637	1
302	739	84	741	83	136	150	0.0198675	0	0.184615	1
303	267	196	279	200	136	138	0.18543	0	0.430769	1
304	241	455	239	454	137	138	0.0198675	0	1	2
305	457	117	459	116	137	138	0.0198675	0	0.257143	1
306	423	108	424	107	137	138	0.013245	0	0.237363	1
307	398	168	404	166	137	138	0.0662252	0	0.369231	1
308	141	183	139	184	137	138	0.0198675	0	0.402198	2
309	516	188	516	187	137	141	0.00662252	0	0.413187	1
310	376	197	370	197	137	138	0.0397351	0	0.432967	2
311	24	445	24	445	137	142	0	0	0.978022	1
312	360	149	362	148	137	139	0.0198675	0	0.327473	1
313	262	148	262	149	137	138	0.00662252	0	0.325275	1
314	268	166	269	167	138	140	0.013245	0	0.364835	1
315	389	138	390	137	138	139	0.013245	0	0.303297	1
316	124	214	118	212	138	139	0.0662252	0	0.47033	2
317	308	241	307	241	138	139	0.00662252	0	0.52967	2
318	52	434	51	433	138	139	0.013245	0	0.953846	2
319	110	429	108	429	138	142	0.013245	0	0.942857	2
320	29	384	29	385	138	145	0.00662252	0	0.843956	1
321	453	149	456	148	139	140	0.0264901	0	0.327473	1
322	511	156	508	157	139	140	0.0264901	0	0.342857	2
323	136	188	135	189	139	140	0.013245	0	0.413187	2
324	463	117	466	117	139	140	0.0198675	0	0.257143	1
325	442	129	442	131	139	140	0.0264901	0	0.283516	1
326	164	99	166	99	139	142	0.013245	0	0.217582	1
327	43	421	43	420	139	141	0.00662252	0	0.925275	1
328	465	137	468	137	139	140	0.0198675	0	0.301099	1
329	313	160	315	161	139	140	0.0198675	0	0.351648	1
330	130	454	131	453	139	140	0.013245	0	0.997802	1
331	291	183	296	182	139	141	0.0397351	0	0.402198	1
332	353	174	347	175	139	140	0.0463576	0	0.382418	2
333	137	142	136	145	139	141	0.0662252	0	0.312088	2
334	471	186	471	185	139	142	0.00662252	0	0.408791	1
335	238	455	236	454	140	141	0.0198675	0	1	2
336	397	200	399	200	140	141	0.013245	0	0.43956	1
337	413	167	414	165	140	141	0.0331126	0	0.367033	1
338	50	434	49	434	140	143	0.00662252	0	0.953846	2
339	301	196	306	197	140	141	0.0397351	0	0.430769	1
340	403	158	408	158	140	141	0.0331126	0	0.347253	1
341	378	116	383	114	140	143	0.0596026	0	0.254945	1
342	327	115	323	117	140	142	0.0529801	0	0.252747	2
343	369	144	369	144	140	142	0	0	0.316484	1
344	207	448	209	448	140	149	0.013245	0	0.984615	1
345	101	225	72	222	140	145	0.251656	0	0.494505	2
346	112	246	106	245	140	141	0.0463576	0	0.540659	2
347	126	428	126	426	140	150	0.0264901	0	0.940659	1
348	485	163	484	168	140	145	0.172185	0	0.358242	2
349	398	148	399	148	140	141	0.00662252	0	0.325275	1
350	380	159	381	158	141	143	0.013245	0	0.349451	1
351	353	194	348	194	141	142	0.0331126	0	0.426374	2
352	444	131	444	130	141	142	0.00662252	0	0.287912	1
353	269	452	265	452	141	143	0.0264901	0	0.993407	2
354	470	130	471	131	141	142	0.013245	0	0.285714	1
355	471	118	473	118	141	142	0.013245	0	0.259341	1
356	26	400	29	402	141	150	0.0463576	0	0.879121	1
357	114	263	106	262	141	142	0.0596026	0	0.578022	2
358	320	245	330	247	141	142	0.0927152	0	0.538462	1
359	403	138	404	138	141	142	0.00662252	0	0.303297	1
360	270	167	269	167	141	144	0.00662252	0	0.367033	2
361	510	171	508	171	141	142	0.013245	0	0.375824	2
362	315	161	327	163	141	145	0.10596	0	0.353846	1
363	63	450	62	449	141	149	0.013245	0	0.989011	2
364	236	455	232	451	142	149	0.13245	0	1	2
365	137	180	136	179	142	143	0.013245	0	0.395604	2
366	381	194	380	193	142	143	0.013245	0	0.426374	2
367	311	198	314	199	142	143	0.0264901	0	0.435165	1
368	401	205	402	206	142	149	0.013245	0	0.450549	1
369	184	90	184	89	142	143	0.00662252	0	0.197802	1
370	379	184	379	184	142	143	0	0	0.404396	1
371	255	158	254	158	142	143	0.00662252	0	0.347253	2
372	24	420	27	419	142	150	0.0264901	0	0.923077	1
373	466	148	470	149	143	144	0.0331126	0	0.325275	1
374	439	124	439	124	143	144	0	0	0.272527	1
375	401	125	407	125	143	145	0.0397351	0	0.274725	1
376	166	98	166	97	143	144	0.00662252	0	0.215385	1
377	475	119	477	119	143	144	0.013245	0	0.261538	1
378	407	140	409	140	143	144	0.013245	0	0.307692	1
379	105	263	104	263	143	144	0.00662252	0	0.578022	2
380	473	133	473	133	143	144	0	0	0.292308	1
381	445	137	446	137	143	145	0.00662252	0	0.301099	1
382	24	445	24	445	143	147	0	0	0.978022	1
383	254	455	251	450	143	149	0.18543	0	1	2
384	433	143	434	142	143	144	0.013245	0	0.314286	1
385	418	109	421	108	143	145	0.0264901	0	0.23956	1
386	316	240	325	242	144	145	0.0860927	0	0.527473	1
387	312	222	312	222	144	145	0	0	0.487912	1
388	382	161	383	164	144	146	0.0662252	0	0.353846	1
389	50	435	52	434	144	150	0.0198675	0	0.956044	1
390	376	141	377	142	144	146	0.013245	0	0.30989	1
391	339	252	339	252	144	145	0	0	0.553846	1
392	351	194	348	196	144	145	0.0463576	0	0.426374	2
393	333	115	328	116	144	148	0.0397351	0	0.252747	2
394	143	159	141	163	144	147	0.119205	0	0.349451	2
395	379	151	379	152	144	145	0.00662252	0	0.331868	1
396	161	435	163	435	144	146	0.013245	0	0.956044	1
397	268	155	265	156	144	145	0.0264901	0	0.340659	2
398	437	123	437	122	145	146	0.00662252	0	0.27033	1
399	478	121	480	121	145	146	0.013245	0	0.265934	1
400	375	185	373	184	145	146	0.0198675	0	0.406593	2
401	106	264	105	263	145	146	0.013245	0	0.58022	2
402	392	189	391	190	145	149	0.013245	0	0.415385	2
403	488	125	489	126	145	146	0.013245	0	0.274725	1
404	254	158	252	158	145	146	0.013245	0	0.347253	2
405	378	197	377	198	145	146	0.013245	0	0.432967	2
406	51	410	51	409	146	148	0.00662252	0	0.901099	1
407	312	223	311	222	146	147	0.013245	0	0.49011	2
408	449	132	452	131	146	147	0.0264901	0	0.29011	1
409	403	149	403	148	146	147	0.00662252	0	0.327473	1
410	167	99	167	98	146	147	0.00662252	0	0.217582	1
411	130	205	131	203	146	149	0.0331126	0	0.450549	1
412	27	387	29	385	146	150	0.0397351	0	0.850549	1
413	349	233	358	230	146	148	0.119205	0	0.512088	1
414	332	163	350	162	146	150	0.125828	0	0.358242	1
415	436	165	437	164	146	147	0.013245	0	0.362637	1
416	339	235	346	235	146	147	0.0463576	0	0.516484	1
417	447	101	449	99	146	147	0.0397351	0	0.221978	1
418	410	126	412	126	146	147	0.013245	0	0.276923	1
419	128	442	129	439	146	150	0.0662252	0	0.971429	1
420	337	245	343	249	146	147	0.145695	0	0.538462	1
421	439	124	441	122	147	148	0.0397351	0	0.272527	1
422	404	165	407	164	147	148	0.0264901	0	0.362637	1
423	379	142	381	141	147	148	0.0198675	0	0.312088	1
424	385	166	386	166	147	148	0.00662252	0	0.364835	1
425	486	123	492	123	147	149	0.0397351	0	0.27033	1
426	140	455	141	453	147	148	0.0331126	0	1	1
427	163	434	165	432	147	149	0.0397351	0	0.953846	1
428	368	155	373	158	147	150	0.0927152	0	0.340659	1
429	66	222	59	220	147	148	0.0728477	0	0.487912	2
430	453	98	456	96	148	149	0.0463576	0	0.215385	1
431	266	175	265	176	148	149	0.013245	0	0.384615	2
432	475	122	477	120	148	149	0.0397351	0	0.268132	1
433	380	155	382	155	148	149	0.013245	0	0.340659	1
434	497	188	495	188	148	149	0.013245	0	0.413187	2
435	438	164	439	163	148	149	0.013245	0	0.36044	1
436	309	234	309	233	148	149	0.00662252	0	0.514286	1
437	133	172	133	172	148	149	0	0	0.378022	1
438	491	171	489	172	148	149	0.0198675	0	0.375824	2
439	469	112	472	109	148	149	0.0794702	0	0.246154	1
440	378	198	379	197	148	149	0.013245	0	0.435165	1
441	54	409	55	408	149	150	0.013245	0	0.898901	1
442	351	229	353	228	149	150	0.0198675	0	0.503297	1
443	146	184	148	183	149	150	0.0198675	0	0.404396	1
444	144	453	146	451	149	150	0.0397351	0	0.995604	1
445	501	209	498	212	149	150	0.0794702	0	0.459341	2
446	449	160	451	160	149	150	0.013245	0	0.351648	1