
0	228	382	233	385	87	89	0.00645161	0	0.83956	1
1	324	251	324	251	87	89	0	0	0.551648	1
2	412	206	409	204	87	88	0.00322581	0	0.452747	2
3	229	392	245	396	87	94	0.0147465	0	0.861538	1
4	329	193	328	192	88	89	0.000921659	0	0.424176	2
5	399	176	399	175	88	89	0.000460829	0	0.386813	1
6	398	256	398	256	88	89	0	0	0.562637	1
7	411	100	420	110	88	96	0.0502304	0	0.21978	1
8	324	207	323	206	88	89	0.000921659	0	0.454945	2
9	279	230	279	230	89	90	0	0	0.505495	1
10	466	221	469	223	89	94	0.00322581	0	0.485714	1
11	244	409	251	417	89	95	0.0327189	0	0.898901	1
12	300	96	309	113	90	97	0.137327	0	0.210989	1
13	429	146	436	156	90	96	0.0493088	0	0.320879	1
14	399	175	399	174	90	91	0.000460829	0	0.384615	1
15	322	206	321	203	90	92	0.00460829	0	0.452747	2
16	408	193	408	202	90	96	0.0373272	0	0.424176	1
17	354	211	355	211	90	91	0.000460829	0	0.463736	1
18	355	192	355	191	90	92	0.000460829	0	0.421978	1
19	379	210	377	208	90	91	0.00276498	0	0.461538	2
20	765	70	819	116	90	106	1	0	0.153846	1
21	325	251	326	251	90	93	0.000460829	0	0.551648	1
22	229	359	229	358	90	91	0.000460829	0	0.789011	1
23	387	282	386	282	90	93	0.000460829	0	0.61978	2
24	249	364	261	363	90	93	0.00599078	0	0.8	1
25	341	215	342	214	90	92	0.000921659	0	0.472527	1
26	334	237	334	237	91	92	0	0	0.520879	1
27	379	258	378	261	91	94	0.00460829	0	0.567033	2
28	279	231	278	231	91	93	0.000460829	0	0.507692	2
29	343	227	343	227	91	92	0	0	0.498901	1
30	144	171	182	214	91	105	0.869585	0	0.375824	1
31	413	179	412	178	91	92	0.000921659	0	0.393407	2
32	322	236	320	235	92	93	0.00138249	0	0.518681	2
33	281	245	281	245	92	93	0	0	0.538462	1
34	399	174	398	174	92	93	0.000460829	0	0.382418	2
35	230	359	368	398	92	125	0.764516	0	0.789011	1
36	388	154	390	154	92	93	0.000921659	0	0.338462	1
37	357	192	357	192	93	94	0	0	0.421978	1
38	401	201	402	231	93	98	0.415207	0	0.441758	1
39	379	241	379	243	93	94	0.00184332	0	0.52967	1
40	322	204	322	204	93	94	0	0	0.448352	1
41	401	272	406	282	93	96	0.0483871	0	0.597802	1
42	344	215	346	217	93	94	0.00276498	0	0.472527	1
43	133	224	135	229	93	95	0.0124424	0	0.492308	1
44	725	24	733	42	93	97	0.152995	0	0.0527473	1
45	220	409	229	410	94	95	0.00460829	0	0.898901	1
46	319	235	320	242	94	96	0.0230415	0	0.516484	1
47	336	237	338	241	94	95	0.00829493	0	0.520879	1
48	365	213	364	214	94	95	0.000921659	0	0.468132	2
49	284	250	286	253	94	95	0.00506912	0	0.549451	1
50	645	47	652	63	94	97	0.121198	0	0.103297	1
51	378	277	378	280	94	95	0.00414747	0	0.608791	1
52	336	247	338	250	94	95	0.00506912	0	0.542857	1
53	279	233	281	236	94	95	0.00506912	0	0.512088	1
54	388	285	395	295	94	96	0.0493088	0	0.626374	1
55	130	209	156	245	94	102	0.609217	0	0.459341	1
56	400	175	401	178	94	95	0.00460829	0	0.384615	1
57	368	225	368	229	95	96	0.00737327	0	0.494505	1
58	398	229	397	234	95	96	0.0119816	0	0.503297	2
59	359	194	382	225	95	102	0.453456	0	0.426374	1
60	472	227	475	251	95	98	0.26682	0	0.498901	1
61	328	206	329	228	95	98	0.223502	0	0.452747	1
62	219	418	240	427	95	97	0.0470046	0	0.918681	1
63	566	203	571	216	95	97	0.0801843	0	0.446154	1
64	404	300	407	324	95	98	0.26682	0	0.659341	1
65	374	297	369	319	95	98	0.225346	0	0.652747	2
66	551	43	552	61	96	98	0.14977	0	0.0945055	1
67	362	183	407	213	96	106	0.435484	0	0.402198	1
68	604	221	605	229	96	97	0.0299539	0	0.485714	1
69	88	362	220	387	96	125	0.348848	0	0.795604	1
70	216	230	271	260	96	107	0.440092	0	0.505495	1
71	41	367	174	390	96	125	0.305069	0	0.806593	1
72	807	63	805	87	97	99	0.266359	0	0.138462	2
73	608	73	606	96	97	99	0.2447	0	0.16044	2
74	616	63	614	86	97	99	0.2447	0	0.138462	2
75	382	283	378	294	97	98	0.0576037	0	0.621978	2
76	533	69	531	91	97	99	0.223963	0	0.151648	2
77	256	435	254	445	97	98	0.0470046	0	0.956044	2
78	288	284	286	294	97	98	0.0470046	0	0.624176	2
79	369	236	366	245	97	98	0.0387097	0	0.518681	2
80	265	424	272	433	97	98	0.040553	0	0.931868	1
81	322	252	320	262	97	98	0.0470046	0	0.553846	2
82	372	268	365	290	97	99	0.226267	0	0.589011	2
83	406	210	404	220	97	98	0.0470046	0	0.461538	2
84	708	40	706	63	97	99	0.2447	0	0.0879121	2
85	613	31	611	54	97	99	0.2447	0	0.0681319	2
86	439	165	461	186	97	103	0.213364	0	0.362637	1
87	387	296	384	306	97	98	0.0474654	0	0.650549	2
88	294	274	291	284	97	98	0.0474654	0	0.602198	2
89	543	66	541	88	97	99	0.223963	0	0.145055	2
90	527	59	525	81	97	99	0.223963	0	0.12967	2
91	788	170	823	196	97	105	0.32765	0	0.373626	1
92	770	162	768	185	97	99	0.2447	0	0.356044	2
93	412	281	404	295	97	101	0.0940092	0	0.617582	2
94	410	240	473	264	97	108	0.29447	0	0.527473	1
95	469	62	602	88	97	125	0.372811	0	0.136264	1
96	284	385	407	407	97	108	0.279724	0	0.846154	1
97	424	119	477	143	97	107	0.289862	0	0.261538	1
98	512	62	524	87	97	101	0.293548	0	0.136264	1
99	341	259	338	269	97	98	0.0474654	0	0.569231	2
100	364	251	357	271	97	99	0.187558	0	0.551648	2
101	695	40	693	63	97	99	0.2447	0	0.0879121	2
102	127	369	258	386	97	125	0.193548	0	0.810989	1
103	624	434	631	448	98	100	0.0935484	0	0.953846	1
104	309	124	329	134	98	102	0.0552995	0	0.272527	1
105	327	290	325	302	98	102	0.0672811	0	0.637363	2
106	604	242	603	255	98	99	0.078341	0	0.531868	2
107	466	224	466	236	98	99	0.0663594	0	0.492308	1
108	735	52	734	64	98	99	0.0668203	0	0.114286	2
109	754	390	820	406	98	108	0.148387	0	0.857143	1
110	352	74	351	85	98	99	0.0562212	0	0.162637	2
111	282	257	287	269	98	100	0.0686636	0	0.564835	1
112	674	400	730	414	98	107	0.116129	0	0.879121	1
113	319	381	339	390	98	102	0.0465438	0	0.837363	1
114	384	317	397	316	99	102	0.00645161	0	0.696703	1
115	404	231	419	230	99	101	0.00737327	0	0.507692	1
116	328	239	340	240	99	101	0.00599078	0	0.525275	1
117	624	430	662	433	99	104	0.021659	0	0.945055	1
118	589	401	721	405	99	125	0.0682028	0	0.881319	1
119	184	258	312	257	99	124	0.059447	0	0.567033	1
120	283	440	329	435	99	103	0.0327189	0	0.967033	1
121	630	396	657	394	99	102	0.0142857	0	0.87033	1
122	403	243	428	241	99	103	0.0133641	0	0.534066	1
123	155	255	243	255	99	111	0.040553	0	0.56044	1
124	599	400	731	404	99	125	0.0682028	0	0.879121	1
125	810	93	824	88	100	102	0.0179724	0	0.204396	1
126	618	59	715	58	100	115	0.0451613	0	0.12967	1
127	612	101	719	101	100	119	0.0493088	0	0.221978	1
128	774	192	823	192	100	107	0.0225806	0	0.421978	1
129	711	271	822	273	100	122	0.0529954	0	0.595604	1
130	579	268	706	269	100	125	0.0589862	0	0.589011	1
131	334	251	344	248	100	102	0.00875576	0	0.551648	1
132	651	451	682	454	100	105	0.0184332	0	0.991209	1
133	610	260	617	258	100	101	0.00506912	0	0.571429	1
134	538	97	560	93	100	104	0.0175115	0	0.213187	1
135	283	402	291	399	100	101	0.0078341	0	0.883516	1
136	560	77	582	73	100	104	0.0175115	0	0.169231	1
137	743	271	825	272	100	111	0.0382488	0	0.595604	1
138	416	218	429	212	100	102	0.0225806	0	0.479121	1
139	304	257	320	254	100	103	0.0115207	0	0.564835	1
140	319	291	325	290	100	101	0.00322581	0	0.63956	1
141	609	243	628	241	100	104	0.0105991	0	0.534066	1
142	740	70	823	69	100	111	0.0387097	0	0.153846	1
143	658	92	787	93	100	125	0.0599078	0	0.202198	1
144	623	92	718	91	100	113	0.0442396	0	0.202198	1
145	582	197	690	199	100	112	0.0516129	0	0.432967	1
146	720	70	825	70	100	115	0.0483871	0	0.153846	1
147	290	291	301	286	100	102	0.0165899	0	0.63956	1
148	740	94	823	94	100	111	0.0382488	0	0.206593	1
149	426	189	451	186	100	103	0.0156682	0	0.415385	1
150	642	449	657	450	101	104	0.00737327	0	0.986813	1
151	387	307	390	305	101	102	0.00322581	0	0.674725	1
152	291	268	299	267	101	103	0.00414747	0	0.589011	1
153	453	139	551	140	101	119	0.0456221	0	0.305495	1
154	818	100	824	97	101	102	0.00691244	0	0.21978	1
155	609	116	723	120	102	125	0.0599078	0	0.254945	1
156	277	450	286	446	102	103	0.0115207	0	0.989011	1
157	296	398	407	400	102	125	0.0529954	0	0.874725	1
158	397	278	397	278	102	103	0	0	0.610989	1
159	306	303	307	303	102	103	0.000460829	0	0.665934	1
160	623	259	630	262	102	104	0.00737327	0	0.569231	1
161	380	294	379	292	103	104	0.00230415	0	0.646154	2
162	333	135	337	135	103	104	0.00184332	0	0.296703	1
163	348	250	351	251	103	104	0.00184332	0	0.549451	1
164	320	450	352	453	103	107	0.018894	0	0.989011	1
165	432	208	437	208	103	104	0.00230415	0	0.457143	1
166	297	279	301	280	103	104	0.00230415	0	0.613187	1
167	386	225	390	226	103	104	0.00230415	0	0.494505	1
168	393	316	396	317	103	104	0.00184332	0	0.694505	1
169	276	267	287	271	103	105	0.0124424	0	0.586813	1
170	338	286	338	290	103	104	0.00737327	0	0.628571	1
171	245	298	247	298	103	104	0.000921659	0	0.654945	1
172	655	80	665	82	103	105	0.00645161	0	0.175824	1
173	663	407	669	408	104	105	0.00322581	0	0.894505	1
174	431	242	437	242	104	105	0.00276498	0	0.531868	1
175	307	295	312	296	104	105	0.00276498	0	0.648352	1
176	274	252	331	256	104	119	0.0336406	0	0.553846	1
177	325	257	332	258	104	105	0.00368664	0	0.564835	1
178	429	193	436	194	104	105	0.00368664	0	0.424176	1
179	384	280	387	280	104	105	0.00138249	0	0.615385	1
180	540	86	627	89	104	122	0.0442396	0	0.189011	1
181	774	91	820	94	104	109	0.0253456	0	0.2	1
182	366	225	389	227	104	107	0.0124424	0	0.494505	1
183	616	73	689	75	104	113	0.0354839	0	0.16044	1
184	381	293	400	295	105	108	0.0105991	0	0.643956	1
185	668	452	681	453	105	106	0.00645161	0	0.993407	1
186	346	140	416	140	105	115	0.0322581	0	0.307692	1
187	341	294	347	296	105	106	0.00460829	0	0.646154	1
188	674	268	772	271	105	125	0.0493088	0	0.589011	1
189	543	265	640	267	105	125	0.0465438	0	0.582418	1
190	471	267	568	268	105	125	0.0451613	0	0.586813	1
191	589	75	663	77	105	115	0.0359447	0	0.164835	1
192	258	287	315	291	105	113	0.0336406	0	0.630769	1
193	357	252	375	253	105	107	0.00875576	0	0.553846	1
194	392	298	398	299	105	106	0.00322581	0	0.654945	1
195	426	189	439	191	105	107	0.0078341	0	0.415385	1
196	551	216	624	216	105	115	0.0336406	0	0.474725	1
197	399	230	454	228	105	112	0.0271889	0	0.505495	1
198	639	268	712	271	105	116	0.037788	0	0.589011	1
199	335	268	343	269	105	106	0.00414747	0	0.589011	1
200	635	242	679	243	105	110	0.0207373	0	0.531868	1
201	674	436	711	437	105	108	0.0175115	0	0.958242	1
202	414	270	420	269	105	106	0.00322581	0	0.593407	1
203	700	92	787	94	105	123	0.0419355	0	0.202198	1
204	663	92	739	94	105	116	0.0368664	0	0.202198	1
205	439	395	508	396	105	115	0.0322581	0	0.868132	1
206	569	94	646	95	105	119	0.0359447	0	0.206593	1
207	478	189	487	189	105	106	0.00414747	0	0.415385	1
208	409	328	412	327	106	107	0.00184332	0	0.720879	1
209	390	281	404	281	106	108	0.00645161	0	0.617582	1
210	680	409	744	410	106	119	0.0299539	0	0.898901	1
211	318	308	325	309	106	107	0.00368664	0	0.676923	1
212	296	272	320	271	106	109	0.0115207	0	0.597802	1
213	337	309	390	307	106	113	0.0262673	0	0.679121	1
214	436	278	443	275	106	107	0.00737327	0	0.610989	1
215	319	298	327	299	106	107	0.00414747	0	0.654945	1
216	447	244	485	243	106	110	0.0179724	0	0.536264	1
217	457	215	467	215	106	107	0.00460829	0	0.472527	1
218	351	224	359	226	106	107	0.00552995	0	0.492308	1
219	295	287	338	287	106	112	0.0198157	0	0.630769	1
220	193	216	238	216	106	111	0.0207373	0	0.474725	1
221	406	289	426	289	106	110	0.00921659	0	0.635165	1
222	356	297	382	297	107	110	0.0119816	0	0.652747	1
223	350	261	359	261	107	108	0.00414747	0	0.573626	1
224	370	401	413	400	107	113	0.0202765	0	0.881319	1
225	418	215	456	211	107	112	0.0248848	0	0.472527	1
226	29	387	107	382	107	125	0.0474654	0	0.850549	1
227	527	277	568	278	107	112	0.0193548	0	0.608791	1
228	368	453	379	450	108	109	0.00921659	0	0.995604	1
229	484	136	531	135	108	119	0.0221198	0	0.298901	1
230	332	311	375	309	108	119	0.021659	0	0.683516	1
231	415	325	417	323	108	109	0.00276498	0	0.714286	1
232	398	228	417	228	108	111	0.00875576	0	0.501099	1
233	478	215	513	212	108	113	0.0202765	0	0.472527	1
234	365	272	379	272	108	110	0.00645161	0	0.597802	1
235	446	190	469	191	108	114	0.0110599	0	0.417582	1
236	439	302	443	300	108	109	0.00368664	0	0.663736	1
237	341	294	347	296	108	109	0.00460829	0	0.646154	1
238	494	136	541	135	108	119	0.0221198	0	0.298901	1
239	425	251	432	251	108	109	0.00322581	0	0.551648	1
240	386	254	413	251	108	113	0.0165899	0	0.558242	1
241	545	149	613	149	108	125	0.0313364	0	0.327473	1
242	116	389	183	386	108	125	0.035023	0	0.854945	1
243	407	296	412	296	109	110	0.00230415	0	0.650549	1
244	731	453	744	452	109	110	0.00645161	0	0.995604	1
245	484	264	503	263	109	112	0.00921659	0	0.58022	1
246	387	440	417	439	109	111	0.0142857	0	0.967033	1
247	748	408	754	407	109	110	0.00322581	0	0.896703	1
248	325	300	338	299	109	111	0.00645161	0	0.659341	1
249	323	260	358	259	109	117	0.0165899	0	0.571429	1
250	412	450	441	452	109	111	0.0152074	0	0.989011	1
251	453	273	454	273	109	110	0.000460829	0	0.6	1
252	284	388	341	386	109	125	0.0281106	0	0.852747	1
253	532	186	546	186	109	111	0.00645161	0	0.408791	1
254	426	305	427	304	110	111	0.000921659	0	0.67033	1
255	326	270	330	269	110	111	0.00230415	0	0.593407	1
256	421	322	423	321	110	111	0.00138249	0	0.707692	1
257	517	189	570	190	110	125	0.0248848	0	0.415385	1
258	354	298	359	299	110	111	0.00276498	0	0.654945	1
259	442	305	444	304	110	112	0.00138249	0	0.67033	1
260	557	247	581	250	110	114	0.0152074	0	0.542857	1
261	530	234	557	235	110	115	0.0129032	0	0.514286	1
262	458	263	488	262	110	119	0.0142857	0	0.578022	1
263	374	262	391	264	110	113	0.00967742	0	0.575824	1
264	308	262	329	265	110	125	0.0138249	0	0.575824	1
265	432	334	446	336	110	115	0.00829493	0	0.734066	1
266	699	78	725	79	110	115	0.0124424	0	0.171429	1
267	388	298	393	296	111	112	0.00414747	0	0.654945	1
268	684	245	700	245	111	114	0.00737327	0	0.538462	1
269	386	273	391	272	111	112	0.00276498	0	0.6	1
270	496	243	521	242	111	119	0.0119816	0	0.534066	1
271	335	269	339	268	112	113	0.00230415	0	0.591209	1
272	427	323	432	325	112	114	0.00414747	0	0.70989	1
273	426	439	445	437	112	113	0.0105991	0	0.964835	1
274	423	257	430	257	112	114	0.00322581	0	0.564835	1
275	364	300	374	301	112	114	0.00506912	0	0.659341	1
276	233	267	239	268	112	113	0.00322581	0	0.586813	1
277	563	288	600	296	112	125	0.0465438	0	0.632967	1
278	247	257	253	256	112	113	0.00322581	0	0.564835	1
279	414	268	421	267	112	114	0.00368664	0	0.589011	1
280	557	273	576	274	112	116	0.00921659	0	0.6	1
281	610	262	649	263	112	125	0.0184332	0	0.575824	1
282	523	120	562	120	112	125	0.0179724	0	0.263736	1
283	446	276	452	275	112	114	0.00322581	0	0.606593	1
284	723	82	740	82	112	117	0.0078341	0	0.18022	1
285	401	295	404	294	113	114	0.00184332	0	0.648352	1
286	346	295	345	296	113	115	0.000921659	0	0.648352	2
287	701	201	708	201	113	114	0.00322581	0	0.441758	1
288	460	227	466	228	113	115	0.00322581	0	0.498901	1
289	464	265	469	265	113	114	0.00230415	0	0.582418	1
290	430	228	434	226	113	119	0.00368664	0	0.501099	1
291	418	252	419	251	114	116	0.000921659	0	0.553846	1
292	395	310	397	310	114	115	0.000921659	0	0.681319	1
293	343	270	344	273	114	116	0.00460829	0	0.593407	1
294	562	185	590	185	114	125	0.0129032	0	0.406593	1
295	419	401	446	401	114	125	0.0124424	0	0.881319	1
296	519	211	522	210	114	115	0.00184332	0	0.463736	1
297	723	92	728	92	114	117	0.00230415	0	0.202198	1
298	513	264	516	264	114	115	0.00138249	0	0.58022	1
299	449	265	449	267	114	115	0.00184332	0	0.582418	1
300	417	120	421	120	114	119	0.00184332	0	0.263736	1
301	476	215	477	215	114	115	0.000460829	0	0.472527	1
302	695	76	701	76	114	117	0.00276498	0	0.167033	1
303	259	257	265	257	114	120	0.00276498	0	0.564835	1
304	520	107	548	107	114	125	0.0129032	0	0.235165	1
305	551	266	579	266	114	125	0.0129032	0	0.584615	1
306	382	256	383	255	114	115	0.000921659	0	0.562637	1
307	772	439	818	443	114	122	0.0285714	0	0.964835	1
308	433	328	432	329	115	116	0.000921659	0	0.720879	2
309	407	296	408	295	115	116	0.000921659	0	0.650549	1
310	432	258	431	257	115	116	0.000921659	0	0.567033	2
311	775	455	788	454	115	117	0.00645161	0	1	1
312	585	248	588	250	115	119	0.00322581	0	0.545055	1
313	702	245	710	245	115	122	0.00368664	0	0.538462	1
314	461	91	486	90	115	125	0.0119816	0	0.2	1
315	467	455	469	454	115	116	0.00138249	0	1	1
316	460	403	484	402	115	125	0.0115207	0	0.885714	1
317	437	240	437	237	115	118	0.00414747	0	0.527473	1
318	411	264	411	263	115	116	0.000460829	0	0.58022	1
319	503	421	510	416	115	116	0.0147465	0	0.925275	1
320	439	300	437	299	116	117	0.00138249	0	0.659341	2
321	717	58	735	56	116	125	0.0101382	0	0.127473	1
322	479	216	478	216	116	117	0.000460829	0	0.474725	2
323	467	262	465	261	116	117	0.00138249	0	0.575824	2
324	467	228	466	229	116	119	0.000921659	0	0.501099	2
325	783	409	783	408	116	117	0.000460829	0	0.898901	1
326	477	205	475	204	116	117	0.00138249	0	0.450549	2
327	340	288	338	290	116	118	0.00276498	0	0.632967	2
328	430	279	428	278	116	117	0.00138249	0	0.613187	2
329	523	207	524	206	116	117	0.000921659	0	0.454945	1
330	383	204	378	202	116	119	0.00414747	0	0.448352	2
331	392	286	393	284	116	117	0.00230415	0	0.628571	1
332	396	264	398	264	116	117	0.000921659	0	0.58022	1
333	436	257	434	257	117	119	0.000921659	0	0.564835	2
334	424	324	416	322	117	118	0.00552995	0	0.712088	2
335	425	312	412	309	117	119	0.0101382	0	0.685714	2
336	740	92	763	92	117	125	0.0105991	0	0.202198	1
337	391	297	392	297	117	118	0.000460829	0	0.652747	1
338	714	271	731	271	117	124	0.0078341	0	0.595604	1
339	725	79	746	80	117	125	0.0101382	0	0.173626	1
340	513	392	513	394	117	118	0.00184332	0	0.861538	1
341	424	242	421	240	117	119	0.00322581	0	0.531868	2
342	511	438	524	443	117	119	0.0175115	0	0.962637	1
343	667	76	689	76	117	125	0.0101382	0	0.167033	1
344	500	399	522	398	117	125	0.0105991	0	0.876923	1
345	436	298	434	298	118	119	0.000921659	0	0.654945	2
346	411	259	409	258	118	119	0.00138249	0	0.569231	2
347	479	216	491	215	118	124	0.00599078	0	0.474725	1
348	786	415	808	416	118	125	0.0105991	0	0.912088	1
349	730	92	740	92	118	123	0.00460829	0	0.202198	1
350	426	300	421	300	118	119	0.00230415	0	0.659341	2
351	318	301	313	301	118	119	0.00230415	0	0.661538	2
352	704	77	704	77	118	119	0	0	0.169231	1
353	798	399	820	401	118	122	0.0119816	0	0.876923	1
354	360	260	360	259	118	120	0.000460829	0	0.571429	1
355	656	93	677	93	119	125	0.00967742	0	0.204396	1
356	741	81	762	81	119	125	0.00967742	0	0.178022	1
357	630	215	640	215	119	123	0.00460829	0	0.472527	1
358	804	152	825	153	119	125	0.0101382	0	0.334066	1
359	531	136	551	136	120	125	0.00921659	0	0.298901	1
360	646	96	667	96	120	125	0.00967742	0	0.210989	1
361	434	300	437	303	120	122	0.00552995	0	0.659341	1
362	421	119	440	118	120	125	0.00921659	0	0.261538	1
363	434	258	434	258	120	121	0	0	0.567033	1
364	542	135	562	135	120	125	0.00921659	0	0.296703	1
365	720	101	740	101	120	125	0.00921659	0	0.221978	1
366	418	135	421	134	120	122	0.00184332	0	0.296703	1
367	745	414	766	414	120	125	0.00967742	0	0.90989	1
368	489	263	510	262	120	125	0.0101382	0	0.578022	1
369	521	264	542	264	120	125	0.00967742	0	0.58022	1
370	429	290	431	290	120	122	0.000921659	0	0.637363	1
371	588	252	594	254	120	122	0.00460829	0	0.553846	1
372	468	262	469	261	120	121	0.000921659	0	0.575824	1
373	553	141	573	141	120	125	0.00921659	0	0.30989	1
374	414	322	409	323	120	121	0.00276498	0	0.707692	2
375	466	230	468	230	120	122	0.000921659	0	0.505495	1
376	420	238	419	237	120	121	0.000921659	0	0.523077	2
377	435	247	435	246	120	121	0.000460829	0	0.542857	1
378	424	257	430	259	120	123	0.00460829	0	0.564835	1
379	745	404	766	404	120	125	0.00967742	0	0.887912	1
380	316	291	318	293	120	123	0.00276498	0	0.63956	1
381	513	396	534	395	120	125	0.0101382	0	0.87033	1
382	407	264	409	263	121	122	0.00138249	0	0.58022	1
383	447	280	449	279	121	122	0.00138249	0	0.615385	1
384	468	250	470	249	121	122	0.00138249	0	0.549451	1
385	420	329	415	330	121	122	0.00276498	0	0.723077	2
386	413	254	415	254	121	122	0.000921659	0	0.558242	1
387	437	270	439	271	121	122	0.00138249	0	0.593407	1
388	431	226	432	225	121	122	0.000921659	0	0.496703	1
389	607	233	611	233	121	122	0.00184332	0	0.512088	1
390	362	260	365	260	121	122	0.00138249	0	0.571429	1
391	813	422	820	422	121	122	0.00322581	0	0.927473	1
392	408	139	426	138	121	125	0.00875576	0	0.305495	1
393	411	273	416	274	122	123	0.00276498	0	0.6	1
394	436	259	439	259	122	123	0.00138249	0	0.569231	1
395	595	288	615	288	122	125	0.00921659	0	0.632967	1
396	389	225	397	231	122	125	0.0202765	0	0.494505	1
397	412	264	416	263	123	124	0.00230415	0	0.58022	1
398	442	304	446	304	123	124	0.00184332	0	0.668132	1
399	426	134	437	133	123	125	0.00552995	0	0.294505	1
400	409	332	404	330	123	124	0.00414747	0	0.72967	2
401	425	236	428	235	123	124	0.00184332	0	0.518681	1
402	435	225	437	224	123	124	0.00138249	0	0.494505	1
403	467	263	472	262	123	124	0.00276498	0	0.578022	1
404	264	242	270	241	123	124	0.00322581	0	0.531868	1
405	715	246	726	246	123	125	0.00506912	0	0.540659	1
406	616	297	628	300	123	125	0.00967742	0	0.652747	1
407	477	262	482	261	123	124	0.00276498	0	0.575824	1
408	338	281	341	280	123	124	0.00184332	0	0.617582	1
409	376	253	386	252	123	125	0.00506912	0	0.556044	1
410	547	451	556	449	123	124	0.00599078	0	0.991209	1
411	477	249	484	248	123	125	0.00368664	0	0.547253	1
412	731	260	742	260	123	125	0.00506912	0	0.571429	1
413	454	270	458	270	124	125	0.00184332	0	0.593407	1
414	563	400	568	400	124	125	0.00230415	0	0.879121	1
415	435	260	438	260	124	125	0.00138249	0	0.571429	1
416	357	301	357	301	124	125	0	0	0.661538	1
417	423	253	427	253	124	125	0.00184332	0	0.556044	1
418	657	188	668	188	124	125	0.00506912	0	0.413187	1
419	333	256	335	255	124	125	0.00138249	0	0.562637	1
420	345	258	350	257	124	125	0.00276498	0	0.567033	1
421	761	199	769	198	124	125	0.00414747	0	0.437363	1
422	448	248	452	247	124	125	0.00230415	0	0.545055	1
423	560	419	573	420	124	125	0.00645161	0	0.920879	1
424	747	92	752	92	124	125	0.00230415	0	0.202198	1