
0	354	215	353	213	142	143	0.00290192	0	0.472527	2
1	530	170	540	168	142	149	0.00812536	0	0.373626	1
2	326	383	335	382	142	149	0.00580383	0	0.841758	1
3	413	91	416	90	142	144	0.00232153	0	0.2	1
4	335	259	334	257	142	143	0.00290192	0	0.569231	2
5	184	453	186	451	142	143	0.0034823	0	0.995604	1
6	179	210	177	208	142	143	0.0034823	0	0.461538	2
7	372	198	372	196	142	144	0.00232153	0	0.435165	1
8	350	301	351	300	142	143	0.00116077	0	0.661538	1
9	473	50	484	48	142	152	0.00870575	0	0.10989	1
10	425	301	425	301	143	144	0	0	0.661538	1
11	259	376	259	377	143	144	0.000580383	0	0.826374	1
12	466	167	494	166	143	158	0.0168311	0	0.367033	1
13	542	313	690	311	143	179	0.0882182	0	0.687912	1
14	426	230	425	232	144	145	0.00290192	0	0.505495	2
15	357	181	352	177	144	148	0.012188	0	0.397802	2
16	329	268	324	266	144	145	0.00522345	0	0.589011	2
17	787	315	787	315	144	145	0	0	0.692308	1
18	791	193	800	194	144	149	0.00580383	0	0.424176	1
19	176	214	173	214	144	145	0.00174115	0	0.47033	2
20	582	201	591	203	144	148	0.00754498	0	0.441758	1
21	333	258	330	257	144	145	0.00232153	0	0.567033	2
22	589	247	587	246	144	145	0.00174115	0	0.542857	2
23	356	252	355	252	144	145	0.000580383	0	0.553846	2
24	404	300	400	300	144	145	0.00232153	0	0.659341	2
25	186	215	183	215	144	145	0.00174115	0	0.472527	2
26	256	397	256	397	144	145	0	0	0.872527	1
27	443	161	439	162	144	145	0.00290192	0	0.353846	2
28	427	202	424	203	144	145	0.00232153	0	0.443956	2
29	782	184	784	183	145	146	0.00174115	0	0.404396	1
30	359	219	357	216	145	146	0.00638421	0	0.481319	2
31	336	285	333	284	145	146	0.00232153	0	0.626374	2
32	262	379	264	377	145	146	0.0034823	0	0.832967	1
33	348	212	345	209	145	146	0.0069646	0	0.465934	2
34	427	301	429	299	145	147	0.0034823	0	0.661538	1
35	427	174	425	174	145	146	0.00116077	0	0.382418	2
36	423	263	418	259	145	146	0.012188	0	0.578022	2
37	326	291	325	293	145	149	0.00290192	0	0.63956	2
38	518	336	518	337	145	147	0.000580383	0	0.738462	1
39	373	191	388	199	145	158	0.0458503	0	0.41978	1
40	353	302	353	298	145	146	0.00928613	0	0.663736	1
41	781	166	795	165	145	149	0.00870575	0	0.364835	1
42	424	231	425	230	146	149	0.00116077	0	0.507692	1
43	440	281	440	279	146	147	0.00232153	0	0.617582	1
44	586	244	587	244	146	147	0.000580383	0	0.536264	1
45	375	33	381	32	146	149	0.00406268	0	0.0725275	1
46	321	266	318	265	146	149	0.00232153	0	0.584615	2
47	429	184	433	184	146	148	0.00232153	0	0.404396	1
48	328	256	326	254	146	147	0.0034823	0	0.562637	2
49	315	455	383	452	146	166	0.0446895	0	1	1
50	171	207	172	204	146	153	0.00580383	0	0.454945	1
51	305	26	312	24	146	152	0.00638421	0	0.0571429	1
52	339	265	339	267	146	147	0.00232153	0	0.582418	1
53	356	251	355	249	146	147	0.00290192	0	0.551648	2
54	416	265	415	263	147	148	0.00290192	0	0.582418	2
55	783	307	788	306	147	148	0.0034823	0	0.674725	1
56	355	239	356	238	147	148	0.00116077	0	0.525275	1
57	586	265	610	263	147	156	0.0162507	0	0.582418	1
58	172	217	168	216	147	151	0.00290192	0	0.476923	2
59	275	379	281	378	147	148	0.00406268	0	0.832967	1
60	343	204	342	204	147	149	0.000580383	0	0.448352	2
61	340	164	343	163	147	148	0.00232153	0	0.36044	1
62	354	169	351	166	147	149	0.0069646	0	0.371429	2
63	348	189	342	187	147	152	0.00580383	0	0.415385	2
64	373	163	377	162	147	149	0.00290192	0	0.358242	1
65	405	234	405	231	147	148	0.00522345	0	0.514286	1
66	494	323	534	340	147	164	0.190946	0	0.70989	1
67	427	148	427	147	147	148	0.000580383	0	0.325275	1
68	305	39	310	37	147	151	0.00522345	0	0.0857143	1
69	433	300	474	299	148	163	0.0243761	0	0.659341	1
70	338	266	334	264	148	149	0.00464306	0	0.584615	2
71	508	358	506	357	148	149	0.00174115	0	0.786813	2
72	797	331	798	331	148	152	0.000580383	0	0.727473	1
73	444	278	439	276	148	149	0.00522345	0	0.610989	2
74	355	297	355	297	148	149	0	0	0.652747	1
75	360	214	358	213	148	149	0.00174115	0	0.47033	2
76	591	244	591	244	148	149	0	0	0.536264	1
77	780	190	782	189	148	149	0.00174115	0	0.417582	1
78	608	79	610	78	148	149	0.00174115	0	0.173626	1
79	615	187	616	186	148	152	0.00116077	0	0.410989	1
80	434	184	433	184	149	150	0.000580383	0	0.404396	2
81	325	378	330	374	149	150	0.012188	0	0.830769	1
82	421	196	417	194	149	150	0.00464306	0	0.430769	2
83	349	176	343	174	149	151	0.00580383	0	0.386813	2
84	351	249	345	248	149	150	0.00406268	0	0.547253	2
85	344	271	342	271	149	150	0.00116077	0	0.595604	2
86	600	85	602	83	149	151	0.0034823	0	0.186813	1
87	529	162	525	160	149	152	0.00464306	0	0.356044	2
88	345	373	346	373	150	151	0.000580383	0	0.81978	1
89	423	229	418	227	150	151	0.00522345	0	0.503297	2
90	342	209	340	208	150	151	0.00174115	0	0.459341	2
91	335	384	335	383	150	151	0.000580383	0	0.843956	1
92	539	169	668	167	150	176	0.0771909	0	0.371429	1
93	361	187	360	189	150	152	0.00290192	0	0.410989	2
94	590	245	610	243	150	154	0.0139292	0	0.538462	1
95	470	307	548	307	150	169	0.0452699	0	0.674725	1
96	355	296	355	295	150	151	0.000580383	0	0.650549	1
97	249	412	257	410	150	151	0.0069646	0	0.905495	1
98	286	376	291	376	150	151	0.00290192	0	0.826374	1
99	319	264	321	262	150	153	0.0034823	0	0.58022	1
100	352	238	349	237	150	151	0.00232153	0	0.523077	2
101	516	362	513	361	150	151	0.00232153	0	0.795604	2
102	497	314	497	316	150	152	0.00232153	0	0.69011	1
103	374	133	377	132	150	151	0.00232153	0	0.292308	1
104	791	197	795	197	150	152	0.00232153	0	0.432967	1
105	409	164	409	163	150	151	0.000580383	0	0.36044	1
106	349	228	345	228	150	152	0.00232153	0	0.501099	2
107	806	270	824	269	150	153	0.0110273	0	0.593407	1
108	321	254	326	251	150	155	0.00812536	0	0.558242	1
109	398	230	394	225	150	156	0.0168311	0	0.505495	2
110	415	317	415	316	150	151	0.000580383	0	0.696703	1
111	156	295	296	287	150	180	0.118398	0	0.648352	1
112	593	205	594	204	150	151	0.00116077	0	0.450549	1
113	361	200	359	200	150	151	0.00116077	0	0.43956	2
114	434	274	425	272	150	151	0.00754498	0	0.602198	2
115	434	184	435	183	151	152	0.00116077	0	0.404396	1
116	416	194	414	194	151	152	0.00116077	0	0.426374	2
117	331	262	329	261	151	152	0.00174115	0	0.575824	2
118	325	388	326	387	151	152	0.00116077	0	0.852747	1
119	805	434	806	435	151	152	0.00116077	0	0.953846	1
120	419	168	414	168	151	152	0.00290192	0	0.369231	2
121	359	223	356	223	151	152	0.00174115	0	0.49011	2
122	801	164	825	164	151	154	0.0139292	0	0.36044	1
123	337	382	348	379	152	153	0.0116077	0	0.83956	1
124	336	359	345	355	152	153	0.0145096	0	0.789011	1
125	340	208	352	205	152	154	0.012188	0	0.457143	1
126	166	216	175	211	152	155	0.019733	0	0.474725	1
127	492	38	511	38	152	158	0.0110273	0	0.0835165	1
128	174	236	177	235	152	153	0.00232153	0	0.518681	1
129	283	397	293	398	152	153	0.00638421	0	0.872527	1
130	511	152	518	151	152	153	0.00464306	0	0.334066	1
131	353	323	380	316	152	155	0.0441091	0	0.70989	1
132	521	369	525	371	152	153	0.00464306	0	0.810989	1
133	409	171	412	171	153	154	0.00174115	0	0.375824	1
134	808	332	817	331	153	155	0.00580383	0	0.72967	1
135	508	357	514	355	153	154	0.00580383	0	0.784615	1
136	446	179	453	178	153	154	0.00464306	0	0.393407	1
137	321	27	334	26	153	156	0.00812536	0	0.0593407	1
138	318	287	312	289	153	158	0.00580383	0	0.630769	2
139	418	318	419	314	153	154	0.00986651	0	0.698901	1
140	348	186	352	185	153	155	0.00290192	0	0.408791	1
141	365	202	370	200	153	154	0.00522345	0	0.443956	1
142	624	187	631	185	153	154	0.00638421	0	0.410989	1
143	417	222	421	219	153	154	0.00754498	0	0.487912	1
144	492	48	500	46	153	154	0.0069646	0	0.105495	1
145	531	160	537	159	153	154	0.00406268	0	0.351648	1
146	617	205	625	203	153	154	0.0069646	0	0.450549	1
147	257	159	319	157	153	168	0.0383053	0	0.349451	1
148	444	168	455	168	153	158	0.00638421	0	0.369231	1
149	131	27	139	25	153	154	0.0069646	0	0.0593407	1
150	493	92	505	92	153	158	0.0069646	0	0.202198	1
151	126	292	257	284	153	180	0.113175	0	0.641758	1
152	524	128	538	126	153	158	0.0104469	0	0.281319	1
153	431	203	438	204	153	154	0.00464306	0	0.446154	1
154	623	61	631	59	153	154	0.0069646	0	0.134066	1
155	190	236	190	234	153	156	0.00232153	0	0.518681	1
156	361	149	372	161	153	163	0.0899594	0	0.327473	1
157	88	290	219	281	153	180	0.123041	0	0.637363	1
158	757	58	766	57	153	154	0.00580383	0	0.127473	1
159	525	170	535	170	153	158	0.00580383	0	0.373626	1
160	388	166	398	165	153	156	0.00638421	0	0.364835	1
161	417	145	420	144	153	154	0.00232153	0	0.318681	1
162	48	289	180	280	153	180	0.123622	0	0.635165	1
163	182	205	186	201	153	155	0.0116077	0	0.450549	1
164	446	90	454	88	153	154	0.0069646	0	0.197802	1
165	225	157	236	157	153	158	0.00638421	0	0.345055	1
166	360	376	366	372	154	155	0.0127684	0	0.826374	1
167	325	261	320	261	154	156	0.00290192	0	0.573626	2
168	329	281	320	283	154	157	0.00754498	0	0.617582	2
169	330	299	331	300	154	157	0.00116077	0	0.657143	1
170	182	234	174	237	154	157	0.00986651	0	0.514286	2
171	416	250	414	248	154	155	0.0034823	0	0.549451	2
172	371	297	370	299	154	155	0.00290192	0	0.652747	2
173	526	152	529	152	154	155	0.00174115	0	0.334066	1
174	405	262	401	260	154	155	0.00464306	0	0.575824	2
175	385	293	380	298	154	155	0.0174115	0	0.643956	2
176	413	176	409	177	155	156	0.00290192	0	0.386813	2
177	372	200	369	199	155	156	0.00232153	0	0.43956	2
178	504	47	503	48	155	158	0.00116077	0	0.103297	2
179	418	258	413	258	155	156	0.00290192	0	0.567033	2
180	257	452	260	453	155	156	0.00232153	0	0.993407	1
181	352	206	342	209	155	158	0.0110273	0	0.452747	2
182	329	409	372	414	155	161	0.039466	0	0.898901	1
183	771	57	771	58	155	158	0.000580383	0	0.125275	1
184	145	26	144	27	155	158	0.00116077	0	0.0571429	2
185	322	392	339	397	155	158	0.0243761	0	0.861538	1
186	425	223	423	226	155	156	0.00638421	0	0.49011	2
187	406	36	407	36	155	158	0.000580383	0	0.0791209	1
188	332	374	345	372	155	158	0.00986651	0	0.821978	1
189	404	188	403	189	155	156	0.00116077	0	0.413187	2
190	459	89	581	87	155	180	0.0731283	0	0.195604	1
191	409	270	411	274	155	160	0.0104469	0	0.593407	1
192	517	356	531	359	155	160	0.0133488	0	0.782418	1
193	368	342	372	339	156	157	0.00754498	0	0.751648	1
194	366	174	363	171	156	157	0.0069646	0	0.382418	2
195	515	369	513	370	156	157	0.00174115	0	0.810989	2
196	352	295	343	295	156	157	0.00522345	0	0.648352	2
197	822	178	821	178	156	157	0.000580383	0	0.391209	2
198	529	153	557	146	156	164	0.0446895	0	0.336264	1
199	514	319	512	322	156	158	0.00638421	0	0.701099	2
200	173	208	171	209	157	158	0.00174115	0	0.457143	2
201	369	200	369	201	157	158	0.000580383	0	0.43956	1
202	264	453	268	452	157	158	0.00290192	0	0.995604	1
203	414	265	407	264	157	158	0.00464306	0	0.582418	2
204	300	418	307	415	157	158	0.00928613	0	0.918681	1
205	317	261	314	261	157	158	0.00174115	0	0.573626	2
206	331	35	331	35	157	158	0	0	0.0769231	1
207	332	24	332	24	157	158	0	0	0.0527473	1
208	372	322	380	322	157	159	0.00464306	0	0.707692	1
209	313	300	313	300	157	158	0	0	0.659341	1
210	623	243	626	242	157	158	0.00232153	0	0.534066	1
211	355	295	355	290	158	159	0.0145096	0	0.648352	1
212	340	237	355	238	158	160	0.00928613	0	0.520879	1
213	620	266	629	266	158	159	0.00522345	0	0.584615	1
214	368	220	376	220	158	159	0.00464306	0	0.483516	1
215	394	225	404	224	158	160	0.00638421	0	0.494505	1
216	378	341	390	341	158	159	0.0069646	0	0.749451	1
217	497	41	508	40	159	160	0.0069646	0	0.0901099	1
218	410	361	426	359	159	160	0.0116077	0	0.793407	1
219	181	208	181	203	159	163	0.0145096	0	0.457143	1
220	309	455	320	454	159	160	0.0069646	0	1	1
221	347	210	353	208	159	160	0.00580383	0	0.461538	1
222	338	35	349	34	159	160	0.0069646	0	0.0769231	1
223	795	98	821	97	159	165	0.0156703	0	0.215385	1
224	698	176	749	175	159	169	0.0301799	0	0.386813	1
225	326	208	334	207	159	160	0.00522345	0	0.457143	1
226	341	300	351	299	159	160	0.00638421	0	0.659341	1
227	425	225	433	222	159	160	0.00986651	0	0.494505	1
228	150	27	161	26	159	160	0.0069646	0	0.0593407	1
229	397	202	407	199	159	162	0.0110273	0	0.443956	1
230	364	257	368	254	159	160	0.00754498	0	0.564835	1
231	486	87	601	83	159	180	0.0760302	0	0.191209	1
232	506	51	517	50	159	160	0.0069646	0	0.112088	1
233	645	204	784	192	159	177	0.164248	0	0.448352	1
234	420	190	420	187	159	163	0.00522345	0	0.417582	1
235	361	224	369	224	159	160	0.00464306	0	0.492308	1
236	615	308	726	307	159	180	0.0650029	0	0.676923	1
237	360	372	372	370	159	160	0.00928613	0	0.817582	1
238	641	186	651	185	159	161	0.00638421	0	0.408791	1
239	299	455	313	453	159	160	0.0104469	0	1	1
240	415	37	426	36	159	160	0.0069646	0	0.0813187	1
241	732	176	748	176	159	164	0.00928613	0	0.386813	1
242	342	396	360	395	159	160	0.0110273	0	0.87033	1
243	336	198	342	197	159	160	0.00406268	0	0.435165	1
244	452	127	484	128	159	163	0.0191526	0	0.279121	1
245	28	284	141	274	159	180	0.123622	0	0.624176	1
246	550	126	623	115	159	170	0.112594	0	0.276923	1
247	77	283	189	274	159	180	0.112014	0	0.621978	1
248	421	166	427	164	159	160	0.00580383	0	0.364835	1
249	637	242	649	240	159	160	0.00928613	0	0.531868	1
250	359	289	355	289	160	161	0.00232153	0	0.635165	2
251	392	364	396	361	160	161	0.00754498	0	0.8	1
252	369	290	363	291	160	161	0.00406268	0	0.637363	2
253	382	299	375	297	160	161	0.00638421	0	0.657143	2
254	513	167	546	166	160	168	0.019733	0	0.367033	1
255	383	205	384	204	160	161	0.00116077	0	0.450549	1
256	611	170	644	170	160	168	0.0191526	0	0.373626	1
257	370	310	360	314	160	163	0.01509	0	0.681319	2
258	531	324	533	326	160	163	0.0034823	0	0.712088	1
259	559	162	561	161	160	162	0.00174115	0	0.356044	1
260	190	238	190	237	160	161	0.000580383	0	0.523077	1
261	431	346	447	346	160	163	0.00928613	0	0.76044	1
262	635	305	736	304	160	180	0.0591991	0	0.67033	1
263	185	227	183	225	160	161	0.0034823	0	0.498901	2
264	791	322	824	323	160	168	0.019733	0	0.707692	1
265	360	311	354	314	160	164	0.00870575	0	0.683516	2
266	431	232	432	235	160	161	0.00580383	0	0.50989	1
267	535	382	567	382	160	168	0.0185723	0	0.83956	1
268	298	450	310	450	160	162	0.0069646	0	0.989011	1
269	255	157	288	155	160	168	0.0214742	0	0.345055	1
270	511	39	514	39	161	164	0.00174115	0	0.0857143	1
271	438	328	449	327	161	163	0.0069646	0	0.720879	1
272	433	220	429	218	161	162	0.00464306	0	0.483516	2
273	353	35	355	35	161	164	0.00116077	0	0.0769231	1
274	525	48	527	48	161	164	0.00116077	0	0.105495	1
275	327	282	323	281	161	162	0.00290192	0	0.61978	2
276	793	59	795	59	161	164	0.00116077	0	0.12967	1
277	355	239	354	241	161	163	0.00290192	0	0.525275	2
278	166	26	168	25	161	164	0.00174115	0	0.0571429	1
279	543	367	544	367	161	162	0.000580383	0	0.806593	1
280	379	370	383	368	161	162	0.00464306	0	0.813187	1
281	435	35	437	35	161	164	0.00116077	0	0.0769231	1
282	778	177	817	177	161	169	0.0226349	0	0.389011	1
283	334	299	331	298	161	162	0.00232153	0	0.657143	2
284	194	227	202	219	161	168	0.0417876	0	0.498901	1
285	653	239	657	238	161	163	0.00290192	0	0.525275	1
286	154	28	156	27	161	164	0.00174115	0	0.0615385	1
287	423	218	426	212	161	166	0.0226349	0	0.479121	1
288	641	221	641	221	161	163	0	0	0.485714	1
289	533	38	536	38	161	164	0.00174115	0	0.0835165	1
290	653	258	661	255	161	163	0.00986651	0	0.567033	1
291	386	161	389	161	161	164	0.00174115	0	0.353846	1
292	352	291	348	293	162	163	0.00464306	0	0.63956	2
293	390	202	391	201	162	164	0.00116077	0	0.443956	1
294	438	359	440	359	162	163	0.00116077	0	0.789011	1
295	387	381	393	378	162	163	0.00870575	0	0.837363	1
296	373	415	373	415	162	163	0	0	0.912088	1
297	397	248	391	247	162	164	0.00406268	0	0.545055	2
298	189	236	209	226	162	170	0.069646	0	0.518681	1
299	411	274	421	266	162	166	0.0429483	0	0.602198	1
300	548	168	551	168	162	164	0.00174115	0	0.369231	1
301	366	299	355	298	162	163	0.0069646	0	0.657143	2
302	387	305	376	302	162	163	0.0116077	0	0.67033	2
303	440	296	444	296	162	164	0.00232153	0	0.650549	1
304	356	24	357	24	163	164	0.000580383	0	0.0527473	1
305	408	199	409	198	163	164	0.00116077	0	0.437363	1
306	393	302	490	298	163	180	0.0655833	0	0.663736	1
307	349	208	348	206	163	164	0.00290192	0	0.457143	2
308	444	359	454	358	164	165	0.00638421	0	0.789011	1
309	182	202	201	199	164	169	0.0162507	0	0.443956	1
310	478	300	487	299	164	165	0.00580383	0	0.659341	1
311	325	294	334	293	164	165	0.00580383	0	0.646154	1
312	433	299	527	295	164	180	0.0638421	0	0.657143	1
313	418	406	444	405	164	166	0.0156703	0	0.892308	1
314	652	186	660	185	164	165	0.00522345	0	0.408791	1
315	452	166	543	162	164	177	0.062101	0	0.364835	1
316	436	341	451	339	164	165	0.0110273	0	0.749451	1
317	344	247	347	245	164	165	0.00406268	0	0.542857	1
318	357	160	427	156	164	172	0.0499129	0	0.351648	1
319	423	162	519	159	164	180	0.0609402	0	0.356044	1
320	450	369	492	410	164	171	1	0	0.810989	1
321	539	350	557	348	164	166	0.0127684	0	0.769231	1
322	524	40	541	39	165	167	0.0104469	0	0.0879121	1
323	435	216	442	213	165	168	0.00928613	0	0.474725	1
324	363	181	377	180	165	167	0.00870575	0	0.397802	1
325	758	176	812	175	165	171	0.0319211	0	0.386813	1
326	317	295	315	291	165	166	0.0104469	0	0.648352	2
327	391	219	395	216	165	166	0.00754498	0	0.481319	1
328	364	35	383	34	165	168	0.0116077	0	0.0769231	1
329	561	168	579	167	165	168	0.0110273	0	0.369231	1
330	356	234	363	233	165	166	0.00464306	0	0.514286	1
331	397	247	404	245	165	167	0.00638421	0	0.542857	1
332	371	295	379	294	165	166	0.00522345	0	0.648352	1
333	353	205	359	204	165	166	0.00406268	0	0.450549	1
334	398	202	414	199	165	167	0.0145096	0	0.443956	1
335	389	416	403	409	165	166	0.0365641	0	0.914286	1
336	373	311	380	309	165	166	0.00638421	0	0.683516	1
337	418	197	426	195	165	166	0.0069646	0	0.432967	1
338	330	267	333	266	165	166	0.00232153	0	0.586813	1
339	548	370	565	370	165	168	0.00986651	0	0.813187	1
340	534	50	559	49	165	169	0.01509	0	0.10989	1
341	544	339	606	329	165	171	0.0940221	0	0.745055	1
342	366	230	373	229	165	166	0.00464306	0	0.505495	1
343	414	158	421	159	165	167	0.00464306	0	0.347253	1
344	178	25	197	24	165	168	0.0116077	0	0.0549451	1
345	354	191	365	188	165	167	0.0116077	0	0.41978	1
346	323	282	325	282	165	166	0.00116077	0	0.61978	1
347	370	191	375	190	165	166	0.0034823	0	0.41978	1
348	195	244	197	238	165	169	0.0220546	0	0.536264	1
349	574	369	609	367	165	169	0.0226349	0	0.810989	1
350	665	55	756	53	165	180	0.0551364	0	0.120879	1
351	330	248	338	247	165	167	0.00522345	0	0.545055	1
352	429	274	432	263	165	169	0.0719675	0	0.602198	1
353	538	92	627	89	165	180	0.0568775	0	0.202198	1
354	25	278	113	270	165	180	0.0882182	0	0.610989	1
355	362	294	366	292	166	167	0.00464306	0	0.646154	1
356	465	358	472	357	166	167	0.00464306	0	0.786813	1
357	170	240	185	239	166	169	0.00928613	0	0.527473	1
358	458	324	469	318	166	167	0.027278	0	0.712088	1
359	370	314	376	313	166	167	0.00406268	0	0.69011	1
360	498	168	505	167	166	167	0.00464306	0	0.369231	1
361	461	341	473	340	166	167	0.00754498	0	0.749451	1
362	453	229	473	213	166	170	0.160186	0	0.503297	1
363	411	263	412	262	166	167	0.00116077	0	0.578022	1
364	368	449	380	448	166	167	0.00754498	0	0.986813	1
365	343	286	342	287	167	169	0.00116077	0	0.628571	2
366	326	282	323	281	167	168	0.00232153	0	0.61978	2
367	360	282	359	281	167	169	0.00116077	0	0.61978	2
368	451	406	465	406	167	169	0.00812536	0	0.892308	1
369	386	307	386	304	167	168	0.00522345	0	0.674725	1
370	366	203	373	202	167	169	0.00464306	0	0.446154	1
371	385	292	387	292	167	168	0.00116077	0	0.641758	1
372	570	347	573	346	167	168	0.00232153	0	0.762637	1
373	380	241	388	239	167	169	0.0069646	0	0.52967	1
374	501	300	512	301	167	168	0.0069646	0	0.659341	1
375	423	264	419	262	167	168	0.00464306	0	0.58022	2
376	581	360	610	359	167	170	0.0174115	0	0.791209	1
377	441	362	450	361	167	168	0.00580383	0	0.795604	1
378	693	240	695	239	167	168	0.00174115	0	0.527473	1
379	572	324	586	322	167	169	0.0104469	0	0.712088	1
380	597	155	601	153	167	168	0.00464306	0	0.340659	1
381	511	178	513	178	167	168	0.00116077	0	0.391209	1
382	365	293	366	293	168	169	0.000580383	0	0.643956	1
383	545	38	552	38	168	169	0.00406268	0	0.0835165	1
384	381	314	398	304	168	171	0.0679048	0	0.69011	1
385	463	37	469	36	168	169	0.00406268	0	0.0813187	1
386	186	26	191	25	168	169	0.0034823	0	0.0571429	1
387	409	261	410	259	168	169	0.00290192	0	0.573626	1
388	456	231	461	226	168	169	0.0174115	0	0.507692	1
389	350	308	386	308	168	172	0.0208938	0	0.676923	1
390	583	346	598	344	169	170	0.0110273	0	0.76044	1
391	510	303	537	301	169	171	0.0179919	0	0.665934	1
392	652	170	680	169	169	171	0.0168311	0	0.373626	1
393	683	186	696	186	169	170	0.00754498	0	0.408791	1
394	574	359	615	359	169	172	0.0237957	0	0.789011	1
395	587	167	615	165	169	171	0.0185723	0	0.367033	1
396	327	157	355	155	169	171	0.0185723	0	0.345055	1
397	388	301	394	298	169	170	0.00870575	0	0.661538	1
398	700	240	741	237	169	172	0.0290192	0	0.527473	1
399	341	312	379	309	169	173	0.027278	0	0.685714	1
400	375	230	385	230	169	170	0.00580383	0	0.505495	1
401	479	295	538	292	169	180	0.039466	0	0.648352	1
402	205	284	265	279	169	180	0.0493326	0	0.624176	1
403	465	335	479	333	169	170	0.0104469	0	0.736264	1
404	573	370	617	368	169	173	0.0278584	0	0.813187	1
405	422	184	433	182	169	170	0.00870575	0	0.404396	1
406	501	335	572	329	169	173	0.062101	0	0.736264	1
407	229	154	292	150	169	180	0.0458503	0	0.338462	1
408	293	156	356	152	169	180	0.0458503	0	0.342857	1
409	287	284	347	279	169	178	0.0493326	0	0.624176	1
410	679	211	692	211	169	170	0.00754498	0	0.463736	1
411	25	433	37	431	170	171	0.00928613	0	0.951648	1
412	334	455	375	453	170	180	0.0261172	0	1	1
413	515	351	537	346	170	171	0.027278	0	0.771429	1
414	353	288	370	288	170	172	0.00986651	0	0.632967	1
415	385	204	401	202	170	172	0.0116077	0	0.448352	1
416	322	292	358	298	170	175	0.0417876	0	0.641758	1
417	401	238	419	226	170	175	0.0940221	0	0.523077	1
418	210	196	221	193	170	171	0.0116077	0	0.430769	1
419	569	39	583	38	170	171	0.00870575	0	0.0857143	1
420	335	287	354	286	170	172	0.0116077	0	0.630769	1
421	626	371	639	373	170	171	0.00986651	0	0.815385	1
422	456	178	495	174	170	180	0.0319211	0	0.391209	1
423	483	36	497	35	170	171	0.00870575	0	0.0791209	1
424	28	273	75	268	170	180	0.0417876	0	0.6	1
425	411	294	424	293	170	171	0.00812536	0	0.646154	1
426	56	279	103	275	170	180	0.0365641	0	0.613187	1
427	573	49	587	48	170	171	0.00870575	0	0.107692	1
428	436	220	459	217	170	173	0.0185723	0	0.483516	1
429	763	174	777	174	170	171	0.00812536	0	0.382418	1
430	182	281	227	277	170	180	0.0354034	0	0.617582	1
431	248	78	299	75	170	180	0.034823	0	0.171429	1
432	548	328	567	327	170	171	0.0116077	0	0.720879	1
433	418	257	436	250	170	174	0.0388857	0	0.564835	1
434	380	248	394	247	170	171	0.00870575	0	0.545055	1
435	469	409	483	405	170	171	0.0174115	0	0.898901	1
436	453	295	498	292	170	179	0.0313407	0	0.648352	1
437	412	217	418	213	171	172	0.0127684	0	0.476923	1
438	453	194	462	192	171	172	0.00754498	0	0.426374	1
439	395	228	401	226	171	172	0.00580383	0	0.501099	1
440	26	433	58	430	171	180	0.0237957	0	0.951648	1
441	439	453	451	452	171	172	0.00754498	0	0.995604	1
442	364	274	368	273	171	172	0.00290192	0	0.602198	1
443	410	455	440	454	171	180	0.0179919	0	1	1
444	707	186	713	185	171	172	0.00406268	0	0.408791	1
445	440	259	445	256	171	172	0.00812536	0	0.569231	1
446	355	256	356	251	171	173	0.01509	0	0.562637	1
447	452	264	457	261	171	172	0.00812536	0	0.58022	1
448	439	160	443	161	171	173	0.00290192	0	0.351648	1
449	600	129	651	128	171	176	0.0301799	0	0.283516	1
450	412	199	420	198	171	172	0.00522345	0	0.437363	1
451	706	214	726	214	171	176	0.0116077	0	0.47033	1
452	43	431	67	429	172	180	0.0162507	0	0.947253	1
453	689	169	692	169	172	173	0.00174115	0	0.371429	1
454	576	353	579	353	172	173	0.00174115	0	0.775824	1
455	232	193	237	191	172	176	0.00522345	0	0.424176	1
456	434	452	436	451	172	173	0.00174115	0	0.993407	1
457	821	176	825	175	172	174	0.00290192	0	0.386813	1
458	787	174	813	174	172	180	0.01509	0	0.382418	1
459	431	30	436	30	172	173	0.00290192	0	0.0659341	1
460	390	229	387	227	172	173	0.00406268	0	0.503297	2
461	645	375	666	375	172	177	0.012188	0	0.824176	1
462	623	166	626	165	172	173	0.00232153	0	0.364835	1
463	455	239	458	238	172	173	0.00232153	0	0.525275	1
464	545	303	570	303	172	180	0.0145096	0	0.665934	1
465	645	114	649	115	172	173	0.00290192	0	0.250549	1
466	474	211	472	208	172	174	0.00638421	0	0.463736	2
467	426	297	451	296	172	180	0.01509	0	0.652747	1
468	403	246	405	245	172	174	0.00174115	0	0.540659	1
469	364	154	389	153	172	180	0.01509	0	0.338462	1
470	501	32	528	30	172	179	0.0179919	0	0.0703297	1
471	718	203	723	204	172	175	0.0034823	0	0.446154	1
472	604	40	626	38	172	177	0.01509	0	0.0879121	1
473	556	344	573	343	172	173	0.0104469	0	0.756044	1
474	399	268	420	266	172	179	0.0145096	0	0.589011	1
475	415	223	416	221	172	173	0.00290192	0	0.49011	1
476	373	290	372	288	173	174	0.00290192	0	0.637363	2
477	402	200	406	195	173	180	0.0168311	0	0.43956	1
478	459	453	465	451	173	174	0.00580383	0	0.995604	1
479	423	199	423	196	173	175	0.00522345	0	0.437363	1
480	451	251	450	249	173	174	0.00290192	0	0.551648	2
481	398	236	398	235	173	174	0.000580383	0	0.518681	1
482	519	33	521	32	173	174	0.00174115	0	0.0725275	1
483	751	237	775	232	173	177	0.0284388	0	0.520879	1
484	437	205	437	203	173	174	0.00232153	0	0.450549	1
485	525	350	558	341	173	177	0.0661637	0	0.769231	1
486	389	308	389	306	173	174	0.00232153	0	0.676923	1
487	449	223	449	222	173	174	0.000580383	0	0.49011	1
488	575	318	583	317	173	174	0.00522345	0	0.698901	1
489	615	380	644	375	173	176	0.0313407	0	0.835165	1
490	356	287	356	286	173	174	0.000580383	0	0.630769	1
491	233	170	241	169	173	177	0.00522345	0	0.373626	1
492	609	173	610	172	173	174	0.00116077	0	0.38022	1
493	623	325	626	322	173	174	0.0069646	0	0.714286	1
494	437	451	457	451	174	180	0.0116077	0	0.991209	1
495	537	396	554	393	174	177	0.01509	0	0.87033	1
496	595	164	616	164	174	180	0.012188	0	0.36044	1
497	440	30	442	30	174	175	0.00116077	0	0.0659341	1
498	621	368	627	366	174	175	0.00580383	0	0.808791	1
499	384	227	393	229	174	179	0.00754498	0	0.498901	1
500	653	114	655	115	174	175	0.00174115	0	0.250549	1
501	430	30	431	30	174	175	0.000580383	0	0.0659341	1
502	452	223	458	222	175	176	0.00406268	0	0.49011	1
503	453	248	457	246	175	176	0.00464306	0	0.545055	1
504	363	280	364	278	175	176	0.00290192	0	0.615385	1
505	472	189	479	188	175	176	0.00464306	0	0.415385	1
506	394	294	412	294	175	180	0.0104469	0	0.646154	1
507	404	228	412	226	175	177	0.0069646	0	0.501099	1
508	585	358	592	357	175	176	0.00464306	0	0.786813	1
509	373	288	375	286	175	176	0.0034823	0	0.632967	1
510	443	246	448	244	175	176	0.00522345	0	0.540659	1
511	439	203	445	202	175	176	0.00406268	0	0.446154	1
512	708	191	722	189	175	178	0.0104469	0	0.41978	1
513	453	213	459	212	175	176	0.00406268	0	0.468132	1
514	590	305	609	305	175	180	0.0110273	0	0.67033	1
515	521	337	560	323	175	180	0.13639	0	0.740659	1
516	613	173	620	172	175	176	0.00464306	0	0.38022	1
517	585	320	599	321	175	176	0.00870575	0	0.703297	1
518	442	27	450	26	176	177	0.00522345	0	0.0593407	1
519	390	299	391	295	176	177	0.00986651	0	0.657143	1
520	363	299	356	300	176	179	0.00464306	0	0.657143	2
521	624	346	608	348	176	177	0.0116077	0	0.76044	2
522	414	207	419	204	176	177	0.00812536	0	0.454945	1
523	420	257	429	254	176	178	0.0104469	0	0.564835	1
524	224	223	231	222	176	177	0.00464306	0	0.49011	1
525	531	33	539	32	176	177	0.00522345	0	0.0725275	1
526	453	256	457	254	176	177	0.00464306	0	0.562637	1
527	731	204	744	206	176	178	0.00986651	0	0.448352	1
528	433	210	438	207	176	177	0.00812536	0	0.461538	1
529	662	118	679	119	176	178	0.0104469	0	0.259341	1
530	353	297	346	299	176	180	0.00638421	0	0.652747	2
531	442	156	454	156	176	180	0.0069646	0	0.342857	1
532	475	260	478	260	176	179	0.00174115	0	0.571429	1
533	452	31	469	29	176	178	0.012188	0	0.0681319	1
534	471	234	483	231	176	177	0.012188	0	0.514286	1
535	491	451	506	450	176	177	0.00928613	0	0.991209	1
536	24	446	26	446	177	180	0.00116077	0	0.98022	1
537	676	167	682	167	177	178	0.0034823	0	0.367033	1
538	243	189	242	188	177	180	0.00116077	0	0.415385	2
539	369	233	366	233	177	179	0.00174115	0	0.512088	2
540	415	243	415	241	177	179	0.00232153	0	0.534066	1
541	481	170	483	168	177	178	0.0034823	0	0.373626	1
542	456	207	459	207	177	178	0.00174115	0	0.454945	1
543	454	243	456	242	177	178	0.00174115	0	0.534066	1
544	545	33	545	33	178	180	0	0	0.0725275	1
545	567	337	570	334	178	179	0.0069646	0	0.740659	1
546	655	351	661	354	178	179	0.00870575	0	0.771429	1
547	477	226	476	226	178	179	0.000580383	0	0.496703	2
548	457	26	456	27	178	180	0.00116077	0	0.0571429	2
549	417	225	414	223	178	179	0.00406268	0	0.494505	2
550	388	247	379	247	178	180	0.00522345	0	0.542857	2
551	551	161	550	161	178	180	0.000580383	0	0.353846	2
552	785	230	786	228	178	179	0.00290192	0	0.505495	1
553	238	221	236	221	178	180	0.00116077	0	0.485714	2
554	790	191	792	189	178	180	0.0034823	0	0.41978	1
555	437	188	437	188	178	179	0	0	0.413187	1
556	787	205	788	203	178	180	0.00290192	0	0.450549	1
557	470	29	470	29	179	180	0	0	0.0637363	1
558	516	451	522	451	179	180	0.0034823	0	0.991209	1
559	648	166	647	166	179	180	0.000580383	0	0.364835	2
560	356	242	352	242	179	180	0.00232153	0	0.531868	2
561	673	298	679	298	179	180	0.0034823	0	0.654945	1