
0	397	201	391	201	372	373	0.0289855	0	0.441758	2
1	399	191	395	191	372	373	0.0193237	0	0.41978	2
2	407	203	390	203	372	377	0.0821256	0	0.446154	2
3	425	81	427	81	372	373	0.00966184	0	0.178022	1
4	421	158	417	158	372	373	0.0193237	0	0.347253	2
5	442	171	440	172	372	373	0.0144928	0	0.375824	2
6	437	219	436	219	372	373	0.00483092	0	0.481319	2
7	117	426	175	423	372	410	0.323671	0	0.936264	1
8	430	65	435	64	372	374	0.0289855	0	0.142857	1
9	557	24	558	24	372	391	0.00483092	0	0.0527473	1
10	573	24	574	24	372	394	0.00483092	0	0.0527473	1
11	412	226	411	225	373	375	0.00966184	0	0.496703	2
12	375	184	375	183	373	374	0.00483092	0	0.404396	1
13	455	150	454	148	373	374	0.0241546	0	0.32967	2
14	416	185	414	184	373	374	0.0144928	0	0.406593	2
15	402	217	400	218	373	374	0.0144928	0	0.476923	2
16	417	128	416	126	373	374	0.0241546	0	0.281319	2
17	446	189	445	188	373	374	0.00966184	0	0.415385	2
18	250	150	248	152	373	380	0.0289855	0	0.32967	2
19	381	150	375	146	373	383	0.10628	0	0.32967	2
20	504	161	503	160	374	376	0.00966184	0	0.353846	2
21	410	153	407	150	374	375	0.057971	0	0.336264	2
22	611	455	611	454	374	376	0.00483092	0	1	1
23	395	194	390	193	374	375	0.0289855	0	0.426374	2
24	601	26	603	26	374	378	0.00966184	0	0.0571429	1
25	352	263	353	263	374	387	0.00483092	0	0.578022	1
26	263	157	262	157	374	376	0.00483092	0	0.345055	2
27	399	219	398	219	375	376	0.00483092	0	0.481319	2
28	354	196	351	196	375	377	0.0144928	0	0.430769	2
29	476	164	476	163	375	376	0.00483092	0	0.36044	1
30	369	201	368	201	375	376	0.00483092	0	0.441758	2
31	377	182	376	182	375	376	0.00483092	0	0.4	2
32	411	184	409	182	375	376	0.0289855	0	0.404396	2
33	619	141	618	141	375	376	0.00483092	0	0.30989	2
34	368	158	364	160	375	379	0.0386473	0	0.347253	2
35	347	184	345	184	375	376	0.00966184	0	0.404396	2
36	486	124	483	124	375	376	0.0144928	0	0.272527	2
37	486	171	485	171	375	378	0.00483092	0	0.375824	2
38	141	396	139	398	375	377	0.0289855	0	0.87033	2
39	718	35	780	36	375	410	0.304348	0	0.0769231	1
40	139	419	197	416	375	410	0.323671	0	0.920879	1
41	419	119	419	117	375	376	0.0193237	0	0.261538	1
42	629	135	628	135	376	377	0.00483092	0	0.296703	2
43	432	214	431	213	376	377	0.00966184	0	0.47033	2
44	409	153	407	152	376	377	0.0144928	0	0.336264	2
45	233	132	232	130	376	378	0.0241546	0	0.29011	2
46	140	386	178	382	376	386	0.26087	0	0.848352	1
47	504	150	504	150	376	377	0	0	0.32967	1
48	470	103	468	103	376	377	0.00966184	0	0.226374	2
49	476	135	475	133	376	377	0.0241546	0	0.296703	2
50	411	181	410	179	377	378	0.0241546	0	0.397802	2
51	477	123	473	122	377	378	0.0241546	0	0.27033	2
52	404	171	403	171	377	378	0.00483092	0	0.375824	2
53	444	63	446	63	377	378	0.00966184	0	0.138462	1
54	390	149	389	148	377	378	0.00966184	0	0.327473	2
55	263	159	260	157	377	384	0.0338164	0	0.349451	2
56	418	118	417	117	377	379	0.00966184	0	0.259341	2
57	617	142	615	142	377	378	0.00966184	0	0.312088	2
58	173	334	180	339	377	380	0.154589	0	0.734066	1
59	648	56	648	56	377	378	0	0	0.123077	1
60	234	152	234	151	377	378	0.00483092	0	0.334066	1
61	463	127	462	125	377	378	0.0241546	0	0.279121	2
62	349	198	346	197	378	379	0.0193237	0	0.435165	2
63	498	159	493	157	378	379	0.0434783	0	0.349451	2
64	375	189	370	188	378	379	0.0289855	0	0.415385	2
65	178	371	179	371	378	379	0.00483092	0	0.815385	1
66	476	132	476	130	378	379	0.0193237	0	0.29011	1
67	165	375	167	375	378	380	0.00966184	0	0.824176	1
68	475	163	466	161	378	380	0.0628019	0	0.358242	2
69	406	153	405	152	378	379	0.00966184	0	0.336264	2
70	355	179	353	179	378	379	0.00966184	0	0.393407	2
71	793	40	817	41	378	400	0.120773	0	0.0879121	1
72	691	35	753	35	378	410	0.299517	0	0.0769231	1
73	668	89	679	92	378	389	0.0966184	0	0.195604	1
74	628	136	627	135	378	379	0.00966184	0	0.298901	2
75	605	27	608	26	379	382	0.0193237	0	0.0593407	1
76	430	210	427	207	379	380	0.057971	0	0.461538	2
77	359	192	357	191	379	380	0.0144928	0	0.421978	2
78	450	169	444	171	379	380	0.0483092	0	0.371429	2
79	490	61	490	60	379	383	0.00483092	0	0.134066	1
80	480	140	479	137	379	380	0.0483092	0	0.307692	2
81	444	127	442	128	379	380	0.0144928	0	0.279121	2
82	461	125	459	122	379	380	0.0531401	0	0.274725	2
83	440	208	439	207	379	380	0.00966184	0	0.457143	2
84	589	30	588	29	379	380	0.00966184	0	0.0659341	2
85	416	144	415	144	379	380	0.00483092	0	0.316484	2
86	651	150	652	149	379	385	0.00966184	0	0.32967	1
87	742	159	802	160	379	410	0.294686	0	0.349451	1
88	344	197	335	198	380	383	0.0483092	0	0.432967	2
89	182	373	186	374	380	382	0.0241546	0	0.81978	1
90	420	115	420	113	380	381	0.0193237	0	0.252747	1
91	612	137	611	134	380	381	0.0483092	0	0.301099	2
92	611	455	611	454	380	381	0.00483092	0	1	1
93	624	157	622	156	380	381	0.0144928	0	0.345055	2
94	635	168	634	167	380	382	0.00966184	0	0.369231	2
95	413	181	407	178	381	384	0.0724638	0	0.397802	2
96	445	172	444	172	381	382	0.00483092	0	0.378022	2
97	384	219	373	219	381	382	0.0531401	0	0.481319	2
98	408	171	403	169	381	383	0.0434783	0	0.375824	2
99	424	205	420	203	381	382	0.0386473	0	0.450549	2
100	462	161	454	161	381	382	0.0386473	0	0.353846	2
101	420	194	417	192	381	382	0.0338164	0	0.426374	2
102	245	154	244	153	381	383	0.00966184	0	0.338462	2
103	227	120	227	116	381	384	0.0772947	0	0.263736	1
104	459	120	457	119	381	382	0.0144928	0	0.263736	2
105	169	374	177	375	381	383	0.0434783	0	0.821978	1
106	458	101	455	100	381	382	0.0193237	0	0.221978	2
107	359	220	359	220	381	382	0	0	0.483516	1
108	184	338	220	338	381	388	0.173913	0	0.742857	1
109	412	123	412	123	381	382	0	0	0.27033	1
110	653	56	654	55	381	382	0.00966184	0	0.123077	1
111	480	157	477	158	382	383	0.0193237	0	0.345055	2
112	610	138	609	135	382	383	0.0483092	0	0.303297	2
113	495	151	492	150	382	383	0.0193237	0	0.331868	2
114	662	72	675	69	382	388	0.10628	0	0.158242	1
115	420	113	422	114	382	387	0.0144928	0	0.248352	1
116	383	158	381	157	382	383	0.0144928	0	0.347253	2
117	434	183	433	181	382	383	0.0241546	0	0.402198	2
118	415	190	413	188	383	384	0.0289855	0	0.417582	2
119	369	222	369	221	383	384	0.00483092	0	0.487912	1
120	576	106	579	105	383	384	0.0193237	0	0.232967	1
121	471	126	468	125	383	384	0.0193237	0	0.276923	2
122	634	168	633	167	383	384	0.00966184	0	0.369231	2
123	431	137	428	136	383	384	0.0193237	0	0.301099	2
124	610	26	611	25	383	384	0.00966184	0	0.0571429	1
125	332	199	316	200	384	394	0.0821256	0	0.437363	2
126	477	160	477	160	384	385	0	0	0.351648	1
127	351	195	349	194	384	385	0.0144928	0	0.428571	2
128	191	377	192	378	384	385	0.00966184	0	0.828571	1
129	356	210	353	210	384	385	0.0144928	0	0.461538	2
130	491	61	492	61	384	386	0.00483092	0	0.134066	1
131	489	149	484	148	384	385	0.0289855	0	0.327473	2
132	414	202	413	201	384	385	0.00966184	0	0.443956	2
133	353	185	350	185	384	386	0.0144928	0	0.406593	2
134	361	198	357	197	384	386	0.0241546	0	0.435165	2
135	450	98	446	97	384	385	0.0241546	0	0.215385	2
136	399	171	396	170	385	386	0.0193237	0	0.375824	2
137	409	176	402	176	385	388	0.0338164	0	0.386813	2
138	425	138	420	138	385	386	0.0241546	0	0.303297	2
139	453	110	450	110	385	386	0.0144928	0	0.241758	2
140	665	51	667	51	385	386	0.00966184	0	0.112088	1
141	391	266	448	265	385	410	0.280193	0	0.584615	1
142	307	263	363	261	385	410	0.289855	0	0.578022	1
143	614	117	613	117	385	386	0.00483092	0	0.257143	2
144	324	209	310	217	385	396	0.376812	0	0.459341	2
145	171	395	170	394	386	387	0.00966184	0	0.868132	2
146	478	160	477	159	386	387	0.00966184	0	0.351648	2
147	374	179	373	178	386	387	0.00966184	0	0.393407	2
148	366	221	365	220	386	387	0.00966184	0	0.485714	2
149	415	202	414	201	386	388	0.00966184	0	0.443956	2
150	374	189	373	188	386	387	0.00966184	0	0.415385	2
151	245	124	244	123	386	387	0.00966184	0	0.272527	2
152	349	212	347	210	386	388	0.0289855	0	0.465934	2
153	283	394	283	394	386	387	0	0	0.865934	1
154	442	99	413	91	386	394	0.449275	0	0.217582	2
155	612	455	612	454	386	393	0.00483092	0	1	1
156	262	345	265	348	386	392	0.057971	0	0.758242	1
157	404	131	401	130	386	387	0.0193237	0	0.287912	2
158	262	166	261	165	386	387	0.00966184	0	0.364835	2
159	450	134	446	132	387	388	0.0386473	0	0.294505	2
160	488	66	492	65	387	388	0.0241546	0	0.145055	1
161	198	380	200	376	387	388	0.0869565	0	0.835165	1
162	609	118	608	117	387	388	0.00966184	0	0.259341	2
163	612	156	608	157	387	390	0.0241546	0	0.342857	2
164	669	51	682	50	387	394	0.0676329	0	0.112088	1
165	268	407	275	408	387	389	0.0386473	0	0.894505	1
166	652	150	710	151	387	410	0.285024	0	0.32967	1
167	280	384	280	383	387	388	0.00483092	0	0.843956	1
168	631	174	627	174	387	389	0.0193237	0	0.382418	2
169	373	179	371	179	388	389	0.00966184	0	0.393407	2
170	171	394	172	392	388	389	0.0241546	0	0.865934	1
171	201	386	209	388	388	389	0.057971	0	0.848352	1
172	423	115	423	115	388	390	0	0	0.252747	1
173	375	190	375	189	388	389	0.00483092	0	0.417582	1
174	353	264	410	263	388	410	0.280193	0	0.58022	1
175	263	155	261	155	388	389	0.00966184	0	0.340659	2
176	378	167	374	165	389	390	0.0386473	0	0.367033	2
177	445	132	443	131	389	390	0.0144928	0	0.29011	2
178	195	377	200	376	389	390	0.0289855	0	0.828571	1
179	366	218	366	216	389	390	0.0193237	0	0.479121	1
180	406	164	404	164	389	390	0.00966184	0	0.36044	2
181	221	375	231	378	389	392	0.0917874	0	0.824176	1
182	492	60	491	59	389	390	0.00966184	0	0.131868	2
183	248	125	246	125	389	390	0.00966184	0	0.274725	2
184	330	194	327	193	389	390	0.0193237	0	0.426374	2
185	227	338	234	338	389	390	0.0338164	0	0.742857	1
186	240	89	241	85	389	393	0.0821256	0	0.195604	1
187	633	164	620	163	389	396	0.0676329	0	0.36044	2
188	221	416	277	414	390	410	0.289855	0	0.914286	1
189	185	386	193	383	390	391	0.0821256	0	0.848352	1
190	245	153	244	153	390	391	0.00483092	0	0.336264	2
191	421	148	421	148	390	391	0	0	0.325275	1
192	427	137	427	137	390	391	0	0	0.301099	1
193	215	390	218	393	390	393	0.057971	0	0.857143	1
194	260	155	258	155	390	391	0.00966184	0	0.340659	2
195	391	176	388	178	390	391	0.0338164	0	0.386813	2
196	414	191	413	190	390	391	0.00966184	0	0.41978	2
197	274	356	271	357	390	392	0.0193237	0	0.782418	2
198	414	181	413	181	390	391	0.00483092	0	0.397802	2
199	456	157	456	156	390	391	0.00483092	0	0.345055	1
200	225	397	231	400	390	397	0.0724638	0	0.872527	1
201	680	91	681	91	390	391	0.00483092	0	0.2	1
202	555	144	588	146	390	401	0.178744	0	0.316484	1
203	626	148	621	147	390	392	0.0289855	0	0.325275	2
204	281	409	372	406	390	406	0.483092	0	0.898901	1
205	745	36	805	38	390	410	0.309179	0	0.0791209	1
206	229	108	229	108	390	392	0	0	0.237363	1
207	422	274	479	274	390	410	0.275362	0	0.602198	1
208	524	142	576	143	390	403	0.256039	0	0.312088	1
209	621	167	616	166	390	392	0.0289855	0	0.367033	2
210	367	215	367	214	391	392	0.00483092	0	0.472527	1
211	326	192	324	191	391	392	0.0144928	0	0.421978	2
212	281	396	281	395	391	392	0.00483092	0	0.87033	1
213	491	60	550	60	391	410	0.285024	0	0.131868	1
214	381	163	378	161	391	392	0.0338164	0	0.358242	2
215	376	190	376	190	391	392	0	0	0.417582	1
216	338	196	335	196	392	393	0.0144928	0	0.430769	2
217	422	148	423	148	392	394	0.00483092	0	0.325275	1
218	348	205	347	205	392	394	0.00483092	0	0.450549	2
219	237	362	247	362	392	393	0.0483092	0	0.795604	1
220	276	382	278	382	392	394	0.00966184	0	0.83956	1
221	559	24	558	24	392	393	0.00483092	0	0.0527473	2
222	503	89	507	89	392	393	0.0193237	0	0.195604	1
223	358	203	358	201	392	393	0.0193237	0	0.446154	1
224	413	182	413	181	392	393	0.00483092	0	0.4	1
225	585	107	577	103	392	395	0.115942	0	0.235165	2
226	369	212	370	209	393	394	0.0483092	0	0.465934	1
227	282	395	286	395	393	396	0.0193237	0	0.868132	1
228	334	206	330	205	393	394	0.0241546	0	0.452747	2
229	615	166	613	166	393	394	0.00966184	0	0.364835	2
230	613	26	615	26	393	394	0.00966184	0	0.0571429	1
231	250	346	255	346	393	394	0.0241546	0	0.76044	1
232	598	95	613	98	393	398	0.115942	0	0.208791	1
233	374	162	373	162	394	395	0.00483092	0	0.356044	2
234	266	353	268	353	394	395	0.00966184	0	0.775824	1
235	364	167	363	167	394	395	0.00483092	0	0.367033	2
236	514	72	518	72	394	395	0.0193237	0	0.158242	1
237	269	336	395	327	394	410	1	0	0.738462	1
238	247	378	256	375	394	395	0.0869565	0	0.830769	1
239	360	206	361	205	394	395	0.00966184	0	0.452747	1
240	242	85	249	82	394	398	0.0772947	0	0.186813	1
241	688	92	692	92	394	395	0.0193237	0	0.202198	1
242	217	395	222	394	394	397	0.0289855	0	0.868132	1
243	317	203	315	206	395	396	0.0531401	0	0.446154	2
244	263	364	268	363	395	396	0.0289855	0	0.8	1
245	328	205	324	205	395	396	0.0193237	0	0.450549	2
246	349	206	352	208	395	397	0.0338164	0	0.452747	1
247	246	377	250	374	395	396	0.0628019	0	0.828571	1
248	249	153	248	154	395	396	0.00966184	0	0.336264	2
249	411	89	403	91	395	398	0.057971	0	0.195604	2
250	575	24	575	24	395	396	0	0	0.0527473	1
251	688	50	723	54	395	400	0.246377	0	0.10989	1
252	411	145	411	145	395	396	0	0	0.318681	1
253	249	166	242	164	395	396	0.0531401	0	0.364835	2
254	343	196	344	197	395	397	0.00966184	0	0.430769	1
255	519	89	523	89	395	396	0.0193237	0	0.195604	1
256	359	221	359	221	395	396	0	0	0.485714	1
257	274	397	282	397	395	397	0.0386473	0	0.872527	1
258	423	150	424	150	396	397	0.00483092	0	0.32967	1
259	266	373	273	372	396	397	0.0386473	0	0.81978	1
260	357	178	357	177	396	397	0.00483092	0	0.391209	1
261	248	391	260	393	396	397	0.0772947	0	0.859341	1
262	413	108	411	107	396	397	0.0144928	0	0.237363	2
263	238	385	278	385	396	400	0.193237	0	0.846154	1
264	436	128	436	127	396	397	0.00483092	0	0.281319	1
265	578	103	576	102	396	397	0.0144928	0	0.226374	2
266	253	144	253	145	396	397	0.00483092	0	0.316484	1
267	614	147	613	146	396	397	0.00966184	0	0.323077	2
268	379	133	378	134	396	397	0.00966184	0	0.292308	2
269	697	93	702	92	396	397	0.0289855	0	0.204396	1
270	624	148	629	148	396	398	0.0241546	0	0.325275	1
271	619	292	674	292	396	410	0.2657	0	0.641758	1
272	311	217	315	217	397	398	0.0193237	0	0.476923	1
273	579	118	579	116	397	398	0.0193237	0	0.259341	1
274	530	92	537	93	397	398	0.0386473	0	0.202198	1
275	451	165	454	165	397	398	0.0144928	0	0.362637	1
276	406	160	409	160	397	398	0.0144928	0	0.351648	1
277	362	222	372	221	397	399	0.0531401	0	0.487912	1
278	270	395	287	398	397	399	0.125604	0	0.868132	1
279	286	382	301	382	397	399	0.0724638	0	0.83956	1
280	433	112	436	112	397	398	0.0144928	0	0.246154	1
281	358	209	364	208	398	399	0.0338164	0	0.459341	1
282	350	183	353	182	398	399	0.0193237	0	0.402198	1
283	405	190	411	190	398	399	0.0289855	0	0.417582	1
284	386	182	398	183	398	400	0.0628019	0	0.4	1
285	360	177	365	177	398	399	0.0241546	0	0.389011	1
286	386	192	392	192	398	399	0.0289855	0	0.421978	1
287	236	390	264	389	398	400	0.140097	0	0.857143	1
288	270	396	285	398	398	400	0.0917874	0	0.87033	1
289	622	164	627	163	398	399	0.0289855	0	0.36044	1
290	500	142	551	140	398	410	0.2657	0	0.312088	1
291	269	170	277	165	398	401	0.15942	0	0.373626	1
292	503	279	552	277	398	410	0.256039	0	0.613187	1
293	367	145	371	144	398	399	0.0241546	0	0.318681	1
294	323	217	363	214	399	404	0.236715	0	0.476923	1
295	576	455	616	454	399	410	0.198068	0	1	1
296	683	455	692	454	399	400	0.0483092	0	1	1
297	316	384	328	382	399	400	0.0772947	0	0.843956	1
298	296	359	310	356	399	400	0.111111	0	0.789011	1
299	328	207	337	207	399	400	0.0434783	0	0.454945	1
300	434	118	462	115	399	402	0.178744	0	0.259341	1
301	698	455	707	454	399	400	0.0483092	0	1	1
302	405	93	398	90	399	409	0.0772947	0	0.204396	2
303	446	134	454	133	399	400	0.0434783	0	0.294505	1
304	460	166	478	164	399	401	0.10628	0	0.364835	1
305	635	149	679	148	399	410	0.217391	0	0.327473	1
306	376	204	384	204	399	400	0.0386473	0	0.448352	1
307	445	113	472	111	399	402	0.149758	0	0.248352	1
308	257	82	297	76	399	403	0.36715	0	0.18022	1
309	580	100	591	97	399	401	0.0966184	0	0.21978	1
310	560	278	601	276	399	410	0.217391	0	0.610989	1
311	382	217	389	214	399	400	0.0772947	0	0.476923	1
312	483	273	525	271	399	410	0.222222	0	0.6	1
313	442	148	450	148	399	400	0.0386473	0	0.325275	1
314	258	257	300	253	399	410	0.280193	0	0.564835	1
315	286	264	329	261	399	410	0.251208	0	0.58022	1
316	359	271	401	268	399	410	0.246377	0	0.595604	1
317	370	207	405	205	400	410	0.188406	0	0.454945	1
318	367	178	376	180	400	401	0.0628019	0	0.391209	1
319	397	143	405	143	400	401	0.0386473	0	0.314286	1
320	303	379	315	379	400	401	0.057971	0	0.832967	1
321	427	107	439	105	400	402	0.0772947	0	0.235165	1
322	295	398	304	397	400	401	0.0483092	0	0.874725	1
323	400	194	409	194	400	401	0.0434783	0	0.426374	1
324	635	163	643	162	400	401	0.0434783	0	0.358242	1
325	378	138	393	136	400	402	0.0917874	0	0.303297	1
326	347	259	380	257	400	410	0.178744	0	0.569231	1
327	608	281	640	280	400	410	0.15942	0	0.617582	1
328	536	272	568	271	400	410	0.15942	0	0.597802	1
329	241	122	259	121	400	403	0.0917874	0	0.268132	1
330	780	76	816	76	400	410	0.173913	0	0.167033	1
331	344	173	371	169	400	403	0.207729	0	0.38022	1
332	326	355	340	353	401	402	0.0869565	0	0.78022	1
333	347	206	366	204	401	405	0.111111	0	0.452747	1
334	264	153	267	152	401	402	0.0193237	0	0.336264	1
335	634	89	662	87	401	405	0.154589	0	0.195604	1
336	628	136	638	136	401	402	0.0483092	0	0.298901	1
337	738	54	786	52	401	409	0.251208	0	0.118681	1
338	549	448	570	447	401	410	0.10628	0	0.984615	1
339	314	258	337	256	401	410	0.130435	0	0.567033	1
340	304	390	320	390	402	403	0.0772947	0	0.857143	1
341	649	163	655	162	402	403	0.0338164	0	0.358242	1
342	359	391	380	393	402	404	0.120773	0	0.859341	1
343	391	184	398	184	402	403	0.0338164	0	0.404396	1
344	712	455	719	454	402	403	0.0386473	0	1	1
345	739	455	750	454	402	410	0.057971	0	1	1
346	398	215	411	214	402	404	0.0676329	0	0.472527	1
347	411	126	415	125	402	403	0.0241546	0	0.276923	1
348	706	288	719	287	402	410	0.0676329	0	0.632967	1
349	349	207	352	202	403	410	0.135266	0	0.454945	1
350	351	354	359	354	403	404	0.0386473	0	0.778022	1
351	376	404	382	403	403	405	0.0338164	0	0.887912	1
352	646	136	650	137	403	404	0.0241546	0	0.298901	1
353	430	185	434	185	403	404	0.0193237	0	0.406593	1
354	471	115	477	114	403	406	0.0338164	0	0.252747	1
355	270	150	269	148	403	404	0.0241546	0	0.32967	2
356	409	204	413	203	403	404	0.0241546	0	0.448352	1
357	421	199	425	198	403	404	0.0241546	0	0.437363	1
358	671	102	676	101	403	404	0.0289855	0	0.224176	1
359	481	114	485	114	403	404	0.0193237	0	0.250549	1
360	717	34	723	34	403	405	0.0289855	0	0.0747253	1
361	500	165	508	167	403	410	0.057971	0	0.362637	1
362	657	163	654	163	404	406	0.0144928	0	0.358242	2
363	332	394	342	396	404	405	0.0676329	0	0.865934	1
364	321	397	322	396	404	405	0.00966184	0	0.872527	1
365	739	455	740	454	404	409	0.00966184	0	1	1
366	722	455	723	454	404	410	0.00966184	0	1	1
367	581	143	582	142	404	410	0.00966184	0	0.314286	1
368	351	387	359	384	404	405	0.0821256	0	0.850549	1
369	261	121	255	120	404	406	0.0338164	0	0.265934	2
370	489	124	488	125	404	406	0.00966184	0	0.272527	2
371	391	397	393	398	404	406	0.0144928	0	0.872527	1
372	364	214	363	209	405	408	0.125604	0	0.47033	2
373	338	381	347	380	405	408	0.0483092	0	0.837363	1
374	368	355	380	352	405	408	0.101449	0	0.78022	1
375	434	186	433	185	405	406	0.00966184	0	0.408791	2
376	403	194	402	193	405	406	0.00966184	0	0.426374	2
377	352	369	372	372	405	410	0.140097	0	0.810989	1
378	415	205	414	204	405	406	0.00966184	0	0.450549	2
379	613	144	612	143	405	407	0.00966184	0	0.316484	2
380	306	106	306	105	405	406	0.00483092	0	0.232967	1
381	354	359	374	358	405	410	0.101449	0	0.789011	1
382	649	29	649	28	405	410	0.00483092	0	0.0637363	1
383	367	381	371	381	406	407	0.0193237	0	0.837363	1
384	354	404	365	405	406	407	0.057971	0	0.887912	1
385	676	100	676	100	406	407	0	0	0.21978	1
386	426	175	425	174	406	407	0.00966184	0	0.384615	2
387	662	89	663	90	406	410	0.00966184	0	0.195604	1
388	423	198	421	199	407	408	0.0144928	0	0.435165	2
389	651	163	642	163	407	410	0.0434783	0	0.358242	2
390	483	118	481	118	407	408	0.00966184	0	0.259341	2
391	329	394	343	397	407	410	0.111111	0	0.865934	1
392	492	160	494	162	407	408	0.0289855	0	0.351648	1
393	633	24	633	24	407	410	0	0	0.0527473	1
394	733	25	735	25	407	408	0.00966184	0	0.0549451	1
395	487	130	486	130	407	408	0.00483092	0	0.285714	2
396	617	24	617	24	407	408	0	0	0.0527473	1
397	596	106	590	104	407	408	0.0483092	0	0.232967	2
398	784	94	787	93	407	408	0.0193237	0	0.206593	1
399	397	407	407	407	408	409	0.0483092	0	0.894505	1
400	373	384	381	389	408	410	0.15942	0	0.843956	1
401	475	148	476	148	408	410	0.00483092	0	0.325275	1
402	632	94	634	95	408	409	0.0144928	0	0.206593	1
403	493	113	491	113	408	410	0.00966184	0	0.248352	2
404	365	204	366	202	409	410	0.0241546	0	0.448352	1
405	412	130	407	130	409	410	0.0241546	0	0.285714	2
406	390	395	393	393	409	410	0.0338164	0	0.868132	1
407	485	131	483	132	409	410	0.0144928	0	0.287912	2
408	479	121	477	121	409	410	0.00966184	0	0.265934	2
409	494	158	494	160	409	410	0.0193237	0	0.347253	1
410	617	24	616	24	409	410	0.00483092	0	0.0527473	2
411	496	168	497	170	409	410	0.0241546	0	0.369231	1
412	244	120	240	121	409	410	0.0241546	0	0.263736	2
413	400	384	407	385	409	410	0.0386473	0	0.843956	1
414	415	208	415	208	409	410	0	0	0.457143	1
415	355	380	358	382	409	410	0.0338164	0	0.835165	1
416	357	350	358	351	409	410	0.00966184	0	0.769231	1