
0	457	259	458	255	127	128	0.0604982	0	0.569231	1
1	98	449	97	451	127	131	0.0177936	0	0.986813	2
2	396	210	396	208	127	128	0.0142349	0	0.461538	1
3	449	225	458	211	127	138	0.729537	0	0.494505	1
4	289	251	292	251	128	130	0.0106762	0	0.551648	1
5	643	69	634	82	128	163	0.633452	0	0.151648	2
6	420	233	420	233	128	129	0	0	0.512088	1
7	462	254	465	252	129	130	0.024911	0	0.558242	1
8	307	236	309	235	129	131	0.0106762	0	0.518681	1
9	424	201	426	202	129	130	0.0106762	0	0.441758	1
10	399	196	398	196	129	130	0.00355872	0	0.430769	2
11	334	227	336	226	129	130	0.0106762	0	0.498901	1
12	716	33	715	33	129	131	0.00355872	0	0.0725275	2
13	779	69	768	75	129	143	0.16726	0	0.151648	2
14	725	43	718	49	130	134	0.153025	0	0.0945055	2
15	173	222	173	221	130	131	0.00355872	0	0.487912	1
16	517	195	516	194	130	131	0.00711744	0	0.428571	2
17	302	254	303	255	130	131	0.00711744	0	0.558242	1
18	344	162	344	163	130	131	0.00355872	0	0.356044	1
19	186	252	186	249	130	131	0.0320285	0	0.553846	1
20	364	220	363	222	130	132	0.0177936	0	0.483516	2
21	264	227	261	238	130	134	0.441281	0	0.498901	2
22	369	179	368	184	130	132	0.0925267	0	0.393407	2
23	470	172	466	180	130	134	0.241993	0	0.378022	2
24	308	215	307	217	130	131	0.0177936	0	0.472527	2
25	461	101	459	105	131	132	0.0640569	0	0.221978	2
26	692	52	689	55	131	132	0.0427046	0	0.114286	2
27	385	199	386	201	131	132	0.0177936	0	0.437363	1
28	282	251	274	261	131	135	0.384342	0	0.551648	2
29	427	206	412	211	131	137	0.142349	0	0.452747	2
30	397	242	393	250	131	134	0.241993	0	0.531868	2
31	293	252	293	255	131	132	0.0320285	0	0.553846	1
32	490	68	471	76	131	144	0.295374	0	0.149451	2
33	291	263	292	267	131	132	0.0604982	0	0.578022	1
34	318	256	318	257	132	133	0.00355872	0	0.562637	1
35	409	194	407	196	132	133	0.0213523	0	0.426374	2
36	184	241	187	226	132	143	0.811388	0	0.52967	1
37	522	219	519	221	132	134	0.024911	0	0.481319	2
38	188	252	180	253	132	136	0.0320285	0	0.553846	2
39	306	223	306	227	132	133	0.0569395	0	0.49011	1
40	343	168	341	174	132	134	0.135231	0	0.369231	2
41	363	211	363	213	132	133	0.0142349	0	0.463736	1
42	246	192	246	196	132	133	0.0569395	0	0.421978	1
43	516	197	516	198	132	133	0.00355872	0	0.432967	1
44	456	143	439	144	132	138	0.0640569	0	0.314286	2
45	731	56	726	59	132	134	0.0498221	0	0.123077	2
46	685	65	681	68	132	134	0.0462633	0	0.142857	2
47	518	231	516	234	132	134	0.0391459	0	0.507692	2
48	463	113	460	115	133	134	0.024911	0	0.248352	2
49	307	238	306	239	133	134	0.00711744	0	0.523077	2
50	384	203	383	203	133	134	0.00355872	0	0.446154	2
51	399	212	397	213	133	134	0.0106762	0	0.465934	2
52	244	225	241	227	133	134	0.024911	0	0.494505	2
53	180	270	175	273	133	135	0.0498221	0	0.593407	2
54	670	52	657	51	133	138	0.0498221	0	0.114286	2
55	173	232	169	231	133	135	0.0177936	0	0.50989	2
56	686	50	682	51	133	134	0.0177936	0	0.10989	2
57	283	268	280	270	133	134	0.024911	0	0.589011	2
58	463	256	459	254	134	135	0.0284698	0	0.562637	2
59	738	47	728	50	134	146	0.0676157	0	0.103297	2
60	369	230	365	231	134	135	0.0177936	0	0.505495	2
61	246	203	238	201	134	136	0.0427046	0	0.446154	2
62	307	229	304	229	134	135	0.0106762	0	0.503297	2
63	728	103	726	103	135	160	0.00711744	0	0.226374	2
64	455	117	450	115	135	136	0.0320285	0	0.257143	2
65	304	239	301	236	135	136	0.0427046	0	0.525275	2
66	300	264	296	262	135	136	0.0284698	0	0.58022	2
67	464	182	459	176	135	138	0.145907	0	0.4	2
68	281	272	276	269	135	136	0.0498221	0	0.597802	2
69	472	244	469	237	135	137	0.185053	0	0.536264	2
70	361	255	353	249	135	137	0.156584	0	0.56044	2
71	388	251	383	249	135	136	0.0320285	0	0.551648	2
72	823	52	822	51	135	141	0.00711744	0	0.114286	2
73	445	119	436	116	135	137	0.0640569	0	0.261538	2
74	487	243	485	237	135	139	0.135231	0	0.534066	2
75	294	275	291	271	135	138	0.0676157	0	0.604396	2
76	472	221	478	211	135	140	0.377224	0	0.485714	1
77	328	220	327	217	135	136	0.0355872	0	0.483516	2
78	235	228	233	223	135	141	0.0960854	0	0.501099	2
79	820	167	818	170	135	165	0.0391459	0	0.367033	2
80	358	165	356	162	135	136	0.0391459	0	0.362637	2
81	325	159	322	153	135	139	0.13879	0	0.349451	2
82	387	237	382	235	135	136	0.0320285	0	0.520879	2
83	164	218	163	212	135	139	0.131673	0	0.479121	2
84	317	241	314	238	135	136	0.0427046	0	0.52967	2
85	70	157	69	159	135	165	0.0177936	0	0.345055	2
86	457	250	462	242	136	138	0.245552	0	0.549451	1
87	165	227	168	220	136	138	0.185053	0	0.498901	1
88	171	271	173	265	136	138	0.135231	0	0.595604	1
89	695	40	693	35	136	138	0.0960854	0	0.0879121	2
90	361	230	360	227	136	137	0.0355872	0	0.505495	2
91	455	142	452	139	136	139	0.0427046	0	0.312088	2
92	448	113	451	115	137	142	0.024911	0	0.248352	1
93	507	190	510	187	137	139	0.0427046	0	0.417582	1
94	305	238	309	237	137	138	0.0177936	0	0.523077	1
95	385	232	386	230	137	138	0.0177936	0	0.50989	1
96	278	266	282	264	137	138	0.0284698	0	0.584615	1
97	668	71	669	69	137	138	0.0177936	0	0.156044	1
98	353	211	354	211	137	139	0.00355872	0	0.463736	1
99	731	76	735	75	137	139	0.0177936	0	0.167033	1
100	324	246	326	244	137	138	0.0213523	0	0.540659	1
101	723	115	727	122	137	165	0.188612	0	0.252747	1
102	355	247	357	249	138	140	0.0213523	0	0.542857	1
103	643	70	644	73	138	141	0.0355872	0	0.153846	1
104	472	237	475	238	138	139	0.0142349	0	0.520879	1
105	438	113	436	112	138	139	0.0106762	0	0.248352	2
106	414	210	413	209	138	139	0.00711744	0	0.461538	2
107	73	448	72	453	138	141	0.0925267	0	0.984615	2
108	727	59	726	61	138	140	0.0177936	0	0.12967	2
109	248	213	250	213	138	139	0.00711744	0	0.468132	1
110	687	66	688	69	139	149	0.0355872	0	0.145055	1
111	460	178	460	180	139	141	0.0142349	0	0.391209	1
112	388	229	389	228	139	140	0.00711744	0	0.503297	1
113	293	271	294	271	139	140	0.00355872	0	0.595604	1
114	330	233	332	235	139	140	0.0213523	0	0.512088	1
115	360	265	356	270	139	145	0.103203	0	0.582418	2
116	696	35	685	40	139	146	0.128114	0	0.0769231	2
117	752	69	753	70	139	157	0.00711744	0	0.151648	1
118	708	49	707	51	139	141	0.0177936	0	0.107692	2
119	367	154	374	156	139	142	0.0391459	0	0.338462	1
120	658	52	651	54	139	149	0.0391459	0	0.114286	2
121	315	239	320	240	139	140	0.0213523	0	0.525275	1
122	176	213	178	210	139	141	0.0391459	0	0.468132	1
123	240	209	244	209	139	143	0.0142349	0	0.459341	1
124	243	194	245	194	139	140	0.00711744	0	0.426374	1
125	170	221	170	220	140	141	0.00355872	0	0.485714	1
126	736	78	735	81	140	143	0.0355872	0	0.171429	2
127	516	242	517	242	140	141	0.00355872	0	0.531868	1
128	412	208	407	208	140	141	0.0177936	0	0.457143	2
129	439	112	436	112	140	141	0.0106762	0	0.246154	2
130	429	116	424	118	140	142	0.0320285	0	0.254945	2
131	250	213	250	215	140	143	0.0142349	0	0.468132	1
132	328	188	326	188	140	141	0.00711744	0	0.413187	2
133	369	184	371	185	140	141	0.0106762	0	0.404396	1
134	332	153	330	154	140	141	0.0106762	0	0.336264	2
135	452	143	439	145	140	145	0.0604982	0	0.314286	2
136	358	254	357	255	141	142	0.00711744	0	0.558242	2
137	250	199	251	197	141	143	0.0177936	0	0.437363	1
138	391	229	392	228	141	142	0.00711744	0	0.503297	1
139	342	217	341	216	141	142	0.00711744	0	0.476923	2
140	389	194	389	193	141	142	0.00355872	0	0.426374	1
141	747	45	741	47	141	146	0.0355872	0	0.0989011	2
142	454	239	455	244	141	165	0.0925267	0	0.525275	1
143	296	271	300	270	142	143	0.0177936	0	0.595604	1
144	644	74	643	73	142	143	0.00711744	0	0.162637	2
145	461	181	460	181	142	144	0.00355872	0	0.397802	2
146	332	226	334	226	142	143	0.00711744	0	0.496703	1
147	516	193	515	197	142	147	0.0604982	0	0.424176	2
148	357	194	357	195	142	144	0.00355872	0	0.426374	1
149	180	210	205	194	142	165	1	0	0.461538	1
150	323	259	325	260	142	143	0.0106762	0	0.569231	1
151	664	78	663	77	142	143	0.00711744	0	0.171429	2
152	413	242	411	244	142	145	0.0213523	0	0.531868	2
153	314	272	317	273	142	143	0.0142349	0	0.597802	1
154	722	65	720	64	142	143	0.0106762	0	0.142857	2
155	329	164	328	164	142	143	0.00355872	0	0.36044	2
156	332	148	329	147	142	143	0.0142349	0	0.325275	2
157	450	115	450	114	143	149	0.00355872	0	0.252747	1
158	329	243	331	244	143	144	0.0106762	0	0.534066	1
159	476	239	476	237	143	144	0.0142349	0	0.525275	1
160	170	218	170	218	143	144	0	0	0.479121	1
161	376	158	383	162	143	146	0.0818505	0	0.347253	1
162	388	193	389	193	143	144	0.00355872	0	0.424176	1
163	439	124	436	124	143	144	0.0106762	0	0.272527	2
164	377	123	376	126	143	146	0.0355872	0	0.27033	2
165	386	231	386	231	144	145	0	0	0.507692	1
166	719	65	717	66	144	145	0.0106762	0	0.142857	2
167	306	271	312	273	144	145	0.0355872	0	0.595604	1
168	701	67	700	66	144	149	0.00711744	0	0.147253	2
169	517	230	516	231	144	145	0.00711744	0	0.505495	2
170	371	194	371	196	144	145	0.0142349	0	0.426374	1
171	521	240	520	241	144	146	0.00711744	0	0.527473	2
172	662	78	661	79	144	145	0.00711744	0	0.171429	2
173	768	76	767	77	144	145	0.00711744	0	0.167033	2
174	251	193	256	186	144	149	0.192171	0	0.424176	1
175	710	43	708	43	144	146	0.00711744	0	0.0945055	2
176	676	70	675	71	144	147	0.00711744	0	0.153846	2
177	310	193	310	195	144	145	0.0142349	0	0.424176	1
178	231	233	231	231	144	149	0.0142349	0	0.512088	1
179	478	236	479	235	145	146	0.00711744	0	0.518681	1
180	736	83	734	81	145	149	0.0213523	0	0.182418	2
181	335	245	338	245	145	146	0.0106762	0	0.538462	1
182	358	259	357	260	145	146	0.00711744	0	0.569231	2
183	468	209	475	203	145	149	0.153025	0	0.459341	1
184	434	127	425	126	145	148	0.0355872	0	0.279121	2
185	313	176	311	176	145	146	0.00711744	0	0.386813	2
186	705	54	703	54	145	146	0.00711744	0	0.118681	2
187	503	194	502	195	145	146	0.00711744	0	0.426374	2
188	343	201	341	201	145	146	0.00711744	0	0.441758	2
189	715	67	713	65	146	148	0.0213523	0	0.147253	2
190	387	230	388	228	146	147	0.0177936	0	0.505495	1
191	376	196	377	196	146	147	0.00355872	0	0.430769	1
192	316	245	316	244	146	147	0.00355872	0	0.538462	1
193	357	270	357	269	146	147	0.00355872	0	0.593407	1
194	335	231	339	229	146	147	0.0284698	0	0.507692	1
195	311	279	311	278	146	147	0.00355872	0	0.613187	1
196	335	221	338	219	146	147	0.024911	0	0.485714	1
197	386	195	387	193	146	147	0.0177936	0	0.428571	1
198	516	231	516	230	146	147	0.00355872	0	0.507692	1
199	484	245	484	244	146	147	0.00355872	0	0.538462	1
200	659	79	659	78	146	148	0.00355872	0	0.173626	1
201	292	238	295	229	146	153	0.298932	0	0.523077	1
202	742	47	742	44	147	149	0.0320285	0	0.103297	1
203	388	161	391	160	147	148	0.0142349	0	0.353846	1
204	517	245	517	243	147	148	0.0142349	0	0.538462	1
205	336	254	340	252	147	148	0.0284698	0	0.558242	1
206	711	43	714	37	147	154	0.13879	0	0.0945055	1
207	731	54	732	51	147	149	0.0355872	0	0.118681	1
208	683	42	665	45	147	165	0.0960854	0	0.0923077	2
209	512	215	512	213	147	148	0.0142349	0	0.472527	1
210	703	54	703	52	147	149	0.0142349	0	0.118681	1
211	317	236	316	234	148	149	0.0177936	0	0.518681	2
212	357	268	357	264	148	150	0.0569395	0	0.589011	1
213	379	199	380	198	148	149	0.00711744	0	0.437363	1
214	342	218	345	214	148	149	0.0676157	0	0.479121	1
215	357	203	358	200	148	149	0.0355872	0	0.446154	1
216	321	154	320	151	148	149	0.0355872	0	0.338462	2
217	338	279	342	278	148	149	0.0177936	0	0.613187	1
218	509	195	508	192	148	149	0.0355872	0	0.428571	2
219	677	70	682	66	148	153	0.0747331	0	0.153846	1
220	342	197	342	194	148	149	0.0320285	0	0.432967	1
221	518	229	520	226	148	149	0.0391459	0	0.503297	1
222	389	227	389	224	148	149	0.0320285	0	0.498901	1
223	307	220	307	217	148	149	0.0320285	0	0.483516	1
224	335	178	340	167	148	153	0.448399	0	0.391209	1
225	517	243	518	239	149	151	0.0604982	0	0.534066	1
226	326	188	327	185	149	150	0.0355872	0	0.413187	1
227	389	101	392	97	149	152	0.0676157	0	0.221978	1
228	161	213	154	213	149	159	0.024911	0	0.468132	2
229	742	44	743	42	150	152	0.0177936	0	0.0967033	1
230	317	233	320	230	150	152	0.0427046	0	0.512088	1
231	689	68	692	67	150	155	0.0142349	0	0.149451	1
232	451	114	452	120	150	165	0.131673	0	0.250549	1
233	327	242	328	240	150	151	0.0177936	0	0.531868	1
234	344	278	346	276	150	151	0.0213523	0	0.610989	1
235	704	51	704	49	150	154	0.0142349	0	0.112088	1
236	731	50	733	48	150	153	0.0213523	0	0.10989	1
237	348	210	352	208	150	151	0.0284698	0	0.461538	1
238	388	236	389	234	150	151	0.0177936	0	0.518681	1
239	343	191	347	186	150	152	0.103203	0	0.41978	1
240	129	455	87	452	150	158	0.181495	0	1	2
241	372	230	373	229	150	151	0.00711744	0	0.505495	1
242	322	268	337	267	150	152	0.0569395	0	0.589011	1
243	195	242	198	240	150	151	0.024911	0	0.531868	1
244	510	189	511	182	150	153	0.177936	0	0.415385	1
245	746	86	746	91	150	165	0.088968	0	0.189011	1
246	734	82	734	82	150	158	0	0	0.18022	1
247	260	183	265	181	150	152	0.0320285	0	0.402198	1
248	531	109	532	114	150	165	0.0925267	0	0.23956	1
249	414	105	414	102	150	152	0.0320285	0	0.230769	1
250	333	232	333	230	150	151	0.0142349	0	0.50989	1
251	704	131	705	137	150	165	0.131673	0	0.287912	1
252	398	156	404	155	150	152	0.024911	0	0.342857	1
253	485	224	487	221	151	152	0.0391459	0	0.492308	1
254	374	197	376	196	151	152	0.0106762	0	0.432967	1
255	487	238	487	237	151	152	0.00355872	0	0.523077	1
256	310	183	307	181	151	152	0.024911	0	0.402198	2
257	331	185	333	183	151	152	0.0213523	0	0.406593	1
258	823	75	823	75	151	157	0	0	0.164835	1
259	390	235	389	234	152	154	0.00711744	0	0.516484	2
260	328	241	327	240	152	153	0.00711744	0	0.52967	2
261	359	211	363	212	152	153	0.0177936	0	0.463736	1
262	340	230	338	230	152	153	0.00711744	0	0.505495	2
263	169	225	167	224	152	154	0.0106762	0	0.494505	2
264	315	157	314	157	152	153	0.00355872	0	0.345055	2
265	518	240	517	238	152	154	0.0177936	0	0.527473	2
266	321	144	315	143	152	155	0.024911	0	0.316484	2
267	744	42	742	41	153	155	0.0106762	0	0.0923077	2
268	488	219	490	216	153	154	0.0391459	0	0.481319	1
269	713	65	711	72	153	164	0.181495	0	0.142857	2
270	353	204	353	202	153	154	0.0142349	0	0.448352	1
271	339	270	339	269	153	154	0.00355872	0	0.593407	1
272	409	156	411	156	153	154	0.00711744	0	0.342857	1
273	417	120	413	119	153	154	0.0177936	0	0.263736	2
274	378	197	380	195	153	154	0.0213523	0	0.432967	1
275	703	65	703	65	153	156	0	0	0.142857	1
276	347	257	347	256	153	154	0.00355872	0	0.564835	1
277	515	227	515	225	153	155	0.0142349	0	0.498901	1
278	364	233	368	235	154	155	0.0284698	0	0.512088	1
279	328	241	328	242	154	155	0.00355872	0	0.52967	1
280	463	61	463	63	154	158	0.0142349	0	0.134066	1
281	518	183	519	182	154	156	0.00711744	0	0.402198	1
282	294	230	294	232	154	156	0.0142349	0	0.505495	1
283	340	231	340	231	154	155	0	0	0.507692	1
284	682	66	682	74	154	164	0.227758	0	0.145055	1
285	307	158	305	158	154	155	0.00711744	0	0.347253	2
286	486	238	486	239	154	157	0.00355872	0	0.523077	1
287	340	271	339	271	155	156	0.00355872	0	0.595604	2
288	352	272	368	275	155	158	0.088968	0	0.597802	1
289	519	240	518	241	155	158	0.00711744	0	0.527473	2
290	714	39	710	46	155	164	0.188612	0	0.0857143	2
291	492	217	493	215	155	156	0.0177936	0	0.476923	1
292	325	152	324	160	155	165	0.231317	0	0.334066	2
293	659	73	655	74	155	158	0.0177936	0	0.16044	2
294	672	69	670	70	155	157	0.0106762	0	0.151648	2
295	347	258	346	258	155	156	0.00355872	0	0.567033	2
296	349	202	351	203	155	157	0.0106762	0	0.443956	1
297	348	187	349	187	155	156	0.00355872	0	0.410989	1
298	418	144	409	147	155	158	0.0640569	0	0.316484	2
299	312	196	308	196	155	156	0.0142349	0	0.430769	2
300	373	238	377	239	156	157	0.0177936	0	0.523077	1
301	693	69	692	69	156	158	0.00355872	0	0.151648	2
302	328	243	328	243	156	158	0	0	0.534066	1
303	340	231	339	230	156	157	0.00711744	0	0.507692	2
304	383	223	386	223	156	157	0.0106762	0	0.49011	1
305	379	200	382	199	156	157	0.0142349	0	0.43956	1
306	357	250	357	249	156	157	0.00355872	0	0.549451	1
307	415	160	417	160	156	157	0.00711744	0	0.351648	1
308	496	180	496	178	156	157	0.0142349	0	0.395604	1
309	277	162	277	160	156	157	0.0142349	0	0.356044	1
310	310	232	306	229	156	157	0.0462633	0	0.50989	2
311	340	271	338	272	157	159	0.0106762	0	0.595604	2
312	173	226	168	236	157	162	0.373665	0	0.496703	2
313	520	183	518	185	157	160	0.0213523	0	0.402198	2
314	359	224	360	224	157	158	0.00355872	0	0.492308	1
315	518	223	518	222	157	158	0.00355872	0	0.49011	1
316	364	258	363	259	158	159	0.00711744	0	0.567033	2
317	393	242	399	246	158	160	0.0782918	0	0.531868	1
318	422	165	424	167	158	159	0.0213523	0	0.362637	1
319	486	240	485	247	158	163	0.177936	0	0.527473	2
320	357	248	356	252	158	160	0.0604982	0	0.545055	2
321	496	177	495	176	158	159	0.00711744	0	0.389011	2
322	383	97	382	98	158	159	0.00711744	0	0.213187	2
323	296	183	293	184	158	159	0.0142349	0	0.402198	2
324	752	72	751	77	158	165	0.0925267	0	0.158242	2
325	672	72	671	73	159	161	0.00711744	0	0.158242	2
326	465	65	463	65	159	160	0.00711744	0	0.142857	2
327	363	226	365	228	159	161	0.0213523	0	0.496703	1
328	774	76	773	81	159	164	0.0925267	0	0.167033	2
329	653	76	651	79	159	162	0.0391459	0	0.167033	2
330	395	288	394	288	159	160	0.00355872	0	0.632967	2
331	340	230	343	232	159	161	0.024911	0	0.505495	1
332	301	196	298	197	159	160	0.0142349	0	0.430769	2
333	518	243	518	247	159	165	0.0569395	0	0.534066	1
334	328	243	328	243	159	160	0	0	0.534066	1
335	307	145	298	148	159	165	0.0640569	0	0.318681	2
336	693	70	692	70	159	160	0.00355872	0	0.153846	2
337	391	215	393	214	159	160	0.0106762	0	0.472527	1
338	363	262	364	270	160	162	0.231317	0	0.575824	1
339	365	200	368	203	160	163	0.0427046	0	0.43956	1
340	393	196	395	197	160	161	0.0106762	0	0.430769	1
341	379	105	378	106	160	161	0.00711744	0	0.230769	2
342	156	195	155	199	160	162	0.0604982	0	0.428571	2
343	778	57	777	61	160	165	0.0604982	0	0.125275	2
344	351	276	350	285	160	163	0.291815	0	0.606593	2
345	440	203	441	208	160	164	0.0925267	0	0.446154	1
346	284	159	283	160	160	161	0.00711744	0	0.349451	2
347	337	276	340	285	160	164	0.298932	0	0.606593	1
348	346	260	351	270	160	163	0.373665	0	0.571429	1
349	352	210	353	211	160	161	0.00711744	0	0.461538	1
350	463	67	463	71	161	163	0.0569395	0	0.147253	1
351	295	236	296	238	161	165	0.0177936	0	0.518681	1
352	519	188	515	190	161	165	0.0284698	0	0.413187	2
353	491	172	487	175	161	164	0.0462633	0	0.378022	2
354	485	188	483	190	161	162	0.0213523	0	0.413187	2
355	342	168	341	170	161	162	0.0177936	0	0.369231	2
356	392	114	388	118	161	164	0.0711744	0	0.250549	2
357	646	58	645	61	161	165	0.0355872	0	0.127473	2
358	404	251	407	253	161	162	0.024911	0	0.551648	1
359	325	238	325	242	161	163	0.0569395	0	0.523077	1
360	672	75	672	76	162	165	0.00355872	0	0.164835	1
361	346	235	348	236	162	163	0.0106762	0	0.516484	1
362	295	200	293	203	162	163	0.0391459	0	0.43956	2
363	402	216	405	215	162	163	0.0142349	0	0.474725	1
364	365	272	366	273	163	164	0.00711744	0	0.597802	1
365	167	237	166	237	163	164	0.00355872	0	0.520879	2
366	396	294	401	292	163	164	0.0320285	0	0.646154	1
367	155	201	154	201	163	164	0.00355872	0	0.441758	2
368	376	111	374	110	163	164	0.0106762	0	0.243956	2
369	482	191	479	190	163	164	0.0142349	0	0.41978	2
370	389	183	390	183	163	164	0.00355872	0	0.402198	1
371	602	48	601	48	163	165	0.00355872	0	0.105495	2
372	486	248	485	246	164	165	0.0177936	0	0.545055	2
373	355	272	360	271	164	165	0.0213523	0	0.597802	1
374	408	216	410	213	164	165	0.0391459	0	0.474725	1
375	435	169	436	166	164	165	0.0355872	0	0.371429	1