
0	304	145	304	144	117	118	0.000963391	0	0.318681	1
1	310	133	309	129	117	119	0.0163776	0	0.292308	2
2	318	160	318	159	117	118	0.000963391	0	0.351648	1
3	235	127	236	123	117	119	0.0163776	0	0.279121	1
4	168	134	183	126	117	134	0.0761079	0	0.294505	1
5	387	194	384	191	118	121	0.0115607	0	0.426374	2
6	287	129	288	126	118	119	0.00963391	0	0.283516	1
7	266	154	265	152	118	119	0.00481696	0	0.338462	2
8	335	180	334	179	118	119	0.00192678	0	0.395604	2
9	368	200	367	199	118	119	0.00192678	0	0.43956	2
10	321	174	320	173	118	122	0.00192678	0	0.382418	2
11	208	140	207	139	118	119	0.00192678	0	0.307692	2
12	297	93	295	90	118	119	0.0105973	0	0.204396	2
13	235	200	235	199	118	119	0.000963391	0	0.43956	1
14	277	112	274	109	118	119	0.0115607	0	0.246154	2
15	285	183	285	181	118	119	0.00385356	0	0.402198	1
16	242	151	244	149	118	122	0.00578035	0	0.331868	1
17	620	455	620	454	118	133	0.000963391	0	1	1
18	231	112	231	109	118	119	0.00867052	0	0.246154	1
19	325	151	320	148	119	123	0.0134875	0	0.331868	2
20	305	92	304	89	119	120	0.00963391	0	0.202198	2
21	284	108	283	105	119	120	0.00963391	0	0.237363	2
22	87	228	87	226	119	120	0.00385356	0	0.501099	1
23	379	203	378	202	119	121	0.00192678	0	0.446154	2
24	312	213	314	211	120	124	0.00578035	0	0.468132	1
25	306	142	305	141	120	121	0.00192678	0	0.312088	2
26	367	181	363	179	120	121	0.00770713	0	0.397802	2
27	223	127	223	125	120	121	0.00385356	0	0.279121	1
28	245	189	247	186	120	121	0.0105973	0	0.415385	1
29	257	165	257	164	120	121	0.000963391	0	0.362637	1
30	306	126	306	124	120	121	0.00385356	0	0.276923	1
31	271	175	272	174	120	121	0.00192678	0	0.384615	1
32	283	171	283	169	120	121	0.00385356	0	0.375824	1
33	389	181	386	181	120	122	0.00289017	0	0.397802	2
34	338	131	339	128	120	121	0.00963391	0	0.287912	1
35	206	110	206	109	120	121	0.000963391	0	0.241758	1
36	482	134	480	132	120	122	0.00578035	0	0.294505	2
37	297	99	293	93	120	122	0.0385356	0	0.217582	2
38	237	176	241	177	120	124	0.00481696	0	0.386813	1
39	487	152	487	151	120	121	0.000963391	0	0.334066	1
40	24	218	24	217	120	121	0.000963391	0	0.479121	1
41	257	181	259	179	120	121	0.00578035	0	0.397802	1
42	286	183	284	182	121	125	0.00289017	0	0.402198	2
43	303	86	301	84	121	122	0.00578035	0	0.189011	2
44	368	107	367	107	121	122	0.000963391	0	0.235165	2
45	367	201	366	201	121	122	0.000963391	0	0.441758	2
46	260	155	260	153	122	123	0.00385356	0	0.340659	1
47	377	201	375	200	122	123	0.00289017	0	0.441758	2
48	354	103	341	83	122	133	0.397881	0	0.226374	2
49	342	144	341	141	122	123	0.00963391	0	0.316484	2
50	276	100	273	99	122	123	0.00385356	0	0.21978	2
51	506	123	505	124	122	125	0.00192678	0	0.27033	2
52	281	198	280	196	122	127	0.00481696	0	0.435165	2
53	243	200	243	199	122	126	0.000963391	0	0.43956	1
54	286	170	286	169	122	123	0.000963391	0	0.373626	1
55	207	109	209	106	122	124	0.0105973	0	0.23956	1
56	300	113	299	111	122	123	0.00481696	0	0.248352	2
57	100	217	98	217	122	124	0.00192678	0	0.476923	2
58	343	127	344	124	122	123	0.00963391	0	0.279121	1
59	361	125	361	124	122	123	0.000963391	0	0.274725	1
60	269	136	269	134	122	123	0.00385356	0	0.298901	1
61	489	151	490	149	122	124	0.00481696	0	0.331868	1
62	85	225	85	225	122	124	0	0	0.494505	1
63	73	111	63	116	122	142	0.0337187	0	0.243956	2
64	67	95	43	112	122	155	0.301541	0	0.208791	2
65	314	158	311	155	123	124	0.0115607	0	0.347253	2
66	324	137	323	134	123	126	0.00963391	0	0.301099	2
67	326	170	325	169	123	124	0.00192678	0	0.373626	2
68	311	193	310	192	123	124	0.00192678	0	0.424176	2
69	367	106	364	103	123	125	0.0115607	0	0.232967	2
70	301	84	299	83	123	124	0.00289017	0	0.184615	2
71	257	164	256	164	123	124	0.000963391	0	0.36044	2
72	352	139	352	137	123	124	0.00385356	0	0.305495	1
73	165	201	150	232	123	155	0.94027	0	0.441758	2
74	794	295	780	325	123	155	0.880539	0	0.648352	2
75	226	118	230	116	123	125	0.00770713	0	0.259341	1
76	24	217	24	216	123	124	0.000963391	0	0.476923	1
77	283	78	275	71	123	130	0.0549133	0	0.171429	2
78	328	220	329	213	124	130	0.0481696	0	0.483516	1
79	383	202	377	199	124	125	0.0144509	0	0.443956	2
80	289	168	289	166	124	125	0.00385356	0	0.369231	1
81	325	204	325	201	124	126	0.00867052	0	0.448352	1
82	299	111	298	109	124	127	0.00481696	0	0.243956	2
83	349	126	350	124	124	125	0.00481696	0	0.276923	1
84	272	113	270	112	124	125	0.00289017	0	0.248352	2
85	272	101	269	100	124	125	0.00385356	0	0.221978	2
86	494	118	493	117	124	125	0.00192678	0	0.259341	2
87	363	123	362	122	124	125	0.00192678	0	0.27033	2
88	313	145	310	143	124	125	0.00674374	0	0.318681	2
89	292	237	299	229	124	126	0.0684008	0	0.520879	1
90	270	196	270	194	124	126	0.00385356	0	0.430769	1
91	270	134	270	131	124	125	0.00867052	0	0.294505	1
92	348	171	345	168	125	126	0.0115607	0	0.375824	2
93	256	165	255	163	125	126	0.00481696	0	0.362637	2
94	326	170	325	169	125	126	0.00192678	0	0.373626	2
95	247	175	248	173	125	127	0.00481696	0	0.384615	1
96	214	108	216	107	125	126	0.00289017	0	0.237363	1
97	308	120	308	118	125	126	0.00385356	0	0.263736	1
98	475	113	474	109	125	130	0.0163776	0	0.248352	2
99	161	82	160	81	125	126	0.00192678	0	0.18022	2
100	328	151	326	149	125	126	0.00578035	0	0.331868	2
101	387	212	382	208	125	126	0.0202312	0	0.465934	2
102	373	185	368	184	125	126	0.00578035	0	0.406593	2
103	767	449	758	454	125	144	0.0327553	0	0.986813	2
104	128	204	114	236	125	155	1	0	0.448352	2
105	159	139	161	138	125	127	0.00289017	0	0.305495	1
106	273	143	274	136	125	127	0.0481696	0	0.314286	1
107	24	217	24	220	125	136	0.00867052	0	0.476923	1
108	717	318	703	349	125	155	0.939306	0	0.698901	2
109	478	126	477	124	125	126	0.00481696	0	0.276923	2
110	360	196	352	194	126	127	0.0115607	0	0.430769	2
111	93	227	90	227	126	127	0.00289017	0	0.498901	2
112	283	181	285	178	126	128	0.0105973	0	0.397802	1
113	353	119	353	119	126	127	0	0	0.261538	1
114	313	144	311	142	126	127	0.00578035	0	0.316484	2
115	236	120	244	122	126	131	0.0115607	0	0.263736	1
116	305	156	306	153	126	127	0.00963391	0	0.342857	1
117	270	112	267	111	126	127	0.00385356	0	0.246154	2
118	266	99	261	98	126	128	0.00578035	0	0.217582	2
119	363	196	355	194	127	128	0.0115607	0	0.430769	2
120	348	167	345	165	127	128	0.00674374	0	0.367033	2
121	308	118	307	118	127	128	0.000963391	0	0.259341	2
122	323	135	322	135	127	128	0.000963391	0	0.296703	2
123	241	203	241	202	127	129	0.000963391	0	0.446154	1
124	240	130	244	132	127	130	0.00770713	0	0.285714	1
125	333	238	332	236	127	129	0.00481696	0	0.523077	2
126	162	81	164	80	127	128	0.00289017	0	0.178022	1
127	343	133	344	133	127	128	0.000963391	0	0.292308	1
128	363	96	360	92	127	129	0.0183044	0	0.210989	2
129	281	101	280	101	127	130	0.000963391	0	0.221978	2
130	295	82	292	82	127	128	0.00289017	0	0.18022	2
131	362	336	348	368	127	155	1	0	0.738462	2
132	282	116	279	115	127	128	0.00385356	0	0.254945	2
133	245	220	245	219	127	130	0.000963391	0	0.483516	1
134	308	151	309	149	128	129	0.00481696	0	0.331868	1
135	266	112	264	112	128	129	0.00192678	0	0.246154	2
136	276	131	277	126	128	130	0.0250482	0	0.287912	1
137	490	158	488	155	128	129	0.0105973	0	0.347253	2
138	319	156	317	153	128	129	0.0105973	0	0.342857	2
139	161	156	161	156	128	129	0	0	0.342857	1
140	164	139	170	138	128	132	0.00674374	0	0.305495	1
141	349	194	342	194	129	130	0.00674374	0	0.426374	2
142	344	163	336	161	129	131	0.0115607	0	0.358242	2
143	218	105	221	104	129	132	0.00385356	0	0.230769	1
144	370	195	357	191	129	132	0.0279383	0	0.428571	2
145	262	159	266	158	129	130	0.00481696	0	0.349451	1
146	58	217	58	217	129	130	0	0	0.476923	1
147	354	204	343	204	129	130	0.0105973	0	0.448352	2
148	321	137	320	136	129	130	0.00192678	0	0.301099	2
149	98	233	91	234	129	130	0.00770713	0	0.512088	2
150	249	157	249	156	129	130	0.000963391	0	0.345055	1
151	321	127	319	127	129	131	0.00192678	0	0.279121	2
152	481	120	482	118	129	131	0.00481696	0	0.263736	1
153	310	182	310	179	129	131	0.00867052	0	0.4	1
154	174	90	174	90	129	131	0	0	0.197802	1
155	279	185	281	181	129	130	0.017341	0	0.406593	1
156	355	119	355	118	129	130	0.000963391	0	0.261538	1
157	358	91	348	86	130	136	0.0337187	0	0.2	2
158	348	144	350	144	130	131	0.00192678	0	0.316484	1
159	287	111	284	109	130	131	0.00674374	0	0.243956	2
160	360	143	359	140	130	131	0.00963391	0	0.314286	2
161	85	220	83	220	130	131	0.00192678	0	0.483516	2
162	244	201	246	199	130	131	0.00578035	0	0.441758	1
163	486	152	484	150	130	131	0.00578035	0	0.334066	2
164	75	206	68	206	130	133	0.00674374	0	0.452747	2
165	368	92	354	89	130	137	0.022158	0	0.202198	2
166	84	244	84	245	130	133	0.000963391	0	0.536264	1
167	158	161	159	160	130	132	0.00192678	0	0.353846	1
168	237	149	237	148	130	132	0.000963391	0	0.327473	1
169	298	355	283	386	130	155	0.94027	0	0.78022	2
170	473	108	470	105	131	133	0.0115607	0	0.237363	2
171	297	178	300	176	131	132	0.00674374	0	0.391209	1
172	279	191	279	191	131	132	0	0	0.41978	1
173	244	133	245	131	131	133	0.00481696	0	0.292308	1
174	288	132	285	131	131	132	0.00385356	0	0.29011	2
175	170	160	170	160	131	132	0	0	0.351648	1
176	251	156	251	155	131	132	0.000963391	0	0.342857	1
177	278	126	279	125	131	132	0.00192678	0	0.276923	1
178	64	129	63	131	131	133	0.00481696	0	0.283516	2
179	495	162	495	160	131	133	0.00385356	0	0.356044	1
180	230	96	231	94	131	133	0.00481696	0	0.210989	1
181	170	150	171	150	131	132	0.000963391	0	0.32967	1
182	277	90	274	88	132	133	0.00674374	0	0.197802	2
183	71	233	64	232	132	133	0.00770713	0	0.512088	2
184	330	227	333	224	132	133	0.0115607	0	0.498901	1
185	250	199	252	197	132	133	0.00578035	0	0.437363	1
186	320	228	319	228	132	136	0.000963391	0	0.501099	2
187	239	212	238	211	132	133	0.00192678	0	0.465934	2
188	350	163	349	162	132	133	0.00192678	0	0.358242	2
189	296	133	294	132	132	133	0.00289017	0	0.292308	2
190	369	202	361	199	132	133	0.0163776	0	0.443956	2
191	313	176	313	175	132	133	0.000963391	0	0.386813	1
192	338	203	336	204	132	133	0.00289017	0	0.446154	2
193	356	181	353	178	132	133	0.0115607	0	0.397802	2
194	218	105	218	105	133	134	0	0	0.230769	1
195	279	191	279	191	133	134	0	0	0.41978	1
196	311	190	311	190	133	134	0	0	0.417582	1
197	257	165	258	167	133	137	0.00481696	0	0.362637	1
198	73	186	70	185	133	134	0.00385356	0	0.408791	2
199	252	154	252	154	133	134	0	0	0.338462	1
200	178	92	178	92	133	136	0	0	0.202198	1
201	359	146	362	143	133	134	0.0115607	0	0.320879	1
202	219	123	216	122	133	138	0.00385356	0	0.27033	2
203	279	119	282	118	133	134	0.00385356	0	0.261538	1
204	58	234	54	236	134	135	0.00770713	0	0.514286	2
205	355	132	357	130	134	135	0.00578035	0	0.29011	1
206	320	213	319	213	134	135	0.000963391	0	0.468132	2
207	470	101	460	95	134	139	0.044316	0	0.221978	2
208	353	165	349	166	134	135	0.00481696	0	0.362637	2
209	269	145	272	144	134	136	0.00385356	0	0.318681	1
210	338	76	308	77	134	149	0.0298651	0	0.167033	2
211	60	210	47	210	134	138	0.0125241	0	0.461538	2
212	483	151	484	151	134	135	0.000963391	0	0.331868	1
213	326	199	325	197	135	136	0.00481696	0	0.437363	2
214	268	123	266	122	135	136	0.00289017	0	0.27033	2
215	70	227	66	227	135	136	0.00385356	0	0.498901	2
216	257	195	249	199	135	142	0.0231214	0	0.428571	2
217	312	192	311	191	135	136	0.00192678	0	0.421978	2
218	220	106	220	104	135	137	0.00385356	0	0.232967	1
219	274	105	271	104	135	136	0.00385356	0	0.230769	2
220	83	243	40	248	135	144	0.0655106	0	0.534066	2
221	68	147	67	147	135	136	0.000963391	0	0.323077	2
222	254	156	253	157	135	137	0.00192678	0	0.342857	2
223	363	140	368	132	135	137	0.066474	0	0.307692	1
224	335	183	334	183	135	136	0.000963391	0	0.402198	2
225	283	148	282	148	135	136	0.000963391	0	0.325275	2
226	352	192	337	215	135	152	0.524085	0	0.421978	2
227	91	210	82	213	135	143	0.017341	0	0.461538	2
228	257	206	241	213	135	145	0.0626204	0	0.452747	2
229	488	124	485	123	135	136	0.00385356	0	0.272527	2
230	176	153	178	151	135	136	0.00578035	0	0.336264	1
231	180	130	183	128	135	139	0.00674374	0	0.285714	1
232	274	162	271	162	135	139	0.00289017	0	0.356044	2
233	280	201	276	201	135	139	0.00385356	0	0.441758	2
234	494	160	493	155	135	136	0.0250482	0	0.351648	2
235	319	211	318	206	136	137	0.0250482	0	0.463736	2
236	58	243	55	244	136	138	0.00385356	0	0.534066	2
237	335	195	335	194	136	137	0.000963391	0	0.428571	1
238	475	113	472	112	136	137	0.00385356	0	0.248352	2
239	341	124	340	122	136	137	0.00481696	0	0.272527	2
240	346	113	344	112	136	138	0.00289017	0	0.248352	2
241	311	149	311	147	137	138	0.00385356	0	0.327473	1
242	63	227	57	225	137	139	0.00963391	0	0.498901	2
243	340	214	333	217	137	143	0.0154143	0	0.47033	2
244	230	92	223	88	137	141	0.022158	0	0.202198	2
245	65	148	64	147	137	138	0.00192678	0	0.325275	2
246	229	208	226	207	137	138	0.00385356	0	0.457143	2
247	286	120	284	119	137	138	0.00289017	0	0.263736	2
248	305	171	299	170	137	138	0.00674374	0	0.375824	2
249	242	144	241	143	137	138	0.00192678	0	0.316484	2
250	356	128	356	126	137	138	0.00385356	0	0.281319	1
251	166	155	165	154	137	138	0.00192678	0	0.340659	2
252	280	150	279	150	137	138	0.000963391	0	0.32967	2
253	266	80	263	78	137	138	0.00674374	0	0.175824	2
254	178	155	182	154	137	138	0.00481696	0	0.340659	1
255	177	93	181	90	137	138	0.0125241	0	0.204396	1
256	336	196	335	195	138	139	0.00192678	0	0.430769	2
257	286	104	283	102	138	139	0.00674374	0	0.228571	2
258	299	192	281	195	138	141	0.0260116	0	0.421978	2
259	333	180	331	179	138	139	0.00289017	0	0.395604	2
260	373	128	367	116	138	144	0.144509	0	0.281319	2
261	599	56	597	55	138	139	0.00289017	0	0.123077	2
262	333	117	325	120	138	143	0.0163776	0	0.257143	2
263	203	88	201	88	138	139	0.00192678	0	0.193407	2
264	253	159	243	158	138	143	0.0105973	0	0.349451	2
265	242	161	206	167	138	151	0.0693642	0	0.353846	2
266	50	244	49	244	139	140	0.000963391	0	0.536264	2
267	216	120	215	116	139	142	0.0163776	0	0.263736	2
268	259	78	255	77	139	140	0.00481696	0	0.171429	2
269	294	169	288	168	139	140	0.00674374	0	0.371429	2
270	471	112	467	110	139	140	0.00770713	0	0.246154	2
271	225	207	213	221	139	147	0.200385	0	0.454945	2
272	319	159	317	158	139	140	0.00289017	0	0.349451	2
273	354	154	355	151	139	140	0.00963391	0	0.338462	1
274	225	103	225	102	139	140	0.000963391	0	0.226374	1
275	348	167	345	167	139	141	0.00289017	0	0.367033	2
276	337	169	331	164	139	144	0.0298651	0	0.371429	2
277	186	155	185	162	139	144	0.0481696	0	0.340659	2
278	44	212	37	213	139	141	0.00770713	0	0.465934	2
279	486	152	481	150	139	141	0.00867052	0	0.334066	2
280	89	453	86	454	139	141	0.00385356	0	0.995604	2
281	235	198	229	199	139	142	0.00674374	0	0.435165	2
282	414	340	403	369	139	155	0.820809	0	0.747253	2
283	335	196	329	198	140	143	0.00963391	0	0.430769	2
284	279	113	276	112	140	141	0.00385356	0	0.248352	2
285	310	147	308	146	140	141	0.00289017	0	0.323077	2
286	273	98	272	97	140	141	0.00192678	0	0.215385	2
287	295	123	290	122	140	141	0.00578035	0	0.27033	2
288	603	54	600	53	140	141	0.00385356	0	0.118681	2
289	458	94	440	93	140	146	0.0183044	0	0.206593	2
290	171	154	171	153	140	141	0.000963391	0	0.338462	1
291	359	118	349	121	140	147	0.0183044	0	0.259341	2
292	73	172	71	173	140	142	0.00289017	0	0.378022	2
293	313	217	310	212	140	141	0.026975	0	0.476923	2
294	283	102	280	101	140	141	0.00385356	0	0.224176	2
295	270	136	268	135	140	141	0.00289017	0	0.298901	2
296	596	36	589	35	140	143	0.00770713	0	0.0791209	2
297	242	131	242	128	140	142	0.00867052	0	0.287912	1
298	464	120	459	118	140	141	0.00867052	0	0.263736	2
299	295	193	284	193	141	142	0.0105973	0	0.424176	2
300	282	168	274	167	141	142	0.00867052	0	0.369231	2
301	463	108	456	105	141	143	0.0154143	0	0.237363	2
302	251	77	246	76	141	142	0.00578035	0	0.169231	2
303	450	184	441	212	141	155	0.763969	0	0.404396	2
304	328	155	325	153	141	142	0.00674374	0	0.340659	2
305	337	184	334	184	141	143	0.00289017	0	0.404396	2
306	47	188	28	194	141	145	0.0529865	0	0.413187	2
307	270	116	269	116	142	143	0.000963391	0	0.254945	2
308	310	147	305	149	142	145	0.00867052	0	0.323077	2
309	295	197	284	196	142	143	0.0115607	0	0.432967	2
310	595	57	589	60	142	145	0.0144509	0	0.125275	2
311	295	168	294	168	142	143	0.000963391	0	0.369231	2
312	310	209	309	207	142	143	0.00481696	0	0.459341	2
313	222	87	220	86	142	143	0.00289017	0	0.191209	2
314	354	150	355	149	142	143	0.00192678	0	0.32967	1
315	260	156	254	157	142	143	0.00674374	0	0.342857	2
316	41	237	36	238	142	143	0.00578035	0	0.520879	2
317	173	152	175	151	142	143	0.00289017	0	0.334066	1
318	40	206	29	213	142	145	0.0578035	0	0.452747	2
319	267	135	266	134	142	143	0.00192678	0	0.296703	2
320	323	108	321	108	142	144	0.00192678	0	0.237363	2
321	415	188	408	216	142	155	0.762042	0	0.413187	2
322	271	98	270	99	143	144	0.00192678	0	0.215385	2
323	318	94	313	95	143	145	0.00578035	0	0.206593	2
324	274	193	264	192	143	144	0.0105973	0	0.424176	2
325	36	250	32	253	143	144	0.0125241	0	0.549451	2
326	254	125	253	127	143	144	0.00481696	0	0.274725	2
327	246	200	236	204	143	146	0.0250482	0	0.43956	2
328	50	223	43	248	143	155	0.608863	0	0.49011	2
329	268	168	262	168	143	144	0.00578035	0	0.369231	2
330	76	177	72	186	143	147	0.0818882	0	0.389011	2
331	354	159	355	160	143	144	0.00192678	0	0.349451	1
332	182	138	181	141	143	145	0.00963391	0	0.303297	2
333	261	216	232	224	143	147	0.0895954	0	0.474725	2
334	198	88	201	87	143	144	0.00385356	0	0.193407	1
335	327	199	325	199	144	145	0.00192678	0	0.437363	2
336	275	197	264	199	144	145	0.0144509	0	0.432967	2
337	82	216	80	219	144	145	0.0105973	0	0.474725	2
338	238	185	234	186	144	145	0.00481696	0	0.406593	2
339	33	233	28	237	144	145	0.0202312	0	0.512088	2
340	284	180	282	182	144	145	0.00578035	0	0.395604	2
341	356	150	353	158	144	147	0.0645472	0	0.32967	2
342	58	143	56	144	144	145	0.00289017	0	0.314286	2
343	316	187	314	191	144	148	0.017341	0	0.410989	2
344	257	113	256	115	144	145	0.00481696	0	0.248352	2
345	320	130	318	131	144	145	0.00289017	0	0.285714	2
346	212	102	210	104	144	146	0.00578035	0	0.224176	2
347	186	152	182	156	144	146	0.0192678	0	0.334066	2
348	252	129	250	130	145	146	0.00289017	0	0.283516	2
349	268	101	267	102	145	146	0.00192678	0	0.221978	2
350	30	260	26	266	145	147	0.0385356	0	0.571429	2
351	366	120	363	123	145	146	0.0115607	0	0.263736	2
352	201	116	200	117	145	146	0.00192678	0	0.254945	2
353	254	192	239	194	145	147	0.0183044	0	0.421978	2
354	277	164	271	165	145	146	0.00674374	0	0.36044	2
355	54	154	52	156	145	146	0.00578035	0	0.338462	2
356	288	115	287	116	145	146	0.00192678	0	0.252747	2
357	357	162	353	170	145	149	0.0655106	0	0.356044	2
358	264	132	261	134	145	146	0.00674374	0	0.29011	2
359	287	192	288	193	145	146	0.00192678	0	0.421978	1
360	290	160	288	162	145	146	0.00578035	0	0.351648	2
361	265	209	250	211	145	146	0.0183044	0	0.459341	2
362	466	151	464	153	145	146	0.00578035	0	0.331868	2
363	244	145	243	146	145	146	0.00192678	0	0.318681	2
364	319	114	315	114	145	146	0.00385356	0	0.250549	2
365	193	132	192	133	145	146	0.00192678	0	0.29011	2
366	322	201	320	202	146	147	0.00289017	0	0.441758	2
367	272	130	267	131	146	147	0.00578035	0	0.285714	2
368	587	62	583	66	146	149	0.0192678	0	0.136264	2
369	303	151	300	152	146	147	0.00385356	0	0.331868	2
370	269	203	263	203	146	147	0.00578035	0	0.446154	2
371	79	223	76	227	146	149	0.0183044	0	0.49011	2
372	444	114	439	113	146	147	0.00578035	0	0.250549	2
373	326	223	322	218	146	147	0.0279383	0	0.49011	2
374	221	89	219	89	146	148	0.00192678	0	0.195604	2
375	50	143	46	144	146	147	0.00481696	0	0.314286	2
376	256	201	245	203	146	147	0.0144509	0	0.441758	2
377	246	100	244	102	146	147	0.00578035	0	0.21978	2
378	270	112	267	113	146	147	0.00385356	0	0.246154	2
379	278	140	272	141	146	148	0.00674374	0	0.307692	2
380	354	145	352	148	146	147	0.0105973	0	0.318681	2
381	236	159	225	158	146	149	0.0115607	0	0.349451	2
382	453	141	445	141	146	147	0.00770713	0	0.30989	2
383	252	168	246	168	146	147	0.00578035	0	0.369231	2
384	231	189	217	193	146	151	0.0289017	0	0.415385	2
385	61	137	57	137	146	148	0.00385356	0	0.301099	2
386	302	161	299	162	146	147	0.00385356	0	0.353846	2
387	231	206	227	206	147	148	0.00385356	0	0.452747	2
388	250	132	251	132	147	148	0.000963391	0	0.29011	1
389	263	187	242	191	147	151	0.0356455	0	0.410989	2
390	300	172	300	172	147	148	0	0	0.378022	1
391	198	118	198	117	147	148	0.000963391	0	0.259341	1
392	232	180	227	180	147	149	0.00481696	0	0.395604	2
393	436	94	422	96	147	151	0.017341	0	0.206593	2
394	312	95	307	101	147	152	0.039499	0	0.208791	2
395	181	159	184	158	147	149	0.00385356	0	0.349451	1
396	582	42	581	44	147	149	0.00481696	0	0.0923077	2
397	296	205	295	210	147	150	0.0250482	0	0.450549	2
398	205	108	204	107	147	148	0.00192678	0	0.237363	2
399	158	145	160	146	147	148	0.00289017	0	0.318681	1
400	240	127	239	127	147	148	0.000963391	0	0.279121	2
401	287	165	287	166	147	148	0.000963391	0	0.362637	1
402	339	109	330	115	147	155	0.0433526	0	0.23956	2
403	299	153	298	154	148	149	0.00192678	0	0.336264	2
404	258	203	244	204	148	150	0.0144509	0	0.446154	2
405	239	207	233	211	148	150	0.0211946	0	0.454945	2
406	264	107	264	106	148	149	0.000963391	0	0.235165	1
407	440	109	438	108	148	149	0.00289017	0	0.23956	2
408	26	268	25	270	148	150	0.00481696	0	0.589011	2
409	323	215	324	213	148	149	0.00481696	0	0.472527	1
410	328	145	330	150	148	154	0.0260116	0	0.318681	1
411	46	144	45	143	148	149	0.00192678	0	0.316484	2
412	326	167	325	167	148	149	0.000963391	0	0.367033	2
413	279	192	279	194	148	149	0.00385356	0	0.421978	1
414	271	169	267	169	148	149	0.00385356	0	0.371429	2
415	266	131	263	130	148	149	0.00385356	0	0.287912	2
416	75	191	75	192	148	149	0.000963391	0	0.41978	1
417	47	154	46	153	148	149	0.00192678	0	0.338462	2
418	236	196	232	198	148	149	0.00770713	0	0.430769	2
419	285	130	283	131	148	149	0.00289017	0	0.285714	2
420	228	220	227	232	149	155	0.139692	0	0.483516	2
421	292	164	289	165	149	152	0.00385356	0	0.36044	2
422	219	80	218	81	149	150	0.00192678	0	0.175824	2
423	827	443	826	449	149	152	0.0356455	0	0.973626	2
424	267	216	267	229	149	155	0.162813	0	0.474725	1
425	274	109	274	109	149	150	0	0	0.23956	1
426	583	65	581	74	150	154	0.0799615	0	0.142857	2
427	217	93	217	94	150	151	0.000963391	0	0.204396	1
428	264	108	264	108	150	151	0	0	0.237363	1
429	237	128	235	129	150	151	0.00289017	0	0.281319	2
430	258	133	254	133	150	151	0.00385356	0	0.292308	2
431	219	209	216	210	150	151	0.00385356	0	0.459341	2
432	279	196	279	198	150	152	0.00385356	0	0.430769	1
433	297	153	294	159	150	155	0.0375723	0	0.336264	2
434	77	194	79	200	150	153	0.0366089	0	0.426374	1
435	349	128	346	129	150	155	0.00385356	0	0.281319	2
436	275	127	276	127	150	151	0.000963391	0	0.279121	1
437	436	110	431	112	150	152	0.00867052	0	0.241758	2
438	235	183	231	185	150	151	0.00770713	0	0.402198	2
439	262	171	257	172	150	151	0.00578035	0	0.375824	2
440	332	128	332	135	150	155	0.0472062	0	0.281319	1
441	306	179	307	178	150	151	0.00192678	0	0.393407	1
442	264	120	264	120	150	151	0	0	0.263736	1
443	225	180	222	181	150	151	0.00385356	0	0.395604	2
444	50	153	49	155	150	151	0.00481696	0	0.336264	2
445	580	46	580	56	150	155	0.0963391	0	0.101099	1
446	325	86	323	92	150	153	0.0366089	0	0.189011	2
447	76	230	76	240	150	155	0.0963391	0	0.505495	1
448	796	314	796	326	150	155	0.138728	0	0.69011	1
449	218	163	210	169	150	153	0.0423892	0	0.358242	2
450	254	208	244	210	150	151	0.0134875	0	0.457143	2
451	180	123	180	126	150	155	0.00867052	0	0.27033	1
452	253	162	248	166	151	153	0.0202312	0	0.356044	2
453	54	142	53	143	151	152	0.00192678	0	0.312088	2
454	209	220	208	223	151	152	0.00963391	0	0.483516	2
455	271	168	268	168	151	152	0.00289017	0	0.369231	2
456	322	189	323	188	151	152	0.00192678	0	0.415385	1
457	299	220	299	221	151	152	0.000963391	0	0.483516	1
458	357	204	357	213	151	155	0.0780347	0	0.448352	1
459	277	180	278	180	151	152	0.000963391	0	0.395604	1
460	120	30	108	39	151	155	0.0895954	0	0.0659341	2
461	207	230	208	241	151	155	0.117534	0	0.505495	1
462	397	202	397	211	151	155	0.0780347	0	0.443956	1
463	272	105	274	107	152	155	0.00578035	0	0.230769	1
464	266	121	266	122	152	153	0.000963391	0	0.265934	1
465	326	211	328	213	152	153	0.00578035	0	0.463736	1
466	229	188	225	191	152	153	0.0125241	0	0.413187	2
467	420	98	417	100	152	153	0.00674374	0	0.215385	2
468	289	125	290	128	152	154	0.00963391	0	0.274725	1
469	204	125	202	127	152	153	0.00578035	0	0.274725	2
470	309	177	310	176	152	153	0.00192678	0	0.389011	1
471	351	162	350	161	152	153	0.00192678	0	0.356044	2
472	232	132	226	135	152	154	0.0144509	0	0.29011	2
473	50	161	50	163	152	153	0.00385356	0	0.353846	1
474	798	439	798	446	152	155	0.0472062	0	0.964835	1
475	309	203	310	202	153	154	0.00192678	0	0.446154	1
476	216	99	215	102	153	155	0.00963391	0	0.217582	2
477	280	183	279	183	153	154	0.000963391	0	0.402198	2
478	52	146	51	146	153	155	0.000963391	0	0.320879	2
479	231	218	230	221	153	155	0.00963391	0	0.479121	2
480	240	139	237	139	153	154	0.00289017	0	0.305495	2
481	279	132	279	133	153	154	0.000963391	0	0.29011	1
482	327	169	328	169	153	154	0.000963391	0	0.371429	1
483	430	115	426	118	153	154	0.0125241	0	0.252747	2
484	303	107	301	109	153	154	0.00578035	0	0.235165	2
485	204	99	203	100	153	154	0.00192678	0	0.217582	2
486	186	136	185	136	153	154	0.000963391	0	0.298901	2
487	286	172	285	173	153	154	0.00192678	0	0.378022	2
488	331	192	332	193	153	154	0.00192678	0	0.421978	1
489	429	156	429	160	153	154	0.0154143	0	0.342857	1
490	181	155	181	155	153	155	0	0	0.340659	1
491	207	225	204	229	153	155	0.0183044	0	0.494505	2
492	317	163	318	163	153	154	0.000963391	0	0.358242	1
493	307	84	307	88	153	155	0.0154143	0	0.184615	1
494	247	140	243	142	154	155	0.00770713	0	0.307692	2
495	267	125	267	125	154	155	0	0	0.274725	1
496	247	171	246	173	154	155	0.00481696	0	0.375824	2
497	203	128	204	128	154	155	0.000963391	0	0.281319	1
498	183	175	182	174	154	155	0.00192678	0	0.384615	2
499	211	217	206	217	154	155	0.00481696	0	0.476923	2
500	253	181	253	182	154	155	0.000963391	0	0.397802	1
501	58	127	58	125	154	155	0.00385356	0	0.279121	1
502	79	202	79	203	154	155	0.000963391	0	0.443956	1
503	49	164	49	163	154	155	0.000963391	0	0.36044	1
504	259	171	255	171	154	155	0.00385356	0	0.375824	2