
0	311	455	309	453	357	359	0.00826446	0	1	2
1	361	192	360	189	357	358	0.0137741	0	0.421978	2
2	404	78	395	79	357	379	0.0137741	0	0.171429	2
3	431	443	371	449	357	372	0.132231	0	0.973626	2
4	213	241	211	238	357	359	0.0151515	0	0.52967	2
5	440	389	437	388	358	359	0.00550964	0	0.854945	2
6	357	223	356	219	358	359	0.023416	0	0.49011	2
7	347	220	346	217	358	359	0.0137741	0	0.483516	2
8	277	253	280	252	358	359	0.00550964	0	0.556044	1
9	316	243	317	239	358	361	0.023416	0	0.534066	1
10	313	194	312	190	358	362	0.023416	0	0.426374	2
11	453	370	448	366	358	359	0.0289256	0	0.813187	2
12	296	241	297	239	358	359	0.00688705	0	0.52967	1
13	345	171	345	170	359	360	0.00137741	0	0.375824	1
14	361	187	361	185	359	360	0.00550964	0	0.410989	1
15	434	389	429	389	360	361	0.00688705	0	0.854945	2
16	418	399	415	399	360	362	0.00413223	0	0.876923	2
17	518	259	515	257	360	365	0.00964187	0	0.569231	2
18	444	403	439	403	360	361	0.00688705	0	0.885714	2
19	335	124	334	126	360	361	0.00688705	0	0.272527	2
20	430	407	429	408	360	361	0.00275482	0	0.894505	2
21	368	258	368	258	360	361	0	0	0.567033	1
22	287	271	290	271	360	361	0.00413223	0	0.595604	1
23	509	235	506	233	360	363	0.00964187	0	0.516484	2
24	393	245	378	248	360	383	0.0330579	0	0.538462	2
25	356	211	356	210	360	361	0.00137741	0	0.463736	1
26	347	93	282	118	360	395	0.950413	0	0.204396	2
27	366	65	368	66	360	367	0.00413223	0	0.142857	1
28	385	76	320	101	360	395	0.950413	0	0.167033	2
29	223	58	217	58	360	373	0.00826446	0	0.127473	2
30	161	376	161	379	360	364	0.0123967	0	0.826374	1
31	301	240	307	239	360	362	0.00964187	0	0.527473	1
32	420	365	392	364	360	366	0.0399449	0	0.802198	2
33	753	121	687	145	360	395	0.884298	0	0.265934	2
34	326	203	327	202	360	361	0.00275482	0	0.446154	1
35	346	217	345	217	360	361	0.00137741	0	0.476923	2
36	304	210	305	210	360	361	0.00137741	0	0.461538	1
37	458	246	393	271	360	395	0.950413	0	0.540659	2
38	376	199	375	195	360	364	0.023416	0	0.437363	2
39	320	214	322	212	361	362	0.00826446	0	0.47033	1
40	346	170	346	170	361	362	0	0	0.373626	1
41	306	455	303	454	361	363	0.00550964	0	1	2
42	356	198	356	196	361	362	0.00550964	0	0.435165	1
43	567	72	566	72	361	366	0.00137741	0	0.158242	2
44	425	388	419	387	362	363	0.00964187	0	0.852747	2
45	280	274	280	272	362	365	0.00550964	0	0.602198	1
46	312	263	312	261	362	363	0.00550964	0	0.578022	1
47	396	386	395	385	362	363	0.00275482	0	0.848352	2
48	364	255	362	254	362	363	0.00413223	0	0.56044	2
49	356	209	355	208	362	363	0.00275482	0	0.459341	2
50	323	195	322	193	362	364	0.00688705	0	0.428571	2
51	411	446	377	448	362	369	0.0523416	0	0.98022	2
52	354	158	347	157	362	364	0.0110193	0	0.347253	2
53	435	380	434	379	362	363	0.00275482	0	0.835165	2
54	339	207	338	205	362	363	0.00688705	0	0.454945	2
55	302	189	302	189	362	363	0	0	0.415385	1
56	516	249	514	247	362	364	0.00826446	0	0.547253	2
57	312	249	314	247	362	364	0.00826446	0	0.547253	1
58	211	257	209	258	363	366	0.00413223	0	0.564835	2
59	313	192	312	189	363	364	0.0137741	0	0.421978	2
60	181	52	178	52	363	368	0.00413223	0	0.114286	2
61	504	253	503	252	363	364	0.00275482	0	0.556044	2
62	430	389	425	389	363	364	0.00688705	0	0.854945	2
63	263	244	262	243	363	365	0.00275482	0	0.536264	2
64	209	77	205	76	363	371	0.00688705	0	0.169231	2
65	152	372	150	373	363	365	0.00413223	0	0.817582	2
66	298	455	296	454	364	365	0.00413223	0	1	2
67	330	212	330	210	364	365	0.00550964	0	0.465934	1
68	196	244	195	244	364	367	0.00137741	0	0.536264	2
69	426	405	415	404	364	365	0.0165289	0	0.89011	2
70	432	379	368	404	364	395	0.949036	0	0.832967	2
71	312	179	311	175	364	366	0.023416	0	0.393407	2
72	363	252	360	249	364	365	0.0165289	0	0.553846	2
73	364	197	364	196	364	365	0.00137741	0	0.432967	1
74	314	442	310	444	365	367	0.0110193	0	0.971429	2
75	304	276	303	278	365	367	0.00688705	0	0.606593	2
76	329	228	332	227	365	366	0.00550964	0	0.501099	1
77	321	196	320	195	365	368	0.00275482	0	0.430769	2
78	160	376	158	376	365	367	0.00275482	0	0.826374	2
79	434	411	432	410	365	367	0.00413223	0	0.903297	2
80	145	402	141	402	365	366	0.00550964	0	0.883516	2
81	331	198	331	197	365	369	0.00137741	0	0.435165	1
82	356	208	355	208	365	366	0.00137741	0	0.457143	2
83	154	43	152	44	365	369	0.00413223	0	0.0945055	2
84	277	126	269	128	365	377	0.0165289	0	0.276923	2
85	316	247	321	246	365	367	0.00826446	0	0.542857	1
86	358	226	355	226	365	366	0.00413223	0	0.496703	2
87	325	164	324	164	366	367	0.00137741	0	0.36044	2
88	358	67	358	67	366	370	0	0	0.147253	1
89	510	247	506	246	366	367	0.00688705	0	0.542857	2
90	357	251	353	249	366	367	0.0110193	0	0.551648	2
91	223	219	223	219	366	368	0	0	0.481319	1
92	576	73	526	99	366	395	1	0	0.16044	2
93	386	395	375	396	367	369	0.0165289	0	0.868132	2
94	138	402	134	404	367	369	0.0110193	0	0.883516	2
95	315	178	315	176	367	368	0.00550964	0	0.391209	1
96	203	266	202	267	367	370	0.00275482	0	0.584615	2
97	356	210	355	210	367	368	0.00137741	0	0.461538	2
98	331	210	333	210	367	368	0.00275482	0	0.461538	1
99	349	200	348	199	367	368	0.00275482	0	0.43956	2
100	311	268	311	268	367	368	0	0	0.589011	1
101	393	371	388	371	367	368	0.00688705	0	0.815385	2
102	336	227	338	226	367	368	0.00413223	0	0.498901	1
103	380	365	368	365	367	369	0.0165289	0	0.802198	2
104	362	179	362	179	367	369	0	0	0.393407	1
105	577	87	530	108	367	393	0.672176	0	0.191209	2
106	229	244	228	244	368	373	0.00137741	0	0.536264	2
107	350	246	348	244	368	369	0.00826446	0	0.540659	2
108	308	445	305	445	368	369	0.00413223	0	0.978022	2
109	304	278	304	278	368	370	0	0	0.610989	1
110	282	63	282	63	368	372	0	0	0.138462	1
111	162	348	157	348	368	370	0.00688705	0	0.764835	2
112	161	378	159	377	368	369	0.00413223	0	0.830769	2
113	149	377	146	377	368	369	0.00413223	0	0.828571	2
114	298	441	210	444	368	384	0.133609	0	0.969231	2
115	152	367	149	367	368	369	0.00413223	0	0.806593	2
116	371	194	370	195	368	370	0.00275482	0	0.426374	2
117	323	246	326	246	368	369	0.00413223	0	0.540659	1
118	317	175	318	173	369	370	0.00688705	0	0.384615	1
119	320	195	319	194	369	370	0.00275482	0	0.428571	2
120	196	245	143	262	369	389	0.471074	0	0.538462	2
121	355	234	352	233	369	371	0.00550964	0	0.514286	2
122	355	210	354	210	369	370	0.00137741	0	0.461538	2
123	345	171	344	171	369	370	0.00137741	0	0.375824	2
124	359	246	357	245	369	370	0.00413223	0	0.540659	2
125	402	402	390	400	370	371	0.0220386	0	0.883516	2
126	146	376	143	376	370	371	0.00413223	0	0.826374	2
127	306	238	306	238	370	371	0	0	0.523077	1
128	331	197	330	196	370	371	0.00275482	0	0.432967	2
129	133	407	129	409	370	374	0.0110193	0	0.894505	2
130	302	446	298	445	370	371	0.00688705	0	0.98022	2
131	364	365	358	364	370	371	0.00964187	0	0.802198	2
132	382	413	378	413	370	374	0.00550964	0	0.907692	2
133	347	244	345	244	370	371	0.00275482	0	0.536264	2
134	145	366	142	365	370	371	0.00550964	0	0.804396	2
135	360	67	336	69	371	385	0.0385675	0	0.147253	2
136	394	387	393	386	371	372	0.00275482	0	0.850549	2
137	306	275	308	273	371	372	0.00826446	0	0.604396	1
138	145	395	142	394	371	372	0.00550964	0	0.868132	2
139	202	267	201	267	371	373	0.00137741	0	0.586813	2
140	272	66	271	66	371	374	0.00137741	0	0.145055	2
141	355	208	354	207	371	372	0.00275482	0	0.457143	2
142	367	216	366	215	371	372	0.00275482	0	0.474725	2
143	370	195	368	194	371	373	0.00413223	0	0.428571	2
144	344	171	337	172	371	378	0.0110193	0	0.375824	2
145	361	250	359	249	371	372	0.00413223	0	0.549451	2
146	335	247	338	246	371	372	0.00550964	0	0.542857	1
147	314	133	310	132	372	373	0.00688705	0	0.292308	2
148	304	244	302	244	372	374	0.00275482	0	0.536264	2
149	293	444	239	447	372	382	0.0867769	0	0.975824	2
150	151	343	150	344	372	373	0.00275482	0	0.753846	2
151	371	225	370	224	372	374	0.00275482	0	0.494505	2
152	153	44	122	47	372	386	0.0550964	0	0.0967033	2
153	139	367	117	369	372	377	0.0358127	0	0.806593	2
154	209	68	208	67	372	374	0.00275482	0	0.149451	2
155	42	70	29	71	372	383	0.0192837	0	0.153846	2
156	367	402	364	402	373	374	0.00413223	0	0.883516	2
157	394	386	331	410	373	395	0.880165	0	0.848352	2
158	313	274	318	273	373	374	0.00826446	0	0.602198	1
159	348	363	341	361	373	374	0.0151515	0	0.797802	2
160	344	211	343	211	373	374	0.00137741	0	0.463736	2
161	367	214	367	214	373	374	0	0	0.47033	1
162	340	245	342	244	373	374	0.00413223	0	0.538462	1
163	490	262	489	262	373	374	0.00137741	0	0.575824	2
164	313	231	312	231	373	374	0.00137741	0	0.507692	2
165	140	392	137	391	373	374	0.00550964	0	0.861538	2
166	354	207	354	206	373	374	0.00137741	0	0.454945	1
167	330	273	330	274	373	374	0.00137741	0	0.6	1
168	344	394	318	393	374	377	0.0371901	0	0.865934	2
169	131	379	126	379	374	375	0.00688705	0	0.832967	2
170	307	134	301	134	374	375	0.00826446	0	0.294505	2
171	325	194	321	195	374	375	0.00688705	0	0.426374	2
172	488	263	479	264	375	380	0.0137741	0	0.578022	2
173	365	214	362	213	375	376	0.00550964	0	0.47033	2
174	358	448	354	449	375	376	0.00688705	0	0.984615	2
175	344	391	333	390	375	376	0.0165289	0	0.859341	2
176	303	241	297	241	375	378	0.00826446	0	0.52967	2
177	341	230	337	230	375	377	0.00550964	0	0.505495	2
178	479	230	476	230	375	376	0.00413223	0	0.505495	2
179	262	453	224	454	375	382	0.053719	0	0.995604	2
180	362	400	351	398	375	376	0.0206612	0	0.879121	2
181	344	74	308	80	375	387	0.0991736	0	0.162637	2
182	296	171	292	171	375	376	0.00550964	0	0.375824	2
183	310	186	307	186	375	376	0.00413223	0	0.408791	2
184	336	270	339	269	375	376	0.00550964	0	0.593407	1
185	128	410	124	410	375	376	0.00550964	0	0.901099	2
186	217	253	215	252	375	376	0.00413223	0	0.556044	2
187	142	352	26	369	375	391	0.557851	0	0.773626	2
188	345	244	344	243	375	376	0.00275482	0	0.536264	2
189	287	209	285	209	375	376	0.00275482	0	0.459341	2
190	293	247	288	247	375	378	0.00688705	0	0.542857	2
191	271	66	208	89	375	395	0.815427	0	0.145055	2
192	200	267	197	267	375	376	0.00413223	0	0.586813	2
193	343	385	333	383	376	377	0.0192837	0	0.846154	2
194	119	381	113	380	376	377	0.00964187	0	0.837363	2
195	344	210	342	209	376	377	0.00413223	0	0.461538	2
196	256	246	250	247	376	380	0.00964187	0	0.540659	2
197	206	233	208	241	376	379	0.0909091	0	0.512088	1
198	332	279	338	278	376	377	0.00964187	0	0.613187	1
199	24	245	24	245	377	378	0	0	0.538462	1
200	24	388	24	388	377	378	0	0	0.852747	1
201	487	233	485	234	377	378	0.00413223	0	0.512088	2
202	289	134	285	134	377	378	0.00550964	0	0.294505	2
203	317	167	317	167	377	378	0	0	0.367033	1
204	336	450	330	449	377	378	0.00964187	0	0.989011	2
205	125	391	101	391	377	382	0.0330579	0	0.859341	2
206	346	195	345	195	377	378	0.00137741	0	0.428571	2
207	286	156	281	156	377	378	0.00688705	0	0.342857	2
208	484	252	482	252	377	379	0.00275482	0	0.553846	2
209	346	243	349	241	377	378	0.00964187	0	0.534066	1
210	325	277	325	276	377	378	0.00137741	0	0.608791	1
211	343	268	349	265	377	378	0.0206612	0	0.589011	1
212	335	208	333	208	378	379	0.00275482	0	0.457143	2
213	106	387	97	384	378	379	0.0247934	0	0.850549	2
214	307	381	305	381	378	379	0.00275482	0	0.837363	2
215	117	413	111	414	378	380	0.00964187	0	0.907692	2
216	217	275	212	277	378	380	0.0123967	0	0.604396	2
217	142	381	85	405	378	395	0.871901	0	0.837363	2
218	301	170	299	170	378	379	0.00275482	0	0.373626	2
219	352	276	353	278	379	384	0.00688705	0	0.606593	1
220	316	167	312	167	379	381	0.00550964	0	0.367033	2
221	296	242	291	242	379	380	0.00688705	0	0.531868	2
222	324	452	313	454	379	380	0.0206612	0	0.993407	2
223	277	156	268	156	379	380	0.0123967	0	0.342857	2
224	338	173	334	173	379	380	0.00550964	0	0.38022	2
225	343	194	339	194	379	380	0.00550964	0	0.426374	2
226	343	262	344	262	379	380	0.00137741	0	0.575824	1
227	656	382	600	403	379	395	0.684573	0	0.83956	2
228	535	380	489	396	379	389	0.415978	0	0.835165	2
229	196	78	169	80	379	386	0.0426997	0	0.171429	2
230	288	173	287	172	380	381	0.00275482	0	0.38022	2
231	361	211	360	210	380	381	0.00275482	0	0.463736	2
232	88	380	73	377	380	383	0.0330579	0	0.835165	2
233	284	119	283	119	380	381	0.00137741	0	0.261538	2
234	324	264	323	263	380	381	0.00275482	0	0.58022	2
235	475	254	473	253	380	382	0.00413223	0	0.558242	2
236	477	240	475	240	380	381	0.00275482	0	0.527473	2
237	354	241	357	240	380	381	0.00550964	0	0.52967	1
238	168	78	125	92	380	389	0.329201	0	0.171429	2
239	328	183	330	180	380	381	0.0151515	0	0.402198	1
240	288	213	289	213	380	381	0.00137741	0	0.468132	1
241	477	226	455	225	380	386	0.0316804	0	0.496703	2
242	269	121	216	142	380	395	0.680441	0	0.265934	2
243	310	126	257	147	380	395	0.680441	0	0.276923	2
244	148	382	95	405	380	395	0.801653	0	0.83956	2
245	479	265	459	266	381	386	0.0289256	0	0.582418	2
246	94	407	87	408	381	383	0.0110193	0	0.894505	2
247	179	157	154	155	381	385	0.0399449	0	0.345055	2
248	252	248	252	247	381	382	0.00137741	0	0.545055	1
249	254	259	256	256	381	384	0.0151515	0	0.569231	1
250	222	62	170	84	381	395	0.738292	0	0.136264	2
251	343	198	343	194	381	383	0.0220386	0	0.435165	1
252	76	33	43	41	381	388	0.133609	0	0.0725275	2
253	299	399	275	397	382	384	0.0385675	0	0.876923	2
254	313	167	260	189	382	395	0.739669	0	0.367033	2
255	287	173	284	173	382	383	0.00413223	0	0.38022	2
256	336	215	334	215	382	383	0.00275482	0	0.472527	2
257	289	384	278	382	382	383	0.0206612	0	0.843956	2
258	295	453	286	454	382	383	0.0137741	0	0.995604	2
259	331	163	327	162	382	384	0.00688705	0	0.358242	2
260	351	232	349	232	382	383	0.00275482	0	0.50989	2
261	90	222	72	225	382	386	0.0371901	0	0.487912	2
262	396	95	354	110	382	389	0.367769	0	0.208791	2
263	471	254	446	260	383	387	0.084022	0	0.558242	2
264	210	277	198	278	383	385	0.0179063	0	0.608791	2
265	100	384	94	385	383	384	0.00964187	0	0.843956	2
266	303	193	299	193	383	384	0.00550964	0	0.424176	2
267	250	155	216	158	383	386	0.0592287	0	0.340659	2
268	328	263	326	264	383	384	0.00413223	0	0.578022	2
269	216	246	210	247	383	384	0.00964187	0	0.540659	2
270	248	247	235	248	383	385	0.0192837	0	0.542857	2
271	226	270	226	271	383	384	0.00137741	0	0.593407	1
272	65	382	58	385	384	385	0.0220386	0	0.83956	2
273	279	173	233	194	384	395	0.670799	0	0.38022	2
274	295	389	251	410	384	395	0.668044	0	0.854945	2
275	329	217	323	217	384	385	0.00826446	0	0.476923	2
276	271	265	259	266	384	386	0.0179063	0	0.582418	2
277	248	393	174	411	384	389	0.548209	0	0.863736	2
278	276	121	256	125	384	387	0.0495868	0	0.265934	2
279	339	194	320	197	384	387	0.0385675	0	0.426374	2
280	261	169	227	183	384	389	0.316804	0	0.371429	2
281	345	170	333	169	384	386	0.0179063	0	0.373626	2
282	344	232	337	232	384	385	0.00964187	0	0.50989	2
283	258	131	212	152	384	395	0.670799	0	0.287912	2
284	288	405	270	402	384	385	0.0371901	0	0.89011	2
285	234	48	187	69	384	395	0.672176	0	0.105495	2
286	295	193	291	192	385	386	0.00688705	0	0.424176	2
287	203	248	164	269	385	395	0.661157	0	0.545055	2
288	88	384	59	399	385	389	0.349862	0	0.843956	2
289	281	117	261	125	385	388	0.115702	0	0.257143	2
290	221	247	219	248	385	386	0.00413223	0	0.542857	2
291	228	268	222	273	385	387	0.0426997	0	0.589011	2
292	350	230	345	231	385	386	0.00826446	0	0.505495	2
293	222	285	199	302	385	389	0.429752	0	0.626374	2
294	238	417	202	438	385	390	0.657025	0	0.916484	2
295	232	258	230	257	385	386	0.00413223	0	0.567033	2
296	494	250	456	271	385	395	0.65978	0	0.549451	2
297	329	71	295	91	386	395	0.597796	0	0.156044	2
298	319	218	312	221	386	387	0.0220386	0	0.479121	2
299	148	157	138	159	386	387	0.0192837	0	0.345055	2
300	72	412	49	426	386	389	0.301653	0	0.905495	2
301	363	242	367	256	386	395	0.275482	0	0.531868	1
302	554	251	532	265	386	389	0.300275	0	0.551648	2
303	286	193	280	196	387	388	0.0206612	0	0.424176	2
304	343	74	315	91	387	395	0.436639	0	0.162637	2
305	114	52	99	62	387	389	0.158402	0	0.114286	2
306	440	231	432	234	387	388	0.023416	0	0.507692	2
307	189	449	176	454	387	388	0.0523416	0	0.986813	2
308	59	405	50	409	387	388	0.0344353	0	0.89011	2
309	340	234	327	244	387	389	0.155647	0	0.514286	2
310	48	383	37	387	387	388	0.0371901	0	0.841758	2
311	326	235	318	239	387	388	0.0330579	0	0.516484	2
312	452	270	437	280	387	389	0.158402	0	0.593407	2
313	784	393	769	403	387	389	0.158402	0	0.863736	2
314	815	388	800	398	387	389	0.158402	0	0.852747	2
315	229	235	225	240	387	388	0.0399449	0	0.516484	2
316	299	219	285	230	387	389	0.18595	0	0.481319	2
317	315	163	304	170	387	389	0.0826446	0	0.358242	2
318	356	80	336	93	388	395	0.260331	0	0.175824	2
319	84	256	76	261	388	389	0.0454545	0	0.562637	2
320	440	264	429	274	388	391	0.152893	0	0.58022	2
321	821	35	800	48	388	395	0.261708	0	0.0769231	2
322	252	135	244	140	388	389	0.0454545	0	0.296703	2
323	204	139	196	144	388	389	0.0454545	0	0.305495	2
324	190	289	190	296	388	389	0.0674931	0	0.635165	1
325	783	182	764	194	388	395	0.224518	0	0.4	2
326	277	231	272	237	388	389	0.0564738	0	0.507692	2
327	375	84	355	96	388	395	0.225895	0	0.184615	2
328	322	176	313	182	388	395	0.0619835	0	0.386813	2
329	266	263	260	275	388	390	0.206612	0	0.578022	2
330	245	275	238	280	388	389	0.0440771	0	0.604396	2
331	316	275	308	290	388	395	0.320937	0	0.604396	2
332	687	388	669	399	388	395	0.19146	0	0.852747	2
333	273	199	267	204	389	390	0.0426997	0	0.437363	2
334	36	398	27	401	389	390	0.0247934	0	0.874725	2
335	54	84	41	91	389	395	0.0853994	0	0.184615	2
336	301	265	298	270	389	390	0.0385675	0	0.582418	2
337	65	143	52	150	389	395	0.0853994	0	0.314286	2
338	426	240	421	244	389	390	0.0289256	0	0.527473	2
339	229	28	216	35	389	395	0.0853994	0	0.0615385	2
340	72	268	70	265	390	392	0.0151515	0	0.589011	2
341	217	411	211	412	390	395	0.00964187	0	0.903297	2
342	55	405	49	406	390	395	0.00964187	0	0.89011	2
343	138	268	132	269	390	395	0.00964187	0	0.589011	2
344	160	413	150	410	390	391	0.0261708	0	0.907692	2
345	249	217	247	218	390	391	0.00413223	0	0.476923	2
346	433	285	433	284	390	391	0.00137741	0	0.626374	1
347	222	188	216	189	390	395	0.00964187	0	0.413187	2
348	95	68	88	69	390	395	0.0110193	0	0.149451	2
349	237	147	231	148	390	395	0.00964187	0	0.323077	2
350	237	268	235	265	390	392	0.0151515	0	0.589011	2
351	348	115	341	116	390	395	0.0110193	0	0.252747	2
352	249	235	244	234	390	392	0.00826446	0	0.516484	2
353	287	194	287	193	390	391	0.00137741	0	0.426374	1
354	720	404	714	404	390	395	0.00826446	0	0.887912	2
355	301	176	300	171	390	392	0.0358127	0	0.386813	2
356	194	307	193	303	390	392	0.023416	0	0.674725	2
357	765	409	759	409	390	395	0.00826446	0	0.898901	2
358	377	413	371	413	390	395	0.00826446	0	0.907692	2
359	182	394	173	393	390	391	0.0137741	0	0.865934	2
360	627	177	621	177	390	395	0.00826446	0	0.389011	2
361	329	245	328	241	390	394	0.023416	0	0.538462	2
362	486	402	480	402	390	395	0.00826446	0	0.883516	2
363	44	428	31	423	390	392	0.0523416	0	0.940659	2
364	296	143	289	144	390	395	0.0110193	0	0.314286	2
365	141	100	134	101	390	395	0.0110193	0	0.21978	2
366	267	204	264	200	391	393	0.0261708	0	0.448352	2
367	178	419	153	415	391	393	0.0564738	0	0.920879	2
368	300	270	299	267	391	392	0.0137741	0	0.593407	2
369	191	429	168	419	391	393	0.169421	0	0.942857	2
370	255	260	256	258	391	392	0.00688705	0	0.571429	1
371	259	286	258	284	391	392	0.00688705	0	0.628571	2
372	108	173	106	172	391	392	0.00413223	0	0.38022	2
373	30	57	24	57	391	395	0.00826446	0	0.125275	2
374	203	298	204	296	392	393	0.00688705	0	0.654945	1
375	246	216	236	221	392	395	0.0482094	0	0.474725	2
376	428	250	427	251	392	393	0.00275482	0	0.549451	2
377	354	286	361	285	392	393	0.0110193	0	0.628571	1
378	214	254	210	253	392	393	0.00688705	0	0.558242	2
379	161	395	151	393	392	393	0.0192837	0	0.868132	2
380	314	229	313	228	392	393	0.00275482	0	0.503297	2
381	307	250	306	250	392	393	0.00137741	0	0.549451	2
382	174	408	170	412	393	395	0.0275482	0	0.896703	2
383	241	235	234	240	393	395	0.0440771	0	0.516484	2
384	97	174	87	177	393	395	0.0261708	0	0.382418	2
385	214	265	215	268	393	394	0.0137741	0	0.582418	1
386	299	170	295	173	393	395	0.0179063	0	0.373626	2
387	258	290	255	294	393	395	0.0261708	0	0.637363	2
388	313	99	309	103	393	395	0.0275482	0	0.217582	2
389	284	190	280	194	393	395	0.0275482	0	0.417582	2
390	259	204	258	205	394	395	0.00275482	0	0.448352	2
391	125	439	124	440	394	395	0.00275482	0	0.964835	2
392	367	291	371	292	394	395	0.00688705	0	0.63956	1
393	209	295	215	297	394	395	0.0137741	0	0.648352	1
394	205	272	209	277	394	395	0.0399449	0	0.597802	1
395	123	429	119	431	394	395	0.0110193	0	0.942857	2
396	304	214	305	215	394	395	0.00275482	0	0.47033	1
397	203	257	200	258	394	395	0.00550964	0	0.564835	2
398	230	136	229	137	394	395	0.00275482	0	0.298901	2
399	824	37	823	38	394	395	0.00275482	0	0.0813187	2
400	133	59	132	61	394	395	0.00688705	0	0.12967	2
401	115	99	113	100	394	395	0.00413223	0	0.217582	2
402	273	257	278	257	394	395	0.00688705	0	0.564835	1
403	247	244	244	246	394	395	0.00964187	0	0.536264	2
404	115	59	114	60	394	395	0.00275482	0	0.12967	2