
0	398	355	398	355	112	113	0	0	0.78022	1
1	574	331	569	333	112	113	0.000730282	0	0.727473	2
2	604	229	600	228	112	113	0.000405712	0	0.503297	2
3	404	317	405	315	112	113	0.000405712	0	0.696703	1
4	386	289	387	280	112	119	0.00665368	0	0.635165	1
5	628	242	627	240	112	113	0.000405712	0	0.531868	2
6	529	420	528	420	112	113	8.11425e-05	0	0.923077	2
7	380	372	384	370	113	115	0.00064914	0	0.817582	1
8	702	106	704	105	113	115	0.000243427	0	0.232967	1
9	447	161	447	154	113	117	0.00397598	0	0.353846	1
10	369	348	369	346	114	115	0.00032457	0	0.764835	1
11	379	383	379	383	114	115	0	0	0.841758	1
12	424	254	426	248	114	117	0.00308341	0	0.558242	1
13	499	305	496	300	114	115	0.00227199	0	0.67033	2
14	596	225	589	221	114	115	0.00186628	0	0.494505	2
15	399	354	399	353	114	115	8.11425e-05	0	0.778022	1
16	406	313	407	311	114	115	0.000405712	0	0.687912	1
17	443	305	444	302	114	115	0.000811425	0	0.67033	1
18	422	277	421	267	114	119	0.00819539	0	0.608791	2
19	376	359	378	358	114	116	0.000243427	0	0.789011	1
20	418	210	418	207	114	116	0.000730282	0	0.461538	1
21	282	344	289	345	114	121	0.00064914	0	0.756044	1
22	445	275	445	274	115	116	8.11425e-05	0	0.604396	1
23	730	90	727	97	115	117	0.00421941	0	0.197802	2
24	471	243	468	230	115	119	0.0139565	0	0.534066	2
25	593	441	592	441	115	116	8.11425e-05	0	0.969231	2
26	386	320	386	319	115	116	8.11425e-05	0	0.703297	1
27	679	120	679	120	115	116	0	0	0.263736	1
28	422	241	425	231	115	119	0.00835768	0	0.52967	1
29	448	209	448	205	115	116	0.00129828	0	0.459341	1
30	414	329	416	329	115	116	0.000162285	0	0.723077	1
31	392	204	392	204	115	116	0	0	0.448352	1
32	732	111	731	114	115	116	0.000811425	0	0.243956	2
33	552	431	543	425	116	117	0.00365141	0	0.947253	2
34	582	217	564	202	116	120	0.0197176	0	0.476923	2
35	370	346	370	345	116	117	8.11425e-05	0	0.76044	1
36	531	258	525	254	116	117	0.00178513	0	0.567033	2
37	356	393	358	393	116	117	0.000162285	0	0.863736	1
38	706	106	706	104	116	118	0.00032457	0	0.232967	1
39	495	295	492	290	116	117	0.00227199	0	0.648352	2
40	436	249	436	247	116	117	0.00032457	0	0.547253	1
41	592	218	579	204	116	119	0.0169588	0	0.479121	2
42	444	165	444	163	116	117	0.00032457	0	0.362637	1
43	381	341	381	341	116	117	0	0	0.749451	1
44	449	299	451	294	116	117	0.00219085	0	0.657143	1
45	609	408	605	421	116	121	0.0140377	0	0.896703	2
46	420	307	425	304	116	118	0.00113599	0	0.674725	1
47	533	311	510	302	116	121	0.00843882	0	0.683516	2
48	678	71	677	69	116	119	0.000405712	0	0.156044	2
49	591	385	590	388	116	117	0.000811425	0	0.846154	2
50	367	316	367	316	116	117	0	0	0.694505	1
51	431	272	431	265	116	119	0.00397598	0	0.597802	1
52	575	408	576	406	116	120	0.000405712	0	0.896703	1
53	377	406	381	403	117	118	0.00105485	0	0.892308	1
54	419	262	419	257	117	119	0.00202856	0	0.575824	1
55	412	296	410	292	117	118	0.00146056	0	0.650549	2
56	439	208	439	204	117	118	0.00129828	0	0.457143	1
57	392	203	399	200	117	121	0.00129828	0	0.446154	1
58	337	51	342	52	117	121	0.000486855	0	0.112088	1
59	408	335	411	333	117	118	0.000567997	0	0.736264	1
60	741	83	746	83	117	121	0.000405712	0	0.182418	1
61	334	425	331	423	118	119	0.000567997	0	0.934066	2
62	385	382	387	382	118	119	0.000162285	0	0.83956	1
63	425	246	427	243	118	119	0.000892567	0	0.540659	1
64	511	332	503	326	118	119	0.00357027	0	0.72967	2
65	361	393	362	394	118	119	0.000162285	0	0.863736	1
66	443	159	444	157	118	119	0.000405712	0	0.349451	1
67	484	281	477	279	118	119	0.000892567	0	0.617582	2
68	591	390	589	392	118	119	0.000486855	0	0.857143	2
69	461	421	456	421	118	119	0.000405712	0	0.925275	2
70	593	257	595	261	118	121	0.00146056	0	0.564835	1
71	382	273	382	271	118	119	0.00032457	0	0.6	1
72	623	371	630	374	118	121	0.00129828	0	0.815385	1
73	578	304	580	303	118	121	0.000243427	0	0.668132	1
74	398	255	407	257	118	121	0.00105485	0	0.56044	1
75	389	237	398	238	118	121	0.000811425	0	0.520879	1
76	384	404	391	407	119	121	0.00129828	0	0.887912	1
77	595	237	595	239	119	120	0.00032457	0	0.520879	1
78	517	329	512	325	119	120	0.00170399	0	0.723077	2
79	604	254	606	255	119	120	0.000243427	0	0.558242	1
80	373	396	373	397	119	120	8.11425e-05	0	0.87033	1
81	647	171	652	173	119	121	0.000730282	0	0.375824	1
82	500	325	500	325	120	121	0	0	0.714286	1
83	415	295	421	295	120	121	0.000486855	0	0.648352	1
84	512	386	509	387	120	121	0.00032457	0	0.848352	2
85	444	157	448	159	120	121	0.00064914	0	0.345055	1
86	363	397	366	403	120	121	0.00316456	0	0.872527	1
87	576	201	574	200	120	121	0.000243427	0	0.441758	2
88	681	143	684	145	120	121	0.000567997	0	0.314286	1
89	469	231	472	233	120	121	0.000567997	0	0.507692	1
90	695	76	694	77	120	121	0.000162285	0	0.167033	2
91	604	381	606	383	120	121	0.000486855	0	0.837363	1
92	509	276	508	276	120	121	8.11425e-05	0	0.606593	2
93	589	394	590	396	120	121	0.000405712	0	0.865934	1
94	651	93	653	96	120	121	0.000892567	0	0.204396	1
95	421	257	427	258	120	121	0.000567997	0	0.564835	1
96	432	237	438	237	120	121	0.000486855	0	0.520879	1
97	688	56	688	57	120	121	8.11425e-05	0	0.123077	1
98	521	367	519	371	120	121	0.00146056	0	0.806593	2
99	499	411	483	412	120	121	0.00137942	0	0.903297	2
100	465	152	469	151	120	121	0.000405712	0	0.334066	1
101	378	295	383	295	120	121	0.000405712	0	0.648352	1
102	427	180	431	182	120	121	0.00064914	0	0.395604	1
103	478	243	481	246	120	121	0.00097371	0	0.534066	1
104	692	133	694	134	120	121	0.000243427	0	0.292308	1
105	634	277	632	276	120	121	0.000243427	0	0.608791	2
106	422	241	429	242	120	121	0.00064914	0	0.52967	1
107	536	381	533	387	120	121	0.00316456	0	0.837363	2
108	465	65	469	67	120	121	0.00064914	0	0.142857	1
109	45	43	48	45	120	121	0.000567997	0	0.0945055	1
110	597	314	585	323	122	123	0.00754625	0	0.69011	2
111	543	336	479	343	122	123	0.0091691	0	0.738462	2
112	770	380	745	386	122	123	0.00494969	0	0.835165	2
113	636	425	648	413	123	124	0.0126582	0	0.934066	1
114	656	389	632	409	123	124	0.0344044	0	0.854945	2
115	650	203	677	184	123	124	0.0314833	0	0.446154	1
116	587	347	564	340	123	124	0.00584226	0	0.762637	2
117	745	252	786	263	123	124	0.0131451	0	0.553846	1
118	694	252	699	295	123	124	0.150438	0	0.553846	1
119	567	427	576	410	123	124	0.0241805	0	0.938462	1
120	280	331	298	322	123	125	0.00803311	0	0.727473	1
121	64	42	75	27	123	125	0.0191496	0	0.0923077	1
122	600	376	635	354	123	125	0.042113	0	0.826374	1
123	671	395	730	418	123	125	0.0477118	0	0.868132	1
124	224	347	255	335	123	124	0.0141999	0	0.762637	1
125	707	269	696	294	123	124	0.0516066	0	0.591209	2
126	646	428	639	451	124	125	0.0434924	0	0.940659	2
127	697	426	666	408	124	125	0.0288056	0	0.936264	2
128	642	446	636	451	124	125	0.00251542	0	0.98022	2
129	672	315	656	276	124	125	0.124716	0	0.692308	2
130	691	354	746	309	124	125	0.168776	0	0.778022	1
131	705	192	724	202	124	125	0.00965596	0	0.421978	1
132	728	267	761	267	124	125	0.0026777	0	0.586813	1
133	706	377	712	377	124	125	0.000486855	0	0.828571	1
134	717	72	748	75	124	125	0.0032457	0	0.158242	1
135	736	283	762	266	124	125	0.0255599	0	0.621978	1
136	789	155	777	179	124	125	0.0477118	0	0.340659	2
137	747	360	732	352	124	125	0.00641026	0	0.791209	2
138	125	206	223	210	124	125	0.00925024	0	0.452747	1
139	806	287	787	270	125	126	0.0249919	0	0.630769	2
140	281	235	361	231	125	128	0.00778968	0	0.516484	1
141	235	194	276	222	125	127	0.0669426	0	0.426374	1
142	806	272	795	239	125	126	0.0892567	0	0.597802	2
143	806	72	787	70	125	126	0.00186628	0	0.158242	2
144	812	311	812	310	126	127	8.11425e-05	0	0.683516	1
145	759	433	767	433	126	127	0.00064914	0	0.951648	1
146	710	340	713	338	126	127	0.000567997	0	0.747253	1
147	782	424	793	424	126	127	0.000892567	0	0.931868	1
148	284	326	294	326	126	127	0.000811425	0	0.716484	1
149	266	346	275	346	126	127	0.000730282	0	0.76044	1
150	313	294	324	294	126	127	0.000892567	0	0.646154	1
151	809	173	818	172	126	127	0.000811425	0	0.38022	1
152	408	325	419	325	126	127	0.000892567	0	0.714286	1
153	560	350	570	350	126	127	0.000811425	0	0.769231	1
154	297	290	307	290	126	127	0.000811425	0	0.637363	1
155	394	336	403	336	126	127	0.000730282	0	0.738462	1
156	80	297	90	297	126	127	0.000811425	0	0.652747	1
157	664	340	676	340	126	127	0.00097371	0	0.747253	1
158	766	413	774	412	126	127	0.000730282	0	0.907692	1
159	162	304	172	304	126	127	0.000811425	0	0.668132	1
160	326	318	337	318	126	127	0.000892567	0	0.698901	1
161	695	454	708	454	126	127	0.00105485	0	0.997802	1
162	63	308	73	308	126	127	0.000811425	0	0.676923	1
163	145	315	154	315	126	127	0.000730282	0	0.692308	1
164	479	342	488	342	126	127	0.000730282	0	0.751648	1
165	765	443	774	443	126	127	0.000730282	0	0.973626	1
166	647	348	656	348	126	127	0.000730282	0	0.764835	1
167	312	329	321	329	126	127	0.000730282	0	0.723077	1
168	491	331	502	331	126	127	0.000892567	0	0.727473	1
169	250	306	260	306	126	127	0.000811425	0	0.672527	1
170	788	254	799	252	126	127	0.00121714	0	0.558242	1
171	359	31	368	30	126	127	0.000811425	0	0.0681319	1
172	341	187	350	187	126	127	0.000730282	0	0.410989	1
173	632	52	641	51	126	127	0.000811425	0	0.114286	1
174	291	26	300	25	126	127	0.000811425	0	0.0571429	1
175	291	301	301	301	126	127	0.000811425	0	0.661538	1
176	288	195	298	195	126	127	0.000811425	0	0.428571	1
177	345	38	355	37	126	127	0.000892567	0	0.0835165	1
178	690	64	700	63	126	127	0.000892567	0	0.140659	1
179	719	423	727	422	126	127	0.000730282	0	0.92967	1
180	565	46	574	45	126	127	0.000811425	0	0.101099	1
181	330	212	339	212	126	127	0.000730282	0	0.465934	1
182	231	313	240	313	126	127	0.000730282	0	0.687912	1
183	209	28	218	27	126	127	0.000811425	0	0.0615385	1
184	819	292	821	289	126	127	0.000892567	0	0.641758	1
185	496	41	505	40	126	127	0.000811425	0	0.0901099	1
186	304	218	313	218	126	127	0.000730282	0	0.479121	1
187	275	210	285	209	126	127	0.000892567	0	0.461538	1
188	702	57	711	56	126	127	0.000811425	0	0.125275	1
189	754	215	763	215	126	127	0.000730282	0	0.472527	1
190	316	215	325	215	126	127	0.000730282	0	0.472527	1
191	810	239	821	235	126	127	0.00219085	0	0.525275	1
192	428	40	437	39	126	127	0.000811425	0	0.0879121	1
193	825	314	825	312	126	127	0.00032457	0	0.69011	1
194	621	58	631	57	126	127	0.000892567	0	0.127473	1
195	407	47	417	46	126	127	0.000892567	0	0.103297	1
196	322	263	331	263	126	127	0.000730282	0	0.578022	1
197	734	303	743	300	126	127	0.00146056	0	0.665934	1
198	552	53	562	52	126	127	0.000892567	0	0.116484	1
199	799	180	807	179	126	127	0.000730282	0	0.395604	1
200	278	32	288	31	126	127	0.000892567	0	0.0703297	1
201	754	74	764	73	126	127	0.000892567	0	0.162637	1
202	757	234	767	237	126	127	0.00154171	0	0.514286	1
203	301	188	311	188	126	127	0.000811425	0	0.413187	1
204	55	165	75	173	128	129	0.00681597	0	0.362637	1
205	363	298	457	308	128	130	0.0157416	0	0.654945	1
206	379	37	338	38	128	130	0.00340798	0	0.0813187	2
207	311	32	269	33	128	130	0.00348913	0	0.0703297	2
208	243	27	220	25	128	129	0.00219085	0	0.0593407	2
209	434	337	528	350	128	130	0.0213405	0	0.740659	1
210	585	53	560	53	128	129	0.00202856	0	0.116484	2
211	655	58	612	61	128	130	0.00421941	0	0.127473	2
212	212	307	143	301	128	130	0.00851996	0	0.674725	2
213	677	54	637	57	128	130	0.00397598	0	0.118681	2
214	378	191	399	227	128	129	0.106865	0	0.41978	1
215	402	34	366	35	128	130	0.00300227	0	0.0747253	2
216	334	28	299	28	128	130	0.00283999	0	0.0615385	2
217	684	351	779	365	128	130	0.0236125	0	0.771429	1
218	184	316	279	326	128	130	0.0158228	0	0.694505	1
219	379	321	427	329	128	129	0.00908796	0	0.705495	1
220	101	309	196	319	128	130	0.0158228	0	0.679121	1
221	516	48	560	54	128	129	0.0064914	0	0.105495	1
222	724	64	680	67	128	130	0.00430055	0	0.140659	2
223	602	351	696	365	128	130	0.0235313	0	0.771429	1
224	318	201	427	202	128	132	0.00892567	0	0.441758	1
225	742	334	784	353	128	130	0.0327004	0	0.734066	1
226	764	373	779	348	128	129	0.0519312	0	0.81978	1
227	307	228	404	242	128	130	0.0237747	0	0.501099	1
228	607	49	586	51	128	129	0.00202856	0	0.107692	2
229	518	345	612	358	128	130	0.0213405	0	0.758242	1
230	543	335	467	332	128	130	0.00689711	0	0.736264	2
231	746	60	706	63	128	130	0.00397598	0	0.131868	2
232	268	316	363	327	128	130	0.0175268	0	0.694505	1
233	291	246	386	258	128	130	0.0193931	0	0.540659	1
234	627	343	554	339	128	130	0.00722168	0	0.753846	2
235	690	341	785	355	128	130	0.0236125	0	0.749451	1
236	770	383	795	358	128	129	0.0527426	0	0.841758	1
237	66	307	115	312	129	130	0.00600454	0	0.674725	1
238	422	42	405	44	129	130	0.00170399	0	0.0923077	2
239	261	315	226	309	129	130	0.00576112	0	0.692308	2
240	818	314	782	352	129	130	0.120091	0	0.69011	2
241	795	69	775	69	129	130	0.00162285	0	0.151648	2
242	397	330	445	335	129	130	0.0059234	0	0.725275	1
243	99	299	70	279	129	136	0.0348101	0	0.657143	2
244	451	41	433	40	129	130	0.00154171	0	0.0901099	2
245	485	333	533	338	129	130	0.0059234	0	0.731868	1
246	770	71	750	73	129	130	0.00194742	0	0.156044	2
247	421	218	441	256	129	130	0.118793	0	0.479121	1
248	676	353	637	347	129	130	0.00608569	0	0.775824	2
249	237	310	286	315	129	130	0.00600454	0	0.681319	1
250	418	342	461	345	129	130	0.00421941	0	0.751648	1
251	397	185	407	211	129	130	0.0556637	0	0.406593	1
252	155	303	204	308	129	130	0.00600454	0	0.665934	1
253	396	312	439	316	129	130	0.00478741	0	0.685714	1
254	396	318	403	305	130	134	0.0142811	0	0.698901	1
255	195	33	223	30	130	131	0.00300227	0	0.0725275	1
256	446	277	460	264	130	134	0.0148491	0	0.608791	1
257	719	355	727	348	130	131	0.00462512	0	0.78022	1
258	422	363	432	357	130	131	0.00373255	0	0.797802	1
259	760	358	773	347	130	135	0.0108731	0	0.786813	1
260	525	57	546	47	130	142	0.00981824	0	0.125275	1
261	442	310	431	301	131	136	0.00746511	0	0.681319	2
262	445	333	443	329	131	142	0.00146056	0	0.731868	2
263	515	41	519	38	131	143	0.00105485	0	0.0901099	1
264	439	42	440	39	131	143	0.000811425	0	0.0923077	1
265	453	256	449	249	131	134	0.00430055	0	0.562637	2
266	233	303	231	298	131	142	0.00219085	0	0.665934	2
267	720	58	724	56	131	143	0.00064914	0	0.127473	1
268	789	64	794	62	131	143	0.000730282	0	0.140659	1
269	653	52	648	45	131	142	0.00438169	0	0.114286	2
270	371	36	364	26	131	132	0.00868225	0	0.0791209	2
271	464	303	462	298	131	142	0.00219085	0	0.665934	2
272	435	333	434	330	131	142	0.000811425	0	0.731868	2
273	419	350	417	346	131	142	0.00146056	0	0.769231	2
274	643	59	645	57	131	143	0.000486855	0	0.12967	1
275	449	35	442	24	131	132	0.0103862	0	0.0769231	2
276	153	295	151	290	131	142	0.00219085	0	0.648352	2
277	559	334	557	329	131	142	0.00219085	0	0.734066	2
278	476	273	473	268	131	142	0.00227199	0	0.6	2
279	505	48	506	45	131	143	0.000811425	0	0.105495	1
280	313	311	311	306	131	142	0.00219085	0	0.683516	2
281	546	345	543	342	131	142	0.00097371	0	0.758242	2
282	466	243	460	233	131	132	0.0086011	0	0.534066	2
283	485	224	480	218	131	142	0.00332684	0	0.492308	2
284	52	299	58	299	131	143	0.000486855	0	0.657143	1
285	136	306	142	306	131	143	0.000486855	0	0.672527	1
286	795	359	793	353	131	134	0.00308341	0	0.789011	2
287	587	51	592	49	131	143	0.000730282	0	0.112088	1
288	412	266	410	262	131	142	0.00146056	0	0.584615	2
289	216	314	222	314	131	143	0.000486855	0	0.69011	1
290	566	57	568	54	131	143	0.000892567	0	0.125275	1
291	475	326	473	322	131	142	0.00146056	0	0.716484	2
292	713	360	710	356	131	142	0.00154171	0	0.791209	2
293	298	322	294	318	131	142	0.00162285	0	0.707692	2
294	433	284	427	274	131	132	0.0086011	0	0.624176	2
295	414	297	411	292	131	142	0.00227199	0	0.652747	2
296	381	321	379	317	131	142	0.00146056	0	0.705495	2
297	463	337	460	334	131	142	0.00097371	0	0.740659	2
298	641	341	639	336	131	142	0.00219085	0	0.749451	2
299	443	257	436	247	131	132	0.00868225	0	0.564835	2
300	779	70	781	67	131	143	0.000892567	0	0.153846	1
301	365	315	361	311	131	142	0.00162285	0	0.692308	2
302	710	65	711	62	131	143	0.000811425	0	0.142857	1
303	459	230	455	224	131	142	0.0032457	0	0.505495	2
304	464	253	458	243	131	132	0.0086011	0	0.556044	2
305	492	212	484	202	131	138	0.00876339	0	0.465934	2
306	599	56	594	49	131	142	0.00438169	0	0.123077	2
307	417	322	415	318	131	142	0.00146056	0	0.707692	2
308	439	226	438	217	131	141	0.00665368	0	0.496703	2
309	459	204	453	193	131	132	0.0103051	0	0.448352	2
310	423	285	420	277	131	134	0.00543655	0	0.626374	2
311	549	332	547	328	131	142	0.00146056	0	0.72967	2
312	430	309	422	298	131	137	0.0104674	0	0.679121	2
313	223	301	230	301	131	143	0.000567997	0	0.661538	1
314	717	347	713	336	131	132	0.0101428	0	0.762637	2
315	798	349	795	337	131	133	0.0119279	0	0.767033	2
316	453	309	446	300	131	136	0.00714054	0	0.679121	2
317	141	295	147	295	131	143	0.000486855	0	0.648352	1
318	811	362	803	360	131	133	0.00097371	0	0.795604	2
319	397	322	409	323	131	143	0.00105485	0	0.707692	1
320	430	274	426	268	131	134	0.0032457	0	0.602198	2
321	445	289	440	280	131	132	0.00697825	0	0.635165	2
322	408	251	416	250	131	143	0.000730282	0	0.551648	1
323	479	234	474	221	131	133	0.0141188	0	0.514286	2
324	442	359	440	355	131	142	0.00146056	0	0.789011	2
325	625	343	626	349	132	142	0.00300227	0	0.753846	1
326	463	214	465	218	132	142	0.00146056	0	0.47033	1
327	483	183	480	180	132	137	0.00097371	0	0.402198	2
328	457	204	458	201	132	133	0.000811425	0	0.448352	1
329	500	191	501	194	132	142	0.000811425	0	0.41978	1
330	449	180	456	185	132	142	0.00259656	0	0.395604	1
331	493	179	490	176	132	137	0.00097371	0	0.393407	2
332	723	337	721	343	132	140	0.00308341	0	0.740659	2
333	443	196	447	200	132	140	0.00162285	0	0.430769	1
334	424	227	427	227	132	134	0.000243427	0	0.498901	1
335	416	325	414	329	132	141	0.00146056	0	0.714286	2
336	470	235	469	237	132	141	0.000405712	0	0.516484	2
337	459	182	464	183	132	134	0.000486855	0	0.4	1
338	468	204	469	201	132	133	0.000811425	0	0.448352	1
339	420	238	418	242	132	141	0.00146056	0	0.523077	2
340	483	173	485	177	132	142	0.00146056	0	0.38022	1
341	712	57	724	65	132	143	0.00616683	0	0.125275	1
342	442	235	443	240	132	142	0.0021097	0	0.516484	1
343	383	301	394	310	132	143	0.00746511	0	0.661538	1
344	428	272	428	279	133	135	0.00397598	0	0.597802	1
345	438	250	435	255	133	141	0.00227199	0	0.549451	2
346	461	229	458	234	133	141	0.00227199	0	0.503297	2
347	448	284	449	288	133	134	0.00137942	0	0.624176	1
348	365	24	372	35	133	143	0.0103862	0	0.0527473	1
349	437	260	435	268	133	140	0.0053554	0	0.571429	2
350	461	242	457	243	133	137	0.000405712	0	0.531868	2
351	817	357	810	365	133	134	0.00576112	0	0.784615	2
352	431	240	444	254	133	143	0.0169588	0	0.527473	1
353	456	191	457	196	133	141	0.0021097	0	0.41978	1
354	824	393	806	413	133	135	0.0339176	0	0.863736	2
355	429	198	437	208	133	143	0.00876339	0	0.435165	1
356	713	336	709	336	133	137	0.00032457	0	0.738462	2
357	811	337	803	344	133	134	0.00462512	0	0.740659	2
358	448	206	451	211	133	135	0.00227199	0	0.452747	1
359	443	24	443	30	133	142	0.00292113	0	0.0527473	1
360	58	290	59	297	133	142	0.00405712	0	0.637363	1
361	488	194	487	196	134	142	0.000405712	0	0.426374	2
362	298	24	296	24	134	136	0.000162285	0	0.0527473	2
363	827	380	795	384	134	137	0.00389484	0	0.835165	2
364	478	227	474	226	134	141	0.000405712	0	0.498901	2
365	473	206	468	205	134	138	0.000486855	0	0.452747	2
366	448	292	444	288	135	136	0.00162285	0	0.641758	2
367	800	369	787	365	135	136	0.00235313	0	0.810989	2
368	449	251	448	251	135	142	8.11425e-05	0	0.551648	2
369	464	266	459	259	135	137	0.00438169	0	0.584615	2
370	468	184	464	183	135	141	0.000405712	0	0.404396	2
371	428	229	427	229	135	142	8.11425e-05	0	0.503297	2
372	787	355	776	350	135	136	0.00292113	0	0.78022	2
373	403	307	403	307	135	142	0	0	0.674725	1
374	462	208	456	201	135	137	0.00446284	0	0.457143	2
375	816	449	813	452	136	138	0.00097371	0	0.986813	2
376	806	455	803	453	136	137	0.000567997	0	1	2
377	424	275	421	272	136	137	0.00097371	0	0.604396	2
378	798	329	731	329	136	142	0.00543655	0	0.723077	2
379	777	365	728	361	137	142	0.00527426	0	0.802198	2
380	64	277	69	283	137	142	0.00332684	0	0.608791	1
381	766	345	745	352	137	139	0.00567997	0	0.758242	2
382	442	283	443	288	137	141	0.0021097	0	0.621978	1
383	432	303	431	307	137	138	0.00137942	0	0.665934	2
384	441	302	442	306	138	139	0.00137942	0	0.663736	1
385	421	277	421	277	138	141	0	0	0.608791	1
386	454	206	457	208	138	142	0.000567997	0	0.452747	1
387	802	352	802	356	138	139	0.00129828	0	0.773626	1
388	811	422	801	441	138	139	0.0301039	0	0.927473	2
389	456	262	457	267	138	139	0.0021097	0	0.575824	1
390	808	339	808	344	138	139	0.00202856	0	0.745055	1
391	293	24	303	31	138	143	0.00478741	0	0.0527473	1
392	428	308	431	306	139	142	0.000567997	0	0.676923	1
393	815	455	812	450	139	140	0.00227199	0	1	2
394	754	394	722	386	139	143	0.00778968	0	0.865934	2
395	748	404	735	398	139	140	0.00397598	0	0.887912	2
396	375	25	374	24	139	140	0.000162285	0	0.0549451	2
397	798	343	795	344	139	140	0.00032457	0	0.753846	2
398	493	186	495	184	139	142	0.000486855	0	0.408791	1
399	468	211	470	208	139	142	0.000892567	0	0.463736	1
400	486	209	488	206	139	142	0.000892567	0	0.459341	1
401	442	304	446	304	140	142	0.00032457	0	0.668132	1
402	827	454	822	444	140	141	0.00851996	0	0.997802	2
403	827	354	826	351	140	141	0.000811425	0	0.778022	2
404	761	385	739	388	140	143	0.00251542	0	0.846154	2
405	458	266	471	269	140	143	0.00178513	0	0.584615	1
406	771	337	750	343	140	143	0.00462512	0	0.740659	2
407	809	346	812	348	141	142	0.000567997	0	0.76044	1
408	445	196	448	197	141	142	0.00032457	0	0.430769	1
409	468	186	476	190	142	143	0.00194742	0	0.408791	1
410	818	434	815	428	142	143	0.00316456	0	0.953846	2
411	750	411	748	421	142	143	0.00827653	0	0.903297	2
412	732	333	766	334	143	144	0.00283999	0	0.731868	1
413	470	338	478	334	143	144	0.00194742	0	0.742857	1
414	800	424	798	421	143	144	0.000892567	0	0.931868	2
415	557	50	641	49	143	145	0.00689711	0	0.10989	1
416	786	353	823	354	143	144	0.00308341	0	0.775824	1
417	718	367	734	345	143	144	0.0405712	0	0.806593	1
418	372	315	406	315	143	144	0.00275884	0	0.692308	1
419	736	398	777	392	144	145	0.00624797	0	0.874725	1
420	533	46	510	35	144	146	0.0116845	0	0.101099	2
421	372	311	328	292	144	147	0.0328627	0	0.683516	2
422	465	40	443	27	144	146	0.0154982	0	0.0879121	2
423	175	306	210	298	144	146	0.00803311	0	0.672527	1
424	337	322	435	301	144	150	0.0437358	0	0.707692	1
425	397	35	383	26	144	145	0.00770854	0	0.0769231	2
426	288	303	250	290	144	146	0.0167965	0	0.665934	2
427	208	295	184	285	144	145	0.0100617	0	0.648352	2
428	256	314	293	306	144	146	0.00819539	0	0.69011	1
429	811	69	788	58	144	146	0.0116845	0	0.151648	2
430	765	59	753	52	144	145	0.00494969	0	0.12967	2
431	701	342	676	334	144	145	0.00722168	0	0.751648	2
432	561	41	558	30	144	147	0.0100617	0	0.0901099	2
433	464	235	810	246	144	150	0.0378935	0	0.516484	1
434	361	322	316	300	144	147	0.0429244	0	0.707692	2
435	494	35	482	26	144	146	0.00754625	0	0.0769231	2
436	536	211	572	234	144	145	0.0458455	0	0.463736	1
437	477	310	461	314	144	145	0.00259656	0	0.681319	2
438	474	232	592	233	144	146	0.00965596	0	0.50989	1
439	445	257	563	256	144	146	0.00965596	0	0.564835	1
440	423	322	479	320	144	145	0.00486855	0	0.707692	1
441	457	246	573	248	144	146	0.0097371	0	0.540659	1
442	805	431	796	426	144	145	0.00275884	0	0.947253	2
443	480	206	596	209	144	146	0.0101428	0	0.452747	1
444	600	48	714	50	144	146	0.00957481	0	0.105495	1
445	757	372	801	373	144	145	0.00365141	0	0.817582	1
446	579	303	720	313	145	147	0.0195553	0	0.665934	1
447	759	343	742	341	145	146	0.00170399	0	0.753846	2
448	824	58	819	58	145	146	0.000405712	0	0.127473	2
449	428	310	385	291	145	148	0.0327816	0	0.681319	2
450	619	40	622	30	145	148	0.00835768	0	0.0879121	1
451	586	44	587	34	145	148	0.00819539	0	0.0967033	1
452	311	24	371	26	145	146	0.00519312	0	0.0527473	1
453	596	210	640	239	145	146	0.0718111	0	0.461538	1
454	650	333	630	332	145	146	0.00170399	0	0.731868	2
455	28	151	341	149	145	150	0.0257222	0	0.331868	1
456	51	281	83	266	146	149	0.0208536	0	0.617582	1
457	648	47	655	41	146	148	0.00348913	0	0.103297	1
458	684	46	690	37	146	148	0.0070594	0	0.101099	1
459	791	359	782	354	146	147	0.00275884	0	0.789011	2
460	710	60	784	66	146	147	0.00892567	0	0.131868	1
461	498	315	433	291	146	149	0.0520123	0	0.692308	2
462	457	324	480	311	146	149	0.0155794	0	0.712088	1
463	70	176	160	166	146	147	0.0154171	0	0.386813	1
464	705	350	669	342	146	147	0.00811425	0	0.769231	2
465	91	273	40	246	146	149	0.0632911	0	0.6	2
466	57	270	91	254	146	149	0.0235313	0	0.593407	1
467	488	328	423	303	146	149	0.0559883	0	0.720879	2
468	88	161	292	158	146	149	0.0172833	0	0.353846	1
469	582	215	773	223	146	149	0.0206913	0	0.472527	1
470	795	348	790	344	146	147	0.00170399	0	0.764835	2
471	82	284	58	266	146	148	0.0282376	0	0.624176	2
472	819	345	791	338	147	148	0.00624797	0	0.758242	2
473	571	318	511	301	147	149	0.0283187	0	0.698901	2
474	668	241	782	244	147	149	0.00998053	0	0.52967	1
475	763	50	707	31	147	150	0.0338364	0	0.10989	2
476	721	53	707	44	147	149	0.00770854	0	0.116484	2
477	123	284	195	274	147	150	0.0139565	0	0.624176	1
478	168	273	117	254	147	149	0.0334307	0	0.6	2
479	671	229	711	265	147	148	0.108406	0	0.503297	1
480	530	329	597	321	147	150	0.0106297	0	0.723077	1
481	151	180	322	178	147	150	0.0141999	0	0.395604	1
482	682	207	685	318	147	150	1	0	0.454945	1
483	640	258	793	261	147	150	0.0131451	0	0.567033	1
484	811	357	784	348	147	148	0.00876339	0	0.784615	2
485	668	214	823	216	147	150	0.0129017	0	0.47033	1
486	191	278	273	283	147	150	0.00868225	0	0.610989	1
487	147	234	308	230	147	150	0.0143622	0	0.514286	1
488	650	253	768	255	147	149	0.00989938	0	0.556044	1
489	650	289	712	287	147	148	0.0053554	0	0.635165	1
490	564	330	454	302	147	150	0.0725414	0	0.725275	2
491	779	314	823	316	148	149	0.00389484	0	0.69011	1
492	275	284	360	284	148	150	0.00689711	0	0.624176	1
493	748	307	760	325	148	149	0.0272639	0	0.674725	1
494	628	319	592	310	148	149	0.00949367	0	0.701099	2
495	794	54	778	50	148	149	0.00259656	0	0.118681	2
496	620	331	584	322	148	149	0.00949367	0	0.727473	2
497	521	308	569	309	148	149	0.00397598	0	0.676923	1
498	223	273	192	264	148	149	0.00908796	0	0.6	2
499	140	265	102	257	148	149	0.00827653	0	0.582418	2
500	738	230	785	233	148	149	0.00454398	0	0.505495	1
501	750	208	685	318	148	150	0.987098	0	0.457143	2
502	596	330	642	332	148	149	0.00405712	0	0.725275	1
503	215	284	183	274	148	149	0.0107108	0	0.624176	2
504	677	331	763	332	148	150	0.0070594	0	0.727473	1
505	259	277	274	283	148	150	0.00413827	0	0.608791	1
506	761	271	806	273	148	149	0.00397598	0	0.595604	1
507	359	290	407	291	148	149	0.00397598	0	0.637363	1
508	771	259	815	261	148	149	0.00389484	0	0.569231	1
509	767	365	802	363	149	150	0.00316456	0	0.802198	1
510	672	321	622	309	149	150	0.0157416	0	0.705495	2
511	508	24	548	24	149	150	0.0032457	0	0.0527473	1
512	357	278	388	276	149	150	0.00283999	0	0.610989	1
513	780	345	803	345	149	150	0.00186628	0	0.758242	1
514	641	37	682	36	149	150	0.00340798	0	0.0813187	1
515	566	35	607	34	149	150	0.00340798	0	0.0769231	1
516	323	178	149	252	149	150	0.458455	0	0.391209	2
517	325	150	140	255	149	150	0.909607	0	0.32967	2
518	790	275	816	276	149	150	0.00219085	0	0.604396	1
519	375	283	406	281	149	150	0.00283999	0	0.621978	1
520	576	30	616	29	149	150	0.00332684	0	0.0659341	1
521	408	301	440	300	149	150	0.0026777	0	0.661538	1
522	317	205	354	204	149	150	0.00308341	0	0.450549	1
523	713	326	749	325	149	150	0.00300227	0	0.716484	1
524	294	201	333	197	149	150	0.00446284	0	0.441758	1