
0	521	181	519	178	162	163	0.00162122	0	0.397802	2
1	496	232	493	229	162	163	0.00176861	0	0.50989	2
2	403	195	403	194	162	163	0.000147384	0	0.428571	1
3	495	193	503	182	162	166	0.0190125	0	0.424176	1
4	436	107	435	102	162	164	0.00383198	0	0.235165	2
5	531	329	532	329	162	164	0.000147384	0	0.723077	1
6	532	308	533	307	162	164	0.000294768	0	0.676923	1
7	437	181	440	175	162	164	0.00574797	0	0.397802	1
8	484	272	485	270	162	164	0.00073692	0	0.597802	1
9	501	264	501	263	162	163	0.000147384	0	0.58022	1
10	422	214	424	212	162	163	0.000884304	0	0.47033	1
11	343	295	341	297	163	164	0.000884304	0	0.648352	2
12	421	200	422	197	163	164	0.00147384	0	0.43956	1
13	432	168	432	164	163	164	0.00235814	0	0.369231	1
14	91	153	90	153	163	164	0.000147384	0	0.336264	2
15	83	172	83	171	163	164	0.000147384	0	0.378022	1
16	434	128	434	124	163	165	0.00235814	0	0.281319	1
17	354	239	353	236	163	164	0.00147384	0	0.525275	2
18	168	245	169	244	163	166	0.000294768	0	0.538462	1
19	639	41	639	40	163	166	0.000147384	0	0.0901099	1
20	281	77	281	77	164	165	0	0	0.169231	1
21	418	121	416	120	164	165	0.000442152	0	0.265934	2
22	780	281	779	280	164	166	0.000294768	0	0.617582	2
23	552	206	553	205	164	166	0.000294768	0	0.452747	1
24	338	302	337	302	165	166	0.000147384	0	0.663736	2
25	433	109	433	108	165	166	0.000147384	0	0.23956	1
26	324	320	324	320	165	166	0	0	0.703297	1
27	360	290	357	290	165	166	0.000442152	0	0.637363	2
28	501	208	499	205	165	166	0.00162122	0	0.457143	2
29	444	144	447	141	165	166	0.00176861	0	0.316484	1
30	300	140	301	140	165	166	0.000147384	0	0.307692	1
31	491	323	491	321	165	166	0.000589536	0	0.70989	1
32	431	178	432	175	165	166	0.00147384	0	0.391209	1
33	762	165	761	165	165	166	0.000147384	0	0.362637	2
34	492	254	487	251	165	166	0.00206338	0	0.558242	2
35	487	335	487	333	165	166	0.000589536	0	0.736264	1
36	381	250	381	249	165	166	0.000147384	0	0.549451	1
37	569	291	555	289	165	166	0.00265291	0	0.63956	2
38	496	289	496	287	165	166	0.000589536	0	0.635165	1
39	114	171	114	170	165	166	0.000147384	0	0.375824	1
40	191	445	194	444	165	166	0.000589536	0	0.978022	1
41	428	200	430	197	165	166	0.00162122	0	0.43956	1
42	478	209	475	206	165	166	0.00176861	0	0.459341	2
43	530	123	535	117	165	167	0.00604274	0	0.27033	1
44	513	201	513	199	165	166	0.000589536	0	0.441758	1
45	533	307	532	305	165	166	0.00073692	0	0.674725	2
46	391	149	392	150	165	166	0.000294768	0	0.327473	1
47	505	312	505	312	165	166	0	0	0.685714	1
48	419	40	420	39	165	166	0.000294768	0	0.0879121	1
49	400	162	401	162	165	166	0.000147384	0	0.356044	1
50	426	166	429	162	165	166	0.00280029	0	0.364835	1
51	409	175	410	172	165	166	0.00147384	0	0.384615	1
52	86	247	86	246	165	166	0.000147384	0	0.542857	1
53	270	77	270	76	165	166	0.000147384	0	0.169231	1
54	417	150	417	150	165	166	0	0	0.32967	1
55	167	71	167	70	165	166	0.000147384	0	0.156044	1
56	108	138	108	137	165	166	0.000147384	0	0.303297	1
57	87	205	88	204	165	166	0.000294768	0	0.450549	1
58	783	291	783	290	165	166	0.000147384	0	0.63956	1
59	391	238	392	238	165	166	0.000147384	0	0.523077	1
60	241	135	240	135	165	166	0.000147384	0	0.296703	2
61	542	340	546	339	167	168	0.00073692	0	0.747253	1
62	343	304	373	304	167	169	0.00442152	0	0.668132	1
63	87	244	117	241	167	169	0.00574797	0	0.536264	1
64	485	319	495	317	167	168	0.00206338	0	0.701099	1
65	484	329	509	324	167	169	0.0073692	0	0.723077	1
66	439	174	449	171	167	168	0.00280029	0	0.382418	1
67	275	77	284	75	167	168	0.00191599	0	0.169231	1
68	763	166	789	168	167	169	0.00442152	0	0.364835	1
69	300	251	483	250	167	179	0.0271186	0	0.551648	1
70	124	79	151	76	167	169	0.00530582	0	0.173626	1
71	301	140	327	138	167	169	0.00442152	0	0.307692	1
72	192	74	219	72	167	169	0.0045689	0	0.162637	1
73	718	263	747	263	167	169	0.00427413	0	0.578022	1
74	155	252	269	248	167	173	0.0191599	0	0.553846	1
75	332	303	386	304	167	170	0.00810612	0	0.665934	1
76	252	84	279	82	167	169	0.0045689	0	0.184615	1
77	467	263	516	255	167	170	0.0166544	0	0.578022	1
78	510	118	676	94	167	187	0.109359	0	0.259341	1
79	788	288	816	287	167	169	0.00427413	0	0.632967	1
80	559	189	588	187	167	169	0.00486367	0	0.415385	1
81	798	272	826	273	167	169	0.00427413	0	0.597802	1
82	391	231	422	231	167	169	0.0045689	0	0.507692	1
83	784	220	814	221	167	169	0.0045689	0	0.483516	1
84	170	71	197	69	167	169	0.0045689	0	0.156044	1
85	776	285	804	285	167	169	0.00412675	0	0.626374	1
86	729	263	758	264	167	169	0.00442152	0	0.578022	1
87	450	252	460	250	167	168	0.00206338	0	0.553846	1
88	32	236	60	233	167	169	0.00545321	0	0.518681	1
89	228	249	281	247	167	170	0.00840088	0	0.547253	1
90	647	260	675	260	167	169	0.00412675	0	0.571429	1
91	772	96	800	96	167	169	0.00412675	0	0.210989	1
92	792	97	801	97	167	168	0.00132646	0	0.213187	1
93	788	266	817	267	167	169	0.00442152	0	0.584615	1
94	779	236	807	237	167	169	0.00427413	0	0.518681	1
95	242	244	270	242	167	169	0.00471629	0	0.536264	1
96	122	122	133	121	167	168	0.00176861	0	0.268132	1
97	207	74	216	72	167	168	0.00191599	0	0.162637	1
98	436	162	449	161	167	168	0.00206338	0	0.356044	1
99	578	257	589	256	167	168	0.00176861	0	0.564835	1
100	588	263	598	262	167	168	0.00162122	0	0.578022	1
101	117	253	175	251	167	170	0.0091378	0	0.556044	1
102	500	205	523	202	167	169	0.00471629	0	0.450549	1
103	547	322	551	321	167	168	0.00073692	0	0.707692	1
104	494	166	679	165	167	176	0.0274134	0	0.364835	1
105	185	84	212	82	167	169	0.0045689	0	0.184615	1
106	719	149	811	146	167	172	0.0148858	0	0.327473	1
107	434	46	486	45	167	170	0.00781135	0	0.101099	1
108	358	289	371	288	167	168	0.00206338	0	0.635165	1
109	311	247	339	245	167	169	0.00471629	0	0.542857	1
110	439	252	468	251	167	169	0.00442152	0	0.553846	1
111	194	405	232	404	167	169	0.00574797	0	0.89011	1
112	474	206	497	203	167	169	0.00471629	0	0.452747	1
113	454	167	514	159	167	170	0.0182756	0	0.367033	1
114	204	404	220	403	167	168	0.00250553	0	0.887912	1
115	414	204	426	205	167	168	0.00191599	0	0.448352	1
116	512	318	524	315	167	168	0.00309506	0	0.698901	1
117	765	285	795	286	167	169	0.0045689	0	0.626374	1
118	658	260	686	260	167	169	0.00412675	0	0.571429	1
119	520	105	569	96	167	170	0.0191599	0	0.230769	1
120	422	221	434	220	167	168	0.00191599	0	0.485714	1
121	119	216	149	213	167	169	0.00574797	0	0.474725	1
122	752	172	779	174	167	169	0.0045689	0	0.378022	1
123	175	243	203	240	167	169	0.00545321	0	0.534066	1
124	523	316	530	314	167	168	0.00162122	0	0.694505	1
125	482	216	525	212	167	170	0.00869565	0	0.474725	1
126	100	239	128	236	167	169	0.00545321	0	0.525275	1
127	165	180	175	178	167	168	0.00206338	0	0.395604	1
128	343	287	353	288	167	168	0.00162122	0	0.630769	1
129	98	249	109	247	167	168	0.00221076	0	0.547253	1
130	366	260	378	259	167	168	0.00191599	0	0.571429	1
131	503	229	541	226	167	170	0.00692704	0	0.503297	1
132	552	337	564	336	167	169	0.00191599	0	0.740659	1
133	755	209	802	210	167	170	0.00707443	0	0.459341	1
134	755	193	783	195	167	169	0.00471629	0	0.424176	1
135	539	155	547	152	167	168	0.00250553	0	0.340659	1
136	518	140	546	135	167	169	0.00781135	0	0.307692	1
137	116	139	124	136	167	168	0.00250553	0	0.305495	1
138	750	183	803	187	167	170	0.0101695	0	0.402198	1
139	527	198	560	197	167	169	0.00501105	0	0.435165	1
140	494	237	507	236	168	169	0.00206338	0	0.520879	1
141	281	85	300	84	168	169	0.00294768	0	0.186813	1
142	31	239	74	237	168	170	0.00692704	0	0.525275	1
143	566	323	611	323	168	170	0.00663228	0	0.70989	1
144	506	175	553	172	168	170	0.0082535	0	0.384615	1
145	543	114	560	112	168	169	0.00309506	0	0.250549	1
146	525	159	565	157	168	170	0.00648489	0	0.349451	1
147	766	96	807	96	168	170	0.00604274	0	0.210989	1
148	440	115	458	115	168	169	0.00265291	0	0.252747	1
149	511	314	534	313	169	170	0.00353721	0	0.69011	1
150	574	315	600	314	169	170	0.00397937	0	0.692308	1
151	448	197	449	231	169	170	0.170523	0	0.432967	1
152	470	177	497	175	169	170	0.0045689	0	0.389011	1
153	552	317	568	319	169	170	0.00294768	0	0.696703	1
154	161	160	187	161	169	170	0.00397937	0	0.351648	1
155	457	232	486	231	169	170	0.00442152	0	0.50989	1
156	438	186	463	187	169	170	0.00383198	0	0.408791	1
157	791	250	814	250	169	170	0.00338983	0	0.549451	1
158	247	436	277	435	169	170	0.0045689	0	0.958242	1
159	564	321	579	322	169	170	0.00235814	0	0.705495	1
160	87	233	78	227	170	173	0.00663228	0	0.512088	2
161	522	195	562	194	170	172	0.00604274	0	0.428571	1
162	539	246	563	245	170	171	0.0036846	0	0.540659	1
163	421	230	451	231	170	171	0.0045689	0	0.505495	1
164	555	317	615	320	170	173	0.0101695	0	0.696703	1
165	599	455	656	454	170	173	0.00854827	0	1	1
166	550	291	575	287	170	171	0.00604274	0	0.63956	1
167	422	305	437	305	171	172	0.00221076	0	0.67033	1
168	622	313	649	311	171	173	0.0045689	0	0.687912	1
169	246	81	263	80	171	172	0.00265291	0	0.178022	1
170	320	241	355	240	171	173	0.00530582	0	0.52967	1
171	334	72	351	71	171	172	0.00265291	0	0.158242	1
172	616	329	647	327	171	173	0.00515844	0	0.723077	1
173	428	284	442	284	171	172	0.00206338	0	0.624176	1
174	310	248	412	248	171	179	0.0150332	0	0.545055	1
175	806	264	821	264	171	172	0.00221076	0	0.58022	1
176	665	257	778	260	171	182	0.0179808	0	0.564835	1
177	635	322	664	318	171	173	0.00663228	0	0.707692	1
178	230	82	343	88	171	200	0.0219602	0	0.18022	1
179	271	71	287	70	171	172	0.00250553	0	0.156044	1
180	591	179	609	178	171	172	0.00280029	0	0.393407	1
181	102	238	209	244	171	200	0.0210759	0	0.523077	1
182	301	416	319	416	171	172	0.00265291	0	0.914286	1
183	112	231	151	233	171	200	0.00633751	0	0.507692	1
184	590	325	622	327	171	173	0.00530582	0	0.714286	1
185	349	85	383	84	171	173	0.00515844	0	0.186813	1
186	380	139	465	139	171	176	0.0125276	0	0.305495	1
187	250	70	285	69	171	173	0.00530582	0	0.153846	1
188	252	241	368	242	171	183	0.0172439	0	0.52967	1
189	353	74	387	73	171	173	0.00515844	0	0.162637	1
190	641	186	670	182	171	173	0.00663228	0	0.408791	1
191	502	161	520	160	171	172	0.00280029	0	0.353846	1
192	592	115	606	111	171	172	0.00442152	0	0.252747	1
193	552	136	572	135	171	172	0.00309506	0	0.298901	1
194	603	257	615	257	171	172	0.00176861	0	0.564835	1
195	540	142	560	140	171	172	0.00353721	0	0.312088	1
196	730	266	823	267	171	177	0.0138541	0	0.584615	1
197	332	82	365	81	171	173	0.00501105	0	0.18022	1
198	190	170	275	166	171	176	0.0148858	0	0.373626	1
199	303	426	347	426	171	173	0.00648489	0	0.936264	1
200	638	198	655	196	171	172	0.00309506	0	0.435165	1
201	553	211	601	209	171	174	0.00766396	0	0.463736	1
202	587	220	615	224	171	173	0.00648489	0	0.483516	1
203	641	270	748	273	171	179	0.0170965	0	0.593407	1
204	201	254	267	254	171	175	0.00972734	0	0.558242	1
205	568	202	631	206	171	175	0.0116433	0	0.443956	1
206	555	275	585	269	171	173	0.00972734	0	0.604396	1
207	473	285	456	292	171	172	0.00972734	0	0.626374	2
208	391	244	428	248	171	200	0.00781135	0	0.536264	1
209	640	255	753	260	171	179	0.020339	0	0.56044	1
210	182	144	197	144	171	172	0.00221076	0	0.316484	1
211	170	241	202	239	171	173	0.00530582	0	0.52967	1
212	266	81	297	80	171	173	0.00471629	0	0.178022	1
213	468	265	475	289	171	172	0.0859248	0	0.582418	1
214	546	250	574	245	171	173	0.00781135	0	0.549451	1
215	584	335	616	335	171	173	0.00471629	0	0.736264	1
216	610	301	626	298	171	172	0.0036846	0	0.661538	1
217	632	211	612	202	171	172	0.0148858	0	0.463736	2
218	805	157	820	156	171	172	0.00235814	0	0.345055	1
219	541	261	570	255	171	173	0.00957996	0	0.573626	1
220	437	63	487	65	172	174	0.00795873	0	0.138462	1
221	46	234	139	240	172	200	0.0190125	0	0.514286	1
222	567	303	579	296	172	173	0.00899042	0	0.665934	1
223	586	280	601	277	172	173	0.00353721	0	0.615385	1
224	636	130	650	126	172	173	0.00442152	0	0.285714	1
225	548	165	570	164	172	173	0.00338983	0	0.362637	1
226	221	75	315	81	172	200	0.0191599	0	0.164835	1
227	605	348	624	347	172	173	0.00294768	0	0.764835	1
228	539	207	565	207	172	173	0.00383198	0	0.454945	1
229	508	191	528	192	172	173	0.00309506	0	0.41978	1
230	614	329	666	330	172	175	0.00781135	0	0.723077	1
231	244	156	264	153	172	173	0.00427413	0	0.342857	1
232	506	117	520	115	172	173	0.00265291	0	0.257143	1
233	625	121	674	114	172	175	0.0144436	0	0.265934	1
234	669	270	763	273	172	181	0.0151805	0	0.593407	1
235	528	205	553	205	172	173	0.0036846	0	0.450549	1
236	427	304	483	300	172	175	0.0106116	0	0.668132	1
237	566	125	585	124	172	173	0.00294768	0	0.274725	1
238	490	294	481	287	173	174	0.00854827	0	0.646154	2
239	502	296	494	291	173	174	0.00486367	0	0.650549	2
240	630	179	671	180	173	175	0.00619013	0	0.393407	1
241	213	155	282	153	173	178	0.010759	0	0.340659	1
242	567	230	610	229	173	175	0.00648489	0	0.505495	1
243	639	241	670	250	173	175	0.016507	0	0.52967	1
244	605	311	650	315	173	176	0.00899042	0	0.683516	1
245	661	163	677	162	173	174	0.00250553	0	0.358242	1
246	626	93	683	86	173	179	0.0156227	0	0.204396	1
247	230	181	282	180	173	176	0.00781135	0	0.397802	1
248	544	45	595	45	173	176	0.00751658	0	0.0989011	1
249	226	147	165	229	173	174	1	0	0.323077	2
250	603	289	618	277	174	176	0.023434	0	0.635165	1
251	593	289	599	282	174	175	0.00810612	0	0.635165	1
252	662	313	669	313	174	175	0.00103169	0	0.687912	1
253	669	142	692	139	174	176	0.00471629	0	0.312088	1
254	618	277	626	276	174	175	0.00132646	0	0.608791	1
255	302	80	368	84	174	192	0.0120855	0	0.175824	1
256	390	72	448	79	174	200	0.0157701	0	0.158242	1
257	241	251	268	251	174	176	0.00397937	0	0.551648	1
258	669	300	686	303	174	175	0.00383198	0	0.659341	1
259	598	262	611	259	174	175	0.00324245	0	0.575824	1
260	593	164	629	164	174	176	0.00530582	0	0.36044	1
261	579	206	611	206	174	176	0.00471629	0	0.452747	1
262	446	243	497	250	174	200	0.0147384	0	0.534066	1
263	291	248	342	249	174	180	0.00766396	0	0.545055	1
264	623	182	660	180	174	176	0.00604274	0	0.4	1
265	404	84	459	92	174	200	0.0175387	0	0.184615	1
266	554	193	571	193	174	175	0.00250553	0	0.424176	1
267	652	300	664	302	174	175	0.00235814	0	0.659341	1
268	527	237	565	237	174	176	0.00560059	0	0.520879	1
269	341	70	390	70	174	179	0.00722181	0	0.153846	1
270	29	224	57	224	174	176	0.00412675	0	0.492308	1
271	367	425	407	424	174	176	0.00604274	0	0.934066	1
272	610	136	648	132	174	176	0.00795873	0	0.298901	1
273	409	74	474	78	174	194	0.0119381	0	0.162637	1
274	306	70	359	71	174	180	0.00795873	0	0.153846	1
275	225	240	240	240	174	175	0.00221076	0	0.527473	1
276	633	225	647	227	174	175	0.00265291	0	0.494505	1
277	328	71	385	78	174	200	0.0156227	0	0.156044	1
278	256	152	285	150	174	176	0.00486367	0	0.334066	1
279	624	294	636	295	174	175	0.00191599	0	0.646154	1
280	667	130	699	126	174	177	0.00707443	0	0.285714	1
281	609	224	640	220	174	176	0.00692704	0	0.492308	1
282	692	182	702	181	174	175	0.00162122	0	0.4	1
283	642	329	678	328	174	177	0.00545321	0	0.723077	1
284	559	97	586	93	174	176	0.00633751	0	0.213187	1
285	640	108	679	103	174	179	0.00943257	0	0.237363	1
286	528	144	559	142	174	176	0.00515844	0	0.316484	1
287	382	417	421	416	174	176	0.00589536	0	0.916484	1
288	635	314	668	317	174	178	0.00619013	0	0.69011	1
289	388	82	445	89	174	200	0.0156227	0	0.18022	1
290	644	348	689	349	174	179	0.00677966	0	0.764835	1
291	258	139	287	137	174	176	0.00486367	0	0.305495	1
292	517	234	538	235	174	175	0.00324245	0	0.514286	1
293	620	134	658	130	174	176	0.00795873	0	0.294505	1
294	387	441	409	440	174	175	0.00338983	0	0.969231	1
295	591	207	624	207	174	176	0.00486367	0	0.454945	1
296	606	239	620	236	174	175	0.00338983	0	0.525275	1
297	334	85	390	92	174	200	0.0154753	0	0.186813	1
298	541	300	552	302	175	176	0.00221076	0	0.659341	1
299	529	299	540	302	175	176	0.00294768	0	0.657143	1
300	183	231	220	237	175	200	0.010759	0	0.507692	1
301	32	230	69	237	175	200	0.012675	0	0.505495	1
302	679	293	695	295	175	176	0.00294768	0	0.643956	1
303	672	102	685	102	175	176	0.00191599	0	0.224176	1
304	606	293	613	286	175	176	0.0082535	0	0.643956	1
305	605	248	616	244	175	176	0.00397937	0	0.545055	1
306	295	216	315	221	175	176	0.00663228	0	0.474725	1
307	597	269	606	261	175	176	0.010759	0	0.591209	1
308	263	234	280	234	176	179	0.00250553	0	0.514286	1
309	622	261	630	256	176	177	0.00486367	0	0.573626	1
310	636	274	651	265	176	179	0.0141489	0	0.602198	1
311	608	276	618	270	176	177	0.00677966	0	0.606593	1
312	509	296	522	295	176	177	0.00206338	0	0.650549	1
313	702	305	713	305	176	177	0.00162122	0	0.67033	1
314	253	241	277	248	176	200	0.010759	0	0.52967	1
315	533	63	551	61	176	177	0.00324245	0	0.138462	1
316	662	230	670	230	176	177	0.00117907	0	0.505495	1
317	499	299	536	301	176	179	0.00604274	0	0.657143	1
318	565	266	577	267	176	177	0.00191599	0	0.584615	1
319	700	138	702	138	177	178	0.000294768	0	0.303297	1
320	593	115	602	114	177	179	0.00147384	0	0.252747	1
321	280	250	289	250	177	179	0.00132646	0	0.549451	1
322	622	208	633	208	177	179	0.00162122	0	0.457143	1
323	294	135	326	137	177	184	0.00530582	0	0.296703	1
324	435	439	456	441	177	179	0.0036846	0	0.964835	1
325	287	166	312	167	177	181	0.00383198	0	0.364835	1
326	600	91	611	89	177	180	0.00221076	0	0.2	1
327	654	211	661	208	177	178	0.00235814	0	0.463736	1
328	312	195	318	195	177	178	0.000884304	0	0.428571	1
329	416	442	438	448	177	179	0.00854827	0	0.971429	1
330	632	208	643	207	177	179	0.00176861	0	0.457143	1
331	334	233	337	236	177	178	0.00176861	0	0.512088	1
332	703	115	708	117	177	178	0.00132646	0	0.252747	1
333	287	182	299	182	177	179	0.00176861	0	0.4	1
334	290	255	299	255	177	179	0.00132646	0	0.56044	1
335	583	253	592	253	177	179	0.00132646	0	0.556044	1
336	708	261	720	263	177	178	0.00235814	0	0.573626	1
337	693	258	706	258	177	180	0.00191599	0	0.567033	1
338	67	223	82	229	177	200	0.00751658	0	0.49011	1
339	651	295	651	294	177	178	0.000147384	0	0.648352	1
340	603	243	610	245	177	178	0.00162122	0	0.534066	1
341	581	114	589	113	177	179	0.00132646	0	0.250549	1
342	422	423	443	426	177	179	0.00442152	0	0.92967	1
343	524	305	545	308	177	179	0.00442152	0	0.67033	1
344	622	193	631	193	177	178	0.00132646	0	0.424176	1
345	588	186	596	184	177	178	0.00176861	0	0.408791	1
346	709	295	718	295	177	179	0.00132646	0	0.648352	1
347	565	301	572	301	177	178	0.00103169	0	0.661538	1
348	435	417	456	420	177	179	0.00442152	0	0.916484	1
349	546	256	555	256	177	178	0.00132646	0	0.562637	1
350	600	221	609	222	177	178	0.00147384	0	0.485714	1
351	625	265	628	263	178	179	0.00103169	0	0.582418	1
352	579	210	583	209	178	179	0.00073692	0	0.461538	1
353	627	275	630	272	178	179	0.00176861	0	0.604396	1
354	679	126	732	124	178	184	0.00840088	0	0.276923	1
355	676	152	682	151	178	179	0.00103169	0	0.334066	1
356	636	254	639	251	178	179	0.00176861	0	0.558242	1
357	706	183	710	182	178	179	0.00073692	0	0.402198	1
358	681	183	687	186	178	179	0.00221076	0	0.402198	1
359	713	312	737	314	178	185	0.00412675	0	0.685714	1
360	571	59	584	59	178	179	0.00191599	0	0.12967	1
361	704	127	705	128	178	179	0.000294768	0	0.279121	1
362	535	294	544	297	178	179	0.00265291	0	0.646154	1
363	604	149	609	146	178	179	0.00206338	0	0.327473	1
364	662	189	668	191	178	179	0.00147384	0	0.415385	1
365	592	128	628	114	178	188	0.0341931	0	0.281319	1
366	636	182	643	183	178	179	0.00117907	0	0.4	1
367	678	343	682	343	179	180	0.000589536	0	0.753846	1
368	670	162	677	164	179	180	0.00162122	0	0.356044	1
369	579	314	583	314	179	180	0.000589536	0	0.69011	1
370	606	103	609	103	179	180	0.000442152	0	0.226374	1
371	657	222	662	221	179	180	0.000884304	0	0.487912	1
372	559	248	577	248	179	184	0.00265291	0	0.545055	1
373	588	145	593	144	179	180	0.000884304	0	0.318681	1
374	333	136	371	156	179	188	0.0645542	0	0.298901	1
375	636	269	637	268	180	181	0.000294768	0	0.591209	1
376	588	211	598	210	180	183	0.00162122	0	0.463736	1
377	702	213	705	212	180	181	0.000589536	0	0.468132	1
378	467	443	488	444	180	182	0.00324245	0	0.973626	1
379	606	113	617	107	180	183	0.00692704	0	0.248352	1
380	736	254	743	258	180	181	0.00338983	0	0.558242	1
381	639	210	644	209	180	181	0.000884304	0	0.461538	1
382	594	63	618	66	180	182	0.00486367	0	0.138462	1
383	662	174	674	177	180	182	0.00309506	0	0.382418	1
384	623	244	628	244	180	181	0.00073692	0	0.536264	1
385	694	190	699	192	180	181	0.00132646	0	0.417582	1
386	303	258	306	258	180	181	0.000442152	0	0.567033	1
387	417	249	417	255	180	200	0.00530582	0	0.547253	1
388	347	239	354	239	180	182	0.00103169	0	0.525275	1
389	662	208	666	205	180	181	0.00191599	0	0.457143	1
390	394	71	396	77	180	200	0.00560059	0	0.156044	1
391	693	150	701	149	180	181	0.00132646	0	0.32967	1
392	567	138	573	139	180	182	0.00103169	0	0.303297	1
393	284	232	300	234	180	188	0.00294768	0	0.50989	1
394	459	414	569	413	180	193	0.0163596	0	0.90989	1
395	713	180	717	178	180	182	0.00117907	0	0.395604	1
396	722	294	734	293	180	183	0.00191599	0	0.646154	1
397	565	298	593	310	180	184	0.02535	0	0.654945	1
398	655	264	672	272	180	187	0.0119381	0	0.58022	1
399	453	428	496	426	180	184	0.00692704	0	0.940659	1
400	609	203	620	204	180	181	0.00176861	0	0.446154	1
401	673	208	676	205	180	181	0.00176861	0	0.457143	1
402	449	450	497	451	180	184	0.00722181	0	0.989011	1
403	599	254	608	257	180	182	0.00265291	0	0.558242	1
404	297	184	322	189	180	186	0.0073692	0	0.404396	1
405	323	160	328	161	180	181	0.000884304	0	0.351648	1
406	349	229	356	229	180	182	0.00103169	0	0.503297	1
407	740	264	755	274	180	182	0.0169492	0	0.58022	1
408	486	252	487	258	180	200	0.00545321	0	0.553846	1
409	672	317	675	317	180	181	0.000442152	0	0.696703	1
410	594	114	602	110	180	182	0.00353721	0	0.250549	1
411	678	122	678	122	180	181	0	0	0.268132	1
412	574	258	589	260	180	182	0.00280029	0	0.567033	1
413	586	178	589	178	180	181	0.000442152	0	0.391209	1
414	346	194	351	195	180	181	0.000884304	0	0.426374	1
415	289	242	292	245	181	182	0.00176861	0	0.531868	1
416	566	314	577	318	181	182	0.00397937	0	0.69011	1
417	296	254	303	254	181	183	0.00103169	0	0.558242	1
418	639	242	643	241	181	182	0.00073692	0	0.531868	1
419	678	166	683	167	181	182	0.000884304	0	0.364835	1
420	345	250	352	253	181	196	0.00235814	0	0.549451	1
421	654	205	658	203	181	182	0.00117907	0	0.450549	1
422	598	143	604	138	181	183	0.0045689	0	0.314286	1
423	710	169	713	168	181	182	0.000589536	0	0.371429	1
424	363	69	362	74	181	200	0.00383198	0	0.151648	2
425	613	100	618	98	181	182	0.00132646	0	0.21978	1
426	649	245	652	245	181	182	0.000442152	0	0.538462	1
427	306	144	327	151	181	187	0.0103169	0	0.316484	1
428	751	280	761	288	181	183	0.0109064	0	0.615385	1
429	331	195	337	194	181	182	0.00103169	0	0.428571	1
430	380	83	378	88	181	200	0.00397937	0	0.182418	2
431	673	223	678	219	182	183	0.00309506	0	0.49011	1
432	751	263	767	271	182	185	0.0117907	0	0.578022	1
433	593	179	596	178	182	183	0.000589536	0	0.393407	1
434	319	169	333	174	182	187	0.00574797	0	0.371429	1
435	671	204	674	202	182	183	0.00103169	0	0.448352	1
436	631	207	639	206	182	183	0.00132646	0	0.454945	1
437	695	330	698	330	182	183	0.000442152	0	0.725275	1
438	311	258	328	263	182	188	0.00619013	0	0.567033	1
439	648	209	652	208	182	183	0.00073692	0	0.459341	1
440	335	155	339	156	182	183	0.00073692	0	0.340659	1
441	708	135	716	133	182	183	0.00176861	0	0.296703	1
442	296	180	335	208	182	197	0.121297	0	0.395604	1
443	313	222	347	241	182	196	0.0582167	0	0.487912	1
444	319	159	334	162	182	186	0.00353721	0	0.349451	1
445	631	56	643	56	182	183	0.00176861	0	0.123077	1
446	681	203	685	199	182	183	0.00294768	0	0.446154	1
447	351	151	361	153	182	184	0.00206338	0	0.331868	1
448	585	320	591	325	183	184	0.0045689	0	0.703297	1
449	680	179	690	178	183	185	0.00162122	0	0.393407	1
450	632	66	645	66	183	184	0.00191599	0	0.145055	1
451	720	148	782	154	183	194	0.0144436	0	0.325275	1
452	638	249	641	247	183	184	0.00103169	0	0.547253	1
453	684	116	685	115	183	184	0.000294768	0	0.254945	1
454	606	181	615	176	183	185	0.00501105	0	0.397802	1
455	501	413	566	410	183	191	0.0109064	0	0.907692	1
456	292	252	296	253	183	190	0.00073692	0	0.553846	1
457	627	97	632	94	183	184	0.00206338	0	0.213187	1
458	662	210	666	210	183	184	0.000589536	0	0.461538	1
459	616	321	619	324	183	185	0.00176861	0	0.705495	1
460	694	363	698	364	183	189	0.00073692	0	0.797802	1
461	715	288	716	287	183	185	0.000294768	0	0.632967	1
462	616	96	622	93	183	184	0.00221076	0	0.210989	1
463	723	178	726	181	184	185	0.00176861	0	0.391209	1
464	674	189	680	187	184	185	0.00147384	0	0.415385	1
465	510	441	520	439	184	185	0.00206338	0	0.969231	1
466	650	208	652	208	184	185	0.000294768	0	0.457143	1
467	624	105	637	100	184	188	0.00560059	0	0.230769	1
468	347	165	352	170	184	185	0.00442152	0	0.362637	1
469	608	135	612	117	184	200	0.0483419	0	0.296703	1
470	724	160	732	161	184	185	0.00132646	0	0.351648	1
471	721	237	724	237	184	185	0.000442152	0	0.520879	1
472	629	261	632	260	184	185	0.000589536	0	0.573626	1
473	600	175	604	171	184	185	0.00294768	0	0.384615	1
474	767	281	773	284	184	187	0.00221076	0	0.617582	1
475	725	247	727	247	184	185	0.000294768	0	0.542857	1
476	634	328	636	328	184	185	0.000294768	0	0.720879	1
477	736	292	736	291	184	186	0.000147384	0	0.641758	1
478	684	231	686	230	185	186	0.000442152	0	0.507692	1
479	373	174	375	178	185	186	0.00265291	0	0.382418	1
480	704	170	705	170	185	186	0.000147384	0	0.373626	1
481	700	324	698	323	185	186	0.000442152	0	0.712088	2
482	718	218	718	219	185	186	0.000147384	0	0.479121	1
483	688	217	691	216	185	186	0.000589536	0	0.476923	1
484	659	68	719	69	185	191	0.00899042	0	0.149451	1
485	329	136	335	142	185	189	0.00619013	0	0.298901	1
486	308	253	309	252	185	186	0.000294768	0	0.556044	1
487	687	114	685	112	185	186	0.000884304	0	0.250549	2
488	683	207	686	206	185	186	0.000589536	0	0.454945	1
489	507	426	570	427	185	194	0.00943257	0	0.936264	1
490	580	250	565	255	185	200	0.00589536	0	0.549451	2
491	696	135	692	131	185	186	0.00294768	0	0.296703	2
492	382	253	385	256	185	187	0.00176861	0	0.556044	1
493	588	345	585	345	185	191	0.000442152	0	0.758242	2
494	598	316	600	319	185	186	0.00162122	0	0.694505	1
495	647	246	647	244	185	186	0.000589536	0	0.540659	1
496	625	280	627	280	185	186	0.000294768	0	0.615385	1
497	505	448	564	448	185	194	0.00869565	0	0.984615	1
498	637	93	642	91	185	188	0.00132646	0	0.204396	1
499	654	210	667	206	186	193	0.00427413	0	0.461538	1
500	355	174	357	179	186	187	0.00397937	0	0.382418	1
501	770	272	767	272	186	188	0.000442152	0	0.597802	2
502	716	200	717	199	186	187	0.000294768	0	0.43956	1
503	693	178	693	179	186	187	0.000147384	0	0.391209	1
504	378	202	379	202	186	187	0.000147384	0	0.443956	1
505	793	288	792	293	186	187	0.00383198	0	0.632967	2
506	747	127	776	130	186	192	0.00560059	0	0.279121	1
507	729	184	730	187	186	187	0.00147384	0	0.404396	1
508	638	329	637	329	186	188	0.000147384	0	0.723077	2
509	667	213	681	210	186	193	0.00338983	0	0.468132	1
510	373	247	369	247	186	191	0.000589536	0	0.542857	2
511	790	272	787	283	186	188	0.0182756	0	0.597802	2
512	654	222	662	219	186	190	0.00250553	0	0.487912	1
513	644	200	641	200	186	187	0.000442152	0	0.43956	2
514	751	117	764	119	186	189	0.00250553	0	0.257143	1
515	667	224	694	243	186	200	0.057185	0	0.492308	1
516	641	81	642	80	186	187	0.000294768	0	0.178022	1
517	708	171	706	170	187	189	0.000442152	0	0.375824	2
518	688	194	688	194	187	188	0	0	0.426374	1
519	719	222	718	223	187	188	0.000294768	0	0.487912	2
520	644	293	644	292	187	188	0.000147384	0	0.643956	1
521	313	253	316	255	187	188	0.00103169	0	0.556044	1
522	689	229	690	226	187	188	0.00147384	0	0.503297	1
523	735	292	732	291	187	188	0.000589536	0	0.641758	2
524	651	177	648	177	187	189	0.000442152	0	0.389011	2
525	742	313	740	320	187	194	0.00751658	0	0.687912	2
526	600	322	598	322	187	188	0.000294768	0	0.707692	2
527	785	261	783	261	187	188	0.000294768	0	0.573626	2
528	324	191	329	199	187	191	0.0101695	0	0.41978	1
529	359	185	359	187	188	189	0.000589536	0	0.406593	1
530	644	234	640	232	188	189	0.00117907	0	0.514286	2
531	699	198	700	199	188	189	0.000294768	0	0.435165	1
532	693	181	692	182	188	189	0.000294768	0	0.397802	2
533	630	247	625	246	188	190	0.000884304	0	0.542857	2
534	641	264	640	264	188	189	0.000147384	0	0.58022	2
535	635	202	630	203	188	194	0.000884304	0	0.443956	2
536	331	150	332	151	188	189	0.000294768	0	0.32967	1
537	742	33	740	32	188	189	0.000442152	0	0.0725275	2
538	652	199	650	200	188	190	0.000442152	0	0.437363	2
539	659	172	656	172	188	190	0.000442152	0	0.378022	2
540	672	195	673	193	188	189	0.00073692	0	0.428571	1
541	541	447	546	448	188	189	0.000884304	0	0.982418	1
542	687	356	648	360	189	199	0.00810612	0	0.782418	2
543	721	201	722	201	189	190	0.000147384	0	0.441758	1
544	689	195	691	195	189	190	0.000294768	0	0.428571	1
545	374	186	374	188	189	190	0.000589536	0	0.408791	1
546	664	247	665	249	189	190	0.00073692	0	0.542857	1
547	395	257	383	277	189	196	0.0607222	0	0.564835	2
548	630	115	630	106	189	196	0.0119381	0	0.252747	1
549	638	102	638	98	189	194	0.00235814	0	0.224176	1
550	331	175	337	190	189	194	0.0340457	0	0.384615	1
551	692	225	696	226	189	191	0.00073692	0	0.494505	1
552	618	113	619	111	189	193	0.00073692	0	0.248352	1
553	786	261	783	262	189	193	0.000589536	0	0.573626	2
554	767	293	766	293	189	190	0.000147384	0	0.643956	2
555	723	211	723	210	189	190	0.000147384	0	0.463736	1
556	299	234	298	235	189	193	0.000294768	0	0.514286	2
557	635	329	634	329	189	190	0.000147384	0	0.723077	2
558	597	180	598	185	189	191	0.00383198	0	0.395604	1
559	647	280	648	280	189	190	0.000147384	0	0.615385	1
560	644	80	641	76	189	194	0.00280029	0	0.175824	2
561	644	92	645	92	189	191	0.000147384	0	0.202198	1
562	517	454	543	454	189	193	0.00383198	0	0.997802	1
563	625	281	624	282	189	193	0.000294768	0	0.617582	2
564	639	231	637	231	190	191	0.000294768	0	0.507692	2
565	712	296	711	298	190	191	0.00073692	0	0.650549	2
566	707	171	704	173	190	194	0.00103169	0	0.375824	2
567	693	184	692	183	190	191	0.000294768	0	0.404396	2
568	675	192	676	191	190	191	0.000294768	0	0.421978	1
569	344	164	346	167	190	191	0.00162122	0	0.36044	1
570	643	262	642	262	190	191	0.000147384	0	0.575824	2
571	724	186	723	185	190	191	0.000294768	0	0.408791	2
572	623	264	620	265	190	192	0.000589536	0	0.58022	2
573	757	139	778	140	190	194	0.00324245	0	0.305495	1
574	708	201	710	203	190	191	0.000884304	0	0.441758	1
575	714	181	713	180	190	191	0.000294768	0	0.397802	2
576	769	119	798	125	190	195	0.00957996	0	0.261538	1
577	355	179	355	180	190	191	0.000147384	0	0.393407	1
578	693	195	695	195	191	192	0.000294768	0	0.428571	1
579	648	279	649	284	191	194	0.00383198	0	0.613187	1
580	678	339	671	339	191	192	0.00103169	0	0.745055	2
581	376	187	374	193	191	193	0.00560059	0	0.410989	2
582	301	249	300	248	191	192	0.000294768	0	0.547253	2
583	766	293	764	294	191	194	0.000442152	0	0.643956	2
584	359	192	356	194	191	192	0.00103169	0	0.421978	2
585	651	178	650	178	191	192	0.000147384	0	0.391209	2
586	650	200	646	201	191	196	0.00073692	0	0.43956	2
587	663	107	661	106	191	192	0.000442152	0	0.235165	2
588	662	241	662	242	191	192	0.000147384	0	0.52967	1
589	595	331	593	329	191	192	0.000884304	0	0.727473	2
590	664	219	666	219	191	193	0.000294768	0	0.481319	1
591	623	247	619	248	191	193	0.00073692	0	0.542857	2
592	668	252	671	258	191	194	0.00574797	0	0.553846	1
593	388	199	387	202	191	192	0.00147384	0	0.437363	2
594	738	296	744	305	191	197	0.0128224	0	0.650549	1
595	336	156	337	159	191	192	0.00147384	0	0.342857	1
596	619	334	618	337	192	193	0.00147384	0	0.734066	2
597	698	228	700	231	192	194	0.00162122	0	0.501099	1
598	371	199	367	202	192	193	0.00191599	0	0.437363	2
599	675	234	688	258	192	200	0.0868091	0	0.514286	1
600	349	146	355	153	192	194	0.00810612	0	0.320879	1
601	663	263	663	266	192	193	0.00132646	0	0.578022	1
602	328	267	325	268	192	194	0.000589536	0	0.586813	2
603	726	204	725	205	192	193	0.000294768	0	0.448352	2
604	573	410	579	410	192	193	0.000884304	0	0.901099	1
605	698	185	697	186	192	193	0.000294768	0	0.406593	2
606	384	217	383	220	192	193	0.00147384	0	0.476923	2
607	712	202	714	203	192	193	0.000442152	0	0.443956	1
608	783	58	781	58	192	194	0.000294768	0	0.127473	2
609	629	322	627	323	192	193	0.000442152	0	0.707692	2
610	741	193	748	194	192	194	0.00117907	0	0.424176	1
611	777	308	775	308	192	194	0.000294768	0	0.676923	2
612	645	258	644	259	193	194	0.000294768	0	0.567033	2
613	350	174	353	177	193	194	0.00176861	0	0.382418	1
614	782	131	788	132	193	194	0.00103169	0	0.287912	1
615	368	84	358	87	193	200	0.00280029	0	0.184615	2
616	664	246	665	249	193	194	0.00147384	0	0.540659	1
617	357	197	354	199	193	194	0.00103169	0	0.432967	2
618	655	77	651	74	193	194	0.00191599	0	0.169231	2
619	666	276	666	278	193	194	0.000589536	0	0.606593	1
620	661	108	659	106	193	194	0.000884304	0	0.237363	2
621	677	179	669	175	193	194	0.00353721	0	0.393407	2
622	638	243	636	245	193	194	0.000884304	0	0.534066	2
623	615	341	611	344	194	195	0.00191599	0	0.749451	2
624	751	163	751	163	194	195	0	0	0.358242	1
625	373	197	370	205	194	197	0.00987472	0	0.432967	2
626	618	251	623	261	194	198	0.0154753	0	0.551648	1
627	751	73	803	80	194	199	0.0148858	0	0.16044	1
628	341	248	342	248	194	195	0.000147384	0	0.545055	1
629	620	109	620	107	194	195	0.000589536	0	0.23956	1
630	382	181	380	190	194	197	0.0122329	0	0.397802	2
631	299	236	288	239	194	200	0.00294768	0	0.518681	2
632	672	211	676	215	195	197	0.00294768	0	0.463736	1
633	702	200	701	200	195	196	0.000147384	0	0.43956	2
634	357	182	360	184	195	196	0.00103169	0	0.4	1
635	649	289	649	300	195	198	0.0178335	0	0.635165	1
636	701	176	696	183	195	198	0.00795873	0	0.386813	2
637	631	201	630	198	195	196	0.00147384	0	0.441758	2
638	340	194	346	200	195	197	0.00619013	0	0.426374	1
639	326	268	325	269	195	198	0.000294768	0	0.589011	2
640	619	186	622	185	195	196	0.000589536	0	0.408791	1
641	669	281	668	284	195	196	0.00147384	0	0.617582	2
642	648	74	644	72	195	196	0.00117907	0	0.162637	2
643	638	241	638	244	195	196	0.00132646	0	0.52967	1
644	474	79	464	81	195	200	0.00206338	0	0.173626	2
645	645	333	643	333	195	196	0.000294768	0	0.731868	2
646	643	262	643	266	195	196	0.00235814	0	0.575824	1
647	741	320	737	322	195	199	0.00117907	0	0.703297	2
648	637	96	634	90	195	197	0.00574797	0	0.210989	2
649	672	262	669	277	195	199	0.0336035	0	0.575824	2
650	795	135	813	146	195	198	0.0204864	0	0.296703	1
651	336	275	335	275	195	196	0.000147384	0	0.604396	2
652	741	164	742	160	195	196	0.00250553	0	0.36044	1
653	776	309	774	309	195	197	0.000294768	0	0.679121	2
654	631	328	628	329	195	196	0.000589536	0	0.720879	2
655	611	276	613	285	195	199	0.0122329	0	0.606593	1
656	703	234	704	236	195	196	0.00073692	0	0.514286	1
657	662	255	662	257	195	196	0.000589536	0	0.56044	1
658	603	369	601	369	195	198	0.000294768	0	0.810989	2
659	593	448	610	454	195	198	0.00781135	0	0.984615	1
660	641	323	639	325	195	196	0.000884304	0	0.70989	2
661	624	96	620	90	195	198	0.00589536	0	0.210989	2
662	608	349	605	352	196	198	0.00176861	0	0.767033	2
663	686	194	683	199	196	198	0.00412675	0	0.426374	2
664	762	209	768	209	196	198	0.000884304	0	0.459341	1
665	364	257	361	257	196	197	0.000442152	0	0.564835	2
666	584	432	599	437	196	199	0.00589536	0	0.949451	1
667	763	171	768	173	196	197	0.00132646	0	0.375824	1
668	588	332	586	338	196	197	0.00560059	0	0.72967	2
669	792	242	796	242	196	197	0.000589536	0	0.531868	1
670	381	227	381	229	196	197	0.000589536	0	0.498901	1
671	787	217	792	212	196	197	0.00442152	0	0.476923	1
672	716	204	715	204	196	197	0.000147384	0	0.448352	2
673	368	268	362	275	196	197	0.00810612	0	0.589011	2
674	650	106	648	101	196	198	0.00397937	0	0.232967	2
675	383	212	381	223	196	199	0.0181282	0	0.465934	2
676	782	295	787	296	196	200	0.000884304	0	0.648352	1
677	722	297	724	296	196	197	0.000442152	0	0.652747	1
678	634	76	632	74	196	198	0.000884304	0	0.167033	2
679	672	243	678	251	196	199	0.0103169	0	0.534066	1
680	764	294	767	295	197	198	0.000589536	0	0.646154	1
681	664	288	664	292	197	198	0.00235814	0	0.632967	1
682	701	201	697	201	197	198	0.000589536	0	0.441758	2
683	608	340	608	341	197	198	0.000147384	0	0.747253	1
684	606	417	615	422	197	200	0.00501105	0	0.916484	1
685	645	330	645	331	197	198	0.000147384	0	0.725275	1
686	368	164	372	166	197	198	0.00117907	0	0.36044	1
687	371	222	371	225	197	198	0.00132646	0	0.487912	1
688	630	104	619	101	197	200	0.00294768	0	0.228571	2
689	323	243	331	243	197	198	0.00117907	0	0.534066	1
690	641	254	645	257	197	198	0.00191599	0	0.558242	1
691	636	244	640	248	197	198	0.00294768	0	0.536264	1
692	660	171	659	170	197	198	0.000294768	0	0.375824	2
693	781	272	785	272	197	199	0.000589536	0	0.597802	1
694	758	157	769	154	197	198	0.00294768	0	0.345055	1
695	335	275	325	277	197	200	0.00206338	0	0.604396	2
696	626	247	629	251	197	198	0.00280029	0	0.542857	1
697	595	421	604	426	197	200	0.00501105	0	0.925275	1
698	775	310	779	313	198	200	0.00191599	0	0.681319	1
699	369	210	367	215	198	199	0.00397937	0	0.461538	2
700	715	205	711	205	198	199	0.000589536	0	0.450549	2
701	739	301	731	302	198	200	0.00132646	0	0.661538	2
702	804	167	805	169	198	199	0.00073692	0	0.367033	1
703	634	89	630	88	198	199	0.00073692	0	0.195604	2
704	802	197	801	200	198	200	0.00147384	0	0.432967	2
705	358	182	360	184	198	199	0.000884304	0	0.4	1
706	759	199	756	204	198	200	0.00412675	0	0.437363	2
707	788	188	787	194	198	200	0.00545321	0	0.413187	2
708	619	102	609	101	198	200	0.00162122	0	0.224176	2
709	769	298	766	303	199	200	0.00412675	0	0.654945	2
710	768	212	764	215	199	200	0.00191599	0	0.465934	2
711	699	313	692	316	199	200	0.00235814	0	0.687912	2
712	621	191	614	191	199	200	0.00103169	0	0.41978	2
713	580	355	574	364	199	200	0.0128224	0	0.78022	2
714	635	324	635	324	199	200	0	0	0.712088	1
715	648	303	644	308	199	200	0.00427413	0	0.665934	2
716	317	273	311	274	199	200	0.00103169	0	0.6	2
717	718	297	713	296	199	200	0.000884304	0	0.652747	2
718	809	154	808	156	199	200	0.00073692	0	0.338462	2
719	768	202	764	205	199	200	0.00191599	0	0.443956	2
720	697	333	692	336	199	200	0.00206338	0	0.731868	2
721	636	195	630	192	199	200	0.00221076	0	0.428571	2
722	797	215	794	216	199	200	0.000589536	0	0.472527	2
723	656	171	650	172	199	200	0.00103169	0	0.375824	2
724	678	348	670	350	199	200	0.00176861	0	0.764835	2
725	630	179	624	176	199	200	0.00221076	0	0.393407	2
726	371	196	367	200	199	200	0.00294768	0	0.430769	2