
0	263	305	262	305	77	78	0.00117925	0	0.680804	2
1	231	279	237	283	77	80	0.0259434	0	0.622768	1
2	643	140	643	138	77	79	0.00471698	0	0.3125	1
3	301	210	300	206	77	79	0.0200472	0	0.46875	2
4	451	326	448	326	78	79	0.00353774	0	0.727679	2
5	180	302	180	302	78	79	0	0	0.674107	1
6	236	226	235	222	78	79	0.0200472	0	0.504464	2
7	334	237	333	234	78	79	0.0117925	0	0.529018	2
8	167	270	127	265	78	96	0.0766509	0	0.602679	2
9	275	256	273	253	78	80	0.0129717	0	0.571429	2
10	269	228	257	223	78	85	0.0436321	0	0.508929	2
11	327	227	325	218	78	82	0.0978774	0	0.506696	2
12	234	212	235	209	78	79	0.0117925	0	0.473214	1
13	246	237	246	238	78	81	0.00117925	0	0.529018	1
14	344	235	334	223	78	84	0.181604	0	0.524554	2
15	243	297	245	298	78	79	0.00353774	0	0.662946	1
16	295	221	294	213	78	81	0.0766509	0	0.493304	2
17	269	244	268	241	78	79	0.0117925	0	0.544643	2
18	354	274	352	272	79	81	0.00707547	0	0.611607	2
19	263	305	262	304	79	81	0.00235849	0	0.680804	2
20	449	347	448	347	79	80	0.00117925	0	0.774554	2
21	340	278	338	278	79	81	0.00235849	0	0.620536	2
22	325	264	324	263	79	80	0.00235849	0	0.589286	2
23	203	261	203	258	79	81	0.0106132	0	0.582589	1
24	214	206	213	205	79	80	0.00235849	0	0.459821	2
25	310	243	309	241	79	80	0.00589623	0	0.542411	2
26	486	418	480	418	79	80	0.00707547	0	0.933036	2
27	298	190	296	187	79	81	0.0129717	0	0.424107	2
28	337	261	336	260	79	80	0.00235849	0	0.582589	2
29	192	297	191	296	79	80	0.00235849	0	0.662946	2
30	240	191	259	184	79	90	0.0801887	0	0.426339	1
31	280	230	241	224	79	97	0.0884434	0	0.513393	2
32	430	334	427	333	80	81	0.00471698	0	0.745536	2
33	640	139	639	138	80	82	0.00235849	0	0.310268	2
34	440	333	436	332	80	81	0.00589623	0	0.743304	2
35	236	221	237	219	80	81	0.00589623	0	0.493304	1
36	269	240	267	238	80	82	0.00707547	0	0.535714	2
37	179	304	180	304	80	81	0.00117925	0	0.678571	1
38	236	206	237	204	80	81	0.00589623	0	0.459821	1
39	447	323	442	322	80	81	0.00707547	0	0.720982	2
40	325	235	323	233	80	81	0.00707547	0	0.524554	2
41	465	228	466	228	80	81	0.00117925	0	0.508929	1
42	287	166	271	157	80	90	0.114387	0	0.370536	2
43	291	257	278	232	80	89	0.752358	0	0.573661	2
44	221	236	227	235	81	82	0.00825472	0	0.526786	1
45	216	200	214	199	81	82	0.00353774	0	0.446429	2
46	324	264	323	263	81	82	0.00235849	0	0.589286	2
47	468	342	459	341	81	82	0.0117925	0	0.763393	2
48	184	294	184	294	81	82	0	0	0.65625	1
49	208	213	206	212	81	82	0.00353774	0	0.475446	2
50	180	265	178	264	81	84	0.00353774	0	0.591518	2
51	474	422	468	423	81	82	0.00825472	0	0.941964	2
52	217	186	209	180	81	84	0.0518868	0	0.415179	2
53	503	442	493	441	81	83	0.0129717	0	0.986607	2
54	350	272	345	270	82	83	0.0106132	0	0.607143	2
55	462	237	461	236	82	83	0.00235849	0	0.529018	2
56	261	260	260	258	82	83	0.00589623	0	0.580357	2
57	323	231	320	228	82	83	0.0141509	0	0.515625	2
58	473	437	467	436	82	83	0.00825472	0	0.975446	2
59	180	307	149	311	82	98	0.0554245	0	0.685268	2
60	148	198	145	200	82	84	0.00825472	0	0.441964	2
61	203	257	192	257	82	88	0.0129717	0	0.573661	2
62	508	245	503	244	82	83	0.00707547	0	0.546875	2
63	76	26	74	25	82	83	0.00353774	0	0.0580357	2
64	53	286	25	282	82	94	0.0518868	0	0.638393	2
65	333	263	330	260	82	83	0.0141509	0	0.587054	2
66	251	267	250	267	82	84	0.00117925	0	0.595982	2
67	232	275	228	276	82	86	0.00589623	0	0.613839	2
68	270	293	267	287	82	86	0.0459906	0	0.654018	2
69	192	307	189	309	82	85	0.00825472	0	0.685268	2
70	467	227	465	224	82	84	0.0129717	0	0.506696	2
71	194	292	193	291	82	83	0.00235849	0	0.651786	2
72	203	267	196	266	82	86	0.00943396	0	0.595982	2
73	303	237	298	235	83	84	0.0106132	0	0.529018	2
74	434	340	421	340	83	84	0.0153302	0	0.758929	2
75	252	278	251	278	83	84	0.00117925	0	0.620536	2
76	356	256	352	254	83	84	0.00943396	0	0.571429	2
77	205	212	201	211	83	84	0.00589623	0	0.473214	2
78	212	199	209	197	83	84	0.00825472	0	0.444196	2
79	203	242	200	241	83	84	0.00471698	0	0.540179	2
80	513	266	502	265	83	85	0.0141509	0	0.59375	2
81	364	286	332	275	83	93	0.180425	0	0.638393	2
82	238	201	238	200	83	84	0.00117925	0	0.448661	1
83	224	192	221	190	83	84	0.00825472	0	0.428571	2
84	183	296	181	297	83	84	0.00353774	0	0.660714	2
85	235	127	228	125	83	86	0.0129717	0	0.283482	2
86	825	385	768	373	84	115	0.237028	0	0.859375	2
87	341	269	336	267	84	85	0.0106132	0	0.600446	2
88	499	244	483	245	84	89	0.0200472	0	0.544643	2
89	476	443	469	444	84	85	0.00943396	0	0.988839	2
90	254	423	158	424	84	98	0.114387	0	0.944196	2
91	267	245	264	244	84	85	0.00471698	0	0.546875	2
92	300	245	297	243	84	85	0.00825472	0	0.546875	2
93	324	223	320	221	84	85	0.00943396	0	0.497768	2
94	192	294	191	294	84	85	0.00117925	0	0.65625	2
95	293	184	290	183	84	85	0.00471698	0	0.410714	2
96	338	279	335	278	84	85	0.00471698	0	0.622768	2
97	210	234	208	232	84	85	0.00707547	0	0.522321	2
98	261	234	257	232	84	85	0.00943396	0	0.522321	2
99	507	255	502	255	84	85	0.00589623	0	0.569196	2
100	313	214	310	212	84	85	0.00825472	0	0.477679	2
101	243	255	241	255	84	85	0.00235849	0	0.569196	2
102	301	218	294	216	84	87	0.0129717	0	0.486607	2
103	462	437	456	437	84	85	0.00707547	0	0.975446	2
104	258	440	209	434	84	93	0.100236	0	0.982143	2
105	295	233	294	232	85	86	0.00235849	0	0.520089	2
106	191	217	189	216	85	86	0.00353774	0	0.484375	2
107	503	227	498	226	85	87	0.00707547	0	0.506696	2
108	349	257	343	253	85	87	0.0259434	0	0.573661	2
109	250	269	249	269	85	87	0.00117925	0	0.600446	2
110	209	196	204	186	85	88	0.123821	0	0.4375	2
111	181	299	180	299	85	86	0.00117925	0	0.667411	2
112	127	239	105	237	85	94	0.0306604	0	0.533482	2
113	205	242	203	241	85	86	0.00353774	0	0.540179	2
114	330	222	319	218	85	89	0.0318396	0	0.495536	2
115	143	200	137	200	85	89	0.00707547	0	0.446429	2
116	423	342	411	342	85	86	0.0141509	0	0.763393	2
117	261	256	259	253	85	87	0.0129717	0	0.571429	2
118	57	229	56	230	85	86	0.00235849	0	0.511161	2
119	254	318	247	319	85	89	0.00943396	0	0.709821	2
120	131	200	129	201	85	86	0.00353774	0	0.446429	2
121	245	201	250	198	85	88	0.0165094	0	0.448661	1
122	189	280	186	282	85	88	0.00825472	0	0.625	2
123	458	217	457	214	85	89	0.0117925	0	0.484375	2
124	219	227	224	224	85	88	0.0165094	0	0.506696	1
125	441	345	439	343	85	86	0.00707547	0	0.770089	2
126	144	248	109	235	85	97	0.240566	0	0.553571	2
127	466	192	453	181	85	98	0.158019	0	0.428571	2
128	397	300	375	299	85	88	0.0271226	0	0.669643	2
129	334	266	327	264	86	88	0.0129717	0	0.59375	2
130	455	421	452	420	86	87	0.00471698	0	0.939732	2
131	465	422	412	414	86	115	0.137972	0	0.941964	2
132	474	443	457	443	86	88	0.0200472	0	0.988839	2
133	317	258	314	257	86	87	0.00471698	0	0.575893	2
134	262	244	260	243	86	87	0.00353774	0	0.544643	2
135	249	213	253	211	86	87	0.00943396	0	0.475446	1
136	249	304	243	302	86	89	0.0117925	0	0.678571	2
137	240	255	235	255	86	89	0.00589623	0	0.569196	2
138	399	335	390	332	86	87	0.0212264	0	0.747768	2
139	208	231	209	228	86	87	0.0117925	0	0.515625	1
140	279	255	278	252	86	87	0.0117925	0	0.569196	2
141	289	182	286	181	86	87	0.00471698	0	0.40625	2
142	378	313	371	309	86	87	0.0271226	0	0.698661	2
143	193	294	190	297	86	89	0.0141509	0	0.65625	2
144	329	276	323	273	86	88	0.0176887	0	0.616071	2
145	411	322	403	320	86	87	0.0141509	0	0.71875	2
146	261	234	255	232	86	88	0.0117925	0	0.522321	2
147	451	439	444	439	86	87	0.00825472	0	0.979911	2
148	309	211	307	209	86	87	0.00707547	0	0.470982	2
149	344	286	282	280	86	104	0.115566	0	0.638393	2
150	186	262	182	266	86	91	0.0235849	0	0.584821	2
151	192	315	151	322	86	110	0.106132	0	0.703125	2
152	180	299	177	299	87	88	0.00353774	0	0.667411	2
153	401	342	391	343	87	88	0.0129717	0	0.763393	2
154	119	216	112	212	87	90	0.0271226	0	0.482143	2
155	496	264	489	264	87	88	0.00825472	0	0.589286	2
156	126	201	121	199	87	89	0.0106132	0	0.448661	2
157	270	240	268	229	87	93	0.145047	0	0.535714	2
158	285	171	281	171	87	88	0.00471698	0	0.381696	2
159	382	332	372	335	88	90	0.0224057	0	0.741071	2
160	627	132	625	131	88	89	0.00353774	0	0.294643	2
161	827	358	777	348	88	115	0.176887	0	0.799107	2
162	450	420	402	413	88	115	0.114387	0	0.9375	2
163	341	251	339	251	88	89	0.00235849	0	0.560268	2
164	248	268	247	268	88	89	0.00117925	0	0.598214	2
165	495	226	493	227	88	89	0.00353774	0	0.504464	2
166	496	240	494	239	88	89	0.00353774	0	0.535714	2
167	291	235	290	235	88	89	0.00117925	0	0.524554	2
168	290	217	287	216	88	89	0.00471698	0	0.484375	2
169	285	181	283	181	88	89	0.00235849	0	0.404018	2
170	270	282	273	279	88	89	0.0141509	0	0.629464	1
171	428	430	421	431	88	89	0.00943396	0	0.959821	2
172	242	208	244	208	88	89	0.00235849	0	0.464286	1
173	197	129	195	128	88	89	0.00353774	0	0.287946	2
174	328	266	327	267	89	90	0.00235849	0	0.59375	2
175	177	299	174	299	89	91	0.00353774	0	0.667411	2
176	183	213	183	211	89	90	0.00471698	0	0.475446	1
177	279	249	280	247	89	90	0.00589623	0	0.555804	1
178	215	226	220	225	89	90	0.00707547	0	0.504464	1
179	485	267	455	263	89	98	0.0542453	0	0.595982	2
180	41	210	40	210	89	90	0.00117925	0	0.46875	2
181	504	239	498	240	89	91	0.00825472	0	0.533482	2
182	193	258	167	260	89	104	0.0353774	0	0.575893	2
183	253	299	252	299	89	90	0.00117925	0	0.667411	2
184	206	236	210	234	89	90	0.00943396	0	0.526786	1
185	383	357	367	356	89	94	0.0200472	0	0.796875	2
186	273	194	271	193	89	90	0.00353774	0	0.433036	2
187	205	226	209	224	89	90	0.00943396	0	0.504464	1
188	178	83	167	83	89	91	0.0129717	0	0.185268	2
189	625	131	582	121	90	106	0.168632	0	0.292411	2
190	422	425	416	421	90	91	0.0259434	0	0.948661	2
191	481	246	473	246	90	92	0.00943396	0	0.549107	2
192	242	304	232	306	90	93	0.0165094	0	0.678571	2
193	249	269	240	269	90	93	0.0106132	0	0.600446	2
194	340	251	337	250	90	91	0.00471698	0	0.560268	2
195	290	235	288	234	90	91	0.00353774	0	0.524554	2
196	204	181	201	178	90	91	0.0141509	0	0.404018	2
197	492	228	484	228	90	92	0.00943396	0	0.508929	2
198	117	202	108	201	90	93	0.0117925	0	0.450893	2
199	234	257	202	254	90	99	0.0483491	0	0.573661	2
200	181	309	168	307	90	94	0.0200472	0	0.689732	2
201	364	302	337	304	90	93	0.0365566	0	0.674107	2
202	271	210	262	206	90	92	0.0294811	0	0.46875	2
203	383	347	376	348	90	92	0.00943396	0	0.774554	2
204	137	202	113	194	90	96	0.103774	0	0.450893	2
205	274	258	274	256	90	91	0.00471698	0	0.575893	1
206	247	283	242	282	90	92	0.00707547	0	0.631696	2
207	243	314	233	317	90	93	0.0224057	0	0.700893	2
208	199	166	180	159	90	95	0.0801887	0	0.370536	2
209	311	219	308	218	90	91	0.00471698	0	0.488839	2
210	227	279	216	278	90	93	0.0141509	0	0.622768	2
211	411	335	382	337	90	92	0.0389151	0	0.747768	2
212	627	108	591	102	90	100	0.0849057	0	0.241071	2
213	324	266	317	265	91	92	0.00943396	0	0.59375	2
214	35	241	24	238	91	95	0.0235849	0	0.537946	2
215	227	293	216	292	91	93	0.0141509	0	0.654018	2
216	183	210	181	208	91	92	0.00707547	0	0.46875	2
217	282	245	281	243	91	92	0.00589623	0	0.546875	2
218	251	299	225	298	91	96	0.0318396	0	0.667411	2
219	216	231	219	230	91	92	0.00471698	0	0.515625	1
220	191	298	182	298	91	94	0.0106132	0	0.665179	2
221	459	215	454	214	91	93	0.00707547	0	0.479911	2
222	111	213	106	213	91	93	0.00589623	0	0.475446	2
223	419	431	408	431	91	92	0.0129717	0	0.962054	2
224	478	213	469	212	91	93	0.0117925	0	0.475446	2
225	194	269	174	263	91	98	0.0660377	0	0.600446	2
226	347	254	302	249	91	115	0.0825472	0	0.566964	2
227	333	250	328	249	92	93	0.00707547	0	0.558036	2
228	305	219	300	219	92	93	0.00589623	0	0.488839	2
229	261	285	256	284	92	93	0.00707547	0	0.636161	2
230	264	191	247	183	92	96	0.0955189	0	0.426339	2
231	315	248	303	245	92	94	0.0247642	0	0.553571	2
232	247	210	242	208	92	94	0.0106132	0	0.46875	2
233	396	430	384	429	92	93	0.0153302	0	0.959821	2
234	279	223	275	221	92	93	0.00943396	0	0.497768	2
235	259	156	231	144	92	99	0.20283	0	0.348214	2
236	171	298	157	297	92	96	0.0176887	0	0.665179	2
237	247	318	193	327	92	104	0.159198	0	0.709821	2
238	62	271	36	269	92	99	0.0353774	0	0.604911	2
239	273	171	269	169	92	93	0.00943396	0	0.381696	2
240	471	202	469	202	92	93	0.00235849	0	0.450893	2
241	311	265	303	262	93	94	0.0200472	0	0.591518	2
242	281	242	279	239	93	94	0.0129717	0	0.540179	2
243	470	246	465	245	93	94	0.00707547	0	0.549107	2
244	181	207	179	204	93	94	0.0129717	0	0.462054	2
245	487	240	480	238	93	94	0.0129717	0	0.535714	2
246	343	337	329	333	93	94	0.0353774	0	0.752232	2
247	221	228	222	227	93	94	0.00235849	0	0.508929	1
248	827	358	789	350	93	115	0.120283	0	0.799107	2
249	254	199	240	192	93	96	0.0742925	0	0.444196	2
250	479	227	467	223	93	95	0.0330189	0	0.506696	2
251	388	447	377	446	93	94	0.0141509	0	0.997768	2
252	210	291	194	288	94	97	0.0294811	0	0.649554	2
253	364	419	358	418	94	95	0.00825472	0	0.935268	2
254	235	270	229	269	94	95	0.00825472	0	0.602679	2
255	211	275	195	273	94	98	0.0235849	0	0.613839	2
256	266	226	260	224	94	96	0.0117925	0	0.504464	2
257	315	264	309	264	94	95	0.00707547	0	0.589286	2
258	294	219	287	219	94	95	0.00825472	0	0.488839	2
259	348	318	323	319	94	96	0.0306604	0	0.709821	2
260	258	285	248	285	94	96	0.0117925	0	0.636161	2
261	324	274	314	275	94	95	0.0129717	0	0.611607	2
262	325	248	294	245	94	106	0.0471698	0	0.553571	2
263	366	346	347	342	94	96	0.0412736	0	0.772321	2
264	326	303	292	302	94	97	0.0412736	0	0.676339	2
265	195	159	188	130	94	113	1	0	0.354911	2
266	52	138	24	136	94	103	0.0377358	0	0.308036	2
267	236	281	229	280	94	95	0.00943396	0	0.627232	2
268	476	400	444	395	94	115	0.067217	0	0.892857	2
269	323	38	287	33	94	115	0.071934	0	0.0848214	2
270	363	245	330	240	94	115	0.0683962	0	0.546875	2
271	248	242	245	241	95	96	0.00471698	0	0.540179	2
272	295	261	288	262	95	97	0.00943396	0	0.582589	2
273	458	243	453	242	95	96	0.00707547	0	0.542411	2
274	176	299	161	299	95	102	0.0176887	0	0.667411	2
275	219	314	212	315	95	96	0.00943396	0	0.700893	2
276	327	331	314	332	95	96	0.0165094	0	0.738839	2
277	256	172	252	171	95	96	0.00589623	0	0.383929	2
278	186	171	183	167	95	97	0.0224057	0	0.381696	2
279	346	339	334	338	95	96	0.0153302	0	0.756696	2
280	178	201	176	199	95	96	0.00707547	0	0.448661	2
281	97	237	85	234	95	99	0.0247642	0	0.529018	2
282	223	225	218	225	95	96	0.00589623	0	0.502232	2
283	26	258	24	258	95	96	0.00235849	0	0.575893	2
284	219	304	197	310	95	100	0.0683962	0	0.678571	2
285	414	421	387	416	95	115	0.0613208	0	0.939732	2
286	297	245	291	246	95	96	0.00825472	0	0.546875	2
287	117	225	113	221	95	97	0.0235849	0	0.502232	2
288	259	162	254	159	95	96	0.0165094	0	0.361607	2
289	173	446	160	448	95	97	0.0200472	0	0.995536	2
290	361	444	350	448	95	96	0.0318396	0	0.991071	2
291	224	269	221	269	96	97	0.00353774	0	0.600446	2
292	462	223	456	221	96	98	0.0117925	0	0.497768	2
293	452	224	449	223	96	97	0.00471698	0	0.5	2
294	466	236	462	234	96	97	0.00943396	0	0.526786	2
295	459	254	456	253	96	97	0.00471698	0	0.566964	2
296	309	262	296	259	96	100	0.0259434	0	0.584821	2
297	160	431	145	431	96	98	0.0176887	0	0.962054	2
298	227	280	223	280	96	97	0.00471698	0	0.625	2
299	353	419	332	414	97	115	0.0542453	0	0.935268	2
300	451	243	447	242	97	98	0.00589623	0	0.542411	2
301	158	300	157	299	97	98	0.00235849	0	0.669643	2
302	223	299	220	299	97	98	0.00353774	0	0.667411	2
303	177	198	165	196	97	101	0.0188679	0	0.441964	2
304	254	220	252	219	97	98	0.00353774	0	0.491071	2
305	211	318	206	319	97	98	0.00707547	0	0.709821	2
306	246	180	245	178	97	98	0.00589623	0	0.401786	2
307	309	276	308	277	97	98	0.00235849	0	0.616071	2
308	274	237	272	234	97	98	0.0129717	0	0.529018	2
309	126	266	109	264	97	104	0.0247642	0	0.59375	2
310	169	160	161	159	97	100	0.0106132	0	0.357143	2
311	210	226	196	224	97	101	0.0212264	0	0.504464	2
312	453	204	452	203	97	98	0.00235849	0	0.455357	2
313	239	191	237	188	97	98	0.0129717	0	0.426339	2
314	280	219	278	217	97	98	0.00707547	0	0.488839	2
315	221	234	220	233	97	98	0.00235849	0	0.522321	2
316	364	429	342	424	97	115	0.0554245	0	0.957589	2
317	256	208	246	205	97	101	0.0224057	0	0.464286	2
318	344	429	340	428	98	99	0.00589623	0	0.957589	2
319	287	265	274	259	98	105	0.057783	0	0.591518	2
320	182	164	177	158	98	102	0.0483491	0	0.366071	2
321	353	448	332	450	98	100	0.0294811	0	1	2
322	247	167	243	165	98	99	0.00943396	0	0.372768	2
323	454	253	445	252	98	100	0.0117925	0	0.564732	2
324	236	265	235	265	98	99	0.00117925	0	0.591518	2
325	446	223	442	223	98	99	0.00471698	0	0.497768	2
326	306	357	295	354	98	101	0.0235849	0	0.796875	2
327	281	304	250	305	98	101	0.0377358	0	0.678571	2
328	334	434	290	439	98	102	0.0813679	0	0.96875	2
329	114	218	108	213	98	100	0.0365566	0	0.486607	2
330	442	204	426	208	98	104	0.0377358	0	0.455357	2
331	222	227	221	226	99	100	0.00235849	0	0.506696	2
332	192	274	183	276	99	101	0.0153302	0	0.611607	2
333	270	231	265	229	99	100	0.0106132	0	0.515625	2
334	444	242	439	242	99	100	0.00589623	0	0.540179	2
335	156	301	153	302	99	100	0.00471698	0	0.671875	2
336	187	285	177	296	99	105	0.154481	0	0.636161	2
337	218	300	214	301	99	100	0.00589623	0	0.669643	2
338	452	264	448	263	99	100	0.00589623	0	0.589286	2
339	104	186	100	184	99	100	0.00943396	0	0.415179	2
340	224	279	219	285	99	103	0.0483491	0	0.622768	2
341	200	321	196	322	99	100	0.00589623	0	0.716518	2
342	456	232	452	232	99	100	0.00471698	0	0.517857	2
343	148	311	143	316	99	101	0.0353774	0	0.694196	2
344	305	278	289	268	99	107	0.136792	0	0.620536	2
345	213	280	208	280	99	100	0.00589623	0	0.625	2
346	276	217	267	213	99	102	0.0294811	0	0.484375	2
347	252	234	248	233	99	100	0.00589623	0	0.522321	2
348	218	267	213	268	99	100	0.00707547	0	0.595982	2
349	114	188	111	186	99	100	0.00825472	0	0.419643	2
350	149	426	130	428	99	101	0.0271226	0	0.950893	2
351	446	186	442	187	99	104	0.00589623	0	0.415179	2
352	266	217	262	216	99	100	0.00589623	0	0.484375	2
353	337	428	324	425	100	115	0.0259434	0	0.955357	2
354	165	266	163	268	100	103	0.00707547	0	0.59375	2
355	195	258	190	257	100	102	0.00707547	0	0.575893	2
356	208	236	205	233	100	101	0.0141509	0	0.526786	2
357	243	179	240	179	100	101	0.00353774	0	0.399554	2
358	442	227	434	229	100	102	0.0141509	0	0.506696	2
359	277	206	269	203	100	104	0.0200472	0	0.459821	2
360	231	213	229	214	100	102	0.00353774	0	0.475446	2
361	223	261	222	263	100	101	0.00589623	0	0.582589	2
362	256	273	254	275	100	101	0.00707547	0	0.609375	2
363	229	144	207	129	100	115	0.291274	0	0.321429	2
364	207	273	204	275	101	103	0.00825472	0	0.609375	2
365	260	228	254	223	101	104	0.0365566	0	0.508929	2
366	210	304	201	310	101	104	0.053066	0	0.678571	2
367	98	185	89	184	101	108	0.0117925	0	0.412946	2
368	227	177	224	176	101	102	0.00471698	0	0.395089	2
369	588	95	581	91	101	106	0.0271226	0	0.212054	2
370	205	283	201	286	101	103	0.0153302	0	0.631696	2
371	152	306	150	307	101	102	0.00353774	0	0.683036	2
372	443	211	441	213	101	102	0.00707547	0	0.470982	2
373	276	247	272	243	101	104	0.0235849	0	0.551339	2
374	243	169	242	167	101	102	0.00589623	0	0.377232	2
375	94	132	91	131	101	102	0.00471698	0	0.294643	2
376	224	187	221	187	101	102	0.00353774	0	0.417411	2
377	235	268	234	269	101	102	0.00235849	0	0.598214	2
378	194	312	190	312	101	103	0.00471698	0	0.696429	2
379	159	161	157	162	101	104	0.00353774	0	0.359375	2
380	152	199	152	197	101	102	0.00471698	0	0.444196	1
381	279	335	272	336	101	102	0.00943396	0	0.747768	2
382	110	224	109	222	101	102	0.00589623	0	0.5	2
383	182	278	182	280	102	103	0.00471698	0	0.620536	1
384	164	196	163	195	102	103	0.00235849	0	0.4375	2
385	239	215	238	215	102	103	0.00117925	0	0.479911	2
386	196	220	191	218	102	106	0.0106132	0	0.491071	2
387	236	157	234	157	102	103	0.00235849	0	0.350446	2
388	239	180	238	181	102	103	0.00235849	0	0.401786	2
389	243	339	218	344	102	105	0.0589623	0	0.756696	2
390	142	319	141	318	102	103	0.00235849	0	0.712054	2
391	244	205	242	205	102	104	0.00235849	0	0.457589	2
392	231	240	232	242	102	104	0.00589623	0	0.535714	1
393	246	306	227	308	102	104	0.0271226	0	0.683036	2
394	112	439	97	442	102	104	0.0283019	0	0.979911	2
395	223	189	223	190	103	104	0.00117925	0	0.421875	1
396	210	229	208	228	103	104	0.00353774	0	0.511161	2
397	446	234	445	234	103	104	0.00117925	0	0.522321	2
398	178	159	190	145	103	113	0.245283	0	0.354911	1
399	267	213	266	211	103	104	0.00589623	0	0.475446	2
400	283	444	273	445	103	104	0.0129717	0	0.991071	2
401	243	167	244	166	103	104	0.00235849	0	0.372768	1
402	191	258	189	257	103	105	0.00353774	0	0.575893	2
403	160	301	159	302	103	104	0.00235849	0	0.671875	2
404	225	221	225	220	103	104	0.00117925	0	0.493304	1
405	211	219	209	217	103	105	0.00707547	0	0.488839	2
406	427	218	426	219	103	104	0.00235849	0	0.486607	2
407	45	60	43	59	103	104	0.00353774	0	0.133929	2
408	106	226	100	224	103	107	0.0117925	0	0.504464	2
409	263	341	251	342	103	104	0.0153302	0	0.761161	2
410	434	265	425	263	104	109	0.0153302	0	0.591518	2
411	219	286	218	285	104	105	0.00235849	0	0.638393	2
412	237	184	236	184	104	105	0.00117925	0	0.410714	2
413	449	222	450	222	104	105	0.00117925	0	0.495536	1
414	163	271	160	274	104	107	0.0141509	0	0.604911	2
415	224	367	211	368	104	109	0.0165094	0	0.819196	2
416	149	307	151	304	104	105	0.0129717	0	0.685268	1
417	827	367	820	364	104	115	0.0188679	0	0.819196	2
418	460	228	462	228	104	105	0.00235849	0	0.508929	1
419	234	258	234	257	105	106	0.00117925	0	0.575893	1
420	203	277	204	274	105	112	0.0117925	0	0.618304	1
421	251	221	247	217	105	107	0.0235849	0	0.493304	2
422	223	219	219	218	105	106	0.00589623	0	0.488839	2
423	424	219	418	217	105	111	0.0117925	0	0.488839	2
424	224	359	217	360	105	107	0.00943396	0	0.801339	2
425	208	227	206	226	105	106	0.00353774	0	0.506696	2
426	440	234	438	234	105	106	0.00235849	0	0.522321	2
427	417	244	415	244	105	106	0.00235849	0	0.544643	2
428	228	369	219	367	105	109	0.0153302	0	0.823661	2
429	234	242	236	241	105	107	0.00353774	0	0.540179	1
430	257	271	254	269	105	106	0.00825472	0	0.604911	2
431	245	165	245	164	105	106	0.00117925	0	0.368304	1
432	265	210	260	208	105	107	0.0106132	0	0.46875	2
433	215	309	194	310	105	107	0.0259434	0	0.689732	2
434	161	303	160	302	105	106	0.00235849	0	0.676339	2
435	109	264	103	261	105	115	0.0176887	0	0.589286	2
436	382	244	376	241	105	115	0.0176887	0	0.544643	2
437	261	200	257	199	105	107	0.00589623	0	0.446429	2
438	462	238	455	236	105	110	0.0129717	0	0.53125	2
439	141	309	143	307	105	106	0.00707547	0	0.689732	1
440	264	254	261	252	105	106	0.00825472	0	0.566964	2
441	100	434	26	441	105	114	0.145047	0	0.96875	2
442	427	209	423	204	105	115	0.0341981	0	0.466518	2
443	183	284	180	284	105	108	0.00353774	0	0.633929	2
444	28	271	25	270	105	106	0.00471698	0	0.604911	2
445	204	288	201	288	105	107	0.00353774	0	0.642857	2
446	271	258	266	255	106	109	0.0165094	0	0.575893	2
447	162	192	161	189	106	107	0.0117925	0	0.428571	2
448	41	59	38	58	106	107	0.00471698	0	0.131696	2
449	235	184	231	182	106	108	0.00943396	0	0.410714	2
450	185	256	181	253	106	115	0.0153302	0	0.571429	2
451	453	223	452	222	106	107	0.00235849	0	0.497768	2
452	222	188	221	187	106	107	0.00235849	0	0.419643	2
453	271	240	268	238	106	107	0.00825472	0	0.535714	2
454	335	33	330	30	106	115	0.0165094	0	0.0736607	2
455	147	260	143	257	106	115	0.0153302	0	0.580357	2
456	80	441	24	447	106	113	0.108491	0	0.984375	2
457	581	121	578	118	107	111	0.0141509	0	0.270089	2
458	216	217	209	214	107	109	0.0188679	0	0.484375	2
459	204	225	201	223	107	108	0.00825472	0	0.502232	2
460	213	285	212	283	107	108	0.00589623	0	0.636161	2
461	221	166	219	164	107	108	0.00707547	0	0.370536	2
462	580	91	580	87	107	115	0.0188679	0	0.203125	1
463	233	284	214	283	107	108	0.0235849	0	0.633929	2
464	238	257	238	254	107	108	0.0106132	0	0.573661	1
465	209	350	204	351	107	108	0.00707547	0	0.78125	2
466	246	168	241	166	107	112	0.0106132	0	0.375	2
467	429	254	426	252	107	111	0.00825472	0	0.566964	2
468	431	230	429	228	107	108	0.00707547	0	0.513393	2
469	414	255	411	253	107	109	0.00825472	0	0.569196	2
470	448	237	444	235	107	110	0.00943396	0	0.529018	2
471	188	265	186	263	107	109	0.00707547	0	0.591518	2
472	445	182	447	182	107	114	0.00235849	0	0.40625	1
473	283	278	282	276	107	113	0.00589623	0	0.620536	2
474	95	199	92	197	107	108	0.00825472	0	0.444196	2
475	244	216	242	215	108	109	0.00353774	0	0.482143	2
476	247	270	249	270	108	109	0.00235849	0	0.602679	1
477	24	236	31	234	108	112	0.0129717	0	0.526786	1
478	159	276	157	277	108	109	0.00353774	0	0.616071	2
479	187	348	152	345	108	111	0.0518868	0	0.776786	2
480	239	242	241	241	108	109	0.00353774	0	0.540179	1
481	417	244	415	243	108	110	0.00353774	0	0.544643	2
482	259	206	257	205	108	110	0.00353774	0	0.459821	2
483	182	312	171	311	108	109	0.0141509	0	0.696429	2
484	288	266	290	267	108	115	0.00353774	0	0.59375	1
485	204	326	194	327	108	109	0.0129717	0	0.727679	2
486	154	304	153	304	108	109	0.00117925	0	0.678571	2
487	202	287	202	286	108	109	0.00117925	0	0.640625	1
488	449	220	447	219	108	111	0.00353774	0	0.491071	2
489	231	232	228	229	108	112	0.0141509	0	0.517857	2
490	583	99	585	97	108	115	0.00707547	0	0.220982	1
491	257	230	259	233	109	110	0.0129717	0	0.513393	1
492	199	352	192	350	109	110	0.0129717	0	0.785714	2
493	88	185	86	185	109	110	0.00235849	0	0.412946	2
494	230	183	230	183	109	110	0	0	0.408482	1
495	199	213	199	211	109	110	0.00471698	0	0.475446	1
496	212	357	207	354	109	110	0.0165094	0	0.796875	2
497	433	242	434	240	109	110	0.00589623	0	0.540179	1
498	48	131	46	130	109	110	0.00353774	0	0.292411	2
499	165	183	166	180	109	110	0.0117925	0	0.408482	1
500	268	258	269	257	110	111	0.00235849	0	0.575893	1
501	243	215	242	215	110	113	0.00117925	0	0.479911	2
502	429	266	430	265	110	114	0.00235849	0	0.59375	1
503	434	227	434	225	110	111	0.00471698	0	0.506696	1
504	209	216	208	216	110	111	0.00117925	0	0.482143	2
505	188	316	190	315	110	111	0.00353774	0	0.705357	1
506	204	285	207	279	110	113	0.0459906	0	0.636161	1
507	413	253	414	253	110	111	0.00117925	0	0.564732	1
508	216	286	224	285	110	111	0.0106132	0	0.638393	1
509	175	341	165	342	110	111	0.0129717	0	0.761161	2
510	189	218	189	217	110	111	0.00117925	0	0.486607	1
511	222	160	221	158	110	112	0.00589623	0	0.357143	2
512	24	244	28	244	110	112	0.00471698	0	0.544643	1
513	95	220	95	219	110	115	0.00117925	0	0.491071	1
514	99	204	100	204	110	115	0.00117925	0	0.455357	1
515	147	268	148	268	110	112	0.00117925	0	0.598214	1
516	87	201	85	200	110	111	0.00353774	0	0.448661	2
517	465	227	466	228	110	111	0.00235849	0	0.506696	1
518	219	185	219	184	110	111	0.00117925	0	0.412946	1
519	185	348	161	353	111	113	0.057783	0	0.776786	2
520	169	182	171	180	111	112	0.00707547	0	0.40625	1
521	258	205	257	204	111	112	0.00235849	0	0.457589	2
522	229	193	229	193	111	112	0	0	0.430804	1
523	166	297	165	298	111	113	0.00235849	0	0.662946	2
524	249	244	253	247	111	112	0.0153302	0	0.544643	1
525	423	228	423	227	111	112	0.00117925	0	0.508929	1
526	168	285	168	286	111	113	0.00117925	0	0.636161	1
527	184	278	188	277	112	114	0.00589623	0	0.620536	1
528	205	215	204	214	112	113	0.00235849	0	0.479911	2
529	580	117	582	116	112	115	0.00353774	0	0.261161	1
530	194	312	198	311	112	113	0.00589623	0	0.696429	1
531	422	248	424	247	112	113	0.00353774	0	0.553571	1
532	256	277	257	279	112	113	0.00589623	0	0.618304	1
533	436	224	437	222	112	113	0.00589623	0	0.5	1
534	232	260	231	258	112	113	0.00589623	0	0.580357	2
535	84	202	83	201	112	113	0.00235849	0	0.450893	2
536	193	325	195	326	112	113	0.00353774	0	0.725446	1
537	252	191	255	190	112	115	0.00471698	0	0.426339	1
538	447	220	447	220	112	113	0	0	0.491071	1
539	218	185	216	185	112	113	0.00235849	0	0.412946	2
540	181	328	184	326	112	113	0.00825472	0	0.732143	1
541	163	327	153	326	112	113	0.0129717	0	0.729911	2
542	225	173	225	172	112	113	0.00117925	0	0.386161	1
543	420	217	422	215	112	115	0.00707547	0	0.484375	1
544	161	273	161	272	112	115	0.00117925	0	0.609375	1
545	83	184	84	184	112	114	0.00117925	0	0.410714	1
546	156	284	155	284	112	114	0.00117925	0	0.633929	2
547	143	310	125	310	112	114	0.0212264	0	0.691964	2
548	195	228	196	227	112	115	0.00235849	0	0.508929	1
549	187	218	188	218	112	115	0.00117925	0	0.486607	1
550	174	179	177	179	113	115	0.00353774	0	0.399554	1
551	149	376	148	377	113	115	0.00235849	0	0.839286	2
552	209	269	210	269	113	114	0.00117925	0	0.600446	1
553	424	225	425	224	113	114	0.00235849	0	0.502232	1
554	438	235	439	235	113	114	0.00117925	0	0.524554	1
555	171	311	171	311	113	115	0	0	0.694196	1
556	291	243	291	242	113	114	0.00117925	0	0.542411	1
557	205	253	209	253	113	115	0.00471698	0	0.564732	1
558	36	58	37	58	113	115	0.00117925	0	0.129464	1
559	219	190	218	191	114	115	0.00235849	0	0.424107	2
560	204	214	204	214	114	115	0	0	0.477679	1
561	84	201	84	200	114	115	0.00117925	0	0.448661	1
562	205	311	208	311	114	115	0.00353774	0	0.694196	1
563	243	215	242	214	114	115	0.00235849	0	0.479911	2
564	469	235	469	235	114	115	0	0	0.524554	1
565	449	223	450	224	114	115	0.00235849	0	0.497768	1
566	225	264	225	264	114	115	0	0	0.589286	1
567	419	246	420	246	114	115	0.00117925	0	0.549107	1
568	207	279	208	279	114	115	0.00117925	0	0.622768	1
569	246	168	247	167	114	115	0.00235849	0	0.375	1
570	196	260	198	261	114	115	0.00353774	0	0.580357	1
571	457	233	456	235	114	115	0.00589623	0	0.520089	2
572	154	309	153	310	114	115	0.00235849	0	0.689732	2
573	172	353	156	357	114	115	0.0377358	0	0.787946	2
574	253	211	252	210	114	115	0.00235849	0	0.470982	2
575	191	129	192	127	114	115	0.00589623	0	0.287946	1
576	79	211	79	211	114	115	0	0	0.470982	1