
0	374	204	374	202	122	123	0.00633914	0	0.448352	1
1	389	212	388	211	122	123	0.00316957	0	0.465934	2
2	446	221	445	219	123	124	0.00792393	0	0.485714	2
3	305	88	305	86	123	125	0.00633914	0	0.193407	1
4	438	198	437	196	123	124	0.00792393	0	0.435165	2
5	448	338	448	337	123	124	0.00158479	0	0.742857	1
6	380	180	380	178	123	124	0.00633914	0	0.395604	1
7	667	455	667	454	123	124	0.00158479	0	1	1
8	352	169	351	166	123	126	0.0158479	0	0.371429	2
9	444	211	443	209	123	124	0.00792393	0	0.463736	2
10	459	220	457	219	124	125	0.00475436	0	0.483516	2
11	375	242	376	243	124	128	0.00316957	0	0.531868	1
12	179	43	179	44	124	128	0.00158479	0	0.0945055	1
13	387	281	388	281	124	126	0.00158479	0	0.617582	1
14	478	172	476	173	124	126	0.00475436	0	0.378022	2
15	375	202	375	201	124	125	0.00158479	0	0.443956	1
16	388	212	387	212	124	126	0.00158479	0	0.465934	2
17	420	168	420	163	124	127	0.0396197	0	0.369231	1
18	360	183	361	183	124	125	0.00158479	0	0.402198	1
19	479	182	478	181	124	125	0.00316957	0	0.4	2
20	412	91	414	92	124	128	0.00475436	0	0.2	1
21	253	50	266	52	124	135	0.0269414	0	0.10989	1
22	435	194	433	192	125	126	0.00950872	0	0.426374	2
23	445	219	443	217	125	126	0.00950872	0	0.481319	2
24	381	179	381	178	125	126	0.00158479	0	0.393407	1
25	389	292	391	291	125	126	0.00475436	0	0.641758	1
26	345	185	348	185	125	130	0.00475436	0	0.406593	1
27	690	294	691	293	125	127	0.00316957	0	0.646154	1
28	424	91	426	92	125	128	0.00475436	0	0.2	1
29	381	303	382	303	125	126	0.00158479	0	0.665934	1
30	667	455	667	454	125	126	0.00158479	0	1	1
31	686	278	748	282	125	141	0.123613	0	0.610989	1
32	304	87	304	86	126	127	0.00158479	0	0.191209	1
33	417	81	417	80	126	127	0.00158479	0	0.178022	1
34	696	313	705	315	126	134	0.0206022	0	0.687912	1
35	420	197	420	197	126	127	0	0	0.432967	1
36	472	238	472	238	126	127	0	0	0.523077	1
37	450	332	451	331	126	127	0.00316957	0	0.72967	1
38	477	249	477	249	127	129	0	0	0.547253	1
39	476	174	475	175	127	128	0.00316957	0	0.382418	2
40	386	278	389	277	127	130	0.00633914	0	0.610989	1
41	682	314	769	329	127	148	0.494453	0	0.69011	1
42	384	205	387	206	127	129	0.00633914	0	0.450549	1
43	432	192	430	191	127	128	0.00475436	0	0.421978	2
44	356	150	356	149	127	128	0.00158479	0	0.32967	1
45	156	73	160	73	127	132	0.00633914	0	0.16044	1
46	298	100	306	101	127	134	0.0142631	0	0.21978	1
47	387	147	392	148	127	132	0.00950872	0	0.323077	1
48	386	237	389	237	127	128	0.00475436	0	0.520879	1
49	396	210	400	210	127	129	0.00633914	0	0.461538	1
50	239	168	239	168	127	128	0	0	0.369231	1
51	304	86	305	85	128	130	0.00316957	0	0.189011	1
52	418	81	419	81	128	129	0.00158479	0	0.178022	1
53	686	293	693	296	128	134	0.0253566	0	0.643956	1
54	698	287	706	288	128	134	0.0142631	0	0.630769	1
55	444	217	442	216	128	129	0.00475436	0	0.476923	2
56	24	114	135	129	128	160	0.532488	0	0.250549	1
57	427	167	434	167	128	134	0.0110935	0	0.367033	1
58	674	327	776	350	128	155	1	0	0.718681	1
59	414	103	415	102	128	131	0.00316957	0	0.226374	1
60	380	253	379	252	128	129	0.00316957	0	0.556044	2
61	152	49	154	49	129	131	0.00316957	0	0.107692	1
62	381	236	383	236	129	130	0.00316957	0	0.518681	1
63	475	177	474	178	129	131	0.00316957	0	0.389011	2
64	189	49	214	50	129	137	0.0412044	0	0.107692	1
65	357	148	358	146	129	132	0.00792393	0	0.325275	1
66	179	46	186	46	129	134	0.0110935	0	0.101099	1
67	395	131	397	130	129	131	0.00475436	0	0.287912	1
68	419	176	419	174	129	130	0.00633914	0	0.386813	1
69	437	199	434	199	129	130	0.00475436	0	0.437363	2
70	610	348	716	369	129	160	0.866878	0	0.764835	1
71	408	155	409	154	129	130	0.00316957	0	0.340659	1
72	469	201	472	203	129	134	0.0110935	0	0.441758	1
73	420	81	424	80	130	133	0.00792393	0	0.178022	1
74	392	207	399	207	130	132	0.0110935	0	0.454945	1
75	241	226	244	226	130	133	0.00475436	0	0.496703	1
76	376	216	377	216	130	131	0.00158479	0	0.474725	1
77	137	49	154	50	131	136	0.0285261	0	0.107692	1
78	305	86	309	86	131	134	0.00633914	0	0.189011	1
79	391	278	396	278	131	134	0.00792393	0	0.610989	1
80	364	210	364	210	131	132	0	0	0.461538	1
81	387	240	388	240	131	132	0.00158479	0	0.527473	1
82	390	293	394	294	131	134	0.00792393	0	0.643956	1
83	459	355	511	358	131	140	0.0966719	0	0.78022	1
84	24	375	129	389	131	160	0.477021	0	0.824176	1
85	433	199	431	199	131	132	0.00316957	0	0.437363	2
86	424	185	422	184	131	132	0.00475436	0	0.406593	2
87	380	227	381	227	131	132	0.00158479	0	0.498901	1
88	318	107	319	107	131	132	0.00158479	0	0.235165	1
89	445	247	443	248	132	133	0.00475436	0	0.542857	2
90	475	179	480	179	132	135	0.00792393	0	0.393407	1
91	374	217	379	217	132	134	0.00792393	0	0.476923	1
92	399	129	405	128	132	134	0.0110935	0	0.283516	1
93	394	167	398	166	132	134	0.00792393	0	0.367033	1
94	411	151	412	150	132	133	0.00316957	0	0.331868	1
95	242	166	264	165	132	137	0.0364501	0	0.364835	1
96	365	211	367	211	133	134	0.00316957	0	0.463736	1
97	359	146	380	145	133	137	0.0348653	0	0.320879	1
98	55	110	137	119	133	147	0.25832	0	0.241758	1
99	434	94	449	95	133	136	0.0253566	0	0.206593	1
100	153	49	156	49	133	134	0.00475436	0	0.107692	1
101	391	239	395	239	133	134	0.00633914	0	0.525275	1
102	387	315	444	319	133	141	0.115689	0	0.692308	1
103	391	224	396	224	133	134	0.00792393	0	0.492308	1
104	421	171	423	170	133	134	0.00475436	0	0.375824	1
105	424	184	425	184	133	134	0.00158479	0	0.404396	1
106	162	75	176	75	133	136	0.022187	0	0.164835	1
107	121	48	135	48	133	136	0.022187	0	0.105495	1
108	446	250	463	251	134	137	0.0285261	0	0.549451	1
109	553	178	557	179	134	135	0.00792393	0	0.391209	1
110	415	149	420	148	134	135	0.00950872	0	0.327473	1
111	567	246	586	246	134	137	0.0301109	0	0.540659	1
112	660	386	768	401	134	160	0.527734	0	0.848352	1
113	678	449	727	454	135	141	0.117274	0	0.986813	1
114	159	49	165	49	135	136	0.00950872	0	0.107692	1
115	699	297	761	303	135	145	0.155309	0	0.652747	1
116	256	47	352	64	135	160	0.610143	0	0.103297	1
117	402	278	425	279	135	138	0.0380349	0	0.610989	1
118	397	294	428	295	135	139	0.0507132	0	0.646154	1
119	394	177	416	177	135	138	0.0348653	0	0.389011	1
120	255	58	351	75	135	160	0.610143	0	0.127473	1
121	373	211	386	211	135	137	0.0206022	0	0.463736	1
122	227	48	314	67	135	155	0.709984	0	0.105495	1
123	383	171	393	171	135	137	0.0158479	0	0.375824	1
124	395	220	454	225	135	143	0.133122	0	0.483516	1
125	426	353	518	370	135	160	0.603803	0	0.775824	1
126	431	246	483	250	135	141	0.107765	0	0.540659	1
127	383	218	432	221	135	141	0.0919176	0	0.479121	1
128	712	314	778	321	135	147	0.18225	0	0.69011	1
129	456	240	461	240	135	136	0.00792393	0	0.527473	1
130	93	113	188	128	135	159	0.507132	0	0.248352	1
131	429	169	443	168	135	137	0.0237718	0	0.371429	1
132	252	226	337	245	135	154	0.706815	0	0.496703	1
133	465	41	574	59	135	160	0.686212	0	0.0901099	1
134	432	80	474	82	135	140	0.0729002	0	0.175824	1
135	235	178	284	180	135	143	0.0839937	0	0.391209	1
136	273	40	369	56	135	160	0.557845	0	0.0879121	1
137	433	98	447	98	135	137	0.022187	0	0.215385	1
138	486	242	510	247	135	139	0.0776545	0	0.531868	1
139	312	102	366	106	135	142	0.110935	0	0.224176	1
140	416	221	425	221	135	136	0.0142631	0	0.485714	1
141	458	294	516	300	135	143	0.14897	0	0.646154	1
142	24	234	119	248	135	160	0.461173	0	0.514286	1
143	565	233	644	239	135	147	0.18225	0	0.512088	1
144	481	189	484	189	135	136	0.00475436	0	0.415385	1
145	652	344	745	363	135	160	0.719493	0	0.756044	1
146	564	180	580	182	136	138	0.0316957	0	0.395604	1
147	426	148	453	148	136	139	0.0427892	0	0.325275	1
148	450	219	457	218	136	137	0.0126783	0	0.481319	1
149	485	179	506	178	136	139	0.0348653	0	0.393407	1
150	450	198	474	197	136	139	0.0396197	0	0.435165	1
151	409	240	430	241	136	138	0.0348653	0	0.527473	1
152	552	164	611	171	136	146	0.171157	0	0.36044	1
153	417	289	438	292	136	139	0.0475436	0	0.635165	1
154	162	50	232	68	137	153	0.624406	0	0.10989	1
155	174	50	183	50	137	138	0.0142631	0	0.10989	1
156	458	95	507	99	137	143	0.103011	0	0.208791	1
157	468	241	485	241	137	139	0.0269414	0	0.52967	1
158	694	410	746	414	137	146	0.107765	0	0.901099	1
159	417	166	443	165	137	140	0.0427892	0	0.364835	1
160	143	48	179	50	137	141	0.0633914	0	0.105495	1
161	519	420	594	435	137	160	0.475436	0	0.923077	1
162	680	395	767	410	137	160	0.494453	0	0.868132	1
163	580	281	664	298	137	160	0.591125	0	0.617582	1
164	473	251	490	252	138	140	0.0285261	0	0.551648	1
165	391	146	416	147	138	141	0.0412044	0	0.320879	1
166	220	48	266	54	138	146	0.129952	0	0.105495	1
167	417	41	471	51	138	149	0.244057	0	0.0901099	1
168	288	50	360	66	138	160	0.51981	0	0.10989	1
169	465	219	473	218	138	139	0.0142631	0	0.481319	1
170	442	208	468	207	138	141	0.0427892	0	0.457143	1
171	396	212	405	213	138	139	0.0158479	0	0.465934	1
172	703	431	736	435	138	143	0.0776545	0	0.947253	1
173	465	82	484	83	138	140	0.0316957	0	0.18022	1
174	273	163	299	163	138	141	0.0412044	0	0.358242	1
175	194	75	220	76	138	141	0.0427892	0	0.164835	1
176	195	52	213	53	139	141	0.0301109	0	0.114286	1
177	27	378	87	391	139	160	0.362916	0	0.830769	1
178	434	279	475	288	139	149	0.193344	0	0.613187	1
179	582	184	609	188	139	144	0.0681458	0	0.404396	1
180	458	236	467	236	139	140	0.0142631	0	0.518681	1
181	425	178	433	178	139	140	0.0126783	0	0.391209	1
182	31	236	83	249	140	160	0.350238	0	0.518681	1
183	425	43	470	60	140	154	0.529319	0	0.0945055	1
184	477	101	496	103	140	143	0.0364501	0	0.221978	1
185	476	217	484	216	140	141	0.0142631	0	0.476923	1
186	476	159	485	159	140	141	0.0142631	0	0.349451	1
187	568	199	620	216	140	155	0.540412	0	0.437363	1
188	516	221	523	221	140	141	0.0110935	0	0.485714	1
189	526	410	575	424	140	160	0.388273	0	0.901099	1
190	413	215	427	217	140	142	0.0285261	0	0.472527	1
191	476	169	484	169	140	141	0.0126783	0	0.371429	1
192	494	199	499	199	141	142	0.00792393	0	0.437363	1
193	447	297	456	298	141	143	0.0158479	0	0.652747	1
194	498	254	504	255	141	142	0.0110935	0	0.558242	1
195	233	48	254	54	141	147	0.0903328	0	0.105495	1
196	448	173	456	174	141	143	0.0142631	0	0.38022	1
197	526	302	560	312	141	160	0.212361	0	0.663736	1
198	492	83	503	84	141	143	0.0190174	0	0.182418	1
199	519	358	528	360	141	143	0.0206022	0	0.786813	1
200	220	54	231	56	142	145	0.0237718	0	0.118681	1
201	186	51	217	67	142	155	0.454834	0	0.112088	1
202	491	244	497	245	142	144	0.0110935	0	0.536264	1
203	276	230	279	230	142	143	0.00475436	0	0.505495	1
204	613	187	617	187	142	143	0.00633914	0	0.410989	1
205	489	216	492	215	142	143	0.00633914	0	0.474725	1
206	437	223	443	224	142	144	0.0110935	0	0.49011	1
207	219	79	228	81	142	145	0.0206022	0	0.173626	1
208	475	244	479	244	142	143	0.00633914	0	0.536264	1
209	493	159	504	162	142	145	0.0316957	0	0.349451	1
210	530	219	550	226	142	149	0.10935	0	0.481319	1
211	418	149	438	155	142	149	0.088748	0	0.327473	1
212	754	283	788	293	142	160	0.212361	0	0.621978	1
213	499	219	503	219	142	143	0.00633914	0	0.481319	1
214	487	229	490	227	143	144	0.0110935	0	0.503297	1
215	509	257	511	257	143	144	0.00316957	0	0.564835	1
216	431	220	439	223	143	147	0.0269414	0	0.483516	1
217	518	164	520	164	143	144	0.00316957	0	0.36044	1
218	458	301	462	302	144	146	0.00792393	0	0.661538	1
219	507	85	510	85	144	145	0.00475436	0	0.186813	1
220	458	226	460	226	144	145	0.00316957	0	0.496703	1
221	521	267	529	269	144	147	0.0190174	0	0.586813	1
222	282	232	287	233	144	146	0.00950872	0	0.50989	1
223	482	245	484	245	144	145	0.00316957	0	0.538462	1
224	739	436	746	438	144	147	0.0174326	0	0.958242	1
225	528	361	533	362	144	146	0.00950872	0	0.793407	1
226	141	114	163	127	144	153	0.302694	0	0.250549	1
227	500	95	509	97	144	147	0.0206022	0	0.208791	1
228	619	186	622	187	144	146	0.00633914	0	0.408791	1
229	497	255	502	255	144	146	0.00792393	0	0.56044	1
230	529	182	533	187	144	149	0.0459588	0	0.4	1
231	377	47	407	58	144	160	0.239303	0	0.103297	1
232	483	203	490	205	144	148	0.0174326	0	0.446154	1
233	500	245	509	249	145	149	0.0396197	0	0.538462	1
234	446	224	448	225	145	146	0.00475436	0	0.492308	1
235	493	227	494	226	145	146	0.00316957	0	0.498901	1
236	463	167	466	167	145	147	0.00475436	0	0.367033	1
237	522	166	523	167	145	146	0.00316957	0	0.364835	1
238	287	184	289	188	145	147	0.0285261	0	0.404396	1
239	499	214	502	214	145	146	0.00475436	0	0.47033	1
240	447	186	450	187	145	147	0.00633914	0	0.408791	1
241	771	294	790	304	145	156	0.18859	0	0.646154	1
242	234	57	243	61	146	149	0.0396197	0	0.125275	1
243	462	228	469	232	146	149	0.0364501	0	0.501099	1
244	513	86	516	86	146	147	0.00475436	0	0.189011	1
245	487	245	493	249	146	149	0.0348653	0	0.538462	1
246	765	305	773	308	146	149	0.0269414	0	0.67033	1
247	400	102	402	102	146	147	0.00316957	0	0.224176	1
248	505	170	511	173	146	148	0.0237718	0	0.373626	1
249	466	303	479	313	147	154	0.179081	0	0.665934	1
250	623	191	624	192	147	148	0.00316957	0	0.41978	1
251	453	228	455	229	147	148	0.00475436	0	0.501099	1
252	749	416	770	427	147	160	0.22504	0	0.914286	1
253	496	233	499	235	147	149	0.0110935	0	0.512088	1
254	540	365	559	373	147	158	0.131537	0	0.802198	1
255	505	256	516	265	147	152	0.1458	0	0.562637	1
256	290	235	292	236	147	148	0.00475436	0	0.516484	1
257	493	161	499	164	147	149	0.0237718	0	0.353846	1
258	234	84	257	91	147	160	0.114105	0	0.184615	1
259	272	56	288	66	147	155	0.183835	0	0.123077	1
260	529	349	533	352	147	149	0.0206022	0	0.767033	1
261	237	73	261	80	147	160	0.115689	0	0.16044	1
262	519	90	522	92	148	149	0.0110935	0	0.197802	1
263	406	106	408	107	148	149	0.00475436	0	0.232967	1
264	443	227	445	229	148	149	0.00950872	0	0.498901	1
265	256	55	269	64	148	155	0.14897	0	0.120879	1
266	647	242	662	250	148	153	0.125198	0	0.531868	1
267	750	440	752	442	148	149	0.00950872	0	0.967033	1
268	141	122	153	131	148	154	0.147385	0	0.268132	1
269	312	195	326	203	148	155	0.123613	0	0.428571	1
270	24	262	27	264	148	149	0.0110935	0	0.575824	1
271	172	110	193	115	148	160	0.0729002	0	0.241758	1
272	472	179	476	184	148	151	0.0459588	0	0.393407	1
273	772	332	779	338	149	153	0.0681458	0	0.72967	1
274	292	56	311	60	149	160	0.0554675	0	0.123077	1
275	494	200	498	203	149	151	0.0206022	0	0.43956	1
276	246	64	263	65	150	160	0.0285261	0	0.140659	1
277	497	253	502	259	150	154	0.0649762	0	0.556044	1
278	473	234	481	237	150	156	0.0269414	0	0.514286	1
279	528	93	535	96	150	153	0.0253566	0	0.204396	1
280	236	63	251	64	150	160	0.0253566	0	0.138462	1
281	534	267	537	269	150	151	0.0110935	0	0.586813	1
282	30	267	38	271	150	153	0.0380349	0	0.586813	1
283	754	444	767	449	150	160	0.0602219	0	0.975824	1
284	495	263	509	268	150	160	0.0618067	0	0.578022	1
285	534	190	534	192	150	155	0.00633914	0	0.417582	1
286	462	233	467	237	150	154	0.0332805	0	0.512088	1
287	553	229	554	230	150	151	0.00316957	0	0.503297	1
288	541	277	545	280	150	152	0.0206022	0	0.608791	1
289	447	234	448	235	150	151	0.00316957	0	0.514286	1
290	82	69	98	69	150	160	0.0253566	0	0.151648	1
291	618	174	621	176	150	152	0.0110935	0	0.382418	1
292	556	337	561	339	150	156	0.0142631	0	0.740659	1
293	295	198	298	199	150	152	0.00633914	0	0.435165	1
294	528	212	530	213	150	151	0.00475436	0	0.465934	1
295	27	388	40	386	150	160	0.0269414	0	0.852747	1
296	509	168	513	170	151	153	0.0126783	0	0.369231	1
297	624	200	626	201	151	152	0.00475436	0	0.43956	1
298	418	114	422	115	152	154	0.00792393	0	0.250549	1
299	451	235	452	236	152	153	0.00316957	0	0.516484	1
300	478	185	479	185	152	154	0.00158479	0	0.406593	1
301	510	210	511	211	152	153	0.00316957	0	0.461538	1
302	532	216	534	217	152	153	0.00475436	0	0.474725	1
303	450	197	451	198	152	154	0.00316957	0	0.432967	1
304	794	344	794	345	152	153	0.00158479	0	0.756044	1
305	542	274	552	273	153	160	0.0174326	0	0.602198	1
306	518	266	520	266	153	157	0.00316957	0	0.584615	1
307	525	108	529	108	153	155	0.00633914	0	0.237363	1
308	781	338	782	338	154	155	0.00158479	0	0.742857	1
309	533	98	540	97	154	158	0.0126783	0	0.215385	1
310	42	272	44	272	154	155	0.00316957	0	0.597802	1
311	533	225	534	225	154	155	0.00158479	0	0.494505	1
312	665	252	673	251	154	158	0.0142631	0	0.553846	1
313	792	347	791	348	154	155	0.00316957	0	0.762637	2
314	585	450	591	448	154	160	0.0158479	0	0.989011	1
315	454	240	454	240	154	155	0	0	0.527473	1
316	514	171	515	171	154	155	0.00158479	0	0.375824	1
317	514	215	519	217	154	157	0.0142631	0	0.472527	1
318	541	118	552	117	154	160	0.0190174	0	0.259341	1
319	481	314	484	309	155	160	0.044374	0	0.69011	1
320	504	260	505	259	155	157	0.00316957	0	0.571429	1
321	425	115	434	113	155	160	0.0206022	0	0.252747	1
322	159	129	161	128	155	157	0.00475436	0	0.283516	1
323	474	60	482	58	155	160	0.0190174	0	0.131868	1
324	169	128	172	127	155	156	0.00633914	0	0.281319	1
325	340	246	346	243	155	160	0.0237718	0	0.540659	1
326	515	187	516	186	155	156	0.00316957	0	0.410989	1
327	184	70	191	65	155	160	0.0507132	0	0.153846	1
328	455	162	460	160	155	158	0.0142631	0	0.356044	1
329	542	361	546	359	155	160	0.0126783	0	0.793407	1
330	48	86	55	80	155	160	0.0681458	0	0.189011	1
331	784	337	788	337	156	160	0.00633914	0	0.740659	1
332	220	67	226	63	156	160	0.0348653	0	0.147253	1
333	316	65	317	64	156	157	0.00316957	0	0.142857	1
334	291	68	297	65	156	160	0.0237718	0	0.149451	1
335	271	65	277	61	156	160	0.0348653	0	0.142857	1
336	51	269	56	265	156	158	0.0332805	0	0.591209	1
337	534	191	534	190	156	157	0.00158479	0	0.41978	1
338	479	185	482	182	156	160	0.0190174	0	0.406593	1
339	127	50	133	45	156	160	0.0491284	0	0.10989	1
340	774	349	778	349	156	160	0.00633914	0	0.767033	1
341	328	184	332	181	156	160	0.0206022	0	0.404396	1
342	510	161	514	159	156	160	0.0126783	0	0.353846	1
343	621	216	624	215	156	158	0.00633914	0	0.474725	1
344	676	266	683	264	156	160	0.0174326	0	0.584615	1
345	536	181	538	181	156	158	0.00316957	0	0.397802	1
346	483	238	484	236	157	158	0.00792393	0	0.523077	1
347	457	239	460	237	157	160	0.0110935	0	0.525275	1
348	140	49	145	45	157	160	0.0332805	0	0.107692	1
349	540	240	542	239	157	158	0.00475436	0	0.527473	1
350	173	128	176	126	157	158	0.0110935	0	0.281319	1
351	561	339	562	335	157	160	0.0269414	0	0.745055	1
352	164	127	167	125	158	160	0.0110935	0	0.279121	1
353	506	258	507	257	158	159	0.00316957	0	0.567033	1
354	628	204	630	203	158	159	0.00475436	0	0.448352	1
355	319	64	322	62	158	160	0.0110935	0	0.140659	1
356	516	258	515	257	158	159	0.00316957	0	0.567033	2
357	485	235	485	234	159	160	0.00158479	0	0.516484	1
358	445	236	444	236	159	160	0.00158479	0	0.518681	2
359	177	125	179	124	159	160	0.00475436	0	0.274725	1
360	522	242	523	241	159	160	0.00316957	0	0.531868	1
361	61	264	63	263	159	160	0.00475436	0	0.58022	1
362	534	189	534	188	159	160	0.00158479	0	0.415385	1
363	545	240	547	240	159	160	0.00316957	0	0.527473	1
364	677	252	678	252	159	160	0.00158479	0	0.553846	1
365	462	160	463	160	159	160	0.00158479	0	0.351648	1
366	456	190	456	189	159	160	0.00158479	0	0.417582	1
367	332	200	333	199	159	160	0.00316957	0	0.43956	1
368	562	375	563	374	159	160	0.00316957	0	0.824176	1