
0	469	236	469	233	107	108	0.0371901	0	0.563246	1
1	442	205	442	203	107	108	0.0165289	0	0.48926	1
2	427	197	427	195	107	108	0.0165289	0	0.470167	1
3	383	189	383	188	107	108	0.00413223	0	0.451074	1
4	541	344	567	350	107	119	0.256198	0	0.821002	1
5	512	254	512	253	107	109	0.00413223	0	0.606205	1
6	169	76	170	75	108	110	0.00826446	0	0.181384	1
7	568	245	570	244	108	112	0.0123967	0	0.584726	1
8	412	214	412	206	108	112	0.264463	0	0.51074	1
9	486	219	484	218	108	109	0.0123967	0	0.522673	2
10	444	191	443	190	108	109	0.00826446	0	0.455847	2
11	428	194	428	193	109	110	0.00413223	0	0.463007	1
12	471	230	472	227	109	110	0.0413223	0	0.548926	1
13	420	114	419	114	109	110	0.00413223	0	0.272076	2
14	391	228	392	228	109	110	0.00413223	0	0.544153	1
15	516	405	520	401	109	117	0.0826446	0	0.966587	1
16	561	230	562	231	109	111	0.00826446	0	0.548926	1
17	541	240	531	240	110	117	0.0413223	0	0.572792	2
18	512	264	514	262	110	115	0.0247934	0	0.630072	1
19	548	383	552	383	110	112	0.0165289	0	0.914081	1
20	402	229	404	227	110	112	0.0247934	0	0.546539	1
21	440	187	439	185	110	111	0.0206612	0	0.446301	2
22	551	250	549	251	110	111	0.0123967	0	0.596659	2
23	495	185	496	186	110	111	0.00826446	0	0.441527	1
24	437	223	439	221	110	114	0.0247934	0	0.53222	1
25	504	254	505	253	110	112	0.00826446	0	0.606205	1
26	287	200	287	200	110	111	0	0	0.477327	1
27	238	115	238	114	110	111	0.00413223	0	0.274463	1
28	412	239	410	236	110	112	0.0454545	0	0.570406	2
29	429	191	430	189	111	112	0.0206612	0	0.455847	1
30	471	212	470	211	111	112	0.00826446	0	0.505967	2
31	287	190	294	196	111	120	0.177686	0	0.453461	1
32	170	70	173	68	111	115	0.0289256	0	0.167064	1
33	421	114	421	113	111	112	0.00413223	0	0.272076	1
34	439	110	442	109	111	113	0.0165289	0	0.26253	1
35	397	216	399	214	111	113	0.0247934	0	0.515513	1
36	276	122	277	120	111	112	0.0206612	0	0.291169	1
37	539	375	541	376	111	113	0.0123967	0	0.894988	1
38	345	137	348	137	111	113	0.0123967	0	0.326969	1
39	416	256	416	255	112	113	0.00413223	0	0.610979	1
40	494	230	492	226	112	114	0.0743802	0	0.548926	2
41	594	160	601	161	112	119	0.0330579	0	0.381862	1
42	547	366	549	366	112	114	0.00826446	0	0.873508	1
43	245	266	244	265	112	113	0.00826446	0	0.634845	2
44	57	78	57	76	112	116	0.0165289	0	0.186158	1
45	519	153	518	152	112	114	0.00826446	0	0.365155	2
46	288	200	288	201	112	113	0.00413223	0	0.477327	1
47	549	254	547	254	112	113	0.00826446	0	0.606205	2
48	391	201	389	198	112	114	0.0454545	0	0.479714	2
49	187	121	192	116	112	124	0.123967	0	0.288783	1
50	537	277	529	275	112	117	0.0495868	0	0.661098	2
51	80	74	86	70	112	142	0.0909091	0	0.176611	1
52	433	188	434	186	113	114	0.0206612	0	0.448687	1
53	507	253	507	251	113	116	0.0165289	0	0.603819	1
54	405	226	405	225	113	114	0.00413223	0	0.539379	1
55	571	245	574	242	113	119	0.0495868	0	0.584726	1
56	556	273	546	272	113	119	0.0454545	0	0.651551	2
57	554	204	537	219	113	139	1	0	0.486874	2
58	429	98	432	96	113	115	0.0289256	0	0.23389	1
59	439	199	437	197	113	114	0.0247934	0	0.47494	2
60	421	207	422	205	113	115	0.0206612	0	0.494033	1
61	469	210	465	207	113	115	0.053719	0	0.501193	2
62	421	117	422	115	113	115	0.0206612	0	0.279236	1
63	555	384	560	385	113	118	0.0247934	0	0.916468	1
64	62	290	59	292	113	145	0.0289256	0	0.692124	2
65	242	250	242	250	113	115	0	0	0.596659	1
66	562	283	563	281	113	117	0.0206612	0	0.675418	1
67	416	255	416	254	114	115	0.00413223	0	0.608592	1
68	567	220	567	220	114	115	0	0	0.52506	1
69	538	259	533	257	114	116	0.0371901	0	0.618138	2
70	425	233	425	232	114	115	0.00413223	0	0.556086	1
71	402	214	403	213	114	115	0.00826446	0	0.51074	1
72	243	265	243	264	114	117	0.00413223	0	0.632458	1
73	544	380	545	379	114	115	0.00826446	0	0.906921	1
74	282	119	284	118	114	115	0.0123967	0	0.28401	1
75	431	210	431	209	114	115	0.00413223	0	0.501193	1
76	533	391	535	390	115	116	0.0123967	0	0.933174	1
77	368	204	368	202	115	116	0.0165289	0	0.486874	1
78	406	225	406	224	115	116	0.00413223	0	0.536993	1
79	238	238	239	237	115	116	0.00826446	0	0.568019	1
80	552	367	557	366	115	117	0.0247934	0	0.875895	1
81	441	222	441	221	115	116	0.00413223	0	0.529833	1
82	288	206	288	207	115	116	0.00413223	0	0.491647	1
83	272	248	273	246	115	119	0.0206612	0	0.591885	1
84	256	231	257	230	115	116	0.00826446	0	0.551313	1
85	436	185	436	183	115	116	0.0165289	0	0.441527	1
86	520	126	526	130	115	133	0.0909091	0	0.300716	1
87	390	198	390	193	115	119	0.103306	0	0.472554	1
88	568	220	567	220	116	117	0.00413223	0	0.52506	2
89	417	232	417	232	116	117	0	0	0.553699	1
90	420	202	420	201	116	117	0.00413223	0	0.4821	1
91	548	383	550	383	116	117	0.00826446	0	0.914081	1
92	515	261	514	260	116	117	0.00826446	0	0.622912	2
93	428	110	430	108	116	118	0.0247934	0	0.26253	1
94	439	95	445	91	116	119	0.0909091	0	0.22673	1
95	46	75	46	73	116	119	0.0165289	0	0.178998	1
96	172	66	173	64	116	119	0.0206612	0	0.157518	1
97	451	58	455	62	116	145	0.0826446	0	0.138425	1
98	407	190	405	187	116	119	0.0454545	0	0.453461	2
99	537	376	540	374	116	117	0.0289256	0	0.897375	1
100	423	248	423	247	117	118	0.00413223	0	0.591885	1
101	294	116	294	115	117	118	0.00413223	0	0.27685	1
102	294	205	295	205	117	119	0.00413223	0	0.48926	1
103	405	228	405	227	117	118	0.00413223	0	0.544153	1
104	413	253	412	252	117	118	0.00826446	0	0.603819	2
105	58	75	58	74	117	119	0.00413223	0	0.178998	1
106	376	194	376	192	117	118	0.0165289	0	0.463007	1
107	190	73	190	72	117	119	0.00413223	0	0.174224	1
108	360	107	365	111	117	145	0.0867769	0	0.25537	1
109	207	379	211	384	117	145	0.119835	0	0.904535	1
110	527	278	527	277	118	119	0.00413223	0	0.663484	1
111	499	187	499	187	118	119	0	0	0.446301	1
112	417	232	417	232	118	119	0	0	0.553699	1
113	245	264	245	263	118	119	0.00413223	0	0.630072	1
114	529	239	500	237	118	128	0.136364	0	0.570406	2
115	560	275	556	274	118	119	0.0206612	0	0.656325	2
116	259	231	260	231	118	119	0.00413223	0	0.551313	1
117	710	397	710	396	118	119	0.00413223	0	0.947494	1
118	490	231	488	228	118	119	0.0454545	0	0.551313	2
119	387	180	386	179	118	119	0.00826446	0	0.429594	2
120	424	250	424	250	119	120	0	0	0.596659	1
121	404	226	404	225	119	120	0.00413223	0	0.539379	1
122	389	215	387	215	119	120	0.00826446	0	0.513126	2
123	423	201	424	200	119	120	0.00826446	0	0.479714	1
124	355	132	357	130	119	120	0.0247934	0	0.315036	1
125	512	154	511	153	119	121	0.00826446	0	0.367542	2
126	372	207	371	206	119	120	0.00826446	0	0.494033	2
127	602	163	601	163	120	122	0.00413223	0	0.389021	2
128	705	382	706	382	120	128	0.00413223	0	0.911695	1
129	565	225	564	224	120	121	0.00826446	0	0.536993	2
130	554	274	543	273	120	122	0.0495868	0	0.653938	2
131	154	64	155	64	120	130	0.00413223	0	0.152745	1
132	448	90	449	89	120	121	0.00826446	0	0.214797	1
133	542	274	536	274	120	121	0.0247934	0	0.653938	2
134	105	71	107	77	120	145	0.157025	0	0.169451	1
135	294	210	294	210	120	121	0	0	0.501193	1
136	554	362	555	362	120	121	0.00413223	0	0.863962	1
137	705	353	705	352	120	121	0.00413223	0	0.842482	1
138	451	110	457	109	120	124	0.0289256	0	0.26253	1
139	274	246	274	245	120	121	0.00413223	0	0.587112	1
140	714	392	719	391	120	130	0.0247934	0	0.935561	1
141	68	99	72	105	120	145	0.165289	0	0.236277	1
142	440	186	440	185	120	121	0.00413223	0	0.443914	1
143	46	74	44	72	120	126	0.0247934	0	0.176611	2
144	194	68	195	67	120	134	0.00826446	0	0.162291	1
145	246	264	247	262	120	125	0.0206612	0	0.630072	1
146	261	233	262	233	120	121	0.00413223	0	0.556086	1
147	559	393	574	388	120	122	0.165289	0	0.937947	1
148	56	73	54	71	120	126	0.0247934	0	0.174224	2
149	412	254	410	255	120	121	0.0123967	0	0.606205	2
150	241	244	245	250	120	145	0.165289	0	0.582339	1
151	435	115	437	114	120	121	0.0123967	0	0.274463	1
152	489	178	489	176	120	125	0.0165289	0	0.424821	1
153	530	277	529	276	120	121	0.00826446	0	0.661098	2
154	391	193	388	194	120	123	0.0165289	0	0.460621	2
155	410	191	409	191	120	121	0.00413223	0	0.455847	2
156	499	59	502	64	120	145	0.115702	0	0.140811	1
157	698	392	708	391	120	131	0.0454545	0	0.935561	1
158	709	372	708	372	120	121	0.00413223	0	0.887828	2
159	424	249	423	248	121	124	0.00826446	0	0.594272	2
160	295	198	297	207	121	129	0.342975	0	0.472554	1
161	503	187	504	184	121	124	0.0413223	0	0.446301	1
162	404	226	404	225	121	122	0.00413223	0	0.539379	1
163	486	226	484	225	121	122	0.0123967	0	0.539379	2
164	284	116	284	115	121	122	0.00413223	0	0.27685	1
165	174	66	175	66	121	133	0.00413223	0	0.157518	1
166	530	247	529	245	122	123	0.0206612	0	0.589499	2
167	530	274	525	272	122	123	0.0371901	0	0.653938	2
168	445	188	445	186	122	123	0.0165289	0	0.448687	1
169	446	212	443	211	122	123	0.0165289	0	0.505967	2
170	409	256	409	255	122	123	0.00413223	0	0.610979	1
171	451	89	452	88	122	123	0.00826446	0	0.212411	1
172	265	233	267	233	122	123	0.00826446	0	0.556086	1
173	384	179	383	178	122	123	0.00826446	0	0.427208	2
174	389	225	388	224	122	123	0.00826446	0	0.536993	2
175	578	349	581	349	122	123	0.0123967	0	0.832936	1
176	418	234	419	234	122	123	0.00413223	0	0.558473	1
177	64	125	64	124	122	128	0.00413223	0	0.298329	1
178	512	162	511	161	122	126	0.00826446	0	0.386635	2
179	294	210	294	211	123	124	0.00413223	0	0.501193	1
180	718	351	722	353	123	126	0.0330579	0	0.837709	1
181	575	372	592	371	123	127	0.0743802	0	0.887828	1
182	538	274	532	275	123	124	0.0289256	0	0.653938	2
183	406	230	404	228	123	125	0.0247934	0	0.548926	2
184	486	238	484	238	123	124	0.00826446	0	0.568019	2
185	599	165	599	169	123	129	0.0661157	0	0.393795	1
186	582	384	598	386	123	128	0.0826446	0	0.916468	1
187	284	120	283	119	123	124	0.00826446	0	0.286396	2
188	424	211	423	210	123	124	0.00826446	0	0.50358	2
189	715	361	715	362	123	124	0.00413223	0	0.861575	1
190	532	244	530	242	124	125	0.0247934	0	0.582339	2
191	520	270	515	268	124	125	0.0371901	0	0.644391	2
192	410	255	409	254	124	127	0.00826446	0	0.608592	2
193	578	346	580	348	124	125	0.0247934	0	0.825776	1
194	447	185	446	183	124	125	0.0206612	0	0.441527	2
195	383	179	382	179	124	125	0.00413223	0	0.427208	2
196	291	221	292	222	124	125	0.00826446	0	0.527446	1
197	482	226	480	225	124	125	0.0123967	0	0.539379	2
198	386	223	386	223	124	125	0	0	0.53222	1
199	458	83	459	83	125	126	0.00413223	0	0.198091	1
200	192	117	193	117	125	142	0.00413223	0	0.279236	1
201	459	107	464	106	125	128	0.0247934	0	0.25537	1
202	580	359	584	358	125	126	0.0206612	0	0.856802	1
203	581	396	584	397	125	128	0.0165289	0	0.945107	1
204	384	196	383	197	125	126	0.00826446	0	0.46778	2
205	417	211	417	211	125	126	0	0	0.50358	1
206	483	237	479	235	125	126	0.0330579	0	0.565632	2
207	528	243	525	243	126	127	0.0123967	0	0.579952	2
208	434	183	432	182	126	128	0.0123967	0	0.436754	2
209	570	381	578	382	126	127	0.0371901	0	0.909308	1
210	300	216	300	216	126	127	0	0	0.515513	1
211	382	181	381	181	126	127	0.00413223	0	0.431981	2
212	298	239	297	238	126	127	0.00826446	0	0.570406	2
213	597	349	620	351	126	131	0.11157	0	0.832936	1
214	405	229	404	228	126	127	0.00826446	0	0.546539	2
215	479	225	476	224	126	127	0.0165289	0	0.536993	2
216	445	228	440	228	126	127	0.0206612	0	0.544153	2
217	484	261	476	261	126	127	0.0330579	0	0.622912	2
218	532	275	531	273	126	127	0.0206612	0	0.656325	2
219	462	85	463	85	127	128	0.00413223	0	0.202864	1
220	709	335	750	340	127	140	0.272727	0	0.799523	1
221	42	72	37	72	127	134	0.0206612	0	0.171838	2
222	569	216	565	220	127	131	0.0826446	0	0.515513	2
223	273	201	272	201	127	128	0.00413223	0	0.479714	2
224	718	377	725	377	127	130	0.0289256	0	0.899761	1
225	417	214	416	214	127	128	0.00413223	0	0.51074	2
226	447	181	439	181	127	132	0.0330579	0	0.431981	2
227	712	345	716	344	127	129	0.0206612	0	0.823389	1
228	410	254	409	253	128	129	0.00826446	0	0.606205	2
229	404	228	403	227	128	129	0.00826446	0	0.544153	2
230	300	217	300	218	128	129	0.00413223	0	0.5179	1
231	516	160	517	160	128	129	0.00413223	0	0.381862	1
232	380	182	379	182	128	129	0.00413223	0	0.434368	2
233	467	218	462	218	128	130	0.0206612	0	0.520286	2
234	479	244	477	243	128	129	0.0123967	0	0.582339	2
235	451	108	452	107	128	129	0.00826446	0	0.257757	1
236	282	120	280	120	128	129	0.00826446	0	0.286396	2
237	466	84	468	84	129	130	0.00826446	0	0.200477	1
238	498	238	489	239	129	132	0.0413223	0	0.568019	2
239	584	399	584	398	129	132	0.00413223	0	0.952267	1
240	465	260	460	260	129	130	0.0206612	0	0.620525	2
241	468	104	473	104	129	131	0.0206612	0	0.24821	1
242	526	146	527	146	129	131	0.00413223	0	0.348449	1
243	272	201	271	200	129	130	0.00826446	0	0.479714	2
244	294	115	291	115	129	131	0.0123967	0	0.274463	2
245	553	240	552	242	129	130	0.0206612	0	0.572792	2
246	708	380	711	379	129	130	0.0165289	0	0.906921	1
247	404	191	400	192	129	130	0.0206612	0	0.455847	2
248	407	253	405	253	130	131	0.00826446	0	0.603819	2
249	509	281	508	281	130	131	0.00413223	0	0.670644	2
250	392	229	393	227	130	131	0.0206612	0	0.546539	1
251	454	108	455	108	130	131	0.00413223	0	0.257757	1
252	297	210	298	214	130	132	0.0702479	0	0.501193	1
253	403	228	402	228	130	131	0.00413223	0	0.544153	2
254	719	343	730	344	130	134	0.0495868	0	0.818616	1
255	301	220	301	222	130	131	0.0165289	0	0.52506	1
256	602	168	604	176	130	138	0.272727	0	0.400955	1
257	392	178	388	178	130	131	0.0165289	0	0.424821	2
258	384	56	387	55	130	139	0.0165289	0	0.133652	1
259	468	84	470	83	131	132	0.0123967	0	0.200477	1
260	270	199	268	196	131	134	0.0454545	0	0.47494	2
261	458	262	457	262	131	132	0.00413223	0	0.625298	2
262	460	218	458	218	131	132	0.00826446	0	0.520286	2
263	623	182	624	189	131	145	0.206612	0	0.434368	1
264	434	235	433	234	131	132	0.00826446	0	0.560859	2
265	491	193	489	193	131	133	0.00826446	0	0.460621	2
266	415	215	414	214	131	132	0.00826446	0	0.513126	2
267	155	65	155	64	131	136	0.00413223	0	0.155131	1
268	426	196	428	196	131	132	0.00826446	0	0.46778	1
269	465	250	462	250	131	132	0.0123967	0	0.596659	2
270	548	260	547	260	131	135	0.00413223	0	0.620525	2
271	473	114	475	114	131	132	0.00826446	0	0.272076	1
272	498	274	490	276	131	133	0.0495868	0	0.653938	2
273	721	397	731	396	132	134	0.0454545	0	0.947494	1
274	528	146	531	145	132	134	0.0165289	0	0.348449	1
275	405	253	403	253	132	133	0.00826446	0	0.603819	2
276	721	382	725	382	132	133	0.0165289	0	0.911695	1
277	621	352	626	351	132	133	0.0247934	0	0.840095	1
278	282	264	286	266	132	133	0.0330579	0	0.630072	1
279	294	240	295	240	132	133	0.00413223	0	0.572792	1
280	374	57	377	56	132	140	0.0165289	0	0.136038	1
281	375	180	374	179	132	133	0.00826446	0	0.429594	2
282	740	351	760	359	132	139	0.347107	0	0.837709	1
283	277	244	279	243	132	133	0.0123967	0	0.582339	1
284	551	233	550	234	132	133	0.00826446	0	0.556086	2
285	472	84	473	83	133	134	0.00826446	0	0.200477	1
286	300	216	301	216	133	134	0.00413223	0	0.515513	1
287	386	191	386	190	133	134	0.00413223	0	0.455847	1
288	635	382	640	382	133	134	0.0206612	0	0.911695	1
289	486	241	482	241	133	134	0.0165289	0	0.575179	2
290	463	107	465	106	133	134	0.0123967	0	0.25537	1
291	287	115	285	114	133	134	0.0123967	0	0.274463	2
292	457	262	457	261	133	134	0.00413223	0	0.625298	1
293	457	217	454	217	133	134	0.0123967	0	0.5179	2
294	388	125	390	124	133	134	0.0123967	0	0.298329	1
295	477	107	479	106	133	134	0.0123967	0	0.25537	1
296	413	250	412	249	133	134	0.00826446	0	0.596659	2
297	725	372	731	373	133	135	0.0289256	0	0.887828	1
298	500	271	497	267	133	134	0.0785124	0	0.646778	2
299	298	240	300	240	134	135	0.00826446	0	0.572792	1
300	176	65	179	71	134	145	0.161157	0	0.155131	1
301	505	292	493	291	134	136	0.053719	0	0.696897	2
302	289	277	295	280	134	141	0.0619835	0	0.661098	1
303	242	70	244	69	134	137	0.0123967	0	0.167064	1
304	626	352	627	352	134	142	0.00413223	0	0.840095	1
305	738	395	744	394	135	136	0.0289256	0	0.942721	1
306	296	114	295	113	135	136	0.00826446	0	0.272076	2
307	489	251	485	252	135	136	0.0206612	0	0.599045	2
308	434	197	435	196	135	136	0.00826446	0	0.470167	1
309	495	281	488	281	135	136	0.0289256	0	0.670644	2
310	386	191	386	190	135	136	0.00413223	0	0.455847	1
311	38	73	35	72	135	140	0.0165289	0	0.174224	2
312	266	196	264	196	135	137	0.00826446	0	0.46778	2
313	402	257	401	256	135	136	0.00826446	0	0.613365	2
314	483	107	487	105	135	137	0.0330579	0	0.25537	1
315	298	262	299	264	135	136	0.0206612	0	0.625298	1
316	728	393	730	393	135	142	0.00826446	0	0.937947	1
317	303	216	310	225	135	141	0.363636	0	0.515513	1
318	488	192	487	193	135	136	0.00826446	0	0.458234	2
319	468	107	472	106	135	137	0.0206612	0	0.25537	1
320	458	262	458	261	135	136	0.00413223	0	0.625298	1
321	556	233	554	233	135	136	0.00826446	0	0.556086	2
322	734	346	740	348	135	137	0.0413223	0	0.825776	1
323	640	352	651	355	135	137	0.0826446	0	0.840095	1
324	372	87	374	93	135	145	0.157025	0	0.207637	1
325	188	78	190	84	135	145	0.157025	0	0.186158	1
326	317	121	319	127	135	145	0.157025	0	0.288783	1
327	731	383	734	385	135	139	0.0289256	0	0.914081	1
328	209	244	211	251	135	145	0.210744	0	0.582339	1
329	128	69	131	76	135	145	0.214876	0	0.164678	1
330	453	227	444	226	135	138	0.0413223	0	0.541766	2
331	270	64	275	70	135	145	0.169421	0	0.152745	1
332	302	242	304	243	136	137	0.0123967	0	0.577566	1
333	476	278	470	277	136	137	0.0289256	0	0.663484	2
334	24	74	25	75	136	142	0.00826446	0	0.176611	1
335	737	356	739	357	136	137	0.0123967	0	0.849642	1
336	292	225	294	227	136	138	0.0247934	0	0.536993	1
337	752	395	764	395	137	139	0.0495868	0	0.942721	1
338	405	248	404	248	137	138	0.00413223	0	0.591885	2
339	296	113	298	120	137	145	0.210744	0	0.26969	1
340	481	254	475	259	137	139	0.128099	0	0.606205	2
341	396	202	390	202	137	138	0.0247934	0	0.4821	2
342	437	196	441	196	137	139	0.0165289	0	0.46778	1
343	553	237	552	238	137	138	0.00826446	0	0.565632	2
344	482	85	489	87	137	140	0.0454545	0	0.202864	1
345	648	379	655	379	137	138	0.0289256	0	0.904535	1
346	402	258	401	258	137	138	0.00413223	0	0.615752	2
347	418	247	417	247	137	138	0.00413223	0	0.589499	2
348	448	248	445	248	137	138	0.0123967	0	0.591885	2
349	540	158	545	158	137	139	0.0206612	0	0.377088	1
350	410	214	409	215	138	139	0.00826446	0	0.51074	2
351	491	106	495	106	138	140	0.0165289	0	0.252983	1
352	475	110	481	110	138	141	0.0247934	0	0.26253	1
353	265	190	262	188	138	141	0.0289256	0	0.453461	2
354	442	260	439	262	138	139	0.0289256	0	0.620525	2
355	540	142	545	141	138	141	0.0247934	0	0.338902	1
356	380	232	378	231	138	139	0.0123967	0	0.553699	2
357	402	248	400	247	139	140	0.0123967	0	0.591885	2
358	656	374	663	374	139	140	0.0289256	0	0.892601	1
359	305	241	309	241	139	140	0.0165289	0	0.575179	1
360	374	181	376	180	139	140	0.0123967	0	0.431981	1
361	604	181	608	194	139	144	0.714876	0	0.431981	1
362	672	391	684	393	139	141	0.0661157	0	0.933174	1
363	748	354	753	354	139	140	0.0206612	0	0.844869	1
364	383	159	384	159	139	140	0.00413223	0	0.379475	1
365	410	116	412	116	139	140	0.00826446	0	0.27685	1
366	157	65	159	70	139	144	0.11157	0	0.155131	1
367	312	264	315	263	139	140	0.0165289	0	0.630072	1
368	282	120	280	121	139	142	0.0123967	0	0.286396	2
369	247	69	248	75	140	145	0.152893	0	0.164678	1
370	770	397	773	401	140	143	0.0785124	0	0.947494	1
371	472	262	469	263	140	141	0.0165289	0	0.625298	2
372	541	227	541	228	140	141	0.00413223	0	0.541766	1
373	279	109	277	110	140	142	0.0123967	0	0.260143	2
374	460	276	452	280	140	143	0.0991736	0	0.658711	2
375	439	268	439	276	140	144	0.264463	0	0.639618	1
376	398	257	396	257	140	141	0.00826446	0	0.613365	2
377	409	217	407	218	140	141	0.0123967	0	0.5179	2
378	388	53	390	60	140	145	0.210744	0	0.126492	1
379	611	226	611	226	140	141	0	0	0.539379	1
380	400	247	399	247	141	142	0.00413223	0	0.589499	2
381	35	73	34	73	141	142	0.00413223	0	0.174224	2
382	465	245	463	247	141	142	0.0247934	0	0.584726	2
383	368	235	367	235	141	142	0.00413223	0	0.560859	2
384	46	74	45	75	141	142	0.00826446	0	0.176611	2
385	378	56	380	62	141	145	0.157025	0	0.133652	1
386	681	362	714	373	141	145	0.636364	0	0.863962	1
387	430	234	429	236	141	142	0.0206612	0	0.558473	2
388	600	199	602	204	141	143	0.11157	0	0.47494	1
389	252	59	252	60	141	143	0.00413223	0	0.140811	1
390	378	181	379	181	141	142	0.00413223	0	0.431981	1
391	685	412	685	413	142	143	0.00413223	0	0.983294	1
392	467	266	464	268	142	143	0.0289256	0	0.634845	2
393	484	113	485	114	142	143	0.00826446	0	0.26969	1
394	554	243	557	244	142	144	0.0165289	0	0.579952	1
395	305	249	306	250	142	143	0.00826446	0	0.594272	1
396	415	157	412	158	142	143	0.0165289	0	0.374702	2
397	405	219	401	224	142	144	0.119835	0	0.522673	2
398	539	223	541	231	142	145	0.272727	0	0.53222	1
399	311	227	314	234	142	145	0.214876	0	0.541766	1
400	456	258	453	260	142	143	0.0289256	0	0.615752	2
401	689	398	693	402	142	143	0.0826446	0	0.949881	1
402	196	91	197	96	142	145	0.107438	0	0.217184	1
403	462	250	461	252	143	144	0.0206612	0	0.596659	2
404	190	104	191	108	143	145	0.0702479	0	0.24821	1
405	193	118	194	122	143	145	0.0702479	0	0.281623	1
406	420	117	424	118	143	144	0.0206612	0	0.279236	1
407	320	245	323	249	143	144	0.0785124	0	0.584726	1
408	46	77	45	78	143	144	0.00826446	0	0.183771	2
409	627	352	628	357	143	145	0.107438	0	0.840095	1
410	501	105	504	110	143	145	0.115702	0	0.250597	1
411	258	387	259	390	143	145	0.0413223	0	0.923628	1
412	562	364	563	368	143	145	0.0702479	0	0.868735	1
413	367	211	363	212	143	144	0.0206612	0	0.50358	2
414	637	358	638	362	143	145	0.0702479	0	0.854415	1
415	117	71	118	75	143	145	0.0702479	0	0.169451	1
416	545	249	545	251	143	144	0.0165289	0	0.594272	1
417	460	291	460	293	144	145	0.0165289	0	0.694511	1
418	428	243	428	246	144	145	0.0371901	0	0.579952	1
419	687	419	687	421	144	145	0.0165289	0	1	1
420	392	262	390	266	144	145	0.0743802	0	0.625298	2
421	33	78	33	80	144	145	0.0165289	0	0.186158	1
422	77	77	78	79	144	145	0.0206612	0	0.183771	1
423	316	267	316	269	144	145	0.0165289	0	0.637232	1
424	262	195	261	196	144	145	0.00826446	0	0.465394	2
425	93	75	94	77	144	145	0.0206612	0	0.178998	1
426	487	118	488	120	144	145	0.0206612	0	0.281623	1
427	618	197	619	200	144	145	0.0413223	0	0.470167	1
428	773	404	773	407	144	145	0.0371901	0	0.9642	1
429	430	220	428	223	144	145	0.0454545	0	0.52506	2
430	309	249	310	252	144	145	0.0413223	0	0.594272	1
431	48	88	48	90	144	145	0.0165289	0	0.210024	1
432	450	295	450	297	144	145	0.0165289	0	0.704057	1
433	559	24	560	26	144	145	0.0206612	0	0.0572792	1
434	321	115	321	117	144	145	0.0165289	0	0.274463	1