
0	535	49	534	49	242	243	0.00198413	0	0.107692	2
1	665	407	665	407	242	243	0	0	0.894505	1
2	643	409	647	411	242	259	0.015873	0	0.898901	1
3	341	359	345	358	242	250	0.00992063	0	0.789011	1
4	666	397	669	397	242	254	0.00595238	0	0.872527	1
5	165	455	169	454	242	244	0.00992063	0	1	1
6	437	382	441	404	243	280	0.968254	0	0.83956	1
7	498	68	496	67	243	245	0.00595238	0	0.149451	2
8	472	76	471	75	243	244	0.00396825	0	0.167033	2
9	448	386	449	385	243	246	0.00396825	0	0.848352	1
10	722	399	729	403	243	262	0.0456349	0	0.876923	1
11	190	418	191	417	244	245	0.00396825	0	0.918681	1
12	536	49	539	47	244	262	0.0138889	0	0.107692	1
13	666	408	668	408	244	251	0.00396825	0	0.896703	1
14	225	212	224	212	244	245	0.00198413	0	0.465934	2
15	590	398	595	401	244	262	0.0277778	0	0.874725	1
16	437	409	439	407	245	248	0.0119048	0	0.898901	1
17	332	359	332	358	245	246	0.00198413	0	0.789011	1
18	82	375	81	374	245	250	0.00396825	0	0.824176	2
19	458	97	458	96	245	246	0.00198413	0	0.213187	1
20	441	399	441	397	245	246	0.00793651	0	0.876923	1
21	463	87	461	85	245	246	0.0119048	0	0.191209	2
22	47	356	38	353	245	254	0.0357143	0	0.782418	2
23	41	371	35	373	245	262	0.0198413	0	0.815385	2
24	483	378	484	377	246	252	0.00396825	0	0.830769	1
25	613	413	613	412	246	247	0.00198413	0	0.907692	1
26	438	79	438	77	246	247	0.00793651	0	0.173626	1
27	225	214	226	215	246	247	0.00396825	0	0.47033	1
28	599	401	600	401	246	249	0.00198413	0	0.881319	1
29	181	421	189	416	246	254	0.0654762	0	0.925275	1
30	34	344	30	343	247	251	0.00992063	0	0.756044	2
31	490	68	489	67	247	248	0.00396825	0	0.149451	2
32	81	356	80	355	247	248	0.00396825	0	0.782418	2
33	334	358	334	358	247	248	0	0	0.786813	1
34	451	385	453	385	247	251	0.00396825	0	0.846154	1
35	459	96	459	94	247	248	0.00793651	0	0.210989	1
36	65	381	64	380	247	249	0.00396825	0	0.837363	2
37	72	331	60	329	247	252	0.031746	0	0.727473	2
38	187	409	192	405	248	254	0.0416667	0	0.898901	1
39	230	266	227	264	248	253	0.0138889	0	0.584615	2
40	514	266	515	266	248	250	0.00198413	0	0.584615	1
41	439	77	439	76	248	249	0.00198413	0	0.169231	1
42	271	386	270	385	248	252	0.00396825	0	0.848352	2
43	231	209	235	210	248	252	0.00992063	0	0.459341	1
44	284	432	283	432	248	250	0.00198413	0	0.949451	2
45	477	111	477	110	248	249	0.00198413	0	0.243956	1
46	422	88	421	87	248	249	0.00396825	0	0.193407	2
47	439	408	439	407	249	254	0.00198413	0	0.896703	1
48	515	400	524	417	249	266	0.59127	0	0.879121	1
49	81	356	80	357	249	261	0.00396825	0	0.782418	2
50	343	386	338	385	249	252	0.0119048	0	0.848352	2
51	444	398	444	397	249	254	0.00198413	0	0.874725	1
52	336	359	336	358	249	251	0.00198413	0	0.789011	1
53	489	68	487	67	249	250	0.00595238	0	0.149451	2
54	227	221	229	222	249	251	0.00595238	0	0.485714	1
55	485	417	486	418	249	254	0.00396825	0	0.916484	1
56	599	402	619	424	250	280	1	0	0.883516	1
57	314	116	314	116	250	251	0	0	0.254945	1
58	305	367	303	366	251	254	0.00595238	0	0.806593	2
59	347	359	338	378	251	279	0.734127	0	0.789011	2
60	707	386	710	388	251	258	0.0138889	0	0.848352	1
61	452	88	450	86	251	252	0.0119048	0	0.193407	2
62	516	265	516	264	251	252	0.00198413	0	0.582418	1
63	83	368	79	367	251	254	0.00992063	0	0.808791	2
64	28	343	26	342	252	254	0.00595238	0	0.753846	2
65	335	358	336	359	252	257	0.00396825	0	0.786813	1
66	310	118	309	118	252	253	0.00198413	0	0.259341	2
67	670	408	680	411	252	262	0.0376984	0	0.896703	1
68	462	112	461	111	252	253	0.00396825	0	0.246154	2
69	490	404	490	404	253	257	0	0	0.887912	1
70	338	385	333	406	253	280	0.884921	0	0.846154	2
71	485	378	489	388	253	264	0.206349	0	0.830769	1
72	269	385	270	385	253	256	0.00198413	0	0.846154	1
73	479	391	483	392	253	261	0.00992063	0	0.859341	1
74	514	265	515	264	253	254	0.00396825	0	0.582418	1
75	448	85	446	84	253	254	0.00595238	0	0.186813	2
76	741	387	748	387	253	261	0.0138889	0	0.850549	1
77	460	100	458	100	253	254	0.00396825	0	0.21978	2
78	278	433	278	433	253	254	0	0	0.951648	1
79	177	404	184	406	253	262	0.0218254	0	0.887912	1
80	508	250	522	247	253	260	0.0456349	0	0.549451	1
81	299	144	301	143	253	254	0.00595238	0	0.316484	1
82	262	352	262	352	253	254	0	0	0.773626	1
83	235	219	238	217	253	254	0.0138889	0	0.481319	1
84	228	265	228	265	254	256	0	0	0.582418	1
85	826	442	826	442	254	257	0	0	0.971429	1
86	454	385	455	386	254	257	0.00396825	0	0.846154	1
87	527	281	527	281	254	256	0	0	0.617582	1
88	311	119	314	120	254	256	0.00793651	0	0.261538	1
89	147	371	147	375	254	262	0.031746	0	0.815385	1
90	424	384	426	391	255	263	0.10119	0	0.843956	1
91	38	353	43	356	255	261	0.0277778	0	0.775824	1
92	192	407	199	407	255	261	0.0138889	0	0.894505	1
93	27	344	28	346	255	258	0.00992063	0	0.756044	1
94	445	399	450	402	255	259	0.0277778	0	0.876923	1
95	262	353	265	355	255	259	0.0138889	0	0.775824	1
96	441	409	447	412	255	260	0.0297619	0	0.898901	1
97	80	368	79	371	255	262	0.0198413	0	0.808791	2
98	671	397	679	399	255	262	0.0238095	0	0.872527	1
99	306	142	308	141	255	256	0.00595238	0	0.312088	1
100	242	217	244	215	255	256	0.0119048	0	0.476923	1
101	566	390	582	412	255	280	0.992063	0	0.857143	1
102	298	389	296	389	255	257	0.00396825	0	0.854945	2
103	305	365	293	379	255	267	0.412698	0	0.802198	2
104	183	429	170	441	255	280	0.311508	0	0.942857	2
105	279	435	278	435	255	257	0.00198413	0	0.956044	2
106	475	379	477	385	255	263	0.0753968	0	0.832967	1
107	633	422	645	423	256	260	0.0257937	0	0.927473	1
108	62	391	67	395	256	260	0.0416667	0	0.859341	1
109	271	386	275	388	257	260	0.015873	0	0.848352	1
110	527	284	531	286	257	260	0.015873	0	0.624176	1
111	512	271	518	272	257	259	0.0138889	0	0.595604	1
112	348	391	345	406	257	267	0.452381	0	0.859341	2
113	484	65	483	66	257	258	0.00396825	0	0.142857	2
114	192	416	195	417	257	262	0.00793651	0	0.914286	1
115	492	406	494	406	258	259	0.00396825	0	0.892308	1
116	340	360	330	374	258	271	0.40873	0	0.791209	2
117	297	391	298	391	258	259	0.00198413	0	0.859341	1
118	659	42	663	42	258	260	0.00793651	0	0.0923077	1
119	744	400	770	410	258	264	0.25	0	0.879121	1
120	259	234	273	229	258	261	0.077381	0	0.514286	1
121	462	110	461	110	258	259	0.00198413	0	0.241758	2
122	612	404	614	404	258	260	0.00396825	0	0.887912	1
123	529	261	536	259	258	260	0.0218254	0	0.573626	1
124	251	216	255	217	258	259	0.00992063	0	0.474725	1
125	31	347	31	346	259	261	0.00198413	0	0.762637	1
126	715	388	745	407	259	280	0.775794	0	0.852747	1
127	323	122	325	121	259	260	0.00595238	0	0.268132	1
128	266	356	256	359	260	263	0.0376984	0	0.782418	2
129	459	112	454	110	260	262	0.0178571	0	0.246154	2
130	648	411	650	412	260	262	0.00595238	0	0.903297	1
131	541	409	550	430	260	280	0.892857	0	0.898901	1
132	262	217	264	216	260	261	0.00595238	0	0.476923	1
133	452	402	453	409	260	263	0.0992063	0	0.883516	1
134	473	67	473	66	260	261	0.00198413	0	0.147253	1
135	628	398	627	397	260	261	0.00396825	0	0.874725	2
136	447	412	447	424	261	264	0.285714	0	0.905495	1
137	494	408	494	413	261	263	0.0496032	0	0.896703	1
138	253	233	251	230	261	264	0.0218254	0	0.512088	2
139	538	260	541	260	261	263	0.00595238	0	0.571429	1
140	617	414	618	415	261	262	0.00396825	0	0.90989	1
141	114	381	78	395	261	269	0.460317	0	0.837363	2
142	325	145	328	144	261	262	0.00793651	0	0.318681	1
143	664	42	666	40	261	262	0.0119048	0	0.0923077	1
144	438	77	438	74	261	262	0.0178571	0	0.169231	1
145	177	403	174	404	261	262	0.00793651	0	0.885714	2
146	274	428	270	429	261	262	0.00992063	0	0.940659	2
147	483	394	482	405	262	265	0.242063	0	0.865934	2
148	630	399	647	418	262	280	0.75	0	0.876923	1
149	270	386	264	389	262	263	0.0297619	0	0.848352	2
150	266	216	262	213	262	264	0.0257937	0	0.474725	2
151	526	244	535	239	262	265	0.0674603	0	0.536264	1
152	522	270	528	268	262	264	0.0198413	0	0.593407	1
153	427	380	427	393	263	280	0.335317	0	0.835165	1
154	278	369	267	382	263	280	0.357143	0	0.810989	2
155	531	410	537	425	263	280	0.458333	0	0.901099	1
156	165	357	147	364	263	269	0.132937	0	0.784615	2
157	211	363	195	369	263	267	0.103175	0	0.797802	2
158	241	381	226	394	263	280	0.365079	0	0.837363	2
159	175	356	157	363	263	269	0.132937	0	0.782418	2
160	586	403	596	418	263	280	0.46627	0	0.885714	1
161	585	418	594	434	263	280	0.525794	0	0.918681	1
162	596	406	606	421	263	280	0.46627	0	0.892308	1
163	165	368	154	370	263	264	0.0297619	0	0.808791	2
164	197	363	181	369	263	268	0.103175	0	0.797802	2
165	728	409	747	423	263	280	0.426587	0	0.898901	1
166	210	373	194	381	263	269	0.15873	0	0.81978	2
167	329	143	329	139	263	264	0.031746	0	0.314286	1
168	738	408	757	422	263	280	0.426587	0	0.896703	1
169	139	368	127	370	263	264	0.031746	0	0.808791	2
170	62	362	37	369	263	269	0.146825	0	0.795604	2
171	789	398	811	406	263	266	0.170635	0	0.874725	1
172	685	416	700	428	263	271	0.315476	0	0.914286	1
173	762	393	791	406	263	280	0.392857	0	0.863736	1
174	200	432	184	442	263	267	0.230159	0	0.949451	2
175	464	66	464	60	263	264	0.0714286	0	0.145055	1
176	775	399	806	412	263	280	0.396825	0	0.876923	1
177	230	370	214	376	263	268	0.103175	0	0.813187	2
178	698	420	712	431	263	269	0.267857	0	0.923077	1
179	686	401	699	413	263	273	0.311508	0	0.881319	1
180	623	422	631	431	263	265	0.176587	0	0.927473	1
181	168	407	151	413	263	265	0.105159	0	0.894505	2
182	620	411	631	421	263	269	0.220238	0	0.903297	1
183	453	108	452	103	263	264	0.0515873	0	0.237363	2
184	464	404	464	409	263	264	0.0496032	0	0.887912	1
185	191	411	177	416	263	265	0.077381	0	0.903297	2
186	760	437	781	453	263	280	0.549603	0	0.96044	1
187	739	393	759	407	263	280	0.428571	0	0.863736	1
188	547	75	548	68	263	264	0.0992063	0	0.164835	1
189	517	288	524	288	263	264	0.0138889	0	0.632967	1
190	448	57	445	46	263	265	0.246032	0	0.125275	2
191	323	153	323	150	263	264	0.0178571	0	0.336264	1
192	415	377	414	390	263	280	0.337302	0	0.828571	2
193	614	435	625	451	263	280	0.529762	0	0.956044	1
194	229	268	227	265	263	265	0.0218254	0	0.589011	2
195	439	75	438	67	263	264	0.128968	0	0.164835	2
196	381	403	376	412	263	267	0.170635	0	0.885714	2
197	268	367	256	373	263	268	0.0952381	0	0.806593	2
198	647	433	677	444	263	269	0.299603	0	0.951648	1
199	740	420	758	431	263	269	0.275794	0	0.923077	1
200	264	435	252	451	263	280	0.531746	0	0.956044	2
201	425	395	427	405	264	280	0.202381	0	0.868132	1
202	249	362	244	365	264	266	0.0277778	0	0.795604	2
203	544	259	546	259	264	265	0.00396825	0	0.569231	1
204	326	110	324	104	264	265	0.0753968	0	0.241758	2
205	477	388	476	392	264	268	0.0337302	0	0.852747	2
206	447	412	448	416	264	265	0.0337302	0	0.905495	1
207	257	393	253	403	264	280	0.206349	0	0.863736	2
208	543	241	549	239	264	266	0.0198413	0	0.52967	1
209	495	415	495	419	264	266	0.031746	0	0.912088	1
210	598	426	604	436	264	280	0.210317	0	0.936264	1
211	120	436	113	447	264	280	0.253968	0	0.958242	2
212	488	155	488	152	264	265	0.0178571	0	0.340659	1
213	721	394	730	399	264	269	0.0674603	0	0.865934	1
214	120	373	118	375	265	269	0.0119048	0	0.81978	2
215	449	430	450	432	265	266	0.00992063	0	0.945055	1
216	150	374	149	381	265	280	0.0992063	0	0.821978	2
217	332	137	336	136	265	266	0.00992063	0	0.301099	1
218	778	415	784	417	265	269	0.0198413	0	0.912088	1
219	490	391	489	392	265	269	0.00396825	0	0.859341	2
220	793	420	805	425	265	280	0.0734127	0	0.923077	1
221	535	290	540	290	265	266	0.00992063	0	0.637363	1
222	388	386	389	392	265	280	0.0734127	0	0.848352	1
223	269	207	272	207	265	266	0.00595238	0	0.454945	1
224	45	379	43	387	265	280	0.130952	0	0.832967	2
225	251	272	250	272	265	268	0.00198413	0	0.597802	2
226	534	268	541	270	265	267	0.0218254	0	0.589011	1
227	453	450	455	452	265	267	0.0119048	0	0.989011	1
228	354	380	359	382	265	269	0.0178571	0	0.835165	1
229	364	383	364	385	265	267	0.00793651	0	0.841758	1
230	115	393	114	400	265	280	0.0992063	0	0.863736	2
231	723	416	725	417	265	267	0.00595238	0	0.914286	1
232	451	101	451	101	265	266	0	0	0.221978	1
233	483	408	482	408	266	267	0.00198413	0	0.896703	2
234	152	418	152	417	266	269	0.00198413	0	0.918681	1
235	457	422	462	425	266	269	0.0277778	0	0.927473	1
236	633	432	634	433	266	269	0.00396825	0	0.949451	1
237	168	417	170	414	266	280	0.0218254	0	0.916484	1
238	246	375	246	376	266	269	0.00198413	0	0.824176	1
239	326	104	328	104	266	267	0.00396825	0	0.228571	1
240	537	239	554	245	266	272	0.105159	0	0.525275	1
241	185	379	185	385	266	280	0.0714286	0	0.832967	1
242	714	419	708	422	266	277	0.0297619	0	0.920879	2
243	244	365	244	366	267	269	0.00198413	0	0.802198	1
244	813	408	819	411	267	280	0.0297619	0	0.896703	1
245	524	418	527	420	267	272	0.0138889	0	0.918681	1
246	551	240	555	242	267	269	0.015873	0	0.527473	1
247	451	433	452	433	267	268	0.00198413	0	0.951648	1
248	267	434	268	439	267	279	0.0515873	0	0.953846	1
249	339	136	348	133	267	269	0.0357143	0	0.298901	1
250	479	146	473	144	267	269	0.0198413	0	0.320879	2
251	195	370	196	376	268	280	0.0734127	0	0.813187	1
252	483	408	484	410	268	270	0.00992063	0	0.896703	1
253	337	101	340	102	268	269	0.00793651	0	0.221978	1
254	725	417	725	419	268	273	0.00793651	0	0.916484	1
255	495	419	495	420	268	269	0.00198413	0	0.920879	1
256	446	445	449	448	268	270	0.0238095	0	0.978022	1
257	294	377	296	382	268	280	0.0535714	0	0.828571	1
258	549	57	547	58	268	269	0.00595238	0	0.125275	2
259	278	216	285	215	268	269	0.015873	0	0.474725	1
260	178	415	181	415	268	272	0.00595238	0	0.912088	1
261	216	379	215	383	269	280	0.0337302	0	0.832967	2
262	439	47	438	48	269	270	0.00396825	0	0.103297	2
263	447	63	448	64	269	270	0.00396825	0	0.138462	1
264	460	436	471	441	269	274	0.0714286	0	0.958242	1
265	474	391	473	394	269	275	0.0198413	0	0.859341	2
266	665	419	666	420	269	270	0.00396825	0	0.920879	1
267	193	450	193	454	269	280	0.031746	0	0.989011	1
268	150	407	153	407	269	271	0.00595238	0	0.894505	1
269	388	403	387	406	270	280	0.0198413	0	0.885714	2
270	247	369	245	372	270	280	0.0218254	0	0.810989	2
271	150	366	148	369	270	280	0.0218254	0	0.804396	2
272	41	371	39	374	270	280	0.0218254	0	0.815385	2
273	184	372	182	375	270	280	0.0218254	0	0.817582	2
274	197	383	195	386	270	280	0.0218254	0	0.841758	2
275	561	291	567	290	270	271	0.0138889	0	0.63956	1
276	251	379	249	382	270	280	0.0218254	0	0.832967	2
277	155	419	155	417	270	275	0.00793651	0	0.920879	1
278	160	365	158	368	270	280	0.0218254	0	0.802198	2
279	715	432	711	434	270	275	0.015873	0	0.949451	2
280	549	30	548	33	270	280	0.0198413	0	0.0659341	2
281	662	440	665	440	270	271	0.00595238	0	0.967033	1
282	636	435	634	437	270	280	0.0119048	0	0.956044	2
283	633	423	631	425	270	280	0.0119048	0	0.92967	2
284	81	397	80	400	270	280	0.0198413	0	0.872527	2
285	443	81	443	81	270	272	0	0	0.178022	1
286	119	377	117	380	270	280	0.0218254	0	0.828571	2
287	160	378	158	380	270	280	0.0119048	0	0.830769	2
288	754	432	752	434	270	280	0.0119048	0	0.949451	2
289	790	420	792	422	270	280	0.0119048	0	0.923077	1
290	475	154	469	153	270	271	0.0138889	0	0.338462	2
291	454	105	456	105	270	272	0.00396825	0	0.230769	1
292	733	402	732	404	270	277	0.00992063	0	0.883516	2
293	167	427	165	424	270	280	0.0218254	0	0.938462	2
294	268	392	266	394	270	280	0.0119048	0	0.861538	2
295	550	298	550	299	270	274	0.00198413	0	0.654945	1
296	289	215	296	213	270	271	0.0218254	0	0.472527	1
297	488	425	487	424	271	272	0.00396825	0	0.934066	2
298	672	421	671	422	271	274	0.00396825	0	0.925275	2
299	461	428	462	428	271	272	0.00198413	0	0.940659	1
300	450	66	449	65	271	272	0.00396825	0	0.145055	2
301	450	448	449	448	271	274	0.00198413	0	0.984615	2
302	485	410	484	409	271	272	0.00396825	0	0.901099	2
303	574	289	578	289	272	273	0.00793651	0	0.635165	1
304	326	376	324	377	272	277	0.00595238	0	0.826374	2
305	351	113	353	114	272	273	0.00595238	0	0.248352	1
306	219	391	215	393	272	280	0.015873	0	0.859341	2
307	446	104	445	104	272	274	0.00198413	0	0.228571	2
308	359	132	362	131	272	273	0.00793651	0	0.29011	1
309	700	428	699	428	272	273	0.00198413	0	0.940659	2
310	306	213	311	212	272	273	0.0119048	0	0.468132	1
311	676	444	690	444	272	280	0.0277778	0	0.975824	1
312	527	421	525	424	273	279	0.0218254	0	0.925275	2
313	486	425	486	426	273	274	0.00198413	0	0.934066	1
314	443	82	443	82	273	274	0	0	0.18022	1
315	181	415	179	414	273	280	0.00595238	0	0.912088	2
316	517	417	514	420	273	280	0.0238095	0	0.916484	2
317	467	428	472	430	273	275	0.0178571	0	0.940659	1
318	579	237	605	234	273	280	0.0694444	0	0.520879	1
319	366	384	365	387	273	280	0.0198413	0	0.843956	2
320	582	292	585	294	274	275	0.0138889	0	0.641758	1
321	726	420	721	420	274	278	0.00992063	0	0.923077	2
322	670	441	672	441	274	276	0.00396825	0	0.969231	1
323	317	213	322	213	274	275	0.00992063	0	0.468132	1
324	368	132	372	133	274	275	0.00992063	0	0.29011	1
325	672	422	670	422	275	277	0.00396825	0	0.927473	2
326	471	442	474	442	275	279	0.00595238	0	0.971429	1
327	440	85	439	85	275	276	0.00198413	0	0.186813	2
328	316	277	315	276	275	277	0.00396825	0	0.608791	2
329	466	152	460	152	275	276	0.0119048	0	0.334066	2
330	361	117	363	119	275	277	0.0119048	0	0.257143	1
331	461	446	463	447	275	280	0.00595238	0	0.98022	1
332	576	246	592	244	275	280	0.0396825	0	0.540659	1
333	155	417	154	416	276	280	0.00396825	0	0.916484	2
334	587	298	584	300	276	280	0.0138889	0	0.654945	2
335	376	134	378	134	276	277	0.00396825	0	0.294505	1
336	474	432	475	431	276	277	0.00396825	0	0.949451	1
337	326	215	330	214	276	277	0.00992063	0	0.472527	1
338	489	424	488	425	276	278	0.00396825	0	0.931868	2
339	453	426	452	427	276	278	0.00396825	0	0.936264	2
340	472	395	468	396	276	280	0.00992063	0	0.868132	2
341	708	432	707	432	277	278	0.00198413	0	0.949451	2
342	674	441	676	441	277	278	0.00396825	0	0.969231	1
343	326	235	330	234	277	278	0.00992063	0	0.516484	1
344	460	436	462	437	277	280	0.00595238	0	0.958242	1
345	670	423	669	423	278	280	0.00198413	0	0.92967	2
346	493	415	491	415	278	280	0.00396825	0	0.912088	2
347	717	24	719	24	278	279	0.00396825	0	0.0527473	1
348	365	122	367	124	278	280	0.0119048	0	0.268132	1
349	477	432	478	432	278	279	0.00198413	0	0.949451	1
350	430	56	428	57	278	279	0.00595238	0	0.123077	2
351	326	377	324	377	278	280	0.00396825	0	0.828571	2
352	26	413	25	413	278	280	0.00198413	0	0.907692	2
353	734	406	733	406	278	280	0.00198413	0	0.892308	2
354	707	422	705	422	278	279	0.00396825	0	0.927473	2
355	719	422	717	421	279	280	0.00595238	0	0.927473	2
356	678	441	679	440	279	280	0.00396825	0	0.969231	1
357	452	428	451	427	279	280	0.00396825	0	0.940659	2
358	452	446	451	445	279	280	0.00396825	0	0.98022	2
359	486	399	485	398	279	280	0.00396825	0	0.876923	2
360	334	235	339	233	279	280	0.0178571	0	0.516484	1