
0	330	230	334	227	77	79	0.00453752	0	0.60686	1
1	495	200	491	200	77	78	0.00139616	0	0.527704	2
2	773	213	781	201	77	84	0.0530541	0	0.562005	1
3	389	175	385	170	77	79	0.0101222	0	0.461741	2
4	338	198	333	198	77	79	0.0017452	0	0.522427	2
5	771	235	764	237	77	79	0.00383944	0	0.620053	2
6	462	186	456	176	77	81	0.0369983	0	0.490765	2
7	461	206	458	204	78	79	0.00244328	0	0.543536	2
8	347	194	345	194	78	79	0.00069808	0	0.511873	2
9	530	328	528	328	78	79	0.00069808	0	0.865435	2
10	493	313	492	318	78	80	0.00907504	0	0.825858	2
11	392	274	408	253	78	83	0.159511	0	0.722955	1
12	498	33	495	39	78	82	0.0136126	0	0.0870712	2
13	380	201	384	200	79	80	0.0017452	0	0.530343	1
14	370	200	380	199	79	81	0.00383944	0	0.527704	1
15	498	223	499	219	79	80	0.00593368	0	0.588391	1
16	378	263	394	247	79	83	0.0949389	0	0.693931	1
17	498	284	495	283	79	80	0.00139616	0	0.74934	2
18	484	267	482	265	79	80	0.00209424	0	0.704485	2
19	785	251	785	251	80	81	0	0	0.662269	1
20	352	199	362	197	80	82	0.00488656	0	0.525066	1
21	379	189	384	189	80	81	0.0017452	0	0.498681	1
22	335	197	351	193	80	83	0.0111693	0	0.519789	1
23	176	317	191	323	80	105	0.017801	0	0.836412	1
24	458	274	454	269	80	84	0.0101222	0	0.722955	2
25	487	183	488	179	80	81	0.00593368	0	0.48285	1
26	538	244	536	249	80	85	0.00942408	0	0.643799	2
27	460	199	461	194	81	82	0.00907504	0	0.525066	1
28	489	255	491	251	81	82	0.00628272	0	0.672823	1
29	448	196	448	191	81	82	0.008726	0	0.51715	1
30	563	86	555	86	81	84	0.00279232	0	0.226913	2
31	503	219	506	216	81	82	0.00418848	0	0.577836	1
32	391	199	406	195	81	83	0.0108202	0	0.525066	1
33	488	145	486	140	81	87	0.00942408	0	0.382586	2
34	495	324	496	328	81	85	0.00593368	0	0.854881	1
35	469	151	469	149	81	82	0.00139616	0	0.398417	1
36	531	336	535	336	81	87	0.00139616	0	0.886544	1
37	382	154	382	150	81	82	0.00558464	0	0.406332	1
38	800	299	798	290	81	85	0.0289703	0	0.788918	2
39	545	94	546	91	81	82	0.0034904	0	0.248021	1
40	375	192	382	191	82	83	0.00279232	0	0.506596	1
41	388	199	408	194	82	85	0.0157068	0	0.525066	1
42	775	217	779	204	82	85	0.0603839	0	0.572559	1
43	776	262	777	262	82	83	0.00034904	0	0.691293	1
44	388	184	394	183	82	83	0.00244328	0	0.485488	1
45	406	133	415	124	82	90	0.0314136	0	0.350923	1
46	467	256	461	255	82	85	0.00244328	0	0.675462	2
47	398	261	405	257	83	84	0.00802792	0	0.688654	1
48	392	151	391	148	83	85	0.0034904	0	0.398417	2
49	395	207	411	201	83	86	0.0181501	0	0.546174	1
50	217	314	218	317	83	86	0.0034904	0	0.828496	1
51	119	150	123	150	83	87	0.00139616	0	0.395778	1
52	109	164	90	154	83	99	0.0415358	0	0.432718	2
53	374	206	392	206	83	86	0.00628272	0	0.543536	1
54	496	56	486	60	83	87	0.00907504	0	0.147757	2
55	482	319	461	315	83	85	0.0129145	0	0.841689	2
56	195	224	207	224	83	89	0.00418848	0	0.591029	1
57	170	251	180	254	83	87	0.00663176	0	0.662269	1
58	506	162	508	160	83	84	0.00209424	0	0.427441	1
59	389	191	403	186	84	87	0.0136126	0	0.503958	1
60	496	247	497	244	84	86	0.0034904	0	0.651715	1
61	380	235	379	235	84	85	0.00034904	0	0.620053	2
62	190	305	168	293	84	95	0.0579407	0	0.804749	2
63	367	271	376	267	84	86	0.008726	0	0.71504	1
64	524	282	527	293	84	87	0.043281	0	0.744063	1
65	394	249	401	246	84	85	0.00558464	0	0.656992	1
66	115	235	115	236	84	86	0.00034904	0	0.620053	1
67	786	226	783	218	84	87	0.0233857	0	0.596306	2
68	373	163	375	160	84	86	0.00383944	0	0.430079	1
69	399	183	412	177	84	87	0.017103	0	0.48285	1
70	476	273	441	270	84	89	0.0153578	0	0.720317	2
71	467	238	464	232	84	88	0.0136126	0	0.627968	2
72	133	156	137	152	84	89	0.0069808	0	0.411609	1
73	374	195	383	194	84	86	0.0034904	0	0.514512	1
74	521	210	524	207	84	85	0.00418848	0	0.55409	1
75	764	170	764	170	84	85	0	0	0.448549	1
76	509	323	509	322	84	85	0.00034904	0	0.852243	1
77	400	138	406	132	84	89	0.0146597	0	0.364116	1
78	458	190	449	186	85	87	0.008726	0	0.501319	2
79	415	255	421	253	85	86	0.0034904	0	0.672823	1
80	784	282	772	274	85	87	0.0265271	0	0.744063	2
81	789	213	788	206	85	88	0.017452	0	0.562005	2
82	460	219	456	219	85	88	0.00139616	0	0.577836	2
83	499	221	499	219	85	87	0.00139616	0	0.583113	1
84	532	90	529	89	85	86	0.00139616	0	0.237467	2
85	491	36	483	37	85	87	0.00314136	0	0.0949868	2
86	381	277	388	276	85	86	0.00279232	0	0.730871	1
87	414	191	418	188	86	87	0.00453752	0	0.503958	1
88	548	86	534	85	86	89	0.0052356	0	0.226913	2
89	394	255	401	255	86	87	0.00244328	0	0.672823	1
90	527	206	536	203	86	89	0.00628272	0	0.543536	1
91	404	236	407	234	86	87	0.00244328	0	0.622691	1
92	392	137	395	134	86	88	0.00418848	0	0.361478	1
93	451	276	437	271	86	88	0.0136126	0	0.728232	2
94	135	194	135	191	86	88	0.00314136	0	0.511873	1
95	510	199	512	198	86	87	0.00104712	0	0.525066	1
96	487	235	486	233	86	87	0.0017452	0	0.620053	2
97	531	191	531	189	86	87	0.00139616	0	0.503958	1
98	192	276	198	276	86	88	0.00209424	0	0.728232	1
99	483	184	480	181	87	89	0.00418848	0	0.485488	2
100	408	245	415	244	87	88	0.00279232	0	0.646438	1
101	502	206	501	204	87	88	0.0017452	0	0.543536	2
102	202	236	198	227	87	93	0.0296684	0	0.622691	2
103	393	146	396	145	87	89	0.00139616	0	0.385224	1
104	503	243	496	244	87	90	0.00279232	0	0.641161	2
105	218	319	219	317	87	89	0.0017452	0	0.841689	1
106	772	180	772	180	87	88	0	0	0.474934	1
107	447	309	418	327	87	92	0.123211	0	0.815303	2
108	765	169	757	171	87	91	0.00418848	0	0.44591	2
109	467	329	436	344	87	93	0.0893543	0	0.868074	2
110	221	306	223	304	87	89	0.00209424	0	0.807388	1
111	495	159	497	156	87	90	0.00383944	0	0.419525	1
112	544	68	545	71	87	88	0.0034904	0	0.17942	1
113	448	187	445	187	88	89	0.00104712	0	0.493404	2
114	408	185	412	183	88	89	0.00279232	0	0.488127	1
115	781	216	776	212	88	90	0.00732984	0	0.569921	2
116	118	236	118	236	88	89	0	0	0.622691	1
117	367	234	376	231	88	89	0.00628272	0	0.617414	1
118	527	293	494	299	88	96	0.0240838	0	0.773087	2
119	530	335	509	331	88	90	0.0129145	0	0.883905	2
120	135	176	135	173	88	89	0.00314136	0	0.46438	1
121	496	96	485	98	88	92	0.0052356	0	0.253298	2
122	126	149	104	139	88	99	0.0425829	0	0.39314	2
123	799	292	795	291	88	90	0.0017452	0	0.770449	2
124	398	252	402	252	88	89	0.00139616	0	0.664908	1
125	479	135	445	148	88	95	0.0708551	0	0.356201	2
126	506	166	503	168	88	91	0.00244328	0	0.437995	2
127	473	301	455	310	88	90	0.034555	0	0.794195	2
128	499	263	496	263	88	89	0.00104712	0	0.693931	2
129	375	196	375	197	88	89	0.00034904	0	0.51715	1
130	479	164	477	164	88	89	0.00069808	0	0.432718	2
131	520	203	521	203	88	90	0.00034904	0	0.53562	1
132	468	347	456	350	89	92	0.00732984	0	0.915567	2
133	501	203	475	205	89	99	0.0104712	0	0.53562	2
134	519	232	516	233	89	90	0.00139616	0	0.612137	2
135	463	181	455	181	89	91	0.00279232	0	0.477573	2
136	533	190	531	191	89	91	0.00104712	0	0.501319	2
137	134	192	132	190	89	90	0.00209424	0	0.506596	2
138	542	250	542	256	89	92	0.0125654	0	0.659631	1
139	505	81	491	80	89	90	0.0052356	0	0.21372	2
140	774	268	767	266	89	90	0.00383944	0	0.707124	2
141	792	273	789	271	89	90	0.00244328	0	0.720317	2
142	530	242	523	245	89	91	0.00558464	0	0.638522	2
143	410	170	411	171	89	90	0.00069808	0	0.448549	1
144	179	323	153	309	89	95	0.0774869	0	0.852243	2
145	443	187	429	185	90	93	0.00628272	0	0.493404	2
146	397	144	394	147	90	92	0.00418848	0	0.379947	2
147	492	220	459	227	90	95	0.0286213	0	0.580475	2
148	218	316	211	310	90	92	0.0150087	0	0.833773	2
149	118	232	113	232	90	91	0.0017452	0	0.612137	2
150	535	205	526	206	90	99	0.0034904	0	0.540897	2
151	446	288	435	288	90	91	0.00383944	0	0.759894	2
152	778	247	762	243	90	92	0.0111693	0	0.651715	2
153	529	222	527	222	90	91	0.00069808	0	0.585752	2
154	199	292	195	290	90	91	0.00279232	0	0.770449	2
155	773	277	753	280	90	93	0.0101222	0	0.730871	2
156	449	199	444	199	90	91	0.0017452	0	0.525066	2
157	135	170	131	166	90	91	0.0069808	0	0.448549	2
158	384	190	380	192	90	91	0.00279232	0	0.501319	2
159	464	148	454	153	90	92	0.0122164	0	0.390501	2
160	191	376	181	377	90	92	0.00383944	0	0.992084	2
161	405	133	399	136	90	93	0.0052356	0	0.350923	2
162	394	268	393	269	90	91	0.00069808	0	0.707124	2
163	358	307	324	308	90	96	0.0122164	0	0.810026	2
164	782	181	753	181	91	95	0.0101222	0	0.477573	2
165	375	236	365	236	91	93	0.0034904	0	0.622691	2
166	482	260	471	260	91	92	0.00383944	0	0.686016	2
167	127	189	123	188	91	92	0.0017452	0	0.498681	2
168	518	203	515	203	91	92	0.00104712	0	0.53562	2
169	760	265	747	268	91	93	0.00767888	0	0.699208	2
170	492	330	445	333	91	93	0.0195462	0	0.870712	2
171	412	171	411	168	91	92	0.0034904	0	0.451187	2
172	439	166	432	157	91	96	0.0307155	0	0.437995	2
173	367	208	339	208	91	96	0.00977312	0	0.548813	2
174	439	256	437	256	91	92	0.00069808	0	0.675462	2
175	510	148	495	157	91	104	0.0335079	0	0.390501	2
176	116	185	93	179	91	99	0.0205934	0	0.488127	2
177	561	265	548	267	91	94	0.00593368	0	0.699208	2
178	413	125	430	124	91	100	0.00628272	0	0.329815	1
179	380	170	373	172	91	93	0.00383944	0	0.448549	2
180	403	192	398	189	91	94	0.00488656	0	0.506596	2
181	209	219	196	211	91	94	0.0268761	0	0.577836	2
182	431	246	429	244	92	94	0.00209424	0	0.649077	2
183	764	207	745	202	92	94	0.0153578	0	0.546174	2
184	450	182	446	182	92	93	0.00139616	0	0.480211	2
185	524	223	517	222	92	94	0.00279232	0	0.588391	2
186	189	234	181	217	92	99	0.103665	0	0.617414	2
187	412	182	410	180	92	93	0.00209424	0	0.480211	2
188	759	174	746	173	92	94	0.00488656	0	0.459103	2
189	442	144	436	145	92	93	0.00244328	0	0.379947	2
190	376	193	370	194	92	93	0.00244328	0	0.509235	2
191	528	193	511	190	92	96	0.00907504	0	0.509235	2
192	751	226	742	225	92	93	0.0034904	0	0.596306	2
193	278	43	288	67	92	110	0.204538	0	0.113456	1
194	127	152	109	145	92	98	0.0233857	0	0.401055	2
195	446	172	443	171	92	93	0.00139616	0	0.453826	2
196	192	379	180	378	92	94	0.00453752	0	1	2
197	397	233	380	231	93	98	0.00732984	0	0.614776	2
198	475	326	459	325	93	99	0.00593368	0	0.860158	2
199	238	36	220	33	93	98	0.00942408	0	0.0949868	2
200	147	305	143	297	93	96	0.0237347	0	0.804749	2
201	417	246	425	241	93	100	0.0115183	0	0.649077	1
202	513	204	500	202	93	96	0.00593368	0	0.538259	2
203	421	168	419	165	93	94	0.00383944	0	0.443272	2
204	439	254	438	252	93	94	0.0017452	0	0.670185	2
205	120	186	106	181	93	96	0.0136126	0	0.490765	2
206	397	170	397	168	93	94	0.00139616	0	0.448549	1
207	513	247	510	246	93	94	0.00139616	0	0.651715	2
208	542	262	536	260	93	94	0.0034904	0	0.691293	2
209	204	307	199	302	93	94	0.0104712	0	0.810026	2
210	240	47	225	46	93	99	0.00558464	0	0.124011	2
211	758	263	745	259	93	94	0.0101222	0	0.693931	2
212	488	278	503	299	93	107	0.159162	0	0.733509	1
213	526	321	582	374	93	115	1	0	0.846966	1
214	97	178	147	198	93	110	0.157068	0	0.469657	1
215	454	227	447	228	93	94	0.00279232	0	0.598945	2
216	444	350	435	348	94	95	0.00453752	0	0.923483	2
217	361	233	357	230	94	95	0.00453752	0	0.614776	2
218	746	283	729	274	94	98	0.0342059	0	0.746702	2
219	396	150	395	147	94	95	0.0034904	0	0.395778	2
220	440	173	435	172	94	95	0.00209424	0	0.456464	2
221	194	223	205	214	94	102	0.0321117	0	0.588391	1
222	425	183	417	174	94	96	0.0310646	0	0.48285	2
223	484	167	473	168	94	96	0.00418848	0	0.440633	2
224	466	314	457	313	94	95	0.0034904	0	0.828496	2
225	736	174	718	166	94	97	0.0286213	0	0.459103	2
226	732	218	723	216	94	95	0.00453752	0	0.575198	2
227	433	262	444	258	94	103	0.00942408	0	0.691293	1
228	363	266	329	262	94	96	0.017452	0	0.701847	2
229	399	137	396	135	94	95	0.00244328	0	0.361478	2
230	200	313	194	307	94	95	0.0146597	0	0.825858	2
231	365	195	355	193	94	96	0.00488656	0	0.514512	2
232	752	186	737	180	94	96	0.017801	0	0.490765	2
233	364	173	359	173	94	96	0.0017452	0	0.456464	2
234	435	249	433	246	95	96	0.00383944	0	0.656992	2
235	409	255	419	254	95	99	0.00383944	0	0.672823	1
236	436	182	434	177	95	97	0.00942408	0	0.480211	2
237	460	249	454	247	95	97	0.0034904	0	0.656992	2
238	528	254	524	252	95	96	0.00279232	0	0.670185	2
239	425	240	424	238	95	96	0.0017452	0	0.633245	2
240	513	224	518	226	95	99	0.00314136	0	0.591029	1
241	506	244	537	260	95	105	0.100175	0	0.643799	1
242	420	339	403	331	95	97	0.0282723	0	0.894459	2
243	751	265	744	261	95	98	0.00802792	0	0.699208	2
244	732	271	726	270	95	96	0.00244328	0	0.71504	2
245	188	209	204	204	95	102	0.0143106	0	0.551451	1
246	478	239	472	238	95	97	0.00244328	0	0.630607	2
247	188	296	186	291	95	96	0.00942408	0	0.781003	2
248	397	184	397	181	95	96	0.00314136	0	0.485488	1
249	396	166	394	163	95	96	0.00383944	0	0.437995	2
250	86	228	82	225	95	96	0.00453752	0	0.601583	2
251	182	279	191	282	95	101	0.00628272	0	0.736148	1
252	166	244	165	239	95	97	0.00907504	0	0.643799	2
253	385	148	389	144	95	97	0.0069808	0	0.390501	1
254	359	228	361	226	96	97	0.00209424	0	0.601583	1
255	165	290	164	289	96	97	0.00069808	0	0.765172	2
256	723	202	716	201	96	97	0.00279232	0	0.532982	2
257	748	178	745	171	96	98	0.0181501	0	0.469657	2
258	419	156	422	152	96	97	0.00663176	0	0.411609	1
259	360	303	346	304	96	97	0.0052356	0	0.799472	2
260	441	169	443	167	96	97	0.00209424	0	0.44591	1
261	731	192	725	190	96	97	0.0034904	0	0.506596	2
262	396	146	405	144	96	98	0.00453752	0	0.385224	1
263	367	343	348	346	96	97	0.00977312	0	0.905013	2
264	407	191	408	189	96	97	0.0017452	0	0.503958	1
265	710	205	706	202	96	97	0.00453752	0	0.540897	2
266	499	176	515	193	96	104	0.106457	0	0.46438	1
267	186	261	185	261	96	97	0.00034904	0	0.688654	2
268	150	307	160	309	96	101	0.00488656	0	0.810026	1
269	419	184	420	182	96	97	0.0017452	0	0.485488	1
270	356	342	338	344	96	97	0.00767888	0	0.902375	2
271	434	246	445	244	97	100	0.0052356	0	0.649077	1
272	456	225	460	224	97	98	0.0017452	0	0.593668	1
273	496	302	513	316	97	104	0.0743455	0	0.796834	1
274	501	203	522	208	97	102	0.0160558	0	0.53562	1
275	190	282	196	283	97	99	0.00244328	0	0.744063	1
276	730	178	729	174	97	98	0.00593368	0	0.469657	2
277	435	156	469	158	97	104	0.0132635	0	0.411609	1
278	108	181	120	182	97	99	0.00453752	0	0.477573	1
279	756	198	754	192	97	98	0.0132635	0	0.522427	2
280	424	239	427	239	97	98	0.00104712	0	0.630607	1
281	441	77	435	76	97	98	0.00244328	0	0.203166	2
282	435	228	446	225	97	99	0.0069808	0	0.601583	1
283	729	200	729	189	97	101	0.0422339	0	0.527704	1
284	445	299	460	301	97	102	0.00663176	0	0.788918	1
285	466	160	468	158	97	99	0.00209424	0	0.422164	1
286	715	255	712	242	97	101	0.0600349	0	0.672823	2
287	399	179	400	179	97	98	0.00034904	0	0.472296	1
288	319	261	312	261	97	98	0.00244328	0	0.688654	2
289	739	251	740	251	97	98	0.00034904	0	0.662269	1
290	329	260	306	259	97	100	0.00837696	0	0.686016	2
291	485	232	496	232	97	100	0.00383944	0	0.612137	1
292	714	190	719	179	98	106	0.0439791	0	0.501319	1
293	451	243	461	241	98	100	0.00488656	0	0.641161	1
294	170	292	177	293	98	100	0.00279232	0	0.770449	1
295	713	200	716	191	98	101	0.0293194	0	0.527704	1
296	368	226	376	225	98	99	0.00314136	0	0.596306	1
297	438	177	490	190	98	107	0.0771379	0	0.467018	1
298	726	264	727	258	98	99	0.0129145	0	0.69657	1
299	722	164	724	161	98	99	0.00383944	0	0.432718	1
300	425	171	439	171	98	100	0.00488656	0	0.451187	1
301	724	187	728	178	98	102	0.0296684	0	0.493404	1
302	700	194	725	185	98	115	0.0369983	0	0.511873	1
303	190	293	189	292	98	99	0.00069808	0	0.773087	2
304	339	353	342	353	98	102	0.00104712	0	0.931398	1
305	395	143	408	143	98	100	0.00453752	0	0.377309	1
306	453	203	458	208	98	99	0.0104712	0	0.53562	1
307	742	180	741	177	99	100	0.0034904	0	0.474934	2
308	748	169	748	167	99	100	0.00139616	0	0.44591	1
309	386	232	386	232	99	100	0	0	0.612137	1
310	413	145	418	145	99	100	0.0017452	0	0.382586	1
311	223	33	228	35	99	101	0.00314136	0	0.0870712	1
312	322	322	318	324	99	100	0.00279232	0	0.849604	2
313	357	205	368	204	99	100	0.00418848	0	0.540897	1
314	405	159	414	159	99	101	0.00314136	0	0.419525	1
315	85	231	93	241	99	104	0.0376963	0	0.609499	1
316	377	39	374	36	99	100	0.00418848	0	0.102902	2
317	468	224	492	231	99	104	0.0254799	0	0.591029	1
318	397	76	395	80	99	100	0.00628272	0	0.200528	2
319	738	198	737	203	99	104	0.00907504	0	0.522427	2
320	324	252	300	253	99	102	0.008726	0	0.664908	2
321	75	228	93	236	99	106	0.0286213	0	0.601583	1
322	433	233	440	232	99	101	0.00279232	0	0.614776	1
323	96	155	137	173	100	108	0.1274	0	0.408971	1
324	469	154	472	151	100	101	0.00418848	0	0.406332	1
325	425	161	428	159	100	101	0.00244328	0	0.424802	1
326	461	327	472	331	100	104	0.00942408	0	0.862797	1
327	226	47	232	50	100	102	0.0052356	0	0.124011	1
328	408	92	404	90	100	101	0.00279232	0	0.242744	2
329	726	156	731	158	100	104	0.00314136	0	0.411609	1
330	200	285	203	286	100	101	0.00139616	0	0.751979	1
331	527	195	539	201	100	103	0.0167539	0	0.514512	1
332	186	217	203	228	100	104	0.0481675	0	0.572559	1
333	465	211	470	210	100	101	0.00209424	0	0.556728	1
334	531	208	612	237	100	115	0.321815	0	0.548813	1
335	181	234	191	237	100	102	0.00663176	0	0.617414	1
336	189	295	188	301	100	101	0.0129145	0	0.778364	2
337	100	142	162	161	100	111	0.147644	0	0.37467	1
338	110	149	127	160	100	104	0.0481675	0	0.39314	1
339	95	24	95	24	100	101	0	0	0.0633245	1
340	207	190	269	204	100	115	0.0900524	0	0.501319	1
341	485	234	489	233	100	101	0.0017452	0	0.617414	1
342	425	73	413	72	100	102	0.00453752	0	0.192612	2
343	373	52	367	50	100	101	0.0034904	0	0.137203	2
344	413	105	404	103	100	101	0.00453752	0	0.277045	2
345	418	210	423	210	100	101	0.0017452	0	0.55409	1
346	527	224	578	246	100	110	0.186736	0	0.591029	1
347	465	252	468	252	100	101	0.00104712	0	0.664908	1
348	379	222	385	221	100	101	0.00244328	0	0.585752	1
349	504	40	505	39	100	101	0.00069808	0	0.105541	1
350	471	110	503	134	100	110	0.212216	0	0.290237	1
351	444	174	448	175	101	102	0.0017452	0	0.459103	1
352	448	244	449	247	101	103	0.0034904	0	0.643799	1
353	724	267	730	268	101	104	0.00244328	0	0.704485	1
354	438	242	437	245	101	103	0.0034904	0	0.638522	2
355	749	167	751	173	101	104	0.0132635	0	0.440633	1
356	204	85	256	108	101	111	0.202792	0	0.224274	1
357	333	350	323	351	101	104	0.00383944	0	0.923483	2
358	560	271	627	304	101	115	0.40349	0	0.71504	1
359	413	144	418	145	101	102	0.00209424	0	0.379947	1
360	489	25	462	38	101	106	0.0684119	0	0.0659631	2
361	206	303	210	305	101	102	0.00279232	0	0.799472	1
362	357	67	326	84	101	109	0.111693	0	0.176781	2
363	717	190	739	186	102	115	0.0132635	0	0.501319	1
364	165	309	204	312	102	109	0.0167539	0	0.815303	1
365	311	332	304	337	102	103	0.0111693	0	0.875989	2
366	171	287	177	290	102	104	0.0052356	0	0.757256	1
367	186	298	216	304	102	108	0.0230366	0	0.78628	1
368	477	152	487	156	102	104	0.00907504	0	0.401055	1
369	730	188	730	188	102	103	0	0	0.496042	1
370	314	292	266	315	102	110	0.201396	0	0.770449	2
371	208	290	210	293	102	103	0.00383944	0	0.765172	1
372	467	144	470	145	102	103	0.00139616	0	0.379947	1
373	318	270	280	285	102	107	0.0917976	0	0.712401	2
374	227	99	250	118	102	109	0.134031	0	0.261214	1
375	438	216	443	216	102	103	0.0017452	0	0.569921	1
376	463	312	466	313	102	103	0.00139616	0	0.823219	1
377	414	266	464	303	102	115	0.495288	0	0.701847	1
378	205	248	212	251	102	104	0.00558464	0	0.654354	1
379	517	322	562	345	102	112	0.200349	0	0.849604	1
380	424	272	451	301	102	111	0.302967	0	0.717678	1
381	452	176	455	178	103	104	0.00244328	0	0.46438	1
382	395	234	402	234	103	104	0.00244328	0	0.617414	1
383	226	39	229	44	103	104	0.00977312	0	0.102902	1
384	528	211	540	218	103	106	0.0212914	0	0.556728	1
385	356	101	362	110	103	106	0.0303665	0	0.266491	1
386	100	224	104	228	103	104	0.0069808	0	0.591029	1
387	481	255	484	259	103	104	0.00663176	0	0.672823	1
388	237	54	240	58	103	104	0.00663176	0	0.14248	1
389	754	249	759	248	103	104	0.00209424	0	0.656992	1
390	498	173	502	178	103	105	0.0101222	0	0.456464	1
391	385	83	372	84	103	104	0.00488656	0	0.218997	2
392	450	143	453	146	103	104	0.00418848	0	0.377309	1
393	182	245	211	262	103	108	0.110995	0	0.646438	1
394	203	271	206	271	103	104	0.00104712	0	0.71504	1
395	463	303	473	307	103	105	0.00907504	0	0.799472	1
396	713	242	711	243	103	104	0.00104712	0	0.638522	2
397	469	169	484	177	103	106	0.0275742	0	0.44591	1
398	428	166	431	168	103	104	0.00244328	0	0.437995	1
399	438	171	440	173	103	104	0.00209424	0	0.451187	1
400	448	162	452	164	103	104	0.00279232	0	0.427441	1
401	449	252	449	255	104	105	0.00314136	0	0.664908	1
402	439	247	439	251	104	106	0.00558464	0	0.651715	1
403	733	193	737	190	104	108	0.00453752	0	0.509235	1
404	213	295	215	296	104	105	0.00104712	0	0.778364	1
405	543	203	609	223	104	115	0.162653	0	0.53562	1
406	203	216	240	221	104	112	0.0216405	0	0.569921	1
407	446	24	423	53	104	115	0.301571	0	0.0633245	2
408	286	282	249	287	104	115	0.0216405	0	0.744063	2
409	765	246	776	243	105	108	0.0069808	0	0.649077	1
410	452	171	457	173	105	106	0.00314136	0	0.451187	1
411	480	153	498	158	105	108	0.0150087	0	0.403694	1
412	481	256	529	282	105	114	0.252705	0	0.675462	1
413	234	48	255	58	105	109	0.0422339	0	0.126649	1
414	460	181	473	185	105	107	0.0101222	0	0.477573	1
415	712	257	717	261	105	107	0.00732984	0	0.6781	1
416	395	86	378	91	105	107	0.0146597	0	0.226913	2
417	244	55	247	57	105	106	0.00244328	0	0.145119	1
418	450	55	466	65	105	109	0.0404887	0	0.145119	1
419	740	163	748	166	105	107	0.00593368	0	0.430079	1
420	479	332	509	331	105	108	0.0108202	0	0.875989	1
421	205	230	232	231	105	111	0.00977312	0	0.60686	1
422	739	206	746	216	105	108	0.0373473	0	0.543536	1
423	184	305	188	304	105	106	0.0017452	0	0.804749	1
424	422	190	430	195	105	107	0.0115183	0	0.501319	1
425	516	320	572	339	105	115	0.14555	0	0.844327	1
426	754	177	787	189	105	112	0.0617801	0	0.467018	1
427	224	54	277	69	105	115	0.0970332	0	0.14248	1
428	397	147	406	153	105	108	0.0157068	0	0.387863	1
429	497	233	512	242	105	108	0.0335079	0	0.614776	1
430	202	292	206	290	105	106	0.00279232	0	0.770449	1
431	463	236	463	238	105	106	0.00139616	0	0.622691	1
432	319	350	300	347	105	107	0.00977312	0	0.923483	2
433	220	307	225	304	105	106	0.00488656	0	0.810026	1
434	488	39	466	40	105	107	0.00802792	0	0.102902	2
435	343	50	327	52	105	108	0.0069808	0	0.131926	2
436	728	244	726	241	105	106	0.00383944	0	0.643799	2
437	710	246	714	250	105	107	0.0069808	0	0.649077	1
438	279	349	270	350	106	107	0.0034904	0	0.920844	2
439	729	178	730	177	106	107	0.00069808	0	0.469657	1
440	501	163	507	163	106	107	0.00209424	0	0.430079	1
441	480	164	548	189	106	115	0.241885	0	0.432718	1
442	406	238	447	241	106	111	0.017452	0	0.627968	1
443	497	245	520	258	106	110	0.0670157	0	0.646438	1
444	117	233	121	235	106	107	0.00279232	0	0.614776	1
445	351	91	353	90	106	107	0.00104712	0	0.240106	1
446	141	158	175	163	106	111	0.0205934	0	0.416887	1
447	381	75	361	81	106	110	0.0195462	0	0.197889	2
448	536	252	549	258	106	109	0.017103	0	0.664908	1
449	117	155	193	164	106	115	0.0547993	0	0.408971	1
450	567	270	572	270	106	107	0.0017452	0	0.712401	1
451	470	173	478	177	107	108	0.00837696	0	0.456464	1
452	229	297	237	294	107	108	0.00593368	0	0.783641	1
453	546	219	552	222	107	108	0.0052356	0	0.577836	1
454	441	254	444	257	107	108	0.00418848	0	0.670185	1
455	467	241	474	248	107	109	0.0195462	0	0.635884	1
456	339	82	332	85	107	109	0.00558464	0	0.216359	2
457	457	198	464	201	107	108	0.00558464	0	0.522427	1
458	214	289	221	288	107	108	0.00279232	0	0.762533	1
459	389	134	391	137	107	108	0.00383944	0	0.353562	1
460	412	156	418	156	107	109	0.00209424	0	0.411609	1
461	720	176	720	177	107	108	0.00034904	0	0.46438	1
462	436	126	479	143	107	115	0.115881	0	0.332454	1
463	370	126	343	143	107	114	0.110297	0	0.332454	2
464	724	266	745	264	108	112	0.008726	0	0.701847	1
465	434	257	439	260	108	109	0.00488656	0	0.6781	1
466	739	265	802	270	108	115	0.0307155	0	0.699208	1
467	265	349	250	343	108	111	0.017801	0	0.920844	2
468	749	172	770	174	108	111	0.008726	0	0.453826	1
469	468	176	475	180	108	109	0.00802792	0	0.46438	1
470	730	177	732	178	108	109	0.00104712	0	0.467018	1
471	372	96	356	95	108	111	0.00593368	0	0.253298	2
472	272	289	264	286	108	111	0.00593368	0	0.762533	2
473	492	237	512	242	108	111	0.0157068	0	0.62533	1
474	509	225	526	229	108	110	0.0115183	0	0.593668	1
475	436	200	479	211	108	114	0.0572426	0	0.527704	1
476	570	274	583	282	108	110	0.0268761	0	0.722955	1
477	339	40	338	42	108	109	0.0017452	0	0.105541	2
478	81	39	78	40	108	109	0.00139616	0	0.102902	2
479	495	196	514	199	109	111	0.00977312	0	0.51715	1
480	505	163	512	166	109	110	0.00558464	0	0.430079	1
481	227	288	229	286	109	110	0.00209424	0	0.759894	1
482	560	225	578	227	109	112	0.00767888	0	0.593668	1
483	125	243	149	243	109	113	0.00837696	0	0.641161	1
484	470	204	477	205	109	110	0.00279232	0	0.538259	1
485	335	100	334	103	109	110	0.0034904	0	0.263852	2
486	200	261	233	254	109	115	0.0286213	0	0.688654	1
487	93	39	105	48	109	115	0.0324607	0	0.102902	1
488	464	267	469	271	109	110	0.00732984	0	0.704485	1
489	484	256	492	262	109	111	0.0153578	0	0.675462	1
490	324	54	316	57	109	112	0.00593368	0	0.14248	2
491	573	263	611	275	109	115	0.0635253	0	0.693931	1
492	287	352	274	362	109	111	0.0394415	0	0.92876	2
493	443	36	432	41	109	113	0.0125654	0	0.0949868	2
494	462	181	468	184	109	110	0.0052356	0	0.477573	1
495	407	151	404	150	109	110	0.00139616	0	0.398417	2
496	81	334	116	346	109	115	0.0624782	0	0.881266	1
497	141	226	179	226	109	112	0.0132635	0	0.596306	1
498	216	243	242	236	110	115	0.026178	0	0.641161	1
499	446	260	455	262	110	112	0.00453752	0	0.686016	1
500	152	176	166	173	110	112	0.00802792	0	0.46438	1
501	260	59	275	57	110	113	0.00663176	0	0.155673	1
502	256	122	266	123	110	112	0.00383944	0	0.3219	1
503	477	252	480	252	110	111	0.00104712	0	0.664908	1
504	733	180	742	176	110	113	0.008726	0	0.474934	1
505	716	203	721	200	110	112	0.00488656	0	0.53562	1
506	730	260	744	251	110	113	0.0331588	0	0.686016	1
507	254	304	251	298	110	111	0.0136126	0	0.802111	2
508	481	184	491	184	110	112	0.0034904	0	0.485488	1
509	749	190	757	187	110	111	0.00593368	0	0.501319	1
510	496	186	505	187	110	111	0.0034904	0	0.490765	1
511	82	38	86	51	110	115	0.0603839	0	0.100264	1
512	458	193	485	196	110	114	0.0125654	0	0.509235	1
513	456	265	462	266	110	111	0.00244328	0	0.699208	1
514	566	274	577	275	110	112	0.00418848	0	0.722955	1
515	484	219	494	218	110	112	0.00383944	0	0.577836	1
516	308	363	307	367	111	113	0.00593368	0	0.957784	2
517	519	167	531	170	111	113	0.00732984	0	0.440633	1
518	476	183	480	183	111	112	0.00139616	0	0.48285	1
519	531	254	534	255	111	112	0.00139616	0	0.670185	1
520	248	266	248	264	111	112	0.00139616	0	0.701847	1
521	233	282	234	280	111	112	0.0017452	0	0.744063	1
522	743	188	748	186	111	113	0.00314136	0	0.496042	1
523	590	284	615	291	111	115	0.025829	0	0.74934	1
524	169	175	203	181	111	115	0.0244328	0	0.461741	1
525	242	235	264	232	111	115	0.0108202	0	0.620053	1
526	457	235	462	235	111	112	0.0017452	0	0.620053	1
527	278	24	300	32	111	115	0.0300175	0	0.0633245	1
528	453	45	429	51	111	115	0.0209424	0	0.118734	2
529	521	201	527	204	112	113	0.0052356	0	0.530343	1
530	499	160	504	161	112	113	0.00209424	0	0.422164	1
531	277	288	277	290	112	113	0.00139616	0	0.759894	1
532	518	242	525	243	112	113	0.00279232	0	0.638522	1
533	264	284	260	291	112	115	0.0184991	0	0.74934	2
534	243	314	246	312	112	113	0.00244328	0	0.828496	1
535	496	170	503	171	112	113	0.00279232	0	0.448549	1
536	482	251	486	252	112	113	0.0017452	0	0.662269	1
537	290	341	283	342	112	114	0.00279232	0	0.899736	2
538	248	345	251	348	112	113	0.00418848	0	0.91029	1
539	279	367	283	370	112	113	0.00453752	0	0.968338	1
540	232	255	237	254	112	113	0.00209424	0	0.672823	1
541	561	270	574	277	112	114	0.0216405	0	0.712401	1
542	469	268	483	273	112	114	0.0136126	0	0.707124	1
543	350	96	343	101	112	114	0.0111693	0	0.253298	2
544	457	304	470	307	112	114	0.00767888	0	0.802111	1
545	344	161	359	170	112	115	0.0335079	0	0.424802	1
546	552	231	563	237	112	113	0.0164049	0	0.609499	1
547	425	60	437	70	112	115	0.0390925	0	0.158311	1
548	262	110	267	113	112	113	0.00488656	0	0.290237	1
549	250	296	250	297	112	113	0.00034904	0	0.781003	1
550	465	274	472	276	113	114	0.00383944	0	0.722955	1
551	538	258	541	259	113	114	0.00139616	0	0.680739	1
552	274	278	273	279	113	114	0.00069808	0	0.733509	2
553	246	222	258	222	113	115	0.00418848	0	0.585752	1
554	174	174	192	178	113	115	0.0118674	0	0.459103	1
555	498	226	506	226	113	114	0.00279232	0	0.596306	1
556	185	166	202	171	113	115	0.0146597	0	0.437995	1
557	277	79	282	79	113	114	0.0017452	0	0.208443	1
558	219	315	225	320	113	115	0.0108202	0	0.831135	1
559	467	24	478	29	113	115	0.0125654	0	0.0633245	1
560	586	231	599	234	113	115	0.00767888	0	0.609499	1
561	470	239	485	244	113	115	0.0139616	0	0.630607	1
562	256	308	254	306	113	114	0.00209424	0	0.812665	2
563	333	58	326	62	113	115	0.00802792	0	0.153034	2
564	794	192	809	194	113	115	0.00663176	0	0.506596	1
565	307	366	302	365	114	115	0.00209424	0	0.965699	2
566	535	208	541	210	114	115	0.0034904	0	0.548813	1
567	469	286	476	287	114	115	0.00279232	0	0.754617	1
568	511	173	518	172	114	115	0.00279232	0	0.456464	1
569	746	178	749	178	114	115	0.00104712	0	0.469657	1
570	281	58	285	58	114	115	0.00139616	0	0.153034	1
571	507	190	511	191	114	115	0.0017452	0	0.501319	1
572	100	24	101	26	114	115	0.0017452	0	0.0633245	1
573	811	170	818	169	114	115	0.00279232	0	0.448549	1
574	280	125	284	125	114	115	0.00139616	0	0.329815	1
575	336	74	332	75	114	115	0.0017452	0	0.195251	2
576	160	239	169	235	114	115	0.008726	0	0.630607	1
577	263	278	260	280	114	115	0.00244328	0	0.733509	2
578	554	167	562	169	114	115	0.00418848	0	0.440633	1
579	658	24	663	26	114	115	0.00314136	0	0.0633245	1
580	575	351	580	352	114	115	0.00209424	0	0.926121	1
581	534	245	542	250	114	115	0.0115183	0	0.646438	1