
0	532	196	525	190	287	289	0.188596	0	0.430769	2
1	391	239	387	237	287	288	0.0350877	0	0.525275	2
2	417	238	412	234	287	288	0.0921053	0	0.523077	2
3	425	221	421	219	287	288	0.0350877	0	0.485714	2
4	650	455	629	454	287	304	0.0964912	0	1	2
5	748	128	740	131	288	290	0.0745614	0	0.281319	2
6	400	255	392	246	288	290	0.390351	0	0.56044	2
7	539	199	535	197	288	289	0.0350877	0	0.437363	2
8	759	169	745	165	288	290	0.131579	0	0.371429	2
9	402	235	394	228	288	290	0.25	0	0.516484	2
10	225	309	219	312	288	289	0.0657895	0	0.679121	2
11	195	455	187	454	288	296	0.0394737	0	1	2
12	263	455	255	454	288	294	0.0394737	0	1	2
13	506	186	504	186	289	290	0.00877193	0	0.408791	2
14	391	240	387	236	289	290	0.0877193	0	0.527473	2
15	424	224	421	221	289	290	0.0526316	0	0.492308	2
16	408	231	404	229	289	290	0.0350877	0	0.507692	2
17	723	141	725	139	289	293	0.0263158	0	0.30989	1
18	487	219	483	216	289	291	0.0570175	0	0.481319	2
19	472	190	468	184	289	294	0.175439	0	0.417582	2
20	219	269	216	269	289	290	0.0131579	0	0.591209	2
21	275	273	273	273	289	290	0.00877193	0	0.6	2
22	500	250	496	250	289	294	0.0175439	0	0.549451	2
23	439	226	437	219	290	293	0.223684	0	0.496703	2
24	521	189	518	187	290	291	0.0307018	0	0.415385	2
25	389	218	388	216	290	291	0.0219298	0	0.479121	2
26	359	455	358	454	290	295	0.00877193	0	1	2
27	738	134	741	131	291	293	0.0526316	0	0.294505	1
28	240	232	241	230	291	292	0.0219298	0	0.50989	1
29	346	244	349	239	291	293	0.122807	0	0.536264	1
30	504	187	506	187	291	293	0.00877193	0	0.410989	1
31	392	243	392	239	291	292	0.0701754	0	0.534066	1
32	509	164	509	164	291	292	0	0	0.36044	1
33	212	310	206	304	291	293	0.184211	0	0.681319	2
34	473	202	472	200	291	292	0.0219298	0	0.443956	2
35	231	292	212	285	291	297	0.298246	0	0.641758	2
36	404	230	404	228	291	293	0.0175439	0	0.505495	1
37	739	156	739	156	291	293	0	0	0.342857	1
38	215	269	215	267	291	292	0.0175439	0	0.591209	1
39	230	225	233	223	291	294	0.0307018	0	0.494505	1
40	426	219	426	213	291	293	0.157895	0	0.481319	1
41	244	242	247	238	291	293	0.0833333	0	0.531868	1
42	272	302	268	301	292	299	0.0219298	0	0.663736	2
43	93	108	80	108	292	302	0.0570175	0	0.237363	2
44	339	185	333	187	292	301	0.0438596	0	0.406593	2
45	534	183	532	181	292	293	0.0263158	0	0.402198	2
46	484	213	484	208	292	293	0.109649	0	0.468132	1
47	234	302	221	298	292	295	0.127193	0	0.663736	2
48	360	248	361	246	292	293	0.0219298	0	0.545055	1
49	428	202	428	199	292	293	0.0394737	0	0.443956	1
50	382	233	381	231	292	293	0.0219298	0	0.512088	2
51	448	455	447	454	292	293	0.00877193	0	1	2
52	575	213	550	208	292	298	0.219298	0	0.468132	2
53	500	217	500	214	292	293	0.0394737	0	0.476923	1
54	401	207	404	202	292	294	0.122807	0	0.454945	1
55	729	136	732	134	292	293	0.0307018	0	0.298901	1
56	318	268	318	267	292	293	0.00438596	0	0.589011	1
57	590	250	581	249	292	294	0.0438596	0	0.549451	2
58	695	252	692	252	293	294	0.0131579	0	0.553846	2
59	363	221	365	220	293	294	0.0131579	0	0.485714	1
60	352	228	353	226	293	294	0.0219298	0	0.501099	1
61	581	222	574	221	293	295	0.0350877	0	0.487912	2
62	242	228	242	227	293	294	0.00438596	0	0.501099	1
63	235	257	234	258	293	298	0.00877193	0	0.564835	2
64	223	360	220	360	293	298	0.0131579	0	0.791209	2
65	391	227	390	226	293	294	0.00877193	0	0.498901	2
66	739	166	738	170	293	296	0.0745614	0	0.364835	2
67	102	110	98	109	293	299	0.0219298	0	0.241758	2
68	242	295	241	295	293	294	0.00438596	0	0.648352	2
69	392	212	392	211	293	294	0.00438596	0	0.465934	1
70	216	268	215	268	293	294	0.00438596	0	0.589011	2
71	452	230	449	229	293	296	0.0175439	0	0.505495	2
72	237	430	185	430	293	325	0.22807	0	0.945055	2
73	415	218	414	218	293	294	0.00438596	0	0.479121	2
74	239	245	242	245	294	295	0.0131579	0	0.538462	1
75	437	219	433	218	294	297	0.0219298	0	0.481319	2
76	351	237	354	236	294	295	0.0175439	0	0.520879	1
77	786	103	785	104	294	295	0.00877193	0	0.226374	2
78	331	262	333	265	294	296	0.0482456	0	0.575824	1
79	505	213	506	210	294	296	0.0438596	0	0.468132	1
80	277	279	282	283	294	298	0.0921053	0	0.613187	1
81	278	255	286	258	294	296	0.0745614	0	0.56044	1
82	424	217	423	216	294	295	0.00877193	0	0.476923	2
83	394	245	392	244	294	295	0.0131579	0	0.538462	2
84	498	203	498	201	294	295	0.0175439	0	0.446154	1
85	231	355	230	354	294	295	0.00877193	0	0.78022	2
86	429	252	428	252	295	296	0.00438596	0	0.553846	2
87	215	257	220	253	295	303	0.0921053	0	0.564835	1
88	688	251	682	251	295	296	0.0263158	0	0.551648	2
89	370	220	373	219	295	296	0.0175439	0	0.483516	1
90	521	176	520	178	295	296	0.0219298	0	0.386813	2
91	405	222	409	221	295	296	0.0219298	0	0.487912	1
92	394	211	396	210	295	296	0.0131579	0	0.463736	1
93	240	296	240	296	295	296	0	0	0.650549	1
94	684	230	677	230	295	297	0.0307018	0	0.505495	2
95	355	226	359	224	295	296	0.0350877	0	0.496703	1
96	468	183	468	182	295	297	0.00438596	0	0.402198	1
97	407	202	410	202	295	296	0.0131579	0	0.443956	1
98	206	286	203	285	295	296	0.0175439	0	0.628571	2
99	459	208	456	208	295	297	0.0131579	0	0.457143	2
100	471	219	467	219	295	297	0.0175439	0	0.481319	2
101	215	268	212	268	295	299	0.0131579	0	0.589011	2
102	288	278	293	283	295	298	0.131579	0	0.610989	1
103	496	169	499	169	295	296	0.0131579	0	0.371429	1
104	443	205	442	204	295	296	0.00877193	0	0.450549	2
105	97	85	28	83	295	318	0.320175	0	0.186813	2
106	286	268	289	269	295	297	0.0175439	0	0.589011	1
107	536	193	535	193	296	297	0.00438596	0	0.424176	2
108	251	352	242	349	296	297	0.0789474	0	0.773626	2
109	499	199	499	197	296	297	0.0175439	0	0.437363	1
110	548	96	545	96	296	298	0.0131579	0	0.210989	2
111	377	251	381	250	296	297	0.0219298	0	0.551648	1
112	219	298	210	296	296	298	0.0570175	0	0.654945	2
113	301	258	302	258	296	297	0.00438596	0	0.567033	1
114	524	168	526	167	296	297	0.0131579	0	0.369231	1
115	424	214	417	212	296	298	0.0482456	0	0.47033	2
116	320	269	322	266	296	300	0.0482456	0	0.591209	1
117	388	227	384	227	296	297	0.0175439	0	0.498901	2
118	359	455	346	454	296	303	0.0614035	0	1	2
119	232	356	231	356	296	297	0.00438596	0	0.782418	2
120	342	195	343	196	296	297	0.00877193	0	0.428571	1
121	93	97	80	97	296	302	0.0570175	0	0.213187	2
122	427	254	422	257	297	299	0.0614035	0	0.558242	2
123	243	296	254	292	297	300	0.118421	0	0.650549	1
124	506	209	501	208	297	299	0.0263158	0	0.459341	2
125	748	132	749	131	297	298	0.00877193	0	0.29011	1
126	333	266	340	264	297	301	0.0482456	0	0.584615	1
127	202	288	196	287	297	298	0.0307018	0	0.632967	2
128	748	120	750	118	297	298	0.0263158	0	0.263736	1
129	615	165	612	164	297	298	0.0175439	0	0.362637	2
130	187	455	173	454	297	303	0.0657895	0	1	2
131	516	176	510	176	297	298	0.0263158	0	0.386813	2
132	508	221	499	222	297	301	0.0438596	0	0.485714	2
133	447	455	434	454	297	304	0.0614035	0	1	2
134	428	217	422	216	298	299	0.0307018	0	0.476923	2
135	248	243	247	242	298	300	0.00877193	0	0.534066	2
136	462	219	455	217	298	299	0.0482456	0	0.481319	2
137	450	208	444	206	298	299	0.0438596	0	0.457143	2
138	391	229	385	228	298	299	0.0307018	0	0.503297	2
139	436	204	430	202	298	299	0.0438596	0	0.448352	2
140	231	348	217	346	298	299	0.0789474	0	0.764835	2
141	522	181	516	180	298	299	0.0307018	0	0.397802	2
142	296	254	297	253	298	299	0.00877193	0	0.558242	1
143	499	197	497	197	298	299	0.00877193	0	0.432967	2
144	663	215	615	213	298	305	0.22807	0	0.472527	2
145	467	181	457	179	298	302	0.0614035	0	0.397802	2
146	381	254	376	254	298	299	0.0219298	0	0.558242	2
147	565	217	555	217	298	299	0.0438596	0	0.476923	2
148	238	248	236	247	298	299	0.0131579	0	0.545055	2
149	676	228	668	229	298	299	0.0394737	0	0.501099	2
150	461	257	453	253	298	300	0.105263	0	0.564835	2
151	517	163	519	164	298	301	0.0131579	0	0.358242	1
152	207	284	200	282	298	299	0.0482456	0	0.624176	2
153	491	257	488	254	298	299	0.0526316	0	0.564835	2
154	543	209	518	208	299	302	0.114035	0	0.459341	2
155	184	290	179	289	299	300	0.0263158	0	0.637363	2
156	550	227	541	226	299	300	0.0438596	0	0.498901	2
157	205	295	200	293	299	300	0.0394737	0	0.648352	2
158	735	169	733	168	299	300	0.0131579	0	0.371429	2
159	333	209	330	208	299	302	0.0175439	0	0.459341	2
160	344	205	342	205	299	300	0.00877193	0	0.450549	2
161	186	279	180	278	299	300	0.0307018	0	0.613187	2
162	536	219	530	219	299	300	0.0263158	0	0.481319	2
163	291	284	290	284	299	300	0.00438596	0	0.624176	2
164	507	198	505	199	299	300	0.0131579	0	0.435165	2
165	827	60	773	60	299	325	0.236842	0	0.131868	2
166	526	191	520	190	299	300	0.0307018	0	0.41978	2
167	590	273	585	273	299	301	0.0219298	0	0.6	2
168	642	241	627	229	300	302	0.697368	0	0.52967	2
169	440	205	435	203	300	301	0.0394737	0	0.450549	2
170	499	210	497	210	300	301	0.00877193	0	0.461538	2
171	420	216	418	216	300	301	0.00877193	0	0.474725	2
172	267	301	265	300	300	301	0.0131579	0	0.661538	2
173	222	355	219	354	300	301	0.0175439	0	0.78022	2
174	184	310	160	303	300	304	0.320175	0	0.681319	2
175	393	218	393	215	300	301	0.0394737	0	0.479121	1
176	381	228	371	225	300	302	0.0833333	0	0.501099	2
177	750	131	751	129	300	301	0.0219298	0	0.287912	1
178	293	254	297	251	300	303	0.0570175	0	0.558242	1
179	309	269	337	258	300	304	0.653509	0	0.591209	1
180	352	197	352	197	300	301	0	0	0.432967	1
181	264	225	269	223	300	302	0.0394737	0	0.494505	1
182	489	213	484	211	300	301	0.0394737	0	0.468132	2
183	409	210	406	209	300	301	0.0175439	0	0.461538	2
184	549	212	518	211	300	304	0.140351	0	0.465934	2
185	497	254	496	253	300	301	0.00877193	0	0.558242	2
186	737	129	742	126	300	303	0.0614035	0	0.283516	1
187	560	219	528	217	300	304	0.157895	0	0.481319	2
188	537	104	529	104	300	302	0.0350877	0	0.228571	2
189	752	164	765	163	300	304	0.0614035	0	0.36044	1
190	439	221	433	219	300	301	0.0438596	0	0.485714	2
191	541	91	538	91	300	301	0.0131579	0	0.2	2
192	96	110	93	111	300	301	0.0175439	0	0.241758	2
193	660	230	630	227	300	303	0.171053	0	0.505495	2
194	243	303	251	302	300	301	0.0394737	0	0.665934	1
195	432	195	427	193	300	301	0.0394737	0	0.428571	2
196	303	251	313	248	300	304	0.0833333	0	0.551648	1
197	174	287	168	285	301	302	0.0438596	0	0.630769	2
198	243	217	242	215	301	302	0.0219298	0	0.476923	2
199	262	290	281	289	301	306	0.0877193	0	0.637363	1
200	604	164	598	164	301	303	0.0263158	0	0.36044	2
201	213	364	209	363	301	302	0.0219298	0	0.8	2
202	491	183	486	182	301	302	0.0263158	0	0.402198	2
203	505	196	503	197	301	302	0.0131579	0	0.430769	2
204	756	118	756	117	301	302	0.00438596	0	0.259341	1
205	196	308	188	306	301	302	0.0526316	0	0.676923	2
206	790	123	780	120	301	302	0.0833333	0	0.27033	2
207	445	184	441	182	301	302	0.0350877	0	0.404396	2
208	194	296	187	294	301	302	0.0482456	0	0.650549	2
209	526	114	511	116	301	309	0.0833333	0	0.250549	2
210	417	216	416	215	302	303	0.00877193	0	0.474725	2
211	495	212	493	212	302	303	0.00877193	0	0.465934	2
212	523	195	525	193	302	303	0.0263158	0	0.428571	1
213	496	252	499	254	302	304	0.0307018	0	0.553846	1
214	473	209	468	208	302	303	0.0263158	0	0.459341	2
215	523	224	515	223	302	303	0.0394737	0	0.492308	2
216	176	306	168	305	302	303	0.0394737	0	0.672527	2
217	446	254	450	258	302	306	0.0877193	0	0.558242	1
218	227	248	229	246	302	303	0.0263158	0	0.545055	1
219	539	100	530	101	302	307	0.0438596	0	0.21978	2
220	245	241	243	237	302	303	0.0789474	0	0.52967	2
221	485	219	486	220	302	304	0.00877193	0	0.481319	1
222	529	92	524	89	302	304	0.0614035	0	0.202198	2
223	756	170	766	169	302	314	0.0482456	0	0.373626	1
224	393	214	392	211	302	303	0.0438596	0	0.47033	2
225	729	167	752	166	302	306	0.105263	0	0.367033	1
226	405	226	406	226	303	304	0.00438596	0	0.496703	1
227	351	231	349	232	303	304	0.0131579	0	0.507692	2
228	261	300	270	296	303	306	0.109649	0	0.659341	1
229	170	351	166	352	303	304	0.0219298	0	0.771429	2
230	313	263	330	260	303	306	0.114035	0	0.578022	1
231	306	236	318	236	303	305	0.0526316	0	0.518681	1
232	425	201	422	200	303	304	0.0175439	0	0.441758	2
233	328	209	329	212	303	304	0.0438596	0	0.459341	1
234	163	284	160	283	303	304	0.0175439	0	0.624176	2
235	378	220	381	220	303	304	0.0131579	0	0.483516	1
236	242	214	249	211	303	305	0.0701754	0	0.47033	1
237	160	343	142	343	303	309	0.0789474	0	0.753846	2
238	334	190	335	190	303	304	0.00438596	0	0.417582	1
239	78	108	77	108	303	304	0.00438596	0	0.237363	2
240	256	208	259	206	303	304	0.0307018	0	0.457143	1
241	408	236	408	236	303	304	0	0	0.518681	1
242	635	253	623	255	303	306	0.0701754	0	0.556044	2
243	277	225	284	218	303	306	0.245614	0	0.494505	1
244	159	354	154	355	303	304	0.0263158	0	0.778022	2
245	428	226	428	226	303	304	0	0	0.496703	1
246	226	252	234	251	304	305	0.0394737	0	0.553846	1
247	418	216	421	217	304	305	0.0175439	0	0.474725	1
248	531	196	536	199	304	305	0.0614035	0	0.430769	1
249	456	182	459	182	304	305	0.0131579	0	0.4	1
250	660	261	652	263	304	305	0.0526316	0	0.573626	2
251	424	242	425	243	304	305	0.00877193	0	0.531868	1
252	432	199	435	199	304	305	0.0131579	0	0.437363	1
253	303	253	316	253	304	306	0.0570175	0	0.556044	1
254	400	209	405	209	304	305	0.0219298	0	0.459341	1
255	425	189	427	189	304	305	0.00877193	0	0.415385	1
256	761	115	771	116	304	306	0.0482456	0	0.252747	1
257	352	182	354	182	304	305	0.00877193	0	0.4	1
258	600	168	603	168	304	306	0.0131579	0	0.369231	1
259	524	183	529	185	304	305	0.0394737	0	0.402198	1
260	238	246	245	245	304	305	0.0350877	0	0.540659	1
261	743	126	747	127	304	305	0.0219298	0	0.276923	1
262	504	257	508	259	305	306	0.0350877	0	0.564835	1
263	333	214	334	215	305	306	0.00877193	0	0.47033	1
264	167	355	161	353	305	308	0.0438596	0	0.78022	2
265	526	218	520	219	305	306	0.0307018	0	0.479121	2
266	758	125	762	126	305	306	0.0219298	0	0.274725	1
267	380	214	384	214	305	306	0.0175439	0	0.47033	1
268	619	228	606	226	305	307	0.0745614	0	0.501099	2
269	164	281	150	281	305	307	0.0614035	0	0.617582	2
270	531	170	534	172	305	306	0.0307018	0	0.373626	1
271	264	203	267	201	305	306	0.0307018	0	0.446154	1
272	156	358	145	357	305	309	0.0526316	0	0.786813	2
273	306	263	313	263	305	306	0.0307018	0	0.578022	1
274	514	218	509	219	305	306	0.0263158	0	0.479121	2
275	292	288	297	286	305	306	0.0394737	0	0.632967	1
276	317	281	326	281	305	307	0.0394737	0	0.617582	1
277	446	191	447	191	305	306	0.00438596	0	0.41978	1
278	501	195	498	195	305	306	0.0131579	0	0.428571	2
279	474	261	475	260	305	306	0.00877193	0	0.573626	1
280	457	192	456	192	305	307	0.00438596	0	0.421978	2
281	514	203	517	203	305	306	0.0131579	0	0.446154	1
282	816	31	768	30	305	325	0.214912	0	0.0681319	2
283	399	199	400	199	305	306	0.00438596	0	0.437363	1
284	369	226	364	227	306	307	0.0263158	0	0.496703	2
285	89	115	86	115	306	307	0.0131579	0	0.252747	2
286	190	344	179	341	306	307	0.0877193	0	0.756044	2
287	254	212	255	210	306	307	0.0219298	0	0.465934	1
288	325	237	329	235	306	308	0.0350877	0	0.520879	1
289	437	199	429	196	306	309	0.0745614	0	0.437363	2
290	611	212	602	211	306	307	0.0438596	0	0.465934	2
291	643	266	627	266	306	307	0.0701754	0	0.584615	2
292	496	213	488	214	306	307	0.0394737	0	0.468132	2
293	461	182	458	180	306	307	0.0307018	0	0.4	2
294	538	183	538	184	306	307	0.00438596	0	0.402198	1
295	537	88	528	86	306	308	0.0570175	0	0.193407	2
296	476	174	473	172	306	307	0.0307018	0	0.382418	2
297	634	231	596	228	306	310	0.20614	0	0.507692	2
298	619	128	612	123	306	311	0.140351	0	0.281319	2
299	174	291	165	290	306	307	0.0438596	0	0.63956	2
300	390	200	388	199	306	307	0.0131579	0	0.43956	2
301	632	455	587	452	306	325	0.236842	0	1	2
302	483	186	481	184	306	307	0.0263158	0	0.408791	2
303	750	104	724	101	306	309	0.153509	0	0.228571	2
304	309	273	316	273	306	307	0.0307018	0	0.6	1
305	626	245	620	248	306	307	0.0657895	0	0.538462	2
306	279	216	274	216	307	308	0.0219298	0	0.474725	2
307	332	216	328	216	307	308	0.0175439	0	0.474725	2
308	764	126	763	121	307	309	0.114035	0	0.276923	2
309	268	201	269	202	307	310	0.00877193	0	0.441758	1
310	388	212	389	211	307	308	0.00877193	0	0.465934	1
311	302	288	307	288	307	308	0.0219298	0	0.632967	1
312	448	217	444	217	307	308	0.0175439	0	0.476923	2
313	421	218	419	217	307	308	0.0131579	0	0.479121	2
314	541	202	538	200	307	308	0.0307018	0	0.443956	2
315	374	257	370	256	307	308	0.0219298	0	0.564835	2
316	534	174	523	178	307	314	0.118421	0	0.382418	2
317	392	228	393	227	307	308	0.00877193	0	0.501099	1
318	328	297	329	297	307	308	0.00438596	0	0.652747	1
319	774	127	774	124	307	308	0.0394737	0	0.279121	1
320	607	163	608	154	307	311	0.359649	0	0.358242	1
321	445	190	439	188	307	309	0.0438596	0	0.417582	2
322	160	304	152	302	307	308	0.0526316	0	0.668132	2
323	590	161	582	154	307	313	0.25	0	0.353846	2
324	449	259	435	254	307	312	0.171053	0	0.569231	2
325	148	313	138	307	307	308	0.201754	0	0.687912	2
326	236	448	193	445	307	325	0.22807	0	0.984615	2
327	354	231	348	231	307	308	0.0263158	0	0.507692	2
328	730	101	724	100	307	308	0.0307018	0	0.221978	2
329	171	307	163	305	307	308	0.0526316	0	0.674725	2
330	293	288	308	285	308	310	0.105263	0	0.632967	1
331	361	229	352	229	308	310	0.0394737	0	0.503297	2
332	81	115	61	114	308	314	0.0921053	0	0.252747	2
333	541	181	538	180	308	309	0.0175439	0	0.397802	2
334	489	227	471	227	308	310	0.0789474	0	0.498901	2
335	454	189	451	188	308	309	0.0175439	0	0.415385	2
336	403	206	400	204	308	309	0.0307018	0	0.452747	2
337	136	283	104	269	308	313	1	0	0.621978	2
338	510	211	509	211	308	309	0.00438596	0	0.463736	2
339	239	245	241	243	308	309	0.0263158	0	0.538462	1
340	264	225	266	225	308	309	0.00877193	0	0.494505	1
341	413	206	410	204	308	309	0.0307018	0	0.452747	2
342	455	179	449	177	308	309	0.0438596	0	0.393407	2
343	452	233	448	234	308	309	0.0219298	0	0.512088	2
344	598	226	589	225	308	309	0.0438596	0	0.496703	2
345	461	167	451	163	308	312	0.114035	0	0.367033	2
346	596	164	593	161	308	309	0.0526316	0	0.36044	2
347	338	309	329	310	308	313	0.0438596	0	0.679121	2
348	327	284	327	283	308	309	0.00438596	0	0.624176	1
349	541	171	519	175	308	317	0.166667	0	0.375824	2
350	152	277	141	274	308	309	0.0877193	0	0.608791	2
351	518	173	513	177	308	312	0.0921053	0	0.38022	2
352	827	28	783	26	308	325	0.210526	0	0.0615385	2
353	250	262	253	261	308	309	0.0175439	0	0.575824	1
354	336	194	334	195	308	310	0.0131579	0	0.426374	2
355	354	217	350	216	308	309	0.0219298	0	0.476923	2
356	519	201	520	202	308	311	0.00877193	0	0.441758	1
357	416	257	417	258	309	310	0.00877193	0	0.564835	1
358	330	234	335	234	309	311	0.0219298	0	0.514286	1
359	325	217	322	217	309	312	0.0131579	0	0.476923	2
360	147	286	121	278	309	313	0.394737	0	0.628571	2
361	391	248	392	252	309	310	0.0745614	0	0.545055	1
362	261	212	263	213	309	310	0.0131579	0	0.465934	1
363	157	352	153	348	309	310	0.0877193	0	0.773626	2
364	326	297	325	297	309	311	0.00438596	0	0.652747	2
365	365	223	361	221	309	310	0.0350877	0	0.49011	2
366	144	301	136	299	309	310	0.0526316	0	0.661538	2
367	469	215	459	215	309	310	0.0438596	0	0.472527	2
368	773	123	774	120	309	311	0.0438596	0	0.27033	1
369	581	211	571	211	309	310	0.0438596	0	0.463736	2
370	523	84	515	84	309	311	0.0350877	0	0.184615	2
371	752	120	751	118	309	310	0.0219298	0	0.263736	2
372	390	213	389	211	309	316	0.0219298	0	0.468132	2
373	156	299	149	297	309	310	0.0482456	0	0.657143	2
374	130	269	119	264	309	311	0.157895	0	0.591209	2
375	392	225	396	223	309	311	0.0350877	0	0.494505	1
376	575	246	563	245	310	311	0.0570175	0	0.540659	2
377	393	200	394	199	310	311	0.00877193	0	0.43956	1
378	148	282	142	279	310	311	0.0657895	0	0.61978	2
379	135	273	85	260	310	317	0.960526	0	0.6	2
380	449	189	449	189	310	311	0	0	0.415385	1
381	375	191	369	190	310	311	0.0307018	0	0.41978	2
382	577	227	541	226	310	314	0.162281	0	0.498901	2
383	607	136	604	133	310	316	0.0526316	0	0.298901	2
384	593	160	595	159	310	311	0.0131579	0	0.351648	1
385	518	213	523	212	310	312	0.0263158	0	0.468132	1
386	347	219	346	218	310	311	0.00877193	0	0.481319	2
387	377	250	376	250	310	311	0.00438596	0	0.549451	2
388	426	197	423	196	310	312	0.0175439	0	0.432967	2
389	536	180	536	181	310	312	0.00438596	0	0.395604	1
390	436	217	434	217	310	311	0.00877193	0	0.476923	2
391	510	106	507	105	310	311	0.0175439	0	0.232967	2
392	385	187	380	186	310	311	0.0263158	0	0.410989	2
393	143	352	140	352	310	311	0.0131579	0	0.773626	2
394	566	221	556	218	310	311	0.0833333	0	0.485714	2
395	724	127	721	127	310	312	0.0131579	0	0.279121	2
396	274	226	276	226	311	312	0.00877193	0	0.496703	1
397	464	227	456	228	311	312	0.0394737	0	0.498901	2
398	754	117	756	116	311	313	0.0131579	0	0.257143	1
399	410	205	410	204	311	312	0.00438596	0	0.450549	1
400	258	252	262	253	311	312	0.0219298	0	0.553846	1
401	395	256	400	253	311	313	0.0614035	0	0.562637	1
402	268	216	271	218	311	312	0.0307018	0	0.474725	1
403	407	278	378	276	311	318	0.144737	0	0.610989	2
404	143	293	137	291	311	312	0.0438596	0	0.643956	2
405	333	285	335	285	311	312	0.00877193	0	0.626374	1
406	273	206	276	210	311	312	0.0833333	0	0.452747	1
407	384	200	382	203	311	312	0.0482456	0	0.43956	2
408	257	239	259	240	311	312	0.0131579	0	0.525275	1
409	520	186	520	187	311	312	0.00438596	0	0.408791	1
410	415	216	415	216	311	313	0	0	0.474725	1
411	488	222	472	222	311	314	0.0701754	0	0.487912	2
412	130	299	123	297	311	312	0.0482456	0	0.657143	2
413	764	125	764	124	311	312	0.00438596	0	0.274725	1
414	465	166	463	166	311	312	0.00877193	0	0.364835	2
415	566	211	557	211	311	312	0.0394737	0	0.463736	2
416	458	278	431	281	311	317	0.157895	0	0.610989	2
417	434	207	433	207	311	312	0.00438596	0	0.454945	2
418	400	222	396	220	312	315	0.0350877	0	0.487912	2
419	366	192	361	192	312	313	0.0219298	0	0.421978	2
420	446	190	427	187	312	317	0.122807	0	0.417582	2
421	396	200	395	200	312	314	0.00438596	0	0.43956	2
422	123	341	116	342	312	313	0.0350877	0	0.749451	2
423	137	278	131	276	312	313	0.0438596	0	0.610989	2
424	344	251	347	249	312	313	0.0307018	0	0.551648	1
425	339	236	342	234	312	313	0.0307018	0	0.518681	1
426	505	105	490	103	312	315	0.0833333	0	0.230769	2
427	705	97	698	96	312	313	0.0350877	0	0.213187	2
428	334	195	333	195	312	313	0.00438596	0	0.428571	2
429	610	152	585	153	312	318	0.114035	0	0.334066	2
430	769	154	771	155	312	313	0.0131579	0	0.338462	1
431	612	123	601	119	312	319	0.118421	0	0.27033	2
432	148	345	141	345	312	313	0.0307018	0	0.758242	2
433	506	82	440	76	312	325	0.447368	0	0.18022	2
434	67	105	29	101	312	318	0.236842	0	0.230769	2
435	391	240	388	239	313	314	0.0175439	0	0.527473	2
436	338	286	340	284	313	314	0.0263158	0	0.628571	1
437	401	232	399	231	313	314	0.0131579	0	0.50989	2
438	130	294	112	291	313	315	0.118421	0	0.646154	2
439	270	207	266	212	313	324	0.127193	0	0.454945	2
440	278	240	279	241	313	314	0.00877193	0	0.527473	1
441	323	218	321	220	313	314	0.0263158	0	0.479121	2
442	525	212	525	210	313	314	0.0175439	0	0.465934	1
443	350	222	347	221	313	314	0.0175439	0	0.487912	2
444	128	342	123	341	313	314	0.0263158	0	0.751648	2
445	277	217	277	218	313	314	0.00438596	0	0.476923	1
446	522	190	520	191	313	314	0.0131579	0	0.417582	2
447	554	256	545	257	313	314	0.0438596	0	0.562637	2
448	261	243	261	245	313	314	0.0175439	0	0.534066	1
449	761	130	746	124	313	322	0.223684	0	0.285714	2
450	415	190	398	188	313	317	0.0921053	0	0.417582	2
451	266	222	265	223	313	314	0.00877193	0	0.487912	2
452	326	296	332	285	313	316	0.557018	0	0.650549	1
453	361	245	357	243	313	314	0.0350877	0	0.538462	2
454	460	165	455	164	313	314	0.0263158	0	0.362637	2
455	495	258	495	253	314	316	0.109649	0	0.567033	1
456	121	275	103	272	314	316	0.118421	0	0.604396	2
457	355	193	346	193	314	315	0.0394737	0	0.424176	2
458	112	343	86	339	314	318	0.184211	0	0.753846	2
459	264	256	257	255	314	316	0.0350877	0	0.562637	2
460	99	268	81	264	314	316	0.149123	0	0.589011	2
461	372	193	363	192	314	315	0.0438596	0	0.424176	2
462	757	118	751	116	314	316	0.0438596	0	0.259341	2
463	347	295	351	295	314	315	0.0175439	0	0.648352	1
464	533	196	531	195	314	315	0.0131579	0	0.430769	2
465	109	294	99	293	314	315	0.0482456	0	0.646154	2
466	434	229	406	225	314	316	0.192982	0	0.503297	2
467	334	204	328	204	314	315	0.0263158	0	0.448352	2
468	421	193	406	190	314	317	0.105263	0	0.424176	2
469	269	266	238	264	314	319	0.153509	0	0.584615	2
470	498	92	491	90	314	315	0.0482456	0	0.202198	2
471	386	237	381	236	315	316	0.0263158	0	0.520879	2
472	54	115	39	114	315	317	0.0701754	0	0.252747	2
473	281	242	277	242	315	316	0.0175439	0	0.531868	2
474	770	120	757	114	315	322	0.214912	0	0.263736	2
475	317	222	292	218	315	320	0.179825	0	0.487912	2
476	312	268	309	269	315	316	0.0175439	0	0.589011	2
477	342	282	345	279	315	316	0.0526316	0	0.61978	1
478	378	254	361	252	315	318	0.0921053	0	0.558242	2
479	357	227	354	225	315	316	0.0307018	0	0.498901	2
480	337	228	333	227	315	316	0.0219298	0	0.501099	2
481	260	245	255	247	315	317	0.0394737	0	0.538462	2
482	397	200	390	199	315	317	0.0350877	0	0.43956	2
483	463	238	457	237	315	316	0.0307018	0	0.523077	2
484	117	344	93	342	315	318	0.122807	0	0.756044	2
485	519	179	514	179	315	316	0.0219298	0	0.393407	2
486	275	220	272	220	315	316	0.0131579	0	0.483516	2
487	450	172	443	170	315	316	0.0482456	0	0.378022	2
488	154	455	129	454	315	322	0.114035	0	1	2
489	263	221	256	220	315	317	0.0350877	0	0.485714	2
490	343	247	339	244	315	317	0.0570175	0	0.542857	2
491	151	183	126	181	315	325	0.127193	0	0.402198	2
492	441	160	433	159	315	316	0.0394737	0	0.351648	2
493	102	290	66	282	316	319	0.438596	0	0.637363	2
494	328	185	322	187	316	317	0.0438596	0	0.406593	2
495	356	192	326	193	316	319	0.135965	0	0.421978	2
496	503	193	496	192	316	317	0.0350877	0	0.424176	2
497	760	163	753	162	316	317	0.0350877	0	0.358242	2
498	274	256	268	255	316	317	0.0307018	0	0.562637	2
499	511	209	482	207	316	318	0.144737	0	0.459341	2
500	83	303	71	298	316	317	0.162281	0	0.665934	2
501	264	236	255	237	316	318	0.0438596	0	0.518681	2
502	350	297	343	294	316	317	0.0701754	0	0.652747	2
503	531	192	528	192	316	317	0.0131579	0	0.421978	2
504	428	224	414	222	316	317	0.0789474	0	0.492308	2
505	346	185	315	187	316	319	0.153509	0	0.406593	2
506	827	56	807	55	316	325	0.0921053	0	0.123077	2
507	770	163	759	158	316	320	0.157895	0	0.358242	2
508	768	130	767	128	316	324	0.0219298	0	0.285714	2
509	70	262	58	259	317	318	0.0921053	0	0.575824	2
510	273	235	268	233	317	318	0.0394737	0	0.516484	2
511	747	115	737	112	317	321	0.0833333	0	0.252747	2
512	481	105	471	104	317	318	0.0482456	0	0.230769	2
513	329	271	323	266	317	321	0.135965	0	0.595604	2
514	79	286	46	278	317	320	0.425439	0	0.628571	2
515	317	264	306	262	317	319	0.0657895	0	0.58022	2
516	509	181	489	185	317	321	0.157895	0	0.397802	2
517	399	220	385	218	317	318	0.0789474	0	0.483516	2
518	271	216	262	210	317	321	0.197368	0	0.474725	2
519	827	32	813	31	317	325	0.0657895	0	0.0703297	2
520	500	226	457	222	317	320	0.258772	0	0.496703	2
521	582	157	574	155	317	318	0.0526316	0	0.345055	2
522	516	261	503	260	317	318	0.0614035	0	0.573626	2
523	338	284	341	283	317	318	0.0175439	0	0.624176	1
524	324	227	313	225	317	319	0.0657895	0	0.498901	2
525	733	63	719	62	317	325	0.0657895	0	0.138462	2
526	319	240	308	239	317	319	0.0526316	0	0.527473	2
527	659	124	633	120	317	321	0.184211	0	0.272527	2
528	346	235	343	234	318	320	0.0175439	0	0.516484	2
529	249	249	243	248	318	319	0.0307018	0	0.547253	2
530	328	225	322	224	318	319	0.0307018	0	0.494505	2
531	826	54	819	53	318	325	0.0350877	0	0.118681	2
532	408	178	401	178	318	319	0.0307018	0	0.391209	2
533	385	197	379	196	318	319	0.0307018	0	0.432967	2
534	512	177	499	181	318	321	0.127193	0	0.389011	2
535	323	196	311	196	318	319	0.0526316	0	0.430769	2
536	524	193	519	192	318	319	0.0263158	0	0.424176	2
537	58	293	36	287	318	320	0.254386	0	0.643956	2
538	495	250	468	249	318	320	0.122807	0	0.549451	2
539	639	95	624	94	318	319	0.0701754	0	0.208791	2
540	743	162	755	155	318	325	0.267544	0	0.356044	1
541	253	223	250	220	318	321	0.0526316	0	0.49011	2
542	421	187	414	187	318	319	0.0307018	0	0.410989	2
543	336	243	333	242	318	319	0.0175439	0	0.534066	2
544	310	455	304	454	318	322	0.0307018	0	1	2
545	407	236	393	234	318	319	0.0789474	0	0.518681	2
546	316	210	309	209	318	319	0.0350877	0	0.461538	2
547	404	453	397	449	318	323	0.100877	0	0.995604	2
548	524	220	519	220	318	319	0.0219298	0	0.483516	2
549	46	257	28	254	319	323	0.118421	0	0.564835	2
550	65	268	50	264	319	322	0.135965	0	0.589011	2
551	330	289	337	287	319	322	0.0482456	0	0.635165	1
552	296	270	296	267	319	320	0.0394737	0	0.593407	1
553	466	207	441	210	319	322	0.149123	0	0.454945	2
554	68	255	50	251	319	323	0.149123	0	0.56044	2
555	353	253	348	254	319	320	0.0263158	0	0.556044	2
556	391	211	386	210	319	320	0.0263158	0	0.463736	2
557	252	237	250	238	319	320	0.0131579	0	0.520879	2
558	491	260	477	260	319	320	0.0614035	0	0.571429	2
559	752	143	764	144	319	324	0.0570175	0	0.314286	1
560	50	247	29	241	319	324	0.25	0	0.542857	2
561	573	153	572	150	319	320	0.0438596	0	0.336264	2
562	532	200	530	200	319	320	0.00877193	0	0.43956	2
563	46	312	34	317	319	325	0.162281	0	0.685714	2
564	821	30	822	30	319	325	0.00438596	0	0.0659341	1
565	318	196	315	196	320	321	0.0131579	0	0.430769	2
566	264	246	276	242	320	322	0.122807	0	0.540659	1
567	322	224	325	223	320	321	0.0175439	0	0.492308	1
568	45	328	45	327	320	325	0.00438596	0	0.720879	1
569	614	94	606	93	320	322	0.0394737	0	0.206593	2
570	58	280	43	275	320	325	0.175439	0	0.615385	2
571	35	330	36	330	320	325	0.00438596	0	0.725275	1
572	295	187	294	185	320	321	0.0219298	0	0.410989	2
573	496	198	496	199	320	321	0.00438596	0	0.435165	1
574	500	217	501	218	320	321	0.00877193	0	0.476923	1
575	306	264	309	261	320	321	0.0526316	0	0.58022	1
576	385	228	381	228	320	321	0.0175439	0	0.501099	2
577	513	196	516	195	320	321	0.0175439	0	0.430769	1
578	306	238	314	235	320	322	0.0745614	0	0.523077	1
579	344	274	350	275	320	321	0.0307018	0	0.602198	1
580	406	278	390	276	320	322	0.0877193	0	0.610989	2
581	452	99	449	98	320	321	0.0175439	0	0.217582	2
582	516	246	530	244	320	322	0.0789474	0	0.540659	1
583	458	248	449	251	320	322	0.0789474	0	0.545055	2
584	30	285	27	284	321	322	0.0175439	0	0.626374	2
585	293	222	296	226	321	322	0.0833333	0	0.487912	1
586	246	250	253	249	321	322	0.0350877	0	0.549451	1
587	254	238	265	239	321	323	0.0526316	0	0.523077	1
588	387	210	388	212	321	324	0.0219298	0	0.461538	1
589	514	258	529	257	321	323	0.0701754	0	0.567033	1
590	286	266	289	264	321	322	0.0307018	0	0.584615	1
591	534	201	545	204	321	323	0.0877193	0	0.441758	1
592	384	198	385	198	321	322	0.00438596	0	0.435165	1
593	399	170	398	171	321	322	0.00877193	0	0.373626	2
594	452	221	449	221	321	322	0.0131579	0	0.485714	2
595	299	202	302	202	321	323	0.0131579	0	0.443956	1
596	584	150	594	150	321	322	0.0438596	0	0.32967	1
597	466	260	457	258	321	322	0.0570175	0	0.571429	2
598	493	223	489	220	322	325	0.0570175	0	0.49011	2
599	446	231	441	233	322	323	0.0394737	0	0.507692	2
600	523	196	528	197	322	323	0.0263158	0	0.430769	1
601	484	185	480	189	322	324	0.0877193	0	0.406593	2
602	500	198	500	200	322	323	0.0175439	0	0.435165	1
603	349	243	354	245	322	323	0.0394737	0	0.534066	1
604	360	213	358	213	322	323	0.00877193	0	0.468132	2
605	451	98	446	97	322	325	0.0263158	0	0.215385	2
606	243	253	250	256	322	324	0.0701754	0	0.556044	1
607	500	183	496	188	322	325	0.127193	0	0.402198	2
608	296	184	296	184	322	323	0	0	0.404396	1
609	407	184	408	187	322	323	0.0438596	0	0.404396	1
610	317	264	324	263	322	323	0.0350877	0	0.58022	1
611	766	157	771	157	322	325	0.0219298	0	0.345055	1
612	530	226	549	231	322	325	0.192982	0	0.496703	1
613	320	224	323	223	322	323	0.0175439	0	0.492308	1
614	268	211	279	217	322	325	0.20614	0	0.463736	1
615	744	113	748	116	322	323	0.0570175	0	0.248352	1
616	612	116	616	116	322	323	0.0175439	0	0.254945	1
617	47	264	40	261	323	325	0.0701754	0	0.58022	2
618	335	228	334	227	323	324	0.00877193	0	0.501099	2
619	762	117	764	118	323	324	0.0131579	0	0.257143	1
620	489	204	488	206	323	324	0.0219298	0	0.448352	2
621	389	199	387	200	323	324	0.0131579	0	0.437363	2
622	262	250	264	248	323	324	0.0263158	0	0.549451	1
623	281	242	288	246	323	325	0.100877	0	0.531868	1
624	546	267	558	271	323	325	0.122807	0	0.586813	1
625	369	201	367	201	323	324	0.00877193	0	0.441758	2
626	291	266	296	266	323	325	0.0219298	0	0.584615	1
627	416	199	414	202	323	324	0.0482456	0	0.437363	2
628	396	175	393	176	323	324	0.0175439	0	0.384615	2
629	604	152	612	148	323	324	0.105263	0	0.334066	1
630	243	267	248	270	323	324	0.0614035	0	0.586813	1
631	435	215	427	216	323	324	0.0394737	0	0.472527	2
632	451	221	440	221	323	325	0.0482456	0	0.485714	2
633	267	224	274	227	323	325	0.0701754	0	0.492308	1
634	340	287	345	282	323	325	0.131579	0	0.630769	1
635	320	252	324	251	323	324	0.0219298	0	0.553846	1
636	764	103	770	102	323	325	0.0307018	0	0.226374	1
637	436	235	431	234	324	325	0.0263158	0	0.516484	2
638	509	225	511	226	324	325	0.0131579	0	0.494505	1
639	47	252	45	249	324	325	0.0482456	0	0.553846	2
640	533	198	540	198	324	325	0.0307018	0	0.435165	1
641	301	202	303	200	324	325	0.0263158	0	0.443956	1
642	362	235	367	234	324	325	0.0263158	0	0.516484	1
643	550	207	556	207	324	325	0.0263158	0	0.454945	1
644	437	253	431	249	324	325	0.0964912	0	0.556044	2
645	357	217	354	217	324	325	0.0131579	0	0.476923	2
646	34	279	32	277	324	325	0.0263158	0	0.613187	2
647	340	206	339	205	324	325	0.00877193	0	0.452747	2
648	334	237	336	235	324	325	0.0263158	0	0.520879	1
649	130	455	132	454	324	325	0.0131579	0	1	1
650	477	199	476	198	324	325	0.00877193	0	0.437363	2
651	399	450	401	449	324	325	0.0131579	0	0.989011	1