
0	380	191	374	190	67	68	0.0185185	0	0.41978	2
1	424	255	416	253	67	69	0.031746	0	0.56044	2
2	431	199	425	196	67	68	0.0396825	0	0.437363	2
3	442	230	438	229	67	68	0.0132275	0	0.505495	2
4	397	214	393	214	67	68	0.010582	0	0.47033	2
5	426	180	422	179	67	68	0.0132275	0	0.395604	2
6	381	231	377	231	67	68	0.010582	0	0.507692	2
7	448	226	443	222	68	69	0.0555556	0	0.496703	2
8	411	202	373	189	68	75	0.547619	0	0.443956	2
9	423	167	412	163	68	70	0.0714286	0	0.367033	2
10	362	455	358	454	68	69	0.0132275	0	1	2
11	444	205	438	201	68	69	0.0582011	0	0.450549	2
12	454	178	425	173	68	72	0.142857	0	0.391209	2
13	699	443	694	438	68	100	0.0793651	0	0.973626	2
14	430	254	426	253	68	69	0.0132275	0	0.558242	2
15	457	184	434	182	69	72	0.0714286	0	0.404396	2
16	418	204	412	201	69	70	0.0396825	0	0.448352	2
17	365	159	363	158	69	70	0.00793651	0	0.349451	2
18	254	199	246	197	69	71	0.031746	0	0.437363	2
19	380	227	370	227	69	71	0.026455	0	0.498901	2
20	367	189	360	188	69	70	0.021164	0	0.415385	2
21	613	433	612	430	69	105	0.026455	0	0.951648	2
22	416	177	412	176	69	70	0.0132275	0	0.389011	2
23	390	213	380	213	69	71	0.026455	0	0.468132	2
24	587	157	545	150	69	79	0.240741	0	0.345055	2
25	225	238	221	237	69	70	0.0132275	0	0.523077	2
26	370	226	353	225	69	72	0.047619	0	0.496703	2
27	254	209	245	205	69	71	0.0661376	0	0.459341	2
28	427	241	422	240	69	70	0.015873	0	0.52967	2
29	414	254	409	254	70	71	0.0132275	0	0.558242	2
30	436	220	429	217	70	71	0.042328	0	0.483516	2
31	476	213	459	214	70	73	0.047619	0	0.468132	2
32	346	152	333	150	70	74	0.0449735	0	0.334066	2
33	420	215	399	208	70	74	0.185185	0	0.472527	2
34	430	210	407	199	70	74	0.380952	0	0.461538	2
35	553	315	545	317	70	76	0.031746	0	0.692308	2
36	401	241	386	240	70	73	0.042328	0	0.52967	2
37	335	153	324	154	70	72	0.031746	0	0.336264	2
38	349	162	344	163	70	71	0.015873	0	0.356044	2
39	532	248	525	249	70	71	0.021164	0	0.545055	2
40	533	386	535	382	70	105	0.047619	0	0.848352	1
41	428	164	406	163	70	74	0.0608466	0	0.36044	2
42	609	445	614	442	70	105	0.037037	0	0.978022	1
43	589	189	581	189	71	72	0.021164	0	0.415385	2
44	556	356	559	356	71	75	0.00793651	0	0.782418	1
45	229	243	228	243	71	72	0.0026455	0	0.534066	2
46	406	163	399	162	71	72	0.021164	0	0.358242	2
47	481	436	475	432	71	94	0.0582011	0	0.958242	2
48	416	189	413	188	71	72	0.010582	0	0.415385	2
49	393	165	388	164	71	72	0.015873	0	0.362637	2
50	402	190	394	188	71	72	0.031746	0	0.417582	2
51	574	164	546	160	71	78	0.116402	0	0.36044	2
52	362	171	354	170	71	72	0.0238095	0	0.375824	2
53	143	212	136	208	71	77	0.0608466	0	0.465934	2
54	166	77	162	77	71	72	0.010582	0	0.169231	2
55	352	189	344	188	71	72	0.0238095	0	0.415385	2
56	494	220	457	213	71	77	0.227513	0	0.483516	2
57	241	199	237	196	72	73	0.0343915	0	0.437363	2
58	341	163	338	162	72	73	0.010582	0	0.358242	2
59	210	240	204	238	72	74	0.026455	0	0.527473	2
60	519	251	488	242	72	80	0.296296	0	0.551648	2
61	503	245	495	243	72	75	0.031746	0	0.538462	2
62	409	244	404	243	72	73	0.015873	0	0.536264	2
63	673	420	686	413	72	103	0.164021	0	0.923077	1
64	398	223	393	219	72	74	0.0555556	0	0.49011	2
65	576	189	570	187	73	74	0.026455	0	0.415385	2
66	348	167	343	165	73	74	0.0238095	0	0.367033	2
67	608	180	535	176	73	91	0.23545	0	0.395604	2
68	429	179	425	171	73	77	0.179894	0	0.393407	2
69	329	452	327	451	73	74	0.00793651	0	0.993407	2
70	623	223	620	223	73	74	0.00793651	0	0.49011	2
71	608	218	599	218	73	74	0.0238095	0	0.479121	2
72	474	420	473	416	73	93	0.0449735	0	0.923077	2
73	145	203	144	200	73	74	0.026455	0	0.446154	2
74	400	262	398	260	73	74	0.015873	0	0.575824	2
75	513	139	510	137	73	74	0.0185185	0	0.305495	2
76	355	155	355	154	73	74	0.0026455	0	0.340659	1
77	344	183	337	180	73	74	0.042328	0	0.402198	2
78	160	75	160	74	73	74	0.0026455	0	0.164835	1
79	386	151	383	149	73	74	0.0185185	0	0.331868	2
80	106	51	124	44	73	105	0.177249	0	0.112088	1
81	372	211	370	208	73	74	0.0291005	0	0.463736	2
82	457	214	452	213	74	75	0.015873	0	0.47033	2
83	410	183	410	180	74	75	0.0238095	0	0.402198	1
84	386	183	382	181	74	75	0.021164	0	0.402198	2
85	827	403	826	402	74	79	0.00529101	0	0.885714	2
86	234	244	233	246	74	82	0.0132275	0	0.536264	2
87	144	79	144	78	74	75	0.0026455	0	0.173626	1
88	398	206	396	204	75	76	0.015873	0	0.452747	2
89	240	192	240	191	75	76	0.0026455	0	0.421978	1
90	470	205	446	197	75	80	0.232804	0	0.450549	2
91	327	451	325	450	75	78	0.00793651	0	0.991209	2
92	590	217	577	210	75	77	0.164021	0	0.476923	2
93	386	203	381	201	75	77	0.0238095	0	0.446154	2
94	379	213	377	210	75	77	0.0291005	0	0.468132	2
95	370	150	371	150	75	76	0.0026455	0	0.32967	1
96	519	447	518	447	75	76	0.0026455	0	0.982418	2
97	332	180	327	179	75	76	0.015873	0	0.395604	2
98	560	300	564	299	75	76	0.0132275	0	0.659341	1
99	144	199	147	198	75	78	0.010582	0	0.437363	1
100	357	155	360	157	75	77	0.0185185	0	0.340659	1
101	406	79	406	79	75	76	0	0	0.173626	1
102	381	148	379	147	75	76	0.00793651	0	0.325275	2
103	334	152	342	151	75	78	0.0238095	0	0.334066	1
104	205	237	209	235	75	76	0.021164	0	0.520879	1
105	391	161	393	161	75	76	0.00529101	0	0.353846	1
106	369	207	368	206	75	76	0.00529101	0	0.454945	2
107	253	180	284	178	75	85	0.0925926	0	0.395604	1
108	395	61	397	61	75	78	0.00529101	0	0.134066	1
109	678	141	667	137	75	88	0.0714286	0	0.30989	2
110	394	218	393	217	75	76	0.00529101	0	0.479121	2
111	372	189	362	181	76	81	0.195767	0	0.415385	2
112	415	181	415	177	76	78	0.042328	0	0.397802	1
113	619	223	612	220	76	79	0.042328	0	0.49011	2
114	558	358	559	353	76	84	0.0687831	0	0.786813	1
115	594	191	577	185	76	80	0.140212	0	0.41978	2
116	349	224	349	224	76	77	0	0	0.492308	1
117	128	48	150	41	76	105	0.187831	0	0.105495	1
118	162	71	165	70	76	77	0.010582	0	0.156044	1
119	395	204	391	202	77	79	0.021164	0	0.448352	2
120	377	175	375	173	77	78	0.015873	0	0.384615	2
121	570	298	575	296	77	78	0.0238095	0	0.654945	1
122	552	317	556	315	77	78	0.021164	0	0.696703	1
123	368	226	367	225	77	78	0.00529101	0	0.496703	2
124	383	185	381	183	77	78	0.015873	0	0.406593	2
125	333	210	327	209	77	78	0.0185185	0	0.461538	2
126	408	201	406	198	77	78	0.0291005	0	0.441758	2
127	433	198	431	198	77	78	0.00529101	0	0.435165	2
128	400	236	399	234	77	78	0.0132275	0	0.518681	2
129	473	208	442	202	77	83	0.177249	0	0.457143	2
130	564	192	565	193	78	79	0.00529101	0	0.421978	1
131	395	453	393	452	78	80	0.00793651	0	0.995604	2
132	138	208	142	217	78	85	0.224868	0	0.457143	1
133	383	201	380	200	78	79	0.010582	0	0.441758	2
134	244	198	247	198	78	79	0.00793651	0	0.435165	1
135	494	429	514	425	78	105	0.0952381	0	0.942857	1
136	427	170	429	168	78	83	0.015873	0	0.373626	1
137	417	73	417	71	78	79	0.010582	0	0.16044	1
138	477	251	476	252	78	79	0.00529101	0	0.551648	2
139	521	353	527	349	78	79	0.0582011	0	0.775824	1
140	259	215	262	213	78	79	0.0185185	0	0.472527	1
141	351	225	350	224	78	79	0.00529101	0	0.494505	2
142	395	216	394	215	78	79	0.00529101	0	0.474725	2
143	494	239	467	238	78	81	0.0740741	0	0.525275	2
144	799	424	816	420	78	105	0.0873016	0	0.931868	1
145	589	212	586	213	78	79	0.010582	0	0.465934	2
146	400	181	400	180	79	80	0.0026455	0	0.397802	1
147	326	451	327	450	79	90	0.00529101	0	0.991209	1
148	148	199	147	203	79	82	0.0449735	0	0.437363	2
149	402	170	401	169	79	80	0.00529101	0	0.373626	2
150	344	150	346	149	79	80	0.00793651	0	0.32967	1
151	647	148	646	147	79	81	0.00529101	0	0.325275	2
152	366	224	363	222	79	80	0.0185185	0	0.492308	2
153	581	294	584	291	79	80	0.031746	0	0.646154	1
154	320	209	312	209	79	80	0.021164	0	0.459341	2
155	361	201	357	199	79	80	0.021164	0	0.441758	2
156	383	190	379	189	79	80	0.0132275	0	0.417582	2
157	373	171	371	169	79	80	0.015873	0	0.375824	2
158	682	443	684	442	79	89	0.00793651	0	0.973626	1
159	379	221	377	220	79	80	0.00793651	0	0.485714	2
160	330	204	317	203	79	82	0.037037	0	0.448352	2
161	334	156	342	151	79	85	0.0873016	0	0.342857	1
162	389	202	385	200	80	81	0.021164	0	0.443956	2
163	378	201	370	198	80	82	0.0449735	0	0.441758	2
164	566	193	564	192	80	81	0.00793651	0	0.424176	2
165	419	70	420	69	80	82	0.00529101	0	0.153846	1
166	252	198	285	199	80	88	0.0899471	0	0.435165	1
167	389	191	385	189	80	81	0.021164	0	0.41978	2
168	543	151	515	148	80	87	0.0978836	0	0.331868	2
169	416	171	416	170	80	81	0.0026455	0	0.375824	1
170	179	78	181	78	80	81	0.00529101	0	0.171429	1
171	412	60	413	59	80	82	0.00529101	0	0.131868	1
172	266	213	270	211	80	81	0.021164	0	0.468132	1
173	585	301	592	297	80	82	0.0608466	0	0.661538	1
174	508	154	507	154	80	81	0.0026455	0	0.338462	2
175	401	180	404	179	81	84	0.010582	0	0.395604	1
176	394	453	394	453	81	84	0	0	0.995604	1
177	371	169	368	168	81	82	0.010582	0	0.371429	2
178	315	220	311	220	81	82	0.010582	0	0.483516	2
179	403	170	406	169	81	84	0.010582	0	0.373626	1
180	530	161	521	158	81	83	0.047619	0	0.353846	2
181	600	220	590	220	81	82	0.026455	0	0.483516	2
182	355	199	352	199	81	82	0.00793651	0	0.437363	2
183	349	147	350	145	81	83	0.0132275	0	0.323077	1
184	375	221	371	219	81	82	0.021164	0	0.485714	2
185	501	126	480	126	81	99	0.0555556	0	0.276923	2
186	183	63	189	62	81	83	0.0185185	0	0.138462	1
187	317	172	300	172	81	85	0.0449735	0	0.378022	2
188	435	203	419	199	81	84	0.0846561	0	0.446154	2
189	587	288	594	286	81	83	0.0291005	0	0.632967	1
190	618	332	620	332	81	86	0.00529101	0	0.72967	1
191	401	253	399	251	81	82	0.015873	0	0.556044	2
192	503	433	525	428	81	105	0.124339	0	0.951648	1
193	651	101	644	102	81	86	0.021164	0	0.221978	2
194	376	179	373	178	81	82	0.010582	0	0.393407	2
195	257	243	267	244	81	82	0.0291005	0	0.534066	1
196	360	181	360	181	82	83	0	0	0.397802	1
197	382	199	376	195	82	85	0.0582011	0	0.437363	2
198	647	148	650	146	82	89	0.0185185	0	0.325275	1
199	559	193	552	193	82	83	0.0185185	0	0.424176	2
200	473	251	472	250	82	83	0.00529101	0	0.551648	2
201	513	444	513	444	82	83	0	0	0.975824	1
202	450	239	431	232	82	84	0.179894	0	0.525275	2
203	371	229	370	229	82	83	0.0026455	0	0.503297	2
204	506	155	505	156	82	83	0.00529101	0	0.340659	2
205	340	430	343	430	82	88	0.00793651	0	0.945055	1
206	478	424	500	419	82	105	0.124339	0	0.931868	1
207	368	197	366	195	83	84	0.015873	0	0.432967	2
208	354	157	355	155	83	84	0.0132275	0	0.345055	1
209	423	70	425	70	83	84	0.00529101	0	0.153846	1
210	270	245	278	246	83	87	0.0238095	0	0.538462	1
211	415	60	420	59	83	85	0.015873	0	0.131868	1
212	354	222	351	219	83	84	0.031746	0	0.487912	2
213	178	73	183	72	83	84	0.015873	0	0.16044	1
214	378	211	375	209	83	84	0.0185185	0	0.463736	2
215	303	455	305	453	83	91	0.015873	0	1	1
216	407	194	409	192	83	84	0.015873	0	0.426374	1
217	503	137	502	136	83	84	0.00529101	0	0.301099	2
218	428	178	429	178	83	85	0.0026455	0	0.391209	1
219	380	187	378	185	83	84	0.015873	0	0.410989	2
220	564	187	559	186	83	84	0.015873	0	0.410989	2
221	356	182	356	181	84	85	0.0026455	0	0.4	1
222	384	249	385	250	84	85	0.00529101	0	0.547253	1
223	150	210	152	214	84	86	0.047619	0	0.461538	1
224	473	250	468	243	84	86	0.142857	0	0.549451	2
225	448	451	466	446	84	102	0.113757	0	0.991209	1
226	454	238	452	236	84	85	0.015873	0	0.523077	2
227	416	177	417	177	84	85	0.0026455	0	0.389011	1
228	514	444	514	444	84	85	0	0	0.975824	1
229	518	157	515	155	84	85	0.0185185	0	0.345055	2
230	381	231	377	230	84	85	0.0132275	0	0.507692	2
231	361	207	360	206	84	85	0.00529101	0	0.454945	2
232	566	219	542	218	84	89	0.0661376	0	0.481319	2
233	387	166	389	165	84	86	0.00793651	0	0.364835	1
234	415	79	416	77	84	85	0.0132275	0	0.173626	1
235	649	129	648	128	84	85	0.00529101	0	0.283516	2
236	421	152	463	145	84	94	0.240741	0	0.334066	1
237	437	216	413	213	84	88	0.0873016	0	0.474725	2
238	168	49	169	48	84	88	0.00529101	0	0.107692	1
239	530	444	532	442	84	86	0.015873	0	0.975824	1
240	406	179	408	177	85	86	0.015873	0	0.393407	1
241	366	195	363	194	85	87	0.010582	0	0.428571	2
242	357	151	356	150	85	86	0.00529101	0	0.331868	2
243	414	199	408	198	85	86	0.0185185	0	0.437363	2
244	421	229	413	228	85	86	0.0238095	0	0.503297	2
245	394	453	394	452	85	87	0.0026455	0	0.995604	1
246	428	72	431	71	85	86	0.010582	0	0.158242	1
247	501	137	499	136	85	86	0.00793651	0	0.301099	2
248	613	289	623	286	85	87	0.0502646	0	0.635165	1
249	535	193	525	190	85	86	0.0502646	0	0.424176	2
250	593	222	582	220	85	87	0.0396825	0	0.487912	2
251	355	180	352	178	86	87	0.0185185	0	0.395604	2
252	431	185	430	183	86	88	0.0132275	0	0.406593	2
253	377	161	377	160	86	87	0.0026455	0	0.353846	1
254	289	179	293	179	86	87	0.010582	0	0.393407	1
255	519	448	518	447	86	87	0.00529101	0	0.984615	2
256	418	179	418	178	86	87	0.0026455	0	0.393407	1
257	579	218	572	219	86	87	0.021164	0	0.479121	2
258	433	175	433	174	86	87	0.0026455	0	0.384615	1
259	424	61	426	60	86	87	0.00793651	0	0.134066	1
260	346	213	343	212	86	87	0.010582	0	0.468132	2
261	666	162	684	158	86	99	0.0899471	0	0.356044	1
262	448	414	458	410	86	96	0.0687831	0	0.90989	1
263	417	77	467	72	86	100	0.198413	0	0.169231	1
264	446	215	446	214	87	88	0.0026455	0	0.472527	1
265	153	216	154	218	87	89	0.0132275	0	0.474725	1
266	412	192	405	190	87	88	0.0291005	0	0.421978	2
267	380	174	380	173	87	88	0.0026455	0	0.382418	1
268	402	199	395	198	87	88	0.021164	0	0.437363	2
269	491	155	487	153	87	88	0.021164	0	0.340659	2
270	268	240	278	242	87	88	0.037037	0	0.527473	1
271	328	192	328	193	87	88	0.0026455	0	0.421978	1
272	442	235	431	235	87	88	0.0291005	0	0.516484	2
273	207	71	210	70	87	88	0.010582	0	0.156044	1
274	346	222	344	225	87	91	0.0291005	0	0.487912	2
275	315	191	314	190	87	88	0.00529101	0	0.41978	2
276	386	249	386	246	88	89	0.0238095	0	0.547253	1
277	350	176	346	174	88	89	0.021164	0	0.386813	2
278	362	193	359	191	88	89	0.0185185	0	0.424176	2
279	353	150	352	149	88	89	0.00529101	0	0.32967	2
280	519	447	538	443	88	105	0.0925926	0	0.982418	1
281	382	237	380	235	88	89	0.015873	0	0.520879	2
282	565	219	555	219	88	89	0.026455	0	0.481319	2
283	530	187	527	186	88	89	0.010582	0	0.410989	2
284	506	183	499	179	88	89	0.0608466	0	0.402198	2
285	614	339	614	338	88	89	0.0026455	0	0.745055	1
286	516	160	506	154	88	90	0.121693	0	0.351648	2
287	378	162	380	162	88	89	0.00529101	0	0.356044	1
288	621	282	627	281	88	89	0.0185185	0	0.61978	1
289	437	170	439	169	88	90	0.00793651	0	0.373626	1
290	390	445	407	440	88	103	0.111111	0	0.978022	1
291	640	102	636	102	88	92	0.010582	0	0.224176	2
292	340	213	339	215	88	89	0.0132275	0	0.468132	2
293	428	57	430	56	88	89	0.00793651	0	0.125275	1
294	351	186	347	183	88	89	0.0343915	0	0.408791	2
295	411	243	409	243	88	90	0.00529101	0	0.534066	2
296	446	214	447	213	89	91	0.00529101	0	0.47033	1
297	431	182	438	176	89	95	0.113757	0	0.4	1
298	289	200	299	202	89	91	0.037037	0	0.43956	1
299	389	197	384	195	89	90	0.0238095	0	0.432967	2
300	288	178	270	179	89	94	0.0502646	0	0.391209	2
301	401	232	389	231	89	93	0.0343915	0	0.50989	2
302	303	181	308	182	89	90	0.015873	0	0.397802	1
303	711	441	731	439	89	105	0.0634921	0	0.969231	1
304	514	164	509	163	90	91	0.015873	0	0.36044	2
305	353	149	353	148	90	91	0.0026455	0	0.327473	1
306	157	220	162	219	90	92	0.015873	0	0.483516	1
307	343	177	340	175	90	91	0.0185185	0	0.389011	2
308	358	190	348	184	90	94	0.121693	0	0.417582	2
309	651	146	658	144	90	94	0.0291005	0	0.320879	1
310	301	248	309	243	90	94	0.0873016	0	0.545055	1
311	494	179	488	182	90	92	0.0396825	0	0.393407	2
312	357	179	352	175	90	92	0.0555556	0	0.393407	2
313	342	167	339	165	90	91	0.0185185	0	0.367033	2
314	341	215	341	214	90	91	0.0026455	0	0.472527	1
315	358	239	354	240	90	91	0.0132275	0	0.525275	2
316	433	57	478	49	90	103	0.28836	0	0.125275	1
317	374	175	375	175	90	91	0.0026455	0	0.384615	1
318	147	225	151	225	90	92	0.010582	0	0.494505	1
319	389	165	394	171	90	94	0.108466	0	0.362637	1
320	615	345	620	343	90	92	0.0238095	0	0.758242	1
321	636	281	644	278	90	91	0.0449735	0	0.617582	1
322	692	442	712	438	90	105	0.0952381	0	0.971429	1
323	365	204	362	200	90	92	0.0502646	0	0.448352	2
324	551	447	555	446	90	93	0.0132275	0	0.982418	1
325	395	454	410	449	90	99	0.10582	0	0.997802	1
326	504	167	501	166	90	91	0.010582	0	0.367033	2
327	329	196	328	197	90	92	0.00529101	0	0.430769	2
328	415	190	417	187	90	92	0.0291005	0	0.417582	1
329	825	187	785	182	90	102	0.171958	0	0.410989	2
330	513	179	500	182	90	92	0.0582011	0	0.393407	2
331	480	341	499	337	90	105	0.0925926	0	0.749451	1
332	328	451	336	447	91	96	0.0634921	0	0.991209	1
333	379	194	374	191	91	92	0.037037	0	0.426374	2
334	415	171	416	169	91	92	0.0132275	0	0.375824	1
335	531	450	536	448	91	94	0.0238095	0	0.989011	1
336	410	243	403	238	91	93	0.0846561	0	0.534066	2
337	152	239	158	237	91	93	0.026455	0	0.525275	1
338	540	223	537	224	91	92	0.010582	0	0.49011	2
339	625	283	649	275	91	94	0.232804	0	0.621978	1
340	448	214	450	212	92	94	0.015873	0	0.47033	1
341	352	153	352	151	92	93	0.010582	0	0.336264	1
342	308	454	312	451	92	95	0.0343915	0	0.997802	1
343	339	181	336	181	92	93	0.00793651	0	0.397802	2
344	653	277	661	273	92	93	0.0634921	0	0.608791	1
345	340	171	339	168	92	93	0.026455	0	0.375824	2
346	495	151	492	152	92	93	0.010582	0	0.331868	2
347	309	199	316	199	92	93	0.0185185	0	0.437363	1
348	817	221	813	219	92	93	0.021164	0	0.485714	2
349	394	194	389	192	92	93	0.0238095	0	0.426374	2
350	523	216	517	214	92	93	0.026455	0	0.474725	2
351	533	210	529	209	92	93	0.0132275	0	0.461538	2
352	532	177	528	177	92	93	0.010582	0	0.389011	2
353	379	148	388	145	92	98	0.047619	0	0.325275	1
354	439	209	440	208	93	94	0.00529101	0	0.459341	1
355	639	102	638	103	93	98	0.00529101	0	0.224176	2
356	167	218	171	215	93	94	0.0343915	0	0.479121	1
357	491	140	490	140	93	94	0.0026455	0	0.307692	2
358	541	435	551	432	93	101	0.0502646	0	0.956044	1
359	499	169	492	173	93	94	0.0608466	0	0.371429	2
360	535	224	522	224	93	95	0.0343915	0	0.492308	2
361	382	156	387	152	93	96	0.0555556	0	0.342857	1
362	325	187	331	188	93	94	0.0185185	0	0.410989	1
363	823	224	819	225	93	94	0.0132275	0	0.492308	2
364	150	268	157	261	93	96	0.148148	0	0.589011	1
365	537	197	531	200	93	95	0.0396825	0	0.432967	2
366	352	150	352	148	94	95	0.010582	0	0.32967	1
367	384	230	377	226	94	95	0.0608466	0	0.505495	2
368	346	174	343	172	94	95	0.0185185	0	0.382418	2
369	475	417	481	414	94	104	0.0396825	0	0.916484	1
370	403	208	404	209	94	95	0.00529101	0	0.457143	1
371	157	221	168	211	94	97	0.293651	0	0.485714	1
372	672	271	680	267	94	95	0.0634921	0	0.595604	1
373	524	178	514	178	94	98	0.026455	0	0.391209	2
374	492	188	490	187	94	95	0.00793651	0	0.413187	2
375	358	182	356	179	94	95	0.0291005	0	0.4	2
376	164	235	167	232	94	95	0.031746	0	0.516484	1
377	371	148	372	146	94	95	0.0132275	0	0.325275	1
378	391	181	391	181	94	95	0	0	0.397802	1
379	397	235	388	231	94	95	0.0661376	0	0.516484	2
380	646	115	645	115	94	95	0.0026455	0	0.252747	2
381	368	190	364	189	94	95	0.0132275	0	0.417582	2
382	451	211	448	210	95	96	0.010582	0	0.463736	2
383	346	182	343	179	95	96	0.031746	0	0.4	2
384	561	433	566	431	95	98	0.0238095	0	0.951648	1
385	177	211	182	207	95	96	0.0555556	0	0.463736	1
386	355	160	355	157	95	96	0.0238095	0	0.351648	1
387	382	163	384	163	95	96	0.00529101	0	0.358242	1
388	426	168	428	167	95	97	0.00793651	0	0.369231	1
389	538	448	543	446	95	98	0.0238095	0	0.984615	1
390	657	272	692	264	95	100	0.261905	0	0.597802	1
391	668	333	677	329	95	99	0.0661376	0	0.731868	1
392	439	455	456	454	95	105	0.047619	0	1	1
393	325	198	330	197	95	96	0.015873	0	0.435165	1
394	273	183	255	183	95	101	0.047619	0	0.402198	2
395	818	230	819	231	95	96	0.00529101	0	0.505495	1
396	378	205	374	203	95	96	0.021164	0	0.450549	2
397	572	455	574	454	95	96	0.00793651	0	1	1
398	526	188	518	186	95	98	0.031746	0	0.413187	2
399	404	211	405	214	96	97	0.026455	0	0.463736	1
400	314	450	317	449	96	98	0.010582	0	0.989011	1
401	341	169	339	167	96	97	0.015873	0	0.371429	2
402	312	239	319	238	96	103	0.021164	0	0.525275	1
403	355	178	352	176	96	97	0.0185185	0	0.391209	2
404	685	262	691	260	96	97	0.026455	0	0.575824	1
405	663	141	664	140	96	97	0.00529101	0	0.30989	1
406	361	190	356	190	96	97	0.0132275	0	0.417582	2
407	371	222	364	217	96	97	0.0846561	0	0.487912	2
408	404	185	401	187	96	97	0.0185185	0	0.406593	2
409	501	205	496	203	96	97	0.0238095	0	0.450549	2
410	174	217	191	198	96	104	1	0	0.476923	1
411	466	60	469	59	96	97	0.010582	0	0.131868	1
412	346	455	351	453	96	103	0.0238095	0	1	1
413	462	155	467	154	96	97	0.015873	0	0.340659	1
414	387	194	387	196	97	98	0.010582	0	0.426374	1
415	342	178	337	176	97	100	0.0238095	0	0.391209	2
416	445	211	443	209	97	98	0.015873	0	0.463736	2
417	443	175	444	174	97	98	0.00529101	0	0.384615	1
418	390	171	390	174	97	99	0.0238095	0	0.375824	1
419	182	203	191	187	97	103	0.701058	0	0.446154	1
420	377	147	378	147	97	98	0.0026455	0	0.323077	1
421	601	455	606	454	97	99	0.015873	0	1	1
422	509	220	506	219	97	98	0.010582	0	0.483516	2
423	383	241	382	240	97	101	0.00529101	0	0.52967	2
424	708	455	712	454	97	104	0.0132275	0	1	1
425	679	169	682	168	97	99	0.010582	0	0.371429	1
426	431	455	439	454	97	103	0.0238095	0	1	1
427	421	455	429	454	97	103	0.0238095	0	1	1
428	681	404	687	405	97	104	0.0185185	0	0.887912	1
429	407	217	408	220	98	99	0.026455	0	0.476923	1
430	351	177	349	175	98	99	0.015873	0	0.389011	2
431	338	166	336	164	98	99	0.015873	0	0.364835	2
432	351	191	348	189	98	99	0.0185185	0	0.41978	2
433	667	142	673	141	98	105	0.0185185	0	0.312088	1
434	394	186	392	189	98	99	0.0291005	0	0.408791	2
435	358	214	353	212	98	99	0.0238095	0	0.47033	2
436	475	59	478	58	98	99	0.010582	0	0.12967	1
437	258	200	255	200	98	99	0.00793651	0	0.43956	2
438	490	209	486	209	98	99	0.010582	0	0.459341	2
439	474	452	476	451	98	104	0.00793651	0	0.993407	1
440	347	150	346	150	98	99	0.0026455	0	0.32967	2
441	441	207	440	206	99	100	0.00529101	0	0.454945	2
442	515	185	501	191	99	102	0.132275	0	0.406593	2
443	470	151	473	153	99	100	0.0185185	0	0.331868	1
444	347	165	344	165	99	100	0.00793651	0	0.362637	2
445	390	145	386	149	99	104	0.0529101	0	0.318681	2
446	430	171	421	175	99	104	0.0661376	0	0.375824	2
447	704	256	710	253	99	100	0.0396825	0	0.562637	1
448	545	447	548	447	99	105	0.00793651	0	0.982418	1
449	496	215	490	214	99	100	0.0185185	0	0.472527	2
450	456	206	454	206	99	100	0.00529101	0	0.452747	2
451	441	189	439	188	99	100	0.00793651	0	0.415385	2
452	243	226	240	227	99	100	0.010582	0	0.496703	2
453	461	410	461	410	99	104	0	0	0.901099	1
454	317	447	316	447	100	102	0.0026455	0	0.982418	2
455	367	221	366	221	100	101	0.0026455	0	0.485714	2
456	683	165	682	164	100	103	0.00529101	0	0.362637	2
457	389	196	386	200	100	101	0.0502646	0	0.430769	2
458	334	166	328	166	100	102	0.015873	0	0.364835	2
459	486	156	491	156	100	101	0.0132275	0	0.342857	1
460	710	313	718	314	100	101	0.0238095	0	0.687912	1
461	346	152	343	151	100	101	0.010582	0	0.334066	2
462	516	212	509	214	100	101	0.0291005	0	0.465934	2
463	481	57	483	57	100	101	0.00529101	0	0.125275	1
464	497	184	492	185	100	101	0.015873	0	0.404396	2
465	795	221	771	227	100	105	0.15873	0	0.485714	2
466	349	185	347	182	100	101	0.0291005	0	0.406593	2
467	272	218	264	218	100	101	0.021164	0	0.479121	2
468	478	127	454	121	100	105	0.15873	0	0.279121	2
469	359	147	360	148	100	101	0.00529101	0	0.323077	1
470	652	141	651	140	100	104	0.00529101	0	0.30989	2
471	335	177	327	172	101	105	0.0873016	0	0.389011	2
472	342	167	335	165	101	103	0.0291005	0	0.367033	2
473	484	213	479	212	101	102	0.015873	0	0.468132	2
474	611	455	613	454	101	103	0.00793651	0	1	1
475	696	439	699	438	101	105	0.010582	0	0.964835	1
476	440	207	439	208	101	102	0.00529101	0	0.454945	2
477	411	226	410	229	101	102	0.026455	0	0.496703	2
478	406	455	406	454	101	103	0.0026455	0	1	1
479	798	221	786	224	101	103	0.0555556	0	0.485714	2
480	455	160	456	158	101	102	0.0132275	0	0.351648	1
481	715	253	726	251	101	103	0.0396825	0	0.556044	1
482	385	158	383	160	101	104	0.015873	0	0.347253	2
483	491	223	486	224	101	102	0.015873	0	0.49011	2
484	443	175	441	175	101	102	0.00529101	0	0.384615	2
485	330	234	329	233	101	102	0.00529101	0	0.514286	2
486	340	448	339	448	101	103	0.0026455	0	0.984615	2
487	253	183	247	183	102	104	0.015873	0	0.402198	2
488	362	150	363	151	102	103	0.00529101	0	0.32967	1
489	342	180	341	178	102	103	0.0132275	0	0.395604	2
490	481	234	476	236	102	103	0.0238095	0	0.514286	2
491	343	150	340	148	102	104	0.0185185	0	0.32967	2
492	629	129	623	127	102	103	0.026455	0	0.283516	2
493	550	433	553	433	102	105	0.00793651	0	0.951648	1
494	387	203	385	207	102	103	0.047619	0	0.446154	2
495	367	209	364	209	102	104	0.00793651	0	0.459341	2
496	482	61	485	60	102	103	0.010582	0	0.134066	1
497	564	453	568	452	102	104	0.0132275	0	0.995604	1
498	182	217	186	213	102	104	0.0529101	0	0.476923	1
499	487	192	478	196	102	104	0.0661376	0	0.421978	2
500	316	448	318	448	103	105	0.00529101	0	0.984615	1
501	363	191	365	190	103	105	0.00793651	0	0.41978	1
502	440	210	440	211	103	104	0.0026455	0	0.461538	1
503	476	215	471	218	103	104	0.037037	0	0.472527	2
504	357	179	359	177	103	105	0.015873	0	0.393407	1
505	410	232	409	232	103	104	0.0026455	0	0.50989	2
506	491	150	494	149	103	104	0.010582	0	0.32967	1
507	482	226	477	228	103	104	0.0238095	0	0.496703	2
508	325	165	322	163	103	104	0.0185185	0	0.362637	2
509	439	155	435	157	103	104	0.021164	0	0.340659	2
510	401	212	402	214	103	104	0.0132275	0	0.465934	1
511	501	210	496	212	103	104	0.0238095	0	0.461538	2
512	571	431	572	431	103	104	0.0026455	0	0.947253	1
513	329	234	329	234	103	104	0	0	0.514286	1
514	201	189	206	184	103	105	0.0793651	0	0.415385	1
515	475	51	479	50	104	105	0.0132275	0	0.112088	1
516	319	238	321	238	104	105	0.00529101	0	0.523077	1
517	333	164	332	162	104	105	0.0132275	0	0.36044	2
518	616	455	619	454	104	105	0.010582	0	1	1
519	487	160	491	158	104	105	0.021164	0	0.351648	1
520	400	204	401	206	104	105	0.0132275	0	0.448352	1
521	192	186	196	184	104	105	0.021164	0	0.408791	1
522	686	415	688	414	104	105	0.00793651	0	0.912088	1
523	493	198	491	201	104	105	0.0291005	0	0.435165	2
524	375	231	376	231	104	105	0.0026455	0	0.507692	1
525	408	440	410	439	104	105	0.00793651	0	0.967033	1