
0	827	33	826	28	52	58	0.0702703	0	0.0760369	2
1	207	100	201	97	52	57	0.0405405	0	0.230415	2
2	826	94	825	89	52	58	0.0702703	0	0.21659	2
3	345	112	344	108	52	54	0.0459459	0	0.258065	2
4	827	43	825	40	52	57	0.0297297	0	0.0990783	2
5	364	136	363	136	52	53	0.0027027	0	0.313364	2
6	223	102	220	102	52	53	0.00810811	0	0.235023	2
7	329	109	328	107	53	54	0.0135135	0	0.251152	2
8	331	119	330	116	53	54	0.027027	0	0.274194	2
9	316	111	315	107	53	55	0.0459459	0	0.25576	2
10	255	149	255	144	53	55	0.0675676	0	0.343318	1
11	242	167	241	166	53	54	0.00540541	0	0.384793	2
12	297	121	300	115	53	55	0.105405	0	0.278802	1
13	235	107	235	105	53	55	0.0108108	0	0.246544	1
14	286	123	287	121	54	55	0.0135135	0	0.28341	1
15	241	150	240	148	54	56	0.0135135	0	0.345622	2
16	553	139	551	137	54	56	0.0162162	0	0.320276	2
17	304	146	303	143	54	55	0.027027	0	0.336406	2
18	219	101	216	99	54	55	0.0189189	0	0.232719	2
19	362	137	359	136	54	56	0.0108108	0	0.315668	2
20	293	133	294	130	54	55	0.027027	0	0.306452	1
21	264	150	265	147	54	55	0.027027	0	0.345622	1
22	256	136	256	131	54	57	0.0675676	0	0.313364	1
23	276	122	273	120	54	55	0.0189189	0	0.281106	2
24	290	150	289	149	54	55	0.00540541	0	0.345622	2
25	216	122	215	124	54	57	0.0135135	0	0.281106	2
26	326	139	327	137	55	56	0.0135135	0	0.320276	1
27	270	137	269	134	55	56	0.027027	0	0.315668	2
28	502	124	501	125	55	56	0.00540541	0	0.285714	2
29	336	107	337	105	55	57	0.0135135	0	0.246544	1
30	371	131	368	130	55	56	0.0108108	0	0.301843	2
31	331	117	331	116	55	56	0.0027027	0	0.269585	1
32	346	131	344	129	55	56	0.0162162	0	0.301843	2
33	322	149	320	147	55	56	0.0162162	0	0.343318	2
34	347	106	347	104	55	56	0.0108108	0	0.24424	1
35	553	97	551	96	55	57	0.00810811	0	0.223502	2
36	367	121	364	118	55	57	0.0324324	0	0.278802	2
37	356	171	355	170	55	56	0.00540541	0	0.394009	2
38	177	93	175	89	55	57	0.0486486	0	0.214286	2
39	570	148	582	145	55	60	0.0567568	0	0.341014	1
40	166	93	167	84	55	63	0.221622	0	0.214286	1
41	242	167	243	166	56	57	0.00540541	0	0.384793	1
42	308	139	306	136	56	57	0.0297297	0	0.320276	2
43	670	161	670	158	56	58	0.0243243	0	0.370968	1
44	289	118	290	115	56	57	0.027027	0	0.271889	1
45	279	120	278	118	56	57	0.0135135	0	0.276498	2
46	314	106	317	99	56	59	0.140541	0	0.24424	1
47	301	119	303	116	56	57	0.0297297	0	0.274194	1
48	221	98	219	95	56	57	0.0297297	0	0.225806	2
49	358	94	372	79	56	66	0.645946	0	0.21659	1
50	269	122	271	115	56	59	0.137838	0	0.281106	1
51	254	145	254	141	56	57	0.0432432	0	0.334101	1
52	268	154	272	152	56	57	0.0216216	0	0.354839	1
53	419	117	419	114	56	57	0.0243243	0	0.269585	1
54	582	119	594	111	56	63	0.205405	0	0.274194	1
55	290	128	294	121	56	58	0.143243	0	0.294931	1
56	657	56	658	55	56	57	0.00540541	0	0.129032	1
57	441	113	438	108	56	58	0.0756757	0	0.260369	2
58	502	125	503	124	57	58	0.00540541	0	0.288018	1
59	330	135	333	132	57	58	0.0324324	0	0.31106	1
60	343	126	342	122	57	58	0.0459459	0	0.290323	2
61	541	94	542	92	57	58	0.0135135	0	0.21659	1
62	167	144	174	139	57	61	0.0864865	0	0.331797	1
63	355	169	355	166	57	58	0.0243243	0	0.389401	1
64	376	125	376	123	57	58	0.0108108	0	0.288018	1
65	404	75	419	69	57	61	0.137838	0	0.172811	1
66	350	102	353	98	57	58	0.0513514	0	0.235023	1
67	562	133	564	130	57	58	0.0297297	0	0.306452	1
68	382	147	384	142	57	59	0.072973	0	0.33871	1
69	576	103	601	99	57	72	0.110811	0	0.237327	1
70	558	106	559	103	57	59	0.027027	0	0.24424	1
71	280	117	281	115	58	59	0.0135135	0	0.269585	1
72	282	151	288	148	58	59	0.0405405	0	0.347926	1
73	246	164	247	163	58	59	0.00540541	0	0.37788	1
74	680	163	669	161	58	65	0.0405405	0	0.375576	2
75	307	133	307	129	58	59	0.0432432	0	0.306452	1
76	341	103	343	100	58	59	0.0297297	0	0.237327	1
77	212	85	212	84	58	60	0.0027027	0	0.195853	1
78	504	169	505	166	58	62	0.027027	0	0.389401	1
79	364	125	363	122	58	59	0.027027	0	0.288018	2
80	256	138	258	135	58	59	0.0297297	0	0.317972	1
81	225	83	211	86	58	70	0.0621622	0	0.191244	2
82	258	127	265	121	58	62	0.116216	0	0.292627	1
83	414	100	414	96	58	59	0.0432432	0	0.230415	1
84	471	54	484	51	58	63	0.0594595	0	0.124424	1
85	306	114	309	111	58	59	0.0324324	0	0.262673	1
86	296	111	303	107	58	60	0.0621622	0	0.25576	1
87	392	74	397	73	58	59	0.0162162	0	0.170507	1
88	234	102	235	100	58	59	0.0135135	0	0.235023	1
89	178	87	179	85	58	66	0.0135135	0	0.200461	1
90	436	132	437	130	58	59	0.0135135	0	0.304147	1
91	664	53	668	51	58	59	0.0216216	0	0.12212	1
92	406	61	520	77	58	90	1	0	0.140553	1
93	316	119	318	117	58	59	0.0162162	0	0.274194	1
94	551	133	549	131	58	66	0.0162162	0	0.306452	2
95	499	142	499	139	58	59	0.0243243	0	0.327189	1
96	393	160	388	160	58	66	0.0135135	0	0.368664	2
97	673	213	672	212	58	67	0.00540541	0	0.490783	2
98	435	434	451	438	58	90	0.0864865	0	1	1
99	545	92	542	90	59	62	0.0189189	0	0.211982	2
100	340	118	339	115	59	60	0.027027	0	0.271889	2
101	233	171	232	168	59	63	0.027027	0	0.394009	2
102	670	156	656	156	59	66	0.0378378	0	0.359447	2
103	329	144	329	142	59	60	0.0108108	0	0.331797	1
104	376	122	375	118	59	62	0.0459459	0	0.281106	2
105	210	94	209	92	59	60	0.0135135	0	0.21659	2
106	298	119	302	117	59	60	0.0216216	0	0.274194	1
107	326	163	327	161	59	60	0.0135135	0	0.375576	1
108	418	193	416	191	59	63	0.0162162	0	0.4447	2
109	561	119	561	117	59	62	0.0108108	0	0.274194	1
110	490	116	486	113	59	62	0.0351351	0	0.267281	2
111	435	108	429	102	59	62	0.113514	0	0.248848	2
112	248	164	249	162	60	61	0.0135135	0	0.37788	1
113	409	197	403	195	60	63	0.027027	0	0.453917	2
114	310	127	310	123	60	61	0.0432432	0	0.292627	1
115	500	124	500	122	60	61	0.0108108	0	0.285714	1
116	415	93	415	89	60	61	0.0432432	0	0.214286	1
117	773	26	786	31	60	90	0.102703	0	0.0599078	1
118	360	126	360	124	60	61	0.0108108	0	0.290323	1
119	490	130	489	127	60	61	0.027027	0	0.299539	2
120	262	133	265	130	60	61	0.0324324	0	0.306452	1
121	274	134	275	133	60	61	0.00540541	0	0.308756	1
122	320	97	323	97	60	70	0.00810811	0	0.223502	1
123	222	91	223	90	60	61	0.00540541	0	0.209677	1
124	560	101	550	100	60	64	0.0297297	0	0.232719	2
125	440	131	441	129	60	61	0.0135135	0	0.301843	1
126	339	132	339	129	60	61	0.0243243	0	0.304147	1
127	575	164	578	162	60	61	0.0189189	0	0.37788	1
128	364	111	363	108	60	62	0.027027	0	0.25576	2
129	273	114	274	111	60	61	0.027027	0	0.262673	1
130	402	73	407	71	60	61	0.0243243	0	0.168203	1
131	417	83	416	80	60	61	0.027027	0	0.191244	2
132	566	128	560	125	60	65	0.0405405	0	0.294931	2
133	677	69	681	66	60	64	0.0351351	0	0.158986	1
134	506	152	507	150	60	61	0.0135135	0	0.35023	1
135	522	164	515	158	60	63	0.116216	0	0.37788	2
136	175	95	175	94	60	62	0.0027027	0	0.218894	1
137	502	135	497	134	60	62	0.0162162	0	0.31106	2
138	340	115	336	115	61	62	0.0108108	0	0.264977	2
139	797	25	809	32	61	90	0.164865	0	0.0576037	1
140	317	161	314	161	61	62	0.00810811	0	0.370968	2
141	675	176	666	177	61	63	0.027027	0	0.40553	2
142	211	99	209	97	61	62	0.0162162	0	0.228111	2
143	824	83	824	88	61	82	0.0675676	0	0.191244	1
144	481	72	480	71	61	62	0.00540541	0	0.165899	2
145	376	136	372	133	61	64	0.0351351	0	0.313364	2
146	782	109	789	108	61	68	0.0216216	0	0.251152	1
147	413	88	406	88	62	64	0.0189189	0	0.202765	2
148	497	123	493	122	62	63	0.0135135	0	0.28341	2
149	313	128	310	126	62	63	0.0189189	0	0.294931	2
150	349	104	346	102	62	63	0.0189189	0	0.239631	2
151	219	91	215	89	62	64	0.0216216	0	0.209677	2
152	273	110	269	109	62	63	0.0135135	0	0.253456	2
153	269	135	271	132	62	63	0.0297297	0	0.31106	1
154	541	76	537	76	62	64	0.0108108	0	0.175115	2
155	827	24	826	26	62	70	0.0135135	0	0.0552995	2
156	225	101	219	99	62	64	0.027027	0	0.232719	2
157	333	150	331	149	62	63	0.00810811	0	0.345622	2
158	349	156	342	155	62	64	0.0216216	0	0.359447	2
159	178	136	178	139	62	67	0.0243243	0	0.313364	1
160	411	179	407	180	62	65	0.0135135	0	0.412442	2
161	539	91	537	90	63	64	0.00810811	0	0.209677	2
162	268	156	271	155	63	64	0.0108108	0	0.359447	1
163	483	129	481	130	63	64	0.00810811	0	0.297235	2
164	218	111	217	112	63	64	0.00540541	0	0.25576	2
165	373	119	371	121	63	67	0.0162162	0	0.274194	2
166	254	164	258	165	63	64	0.0135135	0	0.37788	1
167	182	93	181	94	63	65	0.00540541	0	0.214286	2
168	300	126	300	123	63	64	0.0243243	0	0.290323	1
169	205	90	203	90	63	65	0.00540541	0	0.207373	2
170	412	72	414	71	63	64	0.00810811	0	0.165899	1
171	504	166	503	166	63	70	0.0027027	0	0.382488	2
172	559	110	556	109	63	64	0.0108108	0	0.253456	2
173	311	162	307	162	63	64	0.0108108	0	0.373272	2
174	411	98	408	98	63	65	0.00810811	0	0.225806	2
175	508	148	502	148	63	64	0.0162162	0	0.341014	2
176	163	143	163	147	63	67	0.0432432	0	0.329493	1
177	482	114	478	113	63	65	0.0135135	0	0.262673	2
178	234	166	239	164	64	66	0.0243243	0	0.382488	1
179	310	138	308	137	64	66	0.00810811	0	0.317972	2
180	361	109	360	108	64	65	0.00540541	0	0.251152	2
181	394	143	391	143	64	66	0.00810811	0	0.329493	2
182	316	107	318	108	64	65	0.00810811	0	0.246544	1
183	487	50	504	51	64	69	0.0486486	0	0.115207	1
184	339	100	338	100	64	66	0.0027027	0	0.230415	2
185	492	123	489	124	64	65	0.0108108	0	0.28341	2
186	404	196	403	199	64	68	0.027027	0	0.451613	2
187	415	191	415	193	64	67	0.0108108	0	0.440092	1
188	275	132	277	132	64	65	0.00540541	0	0.304147	1
189	270	107	269	107	64	65	0.0027027	0	0.246544	2
190	424	69	431	70	64	66	0.0216216	0	0.158986	1
191	662	181	658	181	64	65	0.0108108	0	0.417051	2
192	432	123	427	123	64	65	0.0135135	0	0.28341	2
193	328	145	328	145	64	65	0	0	0.334101	1
194	349	96	348	95	64	65	0.00540541	0	0.221198	2
195	281	142	280	142	64	65	0.0027027	0	0.327189	2
196	359	120	359	120	64	65	0	0	0.276498	1
197	245	157	256	162	64	67	0.0972973	0	0.361751	1
198	311	117	311	117	64	65	0	0	0.269585	1
199	257	145	259	145	64	65	0.00540541	0	0.334101	1
200	537	91	535	92	65	66	0.00810811	0	0.209677	2
201	259	169	259	171	65	66	0.0108108	0	0.389401	1
202	404	88	401	89	65	66	0.0108108	0	0.202765	2
203	215	90	212	93	65	67	0.0324324	0	0.207373	2
204	300	127	298	126	65	66	0.00810811	0	0.292627	2
205	381	137	380	136	65	66	0.00540541	0	0.315668	2
206	310	127	310	126	65	66	0.0027027	0	0.292627	1
207	549	102	547	103	65	66	0.00810811	0	0.235023	2
208	212	102	208	102	65	66	0.0108108	0	0.235023	2
209	406	163	398	164	65	68	0.0243243	0	0.375576	2
210	653	165	651	166	65	66	0.00810811	0	0.380184	2
211	686	53	711	57	65	74	0.110811	0	0.12212	1
212	202	100	200	101	65	66	0.00810811	0	0.230415	2
213	347	128	338	128	65	68	0.0243243	0	0.294931	2
214	360	110	358	110	66	67	0.00540541	0	0.253456	2
215	668	163	662	165	66	68	0.027027	0	0.375576	2
216	321	109	321	109	66	67	0	0	0.251152	1
217	177	96	174	98	66	68	0.0189189	0	0.221198	2
218	686	72	689	72	66	68	0.00810811	0	0.165899	1
219	690	207	684	206	66	67	0.0189189	0	0.476959	2
220	491	123	482	123	66	68	0.0243243	0	0.28341	2
221	665	174	657	176	66	69	0.0324324	0	0.400922	2
222	532	80	527	81	66	68	0.0162162	0	0.184332	2
223	269	110	271	118	66	75	0.178378	0	0.253456	1
224	293	140	292	138	66	67	0.0135135	0	0.322581	2
225	276	161	275	163	66	67	0.0135135	0	0.370968	2
226	203	89	200	90	66	67	0.0108108	0	0.205069	2
227	655	182	614	189	66	80	0.243243	0	0.419355	2
228	303	116	301	116	66	67	0.00540541	0	0.267281	2
229	481	121	477	122	66	67	0.0135135	0	0.278802	2
230	334	134	327	133	66	68	0.0216216	0	0.308756	2
231	426	81	423	84	66	67	0.0324324	0	0.186636	2
232	592	119	592	120	66	68	0.0027027	0	0.274194	1
233	281	105	281	113	66	72	0.172973	0	0.241935	1
234	655	158	648	158	67	70	0.0189189	0	0.364055	2
235	400	92	397	91	67	68	0.0108108	0	0.211982	2
236	533	93	530	93	67	68	0.00810811	0	0.214286	2
237	243	165	249	165	67	68	0.0162162	0	0.380184	1
238	392	138	390	137	67	68	0.00810811	0	0.317972	2
239	258	174	257	174	67	68	0.0027027	0	0.400922	2
240	309	126	307	125	67	68	0.00810811	0	0.290323	2
241	389	153	383	151	67	69	0.027027	0	0.352535	2
242	347	96	345	96	67	68	0.00540541	0	0.221198	2
243	377	90	378	88	67	68	0.0135135	0	0.207373	1
244	342	118	338	117	67	68	0.0135135	0	0.271889	2
245	279	130	279	130	67	68	0	0	0.299539	1
246	391	168	386	167	67	68	0.0162162	0	0.387097	2
247	177	86	171	87	67	74	0.0189189	0	0.198157	2
248	176	123	175	126	67	75	0.027027	0	0.28341	2
249	436	72	440	72	67	68	0.0108108	0	0.165899	1
250	325	145	322	145	67	68	0.00810811	0	0.334101	2
251	581	164	586	166	67	74	0.0243243	0	0.37788	1
252	549	133	550	133	67	72	0.0027027	0	0.306452	1
253	485	82	486	82	67	69	0.0027027	0	0.18894	1
254	424	72	425	72	67	68	0.0027027	0	0.165899	1
255	399	80	393	79	67	69	0.0189189	0	0.184332	2
256	497	158	497	157	67	68	0.0027027	0	0.364055	1
257	357	110	356	109	68	69	0.00540541	0	0.253456	2
258	370	122	371	121	68	70	0.00540541	0	0.281106	1
259	264	124	264	125	68	70	0.0027027	0	0.285714	1
260	779	101	783	98	68	70	0.0351351	0	0.232719	1
261	363	83	359	83	68	80	0.0108108	0	0.191244	2
262	279	159	279	159	68	69	0	0	0.366359	1
263	318	115	317	113	68	69	0.0135135	0	0.264977	2
264	169	142	169	141	68	69	0.0027027	0	0.327189	1
265	676	59	681	61	68	70	0.0243243	0	0.135945	1
266	481	141	472	143	68	72	0.0351351	0	0.324885	2
267	341	161	343	161	68	70	0.00540541	0	0.370968	1
268	221	125	220	124	68	69	0.00540541	0	0.288018	2
269	255	149	252	150	68	69	0.0108108	0	0.343318	2
270	413	194	410	193	68	69	0.0108108	0	0.447005	2
271	420	137	420	135	68	71	0.0108108	0	0.315668	1
272	343	106	342	105	68	69	0.00540541	0	0.24424	2
273	506	70	510	68	68	69	0.0216216	0	0.16129	1
274	542	79	547	81	68	75	0.0243243	0	0.182028	1
275	479	124	474	124	69	71	0.0135135	0	0.285714	2
276	395	157	393	156	69	70	0.00810811	0	0.361751	2
277	660	166	646	167	69	74	0.0405405	0	0.382488	2
278	207	96	204	96	69	71	0.00810811	0	0.221198	2
279	397	92	396	91	69	70	0.00540541	0	0.211982	2
280	527	95	524	94	69	70	0.0108108	0	0.218894	2
281	333	118	330	117	69	70	0.0108108	0	0.271889	2
282	173	98	173	97	69	71	0.0027027	0	0.225806	1
283	389	138	388	137	69	70	0.00540541	0	0.317972	2
284	207	117	205	116	69	70	0.00810811	0	0.269585	2
285	271	169	280	167	69	70	0.0351351	0	0.389401	1
286	353	119	353	118	69	70	0.0027027	0	0.274194	1
287	671	217	673	218	69	73	0.00810811	0	0.5	1
288	594	121	598	121	69	71	0.0108108	0	0.278802	1
289	400	198	401	198	69	70	0.0027027	0	0.456221	1
290	366	110	368	109	69	71	0.00810811	0	0.253456	1
291	521	85	519	84	69	70	0.00810811	0	0.195853	2
292	187	105	188	104	69	72	0.00540541	0	0.241935	1
293	690	86	695	86	69	71	0.0135135	0	0.198157	1
294	791	108	819	113	69	79	0.143243	0	0.248848	1
295	525	110	522	108	69	70	0.0189189	0	0.253456	2
296	436	84	450	85	69	72	0.0405405	0	0.193548	1
297	469	122	459	124	69	73	0.0378378	0	0.281106	2
298	723	43	725	45	69	78	0.0162162	0	0.0990783	1
299	482	166	477	173	69	72	0.145946	0	0.382488	2
300	448	71	469	74	69	74	0.0810811	0	0.163594	1
301	509	50	529	52	70	74	0.0648649	0	0.115207	1
302	381	150	375	149	70	72	0.0189189	0	0.345622	2
303	335	101	335	100	70	71	0.0027027	0	0.232719	1
304	283	126	287	126	70	71	0.0108108	0	0.290323	1
305	260	151	262	152	70	72	0.00810811	0	0.347926	1
306	646	168	628	168	70	76	0.0486486	0	0.387097	2
307	356	108	357	108	70	72	0.0027027	0	0.248848	1
308	400	166	399	166	70	71	0.0027027	0	0.382488	2
309	513	67	516	66	70	71	0.0108108	0	0.154378	1
310	192	92	191	91	70	71	0.00540541	0	0.211982	2
311	604	159	612	162	70	73	0.0459459	0	0.366359	1
312	306	146	307	145	70	71	0.00540541	0	0.336406	1
313	657	179	649	180	70	73	0.0243243	0	0.412442	2
314	169	78	148	86	70	90	0.22973	0	0.179724	2
315	213	106	211	106	70	71	0.00540541	0	0.24424	2
316	392	156	389	156	71	72	0.00810811	0	0.359447	2
317	335	110	332	109	71	72	0.0108108	0	0.253456	2
318	24	280	35	284	71	74	0.072973	0	0.645161	1
319	521	95	513	95	71	73	0.0216216	0	0.218894	2
320	324	133	321	133	71	72	0.00810811	0	0.306452	2
321	348	136	346	137	71	72	0.00810811	0	0.313364	2
322	260	174	261	173	71	72	0.00540541	0	0.400922	1
323	646	158	639	158	71	73	0.0189189	0	0.364055	2
324	266	125	268	125	71	73	0.00540541	0	0.288018	1
325	376	122	376	122	71	74	0	0	0.281106	1
326	325	99	325	99	71	72	0	0	0.228111	1
327	329	120	326	120	71	72	0.00810811	0	0.276498	2
328	382	79	381	78	71	72	0.00540541	0	0.182028	2
329	205	121	203	124	71	72	0.0297297	0	0.278802	2
330	417	124	416	124	71	72	0.0027027	0	0.285714	2
331	787	102	820	108	71	82	0.186486	0	0.235023	1
332	297	129	301	129	71	72	0.0108108	0	0.297235	1
333	380	161	368	159	71	75	0.0432432	0	0.370968	2
334	276	121	276	122	71	72	0.0027027	0	0.278802	1
335	317	153	315	155	71	72	0.0162162	0	0.352535	2
336	294	115	292	114	71	72	0.00810811	0	0.264977	2
337	163	91	150	93	71	81	0.0459459	0	0.209677	2
338	779	86	781	88	71	74	0.0162162	0	0.198157	1
339	202	97	201	98	72	73	0.00540541	0	0.223502	2
340	296	163	303	166	72	74	0.0432432	0	0.375576	1
341	393	88	393	87	72	73	0.0027027	0	0.202765	1
342	274	166	278	165	72	73	0.0135135	0	0.382488	1
343	599	122	604	124	72	76	0.0243243	0	0.281106	1
344	337	99	336	98	72	73	0.00540541	0	0.228111	2
345	172	99	171	98	72	74	0.00540541	0	0.228111	2
346	367	109	367	109	72	73	0	0	0.251152	1
347	207	87	201	89	72	76	0.027027	0	0.200461	2
348	326	148	326	149	72	73	0.0027027	0	0.341014	1
349	212	107	210	108	72	73	0.00810811	0	0.246544	2
350	359	121	358	121	72	74	0.0027027	0	0.278802	2
351	288	133	292	134	72	73	0.0135135	0	0.306452	1
352	284	161	288	162	72	73	0.0135135	0	0.370968	1
353	699	88	717	89	72	78	0.0513514	0	0.202765	1
354	399	150	400	151	72	74	0.00540541	0	0.345622	1
355	397	166	394	166	72	73	0.00810811	0	0.382488	2
356	386	156	382	156	73	74	0.0108108	0	0.359447	2
357	290	179	293	181	73	74	0.0189189	0	0.412442	1
358	469	127	466	128	73	74	0.0108108	0	0.292627	2
359	374	150	368	149	73	75	0.0189189	0	0.345622	2
360	357	111	358	108	73	76	0.027027	0	0.25576	1
361	702	71	708	70	73	76	0.0189189	0	0.163594	1
362	403	103	400	102	73	75	0.0108108	0	0.237327	2
363	265	154	265	154	73	75	0	0	0.354839	1
364	178	143	178	143	73	74	0	0	0.329493	1
365	479	175	479	175	73	74	0	0	0.403226	1
366	384	146	381	146	73	74	0.00810811	0	0.336406	2
367	364	146	362	146	73	74	0.00540541	0	0.336406	2
368	187	99	186	99	73	74	0.0027027	0	0.228111	2
369	203	128	202	130	73	74	0.0135135	0	0.294931	2
370	332	129	330	129	73	74	0.00540541	0	0.297235	2
371	643	213	639	214	73	74	0.0135135	0	0.490783	2
372	547	131	543	130	73	74	0.0135135	0	0.301843	2
373	295	149	299	150	73	74	0.0135135	0	0.343318	1
374	294	113	292	113	73	74	0.00540541	0	0.260369	2
375	603	101	627	105	73	90	0.108108	0	0.232719	1
376	24	292	75	299	73	84	0.27027	0	0.672811	1
377	659	172	655	172	73	74	0.0108108	0	0.396313	2
378	170	114	164	112	73	76	0.027027	0	0.262673	2
379	29	365	38	365	74	75	0.0243243	0	0.841014	1
380	509	95	505	94	74	75	0.0135135	0	0.218894	2
381	24	281	99	286	74	89	0.27027	0	0.647465	1
382	344	108	345	107	74	75	0.00540541	0	0.248848	1
383	638	157	626	157	74	77	0.0324324	0	0.361751	2
384	335	98	333	97	74	75	0.00810811	0	0.225806	2
385	287	168	295	170	74	75	0.0324324	0	0.387097	1
386	25	260	103	268	74	90	0.383784	0	0.599078	1
387	456	127	452	127	74	75	0.0108108	0	0.292627	2
388	373	72	357	73	74	90	0.0459459	0	0.165899	2
389	270	128	271	127	74	75	0.00540541	0	0.294931	1
390	380	156	369	158	75	78	0.0405405	0	0.359447	2
391	305	169	304	171	75	76	0.0135135	0	0.389401	2
392	308	128	311	128	75	76	0.00810811	0	0.294931	1
393	535	54	538	54	75	76	0.00810811	0	0.124424	1
394	643	168	621	169	75	81	0.0621622	0	0.387097	2
395	294	121	285	117	75	79	0.0675676	0	0.278802	2
396	328	112	322	112	75	76	0.0162162	0	0.258065	2
397	294	184	292	184	75	76	0.00540541	0	0.423963	2
398	458	72	501	78	75	88	0.213514	0	0.165899	1
399	40	282	42	284	75	76	0.0162162	0	0.64977	1
400	314	117	313	116	75	76	0.00540541	0	0.269585	2
401	209	130	202	128	75	76	0.0297297	0	0.299539	2
402	384	146	379	146	75	76	0.0135135	0	0.336406	2
403	194	91	191	91	75	76	0.00810811	0	0.209677	2
404	376	85	373	84	75	76	0.0108108	0	0.195853	2
405	171	99	161	100	75	79	0.0297297	0	0.228111	2
406	653	174	648	174	75	76	0.0135135	0	0.400922	2
407	639	216	635	216	75	78	0.0108108	0	0.497696	2
408	341	164	339	163	75	76	0.00810811	0	0.37788	2
409	315	140	317	141	75	76	0.00810811	0	0.322581	1
410	387	100	382	98	75	78	0.0243243	0	0.230415	2
411	24	312	99	314	75	89	0.213514	0	0.718894	1
412	275	151	271	152	75	76	0.0135135	0	0.347926	2
413	396	149	390	147	75	78	0.027027	0	0.343318	2
414	643	182	638	182	75	76	0.0135135	0	0.419355	2
415	201	101	198	100	75	76	0.0108108	0	0.232719	2
416	473	145	467	145	75	76	0.0162162	0	0.334101	2
417	782	89	791	91	75	90	0.0351351	0	0.205069	1
418	813	91	811	91	75	78	0.00540541	0	0.209677	2
419	416	130	412	129	75	76	0.0135135	0	0.299539	2
420	253	167	249	167	75	79	0.0108108	0	0.384793	2
421	341	142	339	141	75	77	0.00810811	0	0.327189	2
422	539	128	530	126	75	76	0.0351351	0	0.294931	2
423	181	96	176	96	75	77	0.0135135	0	0.221198	2
424	375	119	374	118	75	76	0.00540541	0	0.274194	2
425	47	366	55	366	76	77	0.0216216	0	0.843318	1
426	363	149	356	151	76	78	0.0297297	0	0.343318	2
427	502	94	498	94	76	77	0.0108108	0	0.21659	2
428	265	139	262	137	76	77	0.0189189	0	0.320276	2
429	398	102	395	103	76	78	0.0108108	0	0.235023	2
430	300	121	297	120	76	77	0.0108108	0	0.278802	2
431	344	107	343	106	76	79	0.00540541	0	0.246544	2
432	261	157	258	156	76	78	0.0108108	0	0.361751	2
433	453	129	449	127	76	77	0.0216216	0	0.297235	2
434	457	141	452	140	76	77	0.0162162	0	0.324885	2
435	368	105	368	104	76	77	0.0027027	0	0.241935	1
436	293	162	291	161	76	77	0.00810811	0	0.373272	2
437	518	107	513	106	76	77	0.0162162	0	0.246544	2
438	286	133	283	132	76	77	0.0108108	0	0.306452	2
439	387	81	380	81	76	78	0.0189189	0	0.186636	2
440	372	85	370	85	77	78	0.00540541	0	0.195853	2
441	46	287	81	282	77	84	0.162162	0	0.66129	1
442	293	185	295	183	77	80	0.0162162	0	0.426267	1
443	199	91	196	92	77	78	0.0108108	0	0.209677	2
444	320	114	315	114	77	78	0.0135135	0	0.262673	2
445	24	300	84	298	77	88	0.172973	0	0.691244	1
446	273	121	271	117	77	79	0.0486486	0	0.278802	2
447	317	139	322	140	77	78	0.0162162	0	0.320276	1
448	799	88	811	91	77	90	0.0567568	0	0.202765	1
449	203	111	200	112	77	78	0.0108108	0	0.25576	2
450	478	175	476	174	77	78	0.00810811	0	0.403226	2
451	198	101	196	102	77	78	0.00810811	0	0.232719	2
452	606	124	611	124	77	83	0.0135135	0	0.285714	1
453	327	136	331	137	77	78	0.0135135	0	0.313364	1
454	360	200	357	201	77	79	0.0108108	0	0.460829	2
455	624	167	617	169	77	79	0.0297297	0	0.384793	2
456	644	174	620	178	77	84	0.108108	0	0.400922	2
457	633	180	622	180	77	80	0.0297297	0	0.414747	2
458	371	169	364	171	77	79	0.0297297	0	0.389401	2
459	674	31	672	31	77	78	0.00540541	0	0.0714286	2
460	590	162	595	161	77	81	0.0162162	0	0.373272	1
461	394	197	388	197	77	78	0.0162162	0	0.453917	2
462	34	276	96	276	77	89	0.167568	0	0.635945	1
463	303	175	304	175	78	79	0.0027027	0	0.403226	1
464	263	137	263	136	78	79	0.0027027	0	0.315668	1
465	26	289	87	286	78	89	0.189189	0	0.665899	1
466	63	368	77	374	78	84	0.135135	0	0.847926	1
467	548	54	552	54	78	79	0.0108108	0	0.124424	1
468	448	145	443	146	78	79	0.0162162	0	0.334101	2
469	297	120	292	116	78	82	0.0567568	0	0.276498	2
470	324	171	343	168	78	81	0.0756757	0	0.394009	1
471	623	158	608	159	78	82	0.0432432	0	0.364055	2
472	370	148	367	150	78	79	0.0189189	0	0.341014	2
473	196	127	193	129	78	79	0.0189189	0	0.292627	2
474	171	121	167	125	78	81	0.0540541	0	0.278802	2
475	437	135	426	138	78	81	0.0540541	0	0.31106	2
476	53	320	67	316	78	81	0.0810811	0	0.737327	1
477	259	154	259	153	79	80	0.0027027	0	0.354839	1
478	366	109	367	108	79	80	0.00540541	0	0.251152	1
479	366	160	358	162	79	83	0.0324324	0	0.368664	2
480	183	94	180	95	79	80	0.0108108	0	0.21659	2
481	312	131	311	130	79	80	0.00540541	0	0.301843	2
482	369	84	363	83	79	84	0.0189189	0	0.193548	2
483	381	87	378	86	79	80	0.0108108	0	0.200461	2
484	354	153	350	154	79	81	0.0135135	0	0.352535	2
485	302	156	307	154	79	80	0.0243243	0	0.359447	1
486	366	99	367	98	79	80	0.00540541	0	0.228111	1
487	194	105	191	106	79	80	0.0108108	0	0.241935	2
488	385	149	385	149	79	80	0	0	0.343318	1
489	320	152	327	151	79	80	0.0216216	0	0.35023	1
490	327	141	334	139	79	80	0.0297297	0	0.324885	1
491	556	79	561	80	79	80	0.0162162	0	0.182028	1
492	612	145	613	143	79	80	0.0135135	0	0.334101	1
493	434	122	419	122	79	82	0.0405405	0	0.281106	2
494	352	142	350	142	79	80	0.00540541	0	0.327189	2
495	395	105	389	107	79	84	0.027027	0	0.241935	2
496	353	163	352	163	79	80	0.0027027	0	0.375576	2
497	365	128	365	127	79	81	0.0027027	0	0.294931	1
498	293	128	290	128	79	84	0.00810811	0	0.294931	2
499	536	28	532	26	79	82	0.0216216	0	0.0645161	2
500	160	146	153	145	79	80	0.0216216	0	0.336406	2
501	262	135	261	132	80	81	0.027027	0	0.31106	2
502	307	174	312	172	80	81	0.0243243	0	0.400922	1
503	284	114	282	113	80	82	0.00810811	0	0.262673	2
504	358	200	357	200	80	81	0.0027027	0	0.460829	2
505	270	118	275	118	80	89	0.0135135	0	0.271889	1
506	251	167	250	166	80	82	0.00540541	0	0.384793	2
507	191	117	188	119	80	81	0.0189189	0	0.269585	2
508	160	102	156	103	80	81	0.0135135	0	0.235023	2
509	489	78	495	78	80	82	0.0162162	0	0.179724	1
510	362	145	359	144	80	81	0.0108108	0	0.334101	2
511	439	178	438	178	80	83	0.0027027	0	0.410138	2
512	24	373	46	368	80	84	0.127027	0	0.859447	1
513	24	323	33	322	80	82	0.027027	0	0.74424	1
514	439	127	433	127	80	81	0.0162162	0	0.292627	2
515	163	89	158	91	80	82	0.0243243	0	0.205069	2
516	563	54	568	54	81	82	0.0135135	0	0.124424	1
517	260	153	263	151	81	87	0.0189189	0	0.352535	1
518	311	131	311	131	81	82	0	0	0.301843	1
519	299	181	306	177	81	82	0.0621622	0	0.417051	1
520	382	88	380	88	81	82	0.00540541	0	0.202765	2
521	484	95	480	95	81	82	0.0108108	0	0.218894	2
522	148	146	143	145	81	82	0.0162162	0	0.336406	2
523	184	96	178	99	81	83	0.0405405	0	0.221198	2
524	339	134	345	134	81	82	0.0162162	0	0.308756	1
525	336	185	338	187	81	82	0.0162162	0	0.426267	1
526	619	179	606	182	81	85	0.0594595	0	0.412442	2
527	354	174	353	173	81	82	0.00540541	0	0.400922	2
528	359	111	359	109	81	82	0.0108108	0	0.25576	1
529	31	287	70	285	81	88	0.116216	0	0.66129	1
530	357	84	352	84	81	90	0.0135135	0	0.193548	2
531	284	102	285	103	81	85	0.00540541	0	0.235023	1
532	377	146	377	146	81	82	0	0	0.336406	1
533	298	152	298	152	81	83	0	0	0.35023	1
534	332	107	331	107	82	83	0.0027027	0	0.246544	2
535	167	105	164	106	82	83	0.0108108	0	0.241935	2
536	321	174	330	176	82	83	0.0351351	0	0.400922	1
537	349	155	347	155	82	83	0.00540541	0	0.357143	2
538	190	136	190	136	82	83	0	0	0.313364	1
539	186	110	182	111	82	83	0.0135135	0	0.253456	2
540	324	131	324	132	82	83	0.0027027	0	0.301843	1
541	73	315	90	311	82	85	0.0891892	0	0.725806	1
542	153	102	149	103	82	83	0.0135135	0	0.235023	2
543	190	99	187	100	82	83	0.0108108	0	0.228111	2
544	429	131	423	131	82	83	0.0162162	0	0.301843	2
545	25	332	34	331	82	84	0.027027	0	0.764977	1
546	610	169	598	172	82	86	0.0567568	0	0.389401	2
547	735	84	746	85	82	85	0.0324324	0	0.193548	1
548	488	105	483	106	82	83	0.0162162	0	0.241935	2
549	545	81	556	83	82	90	0.0405405	0	0.186636	1
550	283	115	285	117	83	85	0.0162162	0	0.264977	1
551	261	131	261	129	83	85	0.0108108	0	0.301843	1
552	379	87	378	87	83	84	0.0027027	0	0.200461	2
553	312	132	312	132	83	84	0	0	0.304147	1
554	369	112	371	112	83	84	0.00540541	0	0.258065	1
555	34	321	39	320	83	84	0.0162162	0	0.739631	1
556	353	134	367	136	83	85	0.0486486	0	0.308756	1
557	731	65	735	65	83	84	0.0108108	0	0.14977	1
558	320	113	317	113	83	84	0.00810811	0	0.260369	2
559	530	27	526	28	83	86	0.0135135	0	0.062212	2
560	256	165	256	165	83	84	0	0	0.380184	1
561	315	147	314	147	83	86	0.0027027	0	0.33871	2
562	161	96	155	98	83	87	0.027027	0	0.221198	2
563	629	211	614	212	83	85	0.0432432	0	0.486175	2
564	384	154	386	154	83	84	0.00540541	0	0.354839	1
565	86	376	87	376	83	84	0.0027027	0	0.866359	1
566	137	146	135	149	83	84	0.0297297	0	0.336406	2
567	272	132	278	132	83	89	0.0162162	0	0.304147	1
568	292	136	299	140	83	90	0.0621622	0	0.313364	1
569	334	111	333	111	84	85	0.0027027	0	0.25576	2
570	175	99	170	99	84	86	0.0135135	0	0.228111	2
571	439	180	439	179	84	85	0.0027027	0	0.414747	1
572	170	110	168	111	84	85	0.00810811	0	0.253456	2
573	155	112	151	112	84	85	0.0108108	0	0.258065	2
574	180	112	177	112	84	85	0.00810811	0	0.258065	2
575	474	100	470	101	84	85	0.0135135	0	0.230415	2
576	614	126	615	126	84	85	0.0027027	0	0.290323	1
577	171	127	169	128	84	85	0.00810811	0	0.292627	2
578	325	133	325	133	84	85	0	0	0.306452	1
579	496	84	498	84	84	85	0.00540541	0	0.193548	1
580	330	101	330	101	84	85	0	0	0.232719	1
581	296	116	296	117	84	85	0.0027027	0	0.267281	1
582	310	166	308	166	84	85	0.00540541	0	0.382488	2
583	145	105	140	104	84	86	0.0162162	0	0.241935	2
584	563	81	563	81	84	85	0	0	0.186636	1
585	812	92	820	93	84	89	0.0243243	0	0.211982	1
586	47	321	53	320	85	86	0.0189189	0	0.739631	1
587	79	373	82	369	85	86	0.0513514	0	0.859447	1
588	342	160	340	159	85	86	0.00810811	0	0.368664	2
589	589	55	596	53	85	86	0.0297297	0	0.126728	1
590	78	298	106	300	85	90	0.0864865	0	0.686636	1
591	363	84	361	84	85	88	0.00540541	0	0.193548	2
592	374	95	375	94	85	86	0.00540541	0	0.218894	1
593	51	367	89	371	85	90	0.145946	0	0.845622	1
594	416	129	407	128	85	87	0.027027	0	0.297235	2
595	367	120	368	120	85	86	0.0027027	0	0.276498	1
596	86	283	109	285	85	89	0.072973	0	0.652074	1
597	595	78	610	76	85	87	0.0513514	0	0.179724	1
598	611	172	608	172	85	86	0.00810811	0	0.396313	2
599	415	146	405	146	85	87	0.027027	0	0.336406	2
600	617	182	612	187	85	89	0.0810811	0	0.419355	2
601	741	65	744	65	85	86	0.00810811	0	0.14977	1
602	601	160	595	167	85	90	0.148649	0	0.368664	2
603	150	136	144	136	85	89	0.0162162	0	0.313364	2
604	254	166	251	164	85	86	0.0189189	0	0.382488	2
605	324	158	323	158	85	86	0.0027027	0	0.364055	2
606	24	305	39	312	85	87	0.172973	0	0.702765	1
607	172	120	171	121	86	87	0.00540541	0	0.276498	2
608	262	129	263	128	86	87	0.00540541	0	0.297235	1
609	163	130	162	133	86	87	0.027027	0	0.299539	2
610	307	166	309	166	86	87	0.00540541	0	0.382488	1
611	314	134	314	134	86	87	0	0	0.308756	1
612	465	99	462	99	86	87	0.00810811	0	0.228111	2
613	377	107	378	107	86	87	0.0027027	0	0.246544	1
614	604	183	602	185	86	88	0.0162162	0	0.421659	2
615	333	122	332	122	86	87	0.0027027	0	0.281106	2
616	335	100	336	100	86	87	0.0027027	0	0.230415	1
617	501	86	515	90	86	89	0.0810811	0	0.198157	1
618	388	109	387	108	86	87	0.00540541	0	0.251152	2
619	339	149	338	149	86	87	0.0027027	0	0.343318	2
620	180	109	178	110	86	87	0.00810811	0	0.251152	2
621	381	138	389	137	86	87	0.0243243	0	0.317972	1
622	341	189	341	190	86	87	0.0027027	0	0.435484	1
623	595	198	592	198	86	87	0.00810811	0	0.456221	2
624	281	108	286	108	86	89	0.0135135	0	0.248848	1
625	345	116	346	115	86	87	0.00540541	0	0.267281	1
626	89	368	109	369	87	89	0.0567568	0	0.847926	1
627	377	96	378	97	87	88	0.00540541	0	0.221198	1
628	340	160	339	161	87	88	0.00540541	0	0.368664	2
629	597	171	596	175	87	89	0.0459459	0	0.394009	2
630	372	86	373	86	87	88	0.0027027	0	0.198157	1
631	319	111	318	112	87	88	0.00540541	0	0.25576	2
632	164	111	164	113	87	88	0.0108108	0	0.25576	1
633	356	122	358	122	87	89	0.00540541	0	0.281106	1
634	141	107	140	108	87	89	0.00540541	0	0.246544	2
635	97	313	103	314	87	88	0.0189189	0	0.721198	1
636	298	125	299	126	87	88	0.00540541	0	0.288018	1
637	314	121	311	121	87	88	0.00810811	0	0.278802	2
638	348	148	347	149	87	88	0.00540541	0	0.341014	2
639	32	276	47	277	87	88	0.0432432	0	0.635945	1
640	169	99	168	102	87	89	0.027027	0	0.228111	2
641	315	146	314	149	87	88	0.027027	0	0.336406	2
642	306	110	305	110	87	88	0.0027027	0	0.253456	2
643	264	154	264	155	88	89	0.0027027	0	0.354839	1
644	266	128	269	128	88	90	0.00810811	0	0.294931	1
645	330	121	329	121	88	89	0.0027027	0	0.278802	2
646	29	338	33	338	88	90	0.0108108	0	0.778802	1
647	613	53	621	53	88	89	0.0216216	0	0.12212	1
648	352	165	349	165	88	90	0.00810811	0	0.380184	2
649	313	168	315	169	88	89	0.00810811	0	0.387097	1
650	338	101	340	102	88	90	0.00810811	0	0.232719	1
651	461	96	455	96	88	90	0.0162162	0	0.221198	2
652	288	119	290	120	88	90	0.00810811	0	0.274194	1
653	150	100	149	101	88	90	0.00540541	0	0.230415	2
654	251	163	252	165	88	89	0.0135135	0	0.375576	1
655	178	105	177	106	88	89	0.00540541	0	0.241935	2
656	348	94	350	94	88	89	0.00540541	0	0.21659	1
657	463	106	458	106	88	90	0.0135135	0	0.24424	2
658	373	173	379	179	88	89	0.113514	0	0.398618	1
659	588	199	585	200	88	89	0.0108108	0	0.458525	2
660	391	152	400	152	88	89	0.0243243	0	0.35023	1
661	398	139	416	141	88	90	0.0594595	0	0.320276	1
662	344	178	343	178	88	89	0.0027027	0	0.410138	2
663	90	326	96	327	88	89	0.0189189	0	0.751152	1
664	113	323	119	325	88	89	0.027027	0	0.74424	1
665	90	300	95	301	89	90	0.0162162	0	0.691244	1
666	380	98	381	100	89	90	0.0135135	0	0.225806	1
667	171	117	170	118	89	90	0.00540541	0	0.269585	2
668	376	86	377	85	89	90	0.00540541	0	0.198157	1
669	321	144	319	144	89	90	0.00540541	0	0.331797	2
670	110	315	115	316	89	90	0.0162162	0	0.725806	1
671	363	85	362	84	89	90	0.00540541	0	0.195853	2
672	408	177	414	179	89	90	0.027027	0	0.407834	1
673	167	137	166	136	89	90	0.00540541	0	0.315668	2
674	63	279	76	277	89	90	0.0459459	0	0.642857	1
675	54	291	66	292	89	90	0.0351351	0	0.670507	1
676	48	319	53	318	89	90	0.0162162	0	0.735023	1
677	557	24	558	24	89	90	0.0027027	0	0.0552995	1
678	337	152	335	152	89	90	0.00540541	0	0.35023	2
679	346	135	346	134	89	90	0.0027027	0	0.31106	1
680	315	134	313	133	89	90	0.00810811	0	0.308756	2