
0	405	118	405	116	87	88	0.0055325	0	0.274419	1
1	491	159	492	155	87	88	0.0235131	0	0.369767	1
2	255	194	257	195	87	89	0.00414938	0	0.451163	1
3	349	135	351	131	87	88	0.0248963	0	0.313953	1
4	679	101	676	100	87	88	0.0055325	0	0.234884	2
5	718	93	718	93	87	88	0	0	0.216279	1
6	416	119	417	118	87	88	0.00276625	0	0.276744	1
7	180	142	198	139	87	96	0.0373444	0	0.330233	1
8	469	116	467	114	87	88	0.00829876	0	0.269767	2
9	426	136	428	134	87	88	0.00829876	0	0.316279	1
10	403	180	407	177	87	88	0.0179806	0	0.418605	1
11	243	174	250	174	87	100	0.00968188	0	0.404651	1
12	263	165	267	161	87	92	0.0276625	0	0.383721	1
13	627	145	621	142	87	91	0.0207469	0	0.337209	2
14	476	167	477	166	88	89	0.00276625	0	0.388372	1
15	399	129	400	127	88	89	0.00691563	0	0.3	1
16	169	174	169	175	88	89	0.00138313	0	0.404651	1
17	548	134	551	129	88	90	0.0387275	0	0.311628	1
18	389	110	389	109	88	89	0.00138313	0	0.255814	1
19	260	184	265	178	88	103	0.0567082	0	0.427907	1
20	24	89	24	90	88	93	0.00138313	0	0.206977	1
21	343	117	344	115	88	89	0.00691563	0	0.272093	1
22	512	175	510	174	88	95	0.00414938	0	0.406977	2
23	625	130	623	130	88	89	0.00276625	0	0.302326	2
24	231	157	232	157	88	89	0.00138313	0	0.365116	1
25	692	86	687	85	88	89	0.00829876	0	0.2	2
26	540	124	541	121	88	89	0.0138313	0	0.288372	1
27	365	144	371	146	88	90	0.0138313	0	0.334884	1
28	374	102	372	101	89	90	0.00414938	0	0.237209	2
29	433	122	431	122	89	90	0.00276625	0	0.283721	2
30	408	117	409	115	89	90	0.00691563	0	0.272093	1
31	677	90	672	87	89	90	0.0193638	0	0.209302	2
32	341	105	342	104	89	90	0.00276625	0	0.244186	1
33	353	129	354	126	89	90	0.0138313	0	0.3	1
34	467	125	464	123	89	90	0.00968188	0	0.290698	2
35	443	116	442	117	89	90	0.00276625	0	0.269767	2
36	433	110	433	109	89	91	0.00138313	0	0.255814	1
37	690	109	686	107	89	90	0.011065	0	0.253488	2
38	411	142	414	140	89	90	0.00968188	0	0.330233	1
39	360	96	359	95	89	90	0.00276625	0	0.223256	2
40	383	135	386	135	89	90	0.00414938	0	0.313953	1
41	374	173	380	169	89	92	0.0304288	0	0.402326	1
42	171	177	173	176	90	91	0.00414938	0	0.411628	1
43	214	213	220	208	90	94	0.0428769	0	0.495349	1
44	451	179	450	175	90	91	0.0235131	0	0.416279	2
45	587	105	583	102	90	91	0.0179806	0	0.244186	2
46	492	152	510	141	90	98	0.192254	0	0.353488	1
47	259	194	262	193	90	91	0.0055325	0	0.451163	1
48	433	206	435	201	90	92	0.0373444	0	0.47907	1
49	710	132	706	130	90	91	0.011065	0	0.306977	2
50	703	110	697	108	90	91	0.0138313	0	0.255814	2
51	403	134	408	132	90	91	0.0124481	0	0.311628	1
52	325	116	330	111	90	93	0.0414938	0	0.269767	1
53	278	117	280	109	90	92	0.0912863	0	0.272093	1
54	387	160	396	158	90	93	0.0179806	0	0.372093	1
55	570	187	571	186	90	91	0.00276625	0	0.434884	1
56	693	136	693	135	90	91	0.00138313	0	0.316279	1
57	542	119	547	114	90	100	0.0414938	0	0.276744	1
58	133	191	148	186	90	93	0.055325	0	0.444186	1
59	414	164	416	166	91	92	0.00829876	0	0.381395	1
60	552	126	555	123	91	96	0.0165975	0	0.293023	1
61	410	111	412	109	91	92	0.00829876	0	0.25814	1
62	347	111	353	108	91	93	0.0207469	0	0.25814	1
63	342	138	346	137	91	92	0.00691563	0	0.32093	1
64	370	158	378	156	91	93	0.0165975	0	0.367442	1
65	345	101	348	99	91	93	0.00968188	0	0.234884	1
66	423	132	427	131	91	92	0.00691563	0	0.306977	1
67	479	132	478	131	91	92	0.00276625	0	0.306977	2
68	589	114	586	112	91	92	0.00968188	0	0.265116	2
69	427	185	426	183	91	93	0.00691563	0	0.430233	2
70	489	102	491	102	91	92	0.00276625	0	0.237209	1
71	257	126	261	124	91	92	0.011065	0	0.293023	1
72	715	142	711	139	91	92	0.0179806	0	0.330233	2
73	378	95	377	94	91	92	0.00276625	0	0.22093	2
74	236	198	237	198	91	92	0.00138313	0	0.460465	1
75	317	160	318	161	91	93	0.00276625	0	0.372093	1
76	223	207	233	201	91	95	0.0636238	0	0.481395	1
77	405	254	405	254	91	92	0	0	0.590698	1
78	803	367	734	384	91	108	0.495159	0	0.853488	2
79	604	108	602	104	91	92	0.0248963	0	0.251163	2
80	580	101	575	100	92	93	0.00829876	0	0.234884	2
81	350	157	361	164	92	101	0.0829876	0	0.365116	1
82	176	176	176	178	92	94	0.0055325	0	0.409302	1
83	812	332	765	334	92	103	0.0705394	0	0.772093	2
84	616	141	607	140	92	93	0.0138313	0	0.327907	2
85	435	110	434	110	92	93	0.00138313	0	0.255814	2
86	335	98	350	86	92	99	0.219917	0	0.227907	1
87	611	130	603	129	92	93	0.0124481	0	0.302326	2
88	274	194	278	193	92	93	0.00691563	0	0.451163	1
89	390	101	388	103	92	95	0.00829876	0	0.234884	2
90	363	92	362	91	92	94	0.00276625	0	0.213953	2
91	417	169	417	169	93	94	0	0	0.393023	1
92	400	132	402	131	93	94	0.00414938	0	0.306977	1
93	412	110	410	110	93	95	0.00276625	0	0.255814	2
94	478	131	474	130	93	94	0.00691563	0	0.304651	2
95	494	118	495	114	93	94	0.0235131	0	0.274419	1
96	262	198	256	198	93	101	0.00829876	0	0.460465	2
97	582	110	576	109	93	94	0.00968188	0	0.255814	2
98	376	96	375	97	93	95	0.00276625	0	0.223256	2
99	447	190	445	190	93	94	0.00276625	0	0.44186	2
100	383	169	387	168	93	94	0.00691563	0	0.393023	1
101	565	92	521	90	93	102	0.06639	0	0.213953	2
102	357	175	368	171	93	95	0.0373444	0	0.406977	1
103	265	132	271	134	93	94	0.0138313	0	0.306977	1
104	621	156	610	155	93	94	0.0165975	0	0.362791	2
105	440	206	440	208	93	97	0.0055325	0	0.47907	1
106	550	138	549	138	93	94	0.00138313	0	0.32093	2
107	378	115	376	115	93	94	0.00276625	0	0.267442	2
108	436	177	432	180	93	98	0.0179806	0	0.411628	2
109	407	249	404	249	93	94	0.00414938	0	0.57907	2
110	527	134	525	132	93	95	0.00829876	0	0.311628	2
111	573	183	571	180	93	94	0.0152144	0	0.425581	2
112	400	190	398	190	93	99	0.00276625	0	0.44186	2
113	483	141	485	139	93	94	0.00829876	0	0.327907	1
114	570	99	554	93	94	98	0.0719225	0	0.230233	2
115	685	129	674	128	94	95	0.0165975	0	0.3	2
116	498	126	498	124	94	95	0.0055325	0	0.293023	1
117	350	136	360	138	94	98	0.0193638	0	0.316279	1
118	425	127	431	129	94	95	0.0138313	0	0.295349	1
119	320	160	325	160	94	95	0.00691563	0	0.372093	1
120	433	252	435	262	94	101	0.141079	0	0.586047	1
121	445	172	443	173	94	97	0.00414938	0	0.4	2
122	264	145	263	146	94	95	0.00276625	0	0.337209	2
123	491	172	504	174	94	97	0.0235131	0	0.4	1
124	664	79	657	77	94	96	0.0152144	0	0.183721	2
125	250	151	250	149	94	98	0.0055325	0	0.351163	1
126	266	124	287	119	94	98	0.0636238	0	0.288372	1
127	347	97	351	93	94	96	0.0276625	0	0.225581	1
128	601	128	575	126	94	100	0.0414938	0	0.297674	2
129	385	140	388	140	94	95	0.00414938	0	0.325581	1
130	675	79	661	75	94	98	0.0414938	0	0.183721	2
131	590	109	570	106	94	98	0.0401107	0	0.253488	2
132	310	161	340	155	94	98	0.0912863	0	0.374419	1
133	318	137	345	145	94	100	0.125864	0	0.318605	1
134	419	172	420	173	95	98	0.00276625	0	0.4	1
135	282	141	288	137	95	96	0.0304288	0	0.327907	1
136	175	180	174	180	95	96	0.00138313	0	0.418605	2
137	498	111	501	108	95	96	0.0165975	0	0.25814	1
138	228	211	235	213	95	96	0.0152144	0	0.490698	1
139	571	108	557	104	95	98	0.0414938	0	0.251163	2
140	491	138	503	142	95	101	0.0387275	0	0.32093	1
141	421	183	421	185	95	97	0.0055325	0	0.425581	1
142	421	105	421	106	95	99	0.00138313	0	0.244186	1
143	419	146	425	146	95	97	0.00829876	0	0.339535	1
144	685	103	658	102	95	101	0.0387275	0	0.239535	2
145	554	139	555	135	95	96	0.0235131	0	0.323256	1
146	364	118	373	118	95	97	0.0124481	0	0.274419	1
147	493	101	497	98	95	96	0.0179806	0	0.234884	1
148	510	130	512	129	95	96	0.00414938	0	0.302326	1
149	463	120	463	119	95	96	0.00138313	0	0.27907	1
150	827	25	815	29	95	102	0.0387275	0	0.0581395	2
151	175	154	184	154	95	99	0.0124481	0	0.35814	1
152	24	91	24	90	95	98	0.00138313	0	0.211628	1
153	501	124	509	126	96	100	0.0165975	0	0.288372	1
154	411	110	411	109	96	98	0.00138313	0	0.255814	1
155	378	172	388	172	96	97	0.0138313	0	0.4	1
156	390	103	390	102	96	97	0.00138313	0	0.239535	1
157	444	192	440	194	96	100	0.011065	0	0.446512	2
158	601	142	582	139	96	100	0.0387275	0	0.330233	2
159	524	128	524	126	96	97	0.0055325	0	0.297674	1
160	263	146	246	143	96	108	0.0359613	0	0.339535	2
161	173	133	187	133	96	108	0.0193638	0	0.309302	1
162	242	162	228	158	96	104	0.0414938	0	0.376744	2
163	427	159	430	159	96	98	0.00414938	0	0.369767	1
164	474	198	489	192	96	98	0.0705394	0	0.460465	1
165	687	133	686	132	96	97	0.00276625	0	0.309302	2
166	441	115	443	113	96	97	0.00829876	0	0.267442	1
167	175	183	182	181	97	100	0.0152144	0	0.425581	1
168	558	133	558	130	97	98	0.0124481	0	0.309302	1
169	465	130	463	130	97	98	0.00276625	0	0.302326	2
170	366	108	369	107	97	98	0.0055325	0	0.251163	1
171	497	191	511	190	97	99	0.0207469	0	0.444186	1
172	506	107	509	105	97	98	0.00968188	0	0.248837	1
173	49	161	26	177	97	111	0.385892	0	0.374419	2
174	558	121	557	119	97	98	0.00691563	0	0.281395	2
175	240	215	236	216	97	101	0.00691563	0	0.5	2
176	194	139	201	140	97	110	0.011065	0	0.323256	1
177	768	320	716	329	97	107	0.183956	0	0.744186	2
178	454	116	454	115	97	98	0.00138313	0	0.269767	1
179	486	99	488	99	97	98	0.00276625	0	0.230233	1
180	427	121	430	120	97	98	0.0055325	0	0.281395	1
181	571	188	572	188	97	98	0.00138313	0	0.437209	1
182	758	321	745	320	97	100	0.0193638	0	0.746512	2
183	296	133	302	135	97	99	0.0138313	0	0.309302	1
184	665	123	658	121	97	98	0.0152144	0	0.286047	2
185	558	143	557	141	97	100	0.00691563	0	0.332558	2
186	375	97	375	96	97	98	0.00138313	0	0.225581	1
187	227	180	228	179	97	98	0.00276625	0	0.418605	1
188	450	125	454	123	98	101	0.011065	0	0.290698	1
189	685	129	679	127	98	99	0.0138313	0	0.3	2
190	428	190	388	200	98	111	0.193638	0	0.44186	2
191	442	174	438	174	98	99	0.0055325	0	0.404651	2
192	364	94	363	94	98	99	0.00138313	0	0.218605	2
193	421	132	374	158	98	125	1	0	0.306977	2
194	443	208	442	209	98	99	0.00276625	0	0.483721	2
195	527	126	528	125	98	99	0.00276625	0	0.293023	1
196	530	116	530	117	98	100	0.00138313	0	0.269767	1
197	652	104	642	107	98	99	0.0262794	0	0.24186	2
198	547	96	540	97	99	100	0.011065	0	0.223256	2
199	511	105	512	105	99	100	0.00138313	0	0.244186	1
200	450	112	451	111	99	100	0.00276625	0	0.260465	1
201	463	132	465	132	99	100	0.00276625	0	0.306977	1
202	411	110	407	111	99	101	0.00691563	0	0.255814	2
203	415	189	411	189	99	100	0.0055325	0	0.439535	2
204	556	120	555	121	99	100	0.00276625	0	0.27907	2
205	372	108	374	107	99	100	0.00414938	0	0.251163	1
206	251	152	214	164	99	116	0.250346	0	0.353488	2
207	513	142	523	145	99	103	0.0262794	0	0.330233	1
208	641	82	630	83	99	101	0.0165975	0	0.190698	2
209	376	96	374	97	99	100	0.00414938	0	0.223256	2
210	414	131	416	131	99	100	0.00276625	0	0.304651	1
211	450	134	450	132	99	100	0.0055325	0	0.311628	1
212	648	123	638	129	99	101	0.0636238	0	0.286047	2
213	495	192	502	193	99	100	0.011065	0	0.446512	1
214	484	142	483	143	99	100	0.00276625	0	0.330233	2
215	410	248	395	251	99	104	0.033195	0	0.576744	2
216	490	100	491	101	99	100	0.00276625	0	0.232558	1
217	572	189	573	191	99	101	0.00691563	0	0.439535	1
218	435	121	438	131	100	109	0.142462	0	0.281395	1
219	425	119	425	118	100	101	0.00138313	0	0.276744	1
220	827	41	810	48	100	104	0.0912863	0	0.0953488	2
221	435	174	429	173	100	101	0.00968188	0	0.404651	2
222	767	352	737	358	100	104	0.0912863	0	0.818605	2
223	671	128	661	129	100	101	0.0152144	0	0.297674	2
224	550	92	542	94	100	101	0.0165975	0	0.213953	2
225	382	305	373	306	100	102	0.0138313	0	0.709302	2
226	195	118	199	121	100	109	0.0179806	0	0.274419	1
227	383	264	342	274	100	112	0.195021	0	0.613953	2
228	300	143	297	145	100	101	0.00968188	0	0.332558	2
229	180	198	177	198	100	101	0.00414938	0	0.460465	2
230	443	219	439	216	100	101	0.0179806	0	0.509302	2
231	383	161	378	164	100	102	0.0193638	0	0.374419	2
232	511	115	511	114	100	101	0.00138313	0	0.267442	1
233	453	110	452	109	101	102	0.00276625	0	0.255814	2
234	187	180	191	177	101	102	0.0179806	0	0.418605	1
235	554	124	552	124	101	102	0.00276625	0	0.288372	2
236	368	265	311	289	101	118	0.875519	0	0.616279	2
237	469	130	472	129	101	102	0.0055325	0	0.302326	1
238	738	322	717	325	101	104	0.0414938	0	0.748837	2
239	530	119	530	119	101	102	0	0	0.276744	1
240	378	105	376	106	101	102	0.00414938	0	0.244186	2
241	424	183	395	186	101	110	0.0525588	0	0.425581	2
242	638	143	626	148	101	104	0.0511757	0	0.332558	2
243	514	104	515	104	101	102	0.00138313	0	0.24186	1
244	409	198	405	197	101	102	0.00691563	0	0.460465	2
245	385	119	384	120	101	102	0.00276625	0	0.276744	2
246	481	144	464	151	101	114	0.0912863	0	0.334884	2
247	640	79	631	81	101	102	0.0179806	0	0.183721	2
248	440	182	435	181	101	102	0.00829876	0	0.423256	2
249	248	209	247	207	101	102	0.00691563	0	0.486047	2
250	391	132	393	131	101	102	0.00414938	0	0.306977	1
251	294	122	297	123	101	102	0.0055325	0	0.283721	1
252	410	183	397	181	102	106	0.0235131	0	0.425581	2
253	426	121	421	126	102	104	0.0414938	0	0.281395	2
254	408	114	405	116	102	103	0.00968188	0	0.265116	2
255	402	159	398	161	102	103	0.011065	0	0.369767	2
256	503	144	505	146	102	103	0.00829876	0	0.334884	1
257	455	122	451	123	102	104	0.00691563	0	0.283721	2
258	433	260	417	256	102	104	0.04426	0	0.604651	2
259	535	96	527	99	102	103	0.0235131	0	0.223256	2
260	633	132	627	135	102	103	0.0207469	0	0.306977	2
261	530	186	539	194	102	105	0.100968	0	0.432558	1
262	439	151	438	153	102	103	0.00691563	0	0.351163	2
263	545	100	537	103	102	103	0.0235131	0	0.232558	2
264	430	236	400	232	102	114	0.0636238	0	0.548837	2
265	651	132	639	132	102	103	0.0165975	0	0.306977	2
266	236	209	231	210	102	103	0.00829876	0	0.486047	2
267	626	93	616	98	102	103	0.0484094	0	0.216279	2
268	467	139	468	137	102	105	0.00691563	0	0.323256	1
269	267	189	269	188	102	103	0.00414938	0	0.439535	1
270	370	165	371	164	103	104	0.00276625	0	0.383721	1
271	729	339	715	341	103	106	0.0248963	0	0.788372	2
272	550	127	547	128	103	104	0.0055325	0	0.295349	2
273	394	192	387	190	103	104	0.0152144	0	0.446512	2
274	516	109	516	110	103	104	0.00138313	0	0.253488	1
275	195	176	212	177	103	110	0.0248963	0	0.409302	1
276	473	129	475	126	103	105	0.0152144	0	0.3	1
277	372	113	370	115	103	104	0.00829876	0	0.262791	2
278	256	197	255	192	103	107	0.0359613	0	0.45814	2
279	647	107	638	108	103	104	0.0138313	0	0.248837	2
280	370	309	364	308	103	104	0.00968188	0	0.718605	2
281	512	136	513	137	103	104	0.00276625	0	0.316279	1
282	293	152	309	150	103	107	0.0276625	0	0.353488	1
283	633	83	624	84	103	104	0.0138313	0	0.193023	2
284	517	123	518	122	103	104	0.00276625	0	0.286047	1
285	641	94	631	95	103	104	0.0152144	0	0.218605	2
286	621	87	611	87	103	104	0.0138313	0	0.202326	2
287	446	109	431	112	103	117	0.033195	0	0.253488	2
288	414	126	409	128	103	104	0.0124481	0	0.293023	2
289	246	209	243	209	103	104	0.00414938	0	0.486047	2
290	810	33	730	48	103	125	0.421853	0	0.0767442	2
291	422	113	424	116	103	106	0.0152144	0	0.262791	1
292	174	187	172	188	103	105	0.00414938	0	0.434884	2
293	349	169	352	168	104	105	0.0055325	0	0.393023	1
294	264	178	269	171	104	105	0.0746888	0	0.413953	1
295	485	192	510	187	104	107	0.0691563	0	0.446512	1
296	351	104	353	102	104	105	0.00829876	0	0.24186	1
297	542	177	549	182	104	106	0.04426	0	0.411628	1
298	531	134	540	131	104	105	0.0248963	0	0.311628	1
299	759	335	751	334	104	107	0.0124481	0	0.77907	2
300	620	134	621	131	104	106	0.0138313	0	0.311628	1
301	240	175	217	185	104	116	0.170124	0	0.406977	2
302	300	135	321	137	104	107	0.0345781	0	0.313953	1
303	206	129	212	138	104	112	0.120332	0	0.3	1
304	452	110	456	109	104	105	0.00691563	0	0.255814	1
305	736	359	728	360	105	107	0.0124481	0	0.834884	2
306	378	165	379	168	105	106	0.0138313	0	0.383721	1
307	389	186	387	185	105	106	0.00414938	0	0.432558	2
308	635	107	617	104	105	108	0.0373444	0	0.248837	2
309	523	138	561	144	105	111	0.102351	0	0.32093	1
310	457	120	456	124	105	110	0.0235131	0	0.27907	2
311	432	179	438	180	105	106	0.00968188	0	0.416279	1
312	443	156	445	156	105	106	0.00276625	0	0.362791	1
313	471	208	502	207	105	108	0.04426	0	0.483721	1
314	426	126	427	128	105	106	0.00691563	0	0.293023	1
315	623	82	587	77	105	113	0.0843707	0	0.190698	2
316	521	148	538	148	105	107	0.0235131	0	0.344186	1
317	815	49	739	63	105	125	0.37621	0	0.113953	2
318	630	95	615	92	105	108	0.033195	0	0.22093	2
319	414	125	414	126	105	106	0.00138313	0	0.290698	1
320	536	153	548	154	105	107	0.0179806	0	0.355814	1
321	405	114	406	114	105	106	0.00138313	0	0.265116	1
322	422	178	420	177	105	106	0.00414938	0	0.413953	2
323	657	94	653	96	105	106	0.011065	0	0.218605	2
324	279	177	280	171	105	106	0.0511757	0	0.411628	1
325	420	249	380	250	105	116	0.0567082	0	0.57907	2
326	279	157	283	156	105	106	0.00691563	0	0.365116	1
327	342	169	349	167	105	108	0.0152144	0	0.393023	1
328	528	122	534	122	105	106	0.00829876	0	0.283721	1
329	392	98	393	100	105	110	0.00691563	0	0.227907	1
330	610	105	601	106	105	107	0.0138313	0	0.244186	2
331	823	24	746	37	105	125	0.340249	0	0.055814	2
332	341	313	304	322	105	112	0.163209	0	0.727907	2
333	332	329	295	326	105	111	0.0636238	0	0.765116	2
334	352	309	347	308	105	106	0.00829876	0	0.718605	2
335	231	159	226	168	105	109	0.118949	0	0.369767	2
336	353	169	359	167	106	108	0.0138313	0	0.393023	1
337	270	169	264	163	106	108	0.0580913	0	0.393023	2
338	542	198	541	204	106	110	0.0511757	0	0.460465	2
339	547	134	554	133	106	107	0.011065	0	0.311628	1
340	827	51	752	62	106	125	0.271093	0	0.118605	2
341	476	129	469	126	106	113	0.02213	0	0.3	2
342	406	227	397	228	106	109	0.0138313	0	0.527907	2
343	557	128	559	127	106	107	0.00414938	0	0.297674	1
344	530	112	536	111	106	107	0.00968188	0	0.260465	1
345	394	196	371	208	106	113	0.230982	0	0.455814	2
346	380	119	383	118	106	107	0.0055325	0	0.276744	1
347	385	184	381	184	107	108	0.0055325	0	0.427907	2
348	430	128	429	129	107	108	0.00276625	0	0.297674	2
349	376	103	375	103	107	108	0.00138313	0	0.239535	2
350	359	307	345	315	107	110	0.107884	0	0.713953	2
351	219	24	148	32	107	125	0.186722	0	0.055814	2
352	396	179	385	186	107	110	0.0829876	0	0.416279	2
353	739	341	704	348	107	112	0.116183	0	0.793023	2
354	357	100	353	102	107	110	0.011065	0	0.232558	2
355	410	112	410	110	107	108	0.0055325	0	0.260465	1
356	717	339	678	343	107	113	0.0760719	0	0.788372	2
357	621	132	614	132	107	108	0.00968188	0	0.306977	2
358	425	140	425	141	107	108	0.00138313	0	0.325581	1
359	367	160	367	162	107	108	0.0055325	0	0.372093	1
360	410	168	399	174	107	110	0.0650069	0	0.390698	2
361	223	201	216	205	107	109	0.0318119	0	0.467442	2
362	723	417	701	421	108	110	0.0525588	0	0.969767	2
363	721	361	713	363	108	109	0.0165975	0	0.839535	2
364	520	123	523	125	108	109	0.00968188	0	0.286047	1
365	545	149	549	151	108	109	0.011065	0	0.346512	1
366	701	334	688	338	108	110	0.0401107	0	0.776744	2
367	415	200	412	202	108	109	0.00968188	0	0.465116	2
368	251	195	246	195	108	112	0.00691563	0	0.453488	2
369	414	188	410	191	108	109	0.0179806	0	0.437209	2
370	370	113	367	115	108	109	0.00968188	0	0.262791	2
371	537	137	551	140	108	111	0.0318119	0	0.318605	1
372	742	333	735	335	108	109	0.0152144	0	0.774419	2
373	510	138	507	136	108	109	0.00968188	0	0.32093	2
374	596	86	575	86	108	112	0.0290456	0	0.2	2
375	309	149	316	150	108	109	0.011065	0	0.346512	1
376	562	140	565	144	108	109	0.0262794	0	0.325581	1
377	495	96	482	98	108	111	0.0235131	0	0.223256	2
378	344	334	326	336	108	112	0.0304288	0	0.776744	2
379	546	126	551	128	108	109	0.0124481	0	0.293023	1
380	378	186	375	189	109	110	0.0165975	0	0.432558	2
381	386	172	384	174	109	110	0.00829876	0	0.4	2
382	610	94	532	89	109	121	0.142462	0	0.218605	2
383	590	113	586	113	109	110	0.0055325	0	0.262791	2
384	409	111	409	111	109	110	0	0	0.25814	1
385	382	124	390	123	109	114	0.0124481	0	0.288372	1
386	519	214	514	213	109	112	0.00829876	0	0.497674	2
387	525	115	528	117	109	110	0.00968188	0	0.267442	1
388	508	122	505	124	109	110	0.00968188	0	0.283721	2
389	704	330	697	332	109	110	0.0152144	0	0.767442	2
390	187	138	186	144	109	111	0.0511757	0	0.32093	2
391	723	392	666	402	109	118	0.217151	0	0.911628	2
392	497	188	464	190	109	119	0.0511757	0	0.437209	2
393	439	135	436	130	110	115	0.0387275	0	0.313953	2
394	428	137	427	138	110	111	0.00276625	0	0.318605	2
395	406	194	401	198	110	111	0.0290456	0	0.451163	2
396	366	115	363	109	110	113	0.0539419	0	0.267442	2
397	491	112	487	111	110	111	0.00691563	0	0.260465	2
398	546	152	563	144	110	114	0.112033	0	0.353488	1
399	427	147	427	147	110	111	0	0	0.34186	1
400	227	174	212	176	110	115	0.0262794	0	0.404651	2
401	451	183	417	181	110	119	0.0525588	0	0.425581	2
402	442	125	393	133	110	124	0.156293	0	0.290698	2
403	440	205	411	207	110	119	0.0456432	0	0.476744	2
404	404	126	404	127	110	111	0.00138313	0	0.293023	1
405	369	179	366	179	110	111	0.00414938	0	0.416279	2
406	377	136	382	132	110	114	0.0290456	0	0.316279	1
407	400	213	379	214	110	116	0.0304288	0	0.495349	2
408	555	178	557	179	110	111	0.00414938	0	0.413953	1
409	605	109	568	97	110	116	0.250346	0	0.253488	2
410	507	108	468	101	110	118	0.121715	0	0.251163	2
411	497	102	478	95	110	115	0.0940526	0	0.237209	2
412	428	126	422	124	110	115	0.0138313	0	0.293023	2
413	209	219	180	216	110	119	0.0525588	0	0.509302	2
414	382	190	375	193	111	113	0.02213	0	0.44186	2
415	530	148	529	148	111	112	0.00138313	0	0.344186	2
416	372	189	368	190	111	112	0.00691563	0	0.439535	2
417	560	130	571	128	111	113	0.0207469	0	0.302326	1
418	362	102	361	96	111	113	0.0511757	0	0.237209	2
419	540	204	545	199	111	113	0.0414938	0	0.474419	1
420	502	125	466	118	111	118	0.117566	0	0.290698	2
421	403	171	397	170	111	113	0.00968188	0	0.397674	2
422	488	121	482	119	111	112	0.0138313	0	0.281395	2
423	411	112	410	111	111	112	0.00276625	0	0.260465	2
424	342	320	310	341	111	119	0.654219	0	0.744186	2
425	575	145	588	146	111	114	0.0193638	0	0.337209	1
426	427	184	426	183	111	112	0.00276625	0	0.427907	2
427	692	409	687	408	111	112	0.00829876	0	0.951163	2
428	615	98	573	93	111	117	0.0926694	0	0.227907	2
429	583	117	579	112	111	112	0.0401107	0	0.272093	2
430	392	188	366	191	111	121	0.0484094	0	0.437209	2
431	495	174	493	172	111	112	0.00829876	0	0.404651	2
432	707	378	695	374	111	113	0.0387275	0	0.87907	2
433	427	137	425	134	112	114	0.0152144	0	0.318605	2
434	405	123	405	122	112	113	0.00138313	0	0.286047	1
435	427	147	424	144	112	114	0.0165975	0	0.34186	2
436	709	328	703	329	112	113	0.00968188	0	0.762791	2
437	527	125	527	123	112	113	0.0055325	0	0.290698	1
438	450	116	443	112	112	116	0.0318119	0	0.269767	2
439	384	202	361	203	112	119	0.033195	0	0.469767	2
440	567	143	571	141	112	113	0.011065	0	0.332558	1
441	479	108	475	106	112	113	0.011065	0	0.251163	2
442	417	158	416	158	112	113	0.00138313	0	0.367442	2
443	258	187	257	194	112	113	0.0691563	0	0.434884	2
444	202	145	199	146	112	114	0.0055325	0	0.337209	2
445	557	139	565	135	112	114	0.033195	0	0.323256	1
446	382	108	382	108	112	113	0	0	0.251163	1
447	519	139	520	137	112	113	0.00691563	0	0.323256	1
448	348	102	348	97	112	113	0.0345781	0	0.237209	1
449	601	135	597	133	112	113	0.011065	0	0.313953	2
450	714	340	707	340	112	113	0.00968188	0	0.790698	2
451	479	118	475	116	113	114	0.011065	0	0.274419	2
452	685	366	663	369	113	116	0.0428769	0	0.851163	2
453	407	202	405	198	113	114	0.0248963	0	0.469767	2
454	529	107	529	108	113	114	0.00138313	0	0.248837	1
455	392	206	384	207	113	115	0.0124481	0	0.47907	2
456	427	181	426	178	113	114	0.0138313	0	0.42093	2
457	365	197	363	198	113	114	0.00414938	0	0.45814	2
458	212	163	208	158	113	115	0.0401107	0	0.37907	2
459	564	185	568	187	113	114	0.011065	0	0.430233	1
460	577	115	573	110	113	114	0.0401107	0	0.267442	2
461	306	168	304	164	113	114	0.0248963	0	0.390698	2
462	531	138	532	137	113	114	0.00276625	0	0.32093	1
463	519	107	514	108	113	117	0.00829876	0	0.248837	2
464	338	275	326	283	113	116	0.105118	0	0.639535	2
465	294	325	286	326	113	114	0.0124481	0	0.755814	2
466	361	162	359	159	113	114	0.0152144	0	0.376744	2
467	494	136	476	133	113	116	0.0373444	0	0.316279	2
468	363	108	355	106	114	118	0.0165975	0	0.251163	2
469	472	103	467	100	114	115	0.0193638	0	0.239535	2
470	313	268	309	270	114	115	0.011065	0	0.623256	2
471	366	173	363	169	114	116	0.0262794	0	0.402326	2
472	553	197	561	196	114	115	0.0124481	0	0.45814	1
473	392	113	393	112	114	115	0.00276625	0	0.262791	1
474	579	130	583	130	114	115	0.0055325	0	0.302326	1
475	404	121	404	117	114	116	0.02213	0	0.281395	1
476	382	108	381	108	114	115	0.00138313	0	0.251163	2
477	480	153	474	150	114	115	0.0207469	0	0.355814	2
478	363	94	355	90	114	119	0.033195	0	0.218605	2
479	349	99	347	93	114	117	0.0525588	0	0.230233	2
480	667	344	631	358	114	119	0.320885	0	0.8	2
481	575	141	577	139	114	115	0.00829876	0	0.327907	1
482	471	129	468	127	114	115	0.00968188	0	0.3	2
483	382	158	380	157	114	116	0.00414938	0	0.367442	2
484	199	158	196	157	114	116	0.0055325	0	0.367442	2
485	354	123	353	119	114	115	0.0235131	0	0.286047	2
486	210	137	204	137	114	117	0.00829876	0	0.318605	2
487	414	123	410	121	114	116	0.011065	0	0.286047	2
488	451	138	443	135	114	117	0.0235131	0	0.32093	2
489	393	144	391	144	115	116	0.00276625	0	0.334884	2
490	234	189	226	188	115	116	0.0124481	0	0.439535	2
491	570	108	564	107	115	116	0.00968188	0	0.251163	2
492	529	110	525	112	115	117	0.011065	0	0.255814	2
493	532	198	540	195	115	116	0.0235131	0	0.460465	1
494	485	173	483	172	115	116	0.00414938	0	0.402326	2
495	226	176	215	172	115	117	0.0373444	0	0.409302	2
496	534	136	536	135	115	116	0.00414938	0	0.316279	1
497	198	146	195	146	115	116	0.00414938	0	0.339535	2
498	369	190	361	193	115	118	0.0235131	0	0.44186	2
499	617	422	603	427	115	116	0.0539419	0	0.981395	2
500	576	72	551	76	115	118	0.0567082	0	0.167442	2
501	687	332	648	343	115	124	0.2213	0	0.772093	2
502	692	342	660	354	115	120	0.24343	0	0.795349	2
503	244	190	233	193	115	118	0.0276625	0	0.44186	2
504	400	102	396	105	115	119	0.0179806	0	0.237209	2
505	285	325	273	330	115	118	0.0511757	0	0.755814	2
506	588	148	591	148	115	116	0.00414938	0	0.344186	1
507	187	131	185	133	115	117	0.00829876	0	0.304651	2
508	398	134	396	133	115	116	0.00414938	0	0.311628	2
509	420	130	410	131	116	118	0.0152144	0	0.302326	2
510	571	196	580	194	116	117	0.0179806	0	0.455814	1
511	587	134	590	136	116	117	0.00968188	0	0.311628	1
512	310	274	308	276	116	117	0.00829876	0	0.637209	2
513	465	101	459	101	116	117	0.00829876	0	0.234884	2
514	214	153	207	153	116	118	0.00968188	0	0.355814	2
515	361	201	354	203	116	118	0.0152144	0	0.467442	2
516	305	159	305	157	116	117	0.0055325	0	0.369767	1
517	371	107	365	108	116	118	0.00968188	0	0.248837	2
518	394	229	383	230	116	119	0.0165975	0	0.532558	2
519	403	193	398	195	116	118	0.0124481	0	0.448837	2
520	374	97	369	99	116	118	0.0124481	0	0.225581	2
521	682	354	664	363	116	118	0.136929	0	0.823256	2
522	187	169	184	169	116	117	0.00414938	0	0.393023	2
523	512	131	507	134	116	118	0.0193638	0	0.304651	2
524	547	163	550	163	116	119	0.00414938	0	0.37907	1
525	482	174	481	174	117	119	0.00138313	0	0.404651	2
526	226	200	220	201	117	118	0.00968188	0	0.465116	2
527	400	128	393	126	117	119	0.0152144	0	0.297674	2
528	558	108	540	112	117	119	0.0470263	0	0.251163	2
529	540	136	540	135	117	118	0.00138313	0	0.316279	1
530	381	112	379	114	117	118	0.00829876	0	0.260465	2
531	366	171	368	173	117	118	0.00829876	0	0.397674	1
532	382	208	376	207	117	118	0.00968188	0	0.483721	2
533	226	213	220	214	117	118	0.00968188	0	0.495349	2
534	402	116	396	114	117	119	0.0138313	0	0.269767	2
535	192	146	187	146	117	118	0.00691563	0	0.339535	2
536	324	287	321	288	117	118	0.0055325	0	0.667442	2
537	390	174	384	174	117	118	0.00829876	0	0.404651	2
538	376	183	371	183	117	119	0.00691563	0	0.425581	2
539	445	120	439	123	117	118	0.0207469	0	0.27907	2
540	553	98	543	100	117	118	0.0193638	0	0.227907	2
541	599	430	572	431	117	123	0.0387275	0	1	2
542	455	91	425	92	117	123	0.0428769	0	0.211628	2
543	586	153	598	142	117	122	0.183956	0	0.355814	1
544	327	145	328	147	117	119	0.00691563	0	0.337209	1
545	484	114	433	119	117	125	0.105118	0	0.265116	2
546	519	201	512	203	117	119	0.0152144	0	0.467442	2
547	537	146	540	146	117	118	0.00414938	0	0.339535	1
548	592	138	594	136	118	119	0.00829876	0	0.32093	1
549	452	102	442	100	118	120	0.0193638	0	0.237209	2
550	187	131	177	132	118	124	0.0152144	0	0.304651	2
551	422	133	387	143	118	124	0.186722	0	0.309302	2
552	452	125	446	124	118	119	0.00968188	0	0.290698	2
553	453	137	448	136	118	119	0.00829876	0	0.318605	2
554	449	112	444	111	118	119	0.00829876	0	0.260465	2
555	438	137	433	137	118	119	0.00691563	0	0.318605	2
556	524	113	521	112	118	119	0.0055325	0	0.262791	2
557	364	252	359	250	118	119	0.0124481	0	0.586047	2
558	512	110	504	108	118	122	0.0165975	0	0.255814	2
559	346	92	343	90	118	119	0.00968188	0	0.213953	2
560	390	138	386	131	118	120	0.0733057	0	0.32093	2
561	452	152	448	151	118	119	0.00691563	0	0.353488	2
562	400	148	395	148	118	119	0.00691563	0	0.344186	2
563	346	116	343	112	118	120	0.0262794	0	0.269767	2
564	341	172	332	171	118	121	0.0138313	0	0.4	2
565	536	75	515	74	118	121	0.0304288	0	0.174419	2
566	646	387	639	384	119	120	0.02213	0	0.9	2
567	407	130	403	129	119	120	0.00691563	0	0.302326	2
568	436	125	432	127	119	120	0.011065	0	0.290698	2
569	351	104	345	99	119	122	0.0428769	0	0.24186	2
570	363	108	359	103	119	122	0.0401107	0	0.251163	2
571	563	198	571	202	119	125	0.033195	0	0.460465	1
572	369	218	365	220	119	121	0.011065	0	0.506977	2
573	659	406	622	423	119	125	0.450899	0	0.944186	2
574	378	114	378	114	119	120	0	0	0.265116	1
575	214	214	207	212	119	120	0.0152144	0	0.497674	2
576	206	194	204	192	119	120	0.00829876	0	0.451163	2
577	372	207	370	204	119	120	0.0152144	0	0.481395	2
578	227	195	220	197	119	121	0.0152144	0	0.453488	2
579	272	330	277	330	119	120	0.00691563	0	0.767442	1
580	656	365	653	365	119	120	0.00414938	0	0.848837	2
581	310	271	318	275	119	125	0.033195	0	0.630233	1
582	355	80	332	84	119	125	0.0539419	0	0.186047	2
583	612	382	606	387	119	123	0.0428769	0	0.888372	2
584	366	98	363	95	119	120	0.0165975	0	0.227907	2
585	394	196	389	199	119	120	0.0193638	0	0.455814	2
586	187	146	186	145	119	121	0.00276625	0	0.339535	2
587	382	200	381	197	119	120	0.0138313	0	0.465116	2
588	543	80	496	76	119	125	0.0871369	0	0.186047	2
589	294	342	286	341	119	121	0.0124481	0	0.795349	2
590	203	150	201	149	120	121	0.00414938	0	0.348837	2
591	485	175	492	179	120	122	0.0318119	0	0.406977	1
592	199	133	199	132	120	122	0.00138313	0	0.309302	1
593	549	129	553	128	120	121	0.00691563	0	0.3	1
594	444	126	442	126	120	121	0.00276625	0	0.293023	2
595	416	180	397	188	120	125	0.114799	0	0.418605	2
596	598	182	603	181	120	121	0.00829876	0	0.423256	1
597	183	211	183	209	120	121	0.0055325	0	0.490698	1
598	206	166	201	166	120	122	0.00691563	0	0.386047	2
599	631	361	630	361	120	121	0.00138313	0	0.839535	2
600	306	343	290	344	120	123	0.0235131	0	0.797674	2
601	509	189	503	188	120	122	0.00968188	0	0.439535	2
602	217	158	195	165	120	125	0.0982019	0	0.367442	2
603	596	133	599	131	120	121	0.00968188	0	0.309302	1
604	310	151	316	148	120	122	0.0207469	0	0.351163	1
605	360	250	347	253	120	123	0.0304288	0	0.581395	2
606	504	133	498	134	120	123	0.00968188	0	0.309302	2
607	518	110	509	111	120	123	0.0138313	0	0.255814	2
608	446	151	445	151	120	121	0.00138313	0	0.351163	2
609	432	137	429	138	120	121	0.0055325	0	0.318605	2
610	524	91	522	90	120	121	0.00414938	0	0.211628	2
611	407	207	386	213	120	125	0.0788382	0	0.481395	2
612	642	352	641	351	120	121	0.00276625	0	0.818605	2
613	390	111	390	110	120	121	0.00138313	0	0.25814	1
614	382	234	359	247	120	124	0.26556	0	0.544186	2
615	215	222	197	223	120	122	0.0262794	0	0.516279	2
616	325	317	337	314	120	121	0.0290456	0	0.737209	1
617	523	137	520	136	120	121	0.0055325	0	0.318605	2
618	610	405	604	406	120	122	0.00968188	0	0.94186	2
619	177	171	179	171	120	121	0.00276625	0	0.397674	1
620	371	181	371	179	120	121	0.0055325	0	0.42093	1
621	345	90	338	91	120	123	0.011065	0	0.209302	2
622	399	132	395	134	121	122	0.011065	0	0.306977	2
623	439	101	435	101	121	122	0.0055325	0	0.234884	2
624	390	121	388	119	121	122	0.00829876	0	0.281395	2
625	639	375	638	375	121	122	0.00138313	0	0.872093	2
626	430	128	426	129	121	122	0.00691563	0	0.297674	2
627	377	103	374	102	121	122	0.0055325	0	0.239535	2
628	373	168	370	168	121	122	0.00414938	0	0.390698	2
629	202	210	194	210	121	122	0.011065	0	0.488372	2
630	515	119	512	118	121	122	0.0055325	0	0.276744	2
631	343	236	344	237	121	123	0.00276625	0	0.548837	1
632	636	409	629	413	121	123	0.0318119	0	0.951163	2
633	201	120	187	126	121	125	0.0691563	0	0.27907	2
634	464	128	434	132	121	125	0.0636238	0	0.297674	2
635	572	124	568	127	121	125	0.0179806	0	0.288372	2
636	620	211	623	216	122	123	0.0387275	0	0.490698	1
637	441	128	437	131	122	123	0.0179806	0	0.297674	2
638	527	87	519	87	122	123	0.011065	0	0.202326	2
639	607	183	603	190	122	125	0.0733057	0	0.425581	2
640	335	171	322	175	122	125	0.0401107	0	0.397674	2
641	216	201	194	209	122	124	0.118949	0	0.467442	2
642	359	202	355	203	122	123	0.00691563	0	0.469767	2
643	186	146	183	148	122	123	0.00968188	0	0.339535	2
644	206	183	196	183	122	124	0.0138313	0	0.425581	2
645	346	311	343	313	122	125	0.00968188	0	0.723256	2
646	385	104	372	106	122	125	0.0235131	0	0.24186	2
647	183	206	181	206	122	123	0.00276625	0	0.47907	2
648	384	202	378	204	122	123	0.0138313	0	0.469767	2
649	553	143	557	145	122	123	0.011065	0	0.332558	1
650	509	79	490	80	122	124	0.0276625	0	0.183721	2
651	368	91	358	93	122	124	0.0193638	0	0.211628	2
652	412	157	398	162	122	124	0.0539419	0	0.365116	2
653	443	139	438	142	122	123	0.0193638	0	0.323256	2
654	425	113	421	115	122	123	0.011065	0	0.262791	2
655	602	128	595	131	122	125	0.02213	0	0.297674	2
656	363	252	339	257	122	125	0.0677732	0	0.586047	2
657	196	136	184	140	123	125	0.0387275	0	0.316279	2
658	494	183	489	186	123	124	0.0193638	0	0.425581	2
659	356	104	339	105	123	125	0.0248963	0	0.24186	2
660	429	102	420	103	123	124	0.0138313	0	0.237209	2
661	386	120	377	121	123	124	0.0138313	0	0.27907	2
662	342	101	325	103	123	125	0.0290456	0	0.234884	2
663	824	306	791	312	123	125	0.0954357	0	0.711628	2
664	559	135	554	139	123	125	0.0290456	0	0.313953	2
665	216	197	212	190	123	125	0.0733057	0	0.45814	2
666	197	168	189	170	123	124	0.0165975	0	0.390698	2
667	648	362	642	362	123	124	0.00829876	0	0.84186	2
668	330	290	331	292	123	124	0.00691563	0	0.674419	1
669	499	110	491	112	123	124	0.0165975	0	0.255814	2
670	372	103	367	104	123	124	0.00829876	0	0.239535	2
671	412	144	402	146	123	124	0.0193638	0	0.334884	2
672	372	115	366	116	123	124	0.00968188	0	0.267442	2
673	314	336	322	329	123	125	0.0788382	0	0.781395	1
674	823	384	803	385	123	124	0.0290456	0	0.893023	2
675	575	147	571	148	123	124	0.00691563	0	0.34186	2
676	357	114	349	115	123	124	0.0124481	0	0.265116	2
677	432	117	426	119	123	124	0.0138313	0	0.272093	2
678	597	150	596	151	123	124	0.00276625	0	0.348837	2
679	345	145	339	145	123	124	0.00829876	0	0.337209	2
680	402	121	383	125	123	125	0.0484094	0	0.281395	2
681	361	187	354	189	124	125	0.0152144	0	0.434884	2
682	798	409	787	409	124	125	0.0152144	0	0.951163	2
683	505	87	494	88	124	125	0.0165975	0	0.202326	2
684	606	142	603	142	124	125	0.00414938	0	0.330233	2
685	432	134	425	134	124	125	0.00968188	0	0.311628	2
686	618	219	608	219	124	125	0.0138313	0	0.509302	2
687	489	136	482	137	124	125	0.011065	0	0.316279	2
688	413	139	402	139	124	125	0.0152144	0	0.323256	2
689	189	151	181	153	124	125	0.0165975	0	0.351163	2
690	548	136	544	137	124	125	0.00691563	0	0.316279	2
691	557	149	554	150	124	125	0.0055325	0	0.346512	2
692	178	151	173	153	124	125	0.0124481	0	0.351163	2
693	323	149	316	150	124	125	0.011065	0	0.346512	2
694	338	255	329	256	124	125	0.0138313	0	0.593023	2
695	498	122	489	123	124	125	0.0138313	0	0.283721	2
696	586	150	583	151	124	125	0.0055325	0	0.348837	2
697	417	93	408	93	124	125	0.0124481	0	0.216279	2
698	602	161	599	163	124	125	0.00968188	0	0.374419	2