
0	614	377	600	384	42	60	0.0918367	0	0.828571	2
1	557	386	560	381	42	57	0.0408163	0	0.848352	1
2	290	207	293	204	42	43	0.0174927	0	0.454945	1
3	776	134	782	134	42	43	0.00874636	0	0.294505	1
4	160	349	160	343	42	54	0.0524781	0	0.767033	1
5	318	196	373	195	42	57	0.0816327	0	0.430769	1
6	567	216	561	215	42	45	0.0102041	0	0.474725	2
7	413	221	426	216	43	45	0.0553936	0	0.485714	1
8	813	151	815	150	43	46	0.00437318	0	0.331868	1
9	618	199	619	198	43	44	0.00291545	0	0.437363	1
10	680	208	664	198	43	48	0.169096	0	0.457143	2
11	521	275	521	275	43	44	0	0	0.604396	1
12	195	351	154	352	43	68	0.0612245	0	0.771429	2
13	690	207	671	197	43	49	0.173469	0	0.454945	2
14	586	307	586	302	43	49	0.0364431	0	0.674725	1
15	426	141	426	139	43	44	0.0058309	0	0.30989	1
16	704	256	696	254	43	50	0.0174927	0	0.562637	2
17	689	235	689	235	43	44	0	0	0.516484	1
18	824	452	812	454	43	57	0.0233236	0	0.993407	2
19	216	238	203	234	43	47	0.0422741	0	0.523077	2
20	393	226	401	222	44	45	0.0349854	0	0.496703	1
21	516	192	518	188	44	45	0.0262391	0	0.421978	1
22	774	127	785	122	44	46	0.0524781	0	0.279121	1
23	241	207	245	205	44	48	0.0116618	0	0.454945	1
24	590	227	596	217	44	46	0.154519	0	0.498901	1
25	681	245	684	241	44	45	0.0276968	0	0.538462	1
26	554	193	550	191	44	45	0.0116618	0	0.424176	2
27	784	167	788	167	44	45	0.0058309	0	0.367033	1
28	244	85	242	85	44	47	0.00291545	0	0.186813	2
29	375	237	377	241	45	48	0.0262391	0	0.520879	1
30	428	139	426	138	45	46	0.00437318	0	0.305495	2
31	622	196	621	194	45	46	0.00728863	0	0.430769	2
32	526	273	529	268	45	46	0.0408163	0	0.6	1
33	654	148	652	145	45	46	0.016035	0	0.325275	2
34	197	273	196	270	45	51	0.0145773	0	0.6	2
35	74	223	65	231	45	60	0.106414	0	0.49011	2
36	491	181	481	177	45	47	0.0379009	0	0.397802	2
37	660	204	648	194	45	48	0.163265	0	0.448352	2
38	347	170	349	166	45	47	0.0262391	0	0.373626	1
39	610	189	609	187	45	46	0.00728863	0	0.415385	2
40	431	181	445	175	45	49	0.0728863	0	0.397802	1
41	235	194	238	196	45	51	0.0102041	0	0.426374	1
42	217	223	245	225	45	59	0.0466472	0	0.49011	1
43	787	319	746	319	45	80	0.0597668	0	0.701099	2
44	670	215	657	206	45	48	0.137026	0	0.472527	2
45	158	286	162	284	45	54	0.0116618	0	0.628571	1
46	320	425	283	426	45	80	0.0553936	0	0.934066	2
47	604	347	598	344	45	51	0.0218659	0	0.762637	2
48	563	338	557	337	45	52	0.0102041	0	0.742857	2
49	536	179	529	178	46	47	0.0116618	0	0.393407	2
50	519	184	517	182	46	47	0.00874636	0	0.404396	2
51	549	147	548	144	46	47	0.0145773	0	0.323077	2
52	384	201	387	199	46	47	0.0102041	0	0.441758	1
53	368	217	373	217	46	49	0.00728863	0	0.476923	1
54	536	159	530	159	46	47	0.00874636	0	0.349451	2
55	694	212	683	212	46	48	0.016035	0	0.465934	2
56	795	150	795	151	46	47	0.00145773	0	0.32967	1
57	810	152	804	157	47	48	0.0451895	0	0.334066	2
58	618	196	614	197	47	48	0.00728863	0	0.430769	2
59	419	139	413	140	47	48	0.0102041	0	0.305495	2
60	522	144	521	143	47	48	0.00291545	0	0.316484	2
61	649	149	643	151	47	48	0.0145773	0	0.327473	2
62	237	243	235	242	47	48	0.00437318	0	0.534066	2
63	304	192	321	192	47	51	0.0247813	0	0.421978	1
64	827	418	782	416	47	69	0.0714286	0	0.918681	2
65	583	261	602	244	47	54	0.44898	0	0.573626	1
66	470	153	467	153	47	48	0.00437318	0	0.336264	2
67	633	142	626	142	47	49	0.0102041	0	0.312088	2
68	791	120	802	123	47	50	0.0291545	0	0.263736	1
69	439	209	443	212	48	50	0.0189504	0	0.459341	1
70	516	180	515	176	48	49	0.0247813	0	0.395604	2
71	599	213	600	208	48	51	0.0379009	0	0.468132	1
72	538	157	538	155	48	49	0.0058309	0	0.345055	1
73	234	228	247	227	48	53	0.0204082	0	0.501099	1
74	549	214	550	211	48	49	0.0145773	0	0.47033	1
75	351	165	359	162	48	50	0.0247813	0	0.362637	1
76	549	142	549	138	48	49	0.0233236	0	0.312088	1
77	434	189	437	187	48	49	0.0102041	0	0.415385	1
78	568	329	566	329	48	50	0.00291545	0	0.723077	2
79	200	236	200	234	48	51	0.0058309	0	0.518681	1
80	350	151	383	141	48	55	0.193878	0	0.331868	1
81	377	243	380	243	49	52	0.00437318	0	0.534066	1
82	251	213	272	204	49	53	0.148688	0	0.468132	1
83	653	197	651	194	49	50	0.016035	0	0.432967	2
84	238	87	231	83	49	53	0.0335277	0	0.191209	2
85	399	205	405	202	49	50	0.0218659	0	0.450549	1
86	522	142	526	141	49	52	0.00728863	0	0.312088	1
87	246	184	255	183	49	53	0.0145773	0	0.404396	1
88	434	235	435	233	49	55	0.00728863	0	0.516484	1
89	574	206	574	204	49	50	0.0058309	0	0.452747	1
90	797	174	800	176	49	51	0.0102041	0	0.382418	1
91	388	200	414	194	49	53	0.090379	0	0.43956	1
92	464	402	431	402	49	80	0.048105	0	0.883516	2
93	420	142	418	142	49	50	0.00291545	0	0.312088	2
94	502	186	515	174	49	57	0.228863	0	0.408791	1
95	168	319	175	313	49	56	0.0626822	0	0.701099	1
96	442	405	409	405	49	80	0.048105	0	0.89011	2
97	187	338	135	342	49	65	0.0991254	0	0.742857	2
98	504	232	509	230	50	51	0.0131195	0	0.50989	1
99	632	155	625	155	50	51	0.0102041	0	0.340659	2
100	535	157	536	156	50	51	0.00291545	0	0.345055	1
101	408	143	408	142	50	51	0.00145773	0	0.314286	1
102	664	200	657	194	50	52	0.0626822	0	0.43956	2
103	239	98	233	92	50	53	0.0612245	0	0.215385	2
104	497	160	482	159	50	53	0.0233236	0	0.351648	2
105	466	173	463	171	50	51	0.0102041	0	0.38022	2
106	551	209	554	206	50	54	0.0174927	0	0.459341	1
107	405	214	411	212	50	51	0.0145773	0	0.47033	1
108	401	133	396	133	50	54	0.00728863	0	0.292308	2
109	237	138	236	135	50	53	0.0145773	0	0.303297	2
110	641	187	633	178	50	53	0.129738	0	0.410989	2
111	623	144	619	143	50	51	0.00728863	0	0.316484	2
112	550	137	550	135	50	51	0.0058309	0	0.301099	1
113	445	212	446	209	51	55	0.0145773	0	0.465934	1
114	650	193	643	186	51	53	0.0816327	0	0.424176	2
115	515	171	523	172	51	61	0.0131195	0	0.375824	1
116	233	105	228	102	51	53	0.0204082	0	0.230769	2
117	675	204	631	203	51	59	0.0655977	0	0.448352	2
118	583	204	584	204	51	54	0.00145773	0	0.448352	1
119	223	101	221	99	51	52	0.00874636	0	0.221978	2
120	366	161	377	157	51	53	0.0393586	0	0.353846	1
121	448	177	446	172	51	53	0.0393586	0	0.389011	2
122	633	451	632	454	51	58	0.0145773	0	0.991209	2
123	451	167	449	160	51	53	0.074344	0	0.367033	2
124	586	314	597	313	51	61	0.0174927	0	0.69011	1
125	553	189	556	189	51	55	0.00437318	0	0.415385	1
126	806	148	811	143	52	53	0.0437318	0	0.325275	1
127	589	300	608	291	52	59	0.145773	0	0.659341	1
128	538	156	539	155	52	53	0.00291545	0	0.342857	1
129	408	142	405	141	52	53	0.0058309	0	0.312088	2
130	619	154	604	152	52	55	0.0276968	0	0.338462	2
131	577	300	588	294	52	56	0.0685131	0	0.659341	1
132	687	242	678	237	52	53	0.0495627	0	0.531868	2
133	600	210	600	209	52	53	0.00145773	0	0.461538	1
134	387	192	393	190	52	53	0.0145773	0	0.421978	1
135	197	268	175	260	52	71	0.125364	0	0.589011	2
136	559	304	545	292	52	65	0.230321	0	0.668132	2
137	460	170	458	168	52	53	0.00874636	0	0.373626	2
138	649	171	642	168	52	54	0.0233236	0	0.375824	2
139	619	166	608	163	52	54	0.0291545	0	0.364835	2
140	242	196	252	194	52	55	0.0204082	0	0.430769	1
141	615	142	586	146	52	58	0.0655977	0	0.312088	2
142	189	309	189	305	52	54	0.0233236	0	0.679121	1
143	594	181	593	174	52	54	0.0728863	0	0.397802	2
144	394	228	423	225	52	56	0.0553936	0	0.501099	1
145	555	351	567	351	53	56	0.0174927	0	0.771429	1
146	383	243	388	241	53	54	0.0131195	0	0.534066	1
147	694	244	692	242	53	55	0.00874636	0	0.536264	2
148	110	173	113	170	53	54	0.0174927	0	0.38022	1
149	530	141	533	150	53	60	0.122449	0	0.30989	1
150	574	190	573	186	53	54	0.0247813	0	0.417582	2
151	256	212	259	213	53	54	0.0058309	0	0.465934	1
152	219	131	197	154	53	61	0.803207	0	0.287912	2
153	401	211	408	209	53	54	0.016035	0	0.463736	1
154	610	199	610	198	53	54	0.00145773	0	0.437363	1
155	417	178	422	176	53	54	0.0131195	0	0.391209	1
156	547	133	551	136	53	59	0.0189504	0	0.292308	1
157	740	25	703	27	53	80	0.0597668	0	0.0549451	2
158	817	143	822	146	54	55	0.0204082	0	0.314286	1
159	282	199	303	184	54	57	0.358601	0	0.437363	1
160	502	222	503	221	54	55	0.00291545	0	0.487912	1
161	588	221	591	227	54	57	0.0568513	0	0.485714	1
162	229	102	231	104	54	55	0.00874636	0	0.224176	1
163	803	170	807	170	54	55	0.0058309	0	0.373626	1
164	382	155	393	156	54	57	0.0174927	0	0.340659	1
165	229	82	228	87	54	56	0.0379009	0	0.18022	2
166	404	143	401	142	54	55	0.0058309	0	0.314286	2
167	260	181	286	184	54	60	0.0510204	0	0.397802	1
168	400	190	420	195	54	58	0.0655977	0	0.417582	1
169	559	336	568	344	54	58	0.106414	0	0.738462	1
170	399	177	404	176	54	55	0.00874636	0	0.389011	1
171	422	193	435	198	54	57	0.0553936	0	0.424176	1
172	235	92	236	93	54	55	0.00291545	0	0.202198	1
173	228	414	195	417	54	80	0.0612245	0	0.90989	2
174	600	209	600	209	54	56	0	0	0.459341	1
175	161	343	160	343	55	56	0.00145773	0	0.753846	2
176	395	241	402	242	55	56	0.0116618	0	0.52967	1
177	280	192	287	188	55	56	0.0335277	0	0.421978	1
178	580	187	579	187	55	56	0.00145773	0	0.410989	2
179	573	266	577	264	55	59	0.0116618	0	0.584615	1
180	554	207	552	210	55	56	0.016035	0	0.454945	2
181	637	181	631	179	55	56	0.0145773	0	0.397802	2
182	577	207	577	209	55	56	0.0058309	0	0.454945	1
183	540	152	543	154	55	58	0.0102041	0	0.334066	1
184	591	199	590	202	55	57	0.0145773	0	0.437363	2
185	263	214	269	225	55	59	0.185131	0	0.47033	1
186	471	161	466	163	55	56	0.0131195	0	0.353846	2
187	595	258	592	263	55	56	0.0408163	0	0.567033	2
188	606	303	615	300	55	59	0.0262391	0	0.665934	1
189	325	203	339	201	55	57	0.0262391	0	0.446154	1
190	116	170	118	192	55	60	0.708455	0	0.373626	1
191	423	174	433	200	55	62	1	0	0.382418	1
192	270	195	271	195	55	57	0.00145773	0	0.428571	1
193	822	136	825	138	55	56	0.0102041	0	0.298901	1
194	386	128	345	145	55	63	0.48105	0	0.281319	2
195	444	160	441	160	55	56	0.00437318	0	0.351648	2
196	162	285	162	292	55	59	0.0714286	0	0.626374	1
197	536	215	540	222	56	59	0.0772595	0	0.472527	1
198	599	154	594	156	56	57	0.0131195	0	0.338462	2
199	257	196	264	198	56	58	0.016035	0	0.430769	1
200	809	174	808	179	56	57	0.0379009	0	0.382418	2
201	690	242	662	233	56	59	0.158892	0	0.531868	2
202	809	442	801	453	56	60	0.188047	0	0.971429	2
203	612	200	611	200	56	57	0.00145773	0	0.43956	2
204	604	252	604	259	56	59	0.0714286	0	0.553846	1
205	119	134	84	142	56	64	0.144315	0	0.294505	2
206	650	235	638	236	56	57	0.0189504	0	0.516484	2
207	207	108	202	114	56	59	0.0597668	0	0.237363	2
208	159	343	157	350	57	60	0.074344	0	0.753846	2
209	411	247	422	248	57	58	0.0174927	0	0.542857	1
210	576	209	576	209	57	58	0	0	0.459341	1
211	592	294	597	293	57	59	0.00874636	0	0.646154	1
212	437	161	435	159	57	58	0.00874636	0	0.353846	2
213	569	352	571	350	57	58	0.00874636	0	0.773626	1
214	623	178	617	178	57	58	0.00874636	0	0.391209	2
215	580	198	580	198	57	58	0	0	0.435165	1
216	293	186	300	182	57	59	0.0335277	0	0.408791	1
217	215	224	234	225	57	59	0.0291545	0	0.492308	1
218	128	142	131	144	57	59	0.0102041	0	0.312088	1
219	586	212	569	225	57	62	0.271137	0	0.465934	2
220	551	212	550	215	57	59	0.0145773	0	0.465934	2
221	459	158	458	158	57	58	0.00145773	0	0.347253	2
222	239	217	249	218	57	58	0.016035	0	0.476923	1
223	267	166	313	173	57	71	0.138484	0	0.364835	1
224	394	229	388	237	58	60	0.102041	0	0.503297	2
225	592	202	584	213	58	61	0.188047	0	0.443956	2
226	307	179	307	178	58	59	0.00145773	0	0.393407	1
227	388	159	374	175	58	62	0.393586	0	0.349451	2
228	628	238	623	240	58	59	0.0131195	0	0.523077	2
229	579	188	578	189	58	59	0.00291545	0	0.413187	2
230	515	174	517	176	58	59	0.00874636	0	0.382418	1
231	456	170	451	174	58	59	0.0306122	0	0.373626	2
232	232	91	233	93	58	59	0.00728863	0	0.2	1
233	468	221	467	226	58	59	0.0379009	0	0.485714	2
234	226	104	225	106	58	59	0.00728863	0	0.228571	2
235	518	187	495	198	58	63	0.209913	0	0.410989	2
236	588	156	583	159	58	59	0.0204082	0	0.342857	2
237	471	182	469	184	58	59	0.00874636	0	0.4	2
238	445	162	443	160	58	59	0.00874636	0	0.356044	2
239	566	371	552	364	59	70	0.0918367	0	0.815385	2
240	432	160	418	168	59	61	0.113703	0	0.351648	2
241	581	200	578	204	59	60	0.0276968	0	0.43956	2
242	386	193	386	198	59	60	0.0364431	0	0.424176	1
243	426	199	423	210	59	61	0.180758	0	0.437363	2
244	362	214	370	226	59	60	0.221574	0	0.47033	1
245	433	150	419	157	59	61	0.0918367	0	0.32967	2
246	580	149	554	162	59	61	0.284257	0	0.327473	2
247	109	150	107	154	59	60	0.0262391	0	0.32967	2
248	259	436	228	431	59	80	0.0816327	0	0.958242	2
249	237	115	203	124	59	63	0.167638	0	0.252747	2
250	207	90	176	87	59	68	0.058309	0	0.197802	2
251	613	298	579	293	60	65	0.0860058	0	0.654945	2
252	133	148	103	152	60	63	0.0670554	0	0.325275	2
253	595	296	591	284	60	69	0.215743	0	0.650549	2
254	413	155	403	159	60	61	0.0379009	0	0.340659	2
255	463	232	454	237	60	61	0.0495627	0	0.50989	2
256	396	156	390	161	60	61	0.0451895	0	0.342857	2
257	576	215	557	220	60	62	0.0641399	0	0.472527	2
258	299	188	282	203	60	62	0.35277	0	0.413187	2
259	464	189	453	196	60	61	0.0874636	0	0.415385	2
260	413	178	402	182	60	61	0.0393586	0	0.391209	2
261	447	210	429	216	60	63	0.0787172	0	0.461538	2
262	576	164	560	171	60	61	0.0947522	0	0.36044	2
263	606	354	579	341	60	65	0.285714	0	0.778022	2
264	203	119	174	125	60	63	0.0947522	0	0.261538	2
265	520	181	488	179	60	64	0.0524781	0	0.397802	2
266	223	110	216	115	60	61	0.0466472	0	0.241758	2
267	263	231	258	235	60	61	0.0306122	0	0.507692	2
268	510	178	504	183	60	61	0.0451895	0	0.391209	2
269	599	269	569	269	60	63	0.0437318	0	0.591209	2
270	587	163	572	169	60	61	0.074344	0	0.358242	2
271	575	193	554	198	60	62	0.0670554	0	0.424176	2
272	547	216	538	222	60	61	0.0655977	0	0.474725	2
273	232	98	212	105	60	62	0.100583	0	0.215385	2
274	550	141	543	146	60	61	0.0466472	0	0.30989	2
275	526	223	519	227	60	61	0.0335277	0	0.49011	2
276	312	423	285	413	60	80	0.185131	0	0.92967	2
277	200	255	194	243	60	80	0.218659	0	0.56044	2
278	821	174	805	175	61	63	0.0247813	0	0.382418	2
279	591	388	577	378	61	63	0.166181	0	0.852747	2
280	150	355	139	355	61	62	0.016035	0	0.78022	2
281	533	232	523	230	61	62	0.0204082	0	0.50989	2
282	269	233	259	228	61	63	0.0510204	0	0.512088	2
283	379	243	347	234	61	64	0.164723	0	0.534066	2
284	573	210	551	204	61	64	0.0845481	0	0.461538	2
285	820	448	800	431	61	80	0.450437	0	0.984615	2
286	609	256	584	254	61	63	0.0422741	0	0.562637	2
287	434	146	419	147	61	62	0.0233236	0	0.320879	2
288	447	174	431	173	61	62	0.0247813	0	0.382418	2
289	218	152	173	151	61	65	0.0670554	0	0.334066	2
290	525	155	511	157	61	62	0.0262391	0	0.340659	2
291	380	210	371	212	61	62	0.0189504	0	0.461538	2
292	245	243	279	228	61	70	0.377551	0	0.534066	1
293	57	245	24	238	61	64	0.119534	0	0.538462	2
294	395	192	379	192	61	62	0.0233236	0	0.421978	2
295	363	158	304	144	61	80	0.37172	0	0.347253	2
296	330	439	314	424	61	80	0.351312	0	0.964835	2
297	364	407	347	391	61	80	0.397959	0	0.894505	2
298	360	216	343	209	61	64	0.0962099	0	0.474725	2
299	446	186	413	185	61	64	0.0495627	0	0.408791	2
300	436	246	438	234	62	66	0.212828	0	0.540659	1
301	825	173	818	172	62	63	0.0116618	0	0.38022	2
302	424	229	419	226	62	63	0.0204082	0	0.503297	2
303	572	215	561	207	62	64	0.109329	0	0.472527	2
304	275	191	265	183	62	65	0.107872	0	0.41978	2
305	512	175	504	171	62	63	0.0349854	0	0.384615	2
306	491	226	472	214	62	66	0.237609	0	0.496703	2
307	250	236	248	232	62	63	0.0262391	0	0.518681	2
308	376	154	365	151	62	63	0.0291545	0	0.338462	2
309	558	350	544	339	62	65	0.196793	0	0.769231	2
310	272	228	265	222	62	64	0.0626822	0	0.501099	2
311	492	186	484	183	62	63	0.0247813	0	0.408791	2
312	821	202	815	200	62	64	0.0145773	0	0.443956	2
313	399	229	394	226	62	63	0.0204082	0	0.503297	2
314	819	441	822	421	62	70	0.587464	0	0.969231	1
315	585	201	576	195	62	63	0.0655977	0	0.441758	2
316	285	186	295	178	62	67	0.107872	0	0.408791	1
317	524	162	506	160	62	63	0.03207	0	0.356044	2
318	204	115	182	104	62	66	0.208455	0	0.252747	2
319	103	200	113	191	62	70	0.132653	0	0.43956	1
320	517	227	505	226	63	65	0.0189504	0	0.498901	2
321	282	208	276	212	63	64	0.03207	0	0.457143	2
322	420	170	403	162	63	65	0.118076	0	0.373626	2
323	550	217	546	213	63	64	0.0291545	0	0.476923	2
324	389	168	377	164	63	64	0.0408163	0	0.369231	2
325	428	197	452	178	63	70	0.561224	0	0.432967	1
326	562	221	558	217	63	64	0.0291545	0	0.485714	2
327	550	270	550	253	63	68	0.421283	0	0.593407	1
328	528	149	562	149	63	72	0.0495627	0	0.327473	1
329	189	166	184	155	63	68	0.183673	0	0.364835	2
330	827	160	824	153	63	65	0.0758017	0	0.351648	2
331	174	151	168	146	63	64	0.0451895	0	0.331868	2
332	821	334	823	321	63	71	0.249271	0	0.734066	1
333	355	147	334	137	63	76	0.176385	0	0.323077	2
334	394	267	399	249	63	67	0.479592	0	0.586813	1
335	819	438	819	431	64	66	0.0714286	0	0.962637	1
336	383	217	378	208	64	68	0.125364	0	0.476923	2
337	814	173	812	172	64	65	0.00437318	0	0.38022	2
338	543	191	540	189	64	65	0.0102041	0	0.41978	2
339	820	455	820	449	64	66	0.0524781	0	1	1
340	510	166	499	159	64	65	0.0874636	0	0.364835	2
341	425	211	444	197	64	68	0.313411	0	0.463736	1
342	358	148	353	143	64	71	0.0437318	0	0.325275	2
343	545	276	578	271	64	73	0.0845481	0	0.606593	1
344	196	123	188	121	64	65	0.0174927	0	0.27033	2
345	258	232	264	226	64	65	0.0612245	0	0.50989	1
346	195	95	222	87	64	80	0.132653	0	0.208791	1
347	793	156	795	149	64	66	0.074344	0	0.342857	1
348	557	172	550	163	64	67	0.12828	0	0.378022	2
349	400	169	392	167	64	67	0.0174927	0	0.371429	2
350	490	194	496	188	64	67	0.0612245	0	0.426374	1
351	534	204	531	200	64	65	0.0276968	0	0.448352	2
352	544	173	537	169	64	65	0.0335277	0	0.38022	2
353	579	367	588	364	65	66	0.0262391	0	0.806593	1
354	551	204	556	202	65	66	0.0131195	0	0.448352	1
355	558	219	570	214	65	67	0.0539359	0	0.481319	1
356	561	205	565	203	65	66	0.0116618	0	0.450549	1
357	406	204	440	196	65	71	0.142857	0	0.448352	1
358	813	194	826	193	65	67	0.0204082	0	0.426374	1
359	91	146	115	145	65	69	0.0364431	0	0.320879	1
360	356	229	349	230	65	71	0.0116618	0	0.503297	2
361	368	170	363	167	65	66	0.0204082	0	0.373626	2
362	81	138	115	140	65	73	0.0553936	0	0.303297	1
363	823	412	826	409	65	66	0.0174927	0	0.905495	1
364	368	180	365	177	65	66	0.0174927	0	0.395604	2
365	508	138	578	155	65	80	0.523324	0	0.303297	1
366	585	293	604	289	66	68	0.0510204	0	0.643956	1
367	135	341	141	338	66	67	0.0218659	0	0.749451	1
368	277	219	312	217	66	69	0.0568513	0	0.481319	1
369	547	343	559	342	66	68	0.0189504	0	0.753846	1
370	792	177	806	166	66	68	0.196793	0	0.389011	1
371	399	225	413	218	66	68	0.0918367	0	0.494505	1
372	400	163	401	163	66	67	0.00145773	0	0.358242	1
373	269	186	278	185	66	67	0.0145773	0	0.408791	1
374	374	152	376	151	66	67	0.00437318	0	0.334066	1
375	491	165	491	162	66	67	0.0131195	0	0.362637	1
376	482	178	485	176	66	67	0.0102041	0	0.391209	1
377	393	186	400	183	66	67	0.0233236	0	0.408791	1
378	513	181	511	179	66	67	0.00874636	0	0.397802	2
379	583	455	599	452	66	80	0.0364431	0	1	1
380	272	208	293	203	66	68	0.0670554	0	0.457143	1
381	236	239	249	233	66	68	0.0714286	0	0.525275	1
382	579	254	587	252	66	67	0.0174927	0	0.558242	1
383	353	159	357	158	66	68	0.00728863	0	0.349451	1
384	447	233	458	229	67	69	0.0393586	0	0.512088	1
385	303	198	328	192	67	70	0.0889213	0	0.435165	1
386	367	166	368	166	67	68	0.00145773	0	0.364835	1
387	558	289	611	276	67	73	0.323615	0	0.635165	1
388	477	213	485	211	67	69	0.0174927	0	0.468132	1
389	351	176	352	175	67	68	0.00291545	0	0.386813	1
390	431	213	437	211	67	68	0.0145773	0	0.468132	1
391	584	285	601	281	67	69	0.048105	0	0.626374	1
392	763	454	768	454	67	70	0.00728863	0	0.997802	1
393	600	331	629	327	67	71	0.0655977	0	0.727473	1
394	534	178	539	179	67	68	0.00874636	0	0.391209	1
395	186	103	190	102	67	68	0.00728863	0	0.226374	1
396	270	226	310	233	67	71	0.129738	0	0.496703	1
397	591	318	619	316	67	71	0.0466472	0	0.698901	1
398	591	264	598	263	67	68	0.0116618	0	0.58022	1
399	409	250	421	253	68	77	0.0306122	0	0.549451	1
400	491	162	492	157	68	70	0.0379009	0	0.356044	1
401	27	225	33	224	68	80	0.0102041	0	0.494505	1
402	148	336	154	332	68	69	0.03207	0	0.738462	1
403	569	208	574	209	68	69	0.00874636	0	0.457143	1
404	400	164	400	164	68	69	0	0	0.36044	1
405	415	150	417	149	68	70	0.00437318	0	0.32967	1
406	305	180	321	181	68	70	0.0247813	0	0.395604	1
407	408	182	413	181	68	69	0.00874636	0	0.4	1
408	330	219	328	220	68	69	0.00437318	0	0.481319	2
409	481	160	481	155	68	70	0.0364431	0	0.351648	1
410	290	186	306	188	68	70	0.0291545	0	0.408791	1
411	413	201	424	201	68	71	0.016035	0	0.441758	1
412	355	207	351	209	68	69	0.0116618	0	0.454945	2
413	511	180	510	180	68	69	0.00145773	0	0.395604	2
414	500	174	497	175	68	69	0.0058309	0	0.382418	2
415	553	165	556	166	68	69	0.0058309	0	0.362637	1
416	529	190	527	189	68	69	0.00437318	0	0.417582	2
417	324	199	332	196	68	69	0.0247813	0	0.437363	1
418	200	104	202	105	69	71	0.00437318	0	0.228571	1
419	588	295	619	287	69	73	0.138484	0	0.648352	1
420	816	164	826	169	69	71	0.0510204	0	0.36044	1
421	316	234	326	238	69	71	0.0379009	0	0.514286	1
422	543	183	542	185	69	70	0.00728863	0	0.402198	2
423	555	254	557	256	69	70	0.00874636	0	0.558242	1
424	566	342	598	331	69	73	0.223032	0	0.751648	1
425	625	355	622	354	69	70	0.0058309	0	0.78022	2
426	592	259	594	261	69	71	0.00874636	0	0.569231	1
427	614	287	639	284	69	72	0.0495627	0	0.630769	1
428	257	229	280	225	69	71	0.0568513	0	0.503297	1
429	585	215	585	216	69	71	0.00145773	0	0.472527	1
430	371	162	363	171	69	74	0.129738	0	0.356044	2
431	585	203	584	204	69	71	0.00291545	0	0.446154	2
432	420	212	425	212	69	71	0.00728863	0	0.465934	1
433	182	154	185	157	69	70	0.0174927	0	0.338462	1
434	180	86	186	89	69	73	0.0218659	0	0.189011	1
435	492	148	488	147	69	70	0.00728863	0	0.325275	2
436	287	194	294	196	69	70	0.016035	0	0.426374	1
437	356	168	354	171	70	71	0.016035	0	0.369231	2
438	459	227	470	233	70	74	0.0685131	0	0.498901	1
439	508	185	500	188	70	72	0.0247813	0	0.406593	2
440	597	283	677	267	70	80	0.489796	0	0.621978	1
441	117	147	124	150	70	72	0.0233236	0	0.323077	1
442	197	113	202	116	70	72	0.0204082	0	0.248352	1
443	159	330	180	322	70	74	0.123907	0	0.725275	1
444	311	200	322	200	70	71	0.016035	0	0.43956	1
445	574	211	570	195	70	80	0.379009	0	0.463736	2
446	558	169	561	173	70	71	0.0276968	0	0.371429	1
447	397	169	394	169	70	71	0.00437318	0	0.371429	2
448	562	194	561	194	70	71	0.00145773	0	0.426374	2
449	447	210	458	212	70	73	0.0218659	0	0.461538	1
450	510	154	511	154	70	72	0.00145773	0	0.338462	1
451	413	181	415	182	70	71	0.00437318	0	0.397802	1
452	179	114	184	120	70	74	0.0597668	0	0.250549	1
453	494	216	495	214	71	72	0.00728863	0	0.474725	1
454	327	220	340	218	71	73	0.0247813	0	0.483516	1
455	146	343	150	340	71	72	0.0189504	0	0.753846	1
456	491	161	489	158	71	78	0.016035	0	0.353846	2
457	190	162	197	165	71	80	0.0233236	0	0.356044	1
458	543	187	548	184	71	73	0.0204082	0	0.410989	1
459	411	159	409	155	71	73	0.0262391	0	0.349451	2
460	529	154	544	155	71	73	0.0233236	0	0.338462	1
461	417	149	419	148	71	72	0.00437318	0	0.327473	1
462	383	155	383	154	71	72	0.00145773	0	0.340659	1
463	770	455	771	454	71	80	0.00291545	0	1	1
464	361	153	362	154	71	72	0.00291545	0	0.336264	1
465	492	196	489	197	71	72	0.0058309	0	0.430769	2
466	427	152	434	150	71	72	0.016035	0	0.334066	1
467	446	186	454	186	71	72	0.0116618	0	0.408791	1
468	563	258	569	261	71	77	0.0218659	0	0.567033	1
469	393	208	390	207	71	74	0.0058309	0	0.457143	2
470	207	106	208	106	72	73	0.00145773	0	0.232967	1
471	448	197	450	195	72	73	0.00874636	0	0.432967	1
472	422	186	424	184	72	73	0.00874636	0	0.408791	1
473	557	253	555	253	72	74	0.00291545	0	0.556044	2
474	439	187	441	182	72	73	0.0393586	0	0.410989	1
475	578	199	575	184	72	80	0.332362	0	0.437363	2
476	586	216	580	212	72	74	0.03207	0	0.474725	2
477	609	264	607	261	72	73	0.016035	0	0.58022	2
478	358	144	352	142	72	74	0.0145773	0	0.316484	2
479	397	166	394	162	72	73	0.0276968	0	0.364835	2
480	119	193	120	193	72	74	0.00145773	0	0.424176	1
481	193	103	194	104	72	74	0.00291545	0	0.226374	1
482	562	193	560	190	72	73	0.016035	0	0.424176	2
483	188	258	202	263	72	80	0.0568513	0	0.567033	1
484	115	164	115	162	72	73	0.0058309	0	0.36044	1
485	102	155	102	153	72	73	0.0058309	0	0.340659	1
486	339	250	347	246	72	78	0.0349854	0	0.549451	1
487	179	312	209	302	72	80	0.189504	0	0.685714	1
488	134	149	142	153	72	76	0.0349854	0	0.327473	1
489	419	162	413	163	73	75	0.0102041	0	0.356044	2
490	581	344	606	334	73	75	0.182216	0	0.756044	1
491	333	235	333	235	73	74	0	0	0.516484	1
492	618	362	618	364	73	77	0.0058309	0	0.795604	1
493	125	149	140	156	73	79	0.0932945	0	0.327473	1
494	497	189	496	192	73	74	0.0145773	0	0.415385	2
495	437	209	443	206	73	76	0.0218659	0	0.459341	1
496	640	289	645	290	73	74	0.00874636	0	0.635165	1
497	491	171	488	170	73	74	0.0058309	0	0.375824	2
498	329	171	333	171	73	74	0.0058309	0	0.375824	1
499	436	145	441	143	73	75	0.0131195	0	0.318681	1
500	453	185	453	182	73	76	0.0131195	0	0.406593	1
501	512	155	510	156	73	74	0.00437318	0	0.340659	2
502	827	418	826	418	73	74	0.00145773	0	0.918681	2
503	568	149	585	163	73	77	0.310496	0	0.327473	1
504	486	147	485	146	73	74	0.00291545	0	0.323077	2
505	359	153	352	156	73	75	0.0233236	0	0.336264	2
506	150	330	153	325	74	76	0.0408163	0	0.725275	1
507	451	196	451	195	74	75	0.00145773	0	0.430769	1
508	603	359	604	359	74	76	0.00145773	0	0.789011	1
509	443	179	443	175	74	76	0.0233236	0	0.393407	1
510	204	109	205	110	74	75	0.00291545	0	0.23956	1
511	426	184	429	183	74	76	0.0058309	0	0.404396	1
512	475	192	474	187	74	76	0.0379009	0	0.421978	2
513	415	148	413	149	74	75	0.00437318	0	0.325275	2
514	413	180	409	180	74	75	0.0058309	0	0.395604	2
515	592	254	585	250	74	78	0.0335277	0	0.558242	2
516	115	165	123	172	74	77	0.0830904	0	0.362637	1
517	376	151	373	150	74	76	0.0058309	0	0.331868	2
518	606	260	604	256	74	76	0.0262391	0	0.571429	2
519	684	25	684	25	74	80	0	0	0.0549451	1
520	509	199	502	201	74	77	0.016035	0	0.437363	2
521	391	160	390	159	74	75	0.00291545	0	0.351648	2
522	335	190	368	190	74	80	0.048105	0	0.417582	1
523	581	199	579	194	74	78	0.0393586	0	0.437363	2
524	557	210	556	208	74	75	0.00728863	0	0.461538	2
525	472	234	469	227	75	80	0.0758017	0	0.514286	2
526	456	207	458	202	75	77	0.0393586	0	0.454945	1
527	185	323	205	318	75	80	0.0655977	0	0.70989	1
528	357	211	365	210	75	76	0.0131195	0	0.463736	1
529	403	155	402	154	75	76	0.00291545	0	0.340659	2
530	556	255	557	254	75	78	0.00291545	0	0.56044	1
531	349	222	355	221	75	76	0.0102041	0	0.487912	1
532	576	208	580	199	75	80	0.123907	0	0.457143	1
533	510	248	511	249	75	77	0.00291545	0	0.545055	1
534	486	194	486	192	75	76	0.0058309	0	0.426374	1
535	549	185	549	180	75	77	0.0364431	0	0.406593	1
536	520	210	517	211	75	77	0.0058309	0	0.461538	2
537	336	235	346	231	75	77	0.0379009	0	0.516484	1
538	192	338	209	335	75	80	0.0379009	0	0.742857	1
539	467	177	466	174	75	76	0.0145773	0	0.389011	2
540	634	288	675	279	75	80	0.177843	0	0.632967	1
541	125	200	145	197	75	79	0.0422741	0	0.43956	1
542	826	319	826	318	75	76	0.00145773	0	0.701099	1
543	428	143	445	143	75	80	0.0247813	0	0.314286	1
544	662	285	679	277	75	77	0.118076	0	0.626374	1
545	346	144	334	144	75	80	0.0174927	0	0.316484	2
546	175	301	178	299	75	76	0.0102041	0	0.661538	1
547	195	106	205	102	75	80	0.0379009	0	0.232967	1
548	647	277	687	265	75	80	0.268222	0	0.608791	1
549	559	188	560	178	75	79	0.14723	0	0.413187	1
550	509	160	507	164	75	80	0.0262391	0	0.351648	2
551	452	194	445	190	76	80	0.0335277	0	0.426374	2
552	416	159	408	159	76	79	0.0116618	0	0.349451	2
553	635	272	642	268	76	77	0.0335277	0	0.597802	1
554	334	222	327	222	76	77	0.0102041	0	0.487912	2
555	209	110	210	109	76	77	0.00291545	0	0.241758	1
556	351	158	348	160	76	77	0.0102041	0	0.347253	2
557	407	179	401	180	76	78	0.0102041	0	0.393407	2
558	413	148	410	148	76	77	0.00437318	0	0.325275	2
559	406	165	403	165	76	77	0.00437318	0	0.362637	2
560	446	143	453	140	76	79	0.0233236	0	0.314286	1
561	549	211	547	208	76	77	0.016035	0	0.463736	2
562	366	199	370	200	76	77	0.00728863	0	0.437363	1
563	632	339	634	338	76	77	0.00437318	0	0.745055	1
564	566	171	565	168	76	77	0.0145773	0	0.375824	2
565	428	132	441	133	76	80	0.0204082	0	0.29011	1
566	489	202	489	201	76	77	0.00145773	0	0.443956	1
567	155	329	155	331	77	80	0.0058309	0	0.723077	1
568	442	176	439	174	77	78	0.0102041	0	0.386813	2
569	827	319	826	318	77	80	0.00291545	0	0.701099	2
570	429	184	427	183	77	80	0.00437318	0	0.404396	2
571	454	183	448	179	77	80	0.03207	0	0.402198	2
572	388	156	386	154	77	78	0.00874636	0	0.342857	2
573	220	123	226	118	77	80	0.0451895	0	0.27033	1
574	377	230	392	231	77	80	0.0233236	0	0.505495	1
575	120	205	123	208	77	80	0.0174927	0	0.450549	1
576	479	217	476	216	77	78	0.0058309	0	0.476923	2
577	516	239	512	236	77	78	0.0189504	0	0.525275	2
578	378	217	384	214	78	79	0.0218659	0	0.476923	1
579	421	251	424	251	78	80	0.00437318	0	0.551648	1
580	457	210	454	209	78	80	0.0058309	0	0.461538	2
581	511	249	512	248	78	80	0.00291545	0	0.547253	1
582	492	191	490	188	78	79	0.016035	0	0.41978	2
583	549	178	550	173	78	79	0.0379009	0	0.391209	1
584	396	162	393	161	78	79	0.0058309	0	0.356044	2
585	399	152	399	152	78	80	0	0	0.334066	1
586	568	263	570	262	78	80	0.00437318	0	0.578022	1
587	374	200	378	198	78	79	0.0116618	0	0.43956	1
588	416	182	416	183	78	80	0.00145773	0	0.4	1
589	514	211	511	209	78	79	0.0102041	0	0.463736	2
590	211	103	215	101	78	80	0.0116618	0	0.226374	1
591	470	182	468	180	78	80	0.00874636	0	0.4	2
592	686	273	692	269	78	79	0.03207	0	0.6	1
593	409	241	415	243	78	80	0.0145773	0	0.52967	1
594	486	201	484	198	78	79	0.016035	0	0.441758	2
595	554	201	558	193	78	80	0.0991254	0	0.441758	1
596	346	176	342	175	78	79	0.00728863	0	0.386813	2
597	206	162	209	164	78	79	0.0102041	0	0.356044	1
598	476	212	477	213	79	80	0.00291545	0	0.465934	1
599	490	157	491	157	79	80	0.00145773	0	0.345055	1
600	558	253	561	252	79	80	0.0058309	0	0.556044	1
601	331	182	330	183	79	80	0.00291545	0	0.4	2
602	667	345	681	348	79	80	0.0335277	0	0.758242	1
603	438	171	438	170	79	80	0.00145773	0	0.375824	1
604	418	203	420	204	79	80	0.00437318	0	0.446154	1
605	655	263	664	264	79	80	0.0145773	0	0.578022	1
606	448	166	449	166	79	80	0.00145773	0	0.364835	1
607	540	175	543	173	79	80	0.0102041	0	0.384615	1
608	320	174	318	175	79	80	0.00437318	0	0.382418	2
609	381	150	381	150	79	80	0	0	0.32967	1
610	424	171	424	173	79	80	0.0058309	0	0.375824	1