
0	235	77	238	76	82	83	0.0163265	0	0.173815	1
1	482	140	483	139	82	83	0.00816327	0	0.316027	1
2	444	122	445	118	82	83	0.0693878	0	0.275395	1
3	517	150	518	149	82	83	0.00816327	0	0.3386	1
4	472	162	473	161	82	84	0.00816327	0	0.365688	1
5	588	280	599	284	82	85	0.110204	0	0.632054	1
6	505	118	503	116	82	83	0.0244898	0	0.266366	2
7	457	121	458	119	82	83	0.0204082	0	0.273138	1
8	469	147	469	146	82	83	0.00408163	0	0.331828	1
9	571	137	570	137	82	83	0.00408163	0	0.309255	2
10	120	129	122	128	83	84	0.0122449	0	0.291196	1
11	587	104	584	103	83	84	0.0163265	0	0.234763	2
12	466	109	465	108	83	84	0.00816327	0	0.24605	2
13	604	314	607	316	83	84	0.0285714	0	0.708804	1
14	441	101	441	99	83	84	0.0163265	0	0.227991	1
15	487	106	486	105	83	84	0.00816327	0	0.239278	2
16	419	142	422	141	83	84	0.0163265	0	0.320542	1
17	517	117	514	115	83	84	0.0285714	0	0.264108	2
18	225	82	225	82	83	84	0	0	0.185102	1
19	110	126	110	126	83	84	0	0	0.284424	1
20	528	127	526	124	83	84	0.044898	0	0.286682	2
21	514	136	515	134	83	84	0.0204082	0	0.306998	1
22	477	125	478	124	83	84	0.00816327	0	0.282167	1
23	381	104	381	102	83	84	0.0163265	0	0.234763	1
24	451	130	451	129	83	84	0.00408163	0	0.293454	1
25	361	443	357	442	83	120	0.0204082	0	1	2
26	243	75	246	74	84	85	0.0163265	0	0.1693	1
27	393	100	393	99	84	85	0.00408163	0	0.225734	1
28	573	101	570	99	84	85	0.0285714	0	0.227991	2
29	451	92	458	85	84	87	0.228571	0	0.207675	1
30	497	111	494	108	84	85	0.0489796	0	0.250564	2
31	443	117	444	114	84	85	0.0408163	0	0.264108	1
32	399	143	398	139	84	86	0.0693878	0	0.322799	2
33	471	148	470	147	84	86	0.00816327	0	0.334086	2
34	567	156	564	154	84	85	0.0285714	0	0.352144	2
35	579	116	577	115	84	85	0.0122449	0	0.261851	2
36	343	115	345	111	84	86	0.0734694	0	0.259594	1
37	440	86	489	72	84	100	1	0	0.194131	1
38	664	102	661	100	84	85	0.0285714	0	0.230248	2
39	351	97	351	95	84	89	0.0163265	0	0.218962	1
40	287	111	289	110	84	87	0.0122449	0	0.250564	1
41	80	126	81	126	84	106	0.00408163	0	0.284424	1
42	291	130	296	126	84	87	0.0857143	0	0.293454	1
43	658	87	654	83	84	87	0.0816327	0	0.196388	2
44	190	33	187	33	84	120	0.0122449	0	0.0744921	2
45	595	262	604	270	84	87	0.297959	0	0.591422	1
46	582	103	578	101	85	86	0.0326531	0	0.232506	2
47	465	105	463	104	85	86	0.0122449	0	0.23702	2
48	553	146	550	145	85	86	0.0163265	0	0.329571	2
49	611	321	620	324	85	88	0.0734694	0	0.724605	1
50	298	108	297	107	85	86	0.00816327	0	0.243792	2
51	115	129	115	128	85	86	0.00408163	0	0.291196	1
52	546	130	544	129	85	86	0.0122449	0	0.293454	2
53	511	114	508	112	85	86	0.0285714	0	0.257336	2
54	530	126	526	125	85	86	0.0204082	0	0.284424	2
55	595	105	590	103	85	87	0.0367347	0	0.23702	2
56	225	82	222	82	85	120	0.0122449	0	0.185102	2
57	427	139	431	138	85	86	0.0204082	0	0.31377	1
58	337	76	335	76	85	86	0.00816327	0	0.171558	2
59	592	134	593	133	85	88	0.00816327	0	0.302483	1
60	820	365	816	365	85	120	0.0163265	0	0.823928	2
61	544	119	539	116	85	89	0.0571429	0	0.268623	2
62	473	135	475	132	86	88	0.044898	0	0.30474	1
63	249	76	253	75	86	87	0.0204082	0	0.171558	1
64	505	145	508	142	86	88	0.0489796	0	0.327314	1
65	394	97	396	95	86	87	0.0244898	0	0.218962	1
66	568	97	566	94	86	87	0.044898	0	0.218962	2
67	554	135	551	134	86	87	0.0163265	0	0.30474	2
68	445	112	449	109	86	87	0.0530612	0	0.252822	1
69	470	162	474	159	86	87	0.0530612	0	0.365688	1
70	580	111	579	110	86	87	0.00816327	0	0.250564	2
71	492	106	490	103	86	87	0.044898	0	0.239278	2
72	518	114	516	112	86	87	0.0244898	0	0.257336	2
73	603	286	607	289	86	87	0.0530612	0	0.645598	1
74	377	106	380	104	86	87	0.0285714	0	0.239278	1
75	286	142	294	137	86	90	0.134694	0	0.320542	1
76	598	316	610	321	86	89	0.15102	0	0.713318	1
77	444	98	446	96	86	87	0.0244898	0	0.221219	1
78	271	137	270	137	86	87	0.00408163	0	0.309255	2
79	332	60	330	59	86	89	0.0122449	0	0.13544	2
80	234	87	238	86	86	87	0.0204082	0	0.196388	1
81	294	97	300	97	86	91	0.0244898	0	0.218962	1
82	415	135	416	134	86	87	0.00816327	0	0.30474	1
83	439	122	443	120	86	87	0.0326531	0	0.275395	1
84	577	100	574	98	87	88	0.0285714	0	0.225734	2
85	123	126	125	125	87	89	0.0122449	0	0.284424	1
86	443	131	446	128	87	88	0.0489796	0	0.295711	1
87	471	147	471	146	87	88	0.00408163	0	0.331828	1
88	106	42	104	42	87	92	0.00816327	0	0.0948081	2
89	299	106	300	106	87	88	0.00408163	0	0.239278	1
90	466	97	468	95	87	88	0.0244898	0	0.218962	1
91	399	137	397	136	87	93	0.0122449	0	0.309255	2
92	113	125	114	124	87	89	0.00816327	0	0.282167	1
93	347	124	351	122	87	88	0.0326531	0	0.27991	1
94	488	93	490	92	87	88	0.0122449	0	0.209932	1
95	347	110	351	106	87	89	0.0816327	0	0.248307	1
96	552	124	549	122	87	89	0.0285714	0	0.27991	2
97	504	86	528	82	87	96	0.163265	0	0.194131	1
98	663	117	662	116	87	88	0.00816327	0	0.264108	2
99	617	314	620	314	87	88	0.0122449	0	0.708804	1
100	110	94	113	94	87	91	0.0122449	0	0.21219	1
101	562	126	559	125	87	89	0.0163265	0	0.284424	2
102	496	108	493	106	88	89	0.0285714	0	0.243792	2
103	258	75	267	73	88	90	0.0530612	0	0.1693	1
104	655	80	654	79	88	89	0.00816327	0	0.180587	2
105	654	70	648	70	88	91	0.0244898	0	0.158014	2
106	481	112	481	110	88	89	0.0163265	0	0.252822	1
107	330	148	331	148	88	89	0.00408163	0	0.334086	1
108	400	94	402	93	88	89	0.0122449	0	0.21219	1
109	461	85	464	83	88	89	0.0285714	0	0.191874	1
110	269	139	271	137	88	93	0.0244898	0	0.31377	1
111	512	98	512	96	88	89	0.0163265	0	0.221219	1
112	297	122	299	121	88	89	0.0122449	0	0.275395	1
113	418	136	419	135	88	89	0.00816327	0	0.306998	1
114	557	153	556	153	88	89	0.00408163	0	0.345372	2
115	610	293	612	294	88	89	0.0122449	0	0.6614	1
116	492	140	495	138	88	90	0.0285714	0	0.316027	1
117	390	95	392	94	88	89	0.0122449	0	0.214447	1
118	518	113	515	113	88	89	0.0122449	0	0.255079	2
119	341	72	339	71	88	89	0.0122449	0	0.162528	2
120	564	93	549	87	88	94	0.208163	0	0.209932	2
121	507	110	505	109	88	89	0.0122449	0	0.248307	2
122	615	277	618	278	88	91	0.0163265	0	0.625282	1
123	384	105	387	105	88	89	0.0122449	0	0.23702	1
124	90	91	88	90	88	105	0.0122449	0	0.205418	2
125	374	133	375	133	88	94	0.00408163	0	0.300226	1
126	506	162	505	161	88	89	0.00816327	0	0.365688	2
127	389	143	387	143	88	92	0.00816327	0	0.322799	2
128	193	193	192	192	88	91	0.00816327	0	0.435666	2
129	571	96	567	94	89	90	0.0326531	0	0.216704	2
130	471	145	470	143	89	90	0.0204082	0	0.327314	2
131	457	104	456	101	89	90	0.0408163	0	0.234763	2
132	570	131	560	130	89	92	0.044898	0	0.295711	2
133	448	125	446	124	89	90	0.0122449	0	0.282167	2
134	299	107	300	107	89	91	0.00408163	0	0.241535	1
135	354	120	356	116	89	92	0.0734694	0	0.27088	1
136	579	162	573	160	89	93	0.0408163	0	0.365688	2
137	597	274	599	274	89	92	0.00816327	0	0.61851	1
138	282	132	280	131	89	91	0.0122449	0	0.297968	2
139	125	126	125	126	90	93	0	0	0.284424	1
140	611	293	610	292	90	92	0.00816327	0	0.6614	2
141	549	125	545	125	90	91	0.0163265	0	0.282167	2
142	614	327	615	329	90	91	0.0204082	0	0.738149	1
143	200	159	200	159	90	93	0	0	0.358916	1
144	651	80	647	80	90	91	0.0163265	0	0.180587	2
145	514	92	515	92	90	92	0.00408163	0	0.207675	1
146	113	123	113	123	90	96	0	0	0.277652	1
147	609	261	616	266	90	96	0.130612	0	0.589165	1
148	392	184	392	187	90	92	0.0367347	0	0.41535	1
149	615	316	614	321	90	92	0.106122	0	0.713318	2
150	404	93	406	93	90	91	0.00816327	0	0.209932	1
151	482	108	481	107	90	91	0.00816327	0	0.243792	2
152	641	87	635	88	90	93	0.0285714	0	0.196388	2
153	422	131	427	130	90	93	0.0244898	0	0.295711	1
154	339	116	340	115	90	91	0.00816327	0	0.261851	1
155	196	136	197	136	90	94	0.00408163	0	0.306998	1
156	300	122	301	121	90	91	0.00816327	0	0.275395	1
157	657	111	655	112	90	91	0.0122449	0	0.250564	2
158	558	157	555	157	90	92	0.0122449	0	0.354402	2
159	598	284	598	284	90	91	0	0	0.641084	1
160	521	102	521	103	90	92	0.00408163	0	0.230248	1
161	486	164	484	165	90	91	0.0122449	0	0.370203	2
162	411	140	411	139	90	91	0.00408163	0	0.316027	1
163	247	79	242	80	90	119	0.0244898	0	0.17833	2
164	480	82	481	82	90	92	0.00408163	0	0.185102	1
165	466	82	469	83	90	92	0.0163265	0	0.185102	1
166	508	107	504	107	90	91	0.0163265	0	0.241535	2
167	319	429	315	430	90	120	0.0204082	0	0.968397	2
168	783	387	779	388	90	120	0.0204082	0	0.873589	2
169	404	103	404	103	90	91	0	0	0.232506	1
170	189	209	203	207	90	110	0.0734694	0	0.471783	1
171	565	93	562	91	91	92	0.0285714	0	0.209932	2
172	457	101	458	99	91	92	0.0204082	0	0.227991	1
173	271	73	281	73	91	93	0.0408163	0	0.164786	1
174	508	122	509	121	91	92	0.00816327	0	0.275395	1
175	294	140	294	141	91	92	0.00408163	0	0.316027	1
176	519	124	520	123	91	92	0.00816327	0	0.27991	1
177	354	104	359	104	91	93	0.0204082	0	0.234763	1
178	120	107	124	108	91	93	0.0204082	0	0.241535	1
179	618	331	622	337	92	96	0.163265	0	0.747178	1
180	543	125	542	125	92	93	0.00408163	0	0.282167	2
181	647	72	640	80	92	99	0.289796	0	0.162528	2
182	482	99	479	98	92	93	0.0163265	0	0.223476	2
183	302	105	311	104	92	94	0.0408163	0	0.23702	1
184	502	110	499	109	92	94	0.0163265	0	0.248307	2
185	316	75	314	75	92	93	0.00816327	0	0.1693	2
186	406	86	444	82	92	100	0.220408	0	0.194131	1
187	303	95	315	93	92	95	0.0653061	0	0.214447	1
188	659	115	654	118	92	96	0.0571429	0	0.259594	2
189	281	130	291	129	92	94	0.044898	0	0.293454	1
190	414	138	422	136	92	94	0.0489796	0	0.311512	1
191	487	161	488	160	92	93	0.00816327	0	0.363431	1
192	479	124	480	124	92	93	0.00408163	0	0.27991	1
193	591	126	567	123	92	97	0.134694	0	0.284424	2
194	614	294	616	294	93	94	0.00816327	0	0.663657	1
195	521	94	524	93	93	94	0.0163265	0	0.21219	1
196	521	129	523	128	93	94	0.0122449	0	0.291196	1
197	456	97	457	96	93	94	0.00816327	0	0.218962	1
198	556	130	554	129	93	94	0.0122449	0	0.293454	2
199	393	191	395	190	93	95	0.0122449	0	0.431151	1
200	105	43	103	44	93	99	0.0122449	0	0.0970655	2
201	560	92	555	91	93	95	0.0244898	0	0.207675	2
202	522	104	524	104	93	94	0.00816327	0	0.234763	1
203	358	116	360	116	93	94	0.00816327	0	0.261851	1
204	294	141	297	139	93	95	0.0285714	0	0.318284	1
205	645	121	645	120	93	95	0.00408163	0	0.273138	1
206	510	129	513	128	93	95	0.0163265	0	0.291196	1
207	194	189	196	184	93	95	0.110204	0	0.426637	1
208	489	89	495	89	93	97	0.0244898	0	0.200903	1
209	495	120	493	119	93	94	0.0122449	0	0.27088	2
210	307	132	311	132	93	96	0.0163265	0	0.297968	1
211	602	285	605	284	93	94	0.0163265	0	0.643341	1
212	644	109	642	111	93	95	0.0244898	0	0.24605	2
213	541	126	539	124	94	96	0.0244898	0	0.284424	2
214	128	127	127	127	94	96	0.00408163	0	0.286682	2
215	295	77	300	77	94	95	0.0204082	0	0.173815	1
216	490	160	488	159	94	97	0.0122449	0	0.361174	2
217	390	146	390	145	94	95	0.00408163	0	0.329571	1
218	650	100	648	101	94	95	0.0122449	0	0.225734	2
219	573	156	569	157	94	96	0.0204082	0	0.352144	2
220	621	278	618	285	94	101	0.212245	0	0.62754	2
221	607	273	606	277	94	98	0.0693878	0	0.616253	2
222	457	106	456	104	94	95	0.0204082	0	0.239278	2
223	394	134	393	132	94	95	0.0204082	0	0.302483	2
224	184	195	188	195	94	101	0.0163265	0	0.440181	1
225	595	289	592	289	94	98	0.0122449	0	0.65237	2
226	550	139	549	138	94	95	0.00816327	0	0.31377	2
227	527	101	527	101	95	96	0	0	0.227991	1
228	198	139	196	139	95	96	0.00816327	0	0.31377	2
229	529	127	527	126	95	96	0.0122449	0	0.286682	2
230	500	109	496	108	95	96	0.0204082	0	0.24605	2
231	606	284	603	286	95	97	0.0285714	0	0.641084	2
232	363	118	363	119	95	96	0.00408163	0	0.266366	1
233	204	158	202	158	95	97	0.00816327	0	0.356659	2
234	396	101	393	101	95	97	0.0122449	0	0.227991	2
235	419	99	425	98	95	97	0.0285714	0	0.223476	1
236	286	132	292	131	95	96	0.0285714	0	0.297968	1
237	300	112	301	113	95	96	0.00816327	0	0.252822	1
238	120	94	126	95	95	100	0.0285714	0	0.21219	1
239	645	87	642	89	95	96	0.0285714	0	0.196388	2
240	197	194	219	199	95	110	0.191837	0	0.437923	1
241	205	105	200	105	95	116	0.0204082	0	0.23702	2
242	512	123	509	122	96	97	0.0163265	0	0.277652	2
243	298	75	307	73	96	98	0.0530612	0	0.1693	1
244	466	106	461	105	96	97	0.0244898	0	0.239278	2
245	317	97	321	94	96	98	0.0530612	0	0.218962	1
246	390	145	393	139	96	100	0.159184	0	0.327314	1
247	393	190	390	188	96	97	0.0285714	0	0.428894	2
248	297	141	295	140	96	98	0.0122449	0	0.318284	2
249	469	139	467	138	96	97	0.0122449	0	0.31377	2
250	654	102	651	102	96	97	0.0122449	0	0.230248	2
251	523	158	524	155	96	98	0.0408163	0	0.356659	1
252	489	118	485	116	96	97	0.0326531	0	0.266366	2
253	433	144	431	143	96	97	0.0122449	0	0.325056	2
254	397	134	394	132	96	97	0.0285714	0	0.302483	2
255	324	107	330	104	96	98	0.0612245	0	0.241535	1
256	451	100	449	99	96	97	0.0122449	0	0.225734	2
257	359	143	358	140	96	97	0.0408163	0	0.322799	2
258	533	136	534	131	96	99	0.106122	0	0.306998	1
259	118	126	119	127	97	102	0.00816327	0	0.284424	1
260	527	123	527	120	97	98	0.0367347	0	0.277652	1
261	538	123	541	120	97	99	0.0489796	0	0.277652	1
262	621	339	619	339	97	104	0.00816327	0	0.765237	2
263	533	94	535	93	97	98	0.0122449	0	0.21219	1
264	199	148	202	149	97	99	0.0163265	0	0.334086	1
265	499	114	496	113	97	98	0.0163265	0	0.257336	2
266	472	92	472	90	97	98	0.0163265	0	0.207675	1
267	573	157	577	156	97	101	0.0204082	0	0.354402	1
268	614	265	568	273	97	115	0.44898	0	0.598194	2
269	128	127	130	127	97	99	0.00816327	0	0.286682	1
270	549	128	548	128	97	98	0.00408163	0	0.288939	2
271	364	128	367	127	97	98	0.0163265	0	0.288939	1
272	537	104	539	102	97	98	0.0244898	0	0.234763	1
273	485	87	487	87	97	98	0.00816327	0	0.196388	1
274	199	138	199	138	97	98	0	0	0.311512	1
275	285	104	292	104	97	98	0.0285714	0	0.234763	1
276	437	131	437	131	97	98	0	0	0.295711	1
277	641	89	640	89	97	98	0.00408163	0	0.200903	2
278	457	153	457	153	97	98	0	0	0.345372	1
279	101	89	101	88	97	104	0.00408163	0	0.200903	1
280	462	103	461	103	98	99	0.00408163	0	0.232506	2
281	602	287	596	290	98	102	0.0612245	0	0.647856	2
282	507	145	511	144	98	99	0.0204082	0	0.327314	1
283	489	159	491	159	98	99	0.00816327	0	0.358916	1
284	141	86	148	87	98	100	0.0326531	0	0.194131	1
285	529	108	532	106	98	99	0.0285714	0	0.243792	1
286	429	99	435	99	98	99	0.0244898	0	0.223476	1
287	204	163	208	164	98	100	0.0204082	0	0.367946	1
288	648	118	648	117	98	99	0.00408163	0	0.266366	1
289	394	174	404	170	98	105	0.106122	0	0.392777	1
290	370	117	386	115	98	101	0.0816327	0	0.264108	1
291	486	109	487	108	98	99	0.00816327	0	0.24605	1
292	517	129	519	128	98	99	0.0122449	0	0.291196	1
293	499	92	504	92	98	99	0.0204082	0	0.207675	1
294	194	178	198	178	98	102	0.0163265	0	0.401806	1
295	340	100	345	100	98	99	0.0204082	0	0.225734	1
296	499	113	499	112	99	101	0.00408163	0	0.255079	1
297	531	119	533	116	99	100	0.044898	0	0.268623	1
298	321	75	333	74	99	101	0.0530612	0	0.1693	1
299	540	93	545	92	99	100	0.0244898	0	0.209932	1
300	542	103	546	102	99	100	0.0204082	0	0.232506	1
301	327	94	332	92	99	100	0.0367347	0	0.21219	1
302	658	108	660	105	99	100	0.044898	0	0.243792	1
303	331	104	340	102	99	101	0.0530612	0	0.234763	1
304	301	139	318	134	99	102	0.171429	0	0.31377	1
305	315	132	322	130	99	100	0.044898	0	0.297968	1
306	475	88	477	86	99	100	0.0244898	0	0.198646	1
307	403	136	400	133	99	103	0.0489796	0	0.306998	2
308	555	130	557	129	99	100	0.0122449	0	0.293454	1
309	609	277	575	280	99	113	0.17551	0	0.625282	2
310	496	82	504	81	99	102	0.0367347	0	0.185102	1
311	487	118	487	115	99	100	0.0367347	0	0.266366	1
312	480	98	481	96	99	100	0.0204082	0	0.221219	1
313	393	101	397	100	99	102	0.0204082	0	0.227991	1
314	370	138	377	138	99	100	0.0285714	0	0.311512	1
315	545	118	545	116	100	101	0.0163265	0	0.266366	1
316	642	80	641	79	100	101	0.00816327	0	0.180587	2
317	514	142	514	138	100	104	0.0653061	0	0.320542	1
318	492	158	492	156	100	101	0.0163265	0	0.356659	1
319	430	144	427	143	100	101	0.0163265	0	0.325056	2
320	206	151	206	151	100	101	0	0	0.340858	1
321	462	99	458	98	100	101	0.0204082	0	0.223476	2
322	531	149	530	145	100	104	0.0693878	0	0.336343	2
323	385	180	380	181	100	102	0.0244898	0	0.406321	2
324	196	148	195	149	100	101	0.00816327	0	0.334086	2
325	510	100	512	99	100	101	0.0122449	0	0.225734	1
326	308	70	305	70	100	101	0.0122449	0	0.158014	2
327	109	41	104	40	100	117	0.0244898	0	0.0925508	2
328	624	327	617	329	100	102	0.044898	0	0.738149	2
329	599	277	587	276	100	104	0.0530612	0	0.625282	2
330	309	114	308	114	100	101	0.00408163	0	0.257336	2
331	519	111	519	109	100	101	0.0163265	0	0.250564	1
332	521	120	518	119	101	102	0.0163265	0	0.27088	2
333	542	138	539	138	101	102	0.0122449	0	0.311512	2
334	552	92	567	91	101	106	0.0653061	0	0.207675	1
335	489	106	485	107	101	102	0.0204082	0	0.239278	2
336	393	140	390	140	101	103	0.0122449	0	0.316027	2
337	445	86	450	85	101	103	0.0244898	0	0.194131	1
338	151	87	178	84	101	110	0.146939	0	0.196388	1
339	659	104	654	104	101	102	0.0204082	0	0.234763	2
340	471	87	468	89	101	102	0.0285714	0	0.196388	2
341	555	131	551	132	101	102	0.0204082	0	0.295711	2
342	493	73	494	74	101	102	0.00816327	0	0.164786	1
343	210	164	208	166	101	102	0.0244898	0	0.370203	2
344	337	92	338	93	101	102	0.00816327	0	0.207675	1
345	509	114	507	116	101	102	0.0244898	0	0.257336	2
346	386	105	387	105	101	102	0.00408163	0	0.23702	1
347	740	390	734	390	101	120	0.0244898	0	0.880361	2
348	549	79	563	81	101	106	0.0734694	0	0.17833	1
349	174	205	196	197	101	110	0.35102	0	0.462754	1
350	535	125	532	123	101	102	0.0285714	0	0.282167	2
351	352	108	352	114	101	102	0.146939	0	0.243792	1
352	495	114	493	112	102	103	0.0244898	0	0.257336	2
353	639	80	638	79	102	103	0.00816327	0	0.180587	2
354	206	152	211	151	102	104	0.0244898	0	0.343115	1
355	491	157	491	155	102	103	0.0163265	0	0.354402	1
356	510	102	511	101	102	103	0.00816327	0	0.230248	1
357	196	151	195	152	102	103	0.00816327	0	0.340858	2
358	572	158	572	154	102	104	0.0653061	0	0.356659	1
359	425	146	425	144	102	104	0.0163265	0	0.329571	1
360	641	116	639	116	102	103	0.00816327	0	0.261851	2
361	327	93	333	91	102	103	0.0408163	0	0.209932	1
362	537	102	537	100	102	103	0.0163265	0	0.230248	1
363	644	90	646	89	102	104	0.0122449	0	0.20316	1
364	525	158	529	155	102	107	0.0530612	0	0.356659	1
365	146	123	147	121	102	104	0.0204082	0	0.277652	1
366	118	128	120	127	103	104	0.0122449	0	0.288939	1
367	24	36	24	37	103	110	0.00408163	0	0.0812641	1
368	548	123	548	121	103	104	0.0163265	0	0.277652	1
369	337	74	364	72	103	107	0.126531	0	0.167043	1
370	200	180	204	180	103	104	0.0163265	0	0.406321	1
371	345	103	349	102	103	104	0.0204082	0	0.232506	1
372	482	93	483	92	103	104	0.00816327	0	0.209932	1
373	457	99	460	98	103	104	0.0163265	0	0.223476	1
374	503	151	505	149	103	104	0.0244898	0	0.340858	1
375	496	97	497	95	103	104	0.0204082	0	0.218962	1
376	524	133	525	131	103	104	0.0204082	0	0.300226	1
377	483	105	483	104	103	104	0.00408163	0	0.23702	1
378	548	133	548	131	103	104	0.0163265	0	0.300226	1
379	510	87	514	85	103	104	0.0326531	0	0.196388	1
380	466	84	467	84	103	104	0.00408163	0	0.189616	1
381	498	74	502	73	103	104	0.0204082	0	0.167043	1
382	449	135	448	134	103	104	0.00816327	0	0.30474	2
383	611	284	603	286	103	107	0.0489796	0	0.641084	2
384	383	180	387	176	103	104	0.0816327	0	0.406321	1
385	190	177	194	176	103	104	0.0204082	0	0.399549	1
386	517	119	517	118	104	105	0.00408163	0	0.268623	1
387	494	112	492	112	104	107	0.00816327	0	0.252822	2
388	394	130	397	131	104	105	0.0163265	0	0.293454	1
389	547	93	551	93	104	105	0.0163265	0	0.209932	1
390	449	102	449	103	104	105	0.00408163	0	0.230248	1
391	399	117	429	116	104	109	0.126531	0	0.264108	1
392	549	120	549	119	105	106	0.00408163	0	0.27088	1
393	640	114	641	115	105	106	0.00816327	0	0.257336	1
394	593	290	590	291	105	106	0.0163265	0	0.654628	2
395	498	149	499	148	105	106	0.00816327	0	0.336343	1
396	485	94	485	94	105	106	0	0	0.21219	1
397	459	119	456	120	105	106	0.0163265	0	0.268623	2
398	648	87	646	92	105	108	0.110204	0	0.196388	2
399	599	337	596	339	105	108	0.0285714	0	0.760722	2
400	621	340	614	340	105	107	0.0285714	0	0.767494	2
401	573	157	574	158	105	108	0.00816327	0	0.354402	1
402	436	103	434	103	105	106	0.00816327	0	0.232506	2
403	353	102	356	102	105	106	0.0122449	0	0.230248	1
404	506	90	509	90	105	106	0.0122449	0	0.20316	1
405	549	132	549	132	105	106	0	0	0.297968	1
406	464	100	465	100	105	106	0.00408163	0	0.225734	1
407	381	152	382	151	105	106	0.00816327	0	0.343115	1
408	641	77	633	82	105	117	0.134694	0	0.173815	2
409	217	152	279	148	105	120	0.318367	0	0.343115	1
410	448	136	447	137	105	106	0.00816327	0	0.306998	2
411	147	126	148	126	105	109	0.00408163	0	0.284424	1
412	542	110	541	109	105	106	0.00816327	0	0.248307	2
413	632	98	630	98	105	106	0.00816327	0	0.221219	2
414	562	104	571	102	105	108	0.0530612	0	0.234763	1
415	393	175	399	173	105	107	0.0408163	0	0.395034	1
416	291	71	286	70	105	108	0.0244898	0	0.160271	2
417	735	24	730	25	105	120	0.0244898	0	0.0541761	2
418	362	73	368	73	105	106	0.0244898	0	0.164786	1
419	475	98	476	98	105	106	0.00408163	0	0.221219	1
420	531	146	530	147	105	107	0.00816327	0	0.329571	2
421	349	89	354	89	105	106	0.0204082	0	0.200903	1
422	614	329	610	328	105	107	0.0204082	0	0.742664	2
423	400	133	403	132	106	107	0.0163265	0	0.300226	1
424	469	113	471	110	106	107	0.044898	0	0.255079	1
425	503	123	502	122	106	107	0.00816327	0	0.277652	2
426	408	168	411	164	106	107	0.077551	0	0.379233	1
427	512	135	512	134	106	108	0.00408163	0	0.30474	1
428	595	352	595	352	106	107	0	0	0.794582	1
429	511	151	510	150	106	107	0.00816327	0	0.340858	2
430	532	93	533	92	106	107	0.00816327	0	0.209932	1
431	562	141	563	140	106	108	0.00816327	0	0.318284	1
432	87	90	83	90	106	119	0.0163265	0	0.20316	2
433	172	216	173	214	106	107	0.0204082	0	0.487585	1
434	550	119	548	122	107	113	0.044898	0	0.268623	2
435	588	293	581	295	107	110	0.044898	0	0.6614	2
436	530	102	530	102	107	108	0	0	0.230248	1
437	299	76	294	77	107	109	0.0244898	0	0.171558	2
438	444	103	442	102	107	108	0.0122449	0	0.232506	2
439	541	107	541	107	107	108	0	0	0.241535	1
440	477	91	479	90	107	108	0.0122449	0	0.205418	1
441	504	85	505	85	107	108	0.00408163	0	0.191874	1
442	571	90	574	89	107	108	0.0163265	0	0.20316	1
443	362	101	366	100	107	108	0.0204082	0	0.227991	1
444	550	133	553	136	107	113	0.0489796	0	0.300226	1
445	420	136	427	137	107	108	0.0326531	0	0.306998	1
446	552	109	553	109	107	108	0.00408163	0	0.24605	1
447	343	134	348	133	107	108	0.0244898	0	0.302483	1
448	454	143	453	143	107	109	0.00408163	0	0.322799	2
449	416	103	421	103	107	108	0.0204082	0	0.232506	1
450	558	97	561	96	107	108	0.0163265	0	0.218962	1
451	466	99	469	97	107	109	0.0285714	0	0.223476	1
452	492	114	490	115	108	109	0.0122449	0	0.257336	2
453	369	89	373	89	108	109	0.0163265	0	0.200903	1
454	520	110	520	111	108	109	0.00408163	0	0.248307	1
455	477	149	476	150	108	109	0.00816327	0	0.336343	2
456	377	125	381	125	108	109	0.0163265	0	0.282167	1
457	644	106	643	107	108	109	0.00816327	0	0.239278	2
458	416	163	419	163	108	109	0.0122449	0	0.367946	1
459	644	120	643	119	108	110	0.00816327	0	0.27088	2
460	529	152	529	152	108	110	0	0	0.343115	1
461	502	122	501	123	108	109	0.00816327	0	0.275395	2
462	404	172	405	173	108	109	0.00816327	0	0.388262	1
463	399	154	402	154	108	109	0.0122449	0	0.34763	1
464	518	87	520	88	108	109	0.0122449	0	0.196388	1
465	528	86	540	89	108	113	0.0857143	0	0.194131	1
466	392	143	394	144	108	109	0.0122449	0	0.322799	1
467	603	289	594	288	108	111	0.0408163	0	0.65237	2
468	360	110	365	110	108	109	0.0204082	0	0.248307	1
469	481	100	481	100	108	109	0	0	0.225734	1
470	197	195	202	196	108	109	0.0244898	0	0.440181	1
471	604	342	597	342	109	110	0.0285714	0	0.772009	2
472	644	93	641	92	109	110	0.0163265	0	0.209932	2
473	575	159	574	159	109	115	0.00408163	0	0.358916	2
474	481	90	482	89	109	110	0.00816327	0	0.20316	1
475	578	89	580	87	109	110	0.0244898	0	0.200903	1
476	384	77	413	76	109	114	0.122449	0	0.173815	1
477	355	134	362	133	109	110	0.0326531	0	0.302483	1
478	571	99	575	97	109	111	0.0326531	0	0.223476	1
479	501	91	502	90	109	110	0.00816327	0	0.205418	1
480	551	110	545	113	109	114	0.0612245	0	0.248307	2
481	451	120	448	119	109	110	0.0163265	0	0.27088	2
482	630	112	629	110	109	110	0.0204082	0	0.252822	2
483	522	122	520	123	109	111	0.0122449	0	0.275395	2
484	504	157	501	155	109	114	0.0285714	0	0.354402	2
485	494	113	492	113	110	111	0.00816327	0	0.255079	2
486	517	107	517	107	110	111	0	0	0.241535	1
487	420	125	423	123	110	111	0.0285714	0	0.282167	1
488	471	91	471	90	110	111	0.00408163	0	0.205418	1
489	504	106	504	106	110	111	0	0	0.239278	1
490	386	124	389	123	110	111	0.0163265	0	0.27991	1
491	476	151	474	148	110	113	0.044898	0	0.340858	2
492	512	135	511	135	110	111	0.00408163	0	0.30474	2
493	149	127	149	127	110	111	0	0	0.286682	1
494	565	152	565	151	110	115	0.00408163	0	0.343115	1
495	573	285	569	285	110	111	0.0163265	0	0.643341	2
496	644	102	641	103	110	112	0.0163265	0	0.230248	2
497	208	217	207	216	110	114	0.00816327	0	0.489842	2
498	375	102	378	102	110	111	0.0122449	0	0.230248	1
499	522	78	522	78	110	112	0	0	0.176072	1
500	210	148	205	148	110	120	0.0204082	0	0.334086	2
501	229	167	261	164	110	117	0.167347	0	0.376975	1
502	574	295	568	292	111	113	0.0612245	0	0.665914	2
503	589	342	570	347	111	115	0.179592	0	0.772009	2
504	639	92	637	91	111	113	0.0122449	0	0.207675	2
505	627	117	627	121	111	113	0.0653061	0	0.264108	1
506	181	84	184	83	111	112	0.0163265	0	0.189616	1
507	586	90	593	87	111	113	0.0653061	0	0.20316	1
508	435	109	439	110	111	112	0.0204082	0	0.24605	1
509	594	357	589	354	111	113	0.0571429	0	0.805869	2
510	388	97	391	97	111	112	0.0122449	0	0.218962	1
511	450	144	450	143	111	112	0.00408163	0	0.325056	1
512	584	79	615	75	111	120	0.191837	0	0.17833	1
513	537	118	535	119	111	112	0.0122449	0	0.266366	2
514	503	90	504	89	111	112	0.00816327	0	0.20316	1
515	544	95	547	95	111	112	0.0122449	0	0.214447	1
516	480	80	482	81	111	114	0.0122449	0	0.180587	1
517	474	100	473	99	111	112	0.00816327	0	0.225734	2
518	418	167	416	169	111	112	0.0244898	0	0.376975	2
519	488	127	491	125	111	114	0.0285714	0	0.286682	1
520	531	151	532	149	111	115	0.0204082	0	0.340858	1
521	217	199	220	194	111	114	0.114286	0	0.44921	1
522	171	99	174	99	111	112	0.0122449	0	0.223476	1
523	492	114	494	115	112	115	0.0122449	0	0.257336	1
524	520	119	520	118	112	113	0.00408163	0	0.268623	1
525	482	111	482	110	112	113	0.00408163	0	0.250564	1
526	381	97	392	100	112	115	0.0816327	0	0.218962	1
527	395	124	400	123	112	113	0.0244898	0	0.27991	1
528	484	94	485	94	112	113	0.00408163	0	0.21219	1
529	577	98	594	96	112	117	0.0857143	0	0.221219	1
530	523	90	525	90	112	113	0.00816327	0	0.20316	1
531	563	281	559	280	112	113	0.0204082	0	0.634312	2
532	439	120	443	120	112	113	0.0163265	0	0.27088	1
533	575	113	586	111	112	115	0.0612245	0	0.255079	1
534	590	293	587	292	112	113	0.0163265	0	0.6614	2
535	277	72	269	74	112	115	0.0489796	0	0.162528	2
536	631	105	630	105	112	113	0.00408163	0	0.23702	2
537	559	298	553	299	112	114	0.0285714	0	0.672686	2
538	471	89	471	88	112	113	0.00408163	0	0.200903	1
539	592	130	600	129	112	113	0.0367347	0	0.293454	1
540	432	98	426	96	112	114	0.0408163	0	0.221219	2
541	428	106	425	105	113	114	0.0163265	0	0.239278	2
542	502	116	502	117	113	114	0.00408163	0	0.261851	1
543	502	126	502	126	113	114	0	0	0.284424	1
544	540	103	539	103	113	114	0.00408163	0	0.232506	2
545	505	105	505	105	113	114	0	0	0.23702	1
546	188	83	191	83	113	114	0.0122449	0	0.187359	1
547	574	319	547	324	113	120	0.212245	0	0.72009	2
548	382	110	393	114	113	116	0.110204	0	0.248307	1
549	175	124	175	124	113	114	0	0	0.27991	1
550	512	131	512	130	113	114	0.00408163	0	0.295711	1
551	535	120	534	120	113	114	0.00408163	0	0.27088	2
552	529	131	529	131	113	114	0	0	0.295711	1
553	235	176	249	174	113	116	0.0734694	0	0.397291	1
554	397	77	403	78	113	114	0.0285714	0	0.173815	1
555	452	105	457	106	113	114	0.0244898	0	0.23702	1
556	191	142	188	140	113	117	0.0285714	0	0.320542	2
557	411	170	411	169	113	114	0.00408163	0	0.383747	1
558	548	123	547	123	114	115	0.00408163	0	0.277652	2
559	566	293	544	298	114	119	0.191837	0	0.6614	2
560	563	283	550	285	114	117	0.0693878	0	0.638826	2
561	483	109	483	109	114	115	0	0	0.24605	1
562	595	89	601	88	114	116	0.0285714	0	0.200903	1
563	456	142	462	144	114	115	0.0408163	0	0.320542	1
564	481	97	480	97	114	115	0.00408163	0	0.218962	2
565	573	283	547	288	114	120	0.208163	0	0.638826	2
566	605	132	606	132	114	115	0.00408163	0	0.297968	1
567	425	166	439	158	114	116	0.318367	0	0.374718	1
568	543	90	552	92	114	118	0.0530612	0	0.20316	1
569	583	291	579	292	114	115	0.0204082	0	0.656885	2
570	149	50	145	50	114	120	0.0163265	0	0.112867	2
571	536	118	536	116	115	116	0.0163265	0	0.266366	1
572	414	73	425	71	115	117	0.0612245	0	0.164786	1
573	433	125	437	124	115	116	0.0204082	0	0.282167	1
574	426	104	421	104	115	117	0.0204082	0	0.234763	2
575	493	159	492	158	115	117	0.00816327	0	0.358916	2
576	639	93	638	93	115	118	0.00408163	0	0.209932	2
577	458	107	462	106	115	116	0.0204082	0	0.241535	1
578	473	152	472	151	115	116	0.00816327	0	0.343115	2
579	470	94	469	94	115	116	0.00408163	0	0.21219	2
580	400	137	406	137	115	116	0.0244898	0	0.309255	1
581	212	204	226	196	115	117	0.318367	0	0.460497	1
582	492	126	490	126	115	116	0.00816327	0	0.284424	2
583	200	84	206	82	115	117	0.0408163	0	0.189616	1
584	580	302	559	301	115	120	0.0897959	0	0.681716	2
585	458	96	457	95	115	116	0.00816327	0	0.216704	2
586	552	302	534	306	115	119	0.138776	0	0.681716	2
587	187	82	190	82	115	116	0.0122449	0	0.185102	1
588	525	110	525	107	116	117	0.0367347	0	0.248307	1
589	496	116	496	117	116	117	0.00408163	0	0.261851	1
590	568	350	563	352	116	118	0.0367347	0	0.790068	2
591	626	96	626	98	116	117	0.0163265	0	0.216704	1
592	574	158	572	156	116	117	0.0244898	0	0.356659	2
593	502	128	501	128	116	117	0.00408163	0	0.288939	2
594	432	67	448	65	116	119	0.0816327	0	0.151242	1
595	607	132	605	131	116	118	0.0122449	0	0.297968	2
596	533	147	531	147	116	117	0.00816327	0	0.331828	2
597	555	132	552	131	116	117	0.0163265	0	0.297968	2
598	581	123	587	121	116	117	0.0408163	0	0.277652	1
599	462	160	461	159	116	117	0.00816327	0	0.361174	2
600	186	124	186	123	116	117	0.00408163	0	0.27991	1
601	565	275	551	277	116	119	0.0734694	0	0.620767	2
602	417	152	421	152	116	117	0.0163265	0	0.343115	1
603	502	152	501	151	116	117	0.00816327	0	0.343115	2
604	486	89	480	91	116	118	0.0408163	0	0.200903	2
605	563	150	560	148	116	117	0.0285714	0	0.3386	2
606	458	119	462	119	116	117	0.0163265	0	0.268623	1
607	403	109	405	110	116	117	0.0122449	0	0.24605	1
608	634	109	632	108	116	117	0.0122449	0	0.24605	2
609	501	91	500	91	117	120	0.00408163	0	0.205418	2
610	604	88	606	88	117	118	0.00816327	0	0.198646	1
611	513	103	511	102	117	118	0.0122449	0	0.232506	2
612	263	78	259	77	117	118	0.0204082	0	0.176072	2
613	513	146	512	145	117	118	0.00816327	0	0.329571	2
614	521	91	520	90	117	118	0.00816327	0	0.205418	2
615	430	83	436	83	117	118	0.0244898	0	0.187359	1
616	572	293	559	293	117	120	0.0530612	0	0.6614	2
617	390	101	389	101	117	120	0.00408163	0	0.227991	2
618	204	100	203	100	117	118	0.00408163	0	0.225734	2
619	437	136	451	136	117	120	0.0571429	0	0.306998	1
620	239	193	247	192	117	118	0.0367347	0	0.435666	1
621	531	120	530	118	117	118	0.0204082	0	0.27088	2
622	560	102	561	104	117	118	0.0204082	0	0.230248	1
623	625	101	624	102	118	119	0.00816327	0	0.227991	2
624	501	128	501	128	118	119	0	0	0.288939	1
625	492	118	492	118	118	119	0	0	0.266366	1
626	629	117	628	118	118	119	0.00816327	0	0.264108	2
627	451	125	456	125	118	119	0.0204082	0	0.282167	1
628	570	155	568	154	118	119	0.0122449	0	0.349887	2
629	530	149	528	149	118	119	0.00816327	0	0.336343	2
630	537	108	538	106	118	119	0.0204082	0	0.243792	1
631	628	81	628	82	118	120	0.00408163	0	0.182844	1
632	101	43	102	43	118	120	0.00408163	0	0.0970655	1
633	468	121	476	121	118	119	0.0326531	0	0.273138	1
634	95	28	95	28	118	120	0	0	0.0632054	1
635	402	118	405	119	118	119	0.0163265	0	0.266366	1
636	596	93	600	93	118	119	0.0163265	0	0.209932	1
637	545	287	536	287	118	120	0.0367347	0	0.647856	2
638	257	57	253	58	118	120	0.0204082	0	0.128668	2
639	557	149	554	149	118	120	0.0122449	0	0.336343	2
640	470	108	475	108	118	119	0.0204082	0	0.243792	1
641	271	161	276	160	118	119	0.0244898	0	0.363431	1
642	502	112	502	112	118	119	0	0	0.252822	1
643	400	108	403	108	118	119	0.0122449	0	0.243792	1
644	438	76	445	76	119	120	0.0285714	0	0.171558	1
645	564	352	563	351	119	120	0.00816327	0	0.794582	2
646	480	93	479	94	119	120	0.00816327	0	0.209932	2
647	551	90	553	90	119	120	0.00816327	0	0.20316	1
648	520	91	520	91	119	120	0	0	0.205418	1
649	201	85	205	85	119	120	0.0163265	0	0.191874	1
650	264	195	275	191	119	120	0.110204	0	0.440181	1
651	461	142	464	141	119	120	0.0163265	0	0.320542	1
652	533	82	533	82	119	120	0	0	0.185102	1
653	698	438	697	438	119	120	0.00408163	0	0.988713	2
654	513	130	513	130	119	120	0	0	0.293454	1