
0	304	110	306	108	127	128	0.0106195	0	0.241758	1
1	419	147	417	142	127	129	0.0477876	0	0.323077	2
2	351	184	348	185	127	128	0.00707965	0	0.404396	2
3	357	109	354	106	127	130	0.0212389	0	0.23956	2
4	413	137	412	135	127	128	0.00884956	0	0.301099	2
5	429	163	427	164	127	129	0.00530973	0	0.358242	2
6	485	121	483	123	127	129	0.0106195	0	0.265934	2
7	780	443	793	439	127	142	0.0513274	0	0.973626	1
8	365	180	365	180	127	128	0	0	0.395604	1
9	355	128	355	127	128	129	0.00176991	0	0.281319	1
10	372	136	372	135	128	129	0.00176991	0	0.298901	1
11	483	105	483	106	128	129	0.00176991	0	0.230769	1
12	478	183	477	183	128	129	0.00176991	0	0.402198	2
13	370	122	367	119	128	129	0.0212389	0	0.268132	2
14	166	60	166	61	128	129	0.00176991	0	0.131868	1
15	324	156	320	158	128	129	0.0141593	0	0.342857	2
16	494	136	492	136	128	130	0.00353982	0	0.298901	2
17	170	134	169	133	129	130	0.00353982	0	0.294505	2
18	312	116	312	114	129	130	0.00707965	0	0.254945	1
19	436	140	427	134	129	132	0.079646	0	0.307692	2
20	380	175	380	174	129	130	0.00176991	0	0.384615	1
21	437	166	434	165	129	130	0.00707965	0	0.364835	2
22	369	175	368	176	129	130	0.00353982	0	0.384615	2
23	547	252	550	252	129	133	0.00530973	0	0.553846	1
24	166	92	165	91	129	130	0.00353982	0	0.202198	2
25	522	108	521	106	129	130	0.00884956	0	0.237363	2
26	413	139	409	137	130	131	0.0141593	0	0.305495	2
27	374	135	376	133	130	131	0.0106195	0	0.296703	1
28	354	122	354	120	130	131	0.00707965	0	0.268132	1
29	391	141	391	139	130	131	0.00707965	0	0.30989	1
30	161	54	161	51	130	132	0.0159292	0	0.118681	1
31	477	185	477	183	130	131	0.00707965	0	0.406593	1
32	489	110	487	109	130	131	0.00530973	0	0.241758	2
33	345	133	346	132	130	131	0.00353982	0	0.292308	1
34	178	123	179	116	130	133	0.0884956	0	0.27033	1
35	180	91	180	89	130	131	0.00707965	0	0.2	1
36	560	455	562	454	130	164	0.00530973	0	1	1
37	318	160	320	156	130	132	0.0318584	0	0.351648	1
38	373	187	373	187	130	131	0	0	0.410989	1
39	485	100	486	98	130	132	0.00884956	0	0.21978	1
40	167	64	167	64	130	131	0	0	0.140659	1
41	300	450	306	450	130	164	0.0106195	0	0.989011	1
42	481	126	480	127	130	131	0.00353982	0	0.276923	2
43	511	61	516	55	130	138	0.0725664	0	0.134066	1
44	312	103	315	100	131	132	0.0212389	0	0.226374	1
45	564	251	567	251	131	133	0.00530973	0	0.551648	1
46	170	132	171	129	131	132	0.0176991	0	0.29011	1
47	315	113	316	109	131	132	0.0300885	0	0.248352	1
48	619	176	619	174	131	132	0.00707965	0	0.386813	1
49	371	152	373	149	131	132	0.019469	0	0.334066	1
50	475	104	475	102	131	132	0.00707965	0	0.228571	1
51	175	51	176	49	131	132	0.00884956	0	0.112088	1
52	347	110	347	106	131	132	0.0283186	0	0.241758	1
53	370	177	370	176	131	132	0.00176991	0	0.389011	1
54	827	455	826	453	131	133	0.00884956	0	1	2
55	448	158	445	156	131	132	0.0123894	0	0.347253	2
56	154	87	154	84	131	133	0.0159292	0	0.191209	1
57	352	200	357	200	131	134	0.00884956	0	0.43956	1
58	459	161	439	152	131	140	0.178761	0	0.353846	2
59	356	119	358	118	132	133	0.00530973	0	0.261538	1
60	379	133	381	132	132	133	0.00530973	0	0.292308	1
61	177	174	177	170	132	135	0.0283186	0	0.382418	1
62	549	267	551	266	132	134	0.00530973	0	0.586813	1
63	476	182	474	178	132	134	0.0318584	0	0.4	2
64	659	455	660	454	132	140	0.00353982	0	1	1
65	365	132	367	131	132	133	0.00530973	0	0.29011	1
66	169	62	170	62	132	133	0.00176991	0	0.136264	1
67	366	186	368	185	132	134	0.00530973	0	0.408791	1
68	326	115	325	115	132	133	0.00176991	0	0.252747	2
69	356	175	360	171	132	133	0.0353982	0	0.384615	1
70	186	86	186	84	132	134	0.00707965	0	0.189011	1
71	376	187	378	185	132	134	0.0106195	0	0.410989	1
72	338	124	343	123	132	134	0.0106195	0	0.272527	1
73	616	197	618	192	132	135	0.0477876	0	0.432967	1
74	364	196	366	195	133	134	0.00530973	0	0.430769	1
75	162	51	167	50	133	149	0.0106195	0	0.112088	1
76	369	206	372	204	133	134	0.0123894	0	0.452747	1
77	424	134	421	132	133	134	0.0123894	0	0.294505	2
78	362	255	362	251	133	135	0.0283186	0	0.56044	1
79	342	93	341	89	133	137	0.0300885	0	0.204396	2
80	316	158	318	154	133	134	0.0318584	0	0.347253	1
81	347	104	347	101	133	134	0.0159292	0	0.228571	1
82	483	128	484	127	133	134	0.00353982	0	0.281319	1
83	183	51	184	50	133	134	0.00353982	0	0.112088	1
84	484	94	466	104	133	149	0.20885	0	0.206593	2
85	152	53	155	55	133	165	0.0123894	0	0.116484	1
86	472	98	466	98	133	139	0.0106195	0	0.215385	2
87	353	215	358	212	133	135	0.0247788	0	0.472527	1
88	309	100	311	98	133	134	0.0106195	0	0.21978	1
89	372	175	374	174	133	134	0.00530973	0	0.384615	1
90	375	149	376	148	133	134	0.00353982	0	0.327473	1
91	388	171	387	170	133	134	0.00353982	0	0.375824	2
92	432	163	432	162	133	134	0.00176991	0	0.358242	1
93	471	108	470	107	133	135	0.00353982	0	0.237363	2
94	189	119	189	116	133	134	0.0159292	0	0.261538	1
95	519	307	524	301	133	137	0.0725664	0	0.674725	1
96	508	426	510	429	133	165	0.019469	0	0.936264	1
97	175	126	176	124	133	134	0.00884956	0	0.276923	1
98	540	137	539	133	134	136	0.0300885	0	0.301099	2
99	564	244	567	242	134	135	0.0123894	0	0.536264	1
100	613	148	613	150	134	140	0.00707965	0	0.325275	1
101	362	118	365	117	134	135	0.00707965	0	0.259341	1
102	574	455	576	454	134	137	0.00530973	0	1	1
103	398	144	401	144	134	135	0.00530973	0	0.316484	1
104	402	54	402	52	134	135	0.00707965	0	0.118681	1
105	175	67	177	65	134	135	0.0106195	0	0.147253	1
106	626	183	626	179	134	136	0.0283186	0	0.402198	1
107	620	173	619	173	134	137	0.00176991	0	0.38022	2
108	379	133	379	130	134	135	0.0159292	0	0.292308	1
109	819	455	821	454	134	137	0.00530973	0	1	1
110	531	102	532	98	134	139	0.0300885	0	0.224176	1
111	156	84	164	82	134	137	0.0212389	0	0.184615	1
112	179	114	184	111	134	137	0.0247788	0	0.250549	1
113	375	192	380	188	135	136	0.0371681	0	0.421978	1
114	400	39	403	39	135	138	0.00530973	0	0.0857143	1
115	486	128	487	127	135	136	0.00353982	0	0.281319	1
116	175	125	176	123	135	136	0.00884956	0	0.274725	1
117	363	199	368	197	135	136	0.0159292	0	0.437363	1
118	350	101	349	99	135	136	0.00884956	0	0.221978	2
119	387	38	392	39	135	142	0.0106195	0	0.0835165	1
120	309	111	314	110	135	137	0.0106195	0	0.243956	1
121	419	130	417	128	135	136	0.0106195	0	0.285714	2
122	577	249	588	247	135	137	0.0265487	0	0.547253	1
123	483	106	482	105	135	136	0.00353982	0	0.232967	2
124	365	187	370	184	135	136	0.0247788	0	0.410989	1
125	534	124	534	121	135	136	0.0159292	0	0.272527	1
126	189	53	196	52	135	137	0.0141593	0	0.116484	1
127	287	137	292	135	135	136	0.0159292	0	0.301099	1
128	530	298	556	291	135	140	0.132743	0	0.654945	1
129	388	141	394	141	135	137	0.0106195	0	0.30989	1
130	632	199	633	197	135	137	0.00884956	0	0.437363	1
131	551	455	552	454	135	136	0.00353982	0	1	1
132	188	39	191	39	135	137	0.00530973	0	0.0857143	1
133	184	135	186	134	135	136	0.00530973	0	0.296703	1
134	186	84	188	83	135	137	0.00530973	0	0.184615	1
135	178	168	177	168	136	138	0.00176991	0	0.369231	2
136	363	248	364	248	136	138	0.00176991	0	0.545055	1
137	404	144	407	144	136	137	0.00530973	0	0.316484	1
138	573	242	582	240	136	138	0.0230088	0	0.531868	1
139	559	263	568	262	136	138	0.0176991	0	0.578022	1
140	426	157	424	157	136	137	0.00353982	0	0.345055	2
141	221	24	222	29	136	165	0.0460177	0	0.0527473	1
142	381	132	383	131	136	138	0.00530973	0	0.29011	1
143	366	212	371	211	136	137	0.0106195	0	0.465934	1
144	381	145	384	145	136	137	0.00530973	0	0.318681	1
145	316	123	318	124	136	137	0.00530973	0	0.27033	1
146	568	295	570	296	136	139	0.00530973	0	0.648352	1
147	178	61	183	61	136	138	0.00884956	0	0.134066	1
148	385	187	387	186	137	138	0.00530973	0	0.410989	1
149	540	132	536	132	137	139	0.00707965	0	0.29011	2
150	373	197	375	196	137	138	0.00530973	0	0.432967	1
151	356	118	356	118	137	138	0	0	0.259341	1
152	398	127	397	126	137	138	0.00353982	0	0.279121	2
153	346	122	345	122	137	138	0.00176991	0	0.268132	2
154	178	124	176	129	137	140	0.0477876	0	0.272527	2
155	399	157	402	157	137	139	0.00530973	0	0.345055	1
156	484	106	479	107	137	139	0.0106195	0	0.232967	2
157	451	170	446	169	137	138	0.0106195	0	0.373626	2
158	374	186	376	185	137	138	0.00530973	0	0.408791	1
159	491	130	490	129	137	138	0.00353982	0	0.285714	2
160	326	112	325	114	137	138	0.00884956	0	0.246154	2
161	434	161	429	161	137	138	0.00884956	0	0.353846	2
162	467	114	463	113	137	139	0.00884956	0	0.250549	2
163	370	116	368	115	138	139	0.00530973	0	0.254945	2
164	410	144	410	143	138	139	0.00176991	0	0.316484	1
165	333	89	333	89	138	139	0	0	0.195604	1
166	404	56	403	57	138	140	0.00353982	0	0.123077	2
167	622	181	621	182	138	139	0.00353982	0	0.397802	2
168	196	47	197	47	138	139	0.00176991	0	0.103297	1
169	334	102	334	104	138	139	0.00707965	0	0.224176	1
170	531	299	545	293	138	140	0.0884956	0	0.657143	1
171	424	137	423	136	138	140	0.00353982	0	0.301099	2
172	389	145	390	145	138	139	0.00176991	0	0.318681	1
173	593	239	641	232	138	148	0.171681	0	0.525275	1
174	314	110	314	110	138	139	0	0	0.241758	1
175	630	192	627	192	138	139	0.00530973	0	0.421978	2
176	524	87	522	90	138	141	0.019469	0	0.191209	2
177	212	42	215	43	138	140	0.00707965	0	0.0923077	1
178	531	113	528	115	138	140	0.0123894	0	0.248352	2
179	399	139	400	140	138	140	0.00353982	0	0.305495	1
180	593	427	592	431	138	165	0.0300885	0	0.938462	2
181	377	196	379	196	139	140	0.00353982	0	0.430769	1
182	396	127	395	127	139	140	0.00176991	0	0.279121	2
183	365	249	368	250	139	143	0.00707965	0	0.547253	1
184	389	186	391	187	139	140	0.00530973	0	0.408791	1
185	179	169	179	170	139	140	0.00176991	0	0.371429	1
186	346	93	345	93	139	140	0.00176991	0	0.204396	2
187	586	239	598	239	139	142	0.0212389	0	0.525275	1
188	573	263	577	263	139	140	0.00707965	0	0.578022	1
189	440	169	434	169	139	141	0.0106195	0	0.371429	2
190	324	103	325	104	139	140	0.00353982	0	0.226374	1
191	537	308	545	305	139	140	0.0300885	0	0.676923	1
192	378	186	380	187	139	140	0.00530973	0	0.408791	1
193	403	44	405	44	139	142	0.00353982	0	0.0967033	1
194	383	131	382	131	139	140	0.00176991	0	0.287912	2
195	294	155	303	154	139	143	0.0176991	0	0.340659	1
196	185	61	187	61	139	140	0.00353982	0	0.134066	1
197	805	415	805	416	139	140	0.00176991	0	0.912088	1
198	518	61	522	63	139	143	0.0141593	0	0.134066	1
199	209	52	211	52	139	140	0.00353982	0	0.114286	1
200	401	117	404	120	139	142	0.0212389	0	0.257143	1
201	560	304	559	304	139	140	0.00176991	0	0.668132	2
202	454	170	449	169	139	140	0.0106195	0	0.373626	2
203	372	164	372	164	139	141	0	0	0.36044	1
204	189	120	189	122	140	141	0.00707965	0	0.263736	1
205	334	91	335	91	140	141	0.00176991	0	0.2	1
206	413	142	414	139	140	141	0.0176991	0	0.312088	1
207	366	112	365	111	140	141	0.00353982	0	0.246154	2
208	335	107	336	108	140	141	0.00353982	0	0.235165	1
209	407	71	409	73	140	144	0.0106195	0	0.156044	1
210	351	146	351	145	140	141	0.00176991	0	0.320879	1
211	413	39	413	39	140	142	0	0	0.0857143	1
212	627	185	628	186	140	141	0.00353982	0	0.406593	1
213	487	133	484	132	140	141	0.00707965	0	0.292308	2
214	531	100	531	103	140	142	0.0159292	0	0.21978	1
215	472	138	474	141	140	142	0.019469	0	0.303297	1
216	318	153	319	160	140	142	0.0884956	0	0.336264	1
217	409	130	411	126	140	143	0.0318584	0	0.285714	1
218	324	120	324	121	140	141	0.00176991	0	0.263736	1
219	793	429	796	430	141	143	0.00707965	0	0.942857	1
220	383	202	384	201	141	142	0.00353982	0	0.443956	1
221	393	188	395	186	141	142	0.0106195	0	0.413187	1
222	394	128	394	128	141	142	0	0	0.281319	1
223	612	152	611	153	141	143	0.00353982	0	0.334066	2
224	326	106	329	106	141	142	0.00530973	0	0.232967	1
225	532	133	532	135	141	143	0.00707965	0	0.292308	1
226	202	151	204	151	141	142	0.00353982	0	0.331868	1
227	180	172	190	175	141	144	0.0336283	0	0.378022	1
228	402	142	405	139	141	143	0.0212389	0	0.312088	1
229	383	130	384	130	141	143	0.00176991	0	0.285714	1
230	418	75	420	76	141	145	0.00530973	0	0.164835	1
231	177	131	180	136	141	144	0.0495575	0	0.287912	1
232	427	134	427	132	141	142	0.00707965	0	0.294505	1
233	555	291	566	290	141	142	0.0212389	0	0.63956	1
234	405	59	407	59	141	143	0.00353982	0	0.12967	1
235	394	178	397	178	141	142	0.00530973	0	0.391209	1
236	345	92	345	91	141	142	0.00176991	0	0.202198	1
237	190	61	193	60	141	142	0.00707965	0	0.134066	1
238	436	152	436	151	141	144	0.00176991	0	0.334066	1
239	383	188	386	187	141	142	0.00707965	0	0.413187	1
240	446	169	446	168	141	143	0.00176991	0	0.371429	1
241	183	76	186	75	141	142	0.00707965	0	0.167033	1
242	400	158	402	158	141	142	0.00353982	0	0.347253	1
243	415	51	420	51	141	145	0.00884956	0	0.112088	1
244	360	110	360	110	142	143	0	0	0.241758	1
245	191	125	197	128	142	146	0.0265487	0	0.274725	1
246	416	138	418	135	142	143	0.019469	0	0.303297	1
247	434	171	438	168	142	149	0.0230088	0	0.375824	1
248	475	110	476	110	142	143	0.00176991	0	0.241758	1
249	219	40	223	39	142	143	0.00884956	0	0.0879121	1
250	208	123	214	126	142	144	0.0265487	0	0.27033	1
251	225	118	226	123	142	144	0.0460177	0	0.259341	1
252	211	50	216	49	142	143	0.0106195	0	0.10989	1
253	340	109	344	110	142	143	0.00884956	0	0.23956	1
254	152	24	155	25	142	145	0.00707965	0	0.0527473	1
255	461	102	460	103	142	143	0.00353982	0	0.224176	2
256	807	419	808	420	142	143	0.00353982	0	0.920879	1
257	510	90	519	89	142	150	0.0176991	0	0.197802	1
258	562	305	564	305	142	144	0.00353982	0	0.67033	1
259	450	116	449	114	142	143	0.00884956	0	0.254945	2
260	431	131	433	129	143	144	0.0106195	0	0.287912	1
261	207	154	208	157	143	145	0.0176991	0	0.338462	1
262	403	234	430	228	143	155	0.111504	0	0.514286	1
263	359	128	358	127	143	144	0.00353982	0	0.281319	2
264	417	166	416	166	143	144	0.00176991	0	0.364835	2
265	396	41	401	39	143	148	0.0159292	0	0.0901099	1
266	532	105	532	106	143	144	0.00176991	0	0.230769	1
267	597	253	602	251	143	144	0.0159292	0	0.556044	1
268	320	161	321	161	143	144	0.00176991	0	0.353846	1
269	604	238	608	237	143	144	0.00884956	0	0.523077	1
270	796	440	796	439	143	145	0.00176991	0	0.967033	1
271	586	303	613	304	143	145	0.0495575	0	0.665934	1
272	173	170	177	168	143	149	0.0141593	0	0.373626	1
273	407	187	410	186	143	144	0.00707965	0	0.410989	1
274	386	178	387	176	143	144	0.00884956	0	0.391209	1
275	613	163	610	163	143	144	0.00530973	0	0.358242	2
276	535	115	535	119	143	145	0.0283186	0	0.252747	1
277	226	51	232	52	143	145	0.0123894	0	0.112088	1
278	522	98	522	101	143	146	0.0159292	0	0.215385	1
279	361	109	360	108	144	145	0.00353982	0	0.23956	2
280	383	132	382	131	144	146	0.00353982	0	0.29011	2
281	609	153	604	152	144	146	0.0106195	0	0.336264	2
282	419	134	418	131	144	145	0.0176991	0	0.294505	2
283	615	192	612	191	144	146	0.00707965	0	0.421978	2
284	522	51	530	48	144	149	0.0300885	0	0.112088	1
285	532	136	529	136	144	148	0.00530973	0	0.298901	2
286	406	139	406	136	144	145	0.0159292	0	0.305495	1
287	590	297	601	299	144	145	0.0265487	0	0.652747	1
288	400	183	403	182	144	145	0.00707965	0	0.402198	1
289	796	430	796	429	144	145	0.00176991	0	0.945055	1
290	411	63	412	62	144	146	0.00353982	0	0.138462	1
291	204	61	216	58	144	147	0.0371681	0	0.134066	1
292	334	136	335	135	144	145	0.00353982	0	0.298901	1
293	810	420	811	418	144	149	0.00884956	0	0.923077	1
294	463	110	460	111	144	146	0.00707965	0	0.241758	2
295	629	187	623	188	144	145	0.0123894	0	0.410989	2
296	467	136	463	134	144	148	0.0141593	0	0.298901	2
297	423	120	424	116	144	146	0.0300885	0	0.263736	1
298	453	154	452	150	144	148	0.0300885	0	0.338462	2
299	525	63	535	61	144	151	0.0247788	0	0.138462	1
300	335	110	333	108	145	146	0.0106195	0	0.241758	2
301	411	39	411	38	145	146	0.00176991	0	0.0857143	1
302	345	100	343	98	145	146	0.0106195	0	0.21978	2
303	181	138	185	135	145	147	0.0230088	0	0.303297	1
304	397	197	401	194	145	146	0.0230088	0	0.432967	1
305	413	187	416	186	145	146	0.00707965	0	0.410989	1
306	322	163	324	162	145	147	0.00530973	0	0.358242	1
307	232	39	235	37	145	146	0.0123894	0	0.0857143	1
308	450	171	454	167	145	149	0.0353982	0	0.375824	1
309	192	176	192	175	145	147	0.00176991	0	0.386813	1
310	435	127	439	122	145	147	0.0513274	0	0.279121	1
311	360	118	359	117	145	146	0.00353982	0	0.259341	2
312	525	114	525	113	145	147	0.00176991	0	0.250549	1
313	388	175	390	172	145	146	0.019469	0	0.384615	1
314	608	163	604	162	145	146	0.00884956	0	0.358242	2
315	607	249	612	246	145	146	0.0247788	0	0.547253	1
316	387	119	389	117	145	147	0.0106195	0	0.261538	1
317	458	99	450	104	145	150	0.0584071	0	0.217582	2
318	418	130	419	128	146	147	0.00884956	0	0.285714	1
319	408	76	411	74	146	148	0.0123894	0	0.167033	1
320	419	51	421	50	146	147	0.00530973	0	0.112088	1
321	427	74	428	74	146	152	0.00176991	0	0.162637	1
322	486	129	482	132	146	147	0.0230088	0	0.283516	2
323	620	235	626	234	146	147	0.0123894	0	0.516484	1
324	338	136	341	135	146	147	0.00707965	0	0.298901	1
325	621	297	631	300	146	152	0.0336283	0	0.652747	1
326	342	119	347	118	146	147	0.0106195	0	0.261538	1
327	534	118	535	116	146	148	0.00884956	0	0.259341	1
328	793	434	795	433	146	147	0.00530973	0	0.953846	1
329	201	64	211	63	146	149	0.019469	0	0.140659	1
330	412	154	413	151	146	147	0.0176991	0	0.338462	1
331	407	135	407	131	146	149	0.0283186	0	0.296703	1
332	663	455	663	454	146	150	0.00176991	0	1	1
333	621	264	629	265	146	147	0.0159292	0	0.58022	1
334	611	301	621	302	146	149	0.019469	0	0.661538	1
335	410	118	412	115	146	148	0.019469	0	0.259341	1
336	332	107	331	105	147	148	0.00884956	0	0.235165	2
337	385	133	387	133	147	148	0.00353982	0	0.292308	1
338	415	39	418	37	147	149	0.0123894	0	0.0857143	1
339	201	127	203	124	147	148	0.019469	0	0.279121	1
340	617	191	605	191	147	151	0.0212389	0	0.41978	2
341	579	304	598	292	147	149	0.288496	0	0.668132	1
342	602	153	599	151	147	148	0.0123894	0	0.336264	2
343	344	95	343	93	147	148	0.00884956	0	0.208791	2
344	580	291	600	280	147	149	0.249558	0	0.63956	1
345	325	90	324	88	147	148	0.00884956	0	0.197802	2
346	410	65	411	64	147	148	0.00353982	0	0.142857	1
347	422	185	426	184	147	148	0.00884956	0	0.406593	1
348	463	112	459	113	147	149	0.00884956	0	0.246154	2
349	210	116	211	115	147	148	0.00353982	0	0.254945	1
350	393	235	401	231	147	148	0.0424779	0	0.516484	1
351	403	146	403	144	147	148	0.00707965	0	0.320879	1
352	365	171	363	170	147	150	0.00530973	0	0.375824	2
353	515	121	514	120	147	149	0.00353982	0	0.265934	2
354	820	455	819	454	147	149	0.00353982	0	1	2
355	426	116	426	114	147	148	0.00707965	0	0.254945	1
356	801	443	796	443	147	161	0.00884956	0	0.973626	2
357	408	192	411	192	148	149	0.00530973	0	0.421978	1
358	631	234	635	234	148	149	0.00707965	0	0.514286	1
359	211	156	212	156	148	149	0.00176991	0	0.342857	1
360	420	125	418	123	148	149	0.0106195	0	0.274725	2
361	189	134	197	134	148	153	0.0141593	0	0.294505	1
362	525	111	522	110	148	150	0.00707965	0	0.243956	2
363	325	162	325	160	148	149	0.00707965	0	0.356044	1
364	423	50	423	49	148	149	0.00176991	0	0.10989	1
365	439	120	437	117	148	149	0.019469	0	0.263736	2
366	219	56	221	56	148	149	0.00353982	0	0.123077	1
367	339	129	343	128	148	149	0.00884956	0	0.283516	1
368	392	123	392	123	148	149	0	0	0.27033	1
369	339	83	339	82	148	149	0.00176991	0	0.182418	1
370	474	150	473	150	148	149	0.00176991	0	0.32967	2
371	601	187	594	184	148	149	0.0283186	0	0.410989	2
372	358	123	361	121	148	149	0.0123894	0	0.27033	1
373	194	176	206	180	148	160	0.0495575	0	0.386813	1
374	413	150	412	149	148	149	0.00353982	0	0.32967	2
375	424	185	427	184	149	150	0.00707965	0	0.406593	1
376	354	102	353	102	149	150	0.00176991	0	0.224176	2
377	646	232	655	231	149	151	0.0176991	0	0.50989	1
378	425	175	426	174	149	150	0.00353982	0	0.384615	1
379	606	176	596	178	149	151	0.0247788	0	0.386813	2
380	412	74	412	75	149	151	0.00176991	0	0.162637	1
381	403	39	402	39	149	150	0.00176991	0	0.0857143	2
382	329	77	324	77	149	151	0.00884956	0	0.169231	2
383	341	101	339	102	149	150	0.00530973	0	0.221978	2
384	215	115	216	116	149	150	0.00353982	0	0.252747	1
385	419	38	424	37	150	153	0.0106195	0	0.0835165	1
386	416	191	425	185	150	153	0.079646	0	0.41978	1
387	432	138	433	137	150	152	0.00353982	0	0.303297	1
388	443	128	443	128	150	151	0	0	0.281319	1
389	205	125	205	125	150	151	0	0	0.274725	1
390	439	168	439	168	150	151	0	0	0.369231	1
391	412	121	411	122	150	151	0.00353982	0	0.265934	2
392	167	50	165	52	150	165	0.0106195	0	0.10989	2
393	425	53	426	53	150	151	0.00176991	0	0.116484	1
394	621	303	623	300	150	153	0.019469	0	0.665934	1
395	420	131	419	131	150	151	0.00176991	0	0.287912	2
396	633	255	637	254	150	151	0.00884956	0	0.56044	1
397	455	167	455	166	150	151	0.00176991	0	0.367033	1
398	327	106	324	108	150	152	0.0123894	0	0.232967	2
399	529	144	528	145	150	151	0.00353982	0	0.316484	2
400	813	418	813	421	150	165	0.0159292	0	0.918681	1
401	463	108	451	111	150	153	0.0371681	0	0.237363	2
402	531	75	532	75	150	151	0.00176991	0	0.164835	1
403	214	166	214	168	150	151	0.00707965	0	0.364835	1
404	532	117	530	118	150	151	0.00530973	0	0.257143	2
405	334	139	327	141	150	151	0.019469	0	0.305495	2
406	531	46	535	46	150	153	0.00707965	0	0.101099	1
407	613	280	624	281	150	151	0.0212389	0	0.615385	1
408	435	117	434	118	150	153	0.00353982	0	0.257143	2
409	237	53	241	53	150	151	0.00707965	0	0.116484	1
410	326	86	323	88	150	152	0.0123894	0	0.189011	2
411	179	169	188	172	150	158	0.0318584	0	0.371429	1
412	589	183	583	188	150	152	0.0548673	0	0.402198	2
413	610	113	610	113	150	156	0	0	0.248352	1
414	587	160	579	162	150	152	0.0212389	0	0.351648	2
415	376	147	378	148	150	152	0.00530973	0	0.323077	1
416	629	242	634	242	150	151	0.00884956	0	0.531868	1
417	473	152	471	152	150	153	0.00353982	0	0.334066	2
418	381	136	381	136	150	151	0	0	0.298901	1
419	433	182	435	179	151	152	0.019469	0	0.4	1
420	423	179	428	175	151	153	0.0371681	0	0.393407	1
421	352	113	351	112	151	152	0.00353982	0	0.248352	2
422	463	142	462	145	151	152	0.0176991	0	0.312088	2
423	253	50	257	50	151	152	0.00707965	0	0.10989	1
424	255	34	259	34	151	152	0.00707965	0	0.0747253	1
425	407	38	406	39	151	165	0.00353982	0	0.0835165	2
426	520	110	514	109	151	157	0.0123894	0	0.241758	2
427	403	178	406	176	151	153	0.0123894	0	0.391209	1
428	651	242	658	240	151	152	0.019469	0	0.531868	1
429	530	106	529	106	151	152	0.00176991	0	0.232967	2
430	619	195	606	196	151	153	0.0247788	0	0.428571	2
431	461	122	458	122	151	152	0.00530973	0	0.268132	2
432	619	436	618	437	151	165	0.00353982	0	0.958242	2
433	400	116	401	115	151	152	0.00353982	0	0.254945	1
434	528	145	528	145	152	153	0	0	0.318681	1
435	389	137	392	136	152	153	0.00707965	0	0.301099	1
436	594	195	586	196	152	153	0.0159292	0	0.428571	2
437	212	134	214	135	152	153	0.00530973	0	0.294505	1
438	416	123	417	123	152	153	0.00176991	0	0.27033	1
439	644	255	667	250	152	155	0.0849558	0	0.56044	1
440	416	166	417	165	152	153	0.00353982	0	0.364835	1
441	420	136	421	136	152	153	0.00176991	0	0.298901	1
442	439	169	441	168	152	153	0.00530973	0	0.371429	1
443	227	78	231	76	152	153	0.0141593	0	0.171429	1
444	267	50	267	50	152	153	0	0	0.10989	1
445	662	230	675	225	152	154	0.0672566	0	0.505495	1
446	460	182	461	183	152	155	0.00353982	0	0.4	1
447	230	129	238	132	152	155	0.0300885	0	0.283516	1
448	322	78	319	87	152	158	0.148673	0	0.171429	2
449	584	152	548	159	152	161	0.150442	0	0.334066	2
450	240	49	251	48	152	154	0.0212389	0	0.107692	1
451	416	226	418	225	152	153	0.00530973	0	0.496703	1
452	533	76	534	75	152	153	0.00353982	0	0.167033	1
453	351	112	339	109	153	159	0.0371681	0	0.246154	2
454	438	178	440	176	153	154	0.0106195	0	0.391209	1
455	444	129	446	131	153	155	0.0106195	0	0.283516	1
456	345	100	343	99	153	154	0.00530973	0	0.21978	2
457	530	106	529	106	153	154	0.00176991	0	0.232967	2
458	375	113	379	113	153	154	0.00707965	0	0.248352	1
459	316	92	314	96	153	155	0.0318584	0	0.202198	2
460	409	113	410	112	153	154	0.00353982	0	0.248352	1
461	415	186	417	184	153	154	0.0106195	0	0.408791	1
462	256	45	261	45	153	154	0.00884956	0	0.0989011	1
463	406	150	407	147	153	156	0.0176991	0	0.32967	1
464	645	240	658	237	153	155	0.0389381	0	0.527473	1
465	334	112	333	112	153	154	0.00176991	0	0.246154	2
466	206	124	208	126	153	154	0.0106195	0	0.272527	1
467	418	58	425	57	153	156	0.0141593	0	0.127473	1
468	432	49	434	47	153	154	0.0106195	0	0.107692	1
469	415	202	425	194	153	159	0.130973	0	0.443956	1
470	454	165	455	165	153	154	0.00176991	0	0.362637	1
471	634	291	645	284	153	155	0.106195	0	0.63956	1
472	531	147	531	147	154	155	0	0	0.323077	1
473	428	184	431	179	154	158	0.0495575	0	0.404396	1
474	445	116	444	117	154	157	0.00353982	0	0.254945	2
475	396	136	398	136	154	155	0.00353982	0	0.298901	1
476	430	174	431	173	154	155	0.00353982	0	0.382418	1
477	407	175	408	178	154	155	0.0176991	0	0.384615	1
478	431	74	431	74	154	155	0	0	0.162637	1
479	419	124	420	124	154	155	0.00176991	0	0.272527	1
480	236	73	240	73	154	155	0.00707965	0	0.16044	1
481	538	46	550	47	154	164	0.0230088	0	0.101099	1
482	521	142	519	141	154	155	0.00530973	0	0.312088	2
483	323	119	320	120	154	155	0.00707965	0	0.261538	2
484	576	166	569	167	154	156	0.0141593	0	0.364835	2
485	532	118	530	118	154	155	0.00353982	0	0.259341	2
486	445	166	447	166	154	155	0.00353982	0	0.364835	1
487	676	293	691	293	154	161	0.0265487	0	0.643956	1
488	417	149	419	148	154	159	0.00530973	0	0.327473	1
489	674	236	700	226	154	159	0.223009	0	0.518681	1
490	366	124	370	124	154	155	0.00707965	0	0.272527	1
491	384	149	386	150	154	155	0.00530973	0	0.327473	1
492	668	282	677	283	154	155	0.0176991	0	0.61978	1
493	470	152	467	151	154	155	0.00707965	0	0.334066	2
494	434	120	434	122	154	155	0.00707965	0	0.263736	1
495	541	81	543	81	154	155	0.00353982	0	0.178022	1
496	441	176	441	174	155	156	0.00707965	0	0.386813	1
497	429	37	431	35	155	157	0.0106195	0	0.0813187	1
498	237	163	241	166	155	157	0.0230088	0	0.358242	1
499	427	140	427	139	155	156	0.00176991	0	0.307692	1
500	325	102	321	103	155	156	0.00884956	0	0.224176	2
501	529	106	525	104	155	158	0.0141593	0	0.232967	2
502	345	123	330	124	155	163	0.0283186	0	0.27033	2
503	637	302	673	279	155	159	1	0	0.663736	1
504	315	148	309	147	155	158	0.0123894	0	0.325275	2
505	419	185	420	184	155	156	0.00353982	0	0.406593	1
506	681	224	730	211	155	164	0.385841	0	0.492308	1
507	635	289	641	281	155	156	0.123894	0	0.635165	1
508	358	121	356	120	155	156	0.00530973	0	0.265934	2
509	668	228	698	219	155	161	0.19646	0	0.501099	1
510	528	44	531	42	155	158	0.0123894	0	0.0967033	1
511	461	171	462	170	155	156	0.00353982	0	0.375824	1
512	437	47	444	44	155	159	0.0283186	0	0.103297	1
513	447	131	450	130	156	158	0.00707965	0	0.287912	1
514	430	225	434	214	156	159	0.221239	0	0.494505	1
515	462	181	459	180	156	160	0.00707965	0	0.397802	2
516	675	250	681	248	156	157	0.0176991	0	0.549451	1
517	524	130	522	129	156	158	0.00530973	0	0.285714	2
518	451	169	452	168	156	157	0.00353982	0	0.371429	1
519	215	131	216	130	156	157	0.00353982	0	0.287912	1
520	345	99	340	98	156	158	0.0106195	0	0.217582	2
521	240	133	242	133	156	157	0.00353982	0	0.292308	1
522	532	152	533	150	156	158	0.00884956	0	0.334066	1
523	528	117	523	115	156	159	0.0159292	0	0.257143	2
524	228	136	229	136	156	157	0.00176991	0	0.298901	1
525	437	135	437	134	156	157	0.00176991	0	0.296703	1
526	521	140	516	144	156	161	0.0371681	0	0.307692	2
527	665	455	662	454	156	161	0.00707965	0	1	2
528	375	123	378	121	156	157	0.0123894	0	0.27033	1
529	540	75	549	75	156	164	0.0159292	0	0.164835	1
530	432	158	439	153	156	160	0.0566372	0	0.347253	1
531	435	169	435	168	157	158	0.00176991	0	0.371429	1
532	402	129	404	127	157	158	0.0106195	0	0.283516	1
533	425	70	426	69	157	158	0.00353982	0	0.153846	1
534	318	103	315	103	157	158	0.00530973	0	0.226374	2
535	420	38	419	37	157	159	0.00353982	0	0.0835165	2
536	405	178	404	177	157	158	0.00353982	0	0.391209	2
537	362	108	360	106	157	160	0.0106195	0	0.237363	2
538	241	122	243	122	157	158	0.00353982	0	0.268132	1
539	319	136	316	135	157	158	0.00707965	0	0.298901	2
540	431	195	434	193	157	159	0.0123894	0	0.428571	1
541	401	139	402	137	157	158	0.00884956	0	0.305495	1
542	651	275	662	270	157	158	0.0637168	0	0.604396	1
543	683	296	681	292	157	161	0.0318584	0	0.650549	2
544	689	274	691	275	157	158	0.00530973	0	0.602198	1
545	433	34	434	34	158	159	0.00176991	0	0.0747253	1
546	454	168	455	168	158	159	0.00176991	0	0.369231	1
547	438	117	441	120	158	162	0.0212389	0	0.257143	1
548	243	169	243	170	158	159	0.00176991	0	0.371429	1
549	219	132	222	133	158	159	0.00707965	0	0.29011	1
550	328	141	323	140	158	159	0.0106195	0	0.30989	2
551	515	111	513	121	158	165	0.180531	0	0.243956	2
552	247	134	249	135	158	159	0.00530973	0	0.294505	1
553	448	117	451	118	158	161	0.00707965	0	0.257143	1
554	430	57	434	60	158	164	0.0230088	0	0.125275	1
555	564	171	551	173	158	160	0.0300885	0	0.375824	2
556	683	233	693	230	158	160	0.0336283	0	0.512088	1
557	320	115	316	115	158	159	0.00707965	0	0.252747	2
558	405	131	406	129	159	161	0.00884956	0	0.287912	1
559	452	131	459	134	159	164	0.0283186	0	0.287912	1
560	343	96	340	96	159	160	0.00530973	0	0.210989	2
561	309	99	307	99	159	160	0.00353982	0	0.217582	2
562	320	89	319	90	159	160	0.00353982	0	0.195604	2
563	523	104	520	107	159	162	0.0212389	0	0.228571	2
564	522	130	520	131	159	160	0.00530973	0	0.285714	2
565	423	162	423	162	159	160	0	0	0.356044	1
566	534	42	535	42	159	161	0.00176991	0	0.0923077	1
567	575	213	571	213	159	162	0.00707965	0	0.468132	2
568	313	134	309	134	159	160	0.00707965	0	0.294505	2
569	386	162	387	162	159	161	0.00176991	0	0.356044	1
570	554	61	555	63	159	162	0.00884956	0	0.134066	1
571	409	144	412	145	159	161	0.00707965	0	0.316484	1
572	276	42	280	42	159	160	0.00707965	0	0.0923077	1
573	375	138	374	138	159	160	0.00176991	0	0.303297	2
574	609	113	606	114	159	162	0.00707965	0	0.248352	2
575	233	149	233	150	160	161	0.00176991	0	0.327473	1
576	243	147	245	150	160	162	0.019469	0	0.323077	1
577	312	111	308	111	160	161	0.00707965	0	0.243956	2
578	431	74	428	74	160	162	0.00530973	0	0.162637	2
579	456	170	457	171	160	161	0.00353982	0	0.373626	1
580	613	103	611	105	160	164	0.0106195	0	0.226374	2
581	330	101	327	101	160	161	0.00530973	0	0.221978	2
582	395	147	396	146	160	161	0.00353982	0	0.323077	1
583	319	140	312	140	160	161	0.0123894	0	0.307692	2
584	418	38	417	40	160	165	0.00884956	0	0.0835165	2
585	706	226	709	224	160	161	0.0123894	0	0.496703	1
586	439	46	439	46	160	161	0	0	0.101099	1
587	296	44	299	44	160	161	0.00530973	0	0.0967033	1
588	251	137	251	139	160	162	0.00707965	0	0.301099	1
589	310	121	303	121	160	162	0.0123894	0	0.265934	2
590	239	167	239	165	161	162	0.00707965	0	0.367033	1
591	307	100	304	100	161	162	0.00530973	0	0.21978	2
592	437	34	438	34	161	162	0.00176991	0	0.0747253	1
593	432	174	434	173	161	162	0.00530973	0	0.382418	1
594	396	119	395	120	161	162	0.00353982	0	0.261538	2
595	403	168	403	170	161	162	0.00707965	0	0.369231	1
596	460	182	459	182	161	162	0.00176991	0	0.4	2
597	425	147	425	148	161	162	0.00176991	0	0.323077	1
598	429	192	436	191	161	164	0.0141593	0	0.421978	1
599	552	178	545	178	161	162	0.0123894	0	0.391209	2
600	205	180	207	179	161	164	0.00530973	0	0.395604	1
601	358	106	354	107	161	165	0.00884956	0	0.232967	2
602	396	129	397	129	161	162	0.00176991	0	0.283516	1
603	409	119	409	118	161	162	0.00176991	0	0.261538	1
604	561	202	554	205	161	163	0.0283186	0	0.443956	2
605	468	168	474	173	161	163	0.0548673	0	0.369231	1
606	542	170	522	172	161	165	0.0424779	0	0.373626	2
607	408	129	409	128	162	163	0.00353982	0	0.283516	1
608	235	153	237	155	162	163	0.0106195	0	0.336264	1
609	400	148	406	148	162	164	0.0106195	0	0.325275	1
610	306	142	300	143	162	163	0.0123894	0	0.312088	2
611	322	108	321	108	162	163	0.00176991	0	0.237363	2
612	337	101	334	102	162	163	0.00707965	0	0.221978	2
613	428	135	430	137	162	163	0.0106195	0	0.296703	1
614	458	172	460	172	162	163	0.00353982	0	0.378022	1
615	439	131	441	132	162	163	0.00530973	0	0.287912	1
616	714	222	732	220	162	165	0.0389381	0	0.487912	1
617	600	83	602	83	162	165	0.00353982	0	0.182418	1
618	421	218	429	215	162	164	0.0300885	0	0.479121	1
619	708	236	713	234	162	163	0.0159292	0	0.518681	1
620	263	47	264	48	162	165	0.00353982	0	0.103297	1
621	439	47	443	47	162	164	0.00707965	0	0.103297	1
622	790	449	790	449	162	165	0	0	0.986813	1
623	536	44	539	44	162	164	0.00530973	0	0.0967033	1
624	459	124	464	124	162	165	0.00884956	0	0.272527	1
625	694	278	696	279	162	163	0.00530973	0	0.610989	1
626	526	119	529	122	162	165	0.0212389	0	0.261538	1
627	510	106	512	110	162	165	0.0318584	0	0.232967	1
628	349	116	349	116	162	163	0	0	0.254945	1
629	303	101	300	101	163	164	0.00530973	0	0.221978	2
630	247	152	251	153	163	164	0.00884956	0	0.334066	1
631	241	168	243	171	163	164	0.019469	0	0.369231	1
632	426	164	429	165	163	164	0.00707965	0	0.36044	1
633	429	74	429	74	163	164	0	0	0.162637	1
634	441	36	443	36	163	164	0.00353982	0	0.0791209	1
635	445	161	447	161	163	164	0.00353982	0	0.353846	1
636	438	173	441	173	163	164	0.00530973	0	0.38022	1
637	309	46	314	45	163	164	0.0106195	0	0.101099	1
638	534	194	530	196	163	164	0.0141593	0	0.426374	2
639	391	166	393	164	163	164	0.0106195	0	0.364835	1
640	460	182	461	182	163	164	0.00176991	0	0.4	1
641	443	122	444	123	163	164	0.00353982	0	0.268132	1
642	399	122	399	122	163	164	0	0	0.268132	1
643	301	122	298	122	163	164	0.00530973	0	0.268132	2
644	540	180	535	180	163	164	0.00884956	0	0.395604	2
645	303	133	299	134	163	164	0.00884956	0	0.292308	2
646	409	118	409	117	163	164	0.00176991	0	0.259341	1
647	606	115	606	115	163	165	0	0	0.252747	1
648	248	138	253	141	163	165	0.0247788	0	0.303297	1
649	403	172	404	172	163	164	0.00176991	0	0.378022	1
650	458	205	461	204	163	164	0.00707965	0	0.450549	1
651	240	180	242	183	163	164	0.019469	0	0.395604	1
652	293	107	290	106	163	164	0.00707965	0	0.235165	2
653	537	160	533	160	163	164	0.00707965	0	0.351648	2
654	267	68	271	70	163	164	0.0141593	0	0.149451	1
655	728	282	740	281	163	164	0.0230088	0	0.61978	1
656	411	127	412	126	164	165	0.00353982	0	0.279121	1
657	322	109	322	110	164	165	0.00176991	0	0.23956	1
658	332	103	331	103	164	165	0.00176991	0	0.226374	2
659	294	145	291	145	164	165	0.00530973	0	0.318681	2
660	523	152	523	151	164	165	0.00176991	0	0.334066	1
661	301	46	307	46	164	165	0.0106195	0	0.101099	1
662	463	172	466	172	164	165	0.00530973	0	0.378022	1
663	549	206	544	207	164	165	0.0106195	0	0.452747	2
664	564	212	560	211	164	165	0.00884956	0	0.465934	2
665	340	118	338	118	164	165	0.00353982	0	0.259341	2
666	313	31	318	31	164	165	0.00884956	0	0.0681319	1
667	377	131	377	129	164	165	0.00707965	0	0.287912	1