
0	85	455	84	454	232	235	0.0107527	0	1	2
1	427	125	427	124	232	234	0.00537634	0	0.274725	1
2	519	454	518	453	232	239	0.0107527	0	0.997802	2
3	437	123	440	123	232	237	0.016129	0	0.27033	1
4	368	163	368	162	232	233	0.00537634	0	0.358242	1
5	827	401	826	401	232	235	0.00537634	0	0.881319	2
6	94	455	93	454	233	234	0.0107527	0	1	2
7	231	286	228	285	233	234	0.0215054	0	0.628571	2
8	192	224	191	224	233	234	0.00537634	0	0.492308	2
9	416	139	417	137	233	237	0.0268817	0	0.305495	1
10	305	455	304	454	233	234	0.0107527	0	1	2
11	380	148	380	146	233	234	0.0215054	0	0.325275	1
12	280	449	265	454	233	270	0.215054	0	0.986813	2
13	342	176	344	175	233	237	0.016129	0	0.386813	1
14	242	433	230	436	233	270	0.112903	0	0.951648	2
15	593	84	589	87	233	238	0.0698925	0	0.184615	2
16	131	436	132	436	234	236	0.00537634	0	0.958242	1
17	368	162	369	160	234	235	0.0268817	0	0.356044	1
18	387	135	391	127	234	243	0.365591	0	0.296703	1
19	358	159	359	157	234	235	0.0268817	0	0.349451	1
20	209	249	208	251	234	236	0.0268817	0	0.547253	2
21	306	173	308	174	235	237	0.016129	0	0.38022	1
22	348	133	349	130	235	236	0.0537634	0	0.292308	1
23	319	159	320	157	235	236	0.0268817	0	0.349451	1
24	348	144	350	142	235	236	0.0322581	0	0.316484	1
25	416	128	416	127	235	236	0.00537634	0	0.281319	1
26	363	139	364	138	235	236	0.0107527	0	0.305495	1
27	588	61	587	62	235	236	0.0107527	0	0.134066	2
28	192	225	192	226	235	236	0.00537634	0	0.494505	1
29	398	138	400	136	235	237	0.0322581	0	0.303297	1
30	24	454	24	454	235	237	0	0	0.997802	1
31	384	147	385	146	235	236	0.0107527	0	0.323077	1
32	381	455	379	454	236	249	0.016129	0	1	2
33	85	455	83	454	236	249	0.016129	0	1	2
34	362	156	363	154	236	237	0.0268817	0	0.342857	1
35	584	76	582	76	236	237	0.0107527	0	0.167033	2
36	424	152	424	151	236	237	0.00537634	0	0.334066	1
37	385	162	385	160	236	237	0.0215054	0	0.356044	1
38	597	58	596	58	236	237	0.00537634	0	0.127473	2
39	188	263	188	261	236	237	0.0215054	0	0.578022	1
40	827	402	825	401	236	249	0.016129	0	0.883516	2
41	94	455	92	454	237	249	0.016129	0	1	2
42	216	286	210	287	237	238	0.0376344	0	0.628571	2
43	364	137	363	136	237	238	0.0107527	0	0.301099	2
44	271	181	272	174	237	240	0.268817	0	0.397802	1
45	565	190	564	189	237	242	0.0107527	0	0.417582	2
46	359	170	359	169	237	238	0.00537634	0	0.373626	1
47	238	206	236	204	237	239	0.0322581	0	0.452747	2
48	379	125	379	123	237	238	0.0215054	0	0.274725	1
49	393	455	392	454	237	249	0.0107527	0	1	2
50	205	238	203	241	237	238	0.0591398	0	0.523077	2
51	195	140	195	134	237	241	0.193548	0	0.307692	1
52	372	181	372	180	237	238	0.00537634	0	0.397802	1
53	306	175	304	174	238	239	0.016129	0	0.384615	2
54	137	442	136	441	238	239	0.0107527	0	0.971429	2
55	352	126	352	124	238	239	0.0215054	0	0.276923	1
56	567	142	569	142	238	241	0.0107527	0	0.312088	1
57	63	443	46	444	238	268	0.0967742	0	0.973626	2
58	580	77	577	77	238	239	0.016129	0	0.169231	2
59	416	127	415	126	238	239	0.0107527	0	0.279121	2
60	329	142	329	140	238	239	0.0215054	0	0.312088	1
61	134	432	132	431	238	242	0.016129	0	0.949451	2
62	152	248	149	246	238	240	0.0376344	0	0.545055	2
63	437	136	436	134	238	239	0.0268817	0	0.298901	2
64	234	288	231	287	238	241	0.0215054	0	0.632967	2
65	304	455	302	454	238	241	0.016129	0	1	2
66	596	58	595	57	238	239	0.0107527	0	0.127473	2
67	47	455	45	454	238	241	0.016129	0	1	2
68	65	144	51	144	238	270	0.0752688	0	0.316484	2
69	386	160	386	159	238	239	0.00537634	0	0.351648	1
70	417	138	417	137	238	239	0.00537634	0	0.303297	1
71	193	217	151	229	238	247	1	0	0.476923	2
72	246	195	247	193	238	241	0.0268817	0	0.428571	1
73	182	139	181	138	239	240	0.0107527	0	0.305495	2
74	364	135	363	134	239	240	0.0107527	0	0.296703	2
75	380	122	380	119	239	241	0.0483871	0	0.268132	1
76	200	294	196	296	239	242	0.0430108	0	0.646154	2
77	351	167	351	165	239	240	0.0215054	0	0.367033	1
78	436	117	436	115	240	241	0.0215054	0	0.257143	1
79	304	174	304	173	240	241	0.00537634	0	0.382418	1
80	135	441	136	441	240	244	0.00537634	0	0.969231	1
81	332	149	335	146	240	241	0.0645161	0	0.327473	1
82	332	138	342	134	240	243	0.139785	0	0.303297	1
83	431	127	432	126	240	241	0.0107527	0	0.279121	1
84	324	165	328	163	240	241	0.0430108	0	0.362637	1
85	24	139	27	136	240	257	0.0645161	0	0.305495	1
86	516	453	516	453	240	243	0	0	0.995604	1
87	236	207	236	207	240	241	0	0	0.454945	1
88	416	125	419	123	240	242	0.0376344	0	0.274725	1
89	355	122	356	120	240	241	0.0268817	0	0.268132	1
90	121	449	127	449	240	251	0.0322581	0	0.986813	1
91	614	58	604	59	240	265	0.0591398	0	0.127473	2
92	143	266	142	265	240	241	0.0107527	0	0.584615	2
93	572	78	566	77	240	242	0.0376344	0	0.171429	2
94	367	156	371	153	240	243	0.0698925	0	0.342857	1
95	594	58	584	58	240	258	0.0537634	0	0.127473	2
96	515	442	520	442	240	250	0.0268817	0	0.971429	1
97	166	282	167	282	241	242	0.00537634	0	0.61978	1
98	183	236	181	235	241	242	0.016129	0	0.518681	2
99	349	135	351	133	241	242	0.0322581	0	0.296703	1
100	355	205	355	205	241	242	0	0	0.450549	1
101	273	174	276	172	241	242	0.0376344	0	0.382418	1
102	180	136	180	136	241	242	0	0	0.298901	1
103	351	164	353	162	241	242	0.0322581	0	0.36044	1
104	197	154	198	154	241	243	0.00537634	0	0.338462	1
105	259	201	258	201	242	243	0.00537634	0	0.441758	2
106	433	125	435	124	242	243	0.016129	0	0.274725	1
107	306	172	317	171	242	244	0.0645161	0	0.378022	1
108	323	163	326	162	242	243	0.0215054	0	0.358242	1
109	163	265	163	265	242	244	0	0	0.582418	1
110	571	142	575	140	242	245	0.0430108	0	0.312088	1
111	353	178	358	175	242	244	0.0752688	0	0.391209	1
112	390	177	393	177	242	243	0.016129	0	0.389011	1
113	136	287	143	285	242	247	0.0591398	0	0.630769	1
114	577	85	574	84	242	243	0.0215054	0	0.186813	2
115	383	117	385	116	242	243	0.016129	0	0.257143	1
116	145	265	144	264	242	243	0.0107527	0	0.582418	2
117	361	136	360	136	242	243	0.00537634	0	0.298901	2
118	376	171	376	170	242	243	0.00537634	0	0.375824	1
119	441	114	443	112	243	244	0.0322581	0	0.250549	1
120	159	181	160	181	243	245	0.00537634	0	0.397802	1
121	566	188	567	186	243	244	0.0268817	0	0.413187	1
122	168	282	168	281	243	245	0.00537634	0	0.61978	1
123	187	156	188	155	243	244	0.0107527	0	0.342857	1
124	357	204	358	204	243	244	0.00537634	0	0.448352	1
125	573	66	569	65	243	244	0.0268817	0	0.145055	2
126	354	160	355	158	243	244	0.0268817	0	0.351648	1
127	570	127	574	125	243	245	0.0430108	0	0.279121	1
128	280	172	284	171	243	244	0.0268817	0	0.378022	1
129	132	431	139	432	243	255	0.0430108	0	0.947253	1
130	366	164	367	162	243	244	0.0268817	0	0.36044	1
131	398	187	402	188	243	244	0.0268817	0	0.410989	1
132	200	289	201	289	243	244	0.00537634	0	0.635165	1
133	503	155	514	162	243	254	0.322581	0	0.340659	1
134	195	123	195	121	243	244	0.0215054	0	0.27033	1
135	258	202	258	200	244	245	0.0215054	0	0.443956	1
136	374	146	376	145	244	245	0.016129	0	0.320879	1
137	166	155	166	154	244	245	0.00537634	0	0.340659	1
138	434	126	439	124	244	246	0.0483871	0	0.276923	1
139	164	165	164	164	244	245	0.00537634	0	0.362637	1
140	392	127	392	126	244	245	0.00537634	0	0.279121	1
141	346	135	348	134	244	245	0.016129	0	0.296703	1
142	571	84	568	83	244	245	0.0215054	0	0.184615	2
143	198	155	198	154	244	245	0.00537634	0	0.340659	1
144	516	453	517	452	244	248	0.0107527	0	0.995604	1
145	384	153	385	153	244	245	0.00537634	0	0.336264	1
146	303	455	302	454	244	246	0.0107527	0	1	2
147	202	134	203	131	244	245	0.0537634	0	0.294505	1
148	442	138	446	137	244	246	0.0268817	0	0.303297	1
149	174	250	170	250	244	245	0.0215054	0	0.549451	2
150	423	125	426	123	244	245	0.0376344	0	0.274725	1
151	165	233	154	236	244	246	0.107527	0	0.512088	2
152	385	172	387	171	244	245	0.016129	0	0.378022	1
153	45	455	45	454	244	246	0.00537634	0	1	1
154	383	112	388	111	244	246	0.0322581	0	0.246154	1
155	154	161	157	161	244	248	0.016129	0	0.353846	1
156	568	187	568	187	245	246	0	0	0.410989	1
157	343	156	345	155	245	246	0.016129	0	0.342857	1
158	137	444	136	445	245	257	0.0107527	0	0.975824	2
159	142	265	140	264	245	246	0.016129	0	0.582418	2
160	371	159	372	158	245	246	0.0107527	0	0.349451	1
161	558	78	550	77	245	247	0.0483871	0	0.171429	2
162	203	291	202	291	245	248	0.00537634	0	0.63956	2
163	152	260	150	259	245	246	0.016129	0	0.571429	2
164	439	115	441	114	245	246	0.016129	0	0.252747	1
165	566	66	561	65	245	246	0.0322581	0	0.145055	2
166	408	190	414	190	245	250	0.0322581	0	0.417582	1
167	362	119	364	118	245	246	0.016129	0	0.261538	1
168	739	447	746	446	245	255	0.0430108	0	0.982418	1
169	558	188	559	188	245	246	0.00537634	0	0.413187	1
170	403	164	405	165	245	246	0.016129	0	0.36044	1
171	350	52	349	52	245	251	0.00537634	0	0.114286	2
172	260	198	278	199	246	249	0.102151	0	0.435165	1
173	387	153	390	153	246	248	0.016129	0	0.336264	1
174	362	175	363	174	246	247	0.0107527	0	0.384615	1
175	377	146	380	145	246	248	0.0215054	0	0.320879	1
176	205	129	211	124	246	250	0.166667	0	0.283516	1
177	296	166	300	165	246	247	0.0268817	0	0.364835	1
178	387	174	388	174	246	247	0.00537634	0	0.382418	1
179	289	156	312	157	246	251	0.129032	0	0.342857	1
180	566	85	557	84	246	248	0.0537634	0	0.186813	2
181	503	181	501	181	246	247	0.0107527	0	0.397802	2
182	577	142	578	143	246	247	0.0107527	0	0.312088	1
183	195	124	196	122	246	248	0.0268817	0	0.272527	1
184	310	99	311	100	246	248	0.0107527	0	0.217582	1
185	576	127	577	127	246	247	0.00537634	0	0.279121	1
186	512	192	514	195	246	251	0.0591398	0	0.421978	1
187	386	135	386	135	246	247	0	0	0.296703	1
188	456	128	458	128	246	247	0.0107527	0	0.281319	1
189	161	183	161	183	247	248	0	0	0.402198	1
190	443	125	448	123	247	249	0.0483871	0	0.274725	1
191	451	112	452	112	247	248	0.00537634	0	0.246154	1
192	409	167	410	168	247	248	0.0107527	0	0.367033	1
193	375	158	377	158	247	248	0.0107527	0	0.347253	1
194	361	134	361	133	247	248	0.00537634	0	0.294505	1
195	135	267	132	269	247	248	0.0376344	0	0.586813	2
196	162	250	152	251	247	248	0.0591398	0	0.549451	2
197	166	153	173	150	247	251	0.0860215	0	0.336264	1
198	166	164	167	162	247	248	0.0268817	0	0.36044	1
199	433	119	439	118	247	250	0.0376344	0	0.261538	1
200	347	142	348	142	247	248	0.00537634	0	0.312088	1
201	361	155	362	154	247	248	0.0107527	0	0.340659	1
202	303	455	303	454	247	248	0.00537634	0	1	1
203	342	170	346	168	247	248	0.0430108	0	0.373626	1
204	405	180	405	179	247	248	0.00537634	0	0.395604	1
205	556	65	551	64	247	248	0.0322581	0	0.142857	2
206	494	156	502	158	247	256	0.0645161	0	0.342857	1
207	367	174	370	173	248	249	0.0215054	0	0.382418	1
208	500	181	498	181	248	250	0.0107527	0	0.397802	2
209	585	153	610	153	248	254	0.134409	0	0.336264	1
210	386	133	387	132	248	249	0.0107527	0	0.292308	1
211	576	142	581	144	248	250	0.0483871	0	0.312088	1
212	304	165	312	166	248	250	0.0483871	0	0.362637	1
213	336	173	338	173	248	249	0.0107527	0	0.38022	1
214	459	128	461	128	248	249	0.0107527	0	0.281319	1
215	376	122	379	123	248	251	0.0215054	0	0.268132	1
216	547	77	538	75	248	251	0.0698925	0	0.169231	2
217	508	203	515	206	248	254	0.0860215	0	0.446154	1
218	463	165	464	165	248	249	0.00537634	0	0.362637	1
219	127	242	124	241	248	249	0.0215054	0	0.531868	2
220	162	183	163	183	249	250	0.00537634	0	0.402198	1
221	351	142	353	142	249	250	0.0107527	0	0.312088	1
222	133	275	136	281	249	251	0.209677	0	0.604396	1
223	148	244	141	244	249	250	0.0376344	0	0.536264	2
224	392	154	402	152	249	254	0.0752688	0	0.338462	1
225	167	168	169	167	249	250	0.016129	0	0.369231	1
226	569	192	570	192	249	250	0.00537634	0	0.421978	1
227	201	146	203	145	249	250	0.016129	0	0.320879	1
228	389	142	390	142	249	250	0.00537634	0	0.312088	1
229	369	153	375	152	249	251	0.0376344	0	0.336264	1
230	162	292	152	297	249	250	0.188172	0	0.641758	2
231	177	167	188	165	249	252	0.0806452	0	0.367033	1
232	199	121	207	121	249	252	0.0430108	0	0.265934	1
233	519	453	526	453	249	253	0.0376344	0	0.995604	1
234	554	84	551	83	249	250	0.0215054	0	0.184615	2
235	343	174	349	173	250	252	0.0376344	0	0.382418	1
236	412	169	413	168	250	251	0.0107527	0	0.371429	1
237	452	122	455	121	250	251	0.0215054	0	0.268132	1
238	177	177	185	177	250	252	0.0430108	0	0.389011	1
239	370	168	376	167	250	251	0.0376344	0	0.369231	1
240	363	132	366	131	250	251	0.0215054	0	0.29011	1
241	388	132	391	131	250	251	0.0215054	0	0.29011	1
242	289	204	300	204	250	251	0.0591398	0	0.448352	1
243	365	142	368	141	250	251	0.0215054	0	0.312088	1
244	383	159	387	158	250	251	0.0268817	0	0.349451	1
245	141	230	137	232	250	252	0.0430108	0	0.505495	2
246	371	178	377	177	250	251	0.0376344	0	0.391209	1
247	466	127	469	127	250	251	0.016129	0	0.279121	1
248	405	125	412	125	250	251	0.0376344	0	0.274725	1
249	404	115	435	116	250	257	0.172043	0	0.252747	1
250	314	102	317	102	250	251	0.016129	0	0.224176	1
251	180	143	188	147	250	256	0.129032	0	0.314286	1
252	30	455	28	454	251	256	0.016129	0	1	2
253	382	455	371	454	251	263	0.0645161	0	1	2
254	443	119	444	118	251	252	0.0107527	0	0.261538	1
255	173	167	180	168	251	254	0.0430108	0	0.367033	1
256	166	183	168	182	251	258	0.016129	0	0.402198	1
257	358	142	361	141	251	252	0.0215054	0	0.312088	1
258	311	172	315	171	251	252	0.0268817	0	0.378022	1
259	136	248	132	247	251	252	0.0268817	0	0.545055	2
260	549	80	544	80	251	253	0.0268817	0	0.175824	2
261	573	193	581	191	251	254	0.0645161	0	0.424176	1
262	24	431	26	431	251	255	0.0107527	0	0.947253	1
263	148	303	151	305	251	255	0.0376344	0	0.665934	1
264	205	146	211	147	251	253	0.0376344	0	0.320879	1
265	524	443	525	442	251	256	0.0107527	0	0.973626	1
266	592	187	599	185	251	252	0.0591398	0	0.410989	1
267	587	145	592	144	251	252	0.0322581	0	0.318681	1
268	396	455	385	454	251	261	0.0645161	0	1	2
269	361	172	362	175	251	252	0.0537634	0	0.378022	1
270	132	263	131	265	251	252	0.0268817	0	0.578022	2
271	456	111	458	111	251	252	0.0107527	0	0.243956	1
272	126	437	110	439	252	270	0.107527	0	0.96044	2
273	41	455	28	454	252	261	0.0752688	0	1	2
274	459	122	461	121	252	253	0.016129	0	0.268132	1
275	370	131	372	129	252	253	0.0322581	0	0.287912	1
276	175	152	179	154	252	255	0.0430108	0	0.334066	1
277	314	201	322	197	252	253	0.129032	0	0.441758	1
278	372	141	375	140	252	253	0.0215054	0	0.30989	1
279	516	196	519	195	252	255	0.0215054	0	0.430769	1
280	420	124	425	123	252	253	0.0322581	0	0.272527	1
281	159	304	160	303	252	254	0.0107527	0	0.668132	1
282	514	183	516	183	252	254	0.0107527	0	0.402198	1
283	316	108	318	107	252	253	0.016129	0	0.237363	1
284	538	68	534	68	252	253	0.0215054	0	0.149451	2
285	449	132	454	133	252	254	0.0322581	0	0.29011	1
286	412	143	412	142	252	253	0.00537634	0	0.314286	1
287	377	179	379	180	252	253	0.016129	0	0.393407	1
288	409	161	410	161	252	253	0.00537634	0	0.353846	1
289	100	455	86	454	253	262	0.0806452	0	1	2
290	189	178	191	179	253	254	0.016129	0	0.391209	1
291	365	177	367	177	253	254	0.0107527	0	0.389011	1
292	365	140	369	138	253	254	0.0430108	0	0.307692	1
293	135	233	131	233	253	254	0.0215054	0	0.512088	2
294	502	181	493	186	253	261	0.182796	0	0.397802	2
295	353	173	355	172	253	254	0.016129	0	0.38022	1
296	597	144	602	143	253	254	0.0322581	0	0.316484	1
297	446	119	448	119	253	254	0.0107527	0	0.261538	1
298	468	132	469	132	253	254	0.00537634	0	0.29011	1
299	479	126	481	127	253	255	0.016129	0	0.276923	1
300	322	158	330	157	253	255	0.0483871	0	0.347253	1
301	424	159	424	158	253	254	0.00537634	0	0.349451	1
302	211	122	213	122	253	254	0.0107527	0	0.268132	1
303	108	241	102	241	253	254	0.0322581	0	0.52967	2
304	786	35	768	37	253	270	0.11828	0	0.0769231	2
305	329	168	331	166	254	255	0.0322581	0	0.369231	1
306	89	455	74	454	254	261	0.0860215	0	1	2
307	458	123	453	125	254	258	0.0483871	0	0.27033	2
308	384	159	388	159	254	255	0.0215054	0	0.349451	1
309	330	195	336	196	254	256	0.0376344	0	0.428571	1
310	413	143	412	141	254	255	0.0268817	0	0.314286	2
311	749	57	730	59	254	270	0.123656	0	0.125275	2
312	530	77	525	77	254	255	0.0268817	0	0.169231	2
313	365	177	362	176	255	256	0.0215054	0	0.389011	2
314	113	250	104	248	255	256	0.0698925	0	0.549451	2
315	395	139	392	138	255	256	0.0215054	0	0.305495	2
316	403	152	400	151	255	256	0.0215054	0	0.334066	2
317	173	164	163	169	255	258	0.188172	0	0.36044	2
318	416	163	414	162	255	256	0.016129	0	0.358242	2
319	433	125	434	125	255	256	0.00537634	0	0.274725	1
320	586	191	591	192	255	256	0.0322581	0	0.41978	1
321	613	192	610	193	255	256	0.0215054	0	0.421978	2
322	161	301	157	300	255	256	0.0268817	0	0.661538	2
323	605	145	630	148	255	266	0.182796	0	0.318681	1
324	398	125	396	123	255	256	0.0322581	0	0.274725	2
325	553	450	544	450	255	257	0.0483871	0	0.989011	2
326	219	148	218	147	255	256	0.0107527	0	0.325275	2
327	471	134	464	135	255	258	0.0430108	0	0.294505	2
328	216	123	214	123	255	256	0.0107527	0	0.27033	2
329	469	121	463	123	255	258	0.0537634	0	0.265934	2
330	197	170	196	171	255	256	0.0107527	0	0.373626	2
331	138	257	127	254	255	256	0.107527	0	0.564835	2
332	746	32	728	35	255	270	0.145161	0	0.0703297	2
333	426	159	423	158	255	256	0.0215054	0	0.349451	2
334	185	166	183	166	255	256	0.0107527	0	0.364835	2
335	158	110	130	111	255	267	0.155914	0	0.241758	2
336	95	243	71	242	255	257	0.134409	0	0.534066	2
337	363	145	364	144	255	256	0.0107527	0	0.318681	1
338	514	162	505	161	255	261	0.0537634	0	0.356044	2
339	615	152	623	151	255	261	0.0483871	0	0.334066	1
340	309	455	296	454	255	261	0.0752688	0	1	2
341	458	169	447	171	255	263	0.0806452	0	0.371429	2
342	290	370	273	372	255	270	0.112903	0	0.813187	2
343	381	189	381	190	255	256	0.00537634	0	0.415385	1
344	744	446	731	445	256	264	0.0752688	0	0.98022	2
345	177	155	165	159	256	262	0.150538	0	0.340659	2
346	333	164	333	164	256	257	0	0	0.36044	1
347	35	161	27	162	256	260	0.0483871	0	0.353846	2
348	392	161	392	161	256	257	0	0	0.353846	1
349	363	132	361	131	256	257	0.016129	0	0.29011	2
350	481	126	474	125	256	259	0.0430108	0	0.276923	2
351	448	120	445	120	256	257	0.016129	0	0.263736	2
352	344	178	343	178	256	257	0.00537634	0	0.391209	2
353	513	198	506	197	256	258	0.0430108	0	0.435165	2
354	395	190	394	190	256	257	0.00537634	0	0.417582	2
355	136	433	123	435	256	270	0.0913978	0	0.951648	2
356	37	422	26	423	256	264	0.0645161	0	0.927473	2
357	326	86	317	86	256	259	0.0483871	0	0.189011	2
358	412	140	407	139	256	257	0.0322581	0	0.307692	2
359	72	419	59	421	256	270	0.0913978	0	0.920879	2
360	358	176	354	173	257	258	0.0698925	0	0.386813	2
361	195	173	189	173	257	260	0.0322581	0	0.38022	2
362	333	199	332	201	257	260	0.0268817	0	0.437363	2
363	385	141	379	140	257	258	0.0376344	0	0.30989	2
364	183	151	171	151	257	265	0.0645161	0	0.331868	2
365	397	134	394	133	257	258	0.0215054	0	0.294505	2
366	212	124	209	122	257	260	0.0376344	0	0.272527	2
367	381	192	377	191	257	258	0.0268817	0	0.421978	2
368	123	256	108	261	257	258	0.215054	0	0.562637	2
369	392	124	389	121	257	259	0.0645161	0	0.272527	2
370	92	246	81	244	257	258	0.0806452	0	0.540659	2
371	823	402	815	404	257	270	0.0645161	0	0.883516	2
372	314	197	316	197	257	258	0.0107527	0	0.432967	1
373	254	455	248	454	257	260	0.0376344	0	1	2
374	609	135	632	135	257	266	0.123656	0	0.296703	1
375	124	442	120	445	258	270	0.0698925	0	0.971429	2
376	361	143	360	141	258	259	0.0268817	0	0.314286	2
377	388	186	389	185	258	259	0.0107527	0	0.408791	1
378	359	131	365	128	258	261	0.0806452	0	0.287912	1
379	379	173	378	172	258	259	0.0107527	0	0.38022	2
380	332	165	337	164	258	259	0.0322581	0	0.362637	1
381	186	183	183	184	258	260	0.0215054	0	0.402198	2
382	356	121	356	119	258	259	0.0215054	0	0.265934	1
383	165	199	165	199	258	259	0	0	0.437363	1
384	100	243	91	244	258	259	0.0537634	0	0.534066	2
385	523	450	520	451	258	266	0.0215054	0	0.989011	2
386	578	455	576	454	258	259	0.016129	0	1	2
387	167	183	168	185	259	261	0.0268817	0	0.402198	1
388	231	452	232	454	259	263	0.0268817	0	0.993407	1
389	380	151	383	151	259	260	0.016129	0	0.331868	1
390	464	124	466	124	259	260	0.0107527	0	0.272527	1
391	393	132	395	131	259	260	0.016129	0	0.29011	1
392	399	192	404	194	259	260	0.0483871	0	0.421978	1
393	162	170	158	170	259	265	0.0215054	0	0.373626	2
394	454	128	462	130	259	261	0.0645161	0	0.281319	1
395	505	195	507	195	259	261	0.0107527	0	0.428571	1
396	574	57	573	57	259	261	0.00537634	0	0.125275	2
397	210	133	211	133	259	260	0.00537634	0	0.292308	1
398	464	135	466	136	259	260	0.016129	0	0.296703	1
399	398	159	403	159	260	261	0.0268817	0	0.349451	1
400	362	141	363	140	260	261	0.0107527	0	0.30989	1
401	81	309	82	310	260	261	0.0107527	0	0.679121	1
402	323	88	324	87	260	261	0.0107527	0	0.193407	1
403	78	248	70	249	260	261	0.0483871	0	0.545055	2
404	492	76	488	76	260	261	0.0215054	0	0.167033	2
405	403	181	412	183	260	262	0.0698925	0	0.397802	1
406	373	147	373	148	260	261	0.00537634	0	0.323077	1
407	615	187	621	188	260	261	0.0376344	0	0.410989	1
408	376	172	376	171	260	261	0.00537634	0	0.378022	1
409	476	128	478	128	260	261	0.0107527	0	0.281319	1
410	42	240	26	242	260	262	0.107527	0	0.527473	2
411	387	114	390	113	260	261	0.0215054	0	0.250549	1
412	466	450	462	453	260	270	0.0698925	0	0.989011	2
413	159	113	141	112	260	267	0.102151	0	0.248352	2
414	335	203	348	202	261	264	0.0752688	0	0.446154	1
415	361	167	366	167	261	262	0.0268817	0	0.367033	1
416	604	193	617	195	261	263	0.0913978	0	0.424176	1
417	357	157	362	155	261	262	0.0483871	0	0.345055	1
418	103	282	83	283	261	264	0.112903	0	0.61978	2
419	31	164	28	167	261	265	0.0645161	0	0.36044	2
420	189	174	185	172	261	264	0.0430108	0	0.382418	2
421	458	120	463	120	261	262	0.0268817	0	0.263736	1
422	41	272	25	267	261	262	0.22043	0	0.597802	2
423	169	201	161	202	261	266	0.0483871	0	0.441758	2
424	448	120	450	120	261	262	0.0107527	0	0.263736	1
425	336	448	332	450	261	270	0.0430108	0	0.984615	2
426	352	198	358	198	262	263	0.0322581	0	0.435165	1
427	174	179	173	178	262	263	0.0107527	0	0.393407	2
428	170	189	169	191	262	264	0.0268817	0	0.415385	2
429	468	130	471	131	262	263	0.0215054	0	0.285714	1
430	214	148	214	148	262	263	0	0	0.325275	1
431	626	193	629	196	262	263	0.0645161	0	0.424176	1
432	375	134	375	134	262	263	0	0	0.294505	1
433	628	153	632	154	262	263	0.0268817	0	0.336264	1
434	375	147	374	148	262	263	0.0107527	0	0.323077	2
435	385	131	387	133	262	263	0.0322581	0	0.287912	1
436	482	78	475	77	262	263	0.0430108	0	0.171429	2
437	501	163	502	164	262	266	0.0107527	0	0.358242	1
438	413	198	415	200	262	266	0.0322581	0	0.435165	1
439	400	148	404	149	262	263	0.0268817	0	0.325275	1
440	71	247	63	246	262	263	0.0483871	0	0.542857	2
441	443	149	445	150	262	263	0.016129	0	0.327473	1
442	576	57	567	58	262	267	0.0537634	0	0.125275	2
443	407	161	410	162	262	263	0.0215054	0	0.353846	1
444	517	198	519	200	262	264	0.0322581	0	0.435165	1
445	37	254	24	253	263	264	0.0752688	0	0.558242	2
446	385	183	384	183	263	264	0.00537634	0	0.402198	2
447	397	131	397	131	263	264	0	0	0.287912	1
448	459	123	461	121	263	264	0.0322581	0	0.27033	1
449	48	248	37	249	263	264	0.0645161	0	0.545055	2
450	385	145	384	145	263	264	0.00537634	0	0.318681	2
451	470	121	470	118	263	266	0.0483871	0	0.265934	1
452	68	275	57	280	263	264	0.193548	0	0.604396	2
453	180	199	177	200	263	264	0.0215054	0	0.437363	2
454	165	160	154	157	263	269	0.107527	0	0.351648	2
455	217	127	215	124	263	265	0.0591398	0	0.279121	2
456	359	153	363	153	263	264	0.0215054	0	0.336264	1
457	537	439	536	440	263	270	0.0107527	0	0.964835	2
458	478	158	478	158	263	264	0	0	0.347253	1
459	224	454	215	453	264	267	0.0537634	0	0.997802	2
460	386	133	384	132	264	265	0.016129	0	0.292308	2
461	385	155	383	154	264	265	0.016129	0	0.340659	2
462	211	147	204	141	264	268	0.231183	0	0.323077	2
463	473	130	470	126	264	267	0.102151	0	0.285714	2
464	85	455	75	454	264	268	0.0591398	0	1	2
465	363	198	365	199	264	265	0.016129	0	0.435165	1
466	401	182	402	181	264	265	0.0107527	0	0.4	1
467	636	155	638	154	264	265	0.016129	0	0.340659	1
468	370	455	359	454	264	267	0.0645161	0	1	2
469	327	210	335	208	264	266	0.0645161	0	0.461538	1
470	412	162	409	162	264	266	0.016129	0	0.356044	2
471	444	152	439	151	264	266	0.0322581	0	0.334066	2
472	319	86	312	84	264	266	0.0591398	0	0.189011	2
473	470	77	461	76	264	265	0.0537634	0	0.169231	2
474	728	445	722	445	265	269	0.0322581	0	0.978022	2
475	374	135	370	135	265	266	0.0215054	0	0.296703	2
476	353	203	357	203	265	266	0.0215054	0	0.446154	1
477	394	134	391	134	265	266	0.016129	0	0.294505	2
478	168	191	163	190	265	266	0.0322581	0	0.41978	2
479	637	193	643	190	265	266	0.0806452	0	0.424176	1
480	178	185	174	184	265	266	0.0268817	0	0.406593	2
481	71	455	64	454	265	267	0.0430108	0	1	2
482	378	166	380	166	265	266	0.0107527	0	0.364835	1
483	408	151	406	151	265	266	0.0107527	0	0.331868	2
484	500	203	498	204	265	267	0.016129	0	0.446154	2
485	184	172	176	172	265	269	0.0430108	0	0.378022	2
486	231	454	226	454	265	269	0.0268817	0	0.997802	2
487	521	202	519	203	265	268	0.016129	0	0.443956	2
488	462	120	460	118	265	266	0.0322581	0	0.263736	2
489	469	147	467	146	265	266	0.016129	0	0.323077	2
490	171	163	163	161	265	268	0.0645161	0	0.358242	2
491	391	121	388	122	265	267	0.0215054	0	0.265934	2
492	364	129	361	130	265	266	0.0215054	0	0.283516	2
493	699	46	696	47	265	270	0.0215054	0	0.101099	2
494	326	52	311	52	265	269	0.0806452	0	0.114286	2
495	677	62	677	63	266	270	0.00537634	0	0.136264	1
496	626	198	626	197	266	268	0.00537634	0	0.435165	1
497	507	193	508	192	266	267	0.0107527	0	0.424176	1
498	640	156	642	154	266	267	0.0322581	0	0.342857	1
499	205	126	206	123	266	269	0.0537634	0	0.276923	1
500	403	181	403	180	266	267	0.00537634	0	0.397802	1
501	168	149	166	151	266	270	0.0322581	0	0.327473	2
502	154	169	153	172	266	270	0.0537634	0	0.371429	2
503	402	129	401	129	266	267	0.00537634	0	0.283516	2
504	313	74	310	73	266	267	0.0215054	0	0.162637	2
505	451	76	436	75	266	268	0.0860215	0	0.167033	2
506	372	138	371	137	267	268	0.0107527	0	0.303297	2
507	364	203	372	203	267	268	0.0430108	0	0.446154	1
508	160	191	158	191	267	268	0.0107527	0	0.41978	2
509	632	148	648	150	267	270	0.107527	0	0.325275	1
510	170	184	168	187	267	269	0.0591398	0	0.404396	2
511	391	134	391	133	267	268	0.00537634	0	0.294505	1
512	408	165	408	165	267	268	0	0	0.362637	1
513	503	180	503	179	267	268	0.00537634	0	0.395604	1
514	649	189	655	190	267	268	0.0376344	0	0.415385	1
515	403	151	404	151	267	268	0.00537634	0	0.331868	1
516	459	116	459	113	267	268	0.0483871	0	0.254945	1
517	454	133	455	132	267	268	0.0107527	0	0.292308	1
518	310	83	308	82	267	268	0.016129	0	0.182418	2
519	469	116	469	114	267	268	0.0215054	0	0.254945	1
520	449	113	449	111	267	268	0.0215054	0	0.248352	1
521	475	137	478	136	267	269	0.0215054	0	0.301099	1
522	483	170	481	169	267	268	0.016129	0	0.373626	2
523	359	131	362	132	267	270	0.0215054	0	0.287912	1
524	418	182	425	184	267	269	0.0591398	0	0.4	1
525	438	151	449	153	267	270	0.0806452	0	0.331868	1
526	413	199	414	198	267	268	0.0107527	0	0.437363	1
527	384	162	390	163	268	269	0.0376344	0	0.356044	1
528	514	190	518	190	268	269	0.0215054	0	0.417582	1
529	470	125	477	124	268	270	0.0430108	0	0.274725	1
530	566	58	566	58	268	269	0	0	0.127473	1
531	369	185	377	186	268	269	0.0483871	0	0.406593	1
532	688	57	694	58	268	270	0.0376344	0	0.125275	1
533	138	74	141	76	268	270	0.0376344	0	0.162637	1
534	410	175	416	177	268	269	0.0537634	0	0.384615	1
535	457	63	453	65	268	270	0.0430108	0	0.138462	2
536	355	160	358	160	268	269	0.016129	0	0.351648	1
537	634	130	646	132	268	270	0.0860215	0	0.285714	1
538	473	419	478	420	268	270	0.0322581	0	0.920879	1
539	332	435	337	436	268	270	0.0322581	0	0.956044	1
540	342	190	347	191	268	270	0.0322581	0	0.417582	1
541	374	148	376	148	269	270	0.0107527	0	0.325275	1
542	384	203	394	202	269	270	0.0591398	0	0.446154	1
543	158	193	160	195	269	270	0.0322581	0	0.424176	1
544	407	187	414	188	269	270	0.0430108	0	0.410989	1
545	407	153	413	154	269	270	0.0376344	0	0.336264	1
546	507	180	511	180	269	270	0.0215054	0	0.395604	1
547	307	90	310	90	269	270	0.016129	0	0.197802	1
548	468	113	472	112	269	270	0.0268817	0	0.248352	1
549	360	178	363	178	269	270	0.016129	0	0.391209	1
550	37	292	32	290	269	270	0.0483871	0	0.641758	2
551	507	164	512	163	269	270	0.0322581	0	0.36044	1
552	459	134	464	134	269	270	0.0268817	0	0.294505	1
553	432	74	429	74	269	270	0.016129	0	0.162637	2
554	520	201	524	201	269	270	0.0215054	0	0.441758	1
555	509	152	513	152	269	270	0.0215054	0	0.334066	1
556	97	432	100	432	269	270	0.016129	0	0.949451	1