
0	481	455	480	454	97	111	0.0120482	0	1	2
1	570	156	569	156	98	99	0.0060241	0	0.342857	2
2	382	142	381	141	98	99	0.0120482	0	0.312088	2
3	538	126	536	125	98	99	0.0180723	0	0.276923	2
4	374	153	373	152	98	100	0.0120482	0	0.336264	2
5	339	155	338	154	98	99	0.0120482	0	0.340659	2
6	408	153	406	150	99	100	0.0662651	0	0.336264	2
7	437	155	435	154	99	102	0.0180723	0	0.340659	2
8	567	156	565	155	100	101	0.0180723	0	0.342857	2
9	544	127	542	122	100	103	0.162651	0	0.279121	2
10	353	130	352	127	100	101	0.060241	0	0.285714	2
11	271	134	271	131	100	101	0.0542169	0	0.294505	1
12	396	150	395	148	100	101	0.0301205	0	0.32967	2
13	338	156	337	155	100	101	0.0120482	0	0.342857	2
14	534	125	532	123	100	101	0.0361446	0	0.274725	2
15	319	146	321	143	100	101	0.0662651	0	0.320879	1
16	556	139	553	136	100	101	0.0722892	0	0.305495	2
17	181	176	180	176	100	101	0.0060241	0	0.386813	2
18	388	178	386	177	100	101	0.0180723	0	0.391209	2
19	253	150	260	148	100	102	0.0662651	0	0.32967	1
20	405	146	407	143	101	102	0.0662651	0	0.320879	1
21	541	135	541	133	101	102	0.0240964	0	0.296703	1
22	362	133	365	132	101	102	0.0240964	0	0.292308	1
23	477	156	479	154	101	102	0.0361446	0	0.342857	1
24	338	134	341	131	101	102	0.0722892	0	0.294505	1
25	527	275	534	280	101	104	0.192771	0	0.604396	1
26	649	117	651	116	101	102	0.0180723	0	0.257143	1
27	517	298	523	301	101	104	0.0903614	0	0.654945	1
28	385	131	388	129	101	102	0.0421687	0	0.287912	1
29	405	200	408	199	101	102	0.0240964	0	0.43956	1
30	385	146	387	145	101	102	0.0180723	0	0.320879	1
31	492	166	493	164	101	102	0.0301205	0	0.364835	1
32	496	189	500	188	101	104	0.0301205	0	0.415385	1
33	476	169	477	167	101	102	0.0301205	0	0.371429	1
34	190	153	195	151	101	102	0.0542169	0	0.336264	1
35	249	39	251	39	101	102	0.0120482	0	0.0857143	1
36	345	167	347	166	101	102	0.0180723	0	0.367033	1
37	355	125	358	123	102	103	0.0421687	0	0.274725	1
38	397	147	400	146	102	103	0.0240964	0	0.323077	1
39	198	136	205	136	102	104	0.0421687	0	0.298901	1
40	638	99	640	99	102	103	0.0120482	0	0.217582	1
41	552	136	553	134	102	103	0.0301205	0	0.298901	1
42	185	170	188	171	102	103	0.0240964	0	0.373626	1
43	540	282	544	285	102	104	0.0783133	0	0.61978	1
44	533	441	535	442	102	135	0.0180723	0	0.969231	1
45	721	452	724	453	102	135	0.0240964	0	0.993407	1
46	493	338	494	337	102	107	0.0120482	0	0.742857	1
47	411	141	410	138	103	104	0.060241	0	0.30989	2
48	370	136	372	135	103	104	0.0180723	0	0.298901	1
49	413	197	411	197	103	104	0.0120482	0	0.432967	2
50	425	169	424	167	103	104	0.0301205	0	0.371429	2
51	439	156	437	155	103	104	0.0180723	0	0.342857	2
52	346	128	346	126	103	104	0.0240964	0	0.281319	1
53	351	168	350	167	103	104	0.0120482	0	0.369231	2
54	382	174	381	173	103	104	0.0120482	0	0.382418	2
55	654	115	653	114	103	104	0.0120482	0	0.252747	2
56	535	306	534	306	103	104	0.0060241	0	0.672527	2
57	477	176	475	176	103	104	0.0120482	0	0.386813	2
58	40	46	42	46	103	135	0.0120482	0	0.101099	1
59	480	166	479	164	103	104	0.0301205	0	0.364835	2
60	412	163	408	161	103	105	0.0481928	0	0.358242	2
61	490	167	488	166	103	104	0.0180723	0	0.367033	2
62	540	120	535	118	104	105	0.0542169	0	0.263736	2
63	490	190	477	188	104	111	0.10241	0	0.417582	2
64	287	130	290	127	104	106	0.0722892	0	0.285714	1
65	538	143	534	142	104	105	0.0301205	0	0.314286	2
66	641	98	637	97	104	105	0.0301205	0	0.215385	2
67	559	157	550	156	104	105	0.060241	0	0.345055	2
68	552	126	544	122	104	106	0.144578	0	0.276923	2
69	476	150	471	147	104	106	0.0843373	0	0.32967	2
70	400	166	397	165	104	105	0.0240964	0	0.364835	2
71	423	157	419	155	104	105	0.0481928	0	0.345055	2
72	459	154	446	149	104	108	0.228916	0	0.338462	2
73	651	127	646	126	104	110	0.0361446	0	0.279121	2
74	268	145	283	142	104	109	0.144578	0	0.318681	1
75	404	125	404	124	105	106	0.0060241	0	0.274725	1
76	286	61	290	60	105	108	0.0301205	0	0.134066	1
77	435	155	432	154	105	106	0.0240964	0	0.340659	2
78	350	116	349	115	105	106	0.0120482	0	0.254945	2
79	408	198	410	198	105	108	0.0120482	0	0.435165	1
80	373	135	375	135	105	106	0.0120482	0	0.296703	1
81	493	207	483	207	105	114	0.060241	0	0.454945	2
82	408	139	407	137	105	106	0.0301205	0	0.305495	2
83	535	280	538	280	105	106	0.0180723	0	0.615385	1
84	299	70	300	70	105	107	0.0060241	0	0.153846	1
85	550	134	545	132	105	106	0.0542169	0	0.294505	2
86	364	116	366	117	105	106	0.0180723	0	0.254945	1
87	206	134	214	128	105	110	0.26506	0	0.294505	1
88	345	126	347	125	105	107	0.0180723	0	0.276923	1
89	492	164	493	165	105	108	0.0120482	0	0.36044	1
90	183	170	183	168	105	106	0.0240964	0	0.373626	1
91	651	116	652	116	105	107	0.0060241	0	0.254945	1
92	533	311	540	311	105	107	0.0421687	0	0.683516	1
93	386	117	385	116	105	106	0.0120482	0	0.257143	2
94	348	166	352	166	105	107	0.0240964	0	0.364835	1
95	531	108	518	102	105	114	0.295181	0	0.237363	2
96	259	51	259	51	105	106	0	0	0.112088	1
97	362	126	363	125	105	106	0.0120482	0	0.276923	1
98	225	62	226	62	105	119	0.0060241	0	0.136264	1
99	482	162	483	162	105	107	0.0060241	0	0.356044	1
100	736	415	740	415	105	135	0.0240964	0	0.912088	1
101	452	425	458	427	105	135	0.060241	0	0.934066	1
102	532	119	531	118	106	107	0.0120482	0	0.261538	2
103	389	134	391	132	106	107	0.0361446	0	0.294505	1
104	777	450	772	450	106	116	0.0301205	0	0.989011	2
105	526	301	538	299	106	108	0.0963855	0	0.661538	1
106	417	156	419	154	106	107	0.0361446	0	0.342857	1
107	543	157	539	154	106	107	0.0783133	0	0.345055	2
108	637	95	639	94	106	107	0.0180723	0	0.208791	1
109	524	131	523	130	106	107	0.0120482	0	0.287912	2
110	239	95	243	95	106	108	0.0240964	0	0.208791	1
111	535	331	537	331	106	109	0.0120482	0	0.727473	1
112	473	154	473	154	107	108	0	0	0.338462	1
113	556	155	554	154	107	108	0.0180723	0	0.340659	2
114	411	138	413	137	107	108	0.0180723	0	0.303297	1
115	431	155	429	155	107	108	0.0120482	0	0.340659	2
116	302	90	306	90	107	113	0.0240964	0	0.197802	1
117	403	158	403	157	107	108	0.0060241	0	0.347253	1
118	546	279	551	277	107	108	0.0542169	0	0.613187	1
119	497	189	499	191	107	108	0.0361446	0	0.415385	1
120	298	127	303	126	107	108	0.0361446	0	0.279121	1
121	477	175	476	173	107	108	0.0301205	0	0.384615	2
122	256	59	258	58	107	108	0.0180723	0	0.12967	1
123	291	94	290	94	107	109	0.0060241	0	0.206593	2
124	406	118	407	115	107	108	0.060241	0	0.259341	1
125	262	49	264	48	107	112	0.0180723	0	0.107692	1
126	349	124	347	124	108	109	0.0120482	0	0.272527	2
127	529	118	524	118	108	109	0.0301205	0	0.259341	2
128	561	281	563	279	108	109	0.0361446	0	0.617582	1
129	495	181	489	181	108	110	0.0361446	0	0.397802	2
130	657	116	657	117	108	135	0.0060241	0	0.254945	1
131	357	114	354	114	108	109	0.0180723	0	0.250549	2
132	403	172	399	169	108	110	0.0783133	0	0.378022	2
133	275	170	283	164	108	113	0.26506	0	0.373626	1
134	535	151	529	150	108	109	0.0421687	0	0.331868	2
135	408	198	406	195	109	110	0.0662651	0	0.435165	2
136	291	60	289	58	109	110	0.0361446	0	0.131868	2
137	550	154	543	153	109	110	0.0481928	0	0.338462	2
138	504	330	522	322	109	111	0.493976	0	0.725275	1
139	540	297	542	295	109	110	0.0361446	0	0.652747	1
140	300	124	302	122	109	110	0.0361446	0	0.272527	1
141	259	58	257	56	109	110	0.0361446	0	0.127473	2
142	499	192	494	189	109	111	0.0843373	0	0.421978	2
143	394	132	394	130	109	110	0.0240964	0	0.29011	1
144	553	276	555	273	109	110	0.0662651	0	0.606593	1
145	365	126	364	125	109	110	0.0120482	0	0.276923	2
146	638	99	635	98	109	110	0.0240964	0	0.217582	2
147	240	96	242	96	109	112	0.0120482	0	0.210989	1
148	539	151	533	152	109	110	0.0421687	0	0.331868	2
149	250	68	248	66	109	110	0.0361446	0	0.149451	2
150	542	130	537	129	109	110	0.0361446	0	0.285714	2
151	487	163	479	163	109	115	0.0481928	0	0.358242	2
152	440	147	434	145	109	110	0.060241	0	0.323077	2
153	409	116	417	111	110	114	0.198795	0	0.254945	1
154	341	124	342	124	110	111	0.0060241	0	0.272527	1
155	410	156	411	154	110	111	0.0301205	0	0.342857	1
156	394	118	396	116	110	111	0.0361446	0	0.259341	1
157	400	153	401	152	110	111	0.0120482	0	0.336264	1
158	565	278	580	278	110	112	0.0903614	0	0.610989	1
159	523	150	521	152	110	111	0.0361446	0	0.32967	2
160	384	125	386	124	110	111	0.0180723	0	0.274725	1
161	288	95	294	96	110	113	0.0421687	0	0.208791	1
162	352	116	353	116	110	111	0.0060241	0	0.254945	1
163	537	330	538	330	110	111	0.0060241	0	0.725275	1
164	444	164	445	164	110	111	0.0060241	0	0.36044	1
165	631	90	633	92	111	112	0.0361446	0	0.197802	1
166	293	57	298	57	111	112	0.0301205	0	0.125275	1
167	308	122	316	123	111	112	0.0542169	0	0.268132	1
168	259	56	265	57	111	113	0.0421687	0	0.123077	1
169	399	129	404	130	111	112	0.0361446	0	0.283516	1
170	397	169	402	167	111	113	0.0542169	0	0.371429	1
171	648	126	648	126	111	119	0	0	0.276923	1
172	471	161	467	160	111	117	0.0301205	0	0.353846	2
173	383	137	388	137	111	112	0.0301205	0	0.301099	1
174	196	162	200	163	111	112	0.0301205	0	0.356044	1
175	561	273	574	272	111	113	0.0843373	0	0.6	1
176	283	58	288	59	111	112	0.0361446	0	0.127473	1
177	612	76	607	77	111	114	0.0361446	0	0.167033	2
178	635	100	638	100	111	112	0.0180723	0	0.21978	1
179	338	134	340	136	111	112	0.0361446	0	0.294505	1
180	414	154	413	151	112	113	0.060241	0	0.338462	2
181	404	152	403	150	112	113	0.0301205	0	0.334066	2
182	543	147	540	145	112	113	0.0421687	0	0.323077	2
183	402	118	402	114	112	114	0.0963855	0	0.259341	1
184	347	121	336	118	112	116	0.120482	0	0.265934	2
185	398	193	392	192	112	115	0.0421687	0	0.424176	2
186	417	127	418	126	112	113	0.0120482	0	0.279121	1
187	483	191	478	190	112	115	0.0361446	0	0.41978	2
188	456	173	451	172	112	113	0.0361446	0	0.38022	2
189	522	114	519	112	112	113	0.0421687	0	0.250549	2
190	484	455	481	454	112	130	0.0240964	0	1	2
191	484	174	479	169	112	118	0.180723	0	0.382418	2
192	468	175	463	173	112	113	0.0542169	0	0.384615	2
193	534	337	533	336	112	113	0.0120482	0	0.740659	2
194	522	155	520	155	112	113	0.0120482	0	0.340659	2
195	352	131	351	130	112	113	0.0120482	0	0.287912	2
196	260	73	261	72	112	113	0.0120482	0	0.16044	1
197	637	94	633	93	113	114	0.0301205	0	0.206593	2
198	221	138	221	138	113	114	0	0	0.303297	1
199	203	162	213	158	113	116	0.156627	0	0.356044	1
200	242	97	236	96	113	115	0.0421687	0	0.213187	2
201	414	141	406	138	113	115	0.10241	0	0.30989	2
202	544	342	538	341	113	115	0.0421687	0	0.751648	2
203	408	126	406	124	113	114	0.0361446	0	0.276923	2
204	585	272	608	269	113	118	0.192771	0	0.597802	1
205	432	150	426	147	113	115	0.0903614	0	0.32967	2
206	398	126	396	124	113	114	0.0361446	0	0.276923	2
207	401	140	396	139	113	114	0.0361446	0	0.307692	2
208	340	136	335	134	113	114	0.0542169	0	0.298901	2
209	229	158	235	159	113	117	0.0421687	0	0.347253	1
210	304	66	302	63	113	114	0.0662651	0	0.145055	2
211	808	140	781	139	113	123	0.168675	0	0.307692	2
212	410	150	406	148	114	115	0.0481928	0	0.32967	2
213	428	136	424	135	114	115	0.0301205	0	0.298901	2
214	405	163	406	159	114	117	0.10241	0	0.358242	1
215	518	156	514	156	114	115	0.0240964	0	0.342857	2
216	292	94	288	94	114	115	0.0240964	0	0.206593	2
217	418	129	414	128	114	115	0.0301205	0	0.283516	2
218	513	113	504	113	114	117	0.0542169	0	0.248352	2
219	324	122	324	121	114	115	0.0060241	0	0.268132	1
220	539	144	537	146	114	115	0.0361446	0	0.316484	2
221	254	67	255	66	114	116	0.0120482	0	0.147253	1
222	362	121	357	123	114	115	0.0542169	0	0.265934	2
223	302	90	298	90	114	115	0.0240964	0	0.197802	2
224	89	24	86	24	114	116	0.0180723	0	0.0527473	2
225	816	151	799	151	114	121	0.10241	0	0.331868	2
226	233	131	232	131	114	115	0.0060241	0	0.287912	2
227	495	183	493	181	114	115	0.0361446	0	0.402198	2
228	530	335	533	329	114	116	0.23494	0	0.736264	1
229	357	172	351	171	114	116	0.0421687	0	0.378022	2
230	332	171	325	167	114	119	0.138554	0	0.375824	2
231	417	112	422	111	115	117	0.0361446	0	0.246154	1
232	371	119	370	119	115	116	0.0060241	0	0.261538	2
233	567	286	573	285	115	116	0.0421687	0	0.628571	1
234	480	207	480	206	115	116	0.0060241	0	0.454945	1
235	636	99	642	98	115	135	0.0421687	0	0.217582	1
236	574	329	596	332	115	120	0.186747	0	0.723077	1
237	579	273	584	271	115	116	0.0542169	0	0.6	1
238	300	61	300	60	115	116	0.0060241	0	0.134066	1
239	396	148	395	147	115	116	0.0120482	0	0.325275	2
240	819	190	819	189	115	116	0.0060241	0	0.417582	1
241	407	148	411	144	116	119	0.120482	0	0.325275	1
242	431	172	430	171	116	117	0.0120482	0	0.378022	2
243	424	134	424	132	116	117	0.0240964	0	0.294505	1
244	380	115	380	115	116	117	0	0	0.252747	1
245	513	157	510	156	116	117	0.0240964	0	0.345055	2
246	540	147	541	146	116	117	0.0120482	0	0.323077	1
247	394	193	395	192	116	117	0.0120482	0	0.424176	1
248	477	188	478	186	116	118	0.0301205	0	0.413187	1
249	480	161	482	159	116	118	0.0361446	0	0.353846	1
250	611	80	605	79	116	119	0.0421687	0	0.175824	2
251	230	124	235	123	116	117	0.0361446	0	0.272527	1
252	388	129	392	127	116	117	0.0481928	0	0.283516	1
253	575	332	585	334	116	117	0.0843373	0	0.72967	1
254	331	134	331	133	116	117	0.0060241	0	0.294505	1
255	453	176	451	173	116	120	0.0662651	0	0.386813	2
256	493	173	492	171	116	119	0.0301205	0	0.38022	2
257	406	138	407	136	116	117	0.0301205	0	0.303297	1
258	377	105	379	106	116	117	0.0180723	0	0.230769	1
259	341	119	339	119	117	118	0.0120482	0	0.261538	2
260	342	129	341	128	117	118	0.0120482	0	0.283516	2
261	370	120	370	121	117	118	0.0060241	0	0.263736	1
262	399	146	404	142	117	121	0.126506	0	0.320879	1
263	825	182	820	179	117	121	0.0843373	0	0.4	2
264	544	335	564	323	117	119	0.987952	0	0.736264	1
265	438	140	436	139	117	118	0.0180723	0	0.307692	2
266	486	119	482	118	117	118	0.0301205	0	0.261538	2
267	498	132	484	129	117	120	0.138554	0	0.29011	2
268	412	109	415	108	117	118	0.0240964	0	0.23956	1
269	256	60	258	60	117	118	0.0120482	0	0.131868	1
270	545	323	555	317	117	118	0.277108	0	0.70989	1
271	786	446	785	445	118	135	0.0120482	0	0.98022	2
272	432	127	431	125	118	119	0.0301205	0	0.279121	2
273	402	122	403	121	118	119	0.0120482	0	0.268132	1
274	429	171	424	169	118	121	0.0542169	0	0.375824	2
275	241	124	245	122	118	119	0.0481928	0	0.272527	1
276	598	272	603	272	118	119	0.0301205	0	0.597802	1
277	467	159	468	154	118	121	0.156627	0	0.349451	1
278	773	449	769	448	118	130	0.0301205	0	0.986813	2
279	406	159	406	157	118	122	0.0240964	0	0.349451	1
280	395	189	393	186	118	119	0.0662651	0	0.415385	2
281	810	183	806	183	118	119	0.0240964	0	0.402198	2
282	350	163	347	161	118	119	0.0421687	0	0.358242	2
283	506	156	498	155	118	119	0.0542169	0	0.342857	2
284	586	337	587	332	118	123	0.156627	0	0.740659	1
285	231	139	233	137	118	119	0.0361446	0	0.305495	1
286	380	122	378	122	118	119	0.0120482	0	0.268132	2
287	400	132	401	130	118	119	0.0301205	0	0.29011	1
288	441	169	438	168	118	119	0.0240964	0	0.371429	2
289	337	126	335	126	119	120	0.0120482	0	0.276923	2
290	482	160	481	159	119	120	0.0120482	0	0.351648	2
291	613	272	633	268	119	122	0.216867	0	0.597802	1
292	476	187	474	185	119	120	0.0361446	0	0.410989	2
293	399	171	398	169	119	120	0.0301205	0	0.375824	2
294	502	115	499	114	119	120	0.0240964	0	0.252747	2
295	344	116	342	116	119	120	0.0120482	0	0.254945	2
296	621	259	666	248	119	127	1	0	0.569231	1
297	817	169	795	169	119	124	0.13253	0	0.371429	2
298	78	24	77	24	119	121	0.0060241	0	0.0527473	2
299	379	144	378	145	120	121	0.0120482	0	0.316484	2
300	413	144	414	143	120	123	0.0120482	0	0.316484	1
301	231	61	234	62	120	135	0.0240964	0	0.134066	1
302	435	137	434	136	120	121	0.0120482	0	0.301099	2
303	359	119	361	118	120	121	0.0180723	0	0.261538	1
304	403	128	404	127	120	121	0.0120482	0	0.281319	1
305	781	455	780	454	120	122	0.0120482	0	1	2
306	308	57	309	56	120	121	0.0120482	0	0.125275	1
307	800	185	799	185	120	123	0.0060241	0	0.406593	2
308	373	123	373	123	120	121	0	0	0.27033	1
309	607	269	613	268	120	121	0.0421687	0	0.591209	1
310	588	78	585	77	120	121	0.0240964	0	0.171429	2
311	408	118	410	117	120	121	0.0180723	0	0.259341	1
312	250	122	271	116	120	126	0.343373	0	0.268132	1
313	279	52	281	51	120	121	0.0180723	0	0.114286	1
314	602	80	591	80	120	123	0.0662651	0	0.175824	2
315	238	158	239	155	120	121	0.060241	0	0.347253	1
316	434	176	433	175	120	121	0.0120482	0	0.386813	2
317	267	58	269	57	120	121	0.0180723	0	0.127473	1
318	600	288	612	285	120	122	0.126506	0	0.632967	1
319	799	175	797	175	120	121	0.0120482	0	0.384615	2
320	414	158	414	157	120	121	0.0060241	0	0.347253	1
321	752	447	750	447	120	130	0.0120482	0	0.982418	2
322	431	125	429	123	120	121	0.0361446	0	0.274725	2
323	344	138	343	139	120	121	0.0120482	0	0.303297	2
324	41	389	45	390	120	135	0.0301205	0	0.854945	1
325	253	38	256	39	120	135	0.0240964	0	0.0835165	1
326	87	24	86	24	120	121	0.0060241	0	0.0527473	2
327	603	113	601	113	120	121	0.0120482	0	0.248352	2
328	482	157	482	155	121	122	0.0240964	0	0.345055	1
329	597	333	598	332	121	123	0.0120482	0	0.731868	1
330	334	127	331	129	121	124	0.0421687	0	0.279121	2
331	480	118	472	117	121	123	0.0542169	0	0.259341	2
332	393	181	393	179	121	122	0.0240964	0	0.397802	1
333	400	170	401	168	121	122	0.0301205	0	0.373626	1
334	441	165	439	163	121	122	0.0361446	0	0.362637	2
335	499	107	482	106	121	125	0.108434	0	0.235165	2
336	340	170	340	170	121	123	0	0	0.373626	1
337	378	148	377	149	122	123	0.0120482	0	0.325275	2
338	417	125	417	125	122	123	0	0	0.274725	1
339	258	133	260	133	122	123	0.0120482	0	0.292308	1
340	819	180	814	178	122	123	0.0542169	0	0.395604	2
341	433	115	434	115	122	123	0.0060241	0	0.252747	1
342	431	132	428	133	122	123	0.0240964	0	0.29011	2
343	405	142	404	141	122	123	0.0120482	0	0.312088	2
344	344	119	343	120	122	123	0.0120482	0	0.261538	2
345	473	180	472	178	122	123	0.0301205	0	0.395604	2
346	350	168	349	168	122	123	0.0060241	0	0.369231	2
347	268	61	270	61	122	123	0.0120482	0	0.134066	1
348	476	129	469	128	122	123	0.0481928	0	0.283516	2
349	302	83	303	81	122	123	0.0301205	0	0.182418	1
350	424	170	422	170	122	123	0.0120482	0	0.373626	2
351	403	183	403	182	122	123	0.0060241	0	0.402198	1
352	77	24	78	25	122	132	0.0120482	0	0.0527473	1
353	296	57	296	57	122	123	0	0	0.125275	1
354	602	115	600	115	122	123	0.0120482	0	0.252747	2
355	468	152	466	150	122	124	0.0361446	0	0.334066	2
356	352	454	352	454	122	130	0	0	0.997802	1
357	87	403	90	405	122	135	0.0421687	0	0.885714	1
358	482	155	481	153	123	124	0.0301205	0	0.340659	2
359	631	264	644	260	123	125	0.174699	0	0.58022	1
360	780	455	780	454	123	133	0.0060241	0	1	1
361	312	55	313	55	123	124	0.0060241	0	0.120879	1
362	371	119	372	119	123	124	0.0060241	0	0.261538	1
363	443	171	440	172	123	124	0.0240964	0	0.375824	2
364	290	45	292	44	123	124	0.0180723	0	0.0989011	1
365	413	159	412	158	123	124	0.0120482	0	0.349451	2
366	619	287	633	284	123	125	0.138554	0	0.630769	1
367	482	175	481	173	123	125	0.0301205	0	0.384615	2
368	453	151	453	150	123	124	0.0060241	0	0.331868	1
369	641	269	661	263	123	126	0.337349	0	0.591209	1
370	473	141	472	140	123	124	0.0120482	0	0.30989	2
371	494	117	489	117	123	124	0.0301205	0	0.257143	2
372	413	142	412	141	124	125	0.0120482	0	0.312088	2
373	463	125	458	123	124	125	0.0542169	0	0.274725	2
374	349	169	349	168	124	125	0.0060241	0	0.371429	1
375	403	141	402	140	124	125	0.0120482	0	0.30989	2
376	343	122	342	122	124	125	0.0060241	0	0.268132	2
377	355	129	356	130	124	125	0.0120482	0	0.283516	1
378	484	183	484	181	124	125	0.0240964	0	0.402198	1
379	274	60	277	59	124	125	0.0240964	0	0.131868	1
380	600	115	597	114	124	125	0.0240964	0	0.252747	2
381	811	181	804	179	124	125	0.0662651	0	0.397802	2
382	639	325	653	327	124	130	0.108434	0	0.714286	1
383	796	446	800	447	124	135	0.0301205	0	0.98022	1
384	406	156	405	155	125	126	0.0120482	0	0.342857	2
385	481	153	480	152	125	126	0.0120482	0	0.336264	2
386	369	123	370	124	125	126	0.0120482	0	0.27033	1
387	613	321	614	320	125	126	0.0120482	0	0.705495	1
388	332	131	332	131	125	126	0	0	0.287912	1
389	437	111	439	110	125	126	0.0180723	0	0.243956	1
390	784	143	778	139	125	127	0.13253	0	0.314286	2
391	446	135	447	134	125	126	0.0120482	0	0.296703	1
392	473	143	473	142	125	126	0.0060241	0	0.314286	1
393	445	151	449	150	125	126	0.0301205	0	0.331868	1
394	471	157	470	156	125	126	0.0120482	0	0.345055	2
395	300	92	300	91	125	127	0.0060241	0	0.202198	1
396	295	43	301	40	125	127	0.0903614	0	0.0945055	1
397	441	121	442	120	125	126	0.0120482	0	0.265934	1
398	364	32	363	32	125	130	0.0060241	0	0.0703297	2
399	472	110	468	110	125	126	0.0240964	0	0.241758	2
400	784	168	768	161	125	128	0.391566	0	0.369231	2
401	339	172	339	171	125	126	0.0060241	0	0.378022	1
402	509	140	503	137	125	126	0.0903614	0	0.307692	2
403	312	169	318	164	125	133	0.186747	0	0.371429	1
404	263	153	270	150	125	126	0.0963855	0	0.336264	1
405	715	439	718	440	125	135	0.0240964	0	0.964835	1
406	413	141	413	141	126	127	0	0	0.30989	1
407	651	259	680	253	126	131	0.391566	0	0.569231	1
408	343	123	343	124	126	127	0.0060241	0	0.27033	1
409	479	119	473	120	126	127	0.0421687	0	0.261538	2
410	403	140	404	141	126	128	0.0120482	0	0.307692	1
411	483	180	483	178	126	127	0.0240964	0	0.395604	1
412	566	79	562	78	126	127	0.0301205	0	0.173626	2
413	576	76	553	77	126	132	0.144578	0	0.167033	2
414	478	107	465	109	126	129	0.10241	0	0.235165	2
415	290	62	293	61	126	127	0.0240964	0	0.136264	1
416	478	129	473	128	126	127	0.0361446	0	0.283516	2
417	415	152	415	152	126	127	0	0	0.334066	1
418	468	144	469	143	127	128	0.0120482	0	0.316484	1
419	481	153	481	153	127	128	0	0	0.336264	1
420	373	127	375	128	127	128	0.0180723	0	0.279121	1
421	800	181	799	180	127	128	0.0120482	0	0.397802	2
422	332	132	334	132	127	129	0.0120482	0	0.29011	1
423	471	156	472	154	127	129	0.0301205	0	0.342857	1
424	404	155	405	157	127	131	0.0301205	0	0.340659	1
425	790	169	789	167	127	128	0.0301205	0	0.371429	2
426	768	137	764	135	127	128	0.0481928	0	0.301099	2
427	423	136	424	136	127	128	0.0060241	0	0.298901	1
428	377	115	385	116	127	131	0.0542169	0	0.252747	1
429	618	317	631	314	127	128	0.13253	0	0.696703	1
430	261	153	262	151	127	128	0.0301205	0	0.336264	1
431	278	136	281	134	127	128	0.0421687	0	0.298901	1
432	439	119	441	119	127	128	0.0120482	0	0.261538	1
433	666	262	718	255	127	135	0.608434	0	0.575824	1
434	414	143	416	144	128	131	0.0180723	0	0.314286	1
435	364	131	366	131	128	129	0.0120482	0	0.287912	1
436	330	54	333	53	128	129	0.0240964	0	0.118681	1
437	344	125	345	125	128	129	0.0060241	0	0.274725	1
438	777	139	770	138	128	130	0.0481928	0	0.305495	2
439	424	146	424	146	128	129	0	0	0.320879	1
440	354	150	354	150	128	129	0	0	0.32967	1
441	288	57	298	56	128	131	0.0662651	0	0.125275	1
442	280	149	285	149	128	129	0.0301205	0	0.327473	1
443	364	155	363	155	128	129	0.0060241	0	0.340659	2
444	416	177	418	177	128	129	0.0120482	0	0.389011	1
445	471	143	474	140	129	131	0.0722892	0	0.314286	1
446	482	152	482	151	129	130	0.0060241	0	0.334066	1
447	457	129	459	127	129	130	0.0361446	0	0.283516	1
448	378	130	380	130	129	130	0.0120482	0	0.285714	1
449	267	148	277	145	129	131	0.114458	0	0.325275	1
450	467	125	468	123	129	130	0.0301205	0	0.274725	1
451	356	126	356	125	129	130	0.0060241	0	0.276923	1
452	763	135	759	134	129	130	0.0301205	0	0.296703	2
453	455	115	456	113	129	130	0.0301205	0	0.252747	1
454	337	36	337	36	129	130	0	0	0.0791209	1
455	431	136	432	136	129	130	0.0060241	0	0.298901	1
456	282	113	285	112	129	130	0.0240964	0	0.248352	1
457	421	134	421	134	129	130	0	0	0.294505	1
458	441	123	442	123	129	130	0.0060241	0	0.27033	1
459	659	276	664	273	129	130	0.0843373	0	0.606593	1
460	311	76	318	74	129	131	0.0662651	0	0.167033	1
461	564	86	560	86	129	130	0.0240964	0	0.189011	2
462	344	124	346	123	130	131	0.0180723	0	0.272527	1
463	469	155	470	153	130	131	0.0301205	0	0.340659	1
464	369	131	371	130	130	131	0.0180723	0	0.287912	1
465	291	152	293	153	130	131	0.0180723	0	0.334066	1
466	325	50	328	49	130	131	0.0240964	0	0.10989	1
467	337	163	335	162	130	131	0.0180723	0	0.358242	2
468	340	57	346	57	130	132	0.0361446	0	0.125275	1
469	479	161	479	160	130	131	0.0060241	0	0.353846	1
470	337	134	341	132	130	132	0.0481928	0	0.294505	1
471	393	119	404	122	130	134	0.120482	0	0.261538	1
472	483	150	484	149	131	132	0.0120482	0	0.32967	1
473	764	138	759	139	131	132	0.0361446	0	0.303297	2
474	399	132	396	133	131	132	0.0240964	0	0.29011	2
475	384	129	387	128	131	132	0.0240964	0	0.283516	1
476	290	113	295	112	131	132	0.0361446	0	0.248352	1
477	767	448	768	448	131	135	0.0060241	0	0.984615	1
478	406	143	407	143	131	132	0.0060241	0	0.314286	1
479	313	60	317	59	131	132	0.0301205	0	0.131868	1
480	431	122	434	121	131	132	0.0240964	0	0.268132	1
481	88	24	90	24	131	135	0.0120482	0	0.0527473	1
482	672	272	679	270	131	132	0.0662651	0	0.597802	1
483	750	448	752	447	131	135	0.0180723	0	0.984615	1
484	441	122	443	122	131	132	0.0120482	0	0.268132	1
485	367	33	367	33	131	133	0	0	0.0725275	1
486	351	168	352	168	131	133	0.0060241	0	0.369231	1
487	390	186	392	187	131	134	0.0180723	0	0.408791	1
488	424	181	424	180	131	132	0.0060241	0	0.397802	1
489	765	171	764	173	131	134	0.0301205	0	0.375824	2
490	476	139	480	137	132	134	0.0481928	0	0.305495	1
491	466	126	469	125	132	133	0.0240964	0	0.276923	1
492	417	145	418	144	132	133	0.0120482	0	0.318681	1
493	376	130	380	129	132	133	0.0301205	0	0.285714	1
494	427	139	429	139	132	133	0.0120482	0	0.305495	1
495	686	252	700	250	132	134	0.108434	0	0.553846	1
496	352	125	354	125	132	133	0.0120482	0	0.274725	1
497	334	165	332	166	132	133	0.0180723	0	0.362637	2
498	777	164	766	163	132	134	0.0722892	0	0.36044	2
499	338	37	338	37	132	133	0	0	0.0813187	1
500	460	109	462	108	132	133	0.0180723	0	0.23956	1
501	552	87	545	87	132	134	0.0421687	0	0.191209	2
502	698	317	719	318	132	134	0.13253	0	0.696703	1
503	485	452	487	452	132	135	0.0120482	0	0.993407	1
504	405	160	407	160	132	133	0.0120482	0	0.351648	1
505	379	167	378	168	133	134	0.0120482	0	0.367033	2
506	487	148	489	147	133	134	0.0180723	0	0.325275	1
507	451	108	453	107	133	134	0.0180723	0	0.237363	1
508	428	179	431	177	133	135	0.0421687	0	0.393407	1
509	438	121	442	120	133	134	0.0301205	0	0.265934	1
510	658	320	666	310	133	134	0.650602	0	0.703297	1
511	301	112	311	109	133	135	0.114458	0	0.246154	1
512	701	306	708	308	133	134	0.0662651	0	0.672527	1
513	320	46	324	46	133	134	0.0240964	0	0.101099	1
514	783	169	775	168	133	134	0.0542169	0	0.371429	2
515	425	169	426	167	133	134	0.0301205	0	0.371429	1
516	79	24	80	24	133	135	0.0060241	0	0.0527473	1
517	751	134	743	133	133	135	0.0542169	0	0.294505	2
518	329	89	330	89	133	134	0.0060241	0	0.195604	1
519	391	117	397	119	133	135	0.060241	0	0.257143	1
520	441	107	438	105	134	135	0.0421687	0	0.235165	2
521	430	139	433	138	134	135	0.0240964	0	0.305495	1
522	780	455	780	454	134	135	0.0060241	0	1	1
523	372	26	372	25	134	135	0.0060241	0	0.0571429	1
524	333	168	333	167	134	135	0.0060241	0	0.369231	1
525	422	149	424	148	134	135	0.0180723	0	0.327473	1
526	308	125	313	122	134	135	0.0843373	0	0.274725	1
527	440	142	443	140	134	135	0.0421687	0	0.312088	1
528	469	106	471	105	134	135	0.0180723	0	0.232967	1
529	370	36	370	36	134	135	0	0	0.0791209	1
530	353	167	355	165	134	135	0.0361446	0	0.367033	1