
0	344	103	343	100	87	88	0.0190114	0	0.226374	2
1	386	179	384	176	87	89	0.0209125	0	0.393407	2
2	373	180	369	178	87	92	0.0152091	0	0.395604	2
3	731	219	723	216	87	89	0.0323194	0	0.481319	2
4	434	144	432	142	87	88	0.0114068	0	0.316484	2
5	480	142	477	140	87	88	0.013308	0	0.312088	2
6	379	149	378	148	87	88	0.00380228	0	0.327473	2
7	427	155	425	154	87	88	0.00570342	0	0.340659	2
8	737	208	731	207	88	89	0.013308	0	0.457143	2
9	600	125	598	124	88	89	0.00570342	0	0.274725	2
10	417	127	415	123	88	90	0.0342205	0	0.279121	2
11	454	129	454	126	88	89	0.0171103	0	0.283516	1
12	413	141	413	138	88	89	0.0171103	0	0.30989	1
13	199	41	196	41	88	89	0.00570342	0	0.0901099	2
14	398	132	398	130	88	89	0.00760456	0	0.29011	1
15	222	59	219	58	88	89	0.00760456	0	0.12967	2
16	461	141	462	138	88	89	0.0190114	0	0.30989	1
17	459	174	455	172	88	89	0.0152091	0	0.382418	2
18	408	174	408	172	88	89	0.00760456	0	0.382418	1
19	370	309	360	304	88	100	0.0665399	0	0.679121	2
20	749	268	747	267	88	89	0.00570342	0	0.589011	2
21	744	225	741	223	89	90	0.013308	0	0.494505	2
22	265	145	264	143	89	90	0.0095057	0	0.318681	2
23	513	110	511	109	89	91	0.00570342	0	0.241758	2
24	354	116	352	114	89	90	0.0114068	0	0.254945	2
25	344	138	343	134	89	91	0.0323194	0	0.303297	2
26	230	141	229	140	89	91	0.00380228	0	0.30989	2
27	417	148	416	145	89	90	0.0190114	0	0.325275	2
28	584	81	577	79	89	92	0.0209125	0	0.178022	2
29	207	54	202	53	89	90	0.0114068	0	0.118681	2
30	433	131	431	130	89	90	0.00570342	0	0.287912	2
31	225	93	223	94	89	90	0.00570342	0	0.204396	2
32	364	111	361	109	89	91	0.013308	0	0.243956	2
33	229	190	227	190	89	91	0.00380228	0	0.417582	2
34	716	40	728	26	89	112	0.395437	0	0.0879121	1
35	590	94	586	93	90	91	0.0095057	0	0.206593	2
36	459	129	459	127	90	91	0.00760456	0	0.283516	1
37	597	126	594	126	90	91	0.00570342	0	0.276923	2
38	407	175	408	176	90	91	0.00380228	0	0.384615	1
39	332	100	332	98	90	92	0.00760456	0	0.21978	1
40	304	101	305	98	90	92	0.0190114	0	0.221978	1
41	729	211	719	210	90	92	0.0209125	0	0.463736	2
42	315	104	315	102	90	91	0.00760456	0	0.228571	1
43	594	113	591	113	90	91	0.00570342	0	0.248352	2
44	429	140	427	139	90	91	0.00570342	0	0.307692	2
45	217	84	217	85	90	91	0.00190114	0	0.184615	1
46	110	174	110	174	90	92	0	0	0.382418	1
47	297	147	309	144	90	94	0.039924	0	0.323077	1
48	738	273	739	273	90	93	0.00190114	0	0.6	1
49	394	189	396	188	90	95	0.00570342	0	0.415385	1
50	309	114	309	110	90	92	0.0304183	0	0.250549	1
51	750	233	744	232	90	91	0.013308	0	0.512088	2
52	298	87	300	87	90	95	0.00380228	0	0.191209	1
53	477	171	479	169	90	95	0.0114068	0	0.375824	1
54	332	114	331	113	90	91	0.00380228	0	0.250549	2
55	284	143	284	143	90	92	0	0	0.314286	1
56	368	144	366	144	90	91	0.00380228	0	0.316484	2
57	715	194	623	190	90	106	0.205323	0	0.426374	2
58	246	120	249	117	90	92	0.0228137	0	0.263736	1
59	718	398	744	381	90	125	0.598859	0	0.874725	1
60	219	445	245	431	90	125	0.422053	0	0.978022	1
61	416	135	418	132	91	92	0.0209125	0	0.296703	1
62	342	106	341	104	91	92	0.0095057	0	0.232967	2
63	419	120	418	118	91	92	0.0095057	0	0.263736	2
64	266	142	266	141	91	92	0.00190114	0	0.312088	1
65	200	115	206	114	91	93	0.013308	0	0.252747	1
66	379	117	378	116	91	93	0.00380228	0	0.257143	2
67	443	134	443	133	91	92	0.00190114	0	0.294505	1
68	508	122	507	122	91	92	0.00190114	0	0.268132	2
69	494	117	494	116	91	93	0.00190114	0	0.257143	1
70	336	310	338	309	91	95	0.00570342	0	0.681319	1
71	603	140	603	140	91	93	0	0	0.307692	1
72	713	210	705	211	91	93	0.0171103	0	0.461538	2
73	668	401	695	384	91	125	0.60076	0	0.881319	1
74	746	267	746	267	91	92	0	0	0.586813	1
75	408	158	411	157	92	93	0.00760456	0	0.347253	1
76	349	155	354	153	92	93	0.0171103	0	0.340659	1
77	461	126	464	122	92	93	0.0361217	0	0.276923	1
78	497	107	500	104	92	95	0.0228137	0	0.235165	1
79	586	92	584	90	92	94	0.0114068	0	0.202198	2
80	351	114	351	113	92	93	0.00190114	0	0.250549	1
81	409	177	413	178	92	95	0.0095057	0	0.389011	1
82	24	28	25	25	92	96	0.0190114	0	0.0615385	1
83	608	125	606	124	92	93	0.00570342	0	0.274725	2
84	262	129	264	127	92	93	0.0114068	0	0.283516	1
85	195	54	193	54	92	93	0.00380228	0	0.118681	2
86	729	210	724	209	92	94	0.0114068	0	0.461538	2
87	455	116	457	114	92	93	0.0114068	0	0.254945	1
88	509	109	512	108	92	94	0.00760456	0	0.23956	1
89	220	141	223	140	92	94	0.00760456	0	0.30989	1
90	308	97	310	95	93	94	0.0114068	0	0.213187	1
91	335	97	336	96	93	94	0.00380228	0	0.213187	1
92	113	148	113	147	93	95	0.00190114	0	0.325275	1
93	588	112	587	112	93	94	0.00190114	0	0.246154	2
94	116	178	117	178	93	94	0.00190114	0	0.391209	1
95	716	211	713	212	93	94	0.00760456	0	0.463736	2
96	331	111	333	110	93	94	0.00570342	0	0.243956	1
97	178	133	198	120	93	102	0.359316	0	0.292308	1
98	578	78	536	56	93	116	1	0	0.171429	2
99	330	159	331	157	93	94	0.0095057	0	0.349451	1
100	424	155	426	154	93	94	0.00570342	0	0.340659	1
101	366	117	369	115	93	94	0.013308	0	0.257143	1
102	185	39	144	34	93	101	0.125475	0	0.0857143	2
103	426	143	430	141	93	94	0.0152091	0	0.314286	1
104	158	161	159	161	93	94	0.00190114	0	0.353846	1
105	460	133	463	131	93	95	0.013308	0	0.292308	1
106	313	107	315	105	93	94	0.0114068	0	0.235165	1
107	101	168	103	164	93	96	0.0342205	0	0.369231	1
108	511	149	504	146	93	97	0.0304183	0	0.327473	2
109	311	165	314	162	93	95	0.0228137	0	0.362637	1
110	269	140	265	137	93	97	0.0247148	0	0.307692	2
111	746	236	706	230	93	99	0.144487	0	0.518681	2
112	366	244	329	232	93	104	0.344106	0	0.536264	2
113	370	264	247	246	93	125	0.84981	0	0.58022	2
114	359	152	359	153	94	95	0.00190114	0	0.334066	1
115	427	128	428	125	94	95	0.0190114	0	0.281319	1
116	468	120	465	118	94	97	0.013308	0	0.263736	2
117	598	124	592	124	94	95	0.0114068	0	0.272527	2
118	703	208	699	208	94	95	0.00760456	0	0.457143	2
119	232	187	232	186	94	95	0.00190114	0	0.410989	1
120	420	167	421	167	94	95	0.00190114	0	0.367033	1
121	343	145	343	143	94	97	0.00760456	0	0.318681	1
122	352	112	350	110	94	95	0.0114068	0	0.246154	2
123	447	131	447	130	94	95	0.00190114	0	0.287912	1
124	496	118	495	117	94	95	0.00380228	0	0.259341	2
125	414	121	412	119	94	95	0.0114068	0	0.265934	2
126	228	86	231	85	94	95	0.00760456	0	0.189011	1
127	205	61	190	58	94	97	0.0456274	0	0.134066	2
128	188	62	186	62	94	95	0.00380228	0	0.136264	2
129	467	144	468	142	94	95	0.0095057	0	0.316484	1
130	511	133	509	134	94	95	0.00570342	0	0.292308	2
131	368	125	371	124	94	95	0.00760456	0	0.274725	1
132	712	212	707	209	95	96	0.026616	0	0.465934	2
133	252	190	253	186	95	96	0.0323194	0	0.417582	1
134	583	90	565	83	95	98	0.127376	0	0.197802	2
135	327	150	328	146	95	96	0.0323194	0	0.32967	1
136	338	95	338	92	95	96	0.0171103	0	0.208791	1
137	412	129	409	127	95	96	0.013308	0	0.283516	2
138	349	283	344	280	95	96	0.026616	0	0.621978	2
139	369	113	366	106	95	97	0.0988593	0	0.248352	2
140	426	108	427	103	95	96	0.0494297	0	0.237363	1
141	429	150	428	149	95	96	0.00380228	0	0.32967	2
142	253	141	252	139	95	96	0.0095057	0	0.30989	2
143	221	142	220	139	95	96	0.0190114	0	0.312088	2
144	511	107	496	101	95	100	0.0969582	0	0.235165	2
145	749	268	732	261	95	98	0.125475	0	0.589011	2
146	317	106	318	102	95	96	0.0323194	0	0.232967	1
147	322	117	323	114	95	96	0.0190114	0	0.257143	1
148	330	134	329	132	95	96	0.0095057	0	0.294505	2
149	359	153	350	151	96	99	0.0247148	0	0.336264	2
150	696	206	656	205	96	102	0.0779468	0	0.452747	2
151	431	122	428	119	96	97	0.0228137	0	0.268132	2
152	234	83	258	73	96	103	0.235741	0	0.182418	1
153	464	133	461	132	96	97	0.00760456	0	0.292308	2
154	113	146	108	145	96	97	0.0114068	0	0.320879	2
155	327	301	316	298	96	101	0.0380228	0	0.661538	2
156	499	101	487	96	96	104	0.0703422	0	0.221978	2
157	495	116	482	112	96	99	0.0551331	0	0.254945	2
158	412	176	410	173	96	97	0.0209125	0	0.386813	2
159	411	116	397	108	96	101	0.148289	0	0.254945	2
160	369	123	367	122	96	97	0.00570342	0	0.27033	2
161	338	102	331	99	96	97	0.0304183	0	0.224176	2
162	265	125	261	125	96	97	0.00760456	0	0.274725	2
163	312	92	309	90	96	97	0.013308	0	0.202198	2
164	422	134	421	132	96	97	0.0095057	0	0.294505	2
165	395	185	392	182	96	97	0.0228137	0	0.406593	2
166	589	125	578	122	96	97	0.0380228	0	0.274725	2
167	174	125	177	119	96	100	0.0741445	0	0.274725	1
168	583	113	577	110	96	97	0.0285171	0	0.248352	2
169	254	129	250	129	96	97	0.00760456	0	0.283516	2
170	393	154	384	151	96	98	0.0342205	0	0.338462	2
171	681	223	673	217	96	97	0.0836502	0	0.49011	2
172	342	296	330	292	96	100	0.0532319	0	0.650549	2
173	338	307	329	305	96	104	0.0247148	0	0.674725	2
174	175	152	173	147	96	98	0.0513308	0	0.334066	2
175	298	86	288	83	96	98	0.0361217	0	0.189011	2
176	182	51	173	50	96	97	0.0190114	0	0.112088	2
177	778	368	805	353	96	125	0.479087	0	0.808791	1
178	430	106	426	103	97	98	0.0247148	0	0.232967	2
179	700	208	690	206	97	98	0.026616	0	0.457143	2
180	315	136	311	134	97	98	0.0152091	0	0.298901	2
181	226	185	217	183	97	99	0.0247148	0	0.406593	2
182	251	184	263	182	97	103	0.0304183	0	0.404396	1
183	381	118	377	115	97	98	0.0247148	0	0.259341	2
184	345	281	338	279	97	98	0.0209125	0	0.617582	2
185	321	115	319	112	97	98	0.0209125	0	0.252747	2
186	221	135	219	131	97	98	0.0342205	0	0.296703	2
187	351	271	342	269	97	98	0.0247148	0	0.595604	2
188	100	164	95	162	97	98	0.0171103	0	0.36044	2
189	275	87	282	82	97	100	0.0608365	0	0.191209	1
190	699	274	683	274	97	98	0.0304183	0	0.602198	2
191	355	282	341	284	97	101	0.0342205	0	0.61978	2
192	237	94	236	91	97	98	0.0190114	0	0.206593	2
193	342	87	337	85	97	98	0.0171103	0	0.191209	2
194	463	117	462	115	98	99	0.0095057	0	0.257143	2
195	439	124	438	122	98	99	0.0095057	0	0.272527	2
196	409	169	432	168	98	101	0.0456274	0	0.371429	1
197	410	126	411	124	98	99	0.0095057	0	0.276923	1
198	364	122	363	121	98	99	0.00380228	0	0.268132	2
199	424	117	428	115	98	100	0.0152091	0	0.257143	1
200	570	106	565	103	98	99	0.026616	0	0.232967	2
201	255	139	270	138	98	102	0.0304183	0	0.305495	1
202	456	131	454	130	98	99	0.00570342	0	0.287912	2
203	669	455	682	453	98	101	0.0323194	0	1	1
204	328	277	325	277	98	99	0.00570342	0	0.608791	2
205	237	174	237	173	98	100	0.00190114	0	0.382418	1
206	175	164	184	165	98	102	0.0190114	0	0.36044	1
207	384	141	382	139	98	99	0.0114068	0	0.30989	2
208	258	125	257	125	98	99	0.00190114	0	0.274725	2
209	165	161	167	161	98	99	0.00380228	0	0.353846	1
210	83	204	100	203	98	104	0.0342205	0	0.448352	1
211	340	257	326	250	98	102	0.119772	0	0.564835	2
212	181	57	163	57	98	103	0.0342205	0	0.125275	2
213	329	99	332	97	99	100	0.013308	0	0.217582	1
214	356	111	363	109	99	101	0.0209125	0	0.243956	1
215	422	129	432	126	99	101	0.0361217	0	0.283516	1
216	428	103	432	103	99	100	0.00760456	0	0.226374	1
217	677	278	685	274	99	105	0.0456274	0	0.610989	1
218	562	82	561	81	99	100	0.00380228	0	0.18022	2
219	91	154	93	154	99	100	0.00380228	0	0.338462	1
220	101	143	106	143	99	102	0.0095057	0	0.314286	1
221	583	121	579	116	99	102	0.0551331	0	0.265934	2
222	720	263	714	261	99	100	0.0190114	0	0.578022	2
223	288	82	300	81	99	101	0.0247148	0	0.18022	1
224	502	112	507	109	99	102	0.026616	0	0.246154	1
225	305	135	307	136	99	100	0.00570342	0	0.296703	1
226	326	265	324	262	99	100	0.0209125	0	0.582418	2
227	361	101	363	99	99	100	0.0114068	0	0.221978	1
228	337	89	339	89	99	100	0.00380228	0	0.195604	1
229	425	93	436	92	99	101	0.0228137	0	0.204396	1
230	240	89	272	83	99	104	0.129278	0	0.195604	1
231	497	145	499	144	99	100	0.00570342	0	0.318681	1
232	352	152	354	150	100	102	0.0114068	0	0.334066	1
233	316	93	320	91	100	101	0.0152091	0	0.204396	1
234	565	102	559	101	100	103	0.013308	0	0.224176	2
235	486	113	488	112	100	103	0.00570342	0	0.248352	1
236	374	111	377	108	100	101	0.0228137	0	0.243956	1
237	545	86	544	84	100	101	0.0095057	0	0.189011	2
238	368	121	372	118	100	101	0.0247148	0	0.265934	1
239	460	123	465	121	100	101	0.0171103	0	0.27033	1
240	259	125	265	123	100	101	0.0190114	0	0.274725	1
241	220	184	223	183	100	101	0.00760456	0	0.404396	1
242	560	112	558	111	100	101	0.00570342	0	0.246154	2
243	417	124	422	122	100	101	0.0171103	0	0.272527	1
244	352	97	355	96	100	101	0.00760456	0	0.213187	1
245	106	171	110	170	100	101	0.0095057	0	0.375824	1
246	675	204	671	204	100	101	0.00760456	0	0.448352	2
247	311	137	312	137	101	102	0.00190114	0	0.301099	1
248	367	99	367	98	101	102	0.00190114	0	0.217582	1
249	561	80	553	80	101	104	0.0152091	0	0.175824	2
250	435	113	439	113	101	102	0.00760456	0	0.248352	1
251	497	102	497	102	101	104	0	0	0.224176	1
252	707	260	692	262	101	102	0.0361217	0	0.571429	2
253	449	112	451	110	101	102	0.0114068	0	0.246154	1
254	253	135	263	134	101	103	0.0209125	0	0.296703	1
255	473	111	475	110	101	102	0.00570342	0	0.243956	1
256	331	90	334	90	101	102	0.00570342	0	0.197802	1
257	559	125	555	126	101	102	0.0095057	0	0.274725	2
258	155	44	147	45	101	103	0.0171103	0	0.0967033	2
259	463	105	477	97	101	106	0.148289	0	0.230769	1
260	281	155	286	154	101	102	0.0114068	0	0.340659	1
261	501	144	503	144	101	104	0.00380228	0	0.316484	1
262	379	107	382	104	102	103	0.0228137	0	0.235165	1
263	366	110	369	108	102	103	0.013308	0	0.241758	1
264	334	107	338	105	102	104	0.0152091	0	0.235165	1
265	336	283	334	281	102	103	0.0114068	0	0.621978	2
266	435	128	443	127	102	104	0.0171103	0	0.281319	1
267	344	94	346	93	102	103	0.00570342	0	0.206593	1
268	441	102	444	101	102	103	0.00760456	0	0.224176	1
269	392	138	394	136	102	103	0.0114068	0	0.303297	1
270	360	298	358	297	102	103	0.00570342	0	0.654945	2
271	352	308	349	307	102	103	0.00760456	0	0.676923	2
272	395	156	396	155	102	103	0.00380228	0	0.342857	1
273	502	134	504	134	102	104	0.00380228	0	0.294505	1
274	356	114	361	113	102	104	0.0114068	0	0.250549	1
275	433	172	445	171	102	103	0.0247148	0	0.378022	1
276	442	92	464	82	102	106	0.231939	0	0.202198	1
277	241	170	263	166	102	105	0.0722433	0	0.373626	1
278	139	38	131	38	102	104	0.0152091	0	0.0835165	2
279	320	120	327	118	102	105	0.0209125	0	0.263736	1
280	113	170	176	151	102	114	0.806084	0	0.373626	1
281	356	150	355	148	103	104	0.0095057	0	0.32967	2
282	314	139	314	138	103	104	0.00190114	0	0.305495	1
283	554	118	551	118	103	104	0.00570342	0	0.259341	2
284	277	139	281	139	103	104	0.00760456	0	0.305495	1
285	108	142	120	136	103	111	0.0912548	0	0.312088	1
286	203	120	210	116	103	105	0.0437262	0	0.263736	1
287	472	130	472	130	103	104	0	0	0.285714	1
288	296	82	300	81	103	104	0.0095057	0	0.18022	1
289	366	95	366	94	103	104	0.00190114	0	0.208791	1
290	325	251	301	238	103	112	0.36692	0	0.551648	2
291	666	211	655	212	103	104	0.0228137	0	0.463736	2
292	176	162	176	162	103	104	0	0	0.356044	1
293	415	114	414	114	103	104	0.00190114	0	0.250549	2
294	386	150	391	145	103	106	0.0570342	0	0.32967	1
295	318	302	317	302	103	104	0.00190114	0	0.663736	2
296	443	113	447	112	103	104	0.0095057	0	0.248352	1
297	371	107	373	103	104	105	0.0342205	0	0.235165	1
298	642	205	635	201	104	105	0.0437262	0	0.450549	2
299	333	279	329	270	104	106	0.161597	0	0.613187	2
300	262	74	293	68	104	108	0.127376	0	0.162637	1
301	298	152	305	146	104	105	0.081749	0	0.334066	1
302	384	108	386	102	104	105	0.0722433	0	0.237363	1
303	395	136	396	134	104	105	0.0095057	0	0.298901	1
304	100	164	102	163	104	105	0.00570342	0	0.36044	1
305	264	183	268	177	104	106	0.0760456	0	0.402198	1
306	142	50	139	47	104	105	0.0228137	0	0.10989	2
307	328	98	334	93	104	106	0.0589354	0	0.215385	1
308	653	272	638	272	104	105	0.0285171	0	0.597802	2
309	289	106	304	100	104	106	0.0969582	0	0.232967	1
310	639	222	634	218	104	105	0.039924	0	0.487912	2
311	317	240	249	232	104	122	0.250951	0	0.527473	2
312	325	131	327	128	104	105	0.0209125	0	0.287912	1
313	415	113	439	103	105	119	0.235741	0	0.248352	1
314	354	142	360	138	105	107	0.0418251	0	0.312088	1
315	373	93	389	88	105	110	0.0779468	0	0.204396	1
316	551	78	546	73	105	108	0.0570342	0	0.171429	2
317	294	131	300	128	105	106	0.0285171	0	0.287912	1
318	286	118	292	115	105	106	0.0285171	0	0.259341	1
319	342	101	352	97	105	108	0.0494297	0	0.221978	1
320	554	124	555	121	105	106	0.0190114	0	0.272527	1
321	467	116	474	112	105	106	0.0437262	0	0.254945	1
322	647	209	640	206	105	106	0.0304183	0	0.459341	2
323	506	136	508	132	105	106	0.0342205	0	0.298901	1
324	316	135	318	132	105	106	0.0209125	0	0.296703	1
325	401	105	413	102	105	111	0.039924	0	0.230769	1
326	402	116	408	115	105	108	0.013308	0	0.254945	1
327	550	99	546	96	105	106	0.0247148	0	0.217582	2
328	384	114	393	111	105	109	0.0342205	0	0.250549	1
329	495	97	500	97	105	107	0.0095057	0	0.213187	1
330	571	117	566	114	105	106	0.026616	0	0.257143	2
331	352	129	354	127	105	106	0.0114068	0	0.283516	1
332	59	28	63	28	105	108	0.00760456	0	0.0615385	1
333	310	77	316	74	105	106	0.0285171	0	0.169231	1
334	363	92	366	90	105	106	0.013308	0	0.202198	1
335	346	114	349	112	105	107	0.013308	0	0.250549	1
336	697	455	716	452	105	110	0.0532319	0	1	1
337	457	107	464	103	105	106	0.0437262	0	0.235165	1
338	431	146	436	146	105	106	0.0095057	0	0.320879	1
339	445	112	451	108	105	106	0.0418251	0	0.246154	1
340	201	136	203	132	105	106	0.0342205	0	0.298901	1
341	483	90	491	90	105	108	0.0152091	0	0.197802	1
342	469	156	497	158	105	110	0.0608365	0	0.342857	1
343	400	150	404	147	105	107	0.0247148	0	0.32967	1
344	453	97	460	93	105	106	0.0437262	0	0.213187	1
345	295	80	296	77	105	106	0.0190114	0	0.175824	1
346	101	179	106	177	105	106	0.0171103	0	0.393407	1
347	451	165	457	164	105	106	0.013308	0	0.362637	1
348	318	142	321	139	106	107	0.0228137	0	0.312088	1
349	339	79	342	77	106	107	0.013308	0	0.173626	1
350	376	101	378	99	106	107	0.0114068	0	0.221978	1
351	630	203	618	203	106	108	0.0228137	0	0.446154	2
352	389	96	392	95	106	107	0.00760456	0	0.210989	1
353	399	134	401	135	106	107	0.00570342	0	0.294505	1
354	627	272	622	273	106	107	0.0114068	0	0.597802	2
355	355	91	358	91	106	107	0.00570342	0	0.2	1
356	136	44	126	45	106	109	0.0209125	0	0.0967033	2
357	216	114	245	109	106	112	0.102662	0	0.250549	1
358	507	110	508	111	106	107	0.00380228	0	0.241758	1
359	335	300	338	298	106	108	0.013308	0	0.659341	1
360	436	156	443	153	106	107	0.0304183	0	0.342857	1
361	308	142	313	138	106	107	0.039924	0	0.312088	1
362	264	448	289	444	106	125	0.0779468	0	0.984615	1
363	658	231	651	231	106	107	0.013308	0	0.507692	2
364	335	87	339	86	107	108	0.0095057	0	0.191209	1
365	634	210	628	210	107	108	0.0114068	0	0.461538	2
366	309	122	315	120	107	108	0.0190114	0	0.268132	1
367	469	82	487	80	107	110	0.0418251	0	0.18022	1
368	329	268	253	278	107	124	0.334601	0	0.589011	2
369	123	200	126	199	107	109	0.00760456	0	0.43956	1
370	328	75	335	75	107	108	0.013308	0	0.164835	1
371	632	273	642	264	107	113	0.173004	0	0.6	1
372	445	143	453	143	107	108	0.0152091	0	0.314286	1
373	474	103	481	102	107	108	0.0152091	0	0.226374	1
374	370	89	375	89	107	109	0.0095057	0	0.195604	1
375	543	96	540	94	107	108	0.013308	0	0.210989	2
376	455	161	457	160	107	108	0.00570342	0	0.353846	1
377	368	101	370	101	107	108	0.00380228	0	0.221978	1
378	682	267	646	262	107	110	0.11597	0	0.586813	2
379	207	130	210	129	107	108	0.00760456	0	0.285714	1
380	302	132	322	128	107	110	0.0684411	0	0.29011	1
381	358	101	364	100	107	109	0.013308	0	0.221978	1
382	459	106	466	105	107	108	0.0152091	0	0.232967	1
383	122	33	110	34	107	110	0.0247148	0	0.0725275	2
384	387	143	390	143	107	109	0.00570342	0	0.314286	1
385	483	113	491	112	107	108	0.0171103	0	0.248352	1
386	710	62	714	61	107	110	0.0095057	0	0.136264	1
387	460	145	467	144	107	108	0.0152091	0	0.318681	1
388	324	86	331	86	107	108	0.013308	0	0.189011	1
389	332	65	369	56	107	115	0.224335	0	0.142857	1
390	705	27	712	25	107	111	0.0209125	0	0.0593407	1
391	436	168	445	167	108	109	0.0190114	0	0.369231	1
392	395	96	395	96	108	109	0	0	0.210989	1
393	347	76	350	75	108	109	0.00760456	0	0.167033	1
394	49	62	53	61	108	111	0.0095057	0	0.136264	1
395	309	296	303	297	108	109	0.013308	0	0.650549	2
396	371	142	377	142	108	109	0.0114068	0	0.312088	1
397	553	113	551	112	108	109	0.00570342	0	0.248352	2
398	355	149	360	147	108	109	0.0171103	0	0.327473	1
399	621	277	623	277	108	110	0.00380228	0	0.608791	1
400	383	98	384	97	108	109	0.00380228	0	0.215385	1
401	404	137	405	137	108	109	0.00190114	0	0.301099	1
402	512	114	516	115	108	110	0.0095057	0	0.250549	1
403	408	148	408	148	108	109	0	0	0.325275	1
404	39	59	40	58	108	110	0.00380228	0	0.12967	1
405	273	184	275	183	108	109	0.00570342	0	0.404396	1
406	122	160	127	159	108	109	0.0114068	0	0.351648	1
407	500	140	507	140	108	110	0.013308	0	0.307692	1
408	303	157	334	151	108	112	0.127376	0	0.345055	1
409	359	129	360	129	108	109	0.00190114	0	0.283516	1
410	199	158	205	157	108	109	0.013308	0	0.347253	1
411	134	153	149	149	108	111	0.0589354	0	0.336264	1
412	503	97	508	98	108	110	0.0114068	0	0.213187	1
413	375	111	386	109	108	112	0.0285171	0	0.243956	1
414	544	72	546	69	109	114	0.0209125	0	0.158242	1
415	335	295	331	293	109	110	0.0152091	0	0.648352	2
416	537	92	537	83	109	113	0.153992	0	0.202198	1
417	340	75	347	74	109	110	0.0152091	0	0.164835	1
418	303	117	315	115	109	111	0.0304183	0	0.257143	1
419	492	103	500	102	109	110	0.0171103	0	0.226374	1
420	488	169	492	167	109	111	0.0152091	0	0.371429	1
421	612	200	606	200	109	110	0.0114068	0	0.43956	2
422	627	266	627	265	109	110	0.00190114	0	0.584615	1
423	374	101	378	98	109	111	0.0247148	0	0.221978	1
424	229	99	256	93	109	114	0.119772	0	0.217582	1
425	316	105	322	103	109	110	0.0190114	0	0.230769	1
426	344	90	347	89	109	110	0.00760456	0	0.197802	1
427	136	189	165	184	109	113	0.102662	0	0.415385	1
428	112	209	129	201	109	112	0.153992	0	0.459341	1
429	223	137	228	137	109	110	0.0095057	0	0.301099	1
430	613	210	609	209	110	111	0.0095057	0	0.461538	2
431	316	141	322	140	110	111	0.013308	0	0.30989	1
432	385	141	392	138	110	111	0.0304183	0	0.30989	1
433	379	90	381	88	110	111	0.0114068	0	0.197802	1
434	366	99	375	96	110	112	0.0342205	0	0.217582	1
435	640	238	627	226	110	113	0.298479	0	0.523077	2
436	366	79	369	77	110	111	0.013308	0	0.173626	1
437	285	172	302	164	110	112	0.153992	0	0.378022	1
438	127	197	141	192	110	112	0.0741445	0	0.432967	1
439	546	109	544	107	110	111	0.0114068	0	0.23956	2
440	401	83	403	81	110	111	0.0114068	0	0.182418	1
441	557	117	556	112	110	112	0.0494297	0	0.257143	2
442	485	92	496	87	110	112	0.0684411	0	0.202198	1
443	303	165	337	160	110	113	0.112167	0	0.362637	1
444	326	114	349	108	110	113	0.112167	0	0.250549	1
445	238	140	242	138	110	111	0.0152091	0	0.307692	1
446	518	140	531	136	110	113	0.0551331	0	0.307692	1
447	401	95	404	92	111	112	0.0228137	0	0.208791	1
448	391	89	394	86	111	112	0.0228137	0	0.195604	1
449	298	301	302	299	111	112	0.0152091	0	0.661538	1
450	378	137	382	136	111	112	0.0095057	0	0.301099	1
451	599	202	596	199	111	112	0.0228137	0	0.443956	2
452	328	126	347	124	111	114	0.0437262	0	0.276923	1
453	500	157	513	151	111	113	0.0931559	0	0.345055	1
454	413	112	423	106	111	113	0.0874525	0	0.246154	1
455	352	90	358	87	111	112	0.0285171	0	0.197802	1
456	71	34	74	32	111	112	0.013308	0	0.0747253	1
457	43	58	49	54	111	119	0.0418251	0	0.127473	1
458	162	144	183	137	111	114	0.13308	0	0.316484	1
459	331	84	340	82	111	112	0.0247148	0	0.184615	1
460	492	78	520	71	111	116	0.146388	0	0.171429	1
461	717	61	727	55	111	119	0.0874525	0	0.134066	1
462	115	44	112	42	111	112	0.013308	0	0.0967033	2
463	138	161	172	155	111	117	0.13308	0	0.353846	1
464	362	153	372	146	111	114	0.112167	0	0.336264	1
465	608	206	600	202	112	114	0.0456274	0	0.452747	2
466	58	60	63	57	112	117	0.026616	0	0.131868	1
467	414	87	421	83	112	113	0.0437262	0	0.191209	1
468	323	113	333	110	112	113	0.0361217	0	0.248352	1
469	366	77	374	73	112	113	0.0456274	0	0.169231	1
470	589	219	587	214	112	113	0.0513308	0	0.481319	2
471	300	269	291	265	112	114	0.0475285	0	0.591209	2
472	418	98	438	96	112	123	0.0456274	0	0.215385	1
473	75	58	78	55	112	115	0.0228137	0	0.127473	1
474	515	87	524	83	112	113	0.0475285	0	0.191209	1
475	331	140	345	134	112	114	0.095057	0	0.307692	1
476	333	60	352	57	112	114	0.0532319	0	0.131868	1
477	493	166	498	161	112	113	0.0570342	0	0.364835	1
478	399	116	408	111	112	116	0.0646388	0	0.254945	1
479	408	77	415	73	112	113	0.0437262	0	0.169231	1
480	463	158	469	155	112	113	0.0285171	0	0.347253	1
481	312	79	323	76	112	113	0.0380228	0	0.173626	1
482	729	447	767	442	112	125	0.119772	0	0.982418	1
483	372	125	378	121	112	113	0.0418251	0	0.274725	1
484	128	104	133	101	112	119	0.026616	0	0.228571	1
485	555	86	554	85	112	115	0.00380228	0	0.189011	2
486	374	63	398	54	112	116	0.19962	0	0.138462	1
487	107	32	106	29	112	113	0.0190114	0	0.0703297	2
488	413	130	416	128	113	114	0.013308	0	0.285714	1
489	596	195	554	197	113	118	0.0874525	0	0.428571	2
490	390	135	392	133	113	114	0.0114068	0	0.296703	1
491	408	90	408	89	113	115	0.00190114	0	0.197802	1
492	378	87	381	86	113	114	0.00760456	0	0.191209	1
493	308	299	307	300	113	115	0.00380228	0	0.657143	2
494	390	71	394	69	113	114	0.0152091	0	0.156044	1
495	131	131	131	131	113	119	0	0	0.287912	1
496	525	95	532	94	113	114	0.0152091	0	0.208791	1
497	318	159	339	160	113	115	0.0418251	0	0.349451	1
498	80	29	81	29	113	115	0.00190114	0	0.0637363	1
499	256	107	260	108	113	115	0.0095057	0	0.235165	1
500	159	194	167	193	113	114	0.0171103	0	0.426374	1
501	398	125	403	123	113	117	0.0171103	0	0.274725	1
502	388	112	394	110	113	117	0.0190114	0	0.246154	1
503	426	134	427	134	113	114	0.00190114	0	0.294505	1
504	599	273	571	277	113	115	0.0836502	0	0.6	2
505	616	209	607	209	113	114	0.0171103	0	0.459341	2
506	583	217	576	222	114	115	0.0608365	0	0.476923	2
507	422	103	424	103	114	119	0.00380228	0	0.226374	1
508	634	266	602	259	114	117	0.153992	0	0.584615	2
509	421	80	421	81	114	115	0.00190114	0	0.175824	1
510	398	90	398	90	114	115	0	0	0.197802	1
511	293	245	280	245	114	116	0.0247148	0	0.538462	2
512	384	121	385	121	114	115	0.00190114	0	0.265934	1
513	256	131	256	132	114	115	0.00190114	0	0.287912	1
514	518	150	523	148	114	115	0.0171103	0	0.32967	1
515	738	24	753	27	114	125	0.0456274	0	0.0527473	1
516	92	51	88	51	114	115	0.00760456	0	0.112088	2
517	371	85	373	85	114	115	0.00380228	0	0.186813	1
518	330	77	336	77	114	115	0.0114068	0	0.169231	1
519	554	59	543	57	114	120	0.0285171	0	0.12967	2
520	447	126	447	126	114	116	0	0	0.276923	1
521	515	126	522	126	114	115	0.013308	0	0.276923	1
522	427	121	428	120	114	115	0.00380228	0	0.265934	1
523	315	70	321	72	114	125	0.0190114	0	0.153846	1
524	509	86	510	87	114	115	0.00380228	0	0.189011	1
525	394	134	395	133	115	116	0.00380228	0	0.294505	1
526	378	71	380	70	115	116	0.00570342	0	0.156044	1
527	417	129	415	132	115	117	0.0209125	0	0.283516	2
528	260	121	262	121	115	116	0.00380228	0	0.265934	1
529	353	59	359	58	115	116	0.013308	0	0.12967	1
530	593	204	584	205	115	116	0.0190114	0	0.448352	2
531	545	72	541	71	115	117	0.0095057	0	0.158242	2
532	384	89	386	89	115	116	0.00380228	0	0.195604	1
533	351	125	362	124	115	118	0.0228137	0	0.274725	1
534	388	79	389	78	115	116	0.00380228	0	0.173626	1
535	346	114	362	114	115	119	0.0304183	0	0.250549	1
536	288	258	281	259	115	116	0.0152091	0	0.567033	2
537	427	134	427	134	115	116	0	0	0.294505	1
538	348	137	350	137	115	116	0.00380228	0	0.301099	1
539	534	105	548	104	115	118	0.0285171	0	0.230769	1
540	172	145	179	143	115	117	0.0209125	0	0.318681	1
541	175	189	206	179	115	120	0.249049	0	0.415385	1
542	537	140	550	144	115	117	0.0551331	0	0.307692	1
543	108	53	100	53	115	116	0.0152091	0	0.116484	2
544	376	145	376	144	115	116	0.00190114	0	0.318681	1
545	608	223	581	230	115	117	0.144487	0	0.49011	2
546	727	24	735	26	115	122	0.0228137	0	0.0527473	1
547	377	106	378	105	115	116	0.00380228	0	0.232967	1
548	276	242	263	243	115	117	0.026616	0	0.531868	2
549	502	100	503	100	116	117	0.00190114	0	0.21978	1
550	409	89	408	88	116	117	0.00380228	0	0.195604	2
551	508	120	510	121	116	117	0.00570342	0	0.263736	1
552	259	109	259	110	116	117	0.00190114	0	0.23956	1
553	400	64	402	62	116	117	0.0114068	0	0.140659	1
554	373	86	375	86	116	117	0.00380228	0	0.189011	1
555	417	76	416	76	116	117	0.00190114	0	0.167033	2
556	372	56	372	54	116	117	0.00760456	0	0.123077	1
557	346	165	347	165	116	117	0.00190114	0	0.362637	1
558	357	103	359	103	116	117	0.00380228	0	0.226374	1
559	427	78	425	78	116	119	0.00380228	0	0.171429	2
560	532	149	541	149	116	117	0.0171103	0	0.327473	1
561	347	84	354	81	116	117	0.0304183	0	0.184615	1
562	624	45	630	45	116	125	0.0114068	0	0.0989011	1
563	403	72	405	70	117	118	0.0114068	0	0.158242	1
564	534	59	532	57	117	118	0.0114068	0	0.12967	2
565	389	73	391	71	117	118	0.0114068	0	0.16044	1
566	78	52	72	51	117	118	0.013308	0	0.114286	2
567	530	87	531	85	117	118	0.0095057	0	0.191209	1
568	426	134	426	134	117	118	0	0	0.294505	1
569	259	290	258	289	117	118	0.00380228	0	0.637363	2
570	194	136	204	134	117	119	0.026616	0	0.298901	1
571	259	136	263	136	117	118	0.00760456	0	0.298901	1
572	573	274	570	273	117	119	0.00760456	0	0.602198	2
573	278	238	267	242	117	119	0.0513308	0	0.523077	2
574	162	192	167	188	117	119	0.039924	0	0.421978	1
575	259	300	257	302	117	118	0.0114068	0	0.659341	2
576	566	284	567	283	117	120	0.00380228	0	0.624176	1
577	261	96	273	93	117	125	0.039924	0	0.210989	1
578	393	100	394	98	117	118	0.0095057	0	0.21978	1
579	413	135	410	137	118	119	0.013308	0	0.296703	2
580	566	209	546	210	118	120	0.039924	0	0.459341	2
581	522	97	542	100	118	122	0.0551331	0	0.213187	1
582	404	94	404	94	118	119	0	0	0.206593	1
583	427	112	428	112	118	119	0.00190114	0	0.246154	1
584	553	233	539	228	118	119	0.0741445	0	0.512088	2
585	362	102	364	102	118	119	0.00380228	0	0.224176	1
586	261	113	261	114	118	119	0.00190114	0	0.248352	1
587	399	108	399	108	118	119	0	0	0.237363	1
588	185	142	189	141	118	119	0.0095057	0	0.312088	1
589	406	60	408	58	118	119	0.0114068	0	0.131868	1
590	272	103	274	103	118	120	0.00380228	0	0.226374	1
591	358	78	364	77	118	119	0.013308	0	0.171429	1
592	90	30	97	31	118	125	0.0152091	0	0.0659341	1
593	554	148	564	146	118	119	0.026616	0	0.325275	1
594	527	75	529	74	118	119	0.00570342	0	0.164835	1
595	368	112	388	113	118	123	0.039924	0	0.246154	1
596	558	106	562	106	118	119	0.00760456	0	0.232967	1
597	180	170	198	169	118	121	0.0361217	0	0.373626	1
598	82	44	75	45	118	119	0.0152091	0	0.0967033	2
599	378	152	383	152	119	120	0.0095057	0	0.334066	1
600	367	125	378	122	119	121	0.0380228	0	0.274725	1
601	534	85	537	83	119	120	0.013308	0	0.186813	1
602	546	200	538	199	119	120	0.0171103	0	0.43956	2
603	567	235	559	236	119	120	0.0171103	0	0.516484	2
604	385	167	390	167	119	120	0.0095057	0	0.367033	1
605	428	136	430	135	119	120	0.00570342	0	0.298901	1
606	528	109	534	109	119	120	0.0114068	0	0.23956	1
607	79	29	80	28	119	120	0.00380228	0	0.0637363	1
608	67	33	61	32	119	120	0.013308	0	0.0725275	2
609	564	96	578	95	119	121	0.0285171	0	0.210989	1
610	438	116	440	114	119	120	0.0114068	0	0.254945	1
611	542	189	498	194	119	125	0.131179	0	0.415385	2
612	388	88	392	87	120	121	0.0095057	0	0.193407	1
613	516	101	521	102	120	121	0.0114068	0	0.221978	1
614	428	103	432	103	120	121	0.00760456	0	0.226374	1
615	403	84	404	85	120	121	0.00380228	0	0.184615	1
616	545	224	536	223	120	121	0.0190114	0	0.492308	2
617	51	59	49	59	120	121	0.00380228	0	0.12967	2
618	408	95	411	96	120	121	0.00760456	0	0.208791	1
619	440	99	443	98	120	121	0.00760456	0	0.217582	1
620	83	52	79	52	120	121	0.00760456	0	0.114286	2
621	532	223	517	228	120	122	0.0760456	0	0.49011	2
622	434	125	437	128	120	123	0.0228137	0	0.274725	1
623	424	77	424	76	120	121	0.00190114	0	0.169231	1
624	735	52	737	54	120	123	0.0114068	0	0.114286	1
625	130	132	136	133	120	125	0.013308	0	0.29011	1
626	377	91	380	91	120	121	0.00570342	0	0.2	1
627	135	102	141	103	120	125	0.013308	0	0.224176	1
628	264	113	271	109	120	124	0.0437262	0	0.248352	1
629	418	90	420	91	120	121	0.00570342	0	0.197802	1
630	542	234	532	234	120	121	0.0190114	0	0.514286	2
631	402	106	403	106	120	121	0.00190114	0	0.232967	1
632	179	184	187	184	120	121	0.0152091	0	0.404396	1
633	263	243	245	244	120	123	0.0361217	0	0.534066	2
634	545	121	549	120	120	121	0.0095057	0	0.265934	1
635	510	140	511	140	120	121	0.00190114	0	0.307692	1
636	367	101	371	101	120	121	0.00760456	0	0.221978	1
637	367	112	390	115	120	125	0.0608365	0	0.246154	1
638	741	369	747	371	120	125	0.0190114	0	0.810989	1
639	369	135	375	134	120	121	0.013308	0	0.296703	1
640	406	139	405	140	121	122	0.00380228	0	0.305495	2
641	530	59	529	60	121	122	0.00380228	0	0.12967	2
642	243	290	235	293	121	122	0.0323194	0	0.637363	2
643	420	63	421	63	121	122	0.00190114	0	0.138462	1
644	388	70	390	71	121	122	0.00570342	0	0.153846	1
645	530	200	501	205	121	125	0.102662	0	0.43956	2
646	536	211	518	213	121	123	0.0418251	0	0.463736	2
647	56	33	50	34	121	122	0.013308	0	0.0725275	2
648	541	73	545	75	121	122	0.0152091	0	0.16044	1
649	565	148	570	149	121	123	0.0114068	0	0.325275	1
650	391	50	411	48	121	125	0.0456274	0	0.10989	1
651	528	115	533	116	121	122	0.0114068	0	0.252747	1
652	82	30	86	30	121	125	0.00760456	0	0.0659341	1
653	584	138	598	137	121	123	0.0285171	0	0.303297	1
654	389	153	394	154	121	122	0.0114068	0	0.336264	1
655	391	169	391	170	121	122	0.00190114	0	0.371429	1
656	558	160	558	160	121	122	0	0	0.351648	1
657	276	103	277	101	121	123	0.0095057	0	0.226374	1
658	410	61	411	62	121	122	0.00380228	0	0.134066	1
659	552	94	554	96	121	122	0.0114068	0	0.206593	1
660	66	44	60	44	121	122	0.0114068	0	0.0967033	2
661	583	107	610	100	121	125	0.144487	0	0.235165	1
662	272	300	271	301	121	122	0.00380228	0	0.659341	2
663	251	303	241	310	121	123	0.112167	0	0.665934	2
664	570	108	580	108	121	123	0.0190114	0	0.237363	1
665	373	154	377	156	121	122	0.0152091	0	0.338462	1
666	441	115	444	117	121	123	0.013308	0	0.252747	1
667	724	52	734	53	121	125	0.0209125	0	0.114286	1
668	363	128	368	128	121	122	0.0095057	0	0.281319	1
669	405	88	406	89	122	123	0.00380228	0	0.193407	1
670	526	106	531	105	122	123	0.0114068	0	0.232967	1
671	388	122	392	122	122	123	0.00760456	0	0.268132	1
672	436	106	446	104	122	125	0.026616	0	0.232967	1
673	232	244	223	239	122	124	0.0646388	0	0.536264	2
674	449	106	459	105	122	125	0.0209125	0	0.232967	1
675	549	112	553	111	122	123	0.0095057	0	0.246154	1
676	401	66	403	65	122	123	0.00570342	0	0.145055	1
677	416	92	417	93	122	123	0.00380228	0	0.202198	1
678	515	144	518	144	122	123	0.00570342	0	0.316484	1
679	575	136	599	134	122	125	0.0532319	0	0.298901	1
680	418	51	420	51	122	123	0.00380228	0	0.112088	1
681	507	287	498	292	122	125	0.0646388	0	0.630769	2
682	253	267	245	267	122	123	0.0152091	0	0.586813	2
683	534	76	536	75	122	123	0.00570342	0	0.167033	1
684	567	279	558	272	122	123	0.110266	0	0.613187	2
685	415	140	415	139	122	123	0.00190114	0	0.307692	1
686	502	156	509	154	122	124	0.0209125	0	0.342857	1
687	405	141	407	139	123	124	0.0114068	0	0.30989	1
688	245	230	237	231	123	125	0.0171103	0	0.505495	2
689	533	63	535	62	123	125	0.00570342	0	0.138462	1
690	425	62	429	61	123	124	0.0095057	0	0.136264	1
691	269	299	266	298	123	124	0.00760456	0	0.657143	2
692	539	116	551	113	123	125	0.039924	0	0.254945	1
693	543	94	550	91	123	124	0.0304183	0	0.206593	1
694	551	80	561	78	123	125	0.026616	0	0.175824	1
695	398	155	403	154	123	124	0.0114068	0	0.340659	1
696	415	63	419	62	123	124	0.0095057	0	0.138462	1
697	393	170	398	168	123	125	0.0171103	0	0.373626	1
698	393	72	398	70	123	124	0.0171103	0	0.158242	1
699	508	290	508	292	123	125	0.00760456	0	0.637363	1
700	53	61	44	61	123	124	0.0171103	0	0.134066	2
701	531	86	532	86	123	124	0.00190114	0	0.189011	1
702	376	126	388	125	123	125	0.0247148	0	0.276923	1
703	54	45	51	44	123	124	0.00760456	0	0.0989011	2
704	465	143	471	142	123	125	0.013308	0	0.314286	1
705	737	26	743	24	123	125	0.0190114	0	0.0571429	1
706	63	58	58	57	123	124	0.0114068	0	0.127473	2
707	528	212	517	213	123	125	0.0228137	0	0.465934	2
708	412	87	415	87	124	125	0.00570342	0	0.191209	1
709	541	101	547	100	124	125	0.013308	0	0.221978	1
710	42	29	38	30	124	125	0.0095057	0	0.0637363	2
711	512	213	506	215	124	125	0.0190114	0	0.468132	2
712	443	94	446	93	124	125	0.00760456	0	0.206593	1
713	401	114	405	114	124	125	0.00760456	0	0.250549	1
714	394	126	400	126	124	125	0.0114068	0	0.276923	1
715	423	92	426	92	124	125	0.00570342	0	0.202198	1
716	546	81	550	81	124	125	0.00760456	0	0.178022	1
717	446	119	448	119	124	125	0.00380228	0	0.261538	1
718	426	49	429	49	124	125	0.00570342	0	0.107692	1
719	546	67	551	66	124	125	0.0114068	0	0.147253	1
720	609	136	616	138	124	125	0.0209125	0	0.298901	1
721	531	125	536	124	124	125	0.0114068	0	0.274725	1
722	554	127	558	126	124	125	0.0095057	0	0.279121	1
723	564	105	570	105	124	125	0.0114068	0	0.230769	1
724	580	147	590	147	124	125	0.0190114	0	0.323077	1
725	561	151	564	152	124	125	0.00760456	0	0.331868	1
726	236	133	242	133	124	125	0.0114068	0	0.292308	1
727	438	129	441	129	124	125	0.00570342	0	0.283516	1
728	221	141	228	141	124	125	0.013308	0	0.30989	1
729	526	74	527	74	124	125	0.00190114	0	0.162637	1
730	564	95	568	95	124	125	0.00760456	0	0.208791	1
731	26	102	27	102	124	125	0.00190114	0	0.224176	1
732	391	103	396	103	124	125	0.0095057	0	0.226374	1