
0	535	66	536	65	37	38	0.0128205	0	0.160584	1
1	558	213	549	213	37	41	0.0576923	0	0.518248	2
2	311	79	310	76	37	38	0.0641026	0	0.192214	2
3	413	123	412	122	37	38	0.0128205	0	0.29927	2
4	337	103	338	100	37	38	0.0641026	0	0.250608	1
5	390	105	389	101	37	39	0.108974	0	0.255474	2
6	409	113	409	112	37	38	0.00641026	0	0.274939	1
7	417	93	404	85	37	50	0.49359	0	0.226277	2
8	253	90	253	86	37	41	0.102564	0	0.218978	1
9	380	63	359	63	37	57	0.134615	0	0.153285	2
10	571	30	594	29	37	75	0.153846	0	0.0729927	1
11	33	39	35	41	37	38	0.0384615	0	0.0948905	1
12	401	92	402	87	37	40	0.166667	0	0.223844	1
13	229	78	230	77	38	39	0.0128205	0	0.189781	1
14	447	148	447	148	38	39	0	0	0.360097	1
15	304	126	309	123	38	39	0.0897436	0	0.306569	1
16	381	92	381	90	38	39	0.025641	0	0.223844	1
17	316	103	324	101	38	43	0.0769231	0	0.250608	1
18	105	353	99	355	38	44	0.0641026	0	0.858881	2
19	433	102	439	94	38	42	0.448718	0	0.248175	1
20	388	82	389	80	38	40	0.0320513	0	0.199513	1
21	408	100	407	96	38	40	0.108974	0	0.243309	2
22	316	76	315	74	39	40	0.0320513	0	0.184915	2
23	537	66	538	65	39	40	0.0128205	0	0.160584	1
24	370	132	374	124	39	41	0.435897	0	0.321168	1
25	283	60	288	58	39	41	0.0576923	0	0.145985	1
26	429	123	428	120	39	40	0.0641026	0	0.29927	2
27	97	32	96	32	39	40	0.00641026	0	0.0778589	2
28	419	126	419	126	39	40	0	0	0.306569	1
29	331	112	331	110	39	40	0.025641	0	0.272506	1
30	395	117	397	119	39	41	0.0384615	0	0.284672	1
31	119	369	118	369	39	43	0.00641026	0	0.89781	2
32	334	97	338	94	39	41	0.0833333	0	0.23601	1
33	46	40	52	39	39	40	0.0448718	0	0.0973236	1
34	543	187	540	184	39	40	0.0769231	0	0.454988	2
35	313	152	318	144	39	42	0.442308	0	0.36983	1
36	392	66	391	64	39	41	0.0320513	0	0.160584	2
37	232	77	236	77	40	42	0.025641	0	0.187348	1
38	464	161	464	162	40	49	0.00641026	0	0.391727	1
39	389	100	389	98	40	41	0.025641	0	0.243309	1
40	193	134	193	133	40	41	0.00641026	0	0.326034	1
41	574	231	573	229	40	41	0.0320513	0	0.562044	2
42	432	130	432	128	40	41	0.025641	0	0.316302	1
43	376	67	375	65	40	41	0.0320513	0	0.163017	2
44	417	113	416	110	40	41	0.0641026	0	0.274939	2
45	335	63	335	63	40	44	0	0	0.153285	1
46	204	143	202	142	40	41	0.0192308	0	0.347932	2
47	569	209	559	211	40	42	0.0897436	0	0.508516	2
48	331	108	331	107	41	42	0.00641026	0	0.262774	1
49	390	81	390	81	41	42	0	0	0.19708	1
50	315	72	314	70	41	42	0.0320513	0	0.175182	2
51	428	118	427	116	41	43	0.0320513	0	0.287105	2
52	89	70	84	69	41	43	0.0384615	0	0.170316	2
53	96	33	95	34	41	42	0.0128205	0	0.080292	2
54	547	72	547	71	41	42	0.00641026	0	0.175182	1
55	345	120	346	116	41	44	0.108974	0	0.291971	1
56	348	110	349	107	41	44	0.0641026	0	0.26764	1
57	218	120	218	120	41	42	0	0	0.291971	1
58	532	58	538	55	41	44	0.0961538	0	0.141119	1
59	320	46	317	47	41	44	0.025641	0	0.111922	2
60	99	70	94	71	41	49	0.0384615	0	0.170316	2
61	600	25	602	26	41	47	0.0192308	0	0.0608273	1
62	351	134	356	134	41	43	0.0320513	0	0.326034	1
63	405	77	398	78	41	47	0.0512821	0	0.187348	2
64	399	120	399	120	42	43	0	0	0.291971	1
65	548	216	547	217	42	43	0.0128205	0	0.525547	2
66	425	128	425	129	42	43	0.00641026	0	0.311436	1
67	340	95	341	95	42	43	0.00641026	0	0.231144	1
68	292	58	295	58	42	43	0.0192308	0	0.141119	1
69	234	90	237	90	42	43	0.0192308	0	0.218978	1
70	548	87	549	89	42	43	0.0320513	0	0.211679	1
71	92	403	83	406	42	51	0.115385	0	0.980535	2
72	408	95	406	95	42	45	0.0128205	0	0.231144	2
73	575	70	575	76	42	54	0.230769	0	0.170316	1
74	557	62	558	63	42	43	0.0128205	0	0.150852	1
75	390	97	390	97	42	43	0	0	0.23601	1
76	93	318	80	321	42	47	0.141026	0	0.773723	2
77	169	24	182	27	42	70	0.141026	0	0.0583942	1
78	317	24	311	24	42	44	0.0384615	0	0.0583942	2
79	113	410	113	409	42	49	0.00641026	0	0.997567	1
80	154	25	152	26	42	50	0.0192308	0	0.0608273	2
81	302	47	305	48	42	43	0.025641	0	0.114355	1
82	227	88	233	88	43	45	0.0384615	0	0.214112	1
83	239	78	242	78	43	44	0.0192308	0	0.189781	1
84	318	68	318	67	43	44	0.00641026	0	0.16545	1
85	433	102	434	101	43	44	0.0128205	0	0.248175	1
86	200	117	200	118	43	44	0.00641026	0	0.284672	1
87	740	322	731	323	43	45	0.0641026	0	0.783455	2
88	582	27	582	26	43	45	0.00641026	0	0.0656934	1
89	384	87	382	86	43	47	0.0192308	0	0.211679	2
90	36	40	41	36	43	46	0.134615	0	0.0973236	1
91	218	122	220	121	43	46	0.0192308	0	0.296837	1
92	728	354	725	354	43	44	0.0192308	0	0.861314	2
93	742	304	666	301	43	56	0.544872	0	0.739659	2
94	583	117	585	116	43	46	0.0192308	0	0.284672	1
95	372	119	376	118	43	44	0.0320513	0	0.289538	1
96	93	35	91	35	43	44	0.0128205	0	0.0851582	2
97	50	24	56	26	43	46	0.0641026	0	0.0583942	1
98	427	129	427	129	44	45	0	0	0.313869	1
99	330	158	330	157	44	45	0.00641026	0	0.384428	1
100	427	118	425	117	44	46	0.0192308	0	0.287105	2
101	552	92	553	92	44	45	0.00641026	0	0.223844	1
102	335	28	335	27	44	45	0.00641026	0	0.0681265	1
103	555	224	533	219	44	46	0.301282	0	0.545012	2
104	546	65	548	64	44	45	0.0192308	0	0.158151	1
105	83	70	79	74	44	50	0.128205	0	0.170316	2
106	533	67	537	67	44	46	0.025641	0	0.163017	1
107	300	58	302	57	44	45	0.0192308	0	0.141119	1
108	449	157	449	157	44	45	0	0	0.381995	1
109	83	335	74	335	45	48	0.0576923	0	0.815085	2
110	320	67	321	67	45	46	0.00641026	0	0.163017	1
111	334	102	336	100	45	46	0.0384615	0	0.248175	1
112	433	154	423	149	45	47	0.224359	0	0.374696	2
113	247	78	251	76	45	46	0.0512821	0	0.189781	1
114	375	122	380	121	45	46	0.0384615	0	0.296837	1
115	334	65	334	64	45	46	0.00641026	0	0.158151	1
116	311	101	312	101	45	47	0.00641026	0	0.245742	1
117	351	106	353	104	45	48	0.0384615	0	0.257908	1
118	76	401	70	408	45	53	0.352564	0	0.975669	2
119	196	125	199	127	45	48	0.0448718	0	0.304136	1
120	95	39	94	38	45	46	0.0128205	0	0.0948905	2
121	719	354	718	352	45	46	0.0320513	0	0.861314	2
122	279	206	275	213	45	58	0.339744	0	0.501217	2
123	580	53	580	56	45	53	0.0576923	0	0.128954	1
124	242	116	249	118	45	46	0.0705128	0	0.282238	1
125	741	324	721	320	45	48	0.230769	0	0.788321	2
126	211	27	210	29	45	63	0.0320513	0	0.0656934	2
127	333	145	337	145	45	48	0.025641	0	0.352798	1
128	322	55	322	55	45	46	0	0	0.13382	1
129	429	24	425	26	45	55	0.0512821	0	0.0583942	2
130	556	75	556	76	46	47	0.00641026	0	0.182482	1
131	573	231	572	230	46	47	0.0128205	0	0.562044	2
132	307	59	309	58	46	47	0.0192308	0	0.143552	1
133	337	26	359	27	46	75	0.147436	0	0.0632603	1
134	308	27	304	25	46	47	0.0512821	0	0.0656934	2
135	404	95	402	94	46	47	0.0192308	0	0.231144	2
136	541	95	545	95	46	48	0.025641	0	0.231144	1
137	455	156	453	154	46	49	0.0384615	0	0.379562	2
138	584	26	607	27	46	75	0.153846	0	0.0632603	1
139	533	181	528	178	46	47	0.0897436	0	0.440389	2
140	552	66	552	67	47	48	0.00641026	0	0.160584	1
141	558	94	559	94	47	48	0.00641026	0	0.22871	1
142	399	119	402	119	47	48	0.0192308	0	0.289538	1
143	560	223	542	218	47	50	0.275641	0	0.542579	2
144	91	326	57	321	47	53	0.378205	0	0.793187	2
145	319	71	322	72	47	48	0.025641	0	0.172749	1
146	440	144	437	143	47	48	0.025641	0	0.350365	2
147	386	121	394	120	47	50	0.0576923	0	0.294404	1
148	380	103	379	104	47	48	0.0128205	0	0.250608	2
149	717	352	711	348	47	49	0.141026	0	0.856448	2
150	257	75	261	74	47	48	0.0320513	0	0.182482	1
151	522	215	442	212	47	57	0.570513	0	0.523114	2
152	194	143	195	143	47	48	0.00641026	0	0.347932	1
153	198	174	194	174	47	57	0.025641	0	0.423358	2
154	99	336	93	334	47	48	0.0641026	0	0.817518	2
155	101	326	66	320	47	53	0.455128	0	0.793187	2
156	422	119	418	118	47	48	0.0320513	0	0.289538	2
157	223	121	229	119	47	49	0.0641026	0	0.294404	1
158	372	131	382	132	47	50	0.0705128	0	0.318735	1
159	540	210	509	211	47	51	0.205128	0	0.510949	2
160	94	355	76	351	47	51	0.217949	0	0.863747	2
161	716	316	703	314	47	49	0.108974	0	0.768856	2
162	209	121	209	121	47	48	0	0	0.294404	1
163	550	218	520	217	47	51	0.198718	0	0.530414	2
164	385	67	384	68	47	48	0.0128205	0	0.163017	2
165	188	169	189	167	47	51	0.0320513	0	0.411192	1
166	29	143	24	145	47	56	0.0576923	0	0.347932	2
167	274	253	267	252	48	74	0.0512821	0	0.615572	2
168	312	103	313	103	48	49	0.00641026	0	0.250608	1
169	67	26	67	28	48	49	0.025641	0	0.0632603	1
170	420	147	412	153	48	51	0.282051	0	0.357664	2
171	76	322	51	317	48	53	0.320513	0	0.783455	2
172	312	59	318	59	48	50	0.0384615	0	0.143552	1
173	523	195	502	195	48	51	0.134615	0	0.474453	2
174	340	108	340	107	48	49	0.00641026	0	0.262774	1
175	327	27	326	27	48	49	0.00641026	0	0.0656934	2
176	78	45	75	44	48	49	0.025641	0	0.109489	2
177	431	161	420	169	48	53	0.480769	0	0.391727	2
178	257	255	256	254	48	49	0.0128205	0	0.620438	2
179	400	93	394	94	48	50	0.0448718	0	0.226277	2
180	521	178	502	183	48	51	0.282051	0	0.43309	2
181	91	83	89	83	48	50	0.0128205	0	0.201946	2
182	716	363	709	364	48	51	0.0512821	0	0.883212	2
183	342	124	345	124	48	51	0.0192308	0	0.301703	1
184	70	336	65	335	49	50	0.0384615	0	0.817518	2
185	80	337	58	333	49	53	0.24359	0	0.819951	2
186	325	74	327	75	49	50	0.0192308	0	0.180049	1
187	735	352	727	355	49	50	0.108974	0	0.856448	2
188	264	76	266	76	49	50	0.0128205	0	0.184915	1
189	544	59	549	68	49	59	0.551282	0	0.143552	1
190	435	143	431	144	49	50	0.0320513	0	0.347932	2
191	384	103	382	104	49	50	0.0192308	0	0.250608	2
192	504	179	468	180	49	54	0.237179	0	0.435523	2
193	439	98	439	98	49	50	0	0	0.238443	1
194	453	141	452	142	49	50	0.0128205	0	0.343066	2
195	113	399	107	398	49	50	0.0448718	0	0.970803	2
196	562	225	554	220	49	50	0.211538	0	0.547445	2
197	613	24	619	24	49	51	0.0384615	0	0.0583942	1
198	549	91	550	94	49	52	0.0641026	0	0.221411	1
199	350	107	350	106	49	51	0.00641026	0	0.260341	1
200	588	122	587	122	49	50	0.00641026	0	0.296837	2
201	98	43	121	44	49	75	0.153846	0	0.104623	1
202	510	235	503	236	50	55	0.0512821	0	0.571776	2
203	550	69	549	69	50	51	0.00641026	0	0.167883	2
204	462	161	438	160	50	53	0.160256	0	0.391727	2
205	235	118	256	118	50	53	0.134615	0	0.287105	1
206	205	129	205	130	50	51	0.00641026	0	0.313869	1
207	409	118	404	117	50	51	0.0384615	0	0.287105	2
208	449	154	435	157	50	52	0.147436	0	0.374696	2
209	298	34	293	34	50	51	0.0320513	0	0.0827251	2
210	697	315	690	315	50	51	0.0448718	0	0.766423	2
211	77	104	76	104	50	51	0.00641026	0	0.253041	2
212	326	27	348	27	50	75	0.141026	0	0.0656934	1
213	380	88	377	90	50	52	0.0448718	0	0.214112	2
214	269	124	268	125	50	53	0.0128205	0	0.301703	2
215	449	92	452	99	50	57	0.333333	0	0.223844	1
216	714	319	709	318	50	51	0.0384615	0	0.776156	2
217	251	257	243	262	50	58	0.211538	0	0.625304	2
218	360	24	382	25	50	75	0.147436	0	0.0583942	1
219	334	64	340	64	50	53	0.0384615	0	0.155718	1
220	533	216	519	215	51	52	0.0961538	0	0.525547	2
221	59	336	39	329	51	55	0.442308	0	0.817518	2
222	338	107	337	107	51	52	0.00641026	0	0.260341	2
223	427	146	421	149	51	52	0.0961538	0	0.355231	2
224	330	76	331	76	51	52	0.00641026	0	0.184915	1
225	384	100	381	101	51	52	0.025641	0	0.243309	2
226	77	75	76	75	51	52	0.00641026	0	0.182482	2
227	587	121	585	124	51	54	0.0705128	0	0.294404	2
228	440	102	440	103	51	52	0.00641026	0	0.248175	1
229	326	58	329	58	51	52	0.0192308	0	0.141119	1
230	394	96	391	97	51	52	0.025641	0	0.233577	2
231	150	27	173	29	51	74	0.173077	0	0.0656934	1
232	559	63	558	63	51	53	0.00641026	0	0.153285	2
233	76	395	74	395	51	52	0.0128205	0	0.961071	2
234	215	135	216	135	51	52	0.00641026	0	0.328467	1
235	222	110	257	114	51	63	0.326923	0	0.26764	1
236	86	356	82	352	52	53	0.128205	0	0.86618	2
237	548	71	548	73	52	54	0.025641	0	0.172749	1
238	352	104	352	103	52	53	0.00641026	0	0.253041	1
239	399	112	390	111	52	54	0.0641026	0	0.272506	2
240	410	156	406	156	52	53	0.025641	0	0.379562	2
241	206	131	208	132	52	53	0.0192308	0	0.318735	1
242	84	321	78	320	52	53	0.0448718	0	0.781022	2
243	532	214	517	213	52	53	0.102564	0	0.520681	2
244	441	141	441	143	52	58	0.025641	0	0.343066	1
245	310	40	307	40	52	59	0.0192308	0	0.0973236	2
246	213	121	219	123	52	55	0.0641026	0	0.294404	1
247	622	25	624	26	52	55	0.0192308	0	0.0608273	1
248	77	345	46	339	52	59	0.429487	0	0.839416	2
249	258	248	228	250	52	75	0.217949	0	0.603406	2
250	508	220	452	223	52	59	0.416667	0	0.53528	2
251	263	92	263	92	52	53	0	0	0.223844	1
252	611	26	617	26	52	62	0.0384615	0	0.0632603	1
253	447	115	447	116	52	53	0.00641026	0	0.279805	1
254	77	109	75	110	52	55	0.0192308	0	0.265207	2
255	490	169	453	166	52	57	0.294872	0	0.411192	2
256	333	75	334	74	53	54	0.0128205	0	0.182482	1
257	280	81	291	81	53	57	0.0705128	0	0.19708	1
258	457	146	459	145	53	54	0.0192308	0	0.355231	1
259	73	397	69	396	53	54	0.0320513	0	0.965937	2
260	441	105	442	108	53	55	0.0641026	0	0.255474	1
261	340	108	342	106	53	56	0.0384615	0	0.262774	1
262	380	92	373	94	53	56	0.0705128	0	0.223844	2
263	86	85	106	85	53	71	0.128205	0	0.206813	1
264	360	69	355	70	53	55	0.0384615	0	0.167883	2
265	442	36	438	36	53	54	0.025641	0	0.0875912	2
266	307	85	306	85	53	54	0.00641026	0	0.206813	2
267	690	315	683	312	53	54	0.102564	0	0.766423	2
268	548	81	548	82	53	54	0.00641026	0	0.19708	1
269	54	333	31	331	54	59	0.173077	0	0.810219	2
270	79	349	46	352	54	61	0.269231	0	0.849148	2
271	393	98	389	98	54	56	0.025641	0	0.238443	2
272	404	159	395	155	54	56	0.160256	0	0.386861	2
273	553	102	552	101	54	55	0.0128205	0	0.248175	2
274	62	321	29	323	54	61	0.237179	0	0.781022	2
275	46	315	40	313	54	55	0.0641026	0	0.766423	2
276	376	106	372	105	54	55	0.0320513	0	0.257908	2
277	211	134	221	133	54	57	0.0705128	0	0.326034	1
278	263	93	265	92	54	55	0.0192308	0	0.226277	1
279	352	104	357	101	54	57	0.0897436	0	0.253041	1
280	337	84	340	83	54	55	0.025641	0	0.20438	1
281	70	42	67	40	54	55	0.0448718	0	0.10219	2
282	558	64	563	62	54	59	0.0576923	0	0.155718	1
283	597	29	598	28	54	59	0.0128205	0	0.0705596	1
284	67	407	55	404	54	55	0.134615	0	0.990268	2
285	268	204	253	200	54	75	0.198718	0	0.49635	2
286	61	30	57	28	54	55	0.0512821	0	0.0729927	2
287	562	82	560	82	54	55	0.0128205	0	0.199513	2
288	189	87	213	86	54	75	0.160256	0	0.211679	1
289	416	166	405	168	55	56	0.0961538	0	0.403893	2
290	335	73	334	72	55	56	0.0128205	0	0.177616	2
291	658	316	628	313	55	59	0.25	0	0.768856	2
292	575	77	573	76	55	57	0.0192308	0	0.187348	2
293	585	124	586	124	55	61	0.00641026	0	0.301703	1
294	419	111	424	110	55	56	0.0384615	0	0.270073	1
295	671	361	579	369	55	66	1	0	0.878345	2
296	463	143	471	141	55	57	0.0769231	0	0.347932	1
297	56	348	30	354	55	61	0.397436	0	0.846715	2
298	430	113	436	112	55	56	0.0448718	0	0.274939	1
299	345	62	342	61	55	56	0.025641	0	0.150852	2
300	434	36	427	37	55	58	0.0512821	0	0.0875912	2
301	272	38	251	38	55	59	0.134615	0	0.0924574	2
302	147	309	173	308	55	75	0.173077	0	0.751825	1
303	553	74	555	73	56	57	0.0192308	0	0.180049	1
304	63	394	55	393	56	57	0.0576923	0	0.958637	2
305	63	410	55	409	56	57	0.0576923	0	0.997567	2
306	360	77	358	77	56	57	0.0128205	0	0.187348	2
307	468	211	440	214	56	59	0.237179	0	0.513382	2
308	53	393	46	392	56	57	0.0512821	0	0.956204	2
309	380	81	381	79	56	57	0.0320513	0	0.19708	1
310	450	194	441	194	56	57	0.0576923	0	0.472019	2
311	231	137	233	136	56	57	0.0192308	0	0.333333	1
312	325	104	326	102	56	57	0.0320513	0	0.253041	1
313	260	24	250	24	56	58	0.0641026	0	0.0583942	2
314	342	82	340	82	56	57	0.0128205	0	0.199513	2
315	675	311	668	312	56	57	0.0512821	0	0.756691	2
316	73	403	55	403	56	58	0.115385	0	0.980535	2
317	54	28	50	27	56	57	0.0320513	0	0.0681265	2
318	623	28	628	28	56	64	0.0320513	0	0.0681265	1
319	183	24	182	24	56	58	0.00641026	0	0.0583942	2
320	341	157	340	157	56	57	0.00641026	0	0.381995	2
321	379	110	374	109	56	57	0.0384615	0	0.26764	2
322	279	234	274	231	56	59	0.0897436	0	0.569343	2
323	407	165	399	163	57	58	0.0769231	0	0.40146	2
324	28	322	24	323	57	58	0.0320513	0	0.783455	2
325	562	90	568	90	57	63	0.0384615	0	0.218978	1
326	391	156	385	158	57	58	0.0641026	0	0.379562	2
327	544	85	545	86	57	58	0.0128205	0	0.206813	1
328	290	127	295	128	57	58	0.0384615	0	0.309002	1
329	425	118	437	119	57	59	0.0833333	0	0.287105	1
330	30	310	26	311	57	58	0.0320513	0	0.754258	2
331	394	87	397	83	57	59	0.121795	0	0.211679	1
332	357	121	357	121	57	58	0	0	0.294404	1
333	658	301	649	302	57	58	0.0641026	0	0.73236	2
334	68	40	70	38	57	59	0.0384615	0	0.0973236	1
335	446	166	425	171	58	61	0.294872	0	0.403893	2
336	257	214	247	208	58	75	0.294872	0	0.520681	2
337	557	73	558	72	58	59	0.0128205	0	0.177616	1
338	392	174	379	171	58	63	0.141026	0	0.423358	2
339	294	81	301	82	58	60	0.0512821	0	0.19708	1
340	458	110	458	110	58	59	0	0	0.26764	1
341	225	133	227	133	58	59	0.0128205	0	0.323601	1
342	83	116	84	116	58	60	0.00641026	0	0.282238	1
343	574	77	575	75	58	60	0.0320513	0	0.187348	1
344	346	81	344	80	58	59	0.0192308	0	0.19708	2
345	352	69	350	69	58	61	0.0128205	0	0.167883	2
346	340	158	341	158	58	61	0.00641026	0	0.384428	1
347	329	101	330	102	58	59	0.0128205	0	0.245742	1
348	385	79	392	74	58	61	0.205128	0	0.192214	1
349	335	75	333	75	58	62	0.0128205	0	0.182482	2
350	686	364	670	366	58	59	0.128205	0	0.885645	2
351	348	106	350	105	58	59	0.0192308	0	0.257908	1
352	449	235	445	237	58	60	0.0512821	0	0.571776	2
353	227	176	230	179	58	61	0.0769231	0	0.428224	1
354	442	223	437	225	58	59	0.0576923	0	0.542579	2
355	35	401	31	403	58	59	0.0512821	0	0.975669	2
356	477	141	495	149	58	65	0.525641	0	0.343066	1
357	276	42	276	42	58	59	0	0	0.10219	1
358	435	213	421	224	58	61	0.865385	0	0.518248	2
359	644	313	630	314	58	60	0.0961538	0	0.761557	2
360	80	29	80	31	58	59	0.025641	0	0.0705596	1
361	484	155	500	161	58	64	0.333333	0	0.377129	1
362	413	126	413	125	59	60	0.00641026	0	0.306569	1
363	564	99	568	106	59	61	0.339744	0	0.240876	1
364	377	157	357	158	59	63	0.134615	0	0.381995	2
365	426	37	429	38	59	67	0.025641	0	0.0900243	1
366	38	393	30	389	59	60	0.153846	0	0.956204	2
367	270	207	262	205	59	75	0.0769231	0	0.50365	2
368	203	165	225	168	59	62	0.198718	0	0.40146	1
369	440	184	428	187	59	61	0.134615	0	0.447689	2
370	46	76	46	76	59	60	0	0	0.184915	1
371	183	24	185	24	59	63	0.0128205	0	0.0583942	1
372	361	60	365	60	59	60	0.025641	0	0.145985	1
373	49	314	40	318	59	61	0.160256	0	0.76399	2
374	560	72	561	73	60	61	0.0128205	0	0.175182	1
375	443	121	467	121	60	67	0.153846	0	0.294404	1
376	426	129	435	131	60	62	0.0833333	0	0.313869	1
377	230	134	232	134	60	61	0.0128205	0	0.326034	1
378	336	146	339	144	60	61	0.0448718	0	0.355231	1
379	242	266	238	261	60	64	0.185897	0	0.647202	2
380	276	43	300	43	60	75	0.153846	0	0.104623	1
381	47	411	49	409	60	66	0.0384615	0	1	1
382	308	40	332	39	60	75	0.160256	0	0.0973236	1
383	456	118	460	116	60	61	0.0512821	0	0.287105	1
384	571	63	572	62	60	61	0.0128205	0	0.153285	1
385	402	130	410	130	60	68	0.0512821	0	0.316302	1
386	331	105	332	107	60	62	0.0320513	0	0.255474	1
387	454	144	470	142	60	64	0.128205	0	0.350365	1
388	583	59	583	58	60	61	0.00641026	0	0.143552	1
389	239	123	247	123	60	63	0.0512821	0	0.29927	1
390	401	81	405	80	60	62	0.0320513	0	0.19708	1
391	203	301	226	300	60	75	0.153846	0	0.73236	1
392	381	34	406	33	60	75	0.166667	0	0.0827251	1
393	465	136	480	141	60	64	0.25641	0	0.3309	1
394	400	106	401	109	60	61	0.0641026	0	0.257908	1
395	35	401	24	400	61	68	0.0769231	0	0.975669	2
396	415	126	417	125	61	62	0.0192308	0	0.306569	1
397	85	118	85	117	61	63	0.00641026	0	0.287105	1
398	656	373	609	370	61	66	0.358974	0	0.907543	2
399	358	96	354	95	61	62	0.0320513	0	0.233577	2
400	558	111	562	108	61	63	0.0833333	0	0.270073	1
401	311	80	315	80	61	62	0.025641	0	0.194647	1
402	119	24	119	24	61	62	0	0	0.0583942	1
403	46	41	43	38	61	62	0.0769231	0	0.0997567	2
404	629	305	611	301	61	63	0.217949	0	0.742092	2
405	604	27	607	26	61	62	0.025641	0	0.0656934	1
406	576	75	576	74	61	62	0.00641026	0	0.182482	1
407	304	82	309	81	62	63	0.0384615	0	0.199513	1
408	37	339	32	337	62	63	0.0576923	0	0.824818	2
409	382	93	382	92	62	63	0.00641026	0	0.226277	1
410	635	357	603	359	62	65	0.230769	0	0.868613	2
411	461	115	464	113	62	63	0.0448718	0	0.279805	1
412	408	222	367	229	62	68	0.576923	0	0.540146	2
413	375	62	387	62	62	65	0.0769231	0	0.150852	1
414	348	72	346	72	62	63	0.0128205	0	0.175182	2
415	34	72	27	71	62	63	0.0512821	0	0.175182	2
416	395	72	396	71	62	63	0.0128205	0	0.175182	1
417	440	236	437	234	62	63	0.0448718	0	0.574209	2
418	363	174	361	174	62	64	0.0128205	0	0.423358	2
419	613	321	600	317	62	63	0.185897	0	0.781022	2
420	250	57	247	56	62	63	0.025641	0	0.138686	2
421	35	320	29	320	62	63	0.0384615	0	0.778589	2
422	33	45	25	42	62	64	0.108974	0	0.109489	2
423	345	121	346	121	62	63	0.00641026	0	0.294404	1
424	549	85	550	86	62	63	0.0128205	0	0.206813	1
425	47	78	26	77	62	67	0.141026	0	0.189781	2
426	239	139	245	137	62	64	0.0641026	0	0.3382	1
427	426	225	402	225	63	66	0.153846	0	0.547445	2
428	440	131	444	131	63	64	0.025641	0	0.318735	1
429	393	139	394	139	63	64	0.00641026	0	0.3382	1
430	611	27	615	26	63	64	0.0320513	0	0.0656934	1
431	466	98	487	99	63	68	0.141026	0	0.238443	1
432	556	96	558	96	63	64	0.0128205	0	0.233577	1
433	423	124	434	125	63	66	0.0769231	0	0.301703	1
434	311	98	330	98	63	67	0.121795	0	0.238443	1
435	409	201	390	201	63	65	0.121795	0	0.489051	2
436	579	73	583	73	63	65	0.025641	0	0.177616	1
437	403	82	404	82	63	64	0.00641026	0	0.199513	1
438	39	37	35	37	63	64	0.025641	0	0.0900243	2
439	380	102	381	103	63	64	0.0128205	0	0.248175	1
440	343	159	343	159	63	65	0	0	0.386861	1
441	336	73	335	73	63	64	0.00641026	0	0.177616	2
442	414	217	397	217	63	65	0.108974	0	0.527981	2
443	322	83	335	83	64	67	0.0833333	0	0.201946	1
444	431	228	423	226	64	65	0.0769231	0	0.554745	2
445	601	301	581	302	64	66	0.134615	0	0.73236	2
446	316	123	321	126	64	65	0.0897436	0	0.29927	1
447	470	109	473	107	64	65	0.0448718	0	0.265207	1
448	87	118	87	118	64	65	0	0	0.287105	1
449	347	76	346	77	64	65	0.0128205	0	0.184915	2
450	37	340	24	336	64	67	0.185897	0	0.827251	2
451	590	317	581	315	64	65	0.0833333	0	0.77129	2
452	250	123	263	125	64	67	0.108974	0	0.29927	1
453	351	120	348	120	64	65	0.0192308	0	0.291971	2
454	386	83	387	83	64	65	0.00641026	0	0.201946	1
455	346	100	340	100	64	66	0.0384615	0	0.243309	2
456	186	24	189	24	64	68	0.0192308	0	0.0583942	1
457	120	24	120	24	64	65	0	0	0.0583942	1
458	393	182	356	187	64	69	0.397436	0	0.442822	2
459	247	52	220	53	64	68	0.179487	0	0.126521	2
460	561	75	562	77	65	67	0.0320513	0	0.182482	1
461	387	244	388	248	65	69	0.108974	0	0.593674	1
462	394	139	395	138	65	66	0.0128205	0	0.3382	1
463	406	83	406	84	65	66	0.00641026	0	0.201946	1
464	557	92	563	94	65	68	0.0641026	0	0.223844	1
465	383	96	384	95	65	66	0.0128205	0	0.233577	1
466	253	139	257	139	65	66	0.025641	0	0.3382	1
467	342	132	340	133	65	66	0.0192308	0	0.321168	2
468	236	173	240	171	65	66	0.0512821	0	0.420925	1
469	594	128	596	127	65	66	0.0192308	0	0.311436	1
470	442	134	445	134	65	66	0.0192308	0	0.326034	1
471	242	137	245	137	65	66	0.0192308	0	0.333333	1
472	397	98	398	97	65	66	0.0128205	0	0.238443	1
473	35	310	59	309	65	75	0.160256	0	0.754258	1
474	550	72	563	72	65	70	0.0833333	0	0.175182	1
475	562	104	568	116	65	68	0.961538	0	0.253041	1
476	358	119	354	120	65	66	0.0320513	0	0.289538	2
477	573	75	573	78	65	66	0.0576923	0	0.182482	1
478	394	176	370	179	65	68	0.211538	0	0.428224	2
479	353	67	353	68	65	66	0.00641026	0	0.163017	1
480	249	261	264	264	66	74	0.153846	0	0.635036	1
481	412	225	397	226	66	67	0.102564	0	0.547445	2
482	383	105	385	105	66	67	0.0128205	0	0.255474	1
483	472	110	475	111	66	67	0.025641	0	0.26764	1
484	497	149	501	149	66	67	0.025641	0	0.36253	1
485	391	85	393	86	66	67	0.0192308	0	0.206813	1
486	381	133	397	139	66	70	0.333333	0	0.323601	1
487	263	150	273	148	66	67	0.0897436	0	0.364964	1
488	302	128	304	125	66	67	0.0705128	0	0.311436	1
489	384	200	376	201	66	67	0.0576923	0	0.486618	2
490	269	119	273	120	66	67	0.0320513	0	0.289538	1
491	121	24	122	24	66	67	0.00641026	0	0.0583942	1
492	341	66	346	67	66	67	0.0384615	0	0.160584	1
493	89	117	91	117	66	67	0.0128205	0	0.284672	1
494	28	145	51	145	66	75	0.147436	0	0.352798	1
495	583	318	574	318	66	67	0.0576923	0	0.773723	2
496	234	40	229	40	66	67	0.0320513	0	0.0973236	2
497	59	24	62	25	66	68	0.025641	0	0.0583942	1
498	596	117	598	118	66	67	0.0192308	0	0.284672	1
499	439	128	444	129	67	68	0.0384615	0	0.311436	1
500	48	408	27	409	67	70	0.141026	0	0.992701	2
501	358	121	360	122	67	68	0.0192308	0	0.294404	1
502	393	135	396	136	67	68	0.025641	0	0.328467	1
503	588	75	605	82	67	71	0.423077	0	0.182482	1
504	396	96	399	96	67	68	0.0192308	0	0.233577	1
505	257	136	265	137	67	68	0.0576923	0	0.3309	1
506	222	258	220	260	67	75	0.0384615	0	0.627737	2
507	349	183	345	185	67	68	0.0512821	0	0.445255	2
508	483	122	486	123	67	68	0.025641	0	0.296837	1
509	458	134	489	135	67	71	0.205128	0	0.326034	1
510	578	82	580	83	67	68	0.0192308	0	0.199513	1
511	411	88	418	90	67	69	0.0705128	0	0.214112	1
512	403	106	412	108	67	69	0.0833333	0	0.257908	1
513	403	140	446	146	67	75	0.50641	0	0.340633	1
514	342	137	343	137	67	69	0.00641026	0	0.333333	1
515	575	93	577	93	67	68	0.0128205	0	0.226277	1
516	375	108	389	105	67	70	0.147436	0	0.262774	1
517	565	79	587	82	68	73	0.198718	0	0.192214	1
518	311	123	320	123	68	69	0.0576923	0	0.29927	1
519	95	118	107	116	68	70	0.102564	0	0.287105	1
520	340	85	346	86	68	69	0.0448718	0	0.206813	1
521	402	75	406	76	68	69	0.0320513	0	0.182482	1
522	478	112	525	113	68	74	0.307692	0	0.272506	1
523	431	39	450	38	68	75	0.128205	0	0.0948905	1
524	209	58	181	55	68	75	0.237179	0	0.141119	2
525	85	112	89	111	68	69	0.0320513	0	0.272506	1
526	350	162	346	165	68	75	0.0833333	0	0.394161	2
527	569	319	563	315	68	69	0.141026	0	0.776156	2
528	329	137	332	137	68	69	0.0192308	0	0.333333	1
529	388	111	400	110	68	70	0.0833333	0	0.270073	1
530	452	40	470	39	68	75	0.121795	0	0.0973236	1
531	204	25	203	25	68	69	0.00641026	0	0.0608273	2
532	409	62	418	62	68	69	0.0576923	0	0.150852	1
533	341	112	341	112	68	69	0	0	0.272506	1
534	281	117	325	121	68	74	0.384615	0	0.284672	1
535	489	112	521	113	68	72	0.211538	0	0.272506	1
536	450	131	470	132	69	75	0.134615	0	0.318735	1
537	566	341	541	336	69	72	0.320513	0	0.829684	2
538	479	123	512	122	69	73	0.217949	0	0.29927	1
539	406	94	411	94	69	70	0.0320513	0	0.22871	1
540	365	123	371	122	69	70	0.0448718	0	0.29927	1
541	366	227	364	218	69	70	0.532051	0	0.552311	2
542	495	102	526	100	69	73	0.224359	0	0.248175	1
543	571	362	566	356	69	70	0.262821	0	0.880779	2
544	574	118	578	117	69	70	0.0320513	0	0.287105	1
545	565	101	574	102	69	71	0.0641026	0	0.245742	1
546	276	138	288	137	69	70	0.0833333	0	0.335766	1
547	24	78	36	76	69	72	0.102564	0	0.189781	1
548	584	118	599	118	69	74	0.0961538	0	0.287105	1
549	128	38	158	37	69	73	0.198718	0	0.0924574	1
550	259	182	263	181	69	70	0.0320513	0	0.442822	1
551	376	231	372	230	69	72	0.0320513	0	0.562044	2
552	67	27	83	26	69	73	0.108974	0	0.0656934	1
553	581	95	586	96	69	70	0.0384615	0	0.231144	1
554	596	109	608	110	69	73	0.0833333	0	0.265207	1
555	548	365	505	371	69	75	0.50641	0	0.888078	2
556	585	81	589	82	69	70	0.0320513	0	0.19708	1
557	648	29	669	28	69	72	0.141026	0	0.0705596	1
558	596	65	601	66	69	70	0.0384615	0	0.158151	1
559	417	77	422	78	70	71	0.0384615	0	0.187348	1
560	339	103	340	103	70	72	0.00641026	0	0.250608	1
561	616	123	625	123	70	73	0.0576923	0	0.29927	1
562	96	110	105	108	70	72	0.0833333	0	0.26764	1
563	399	98	416	96	70	73	0.134615	0	0.238443	1
564	423	92	428	93	70	71	0.0384615	0	0.223844	1
565	438	73	451	77	70	72	0.185897	0	0.177616	1
566	542	313	506	310	70	74	0.288462	0	0.761557	2
567	29	43	29	40	70	71	0.0576923	0	0.104623	1
568	589	373	575	368	70	72	0.25	0	0.907543	2
569	350	95	352	94	70	71	0.0192308	0	0.231144	1
570	370	175	371	174	70	71	0.0128205	0	0.425791	1
571	282	185	299	190	70	75	0.269231	0	0.450122	1
572	200	25	197	24	71	72	0.025641	0	0.0608273	2
573	292	129	300	129	71	72	0.0512821	0	0.313869	1
574	408	109	421	109	71	75	0.0833333	0	0.265207	1
575	405	139	416	139	71	74	0.0705128	0	0.3382	1
576	355	176	348	173	71	72	0.102564	0	0.428224	2
577	426	108	436	108	71	73	0.0641026	0	0.262774	1
578	340	219	308	223	71	75	0.307692	0	0.532847	2
579	570	77	577	77	71	73	0.0448718	0	0.187348	1
580	595	80	598	81	71	72	0.025641	0	0.194647	1
581	133	24	138	24	71	72	0.0320513	0	0.0583942	1
582	360	148	357	150	71	74	0.0448718	0	0.360097	2
583	545	303	538	302	71	72	0.0512821	0	0.737226	2
584	381	160	384	160	71	72	0.0192308	0	0.389294	1
585	590	100	595	105	71	74	0.192308	0	0.243309	1
586	559	356	537	361	71	73	0.301282	0	0.86618	2
587	375	124	380	123	71	72	0.0384615	0	0.301703	1
588	234	62	234	59	71	72	0.0576923	0	0.150852	1
589	502	132	510	131	71	72	0.0576923	0	0.321168	1
590	609	72	612	71	71	72	0.025641	0	0.175182	1
591	359	218	347	218	71	72	0.0769231	0	0.530414	2
592	522	98	539	100	71	75	0.134615	0	0.238443	1
593	366	77	371	75	72	73	0.0576923	0	0.187348	1
594	368	89	373	90	72	73	0.0384615	0	0.216545	1
595	29	39	27	39	72	73	0.0128205	0	0.0948905	2
596	543	156	546	157	72	73	0.025641	0	0.379562	1
597	273	177	280	176	72	74	0.0512821	0	0.430657	1
598	610	84	612	85	72	73	0.0192308	0	0.20438	1
599	388	136	392	138	72	74	0.0512821	0	0.3309	1
600	579	104	580	108	72	74	0.108974	0	0.253041	1
601	498	135	512	136	72	75	0.0961538	0	0.328467	1
602	399	107	400	107	73	74	0.00641026	0	0.260341	1
603	188	69	186	69	73	75	0.0128205	0	0.167883	2
604	340	174	320	179	73	75	0.288462	0	0.423358	2
605	361	80	362	80	73	74	0.00641026	0	0.194647	1
606	108	109	108	109	73	75	0	0	0.265207	1
607	598	73	597	74	73	74	0.0128205	0	0.177616	2
608	529	112	534	112	73	74	0.0320513	0	0.272506	1
609	308	130	311	130	73	74	0.0192308	0	0.316302	1
610	194	25	188	26	73	74	0.0448718	0	0.0608273	2
611	343	191	325	194	73	75	0.173077	0	0.46472	2
612	458	65	466	67	73	75	0.0769231	0	0.158151	1
613	386	162	385	163	73	75	0.0128205	0	0.394161	2
614	613	71	610	70	73	75	0.025641	0	0.172749	2
615	39	75	25	75	73	75	0.0897436	0	0.182482	2
616	560	368	540	367	73	74	0.134615	0	0.895377	2
617	425	83	427	84	73	75	0.0192308	0	0.201946	1
618	277	185	279	186	73	75	0.0192308	0	0.450122	1
619	378	178	373	182	73	74	0.134615	0	0.43309	2
620	588	85	586	88	74	75	0.0705128	0	0.206813	2
621	519	123	525	124	74	75	0.0448718	0	0.29927	1
622	378	91	381	91	74	75	0.0192308	0	0.221411	1
623	313	231	304	234	74	75	0.115385	0	0.562044	2
624	418	96	419	95	74	75	0.0128205	0	0.233577	1
625	374	229	358	226	74	75	0.160256	0	0.557178	2
626	316	152	317	156	74	75	0.108974	0	0.36983	1
627	161	39	161	39	74	75	0	0	0.0948905	1
628	192	43	186	43	74	75	0.0384615	0	0.104623	2
629	364	70	364	70	74	75	0	0	0.170316	1
630	234	29	233	29	74	75	0.00641026	0	0.0705596	2
631	393	121	394	120	74	75	0.0128205	0	0.294404	1