
0	562	171	560	170	137	138	0.0234375	0	0.375824	2
1	568	285	548	286	137	153	0.164062	0	0.626374	2
2	426	126	425	124	137	138	0.0390625	0	0.276923	2
3	426	109	427	104	138	139	0.203125	0	0.23956	1
4	440	118	440	116	138	139	0.03125	0	0.259341	1
5	536	166	534	165	138	139	0.0234375	0	0.364835	2
6	550	165	549	165	138	139	0.0078125	0	0.362637	2
7	558	142	553	142	138	140	0.0390625	0	0.312088	2
8	477	121	475	121	138	139	0.015625	0	0.265934	2
9	674	140	664	142	138	148	0.109375	0	0.307692	2
10	497	153	494	153	139	140	0.0234375	0	0.336264	2
11	497	121	495	120	139	140	0.0234375	0	0.265934	2
12	490	132	488	129	139	140	0.0859375	0	0.29011	2
13	420	121	419	120	139	140	0.015625	0	0.265934	2
14	572	179	569	179	139	140	0.0234375	0	0.393407	2
15	511	143	508	143	139	140	0.0234375	0	0.314286	2
16	405	103	401	97	140	143	0.3125	0	0.226374	2
17	783	455	781	454	140	142	0.0234375	0	1	2
18	474	125	471	126	140	141	0.03125	0	0.274725	2
19	597	143	595	142	140	141	0.0234375	0	0.314286	2
20	411	142	411	140	140	141	0.03125	0	0.312088	1
21	230	53	228	53	140	141	0.015625	0	0.116484	2
22	210	55	206	55	140	142	0.03125	0	0.120879	2
23	128	25	107	27	140	175	0.195312	0	0.0549451	2
24	429	114	428	113	140	141	0.015625	0	0.250549	2
25	472	161	471	161	140	141	0.0078125	0	0.353846	2
26	394	155	395	153	140	142	0.0390625	0	0.340659	1
27	573	111	571	108	141	142	0.0859375	0	0.243956	2
28	566	148	563	148	141	142	0.0234375	0	0.325275	2
29	669	111	667	111	141	142	0.015625	0	0.243956	2
30	487	130	486	126	141	142	0.132812	0	0.285714	2
31	305	143	312	141	141	148	0.0859375	0	0.314286	1
32	527	133	520	128	141	143	0.25	0	0.292308	2
33	664	125	662	124	141	142	0.0234375	0	0.274725	2
34	418	119	418	116	141	142	0.0703125	0	0.261538	1
35	582	125	579	123	141	142	0.0546875	0	0.274725	2
36	509	140	505	136	141	142	0.15625	0	0.307692	2
37	460	121	455	121	141	143	0.0390625	0	0.265934	2
38	496	152	493	151	141	142	0.03125	0	0.334066	2
39	579	154	568	155	141	144	0.09375	0	0.338462	2
40	344	104	343	98	141	144	0.289062	0	0.228571	2
41	324	141	332	138	141	144	0.132812	0	0.30989	1
42	552	148	549	147	141	142	0.03125	0	0.325275	2
43	656	92	653	91	142	143	0.03125	0	0.202198	2
44	460	161	459	160	142	143	0.015625	0	0.353846	2
45	581	109	577	108	142	143	0.0390625	0	0.23956	2
46	422	131	425	122	142	145	0.65625	0	0.287912	1
47	455	171	454	171	142	143	0.0078125	0	0.375824	2
48	483	109	480	106	142	144	0.09375	0	0.23956	2
49	226	53	223	53	142	143	0.0234375	0	0.116484	2
50	666	95	659	93	142	144	0.0859375	0	0.208791	2
51	228	145	227	145	142	143	0.0078125	0	0.318681	2
52	494	116	492	114	142	143	0.046875	0	0.254945	2
53	312	127	311	125	142	143	0.0390625	0	0.279121	2
54	559	149	550	147	143	145	0.101562	0	0.327473	2
55	498	169	496	167	143	145	0.046875	0	0.371429	2
56	779	455	776	454	143	145	0.03125	0	1	2
57	444	121	441	120	143	144	0.03125	0	0.265934	2
58	549	158	543	157	143	144	0.0546875	0	0.347253	2
59	415	111	412	110	143	144	0.03125	0	0.243956	2
60	376	169	373	167	143	146	0.0546875	0	0.371429	2
61	494	193	492	194	143	146	0.0234375	0	0.424176	2
62	581	136	578	135	143	144	0.03125	0	0.298901	2
63	539	154	534	151	143	144	0.109375	0	0.338462	2
64	302	169	302	168	143	144	0.0078125	0	0.371429	1
65	478	163	478	162	143	144	0.0078125	0	0.358242	1
66	554	171	550	169	143	144	0.0625	0	0.375824	2
67	501	136	497	134	143	144	0.0625	0	0.298901	2
68	401	98	395	97	144	147	0.0546875	0	0.215385	2
69	514	172	514	170	144	145	0.03125	0	0.378022	1
70	411	155	415	153	144	145	0.0625	0	0.340659	1
71	454	169	453	170	144	147	0.015625	0	0.371429	2
72	511	128	507	125	144	145	0.101562	0	0.281319	2
73	556	159	551	159	144	145	0.0390625	0	0.349451	2
74	534	167	533	168	144	145	0.015625	0	0.367033	2
75	452	118	448	118	144	145	0.03125	0	0.259341	2
76	207	51	204	51	144	145	0.0234375	0	0.112088	2
77	492	111	490	109	144	145	0.046875	0	0.243956	2
78	537	140	532	138	144	145	0.0703125	0	0.307692	2
79	575	186	571	185	144	147	0.0390625	0	0.408791	2
80	464	131	463	129	144	145	0.0390625	0	0.287912	2
81	396	87	381	89	144	154	0.148438	0	0.191209	2
82	560	295	556	296	144	149	0.0390625	0	0.648352	2
83	371	183	373	184	144	149	0.0234375	0	0.402198	1
84	296	151	296	151	144	145	0	0	0.331868	1
85	464	187	468	186	145	146	0.0390625	0	0.410989	1
86	456	153	456	153	145	146	0	0	0.336264	1
87	558	324	558	325	145	156	0.0078125	0	0.712088	1
88	522	133	519	130	145	146	0.09375	0	0.292308	2
89	476	162	477	162	145	146	0.0078125	0	0.356044	1
90	350	110	350	108	145	146	0.03125	0	0.241758	1
91	649	99	646	98	145	146	0.03125	0	0.217582	2
92	480	118	478	117	145	146	0.0234375	0	0.259341	2
93	573	127	569	126	145	146	0.0390625	0	0.279121	2
94	487	151	484	152	145	146	0.03125	0	0.331868	2
95	346	97	368	92	145	154	0.367188	0	0.213187	1
96	560	105	556	104	145	146	0.0390625	0	0.230769	2
97	337	136	340	134	145	146	0.0546875	0	0.298901	1
98	470	114	468	113	145	146	0.0234375	0	0.250549	2
99	249	140	255	138	145	147	0.078125	0	0.307692	1
100	564	156	555	156	145	147	0.0703125	0	0.342857	2
101	124	35	117	36	145	165	0.0625	0	0.0769231	2
102	542	137	538	135	145	146	0.0625	0	0.301099	2
103	545	148	536	146	146	148	0.101562	0	0.325275	2
104	534	152	529	151	146	147	0.046875	0	0.334066	2
105	489	108	488	107	146	147	0.015625	0	0.237363	2
106	504	124	502	122	146	147	0.046875	0	0.272527	2
107	566	111	561	110	146	147	0.046875	0	0.243956	2
108	398	156	398	155	146	147	0.0078125	0	0.342857	1
109	463	129	463	127	146	147	0.03125	0	0.283516	1
110	207	161	209	159	146	149	0.046875	0	0.353846	1
111	209	53	206	54	146	147	0.03125	0	0.116484	2
112	429	116	429	113	146	147	0.0703125	0	0.254945	1
113	340	112	342	111	146	147	0.0234375	0	0.246154	1
114	318	137	319	137	146	147	0.0078125	0	0.301099	1
115	192	44	181	44	146	151	0.0859375	0	0.0967033	2
116	148	167	150	167	146	159	0.015625	0	0.367033	1
117	309	127	312	127	146	149	0.0234375	0	0.279121	1
118	294	137	297	138	146	148	0.03125	0	0.301099	1
119	501	114	497	111	146	148	0.101562	0	0.250549	2
120	647	87	633	81	147	154	0.390625	0	0.191209	2
121	491	193	490	192	147	148	0.015625	0	0.424176	2
122	645	97	642	95	147	149	0.0546875	0	0.213187	2
123	535	137	531	136	147	148	0.0390625	0	0.301099	2
124	373	167	373	166	147	148	0.0078125	0	0.367033	1
125	567	127	563	126	147	148	0.0390625	0	0.279121	2
126	571	109	567	108	147	148	0.0390625	0	0.23956	2
127	657	114	655	113	147	148	0.0234375	0	0.250549	2
128	450	123	449	121	147	148	0.0390625	0	0.27033	2
129	423	169	427	169	147	148	0.03125	0	0.371429	1
130	813	446	801	445	147	175	0.101562	0	0.98022	2
131	304	173	304	173	147	149	0	0	0.38022	1
132	498	147	499	145	147	148	0.0390625	0	0.323077	1
133	554	100	529	94	147	153	0.476562	0	0.21978	2
134	509	165	511	161	147	149	0.140625	0	0.362637	1
135	454	171	453	169	148	149	0.0390625	0	0.375824	2
136	516	132	513	130	148	149	0.0546875	0	0.29011	2
137	400	97	398	96	148	149	0.0234375	0	0.213187	2
138	777	455	764	454	148	170	0.109375	0	1	2
139	471	132	472	130	148	149	0.0390625	0	0.29011	1
140	500	166	501	164	148	149	0.0390625	0	0.364835	1
141	486	112	484	110	148	149	0.046875	0	0.246154	2
142	542	158	537	157	148	149	0.046875	0	0.347253	2
143	501	123	499	121	148	149	0.046875	0	0.27033	2
144	401	154	405	152	148	150	0.0625	0	0.338462	1
145	247	126	258	123	148	151	0.15625	0	0.276923	1
146	552	108	547	106	148	149	0.0703125	0	0.237363	2
147	432	114	433	111	148	149	0.078125	0	0.250549	1
148	188	57	187	57	148	149	0.0078125	0	0.125275	2
149	407	107	405	106	148	149	0.0234375	0	0.235165	2
150	470	151	467	152	148	149	0.03125	0	0.331868	2
151	565	141	564	141	148	149	0.0078125	0	0.30989	2
152	363	174	363	173	148	150	0.0078125	0	0.382418	1
153	601	148	597	147	148	149	0.0390625	0	0.325275	2
154	346	110	353	108	148	150	0.0859375	0	0.241758	1
155	348	131	350	132	148	149	0.0234375	0	0.287912	1
156	362	187	364	184	148	154	0.0859375	0	0.410989	1
157	412	147	413	148	148	149	0.015625	0	0.323077	1
158	250	147	257	150	148	152	0.125	0	0.323077	1
159	532	146	528	144	149	150	0.0625	0	0.320879	2
160	561	107	545	103	149	153	0.25	0	0.235165	2
161	315	143	318	142	149	150	0.03125	0	0.314286	1
162	547	185	546	184	149	150	0.015625	0	0.406593	2
163	384	160	386	158	149	150	0.046875	0	0.351648	1
164	446	118	448	115	149	150	0.0859375	0	0.259341	1
165	651	128	645	125	149	150	0.117188	0	0.281319	2
166	373	165	370	162	149	152	0.09375	0	0.362637	2
167	495	131	494	131	149	150	0.0078125	0	0.287912	2
168	429	126	431	123	149	150	0.0859375	0	0.276923	1
169	564	181	557	177	149	150	0.179688	0	0.397802	2
170	504	181	503	181	149	150	0.0078125	0	0.397802	2
171	484	161	485	159	149	150	0.0390625	0	0.353846	1
172	497	121	494	120	150	151	0.03125	0	0.265934	2
173	300	174	300	172	150	151	0.03125	0	0.382418	1
174	454	167	457	165	150	151	0.0546875	0	0.367033	1
175	391	96	388	97	150	152	0.03125	0	0.210989	2
176	204	55	196	55	150	153	0.0625	0	0.120879	2
177	441	136	441	136	150	151	0	0	0.298901	1
178	466	123	467	121	150	151	0.0390625	0	0.27033	1
179	487	104	486	103	150	151	0.015625	0	0.228571	2
180	314	128	323	121	150	154	0.453125	0	0.281319	1
181	406	106	404	106	150	151	0.015625	0	0.232967	2
182	302	137	309	133	150	153	0.179688	0	0.301099	1
183	426	134	425	132	150	151	0.0390625	0	0.294505	2
184	351	134	355	134	150	153	0.03125	0	0.294505	1
185	415	149	416	148	150	151	0.015625	0	0.327473	1
186	544	106	536	104	150	152	0.09375	0	0.232967	2
187	446	179	449	176	150	151	0.09375	0	0.393407	1
188	568	115	560	114	150	152	0.0703125	0	0.252747	2
189	194	49	184	48	150	153	0.0859375	0	0.107692	2
190	555	296	553	295	150	151	0.0234375	0	0.650549	2
191	655	94	632	91	150	158	0.25	0	0.206593	2
192	278	409	264	410	150	175	0.117188	0	0.898901	2
193	406	138	407	139	150	151	0.015625	0	0.303297	1
194	29	161	31	161	150	152	0.015625	0	0.353846	1
195	698	366	683	366	150	175	0.117188	0	0.804396	2
196	743	364	728	364	150	175	0.117188	0	0.8	2
197	637	443	618	441	150	174	0.179688	0	0.973626	2
198	648	104	645	103	151	152	0.03125	0	0.228571	2
199	434	106	435	104	151	152	0.0390625	0	0.232967	1
200	364	173	363	170	151	154	0.078125	0	0.38022	2
201	219	156	226	153	151	152	0.125	0	0.342857	1
202	433	122	434	119	151	153	0.078125	0	0.268132	1
203	388	158	389	155	151	152	0.078125	0	0.347253	1
204	489	159	490	159	151	152	0.0078125	0	0.349451	1
205	358	108	364	108	151	153	0.046875	0	0.237363	1
206	447	108	448	106	151	152	0.0390625	0	0.237363	1
207	480	144	476	143	151	152	0.0390625	0	0.316484	2
208	399	96	398	96	151	152	0.0078125	0	0.210989	2
209	523	143	521	141	152	153	0.046875	0	0.314286	2
210	491	121	487	121	152	153	0.03125	0	0.265934	2
211	464	162	467	158	152	153	0.148438	0	0.356044	1
212	262	123	299	127	152	162	0.414062	0	0.27033	1
213	470	119	471	118	152	153	0.015625	0	0.261538	1
214	657	121	652	118	152	154	0.109375	0	0.265934	2
215	422	109	422	107	152	154	0.03125	0	0.23956	1
216	514	131	512	128	152	153	0.0859375	0	0.287912	2
217	403	112	400	112	152	153	0.0234375	0	0.246154	2
218	664	131	659	128	152	154	0.109375	0	0.287912	2
219	511	142	509	140	152	154	0.046875	0	0.312088	2
220	323	138	323	136	152	153	0.03125	0	0.303297	1
221	499	131	497	130	152	153	0.0234375	0	0.287912	2
222	500	143	498	142	152	153	0.0234375	0	0.314286	2
223	353	172	351	170	152	154	0.046875	0	0.378022	2
224	548	297	545	297	153	154	0.0234375	0	0.652747	2
225	447	163	448	163	153	154	0.0078125	0	0.358242	1
226	394	98	392	99	153	154	0.0234375	0	0.215385	2
227	492	102	490	101	153	155	0.0234375	0	0.224176	2
228	531	318	526	322	153	156	0.164062	0	0.698901	2
229	555	115	550	115	153	154	0.0390625	0	0.252747	2
230	29	164	29	164	153	154	0	0	0.36044	1
231	370	161	367	150	153	160	0.96875	0	0.353846	2
232	500	120	498	120	153	154	0.015625	0	0.263736	2
233	641	124	637	125	153	154	0.0390625	0	0.272527	2
234	381	112	377	111	153	154	0.0390625	0	0.246154	2
235	489	152	488	152	153	154	0.0078125	0	0.334066	2
236	482	101	481	100	153	154	0.015625	0	0.221978	2
237	309	170	315	169	153	154	0.0546875	0	0.373626	1
238	546	184	543	183	153	156	0.03125	0	0.404396	2
239	536	149	534	149	153	154	0.015625	0	0.327473	2
240	523	153	520	152	153	154	0.03125	0	0.336264	2
241	436	104	435	102	153	156	0.0390625	0	0.228571	2
242	447	142	446	141	153	154	0.015625	0	0.312088	2
243	395	155	396	157	153	154	0.0390625	0	0.340659	1
244	496	163	497	165	153	154	0.0390625	0	0.358242	1
245	520	141	518	139	154	155	0.046875	0	0.30989	2
246	470	143	471	143	154	155	0.0078125	0	0.314286	1
247	486	120	484	119	154	155	0.0234375	0	0.263736	2
248	435	117	435	116	154	155	0.0078125	0	0.257143	1
249	391	120	387	120	154	155	0.03125	0	0.263736	2
250	325	135	326	132	154	156	0.078125	0	0.296703	1
251	193	56	185	57	154	156	0.0703125	0	0.123077	2
252	309	139	310	137	154	155	0.0390625	0	0.305495	1
253	450	112	446	113	154	155	0.0390625	0	0.246154	2
254	646	100	637	100	154	157	0.0703125	0	0.21978	2
255	180	51	175	50	154	155	0.046875	0	0.112088	2
256	506	130	504	127	154	155	0.0859375	0	0.285714	2
257	563	143	561	142	154	155	0.0234375	0	0.314286	2
258	636	107	631	109	154	155	0.0703125	0	0.235165	2
259	359	130	360	127	154	155	0.078125	0	0.285714	1
260	491	91	485	87	154	160	0.171875	0	0.2	2
261	426	127	424	127	155	156	0.015625	0	0.279121	2
262	630	83	622	83	155	157	0.0625	0	0.182418	2
263	544	115	532	114	155	157	0.101562	0	0.252747	2
264	325	122	329	121	155	157	0.0390625	0	0.268132	1
265	362	170	359	164	155	158	0.304688	0	0.373626	2
266	545	299	542	299	155	156	0.0234375	0	0.657143	2
267	469	118	468	117	155	156	0.015625	0	0.259341	2
268	550	276	514	267	155	164	0.914062	0	0.606593	2
269	383	100	381	98	155	157	0.046875	0	0.21978	2
270	508	140	504	136	155	157	0.15625	0	0.307692	2
271	635	129	633	129	155	156	0.015625	0	0.283516	2
272	351	169	348	164	155	157	0.21875	0	0.371429	2
273	459	115	455	114	155	156	0.0390625	0	0.252747	2
274	165	43	161	42	155	156	0.0390625	0	0.0945055	2
275	401	137	398	137	155	156	0.0234375	0	0.301099	2
276	500	190	500	190	155	156	0	0	0.417582	1
277	536	104	518	103	155	158	0.148438	0	0.228571	2
278	480	104	474	101	155	159	0.117188	0	0.228571	2
279	262	152	273	149	155	157	0.15625	0	0.334066	1
280	428	151	426	150	155	156	0.0234375	0	0.331868	2
281	393	100	391	101	155	157	0.0234375	0	0.21978	2
282	738	58	723	57	155	175	0.125	0	0.127473	2
283	489	101	481	97	156	162	0.1875	0	0.221978	2
284	418	105	416	104	156	157	0.0234375	0	0.230769	2
285	384	121	381	120	156	157	0.03125	0	0.265934	2
286	171	49	162	49	156	158	0.0703125	0	0.107692	2
287	652	125	646	123	156	157	0.078125	0	0.274725	2
288	464	153	462	149	156	157	0.140625	0	0.336264	2
289	444	129	441	129	156	157	0.0234375	0	0.283516	2
290	445	109	441	109	156	157	0.03125	0	0.23956	2
291	390	111	388	112	156	157	0.0234375	0	0.243956	2
292	507	127	504	124	156	157	0.09375	0	0.279121	2
293	411	118	408	118	156	158	0.0234375	0	0.259341	2
294	515	97	509	95	156	157	0.078125	0	0.213187	2
295	406	150	404	148	156	157	0.046875	0	0.32967	2
296	303	178	303	177	156	157	0.0078125	0	0.391209	1
297	559	271	551	268	156	158	0.132812	0	0.595604	2
298	425	127	424	126	157	158	0.015625	0	0.279121	2
299	467	119	464	118	157	158	0.03125	0	0.261538	2
300	489	110	487	109	157	158	0.0234375	0	0.241758	2
301	330	131	332	129	157	158	0.046875	0	0.287912	1
302	566	319	562	317	157	159	0.0625	0	0.701099	2
303	633	131	631	132	157	159	0.0234375	0	0.287912	2
304	525	324	523	326	157	160	0.046875	0	0.712088	2
305	390	130	387	129	157	158	0.03125	0	0.285714	2
306	499	190	497	188	157	159	0.046875	0	0.417582	2
307	507	152	506	148	157	158	0.132812	0	0.334066	2
308	391	153	390	154	157	158	0.015625	0	0.336264	2
309	422	114	421	114	157	158	0.0078125	0	0.250549	2
310	371	171	371	169	157	158	0.03125	0	0.375824	1
311	151	178	146	177	158	168	0.046875	0	0.391209	2
312	488	131	486	130	158	159	0.0234375	0	0.287912	2
313	527	116	509	116	158	161	0.140625	0	0.254945	2
314	381	99	381	99	158	160	0	0	0.217582	1
315	502	119	498	116	158	159	0.101562	0	0.261538	2
316	496	141	494	140	158	159	0.0234375	0	0.30989	2
317	391	104	389	106	158	159	0.046875	0	0.228571	2
318	531	299	525	296	158	159	0.117188	0	0.657143	2
319	333	119	336	119	158	159	0.0234375	0	0.261538	1
320	436	104	435	104	158	159	0.0078125	0	0.228571	2
321	394	164	394	163	158	159	0.0078125	0	0.36044	1
322	317	154	319	152	158	159	0.046875	0	0.338462	1
323	319	134	321	133	158	159	0.0234375	0	0.294505	1
324	452	145	452	144	158	159	0.0078125	0	0.318681	1
325	536	326	535	326	158	160	0.0078125	0	0.716484	2
326	643	124	637	123	158	159	0.0546875	0	0.272527	2
327	504	106	498	105	158	159	0.0546875	0	0.232967	2
328	556	327	553	327	158	159	0.0234375	0	0.718681	2
329	154	39	140	39	158	162	0.109375	0	0.0857143	2
330	475	129	472	126	158	159	0.09375	0	0.283516	2
331	501	127	498	124	159	160	0.09375	0	0.279121	2
332	414	104	412	104	159	160	0.015625	0	0.228571	2
333	379	121	378	121	159	160	0.0078125	0	0.265934	2
334	541	304	539	302	159	160	0.046875	0	0.668132	2
335	359	163	359	160	159	161	0.0703125	0	0.358242	1
336	616	81	613	80	159	160	0.03125	0	0.178022	2
337	449	107	448	107	159	160	0.0078125	0	0.235165	2
338	523	151	522	150	159	160	0.015625	0	0.331868	2
339	505	175	502	173	159	160	0.0546875	0	0.384615	2
340	506	95	500	94	159	160	0.0546875	0	0.208791	2
341	339	129	342	128	159	160	0.03125	0	0.283516	1
342	317	168	334	165	159	163	0.203125	0	0.369231	1
343	471	149	469	146	159	160	0.0859375	0	0.327473	2
344	433	129	427	129	159	160	0.046875	0	0.283516	2
345	545	267	537	265	159	161	0.09375	0	0.586813	2
346	338	155	341	154	159	160	0.03125	0	0.340659	1
347	369	166	369	165	159	160	0.0078125	0	0.364835	1
348	438	117	434	117	159	160	0.03125	0	0.257143	2
349	536	256	532	255	159	160	0.0390625	0	0.562637	2
350	42	156	53	154	159	161	0.117188	0	0.342857	1
351	483	128	480	125	160	161	0.09375	0	0.281319	2
352	495	139	494	137	160	161	0.0390625	0	0.305495	2
353	463	116	461	115	160	161	0.0234375	0	0.254945	2
354	386	109	384	108	160	161	0.0234375	0	0.23956	2
355	522	295	510	292	160	163	0.164062	0	0.648352	2
356	394	154	393	152	160	161	0.0390625	0	0.338462	2
357	368	98	366	96	160	161	0.046875	0	0.215385	2
358	559	320	539	324	160	162	0.28125	0	0.703297	2
359	494	183	493	181	160	161	0.0390625	0	0.402198	2
360	340	118	343	116	160	161	0.0546875	0	0.259341	1
361	360	212	362	213	160	168	0.0234375	0	0.465934	1
362	624	91	614	89	160	162	0.109375	0	0.2	2
363	409	123	408	124	160	161	0.015625	0	0.27033	2
364	120	247	113	246	160	165	0.0625	0	0.542857	2
365	417	145	414	144	160	161	0.03125	0	0.318681	2
366	636	131	634	129	160	161	0.046875	0	0.287912	2
367	153	168	152	167	160	162	0.015625	0	0.369231	2
368	380	164	379	163	160	163	0.015625	0	0.36044	2
369	432	103	430	103	160	161	0.015625	0	0.226374	2
370	386	131	382	130	160	162	0.0390625	0	0.287912	2
371	507	104	501	103	160	161	0.0546875	0	0.228571	2
372	406	105	402	107	161	163	0.0625	0	0.230769	2
373	527	289	512	287	161	164	0.148438	0	0.635165	2
374	441	122	435	123	161	162	0.0546875	0	0.268132	2
375	627	100	622	98	161	162	0.0703125	0	0.21978	2
376	537	298	521	298	161	164	0.125	0	0.654945	2
377	418	101	398	106	161	167	0.351562	0	0.221978	2
378	430	118	424	118	161	162	0.046875	0	0.259341	2
379	368	150	359	151	161	166	0.078125	0	0.32967	2
380	447	108	442	107	161	163	0.046875	0	0.237363	2
381	610	80	580	76	161	167	0.359375	0	0.175824	2
382	521	145	512	141	161	163	0.195312	0	0.318681	2
383	343	128	345	128	161	162	0.015625	0	0.281319	1
384	524	257	519	256	161	162	0.046875	0	0.564835	2
385	164	60	158	60	161	162	0.046875	0	0.131868	2
386	74	109	77	108	161	162	0.03125	0	0.23956	1
387	291	114	296	110	161	164	0.164062	0	0.250549	1
388	370	167	362	170	161	166	0.132812	0	0.367033	2
389	453	125	451	124	161	162	0.0234375	0	0.274725	2
390	349	200	347	197	161	162	0.0859375	0	0.43956	2
391	398	115	392	116	161	163	0.0546875	0	0.252747	2
392	348	76	335	75	161	175	0.109375	0	0.167033	2
393	76	149	77	152	161	163	0.078125	0	0.327473	1
394	461	123	458	121	162	163	0.0546875	0	0.27033	2
395	410	170	408	171	162	163	0.0234375	0	0.373626	2
396	494	136	493	133	162	163	0.078125	0	0.298901	2
397	430	105	419	107	162	165	0.117188	0	0.230769	2
398	625	122	621	120	162	163	0.0625	0	0.268132	2
399	345	117	347	116	162	164	0.0234375	0	0.257143	1
400	369	128	366	126	162	163	0.0546875	0	0.281319	2
401	370	94	367	94	162	163	0.0234375	0	0.206593	2
402	457	113	451	110	162	164	0.117188	0	0.248352	2
403	380	97	377	97	162	163	0.0234375	0	0.213187	2
404	467	107	465	106	162	163	0.0234375	0	0.235165	2
405	529	252	489	250	162	169	0.34375	0	0.553846	2
406	604	98	599	97	162	163	0.046875	0	0.215385	2
407	534	263	524	260	162	164	0.148438	0	0.578022	2
408	369	190	367	190	162	163	0.015625	0	0.417582	2
409	452	170	448	168	162	164	0.0625	0	0.373626	2
410	611	89	585	87	163	168	0.234375	0	0.195604	2
411	428	122	420	120	163	164	0.09375	0	0.268132	2
412	303	127	305	126	163	164	0.0234375	0	0.279121	1
413	616	99	610	98	163	164	0.0546875	0	0.217582	2
414	153	167	151	166	163	164	0.0234375	0	0.367033	2
415	134	59	128	59	163	164	0.046875	0	0.12967	2
416	135	42	129	41	163	164	0.0546875	0	0.0923077	2
417	418	119	410	118	163	164	0.0703125	0	0.261538	2
418	348	131	349	131	163	164	0.0078125	0	0.287912	1
419	611	79	601	78	163	165	0.0859375	0	0.173626	2
420	475	120	473	118	163	164	0.046875	0	0.263736	2
421	825	202	727	199	163	175	0.835938	0	0.443956	2
422	380	129	376	128	163	164	0.0390625	0	0.283516	2
423	346	197	343	196	163	164	0.03125	0	0.432967	2
424	475	96	471	96	163	164	0.03125	0	0.210989	2
425	536	326	503	324	163	168	0.289062	0	0.716484	2
426	455	120	451	120	164	165	0.03125	0	0.263736	2
427	485	131	482	130	164	165	0.03125	0	0.287912	2
428	822	291	793	296	164	173	0.421875	0	0.63956	2
429	356	160	349	162	164	167	0.0859375	0	0.351648	2
430	440	109	435	111	164	165	0.0703125	0	0.23956	2
431	302	139	301	140	164	165	0.015625	0	0.305495	2
432	502	291	464	291	164	171	0.296875	0	0.63956	2
433	482	170	477	169	164	165	0.046875	0	0.373626	2
434	611	113	603	113	164	165	0.0625	0	0.248352	2
435	380	107	376	107	164	165	0.03125	0	0.235165	2
436	445	120	441	120	164	165	0.03125	0	0.263736	2
437	821	210	771	213	164	170	0.460938	0	0.461538	2
438	495	128	474	125	164	172	0.234375	0	0.281319	2
439	91	104	92	103	164	165	0.015625	0	0.228571	1
440	404	172	396	172	165	169	0.0625	0	0.378022	2
441	472	133	469	133	165	166	0.0234375	0	0.292308	2
442	378	96	375	97	165	166	0.03125	0	0.210989	2
443	307	125	311	117	165	170	0.53125	0	0.274725	1
444	150	166	147	166	165	166	0.0234375	0	0.364835	2
445	816	220	789	221	165	168	0.21875	0	0.483516	2
446	478	108	473	109	165	166	0.046875	0	0.237363	2
447	122	61	109	61	165	167	0.101562	0	0.134066	2
448	827	445	819	443	165	175	0.09375	0	0.978022	2
449	408	119	390	118	165	167	0.148438	0	0.261538	2
450	303	108	303	107	165	166	0.0078125	0	0.237363	1
451	154	191	151	189	165	168	0.0546875	0	0.41978	2
452	820	291	798	290	165	173	0.179688	0	0.63956	2
453	603	99	586	98	165	168	0.140625	0	0.217582	2
454	447	110	444	109	165	166	0.03125	0	0.241758	2
455	292	120	292	119	165	166	0.0078125	0	0.263736	1
456	511	302	491	308	165	168	0.4375	0	0.663736	2
457	495	160	492	160	165	166	0.0234375	0	0.351648	2
458	510	268	463	259	165	175	1	0	0.589011	2
459	363	97	360	98	165	166	0.03125	0	0.213187	2
460	374	86	373	87	165	166	0.015625	0	0.189011	2
461	365	124	362	126	165	166	0.0546875	0	0.272527	2
462	74	153	72	151	165	166	0.046875	0	0.336264	2
463	126	95	118	95	165	168	0.0625	0	0.208791	2
464	344	177	335	176	165	169	0.078125	0	0.389011	2
465	647	454	631	449	165	175	0.320312	0	0.997802	2
466	471	120	468	121	165	166	0.03125	0	0.263736	2
467	111	247	110	242	166	171	0.203125	0	0.542857	2
468	404	141	399	140	166	167	0.046875	0	0.30989	2
469	448	121	444	120	166	167	0.0390625	0	0.265934	2
470	500	292	493	292	166	167	0.0546875	0	0.641758	2
471	352	132	353	130	166	167	0.0390625	0	0.29011	1
472	373	108	369	108	166	167	0.03125	0	0.237363	2
473	414	105	409	105	166	167	0.0390625	0	0.230769	2
474	397	151	388	149	166	168	0.101562	0	0.331868	2
475	490	177	488	176	166	168	0.0234375	0	0.389011	2
476	827	455	821	454	166	170	0.0546875	0	1	2
477	118	42	112	42	166	167	0.046875	0	0.0923077	2
478	139	240	163	235	166	175	0.382812	0	0.527473	1
479	585	106	575	101	166	168	0.273438	0	0.232967	2
480	91	142	93	145	166	169	0.0859375	0	0.312088	1
481	417	117	412	117	166	167	0.0390625	0	0.257143	2
482	438	120	434	119	166	167	0.0390625	0	0.263736	2
483	463	123	459	123	167	168	0.03125	0	0.27033	2
484	435	162	433	161	167	168	0.0234375	0	0.356044	2
485	376	98	375	100	167	168	0.0390625	0	0.215385	2
486	348	116	347	114	167	168	0.0390625	0	0.254945	2
487	473	115	470	115	167	168	0.0234375	0	0.252747	2
488	476	131	460	126	167	175	0.320312	0	0.287912	2
489	455	137	451	137	167	168	0.03125	0	0.301099	2
490	356	150	351	148	167	168	0.0703125	0	0.32967	2
491	427	109	424	109	167	168	0.0234375	0	0.23956	2
492	590	78	579	75	167	169	0.15625	0	0.171429	2
493	354	101	348	101	167	169	0.046875	0	0.221978	2
494	297	111	299	109	167	170	0.046875	0	0.243956	1
495	444	110	441	109	167	168	0.03125	0	0.241758	2
496	128	59	121	59	167	168	0.0546875	0	0.12967	2
497	503	326	490	325	167	168	0.109375	0	0.716484	2
498	605	125	602	124	167	168	0.03125	0	0.274725	2
499	455	103	451	102	167	168	0.0390625	0	0.226374	2
500	491	159	490	159	167	168	0.0078125	0	0.349451	2
501	311	109	310	107	167	168	0.0390625	0	0.23956	2
502	420	97	414	98	167	169	0.0546875	0	0.213187	2
503	394	107	390	106	168	169	0.0390625	0	0.235165	2
504	405	107	401	107	168	169	0.03125	0	0.235165	2
505	346	161	336	157	168	172	0.203125	0	0.353846	2
506	480	332	479	332	168	169	0.0078125	0	0.72967	2
507	488	291	471	290	168	172	0.140625	0	0.63956	2
508	573	80	564	77	168	170	0.140625	0	0.175824	2
509	410	164	407	162	168	169	0.0546875	0	0.36044	2
510	298	145	299	142	168	169	0.078125	0	0.318681	1
511	394	139	387	137	168	169	0.0859375	0	0.305495	2
512	800	284	795	282	168	169	0.0703125	0	0.624176	2
513	143	210	145	208	168	169	0.046875	0	0.461538	1
514	472	170	468	168	168	169	0.0625	0	0.373626	2
515	106	43	100	43	168	169	0.046875	0	0.0945055	2
516	491	149	480	139	168	174	0.867188	0	0.327473	2
517	335	128	336	126	168	169	0.0390625	0	0.281319	1
518	437	119	433	119	169	170	0.03125	0	0.261538	2
519	449	138	446	138	169	170	0.0234375	0	0.303297	2
520	375	103	379	107	169	172	0.15625	0	0.226374	1
521	153	189	154	188	169	170	0.015625	0	0.415385	1
522	148	177	155	176	169	172	0.0625	0	0.389011	1
523	348	112	348	111	169	170	0.0078125	0	0.246154	1
524	781	222	774	222	169	170	0.0546875	0	0.487912	2
525	89	65	88	65	169	171	0.0078125	0	0.142857	2
526	401	119	394	120	169	170	0.0625	0	0.261538	2
527	490	304	463	303	169	175	0.21875	0	0.668132	2
528	594	118	585	115	169	171	0.140625	0	0.259341	2
529	581	97	573	95	169	171	0.09375	0	0.213187	2
530	446	99	443	98	169	170	0.03125	0	0.217582	2
531	467	115	464	114	169	170	0.03125	0	0.252747	2
532	570	100	560	100	169	171	0.078125	0	0.21978	2
533	581	85	560	82	169	174	0.234375	0	0.186813	2
534	488	177	487	177	169	171	0.0078125	0	0.389011	2
535	333	155	329	154	169	170	0.0390625	0	0.340659	2
536	774	251	765	249	169	170	0.101562	0	0.551648	2
537	367	134	365	135	169	170	0.0234375	0	0.294505	2
538	116	60	111	60	169	170	0.0390625	0	0.131868	2
539	373	93	376	98	169	172	0.21875	0	0.204396	1
540	468	322	448	320	170	172	0.1875	0	0.707692	2
541	783	259	766	254	170	172	0.328125	0	0.569231	2
542	141	145	141	144	170	175	0.0078125	0	0.318681	1
543	409	105	406	107	170	171	0.0546875	0	0.230769	2
544	490	332	490	332	170	171	0	0	0.72967	1
545	480	333	480	334	170	172	0.0078125	0	0.731868	1
546	467	167	465	166	170	172	0.0234375	0	0.367033	2
547	341	145	338	144	170	171	0.03125	0	0.318681	2
548	302	140	304	138	170	171	0.046875	0	0.307692	1
549	419	104	416	106	170	171	0.0546875	0	0.228571	2
550	353	153	350	151	170	171	0.0546875	0	0.336264	2
551	475	154	469	152	170	173	0.078125	0	0.338462	2
552	154	221	158	223	170	172	0.0625	0	0.485714	1
553	468	177	467	176	170	172	0.015625	0	0.389011	2
554	368	169	365	170	170	173	0.03125	0	0.371429	2
555	768	222	762	220	171	172	0.078125	0	0.487912	2
556	327	156	324	155	171	172	0.03125	0	0.342857	2
557	764	455	764	453	171	175	0.03125	0	1	1
558	417	117	415	118	171	172	0.0234375	0	0.257143	2
559	560	77	542	76	171	175	0.148438	0	0.169231	2
560	314	116	317	112	171	173	0.148438	0	0.254945	1
561	93	45	89	46	171	172	0.0390625	0	0.0989011	2
562	108	61	103	61	171	172	0.0390625	0	0.134066	2
563	457	120	454	119	171	172	0.03125	0	0.263736	2
564	384	127	379	127	171	172	0.0390625	0	0.279121	2
565	822	455	821	453	171	175	0.0390625	0	1	2
566	157	188	167	185	171	175	0.148438	0	0.413187	1
567	375	138	372	138	171	172	0.0234375	0	0.303297	2
568	132	440	132	438	171	175	0.03125	0	0.967033	1
569	160	246	164	245	171	175	0.0390625	0	0.540659	1
570	133	230	148	229	171	174	0.125	0	0.505495	1
571	301	116	303	114	171	172	0.046875	0	0.254945	1
572	390	107	388	107	171	172	0.015625	0	0.235165	2
573	789	253	762	244	171	174	0.84375	0	0.556044	2
574	778	224	750	221	171	175	0.289062	0	0.492308	2
575	121	237	142	228	171	175	0.796875	0	0.520879	1
576	570	74	561	72	171	173	0.101562	0	0.162637	2
577	404	109	401	109	172	173	0.0234375	0	0.23956	2
578	363	120	356	122	172	173	0.0859375	0	0.263736	2
579	439	120	433	118	172	173	0.078125	0	0.263736	2
580	98	149	107	144	172	174	0.265625	0	0.327473	1
581	570	95	565	94	172	173	0.046875	0	0.208791	2
582	356	106	351	102	172	174	0.164062	0	0.232967	2
583	88	154	90	151	172	173	0.0859375	0	0.338462	1
584	117	233	130	226	173	175	0.484375	0	0.512088	1
585	148	176	148	175	173	174	0.0078125	0	0.386813	1
586	84	47	80	47	173	174	0.03125	0	0.103297	2
587	755	219	740	218	173	175	0.125	0	0.481319	2
588	158	175	161	173	173	175	0.0546875	0	0.384615	1
589	333	157	327	153	173	175	0.171875	0	0.345055	2
590	452	154	451	153	173	174	0.015625	0	0.338462	2
591	349	187	344	183	173	174	0.164062	0	0.410989	2
592	457	113	452	112	173	175	0.046875	0	0.248352	2
593	345	148	342	146	173	174	0.0546875	0	0.325275	2
594	100	61	99	60	173	174	0.015625	0	0.134066	2
595	472	130	470	129	173	174	0.0234375	0	0.285714	2
596	469	118	465	116	173	175	0.0625	0	0.259341	2
597	552	96	546	95	173	174	0.0546875	0	0.210989	2
598	485	159	482	157	173	175	0.0546875	0	0.349451	2
599	466	169	468	170	173	174	0.0234375	0	0.371429	1
600	295	152	296	149	173	175	0.078125	0	0.334066	1
601	439	155	438	153	173	174	0.0390625	0	0.340659	2
602	342	156	339	152	174	175	0.148438	0	0.342857	2
603	445	139	443	137	174	175	0.046875	0	0.305495	2
604	793	292	786	287	174	175	0.25	0	0.641758	2
605	380	110	378	110	174	175	0.015625	0	0.241758	2
606	351	124	345	125	174	175	0.0546875	0	0.272527	2
607	399	110	397	111	174	175	0.0234375	0	0.241758	2
608	356	112	354	110	174	175	0.046875	0	0.246154	2
609	365	169	365	168	174	175	0.0078125	0	0.371429	1
610	69	66	69	66	174	175	0	0	0.145055	1
611	738	211	730	210	174	175	0.0703125	0	0.463736	2
612	455	257	451	256	174	175	0.0390625	0	0.564835	2
613	561	124	560	123	174	175	0.015625	0	0.272527	2
614	397	171	395	169	174	175	0.046875	0	0.375824	2
615	332	126	329	127	174	175	0.03125	0	0.276923	2
616	344	195	344	195	174	175	0	0	0.428571	1
617	428	117	423	116	174	175	0.046875	0	0.257143	2
618	423	135	420	135	174	175	0.0234375	0	0.296703	2