
0	226	222	226	221	192	193	0.00613497	0	0.506849	1
1	393	199	392	197	192	194	0.0306748	0	0.454338	2
2	307	168	309	166	192	193	0.0368098	0	0.383562	1
3	300	149	300	142	193	196	0.300613	0	0.340183	1
4	362	164	361	163	193	194	0.0122699	0	0.374429	2
5	384	153	384	151	193	194	0.0245399	0	0.349315	1
6	308	181	311	176	193	195	0.171779	0	0.413242	1
7	434	172	433	170	193	194	0.0306748	0	0.392694	2
8	374	161	373	159	193	194	0.0306748	0	0.36758	2
9	318	121	319	110	193	197	0.748466	0	0.276256	1
10	431	143	432	140	193	194	0.0613497	0	0.326484	1
11	427	155	427	153	193	194	0.0245399	0	0.353881	1
12	510	173	509	164	193	196	0.503067	0	0.394977	2
13	411	141	410	139	193	194	0.0306748	0	0.321918	2
14	235	217	235	213	194	195	0.0981595	0	0.495434	1
15	256	202	265	198	194	195	0.153374	0	0.461187	1
16	398	151	397	148	194	195	0.0613497	0	0.344749	2
17	225	220	225	216	194	195	0.0981595	0	0.502283	1
18	475	135	464	128	194	201	0.368098	0	0.308219	2
19	361	173	361	171	194	195	0.0245399	0	0.394977	1
20	423	185	423	181	194	195	0.0981595	0	0.422374	1
21	721	221	714	212	194	199	0.539877	0	0.504566	2
22	444	127	448	118	194	200	0.521472	0	0.289954	1
23	279	181	288	175	195	197	0.276074	0	0.413242	1
24	334	156	345	150	195	198	0.288344	0	0.356164	1
25	394	160	394	157	195	196	0.0552147	0	0.365297	1
26	496	143	485	141	195	201	0.0920245	0	0.326484	2
27	425	150	425	146	195	196	0.0981595	0	0.342466	1
28	407	169	408	165	195	197	0.104294	0	0.385845	1
29	301	162	303	157	195	196	0.165644	0	0.369863	1
30	427	139	429	133	195	197	0.233129	0	0.317352	1
31	434	167	434	163	195	197	0.0981595	0	0.381279	1
32	411	137	410	134	195	196	0.0613497	0	0.312785	2
33	371	166	370	164	195	198	0.0306748	0	0.378995	2
34	447	140	447	136	195	196	0.0981595	0	0.319635	1
35	313	151	314	145	195	197	0.226994	0	0.344749	1
36	660	181	659	177	195	196	0.104294	0	0.413242	2
37	787	38	787	34	195	196	0.0981595	0	0.086758	1
38	663	191	660	188	195	198	0.0736196	0	0.436073	2
39	447	180	441	176	195	201	0.134969	0	0.410959	2
40	414	153	412	148	195	197	0.165644	0	0.349315	2
41	455	130	456	126	195	196	0.104294	0	0.296804	1
42	423	98	416	88	195	216	0.656442	0	0.223744	2
43	239	208	251	207	196	198	0.0797546	0	0.474886	1
44	299	192	308	187	196	197	0.208589	0	0.438356	1
45	652	167	650	167	196	198	0.0122699	0	0.381279	2
46	263	201	270	198	196	197	0.0981595	0	0.458904	1
47	412	176	412	175	196	197	0.00613497	0	0.401826	1
48	402	203	396	202	196	199	0.0429448	0	0.46347	2
49	367	174	365	173	196	198	0.0184049	0	0.39726	2
50	483	162	482	160	196	197	0.0306748	0	0.369863	2
51	385	177	386	176	196	197	0.0122699	0	0.40411	1
52	228	214	233	210	196	197	0.128834	0	0.488584	1
53	314	172	317	170	196	197	0.0429448	0	0.392694	1
54	400	140	400	138	196	197	0.0245399	0	0.319635	1
55	485	133	479	133	196	199	0.0368098	0	0.303653	2
56	545	405	558	413	196	230	0.472393	0	0.924658	1
57	293	159	297	155	196	197	0.122699	0	0.363014	1
58	302	141	298	141	197	199	0.0245399	0	0.321918	2
59	510	164	500	166	197	200	0.0858896	0	0.374429	2
60	299	174	302	173	197	198	0.0245399	0	0.39726	1
61	388	138	389	138	197	198	0.00613497	0	0.315068	1
62	447	135	445	135	197	198	0.0122699	0	0.308219	2
63	383	162	381	162	197	198	0.0122699	0	0.369863	2
64	659	177	652	177	197	200	0.0429448	0	0.40411	2
65	412	134	410	135	197	198	0.0184049	0	0.305936	2
66	327	166	337	160	197	201	0.282209	0	0.378995	1
67	360	153	358	153	197	198	0.0122699	0	0.349315	2
68	260	215	261	218	197	198	0.0613497	0	0.490868	1
69	367	187	362	187	197	199	0.0306748	0	0.426941	2
70	466	176	461	175	197	199	0.0368098	0	0.401826	2
71	430	134	427	133	198	200	0.0245399	0	0.305936	2
72	284	171	289	169	198	200	0.0552147	0	0.390411	1
73	432	165	426	165	198	200	0.0368098	0	0.376712	2
74	288	194	288	192	198	199	0.0245399	0	0.442922	1
75	401	152	399	151	198	199	0.0184049	0	0.347032	2
76	399	165	395	165	198	199	0.0245399	0	0.376712	2
77	411	149	406	149	198	199	0.0306748	0	0.340183	2
78	382	172	378	172	198	199	0.0245399	0	0.392694	2
79	730	225	723	221	198	204	0.141104	0	0.513699	2
80	307	111	348	118	198	230	0.552147	0	0.253425	1
81	394	121	388	119	198	201	0.0613497	0	0.276256	2
82	786	32	781	31	198	200	0.0368098	0	0.0730594	2
83	360	163	358	162	198	199	0.0184049	0	0.372146	2
84	317	111	317	110	198	209	0.00613497	0	0.253425	1
85	730	214	722	210	198	207	0.147239	0	0.488584	2
86	192	164	187	163	198	200	0.0368098	0	0.374429	2
87	387	155	385	154	199	200	0.0184049	0	0.353881	2
88	441	136	438	135	199	200	0.0245399	0	0.310502	2
89	313	184	314	184	199	200	0.00613497	0	0.420091	1
90	477	163	475	164	199	200	0.0184049	0	0.372146	2
91	306	172	309	171	199	200	0.0245399	0	0.392694	1
92	407	136	405	135	199	200	0.0184049	0	0.310502	2
93	521	170	513	169	199	201	0.0552147	0	0.388128	2
94	429	143	428	142	199	200	0.0122699	0	0.326484	2
95	445	154	443	154	199	200	0.0122699	0	0.351598	2
96	648	167	647	166	199	200	0.0122699	0	0.381279	2
97	460	162	459	162	199	200	0.00613497	0	0.369863	2
98	576	284	576	282	199	225	0.0245399	0	0.648402	1
99	395	165	394	164	200	201	0.0122699	0	0.376712	2
100	271	209	282	206	200	201	0.122699	0	0.477169	1
101	361	161	363	159	200	201	0.0368098	0	0.36758	1
102	479	178	477	179	200	201	0.0184049	0	0.406393	2
103	469	144	467	144	200	203	0.0122699	0	0.328767	2
104	383	164	383	162	200	202	0.0245399	0	0.374429	1
105	476	133	473	132	200	202	0.0245399	0	0.303653	2
106	401	189	401	188	200	201	0.00613497	0	0.431507	1
107	300	147	301	146	200	201	0.0122699	0	0.335616	1
108	406	166	407	164	200	201	0.0306748	0	0.378995	1
109	394	203	393	202	200	201	0.0122699	0	0.46347	2
110	393	142	393	141	200	201	0.00613497	0	0.324201	1
111	712	208	704	207	200	211	0.0552147	0	0.474886	2
112	363	187	364	186	200	201	0.0122699	0	0.426941	1
113	656	188	655	186	200	202	0.0306748	0	0.429224	2
114	320	158	328	155	200	202	0.104294	0	0.360731	1
115	361	146	361	145	200	201	0.00613497	0	0.333333	1
116	295	169	301	167	201	202	0.0613497	0	0.385845	1
117	386	153	386	151	201	203	0.0245399	0	0.349315	1
118	781	32	780	29	201	205	0.0613497	0	0.0730594	2
119	427	164	426	162	201	205	0.0306748	0	0.374429	2
120	290	179	293	175	201	202	0.116564	0	0.408676	1
121	441	156	440	155	201	202	0.0122699	0	0.356164	2
122	475	167	474	166	201	203	0.0122699	0	0.381279	2
123	256	217	256	213	201	203	0.0981595	0	0.495434	1
124	398	118	397	116	201	204	0.0306748	0	0.269406	2
125	727	177	720	174	201	209	0.0981595	0	0.40411	2
126	409	119	408	116	201	204	0.0613497	0	0.271689	2
127	188	162	188	160	201	202	0.0245399	0	0.369863	1
128	485	144	478	143	202	207	0.0490798	0	0.328767	2
129	409	162	409	161	202	205	0.00613497	0	0.369863	1
130	404	136	406	135	202	203	0.0184049	0	0.310502	1
131	463	130	462	129	202	203	0.0122699	0	0.296804	2
132	304	146	305	144	202	203	0.0306748	0	0.333333	1
133	485	127	480	124	202	210	0.0858896	0	0.289954	2
134	294	200	302	195	202	203	0.202454	0	0.456621	1
135	654	172	655	170	202	203	0.0306748	0	0.392694	1
136	343	159	347	157	202	203	0.0490798	0	0.363014	1
137	387	120	384	119	202	219	0.0245399	0	0.273973	2
138	441	140	441	139	202	203	0.00613497	0	0.319635	1
139	443	176	442	176	202	206	0.00613497	0	0.401826	2
140	362	143	362	140	202	205	0.0552147	0	0.326484	1
141	643	160	643	161	202	207	0.00613497	0	0.365297	1
142	561	252	579	261	202	230	0.607362	0	0.575342	1
143	521	120	507	118	202	216	0.110429	0	0.273973	2
144	400	179	399	177	202	204	0.0306748	0	0.408676	2
145	546	280	548	280	202	225	0.0122699	0	0.639269	1
146	312	121	317	123	202	213	0.0552147	0	0.276256	1
147	604	405	623	415	202	230	0.730061	0	0.924658	1
148	399	194	398	194	203	205	0.00613497	0	0.442922	2
149	307	167	311	165	203	204	0.0490798	0	0.381279	1
150	402	149	401	149	203	204	0.00613497	0	0.340183	2
151	384	162	383	162	203	204	0.00613497	0	0.369863	2
152	448	128	446	129	203	205	0.0184049	0	0.292237	2
153	416	143	416	142	203	204	0.00613497	0	0.326484	1
154	350	179	357	175	203	204	0.141104	0	0.408676	1
155	440	155	438	157	203	207	0.0368098	0	0.353881	2
156	537	139	527	136	203	212	0.116564	0	0.317352	2
157	431	131	430	129	203	205	0.0306748	0	0.299087	2
158	309	177	312	174	203	204	0.0736196	0	0.40411	1
159	404	89	402	88	203	206	0.0184049	0	0.203196	2
160	654	191	651	193	203	205	0.0429448	0	0.436073	2
161	457	178	456	178	203	209	0.00613497	0	0.406393	2
162	501	139	493	139	203	206	0.0490798	0	0.317352	2
163	318	167	323	165	203	204	0.0552147	0	0.381279	1
164	285	194	301	193	203	205	0.104294	0	0.442922	1
165	266	208	275	204	203	205	0.153374	0	0.474886	1
166	181	145	180	143	203	205	0.0306748	0	0.33105	2
167	524	129	516	127	204	214	0.0736196	0	0.294521	2
168	334	185	341	180	204	205	0.196319	0	0.422374	1
169	465	148	463	149	204	205	0.0184049	0	0.3379	2
170	473	167	472	166	204	207	0.0122699	0	0.381279	2
171	406	135	407	135	204	205	0.00613497	0	0.308219	1
172	307	144	310	144	204	208	0.0184049	0	0.328767	1
173	258	210	264	204	204	205	0.257669	0	0.479452	1
174	656	170	656	170	204	206	0	0	0.388128	1
175	278	200	295	201	204	206	0.110429	0	0.456621	1
176	520	139	513	138	204	216	0.0490798	0	0.317352	2
177	454	139	451	139	204	212	0.0184049	0	0.317352	2
178	437	140	436	139	204	205	0.0122699	0	0.319635	2
179	402	149	401	148	205	206	0.0122699	0	0.340183	2
180	384	162	384	162	205	206	0	0	0.369863	1
181	459	128	458	127	205	206	0.0122699	0	0.292237	2
182	318	164	324	163	205	206	0.0429448	0	0.374429	1
183	307	206	309	207	205	206	0.0184049	0	0.47032	1
184	501	172	500	172	205	207	0.00613497	0	0.392694	2
185	328	179	333	178	205	206	0.0368098	0	0.408676	1
186	382	175	381	175	205	206	0.00613497	0	0.399543	2
187	374	161	373	161	205	206	0.00613497	0	0.36758	2
188	394	173	394	173	205	206	0	0	0.394977	1
189	724	222	726	220	205	208	0.0368098	0	0.506849	1
190	396	117	396	116	205	209	0.00613497	0	0.267123	1
191	655	180	655	179	205	206	0.00613497	0	0.410959	1
192	311	196	315	197	205	206	0.0306748	0	0.447489	1
193	337	151	356	146	205	208	0.269939	0	0.344749	1
194	412	140	413	139	206	207	0.0122699	0	0.319635	1
195	447	131	449	130	206	208	0.0184049	0	0.299087	1
196	349	180	354	181	206	207	0.0368098	0	0.410959	1
197	408	127	410	126	206	207	0.0184049	0	0.289954	1
198	401	138	402	136	206	207	0.0306748	0	0.315068	1
199	465	150	465	150	206	208	0	0	0.342466	1
200	425	162	426	162	206	207	0.00613497	0	0.369863	1
201	666	172	667	171	206	209	0.0122699	0	0.392694	1
202	180	160	184	159	206	209	0.0306748	0	0.365297	1
203	354	162	360	159	206	207	0.0920245	0	0.369863	1
204	409	159	409	159	206	207	0	0	0.363014	1
205	467	182	468	180	206	215	0.0306748	0	0.415525	1
206	311	219	312	220	206	209	0.0122699	0	0.5	1
207	466	124	466	124	207	208	0	0	0.283105	1
208	382	170	382	170	207	208	0	0	0.388128	1
209	311	210	311	210	207	208	0	0	0.479452	1
210	430	129	431	127	207	208	0.0306748	0	0.294521	1
211	191	171	209	175	207	220	0.208589	0	0.390411	1
212	384	160	384	160	207	208	0	0	0.365297	1
213	407	98	407	97	207	209	0.00613497	0	0.223744	1
214	402	88	400	86	207	218	0.0368098	0	0.200913	2
215	329	186	339	185	207	208	0.0674847	0	0.424658	1
216	655	167	656	169	207	214	0.0306748	0	0.381279	1
217	493	141	493	141	207	208	0	0	0.321918	1
218	656	177	657	177	207	208	0.00613497	0	0.40411	1
219	319	181	324	181	207	208	0.0306748	0	0.413242	1
220	398	198	399	198	207	208	0.00613497	0	0.452055	1
221	442	176	443	176	207	208	0.00613497	0	0.401826	1
222	431	181	432	180	207	208	0.0122699	0	0.413242	1
223	742	26	760	35	207	230	0.607362	0	0.0593607	1
224	182	139	199	140	207	217	0.110429	0	0.317352	1
225	407	139	407	138	208	209	0.00613497	0	0.317352	1
226	479	141	477	140	208	210	0.0184049	0	0.321918	2
227	503	173	503	172	208	209	0.00613497	0	0.394977	1
228	439	154	439	153	208	209	0.00613497	0	0.351598	1
229	413	125	413	124	208	209	0.00613497	0	0.285388	1
230	355	186	357	186	208	209	0.0122699	0	0.424658	1
231	354	160	360	158	208	209	0.0613497	0	0.365297	1
232	724	209	717	207	208	211	0.0674847	0	0.477169	2
233	388	140	390	139	208	209	0.0184049	0	0.319635	1
234	474	167	470	166	208	212	0.0306748	0	0.381279	2
235	395	162	395	162	208	209	0	0	0.369863	1
236	321	202	323	202	208	209	0.0122699	0	0.461187	1
237	403	107	402	106	208	209	0.0122699	0	0.244292	2
238	417	139	417	138	208	209	0.00613497	0	0.317352	1
239	402	128	402	127	208	209	0.00613497	0	0.292237	1
240	413	160	414	160	208	209	0.00613497	0	0.365297	1
241	388	181	388	181	208	209	0	0	0.413242	1
242	429	162	429	161	208	209	0.00613497	0	0.369863	1
243	465	134	465	133	208	209	0.00613497	0	0.305936	1
244	652	192	650	194	208	210	0.0368098	0	0.438356	2
245	450	130	447	130	209	211	0.0184049	0	0.296804	2
246	313	210	318	205	209	211	0.184049	0	0.479452	1
247	313	146	314	147	209	213	0.0122699	0	0.333333	1
248	465	150	463	150	209	210	0.0122699	0	0.342466	2
249	343	197	353	192	209	210	0.214724	0	0.449772	1
250	412	148	411	147	209	211	0.0122699	0	0.3379	2
251	495	141	492	138	209	214	0.0736196	0	0.321918	2
252	464	123	462	122	209	210	0.0184049	0	0.280822	2
253	397	201	395	200	209	210	0.0184049	0	0.458904	2
254	726	218	724	216	209	210	0.0368098	0	0.497717	2
255	445	120	441	118	209	212	0.0490798	0	0.273973	2
256	439	131	438	130	209	210	0.0122699	0	0.299087	2
257	406	137	405	137	210	211	0.00613497	0	0.312785	2
258	321	111	337	112	210	224	0.104294	0	0.253425	1
259	416	137	415	136	210	212	0.0122699	0	0.312785	2
260	338	190	345	189	210	211	0.0490798	0	0.43379	1
261	503	172	504	172	210	218	0.00613497	0	0.392694	1
262	400	104	400	102	210	217	0.0245399	0	0.237443	1
263	438	154	441	153	210	215	0.0245399	0	0.351598	1
264	199	137	215	134	210	219	0.153374	0	0.312785	1
265	655	184	653	185	210	212	0.0184049	0	0.420091	2
266	367	141	374	140	210	212	0.0490798	0	0.321918	1
267	323	201	338	199	210	212	0.116564	0	0.458904	1
268	186	161	199	163	210	217	0.104294	0	0.36758	1
269	398	126	397	126	210	211	0.00613497	0	0.287671	2
270	177	176	200	174	210	221	0.165644	0	0.401826	1
271	717	159	708	157	210	214	0.0797546	0	0.363014	2
272	412	162	411	161	210	211	0.0122699	0	0.369863	2
273	495	161	497	159	210	216	0.0368098	0	0.36758	1
274	457	179	459	178	210	216	0.0184049	0	0.408676	1
275	670	177	672	176	210	216	0.0184049	0	0.40411	1
276	412	79	411	77	210	216	0.0306748	0	0.180365	2
277	398	116	396	115	210	213	0.0184049	0	0.26484	2
278	429	120	430	119	210	211	0.0122699	0	0.273973	1
279	392	140	392	139	210	211	0.00613497	0	0.319635	1
280	414	124	414	124	210	211	0	0	0.283105	1
281	719	175	710	173	210	215	0.0797546	0	0.399543	2
282	488	172	488	171	210	217	0.00613497	0	0.392694	1
283	445	172	445	171	210	214	0.00613497	0	0.392694	1
284	462	150	460	148	211	213	0.0368098	0	0.342466	2
285	361	192	366	194	211	212	0.0552147	0	0.438356	1
286	462	133	460	129	211	212	0.110429	0	0.303653	2
287	395	199	393	198	211	212	0.0184049	0	0.454338	2
288	651	196	653	196	211	222	0.0122699	0	0.447489	1
289	400	157	403	158	211	212	0.0245399	0	0.358447	1
290	398	175	396	174	211	212	0.0184049	0	0.399543	2
291	714	217	714	216	211	212	0.00613497	0	0.495434	1
292	428	163	428	162	211	212	0.00613497	0	0.372146	1
293	355	203	362	205	211	212	0.0674847	0	0.46347	1
294	359	216	360	216	212	213	0.00613497	0	0.493151	1
295	411	148	411	147	212	213	0.00613497	0	0.3379	1
296	442	129	441	128	212	213	0.0122699	0	0.294521	2
297	368	166	372	165	212	213	0.0306748	0	0.378995	1
298	716	204	712	201	212	213	0.0797546	0	0.465753	2
299	704	207	703	206	212	213	0.0122699	0	0.472603	2
300	232	136	238	138	212	226	0.0613497	0	0.310502	1
301	782	29	783	28	212	214	0.0122699	0	0.06621	1
302	415	137	416	136	213	214	0.0122699	0	0.312785	1
303	475	143	475	142	213	214	0.00613497	0	0.326484	1
304	655	185	657	186	213	224	0.0184049	0	0.422374	1
305	453	133	452	131	213	214	0.0306748	0	0.303653	2
306	370	153	371	151	213	214	0.0306748	0	0.349315	1
307	394	198	395	196	213	214	0.0306748	0	0.452055	1
308	384	190	385	189	213	214	0.0122699	0	0.43379	1
309	434	118	433	117	213	214	0.0122699	0	0.269406	2
310	689	164	684	163	213	216	0.0368098	0	0.374429	2
311	470	167	469	165	213	214	0.0306748	0	0.381279	2
312	476	116	477	114	213	214	0.0306748	0	0.26484	1
313	527	134	528	134	213	218	0.00613497	0	0.305936	1
314	417	158	419	155	213	214	0.0674847	0	0.360731	1
315	485	126	485	125	213	214	0.00613497	0	0.287671	1
316	713	216	714	214	213	214	0.0306748	0	0.493151	1
317	461	147	461	147	214	217	0	0	0.335616	1
318	314	147	315	146	214	215	0.0122699	0	0.335616	1
319	443	118	442	117	214	215	0.0122699	0	0.269406	2
320	396	117	397	116	214	216	0.0122699	0	0.267123	1
321	693	149	679	147	214	220	0.110429	0	0.340183	2
322	450	149	451	150	214	217	0.0122699	0	0.340183	1
323	202	159	208	159	214	216	0.0368098	0	0.363014	1
324	394	143	400	143	214	215	0.0368098	0	0.326484	1
325	407	156	412	155	214	215	0.0368098	0	0.356164	1
326	429	147	431	146	214	215	0.0184049	0	0.335616	1
327	318	123	324	124	214	219	0.0429448	0	0.280822	1
328	406	117	407	116	214	215	0.0122699	0	0.267123	1
329	581	401	600	413	214	230	1	0	0.915525	1
330	533	165	552	177	214	230	1	0	0.376712	1
331	363	214	364	213	215	217	0.0122699	0	0.488584	1
332	454	132	451	133	215	218	0.0245399	0	0.30137	2
333	477	142	476	144	215	218	0.0306748	0	0.324201	2
334	518	127	518	129	215	220	0.0245399	0	0.289954	1
335	374	151	376	152	215	216	0.0184049	0	0.344749	1
336	493	138	491	139	215	219	0.0184049	0	0.315068	2
337	658	169	657	172	215	220	0.0613497	0	0.385845	2
338	480	115	480	115	215	216	0	0	0.262557	1
339	707	154	704	154	215	216	0.0184049	0	0.351598	2
340	716	215	715	215	215	217	0.00613497	0	0.490868	2
341	396	167	403	166	215	216	0.0490798	0	0.381279	1
342	486	125	485	126	215	218	0.0122699	0	0.285388	2
343	694	175	678	173	215	221	0.122699	0	0.399543	2
344	431	122	432	122	215	216	0.00613497	0	0.278539	1
345	667	190	666	192	215	222	0.0306748	0	0.43379	2
346	785	28	790	30	215	224	0.0552147	0	0.0639269	1
347	695	416	713	428	215	230	0.993865	0	0.949772	1
348	646	165	646	167	215	222	0.0245399	0	0.376712	1
349	400	191	408	190	216	217	0.0552147	0	0.436073	1
350	705	166	695	164	216	219	0.0858896	0	0.378995	2
351	405	147	409	149	216	217	0.0490798	0	0.335616	1
352	435	159	435	157	216	217	0.0245399	0	0.363014	1
353	706	207	704	204	216	218	0.0674847	0	0.472603	2
354	327	132	327	131	216	217	0.00613497	0	0.30137	1
355	409	116	408	116	216	217	0.00613497	0	0.26484	2
356	690	158	676	154	217	222	0.184049	0	0.360731	2
357	400	129	400	127	217	218	0.0245399	0	0.294521	1
358	382	203	384	201	217	218	0.0368098	0	0.46347	1
359	411	79	408	79	217	219	0.0184049	0	0.180365	2
360	378	153	382	154	217	219	0.0306748	0	0.349315	1
361	507	124	507	124	217	220	0	0	0.283105	1
362	701	155	682	150	217	224	0.269939	0	0.353881	2
363	416	89	411	88	217	222	0.0368098	0	0.203196	2
364	473	107	473	105	217	218	0.0245399	0	0.244292	1
365	680	164	660	155	217	224	0.619632	0	0.374429	2
366	405	201	415	204	217	218	0.116564	0	0.458904	1
367	448	123	446	123	217	218	0.0122699	0	0.280822	2
368	397	117	395	118	217	220	0.0184049	0	0.267123	2
369	469	129	467	129	217	219	0.0122699	0	0.294521	2
370	311	148	310	147	217	218	0.0122699	0	0.3379	2
371	707	176	694	174	217	221	0.104294	0	0.401826	2
372	417	191	422	194	218	219	0.0858896	0	0.436073	1
373	405	98	404	99	218	220	0.0122699	0	0.223744	2
374	462	147	461	147	218	219	0.00613497	0	0.335616	2
375	329	147	355	154	218	228	0.460123	0	0.335616	1
376	396	137	397	136	218	219	0.0122699	0	0.312785	1
377	204	151	205	149	218	219	0.0306748	0	0.344749	1
378	430	132	430	133	218	219	0.00613497	0	0.30137	1
379	200	141	201	139	218	219	0.0306748	0	0.321918	1
380	407	117	406	117	218	219	0.00613497	0	0.267123	2
381	487	171	485	171	218	220	0.0122699	0	0.390411	2
382	485	114	485	114	218	219	0	0	0.260274	1
383	326	133	329	133	218	221	0.0184049	0	0.303653	1
384	698	214	696	215	218	219	0.0184049	0	0.488584	2
385	452	150	452	150	218	219	0	0	0.342466	1
386	777	30	799	39	218	230	0.631902	0	0.0684932	1
387	447	127	445	127	219	220	0.0122699	0	0.289954	2
388	476	143	476	143	219	220	0	0	0.326484	1
389	502	173	501	173	219	220	0.00613497	0	0.394977	2
390	449	137	448	137	219	220	0.00613497	0	0.312785	2
391	315	150	337	154	219	227	0.233129	0	0.342466	1
392	421	208	423	210	219	220	0.0368098	0	0.474886	1
393	667	179	667	179	219	222	0	0	0.408676	1
394	391	201	400	202	219	220	0.0613497	0	0.458904	1
395	398	86	395	86	219	221	0.0184049	0	0.196347	2
396	529	138	546	148	219	230	0.717791	0	0.315068	1
397	485	126	484	126	219	220	0.00613497	0	0.287671	2
398	461	180	460	181	219	221	0.0122699	0	0.410959	2
399	409	130	408	130	219	220	0.00613497	0	0.296804	2
400	215	157	218	153	219	221	0.116564	0	0.358447	1
401	690	164	683	160	220	223	0.141104	0	0.374429	2
402	217	133	220	128	220	222	0.171779	0	0.303653	1
403	460	145	459	143	220	222	0.0306748	0	0.33105	2
404	426	198	430	198	220	221	0.0245399	0	0.452055	1
405	385	122	386	122	220	224	0.00613497	0	0.278539	1
406	428	130	427	130	220	221	0.00613497	0	0.296804	2
407	394	186	395	184	220	222	0.0306748	0	0.424658	1
408	202	134	235	143	220	230	0.699387	0	0.305936	1
409	398	138	398	139	220	221	0.00613497	0	0.315068	1
410	384	156	386	157	220	221	0.0184049	0	0.356164	1
411	428	220	429	220	220	224	0.00613497	0	0.502283	1
412	455	120	454	120	220	221	0.00613497	0	0.273973	2
413	206	148	209	142	220	222	0.239264	0	0.3379	1
414	698	203	692	201	220	221	0.0613497	0	0.46347	2
415	379	166	382	167	220	222	0.0245399	0	0.378995	1
416	319	122	347	126	220	229	0.269939	0	0.278539	1
417	476	145	476	144	221	222	0.00613497	0	0.33105	1
418	448	137	447	135	221	222	0.0306748	0	0.312785	2
419	399	105	399	104	221	222	0.00613497	0	0.239726	1
420	425	210	427	209	221	222	0.0184049	0	0.479452	1
421	410	77	408	76	221	224	0.0184049	0	0.175799	2
422	695	213	695	212	221	222	0.00613497	0	0.486301	1
423	409	130	409	130	221	222	0	0	0.296804	1
424	483	118	482	117	221	222	0.0122699	0	0.269406	2
425	520	128	537	139	221	230	0.846626	0	0.292237	1
426	485	129	484	128	221	222	0.0122699	0	0.294521	2
427	201	156	203	153	221	222	0.0674847	0	0.356164	1
428	678	146	675	144	221	222	0.0429448	0	0.333333	2
429	395	124	395	123	221	222	0.00613497	0	0.283105	1
430	437	149	443	148	222	223	0.0429448	0	0.340183	1
431	389	101	405	109	222	230	0.490798	0	0.230594	1
432	489	142	488	141	222	223	0.0122699	0	0.324201	2
433	400	140	401	140	222	223	0.00613497	0	0.319635	1
434	396	88	394	87	222	225	0.0184049	0	0.200913	2
435	331	132	335	133	222	224	0.0306748	0	0.30137	1
436	675	164	670	161	222	224	0.0858896	0	0.374429	2
437	656	173	655	172	222	223	0.0122699	0	0.394977	2
438	502	172	500	170	222	223	0.0368098	0	0.392694	2
439	690	171	687	169	222	223	0.0429448	0	0.390411	2
440	677	174	673	172	222	223	0.0490798	0	0.39726	2
441	510	123	526	133	222	230	0.711656	0	0.280822	1
442	399	77	409	87	222	230	0.674847	0	0.175799	1
443	455	120	456	118	222	224	0.0306748	0	0.273973	1
444	202	175	206	173	222	223	0.0490798	0	0.399543	1
445	476	143	477	143	223	225	0.00613497	0	0.326484	1
446	222	127	224	126	223	224	0.0184049	0	0.289954	1
447	673	151	670	150	223	224	0.0245399	0	0.344749	2
448	399	102	416	110	223	230	0.496933	0	0.232877	1
449	411	87	410	86	223	224	0.0122699	0	0.19863	2
450	405	194	406	194	223	225	0.00613497	0	0.442922	1
451	460	144	460	144	223	224	0	0	0.328767	1
452	403	158	405	157	223	224	0.0184049	0	0.360731	1
453	396	183	400	182	223	226	0.0306748	0	0.417808	1
454	385	165	389	165	223	225	0.0245399	0	0.376712	1
455	519	167	523	168	223	225	0.0306748	0	0.381279	1
456	696	212	695	212	223	224	0.00613497	0	0.484018	2
457	409	130	411	130	223	224	0.0122699	0	0.296804	1
458	417	150	419	151	223	224	0.0184049	0	0.342466	1
459	653	197	653	197	223	224	0	0	0.449772	1
460	214	141	223	141	223	226	0.0552147	0	0.321918	1
461	393	155	394	154	223	224	0.0122699	0	0.353881	1
462	399	112	402	112	223	226	0.0184049	0	0.255708	1
463	509	132	525	143	223	230	0.840491	0	0.30137	1
464	680	160	677	160	224	225	0.0184049	0	0.365297	2
465	213	170	217	170	224	225	0.0245399	0	0.388128	1
466	458	191	478	189	224	226	0.147239	0	0.436073	1
467	428	210	430	208	224	225	0.0368098	0	0.479452	1
468	470	130	471	130	224	225	0.00613497	0	0.296804	1
469	430	145	432	145	224	225	0.0122699	0	0.33105	1
470	498	169	496	168	224	225	0.0184049	0	0.385845	2
471	406	179	407	179	224	225	0.00613497	0	0.408676	1
472	659	172	660	172	224	225	0.00613497	0	0.392694	1
473	380	197	380	197	224	225	0	0	0.449772	1
474	409	102	412	102	224	226	0.0184049	0	0.232877	1
475	454	154	462	153	224	225	0.0552147	0	0.351598	1
476	692	200	691	197	224	226	0.0613497	0	0.456621	2
477	386	182	387	182	224	225	0.00613497	0	0.415525	1
478	670	150	669	150	225	226	0.00613497	0	0.342466	2
479	392	199	394	197	225	226	0.0368098	0	0.454338	1
480	387	211	388	215	225	227	0.104294	0	0.481735	1
481	492	138	493	138	225	226	0.00613497	0	0.315068	1
482	470	167	481	166	225	226	0.0736196	0	0.381279	1
483	411	87	421	89	225	228	0.0858896	0	0.19863	1
484	442	146	446	144	225	226	0.0490798	0	0.333333	1
485	435	175	438	173	225	226	0.0429448	0	0.399543	1
486	407	156	410	156	225	226	0.0184049	0	0.356164	1
487	338	113	359	118	225	230	0.282209	0	0.257991	1
488	388	120	402	126	225	229	0.306748	0	0.273973	1
489	408	76	421	84	225	230	0.472393	0	0.173516	1
490	440	201	449	199	225	226	0.0797546	0	0.458904	1
491	398	139	400	139	225	226	0.0122699	0	0.317352	1
492	421	158	425	157	225	226	0.0306748	0	0.360731	1
493	396	154	412	160	225	229	0.319018	0	0.351598	1
494	434	123	435	123	225	226	0.00613497	0	0.280822	1
495	408	146	420	145	225	227	0.0797546	0	0.333333	1
496	415	132	420	131	225	226	0.0368098	0	0.30137	1
497	695	210	695	207	225	226	0.0552147	0	0.479452	1
498	681	149	680	149	225	226	0.00613497	0	0.340183	2
499	404	129	406	129	225	226	0.0122699	0	0.294521	1
500	490	112	498	112	225	227	0.0490798	0	0.255708	1
501	667	160	666	160	225	226	0.00613497	0	0.365297	2
502	791	31	809	39	225	230	0.503067	0	0.0707763	1
503	480	101	489	101	225	227	0.0552147	0	0.230594	1
504	232	128	238	130	226	227	0.0613497	0	0.292237	1
505	392	166	409	175	226	230	0.601227	0	0.378995	1
506	411	194	418	193	226	227	0.0490798	0	0.442922	1
507	473	130	484	135	226	229	0.220859	0	0.296804	1
508	481	141	486	141	226	227	0.0306748	0	0.321918	1
509	223	172	237	178	226	228	0.306748	0	0.392694	1
510	463	122	468	123	226	227	0.0368098	0	0.278539	1
511	482	112	487	112	226	227	0.0306748	0	0.255708	1
512	551	281	564	289	226	230	0.472393	0	0.641553	1
513	397	89	409	97	226	230	0.466258	0	0.203196	1
514	581	283	594	291	226	230	0.472393	0	0.646119	1
515	403	166	413	169	226	228	0.116564	0	0.378995	1
516	444	163	450	162	226	227	0.0429448	0	0.372146	1
517	673	152	674	154	227	228	0.0306748	0	0.347032	1
518	409	179	413	181	227	228	0.0490798	0	0.408676	1
519	418	166	421	169	227	228	0.0736196	0	0.378995	1
520	440	191	443	193	227	228	0.0429448	0	0.436073	1
521	451	144	456	143	227	228	0.0368098	0	0.328767	1
522	436	151	441	151	227	228	0.0306748	0	0.344749	1
523	417	104	425	110	227	230	0.269939	0	0.237443	1
524	416	156	420	158	227	228	0.0490798	0	0.356164	1
525	498	140	501	142	227	228	0.0429448	0	0.319635	1
526	663	151	664	155	227	229	0.104294	0	0.344749	1
527	405	140	412	143	227	229	0.0981595	0	0.319635	1
528	476	193	488	199	227	228	0.294479	0	0.440639	1
529	408	114	412	115	227	228	0.0306748	0	0.260274	1
530	446	175	451	175	227	228	0.0306748	0	0.399543	1
531	527	168	537	177	227	230	0.558282	0	0.383562	1
532	683	152	684	158	227	229	0.226994	0	0.347032	1
533	491	122	493	123	227	228	0.0184049	0	0.278539	1
534	229	144	243	155	227	230	0.828221	0	0.328767	1
535	394	153	402	162	227	230	0.546012	0	0.349315	1
536	465	167	475	171	227	228	0.159509	0	0.381279	1
537	688	32	696	38	227	230	0.269939	0	0.0730594	1
538	346	137	351	138	227	228	0.0368098	0	0.312785	1
539	487	203	495	207	227	228	0.147239	0	0.46347	1
540	256	111	264	118	227	230	0.349693	0	0.253425	1
541	115	24	119	29	228	230	0.177914	0	0.0547945	1
542	244	134	248	138	228	229	0.122699	0	0.305936	1
543	503	169	511	170	228	229	0.0552147	0	0.385845	1
544	491	111	495	117	228	230	0.245399	0	0.253425	1
545	472	126	475	131	228	230	0.171779	0	0.287671	1
546	344	155	349	156	228	229	0.0368098	0	0.353881	1
547	438	134	444	136	228	229	0.0613497	0	0.305936	1
548	767	24	770	29	228	230	0.171779	0	0.0547945	1
549	501	106	505	111	228	230	0.177914	0	0.242009	1
550	810	24	815	28	228	230	0.128834	0	0.0547945	1
551	683	164	682	167	228	229	0.0613497	0	0.374429	2
552	416	131	419	132	228	229	0.0245399	0	0.299087	1
553	800	24	805	28	228	230	0.128834	0	0.0547945	1
554	672	168	670	172	229	230	0.110429	0	0.383562	2
555	674	157	672	161	229	230	0.110429	0	0.358447	2
556	447	196	448	198	229	230	0.0306748	0	0.447489	1
557	503	144	503	147	229	230	0.0552147	0	0.328767	1
558	447	169	450	171	229	230	0.0429448	0	0.385845	1
559	462	144	465	145	229	230	0.0245399	0	0.328767	1
560	447	152	450	153	229	230	0.0245399	0	0.347032	1
561	439	184	437	187	229	230	0.0674847	0	0.420091	2
562	428	151	431	154	229	230	0.0736196	0	0.344749	1
563	359	157	360	158	229	230	0.0122699	0	0.358447	1
564	245	181	249	183	229	230	0.0490798	0	0.413242	1
565	497	222	499	223	229	230	0.0184049	0	0.506849	1
566	463	178	465	180	229	230	0.0368098	0	0.406393	1
567	423	92	424	94	229	230	0.0306748	0	0.210046	1
568	414	192	415	196	229	230	0.104294	0	0.438356	1
569	497	127	497	130	229	230	0.0552147	0	0.289954	1
570	500	205	512	204	229	230	0.0797546	0	0.468037	1
571	502	180	508	185	229	230	0.190184	0	0.410959	1
572	668	204	669	206	229	230	0.0306748	0	0.465753	1
573	424	200	425	203	229	230	0.0613497	0	0.456621	1
574	405	116	406	118	229	230	0.0306748	0	0.26484	1
575	666	438	667	440	229	230	0.0306748	0	1	1