
0	811	212	811	197	52	57	0.0664501	0	0.478555	1
1	583	257	581	242	52	55	0.0670408	0	0.580135	2
2	193	393	187	377	52	58	0.0773774	0	0.887133	2
3	134	315	129	306	52	56	0.0253987	0	0.711061	2
4	737	177	728	166	52	54	0.0383934	0	0.399549	2
5	332	183	333	156	52	58	0.215594	0	0.413093	1
6	487	291	480	279	52	54	0.0445954	0	0.656885	2
7	153	241	148	220	52	58	0.131719	0	0.544018	2
8	688	186	682	180	52	53	0.012404	0	0.419865	2
9	361	246	359	211	52	58	0.362374	0	0.555305	2
10	319	286	313	270	52	55	0.0773774	0	0.645598	2
11	594	180	589	164	53	55	0.0770821	0	0.406321	2
12	344	247	340	239	53	54	0.0200827	0	0.557562	2
13	645	203	642	197	53	54	0.011518	0	0.458239	2
14	142	327	140	322	53	54	0.00797401	0	0.738149	2
15	590	202	590	194	53	54	0.0189014	0	0.455982	1
16	600	214	610	198	53	57	0.0785588	0	0.48307	1
17	523	162	525	153	53	56	0.0245127	0	0.365688	1
18	344	164	347	145	53	58	0.107501	0	0.370203	1
19	139	243	136	229	53	58	0.0587714	0	0.548533	2
20	821	226	814	199	53	60	0.217366	0	0.510158	2
21	593	229	593	217	53	55	0.0425281	0	0.51693	1
22	587	261	588	253	53	56	0.0191967	0	0.589165	1
23	178	374	177	364	53	58	0.0298287	0	0.844244	2
24	368	231	369	215	53	56	0.0759008	0	0.521445	1
25	513	214	518	198	53	55	0.0770821	0	0.48307	1
26	132	383	130	377	53	54	0.0112227	0	0.86456	2
27	570	201	566	186	53	56	0.0676314	0	0.453725	2
28	408	94	402	83	53	58	0.0375074	0	0.21219	2
29	723	191	718	187	53	57	0.00620201	0	0.431151	2
30	518	284	516	280	54	55	0.00531601	0	0.641084	2
31	504	193	506	187	54	55	0.0112227	0	0.435666	1
32	134	257	134	252	54	55	0.00738334	0	0.580135	1
33	605	241	604	236	54	55	0.00767868	0	0.544018	2
34	567	224	566	218	54	55	0.0109273	0	0.505643	2
35	764	196	757	188	54	55	0.0209687	0	0.442438	2
36	609	205	615	199	54	56	0.012404	0	0.462754	1
37	532	107	537	100	54	58	0.015948	0	0.241535	1
38	303	233	308	226	54	56	0.015948	0	0.525959	1
39	659	238	658	233	54	55	0.00767868	0	0.537246	2
40	149	291	147	287	54	55	0.00531601	0	0.656885	2
41	339	230	343	220	55	58	0.0307147	0	0.519187	1
42	673	174	672	175	55	56	0.000590667	0	0.392777	2
43	585	191	591	188	55	56	0.00443001	0	0.431151	1
44	725	162	715	158	55	58	0.00767868	0	0.365688	2
45	466	267	460	264	55	57	0.00443001	0	0.602709	2
46	756	231	757	231	55	56	0.000295334	0	0.521445	1
47	643	216	645	213	55	57	0.00324867	0	0.487585	1
48	324	260	326	261	55	56	0.000886001	0	0.586907	1
49	740	236	744	231	55	57	0.00856468	0	0.532731	1
50	485	199	492	194	55	58	0.00945068	0	0.44921	1
51	131	373	133	373	55	56	0.000590667	0	0.841986	1
52	747	200	748	200	55	56	0.000295334	0	0.451467	1
53	151	301	153	304	55	57	0.00324867	0	0.679458	1
54	343	220	345	208	55	58	0.0431187	0	0.496614	1
55	500	269	500	268	56	57	0.000295334	0	0.607223	1
56	568	218	570	218	56	57	0.000590667	0	0.492099	1
57	520	282	520	280	56	57	0.00118133	0	0.636569	1
58	136	254	133	250	56	58	0.00561134	0	0.573363	2
59	510	188	513	181	56	58	0.0153574	0	0.424379	1
60	315	273	316	272	56	57	0.000590667	0	0.616253	1
61	591	163	592	160	56	57	0.00295334	0	0.367946	1
62	474	272	471	269	56	57	0.003544	0	0.613995	2
63	672	216	670	218	56	57	0.001772	0	0.487585	2
64	759	297	755	287	56	58	0.0307147	0	0.670429	2
65	785	239	785	240	56	57	0.000295334	0	0.539503	1
66	678	195	677	195	56	57	0.000295334	0	0.440181	2
67	789	253	789	255	56	57	0.00118133	0	0.571106	1
68	412	144	409	141	56	58	0.003544	0	0.325056	2
69	758	191	754	195	56	57	0.00590667	0	0.431151	2
70	769	90	766	88	56	58	0.00206734	0	0.20316	2
71	468	238	465	235	56	57	0.003544	0	0.537246	2
72	618	171	617	168	56	57	0.00295334	0	0.386005	2
73	327	261	322	258	57	58	0.00413467	0	0.589165	2
74	312	224	309	218	57	58	0.011518	0	0.505643	2
75	528	151	523	147	57	58	0.00620201	0	0.340858	2
76	533	177	531	172	57	58	0.00797401	0	0.399549	2
77	446	218	430	201	57	59	0.0900768	0	0.492099	2
78	522	132	518	128	57	58	0.00590667	0	0.297968	2
79	490	264	480	260	57	58	0.00767868	0	0.595937	2
80	340	207	353	194	59	60	0.0537507	0	0.467269	1
81	440	248	447	244	59	60	0.00679268	0	0.559819	1
82	704	150	720	162	59	62	0.0472534	0	0.3386	1
83	129	222	140	213	59	60	0.0271707	0	0.501129	1
84	326	135	351	142	59	61	0.0218547	0	0.30474	1
85	450	214	469	217	59	61	0.00826934	0	0.48307	1
86	128	337	149	344	59	61	0.0206734	0	0.760722	1
87	448	54	451	55	59	63	0.00118133	0	0.121896	1
88	563	156	568	165	59	63	0.0253987	0	0.352144	1
89	731	198	756	204	59	61	0.0180154	0	0.446953	1
90	586	225	595	216	59	60	0.02658	0	0.507901	1
91	631	126	615	129	59	63	0.00738334	0	0.284424	2
92	766	89	770	82	59	60	0.0156527	0	0.200903	1
93	159	341	131	341	59	63	0.00826934	0	0.769752	2
94	813	231	822	229	59	60	0.00383934	0	0.521445	1
95	486	253	488	244	59	60	0.0245127	0	0.571106	1
96	684	131	698	137	59	61	0.0147667	0	0.295711	1
97	487	180	517	184	59	61	0.0135854	0	0.406321	1
98	104	276	118	278	59	61	0.00531601	0	0.623025	1
99	115	315	134	325	59	61	0.0351447	0	0.711061	1
100	132	265	154	273	59	62	0.0253987	0	0.598194	1
101	197	358	204	361	60	61	0.00472534	0	0.808126	1
102	179	346	186	352	60	61	0.0126994	0	0.781038	1
103	579	211	590	221	60	61	0.032782	0	0.476298	1
104	623	132	637	142	60	61	0.033668	0	0.297968	1
105	776	202	790	211	60	61	0.0280567	0	0.455982	1
106	700	166	711	184	60	62	0.0989368	0	0.374718	1
107	140	196	161	207	60	62	0.0419374	0	0.442438	1
108	654	153	634	160	60	63	0.020378	0	0.345372	2
109	436	198	448	208	60	61	0.0330774	0	0.446953	1
110	731	143	742	158	60	62	0.0696988	0	0.322799	1
111	827	244	822	256	60	61	0.0440047	0	0.55079	2
112	154	235	52	237	60	67	0.0313054	0	0.530474	2
113	337	189	337	194	60	63	0.00738334	0	0.426637	1
114	373	175	301	173	60	68	0.0224454	0	0.395034	2
115	524	126	524	139	60	63	0.0499114	0	0.284424	1
116	455	256	441	266	60	63	0.033668	0	0.577878	2
117	717	404	699	414	60	63	0.0348494	0	0.911964	2
118	529	81	553	98	60	62	0.0924395	0	0.182844	1
119	437	237	452	249	60	61	0.0469581	0	0.534989	1
120	433	186	417	198	60	63	0.0472534	0	0.419865	2
121	718	167	728	176	60	61	0.0268754	0	0.376975	1
122	350	332	343	318	60	73	0.0599527	0	0.749436	2
123	752	182	772	197	60	62	0.0723568	0	0.410835	1
124	800	226	797	237	60	63	0.0366214	0	0.510158	2
125	157	191	71	185	60	68	0.0360307	0	0.431151	2
126	338	157	354	166	60	61	0.0286474	0	0.354402	1
127	370	200	374	201	61	62	0.00147667	0	0.451467	1
128	152	240	154	243	61	62	0.00324867	0	0.541761	1
129	158	220	161	221	61	62	0.00118133	0	0.496614	1
130	384	191	367	187	61	63	0.00974601	0	0.431151	2
131	169	209	150	204	61	63	0.0129947	0	0.471783	2
132	367	140	371	146	61	62	0.0118133	0	0.316027	1
133	368	188	372	189	61	62	0.00147667	0	0.424379	1
134	420	72	423	76	61	62	0.00561134	0	0.162528	1
135	641	174	645	176	61	62	0.00236267	0	0.392777	1
136	667	199	667	201	61	62	0.00118133	0	0.44921	1
137	351	208	352	210	61	62	0.00147667	0	0.469526	1
138	436	56	417	57	61	63	0.00590667	0	0.126411	2
139	254	159	257	162	61	62	0.003544	0	0.358916	1
140	520	174	523	180	61	62	0.011518	0	0.392777	1
141	427	134	430	138	61	62	0.00561134	0	0.302483	1
142	698	142	670	136	62	63	0.0189014	0	0.320542	2
143	343	259	326	252	62	63	0.019492	0	0.58465	2
144	360	177	341	172	62	63	0.0129947	0	0.399549	2
145	758	209	733	200	62	63	0.0313054	0	0.471783	2
146	542	175	518	167	62	63	0.0259894	0	0.395034	2
147	362	249	345	242	62	63	0.019492	0	0.562077	2
148	635	235	611	227	62	63	0.0259894	0	0.530474	2
149	466	197	394	172	62	71	0.205848	0	0.444695	2
150	636	147	606	142	62	63	0.0162434	0	0.331828	2
151	474	220	416	216	63	65	0.0218547	0	0.496614	2
152	361	135	334	142	63	64	0.0224454	0	0.30474	2
153	575	222	546	228	63	64	0.0191967	0	0.501129	2
154	521	177	489	179	63	64	0.010632	0	0.399549	2
155	350	143	323	150	63	64	0.0224454	0	0.322799	2
156	339	219	313	223	63	64	0.012404	0	0.494357	2
157	330	151	302	157	63	64	0.0189014	0	0.340858	2
158	311	210	282	216	63	64	0.0191967	0	0.474041	2
159	659	190	668	189	63	64	0.00295334	0	0.428894	1
160	113	274	41	274	63	65	0.021264	0	0.61851	2
161	542	98	454	100	63	66	0.0271707	0	0.221219	2
162	817	258	784	262	63	64	0.0144714	0	0.582393	2
163	232	348	198	351	63	64	0.0126994	0	0.785553	2
164	110	220	45	211	64	66	0.0431187	0	0.496614	2
165	328	201	297	197	64	65	0.0138807	0	0.453725	2
166	476	183	443	179	64	65	0.0144714	0	0.413093	2
167	123	210	67	195	64	68	0.0829888	0	0.474041	2
168	802	211	749	195	64	68	0.0912581	0	0.476298	2
169	490	169	428	161	64	66	0.037212	0	0.38149	2
170	414	272	349	266	64	66	0.0298287	0	0.613995	2
171	402	263	336	258	64	66	0.0268754	0	0.593679	2
172	737	209	702	203	64	65	0.0209687	0	0.471783	2
173	375	208	309	203	64	66	0.0268754	0	0.469526	2
174	800	176	740	160	64	68	0.0933255	0	0.397291	2
175	591	232	532	218	64	67	0.0753101	0	0.523702	2
176	625	194	634	187	64	65	0.0171294	0	0.437923	1
177	683	156	611	151	64	66	0.0286474	0	0.352144	2
178	456	226	427	219	64	65	0.023036	0	0.510158	2
179	593	183	562	178	64	65	0.0165387	0	0.413093	2
180	723	216	655	204	64	66	0.0626108	0	0.487585	2
181	579	229	548	222	64	65	0.0236267	0	0.51693	2
182	500	172	468	167	64	65	0.016834	0	0.388262	2
183	96	320	53	317	64	65	0.0153574	0	0.722348	2
184	306	209	276	201	64	65	0.0277614	0	0.471783	2
185	323	244	292	240	64	65	0.0138807	0	0.55079	2
186	517	223	486	219	65	66	0.0138807	0	0.503386	2
187	305	140	291	133	65	68	0.018606	0	0.316027	2
188	499	223	502	196	65	66	0.216184	0	0.503386	1
189	458	176	430	172	65	66	0.0129947	0	0.397291	2
190	312	189	283	188	65	66	0.00886001	0	0.426637	2
191	294	261	270	259	65	66	0.00826934	0	0.589165	2
192	750	261	722	257	65	66	0.0129947	0	0.589165	2
193	520	184	515	180	65	66	0.00620201	0	0.41535	2
194	577	212	547	209	65	66	0.011518	0	0.478555	2
195	349	199	313	192	65	67	0.0251034	0	0.44921	2
196	167	350	238	328	65	73	0.16391	0	0.790068	1
197	547	152	538	138	65	66	0.0605434	0	0.343115	2
198	63	307	24	306	65	66	0.0118133	0	0.693002	2
199	241	212	214	210	65	66	0.00915535	0	0.478555	2
200	631	414	765	373	65	83	0.536031	0	0.934537	1
201	458	188	425	181	65	66	0.0242174	0	0.424379	2
202	261	156	260	152	66	67	0.00502067	0	0.352144	2
203	443	145	441	141	66	67	0.00531601	0	0.327314	2
204	327	248	323	245	66	67	0.00383934	0	0.559819	2
205	43	235	42	231	66	67	0.00502067	0	0.530474	2
206	705	228	743	219	66	69	0.0351447	0	0.514673	1
207	464	218	471	212	66	68	0.0126994	0	0.492099	1
208	251	152	265	146	66	68	0.0147667	0	0.343115	1
209	605	179	606	171	66	68	0.0191967	0	0.404063	1
210	268	182	266	177	66	67	0.00797401	0	0.410835	2
211	253	166	252	162	66	67	0.00502067	0	0.374718	2
212	309	59	308	58	66	68	0.000590667	0	0.133183	2
213	712	258	726	248	66	68	0.033668	0	0.582393	1
214	261	243	272	241	66	68	0.00443001	0	0.548533	1
215	591	157	589	148	66	68	0.0245127	0	0.354402	2
216	268	228	266	225	66	67	0.00324867	0	0.514673	2
217	552	163	548	160	66	67	0.00383934	0	0.367946	2
218	577	123	577	115	66	68	0.0189014	0	0.277652	1
219	273	241	270	238	66	67	0.003544	0	0.544018	2
220	322	59	318	58	66	68	0.00147667	0	0.133183	2
221	252	196	267	193	66	68	0.00708801	0	0.442438	1
222	62	337	121	320	66	72	0.102776	0	0.760722	1
223	45	197	84	191	66	69	0.02215	0	0.444695	1
224	505	122	512	119	67	68	0.00472534	0	0.275395	1
225	505	144	511	141	67	68	0.00443001	0	0.325056	1
226	25	342	38	340	67	68	0.00502067	0	0.772009	1
227	796	89	800	85	67	68	0.00590667	0	0.200903	1
228	619	186	674	178	67	70	0.0351447	0	0.419865	1
229	549	113	556	108	67	68	0.00945068	0	0.255079	1
230	396	210	504	184	67	73	0.231542	0	0.474041	1
231	634	246	643	244	67	68	0.00383934	0	0.555305	1
232	330	236	394	221	68	72	0.0853514	0	0.532731	1
233	341	250	393	241	68	70	0.0392794	0	0.564334	1
234	493	134	518	134	68	69	0.00738334	0	0.302483	1
235	642	197	700	191	68	70	0.0277614	0	0.444695	1
236	678	194	712	193	68	69	0.0103367	0	0.437923	1
237	337	262	390	257	68	70	0.023036	0	0.591422	1
238	405	172	463	166	68	70	0.0277614	0	0.388262	1
239	320	104	351	100	68	69	0.0138807	0	0.234763	1
240	609	144	671	134	68	72	0.0478441	0	0.325056	1
241	262	222	295	222	68	69	0.00974601	0	0.501129	1
242	29	261	97	224	69	75	0.424395	0	0.589165	1
243	614	149	649	142	69	71	0.024808	0	0.336343	1
244	635	178	652	172	69	70	0.0156527	0	0.401806	1
245	609	120	626	116	69	70	0.00974601	0	0.27088	1
246	35	306	56	290	69	72	0.0818074	0	0.690745	1
247	343	194	365	188	69	70	0.0171294	0	0.437923	1
248	516	123	541	117	69	70	0.0180154	0	0.277652	1
249	604	159	630	152	69	70	0.02215	0	0.358916	1
250	579	163	603	157	69	70	0.01772	0	0.367946	1
251	570	111	686	76	69	75	0.396043	0	0.250564	1
252	334	61	362	57	69	70	0.0129947	0	0.137698	1
253	333	181	370	169	69	71	0.0534554	0	0.408578	1
254	747	170	815	153	69	73	0.105434	0	0.383747	1
255	706	203	730	194	69	70	0.03101	0	0.458239	1
256	758	197	825	187	69	73	0.0493207	0	0.444695	1
257	266	336	375	303	69	83	0.35381	0	0.758465	1
258	59	330	75	322	69	70	0.0236267	0	0.744921	1
259	257	205	325	193	69	72	0.0626108	0	0.462754	1
260	484	142	510	136	69	70	0.0183107	0	0.320542	1
261	706	410	819	381	69	76	0.281748	0	0.925508	1
262	41	278	56	270	69	70	0.0233314	0	0.62754	1
263	672	272	697	265	69	70	0.0218547	0	0.613995	1
264	33	338	36	336	70	71	0.00206734	0	0.76298	1
265	587	210	602	204	70	71	0.015062	0	0.474041	1
266	566	115	587	104	70	72	0.0419374	0	0.259594	1
267	87	330	86	317	70	72	0.0502067	0	0.744921	2
268	558	172	562	169	70	71	0.00383934	0	0.388262	1
269	495	154	508	149	70	71	0.0112227	0	0.34763	1
270	553	111	584	92	70	73	0.115771	0	0.250564	1
271	375	195	392	186	70	71	0.0289427	0	0.440181	1
272	411	250	421	244	70	71	0.0135854	0	0.564334	1
273	790	170	812	163	70	72	0.0209687	0	0.383747	1
274	697	240	721	225	70	72	0.0735381	0	0.541761	1
275	613	101	646	82	70	73	0.116361	0	0.227991	1
276	130	179	165	169	70	73	0.0398701	0	0.404063	1
277	27	320	49	313	70	73	0.0209687	0	0.722348	1
278	332	143	350	139	70	71	0.0100413	0	0.322799	1
279	113	187	135	181	70	72	0.0171294	0	0.422122	1
280	579	145	606	132	70	73	0.0578854	0	0.327314	1
281	355	130	371	127	70	71	0.00738334	0	0.293454	1
282	527	89	572	75	70	73	0.0711754	0	0.200903	1
283	486	173	508	165	70	72	0.0253987	0	0.390519	1
284	113	234	133	229	70	72	0.01329	0	0.528217	1
285	341	129	358	126	70	71	0.00767868	0	0.291196	1
286	803	157	816	155	70	71	0.00502067	0	0.354402	1
287	565	132	581	122	70	72	0.0342587	0	0.297968	1
288	514	106	557	91	70	73	0.0791494	0	0.239278	1
289	126	189	162	179	70	73	0.0401654	0	0.426637	1
290	337	240	359	234	70	72	0.0171294	0	0.541761	1
291	25	308	45	301	70	73	0.020378	0	0.69526	1
292	408	240	423	231	70	72	0.028352	0	0.541761	1
293	40	296	47	290	70	71	0.0126994	0	0.668172	1
294	198	142	209	138	70	71	0.00797401	0	0.320542	1
295	119	249	130	245	70	71	0.00797401	0	0.562077	1
296	630	114	634	112	71	72	0.00236267	0	0.257336	1
297	541	204	545	199	71	72	0.00856468	0	0.460497	1
298	122	194	130	191	71	72	0.00502067	0	0.437923	1
299	522	157	595	136	71	75	0.151802	0	0.354402	1
300	331	249	339	244	71	72	0.00974601	0	0.562077	1
301	360	144	371	141	71	72	0.00590667	0	0.325056	1
302	35	261	37	257	71	72	0.00531601	0	0.589165	1
303	735	187	744	180	71	72	0.0171294	0	0.422122	1
304	644	125	648	123	71	72	0.00236267	0	0.282167	1
305	399	232	404	226	71	72	0.0121087	0	0.523702	1
306	752	177	763	169	71	72	0.02215	0	0.399549	1
307	597	173	603	169	71	72	0.00649734	0	0.390519	1
308	528	131	536	125	71	72	0.0129947	0	0.295711	1
309	627	151	638	145	71	72	0.0138807	0	0.340858	1
310	557	118	563	111	71	72	0.0162434	0	0.266366	1
311	45	265	46	264	71	72	0.000590667	0	0.598194	1
312	70	317	67	308	71	73	0.024808	0	0.715576	2
313	581	153	598	141	71	73	0.0475487	0	0.345372	1
314	375	183	382	176	71	72	0.0165387	0	0.413093	1
315	792	217	818	211	71	73	0.0183107	0	0.489842	1
316	651	183	662	182	71	72	0.003544	0	0.413093	1
317	717	186	727	179	71	72	0.0174247	0	0.419865	1
318	801	250	824	241	71	73	0.0307147	0	0.564334	1
319	341	123	347	119	71	72	0.00649734	0	0.277652	1
320	379	53	403	43	71	73	0.0366214	0	0.119639	1
321	616	159	627	153	71	72	0.0138807	0	0.358916	1
322	214	148	220	144	71	72	0.00649734	0	0.334086	1
323	109	197	116	194	71	72	0.00472534	0	0.444695	1
324	370	198	379	194	71	72	0.00738334	0	0.446953	1
325	103	318	106	305	72	73	0.0507974	0	0.717833	1
326	402	168	417	161	72	73	0.0189014	0	0.379233	1
327	27	252	35	246	72	73	0.0129947	0	0.568849	1
328	381	150	395	143	72	73	0.018606	0	0.3386	1
329	63	331	90	325	73	74	0.018606	0	0.747178	1
330	411	196	434	188	73	74	0.025694	0	0.442438	1
331	530	137	555	131	73	74	0.0180154	0	0.309255	1
332	53	250	73	244	73	74	0.0165387	0	0.564334	1
333	143	189	169	184	73	74	0.015062	0	0.426637	1
334	579	140	607	133	73	74	0.0227407	0	0.316027	1
335	146	178	195	167	73	75	0.0502067	0	0.401806	1
336	153	189	203	179	73	75	0.0443001	0	0.426637	1
337	602	157	577	180	73	74	0.163615	0	0.354402	2
338	76	283	91	278	73	74	0.0118133	0	0.638826	1
339	691	173	716	167	73	74	0.0180154	0	0.390519	1
340	417	213	466	203	73	75	0.0440047	0	0.480813	1
341	744	172	773	164	73	74	0.027466	0	0.388262	1
342	684	132	770	107	73	83	0.209982	0	0.297968	1
343	585	153	613	145	73	74	0.0271707	0	0.345372	1
344	583	208	606	200	73	74	0.025694	0	0.469526	1
345	781	162	810	155	73	74	0.023036	0	0.365688	1
346	627	174	651	168	73	74	0.01772	0	0.392777	1
347	129	190	200	174	73	77	0.0965741	0	0.428894	1
348	78	328	122	316	74	77	0.0555227	0	0.740406	1
349	578	158	613	135	74	76	0.166568	0	0.356659	1
350	636	93	658	88	74	75	0.0138807	0	0.209932	1
351	447	152	469	146	74	75	0.0171294	0	0.343115	1
352	63	293	85	289	74	75	0.0112227	0	0.6614	1
353	404	145	418	164	74	75	0.11075	0	0.327314	1
354	671	94	696	92	74	75	0.00856468	0	0.21219	1
355	399	190	420	185	74	75	0.0135854	0	0.428894	1
356	420	172	446	164	74	75	0.02658	0	0.388262	1
357	706	175	730	171	74	75	0.0118133	0	0.395034	1
358	388	231	411	226	74	75	0.014176	0	0.521445	1
359	678	76	653	61	74	82	0.0738334	0	0.171558	2
360	57	241	74	230	74	76	0.0407561	0	0.544018	1
361	391	221	417	216	74	75	0.015062	0	0.498871	1
362	599	179	624	174	74	75	0.0147667	0	0.404063	1
363	612	177	635	172	74	75	0.014176	0	0.399549	1
364	74	266	94	255	74	76	0.0416421	0	0.600451	1
365	524	190	567	179	74	77	0.0484347	0	0.428894	1
366	393	157	416	153	74	75	0.011518	0	0.354402	1
367	430	169	455	162	74	75	0.0218547	0	0.38149	1
368	624	151	648	147	74	75	0.0118133	0	0.340858	1
369	93	248	115	241	74	75	0.0209687	0	0.559819	1
370	620	97	654	84	74	83	0.0599527	0	0.218962	1
371	262	323	280	319	74	80	0.0100413	0	0.72912	1
372	394	169	417	165	74	75	0.011518	0	0.38149	1
373	393	180	447	175	74	78	0.0233314	0	0.406321	1
374	471	187	521	188	74	78	0.015062	0	0.422122	1
375	154	202	196	191	74	77	0.0481394	0	0.455982	1
376	373	194	408	182	74	76	0.0528647	0	0.437923	1
377	668	187	698	182	74	75	0.0162434	0	0.422122	1
378	255	123	276	119	74	75	0.0109273	0	0.277652	1
379	368	312	428	312	74	90	0.01772	0	0.704289	1
380	112	321	131	315	75	77	0.0162434	0	0.724605	1
381	638	105	648	99	75	76	0.0135854	0	0.23702	1
382	740	165	747	160	75	76	0.00945068	0	0.37246	1
383	656	157	663	150	75	76	0.0165387	0	0.354402	1
384	427	142	434	137	75	76	0.00945068	0	0.320542	1
385	647	137	655	133	75	76	0.00708801	0	0.309255	1
386	611	183	619	178	75	76	0.00974601	0	0.413093	1
387	215	158	189	145	75	88	0.0575901	0	0.356659	2
388	410	188	420	183	75	76	0.0103367	0	0.424379	1
389	703	74	718	81	75	80	0.0189014	0	0.167043	1
390	797	223	802	220	75	76	0.00413467	0	0.503386	1
391	590	146	604	140	75	76	0.0147667	0	0.329571	1
392	492	208	490	209	75	80	0.000886001	0	0.469526	2
393	462	111	495	110	75	82	0.0100413	0	0.250564	1
394	709	92	743	99	75	78	0.0245127	0	0.207675	1
395	439	161	451	162	76	77	0.00383934	0	0.363431	1
396	503	220	522	224	76	78	0.0103367	0	0.496614	1
397	476	200	499	203	76	78	0.00945068	0	0.451467	1
398	465	205	474	201	76	77	0.00738334	0	0.462754	1
399	688	122	698	122	76	77	0.00295334	0	0.275395	1
400	815	208	826	205	76	77	0.00590667	0	0.469526	1
401	454	163	464	161	76	77	0.00413467	0	0.367946	1
402	707	91	717	91	76	77	0.00295334	0	0.205418	1
403	623	116	635	115	76	77	0.00383934	0	0.261851	1
404	104	301	115	301	76	77	0.00324867	0	0.679458	1
405	463	120	479	120	76	77	0.00472534	0	0.27088	1
406	119	231	90	234	76	80	0.0112227	0	0.521445	2
407	219	164	202	149	76	82	0.0714708	0	0.370203	2
408	736	177	750	177	76	77	0.00413467	0	0.399549	1
409	429	160	439	160	76	77	0.00295334	0	0.361174	1
410	468	43	480	47	76	80	0.00826934	0	0.0970655	1
411	451	150	421	152	77	81	0.0100413	0	0.3386	2
412	76	239	84	243	77	78	0.00708801	0	0.539503	1
413	90	270	96	269	77	78	0.00206734	0	0.609481	1
414	443	138	446	149	77	79	0.0366214	0	0.311512	1
415	489	208	501	213	77	78	0.0109273	0	0.469526	1
416	671	146	684	152	77	78	0.0144714	0	0.329571	1
417	601	167	612	176	77	78	0.0271707	0	0.376975	1
418	115	235	118	238	77	78	0.003544	0	0.530474	1
419	78	222	34	219	77	80	0.0156527	0	0.501129	2
420	668	122	681	129	77	78	0.0183107	0	0.275395	1
421	665	161	679	167	77	78	0.0147667	0	0.363431	1
422	487	28	504	37	77	79	0.0289427	0	0.0632054	1
423	659	135	669	139	77	78	0.00767868	0	0.30474	1
424	457	137	466	142	77	78	0.0100413	0	0.309255	1
425	600	110	610	115	77	78	0.0103367	0	0.248307	1
426	714	72	724	85	77	79	0.0528647	0	0.162528	1
427	111	290	108	291	77	79	0.00118133	0	0.654628	2
428	740	190	752	194	77	78	0.00826934	0	0.428894	1
429	658	175	649	178	77	80	0.00531601	0	0.395034	2
430	632	76	632	83	77	80	0.0144714	0	0.171558	1
431	461	169	456	171	78	79	0.002658	0	0.38149	2
432	514	34	513	37	78	79	0.00295334	0	0.0767494	2
433	751	135	748	136	78	79	0.00118133	0	0.30474	2
434	583	184	568	178	78	80	0.015062	0	0.41535	2
435	764	185	758	183	78	79	0.00295334	0	0.417607	2
436	476	164	473	166	78	79	0.00206734	0	0.370203	2
437	623	141	619	142	78	79	0.00147667	0	0.318284	2
438	537	67	537	64	78	79	0.002658	0	0.151242	1
439	482	81	477	81	78	79	0.00147667	0	0.182844	2
440	207	195	198	196	78	79	0.00295334	0	0.440181	2
441	485	147	479	148	78	79	0.00206734	0	0.331828	2
442	229	179	206	173	79	80	0.0174247	0	0.404063	2
443	442	173	419	170	79	80	0.00945068	0	0.390519	2
444	486	158	464	153	79	80	0.0138807	0	0.356659	2
445	591	156	564	153	79	80	0.010632	0	0.352144	2
446	597	123	571	120	79	80	0.0103367	0	0.277652	2
447	223	165	200	158	79	80	0.021264	0	0.37246	2
448	468	110	469	103	79	80	0.0147667	0	0.248307	1
449	735	146	716	141	79	80	0.0129947	0	0.329571	2
450	460	145	438	142	79	80	0.00915535	0	0.327314	2
451	674	171	654	167	79	80	0.010632	0	0.386005	2
452	690	93	650	87	79	81	0.0224454	0	0.209932	2
453	500	130	484	128	79	80	0.00590667	0	0.293454	2
454	206	177	183	170	79	80	0.021264	0	0.399549	2
455	442	235	420	232	79	80	0.00915535	0	0.530474	2
456	94	225	36	213	79	82	0.0596574	0	0.507901	2
457	591	145	548	136	79	81	0.0366214	0	0.327314	2
458	517	185	482	174	79	81	0.0460721	0	0.417607	2
459	600	143	586	136	80	81	0.018606	0	0.322799	2
460	455	143	442	137	80	81	0.0144714	0	0.322799	2
461	817	142	812	128	80	82	0.0593621	0	0.320542	2
462	738	174	727	165	80	81	0.0271707	0	0.392777	2
463	423	148	432	143	80	83	0.0100413	0	0.334086	1
464	821	179	809	172	80	81	0.0180154	0	0.404063	2
465	175	189	186	184	80	85	0.010632	0	0.426637	1
466	628	158	639	150	80	83	0.02215	0	0.356659	1
467	820	195	808	183	80	81	0.0460721	0	0.440181	2
468	80	282	51	278	80	81	0.01329	0	0.636569	2
469	506	57	491	52	80	81	0.0118133	0	0.128668	2
470	641	146	625	142	80	81	0.00945068	0	0.329571	2
471	519	57	498	52	80	81	0.0135854	0	0.128668	2
472	405	154	410	153	81	82	0.001772	0	0.34763	1
473	619	93	621	89	81	82	0.00531601	0	0.209932	1
474	407	185	428	184	81	83	0.00649734	0	0.417607	1
475	707	165	708	159	81	82	0.0109273	0	0.37246	1
476	666	110	668	105	81	82	0.00797401	0	0.248307	1
477	456	137	459	135	81	82	0.00206734	0	0.309255	1
478	624	127	629	125	81	82	0.002658	0	0.286682	1
479	603	110	609	106	81	82	0.00649734	0	0.248307	1
480	399	223	402	222	81	82	0.00118133	0	0.503386	1
481	181	169	185	165	81	82	0.00590667	0	0.38149	1
482	549	149	565	150	81	83	0.00502067	0	0.336343	1
483	263	111	265	109	81	82	0.001772	0	0.250564	1
484	277	113	279	111	81	82	0.001772	0	0.255079	1
485	666	127	669	123	81	82	0.00561134	0	0.286682	1
486	556	117	569	120	81	83	0.00649734	0	0.264108	1
487	635	176	642	173	81	82	0.00472534	0	0.397291	1
488	452	148	456	146	81	82	0.00236267	0	0.334086	1
489	645	99	647	95	81	82	0.00531601	0	0.223476	1
490	698	78	704	73	81	82	0.00915535	0	0.176072	1
491	403	211	406	209	81	82	0.00206734	0	0.476298	1
492	47	213	46	212	81	82	0.000590667	0	0.480813	2
493	466	204	489	201	81	83	0.00945068	0	0.460497	1
494	272	128	275	126	81	82	0.00206734	0	0.288939	1
495	454	206	457	202	81	82	0.00561134	0	0.465011	1
496	50	254	47	255	81	82	0.00118133	0	0.573363	2
497	815	133	821	126	81	82	0.0162434	0	0.300226	1
498	38	281	44	276	82	83	0.00915535	0	0.634312	1
499	188	155	204	153	82	83	0.00590667	0	0.349887	1
500	642	157	662	159	82	83	0.00708801	0	0.354402	1
501	29	262	38	263	82	83	0.00295334	0	0.591422	1
502	586	107	605	111	82	83	0.0103367	0	0.241535	1
503	605	171	623	171	82	83	0.00531601	0	0.386005	1
504	65	277	71	270	82	83	0.0162434	0	0.625282	1
505	621	159	640	161	82	83	0.00679268	0	0.358916	1
506	733	110	753	110	82	83	0.00590667	0	0.248307	1
507	615	169	635	169	82	83	0.00590667	0	0.38149	1
508	623	112	642	113	82	83	0.00590667	0	0.252822	1
509	806	53	825	56	82	83	0.00826934	0	0.119639	1
510	610	94	629	95	82	83	0.00590667	0	0.21219	1
511	652	83	669	84	82	83	0.00531601	0	0.187359	1
512	483	228	500	228	82	83	0.00502067	0	0.514673	1
513	49	280	54	275	82	83	0.00886001	0	0.632054	1
514	570	107	585	108	82	83	0.00472534	0	0.241535	1
515	174	227	188	228	82	83	0.00443001	0	0.512415	1
516	29	219	40	218	83	84	0.003544	0	0.494357	1
517	422	211	440	213	83	84	0.00649734	0	0.476298	1
518	743	118	764	121	83	84	0.00886001	0	0.266366	1
519	729	110	752	112	83	84	0.00797401	0	0.248307	1
520	440	194	449	210	83	85	0.0782634	0	0.437923	1
521	295	313	297	329	83	85	0.0761961	0	0.706546	1
522	689	135	708	139	83	84	0.0103367	0	0.30474	1
523	68	232	78	233	83	84	0.00324867	0	0.523702	1
524	699	83	725	86	83	84	0.0103367	0	0.187359	1
525	665	74	690	78	83	84	0.0121087	0	0.167043	1
526	288	100	299	115	83	85	0.0696988	0	0.225734	1
527	673	86	666	102	84	85	0.0776728	0	0.194131	2
528	446	187	436	202	84	85	0.0694034	0	0.422122	2
529	652	179	647	188	84	85	0.0253987	0	0.404063	2
530	503	209	492	219	84	85	0.032782	0	0.471783	2
531	55	202	43	211	84	85	0.027466	0	0.455982	2
532	509	115	497	102	84	86	0.0534554	0	0.259594	2
533	772	174	763	184	84	85	0.0321914	0	0.392777	2
534	524	28	527	46	84	85	0.0965741	0	0.0632054	1
535	671	76	665	92	84	85	0.0773774	0	0.171558	2
536	451	134	445	150	84	85	0.0773774	0	0.302483	2
537	317	116	311	127	84	85	0.0375074	0	0.261851	2
538	504	126	471	149	84	86	0.165978	0	0.284424	2
539	798	151	797	160	84	85	0.0242174	0	0.340858	2
540	473	162	466	178	84	85	0.0776728	0	0.365688	2
541	541	145	516	144	85	86	0.00767868	0	0.327314	2
542	222	168	179	163	85	88	0.0200827	0	0.379233	2
543	701	79	673	70	85	88	0.0321914	0	0.17833	2
544	619	171	612	162	85	89	0.0259894	0	0.386005	2
545	520	169	496	168	85	86	0.00738334	0	0.38149	2
546	634	153	603	155	85	86	0.0103367	0	0.345372	2
547	763	135	731	133	85	86	0.010632	0	0.30474	2
548	671	153	640	151	85	86	0.0103367	0	0.345372	2
549	542	180	501	186	85	87	0.0227407	0	0.406321	2
550	534	155	506	154	85	86	0.00856468	0	0.349887	2
551	446	200	406	194	85	88	0.0224454	0	0.451467	2
552	515	97	491	96	85	86	0.00738334	0	0.218962	2
553	530	167	503	169	85	86	0.00915535	0	0.376975	2
554	749	126	717	124	85	86	0.010632	0	0.284424	2
555	753	138	721	136	85	86	0.010632	0	0.311512	2
556	768	165	750	140	85	86	0.1899	0	0.37246	2
557	739	96	692	94	85	87	0.015062	0	0.216704	2
558	70	271	30	272	85	86	0.0121087	0	0.611738	2
559	407	168	392	164	86	87	0.00915535	0	0.379233	2
560	538	138	521	137	86	87	0.00531601	0	0.311512	2
561	756	122	753	108	86	88	0.0587714	0	0.275395	2
562	431	148	429	143	86	88	0.00797401	0	0.334086	2
563	724	95	714	68	86	89	0.218252	0	0.214447	2
564	500	48	484	47	86	87	0.00502067	0	0.108352	2
565	473	218	475	208	86	88	0.030124	0	0.492099	1
566	417	159	402	157	86	87	0.00561134	0	0.358916	2
567	601	129	632	119	86	89	0.0386887	0	0.291196	1
568	453	177	440	178	86	87	0.00413467	0	0.399549	2
569	512	48	509	43	86	88	0.00826934	0	0.108352	2
570	616	188	596	185	86	87	0.00856468	0	0.424379	2
571	542	183	520	180	86	87	0.00915535	0	0.413093	2
572	818	401	802	396	86	87	0.0121087	0	0.905192	2
573	151	185	208	178	86	90	0.0313054	0	0.417607	1
574	449	216	438	207	86	87	0.0271707	0	0.487585	2
575	757	171	738	166	86	87	0.0129947	0	0.386005	2
576	686	122	670	117	86	87	0.0121087	0	0.275395	2
577	197	160	186	155	86	88	0.010632	0	0.361174	2
578	414	149	411	144	86	88	0.00826934	0	0.336343	2
579	412	169	427	163	87	88	0.015062	0	0.38149	1
580	537	126	580	117	87	89	0.0366214	0	0.284424	1
581	767	127	769	120	87	88	0.015062	0	0.286682	1
582	405	183	419	176	87	88	0.018606	0	0.413093	1
583	528	151	540	144	87	88	0.0180154	0	0.340858	1
584	611	113	645	109	88	89	0.0147667	0	0.255079	1
585	399	172	430	168	88	89	0.0138807	0	0.388262	1
586	153	165	216	161	88	90	0.0233314	0	0.37246	1
587	455	192	489	189	88	89	0.0126994	0	0.433409	1
588	172	152	234	145	88	90	0.032782	0	0.343115	1
589	550	179	577	178	88	89	0.00826934	0	0.404063	1
590	687	166	673	187	88	89	0.134377	0	0.374718	2
591	403	161	469	158	88	90	0.02215	0	0.363431	1
592	522	133	564	130	88	89	0.015062	0	0.300226	1
593	797	101	823	99	88	89	0.00886001	0	0.227991	1
594	772	92	825	90	88	90	0.016834	0	0.207675	1
595	593	188	625	184	88	89	0.014176	0	0.424379	1
596	507	134	586	129	88	90	0.0307147	0	0.302483	1
597	394	200	424	196	88	89	0.0135854	0	0.451467	1
598	735	386	797	386	88	90	0.0183107	0	0.871332	1
599	265	325	325	321	88	90	0.0224454	0	0.733634	1
600	596	166	629	164	88	89	0.0109273	0	0.374718	1
601	687	146	679	156	88	89	0.031896	0	0.329571	2
602	392	182	456	178	88	90	0.0236267	0	0.410835	1
603	620	172	686	165	88	90	0.0339634	0	0.388262	1
604	694	400	753	400	88	90	0.0174247	0	0.902935	1
605	391	225	417	225	88	89	0.00767868	0	0.507901	1
606	606	187	640	183	88	89	0.0147667	0	0.422122	1
607	256	111	319	106	88	90	0.0259894	0	0.250564	1
608	632	107	700	104	88	90	0.0227407	0	0.241535	1
609	819	182	797	124	88	89	1	0	0.410835	2
610	161	225	191	223	88	89	0.0100413	0	0.507901	1
611	461	155	464	140	88	89	0.0673361	0	0.349887	1
612	497	205	531	204	89	90	0.0103367	0	0.462754	1
613	748	110	785	110	89	90	0.0109273	0	0.248307	1
614	630	174	663	172	89	90	0.0109273	0	0.392777	1
615	762	82	752	70	89	90	0.0454814	0	0.185102	2
616	635	104	668	103	89	90	0.0100413	0	0.234763	1
617	655	88	691	87	89	90	0.0109273	0	0.198646	1
618	677	130	667	137	89	90	0.0174247	0	0.293454	2
619	429	228	452	228	89	90	0.00679268	0	0.514673	1
620	486	115	522	114	89	90	0.0109273	0	0.259594	1
621	556	111	591	113	89	90	0.011518	0	0.250564	1
622	203	138	234	136	89	90	0.0103367	0	0.311512	1
623	498	151	493	142	89	90	0.0253987	0	0.340858	2
624	24	221	44	217	89	90	0.010632	0	0.498871	1
625	488	176	516	182	89	90	0.0189014	0	0.397291	1
626	197	443	221	443	89	90	0.00708801	0	1	1
627	692	70	692	82	89	90	0.0425281	0	0.158014	1
628	736	112	774	113	89	90	0.011518	0	0.252822	1
629	516	218	548	218	89	90	0.00945068	0	0.492099	1