
0	373	206	367	213	97	101	0.0766017	0	0.452747	2
1	409	287	404	288	97	98	0.00835655	0	0.630769	2
2	325	213	325	211	97	98	0.00557103	0	0.468132	1
3	250	182	250	179	97	98	0.0125348	0	0.4	1
4	495	177	492	176	97	98	0.00557103	0	0.389011	2
5	368	223	367	223	97	98	0.00139276	0	0.49011	2
6	769	76	769	78	97	110	0.00557103	0	0.167033	1
7	126	173	132	166	97	100	0.0766017	0	0.38022	1
8	273	190	276	187	98	100	0.0167131	0	0.417582	1
9	497	207	492	210	98	100	0.0194986	0	0.454945	2
10	180	352	186	347	98	99	0.0431755	0	0.773626	1
11	277	175	277	174	98	99	0.00139276	0	0.384615	1
12	332	247	335	244	98	99	0.0167131	0	0.542857	1
13	228	252	228	251	98	99	0.00139276	0	0.553846	1
14	381	194	381	196	98	99	0.00557103	0	0.426374	1
15	296	144	298	142	98	99	0.00835655	0	0.316484	1
16	278	208	281	203	98	100	0.0389972	0	0.457143	1
17	379	266	375	264	98	99	0.0111421	0	0.584615	2
18	281	164	281	160	98	99	0.0222841	0	0.36044	1
19	333	221	332	219	98	99	0.00696379	0	0.485714	2
20	286	140	287	139	99	100	0.00278552	0	0.307692	1
21	396	281	393	285	99	105	0.0264624	0	0.617582	2
22	390	271	389	274	99	100	0.0139276	0	0.595604	2
23	293	172	294	171	99	100	0.00278552	0	0.378022	1
24	249	203	249	200	99	100	0.0125348	0	0.446154	1
25	248	175	247	168	99	101	0.0696379	0	0.384615	2
26	121	206	118	198	99	100	0.0933148	0	0.452747	2
27	380	278	372	274	99	101	0.0334262	0	0.610989	2
28	268	211	270	206	99	100	0.0376045	0	0.463736	1
29	772	92	763	98	99	121	0.0626741	0	0.202198	2
30	217	252	213	250	99	100	0.0111421	0	0.553846	2
31	191	342	203	342	100	104	0.0167131	0	0.751648	1
32	252	218	252	214	100	101	0.0222841	0	0.479121	1
33	609	33	609	33	100	106	0	0	0.0725275	1
34	379	198	376	197	100	101	0.00557103	0	0.435165	2
35	286	153	285	150	100	101	0.0139276	0	0.336264	2
36	338	227	326	224	100	103	0.0292479	0	0.498901	2
37	296	45	295	46	100	101	0.00278552	0	0.0989011	2
38	169	322	174	320	100	101	0.0125348	0	0.707692	1
39	254	235	253	234	100	101	0.00278552	0	0.516484	2
40	398	295	398	296	100	104	0.00139276	0	0.648352	1
41	369	251	366	252	100	101	0.00557103	0	0.551648	2
42	107	189	110	188	100	101	0.00557103	0	0.415385	1
43	147	163	202	154	100	112	0.189415	0	0.358242	1
44	385	261	381	263	100	103	0.0111421	0	0.573626	2
45	237	170	236	167	100	101	0.0139276	0	0.373626	2
46	120	216	149	203	100	104	0.275766	0	0.474725	1
47	296	157	295	154	100	101	0.0139276	0	0.345055	2
48	491	163	471	161	100	106	0.0334262	0	0.358242	2
49	303	135	306	132	100	102	0.0167131	0	0.296703	1
50	491	212	486	215	101	105	0.0194986	0	0.465934	2
51	110	455	109	454	101	102	0.00278552	0	1	2
52	291	138	293	137	101	102	0.00417827	0	0.303297	1
53	120	189	123	182	101	102	0.0724234	0	0.415385	1
54	282	198	285	195	101	102	0.0167131	0	0.435165	1
55	386	176	383	176	101	102	0.00417827	0	0.386813	2
56	390	276	389	276	101	103	0.00139276	0	0.606593	2
57	152	194	190	189	101	110	0.0877437	0	0.426374	1
58	271	199	272	195	101	102	0.0236769	0	0.437363	1
59	250	196	250	194	101	102	0.00557103	0	0.430769	1
60	187	323	203	317	101	104	0.0724234	0	0.70989	1
61	479	176	468	177	101	104	0.0167131	0	0.386813	2
62	387	201	380	197	101	103	0.0320334	0	0.441758	2
63	329	241	321	240	102	103	0.0125348	0	0.52967	2
64	338	265	335	266	102	104	0.00557103	0	0.582418	2
65	343	217	341	218	102	104	0.00417827	0	0.476923	2
66	303	149	304	147	102	103	0.00696379	0	0.327473	1
67	366	216	360	217	102	105	0.0097493	0	0.474725	2
68	183	320	193	317	102	104	0.0264624	0	0.703297	1
69	357	149	356	146	102	103	0.0139276	0	0.327473	2
70	123	392	162	390	102	106	0.0598886	0	0.861538	1
71	292	166	292	163	102	103	0.0125348	0	0.364835	1
72	372	274	368	276	102	103	0.0111421	0	0.602198	2
73	238	165	238	162	102	103	0.0125348	0	0.362637	1
74	249	166	249	163	102	103	0.0125348	0	0.364835	1
75	168	329	188	325	102	106	0.0501393	0	0.723077	1
76	340	243	338	243	102	103	0.00278552	0	0.534066	2
77	108	414	105	415	103	114	0.00557103	0	0.90989	2
78	206	259	206	260	103	105	0.00139276	0	0.569231	1
79	294	140	296	137	103	104	0.0153203	0	0.307692	1
80	145	172	148	169	103	104	0.0167131	0	0.378022	1
81	284	183	286	180	103	104	0.0153203	0	0.402198	1
82	324	211	321	210	103	104	0.00557103	0	0.463736	2
83	130	403	163	403	103	106	0.045961	0	0.885714	1
84	263	143	264	143	103	105	0.00139276	0	0.314286	1
85	102	455	102	454	103	104	0.00139276	0	1	1
86	231	216	232	215	103	104	0.00278552	0	0.474725	1
87	313	176	315	175	103	104	0.00417827	0	0.386813	1
88	309	130	311	128	103	104	0.00835655	0	0.285714	1
89	145	162	149	160	103	104	0.0111421	0	0.356044	1
90	519	211	510	213	103	104	0.0181058	0	0.463736	2
91	222	250	222	246	103	106	0.0222841	0	0.549451	1
92	209	299	397	284	103	131	0.575209	0	0.657143	1
93	364	268	367	268	104	110	0.00417827	0	0.589011	1
94	357	186	345	183	104	108	0.0292479	0	0.408791	2
95	261	207	262	204	104	105	0.0139276	0	0.454945	1
96	343	169	342	166	104	105	0.0139276	0	0.371429	2
97	367	281	366	283	104	107	0.00696379	0	0.617582	2
98	371	159	363	158	104	107	0.0125348	0	0.349451	2
99	352	226	351	227	104	105	0.00278552	0	0.496703	2
100	226	168	224	168	104	109	0.00278552	0	0.369231	2
101	215	265	215	264	104	106	0.00139276	0	0.582418	1
102	334	267	332	268	105	107	0.00417827	0	0.586813	2
103	341	218	339	218	105	106	0.00278552	0	0.479121	2
104	144	179	154	180	105	106	0.0153203	0	0.393407	1
105	383	233	378	231	105	107	0.0125348	0	0.512088	2
106	289	135	289	134	105	106	0.00139276	0	0.296703	1
107	152	168	161	167	105	107	0.0139276	0	0.369231	1
108	198	317	201	316	105	106	0.00557103	0	0.696703	1
109	381	264	379	264	105	106	0.00278552	0	0.58022	2
110	291	190	299	183	105	108	0.0793872	0	0.417582	1
111	356	144	353	143	105	106	0.00557103	0	0.316484	2
112	204	353	215	347	105	106	0.0654596	0	0.775824	1
113	291	179	293	177	105	106	0.00835655	0	0.393407	1
114	279	138	281	139	105	106	0.00417827	0	0.303297	1
115	474	182	450	173	105	111	0.14624	0	0.4	2
116	270	230	276	227	105	106	0.0208914	0	0.505495	1
117	263	172	253	177	105	115	0.0487465	0	0.378022	2
118	252	204	253	203	105	106	0.00278552	0	0.448352	1
119	298	32	305	33	105	110	0.0111421	0	0.0703297	1
120	532	117	530	116	105	107	0.00417827	0	0.257143	2
121	208	318	220	317	105	108	0.0181058	0	0.698901	1
122	199	447	190	454	105	129	0.0807799	0	0.982418	2
123	666	372	676	373	105	113	0.0153203	0	0.817582	1
124	383	281	378	273	105	108	0.0961003	0	0.617582	2
125	221	177	219	182	105	112	0.0376045	0	0.389011	2
126	486	216	483	215	106	107	0.00557103	0	0.474725	2
127	297	230	292	225	106	107	0.0417827	0	0.505495	2
128	264	202	265	200	106	107	0.00696379	0	0.443956	1
129	114	455	114	454	106	108	0.00139276	0	1	1
130	309	146	311	147	106	107	0.00417827	0	0.320879	1
131	334	160	332	158	106	107	0.00835655	0	0.351648	2
132	359	217	357	216	106	107	0.00417827	0	0.476923	2
133	102	455	102	454	106	108	0.00139276	0	1	1
134	470	199	460	201	106	109	0.0194986	0	0.437363	2
135	362	193	359	193	106	107	0.00417827	0	0.424176	2
136	263	241	264	241	106	107	0.00139276	0	0.52967	1
137	316	124	328	121	106	110	0.0292479	0	0.272527	1
138	234	156	233	156	106	108	0.00139276	0	0.342857	2
139	763	48	779	44	106	125	0.0445682	0	0.105495	1
140	279	190	285	187	106	108	0.0208914	0	0.417582	1
141	167	397	174	395	107	111	0.0153203	0	0.872527	1
142	290	132	290	130	107	109	0.00557103	0	0.29011	1
143	165	179	176	174	107	108	0.0501393	0	0.393407	1
144	227	342	254	338	107	111	0.0598886	0	0.751648	1
145	392	277	391	272	107	108	0.0362117	0	0.608791	2
146	301	50	307	50	107	111	0.00835655	0	0.10989	1
147	200	351	203	348	107	108	0.0167131	0	0.771429	1
148	175	180	194	169	107	109	0.194986	0	0.395604	1
149	328	217	324	215	107	108	0.0111421	0	0.476923	2
150	302	217	298	214	107	108	0.0181058	0	0.476923	2
151	454	175	439	170	107	111	0.0557103	0	0.384615	2
152	363	234	361	232	107	108	0.00835655	0	0.514286	2
153	376	221	360	203	107	121	0.473538	0	0.485714	2
154	380	175	380	176	107	108	0.00139276	0	0.384615	1
155	342	150	339	149	107	108	0.00557103	0	0.32967	2
156	376	230	360	212	108	121	0.473538	0	0.505495	2
157	356	215	354	211	108	110	0.0250696	0	0.472527	2
158	480	215	473	214	108	109	0.0111421	0	0.472527	2
159	346	228	346	228	108	109	0	0	0.501099	1
160	176	406	226	392	108	116	0.342618	0	0.892308	1
161	365	283	366	282	108	109	0.00278552	0	0.621978	1
162	309	131	314	130	108	109	0.00835655	0	0.287912	1
163	271	226	274	229	108	109	0.0167131	0	0.496703	1
164	215	225	202	230	108	112	0.0529248	0	0.494505	2
165	329	134	335	133	108	109	0.0097493	0	0.294505	1
166	234	169	227	173	108	115	0.0320334	0	0.371429	2
167	319	238	315	237	108	109	0.00696379	0	0.523077	2
168	386	224	386	221	108	111	0.0125348	0	0.492308	1
169	311	251	297	261	109	112	0.158774	0	0.551648	2
170	297	166	300	163	109	112	0.0167131	0	0.364835	1
171	226	318	231	318	109	110	0.00696379	0	0.698901	1
172	209	346	230	345	109	112	0.0306407	0	0.76044	1
173	289	186	292	187	109	110	0.00557103	0	0.408791	1
174	303	177	306	175	109	111	0.0097493	0	0.389011	1
175	695	343	697	343	109	110	0.00278552	0	0.753846	1
176	250	234	254	234	109	110	0.00557103	0	0.514286	1
177	368	174	363	178	109	112	0.0292479	0	0.382418	2
178	234	159	231	162	109	113	0.0167131	0	0.349451	2
179	309	199	298	196	109	112	0.0278552	0	0.437363	2
180	236	230	219	234	109	117	0.045961	0	0.505495	2
181	392	269	390	267	109	110	0.00835655	0	0.591209	2
182	286	140	288	140	109	110	0.00278552	0	0.307692	1
183	607	26	607	27	109	110	0.00139276	0	0.0571429	1
184	216	320	227	319	109	111	0.0167131	0	0.703297	1
185	330	266	316	265	109	111	0.0208914	0	0.584615	2
186	384	180	369	180	109	115	0.0208914	0	0.395604	2
187	234	147	215	149	109	116	0.0320334	0	0.323077	2
188	357	158	350	160	109	111	0.0153203	0	0.347253	2
189	611	89	610	95	109	135	0.051532	0	0.195604	2
190	312	187	312	183	109	113	0.0222841	0	0.410989	1
191	311	213	277	211	109	116	0.0529248	0	0.468132	2
192	206	396	250	396	109	121	0.0612813	0	0.87033	1
193	353	276	336	268	110	112	0.112813	0	0.606593	2
194	346	231	345	231	110	111	0.00139276	0	0.507692	2
195	464	214	454	211	110	111	0.0264624	0	0.47033	2
196	284	219	282	217	110	111	0.00835655	0	0.481319	2
197	368	282	369	279	110	111	0.0139276	0	0.61978	1
198	195	166	203	162	110	111	0.0334262	0	0.364835	1
199	320	216	311	215	110	112	0.0139276	0	0.474725	2
200	320	133	323	133	110	111	0.00417827	0	0.292308	1
201	335	218	330	219	110	115	0.00835655	0	0.479121	2
202	259	252	261	251	110	112	0.00417827	0	0.553846	1
203	291	130	291	130	110	111	0	0	0.285714	1
204	293	177	294	177	110	111	0.00139276	0	0.389011	1
205	159	191	165	192	110	111	0.0097493	0	0.41978	1
206	533	118	532	120	110	111	0.00696379	0	0.259341	2
207	686	346	695	339	110	113	0.0807799	0	0.76044	1
208	224	170	218	170	110	114	0.00835655	0	0.373626	2
209	330	183	330	182	110	112	0.00139276	0	0.402198	1
210	232	306	261	303	110	115	0.0529248	0	0.672527	1
211	342	135	342	129	111	115	0.0501393	0	0.296703	1
212	237	318	248	317	111	113	0.0167131	0	0.698901	1
213	195	187	202	185	111	112	0.0153203	0	0.410989	1
214	369	268	366	261	111	114	0.0724234	0	0.589011	2
215	315	200	309	199	111	112	0.0097493	0	0.43956	2
216	308	33	317	33	111	121	0.0125348	0	0.0725275	1
217	192	165	198	162	111	112	0.0208914	0	0.362637	1
218	284	178	286	178	111	112	0.00278552	0	0.391209	1
219	274	175	271	175	111	113	0.00417827	0	0.384615	2
220	302	119	302	122	111	119	0.0125348	0	0.261538	1
221	248	310	270	307	111	115	0.0431755	0	0.681319	1
222	285	78	292	76	111	113	0.0153203	0	0.171429	1
223	520	93	515	91	112	114	0.0125348	0	0.204396	2
224	326	132	326	129	112	113	0.0125348	0	0.29011	1
225	305	174	304	172	112	113	0.00696379	0	0.382418	2
226	674	390	679	390	112	117	0.00696379	0	0.857143	1
227	354	222	353	218	112	113	0.0236769	0	0.487912	2
228	385	266	382	267	112	113	0.00557103	0	0.584615	2
229	687	324	690	321	112	114	0.0167131	0	0.712088	1
230	477	222	460	209	112	115	0.259053	0	0.487912	2
231	307	265	294	264	112	113	0.0194986	0	0.582418	2
232	232	313	244	314	112	114	0.0181058	0	0.687912	1
233	703	343	705	341	112	113	0.00835655	0	0.753846	1
234	181	391	187	386	112	113	0.0431755	0	0.859341	1
235	445	172	418	172	112	116	0.0376045	0	0.378022	2
236	385	219	384	217	112	113	0.00696379	0	0.481319	2
237	250	261	249	259	112	113	0.00696379	0	0.573626	2
238	317	167	316	164	112	113	0.0139276	0	0.367033	2
239	279	214	273	212	113	114	0.0139276	0	0.47033	2
240	359	178	355	177	113	114	0.00696379	0	0.391209	2
241	200	233	188	239	113	120	0.0668524	0	0.512088	2
242	331	169	330	166	113	114	0.0139276	0	0.371429	2
243	437	201	393	205	113	118	0.0835655	0	0.441758	2
244	167	206	174	205	113	114	0.0111421	0	0.452747	1
245	259	250	261	247	113	114	0.0153203	0	0.549451	1
246	610	30	610	29	113	114	0.00139276	0	0.0659341	1
247	680	339	683	337	113	114	0.0097493	0	0.745055	1
248	541	122	537	121	113	114	0.00696379	0	0.268132	2
249	302	82	300	80	113	115	0.00835655	0	0.18022	2
250	341	153	344	151	113	114	0.0097493	0	0.336264	1
251	529	126	524	126	113	115	0.00696379	0	0.276923	2
252	331	181	330	179	113	115	0.00696379	0	0.397802	2
253	380	277	369	279	113	116	0.0208914	0	0.608791	2
254	527	104	524	103	113	114	0.00557103	0	0.228571	2
255	328	130	323	135	114	117	0.0417827	0	0.285714	2
256	704	397	692	404	114	117	0.0849582	0	0.872527	2
257	230	162	205	165	114	119	0.0473538	0	0.356044	2
258	255	318	262	319	114	115	0.0111421	0	0.698901	1
259	258	356	270	355	114	115	0.0181058	0	0.782418	1
260	384	258	382	258	114	115	0.00278552	0	0.567033	2
261	300	206	295	205	114	115	0.00835655	0	0.452747	2
262	356	212	350	211	114	116	0.0097493	0	0.465934	2
263	311	49	311	47	114	115	0.00557103	0	0.107692	1
264	770	81	755	88	114	118	0.0891365	0	0.178022	2
265	314	146	308	146	114	115	0.00835655	0	0.320879	2
266	288	196	283	195	114	115	0.00835655	0	0.430769	2
267	281	260	269	255	114	115	0.051532	0	0.571429	2
268	697	337	699	338	114	116	0.00417827	0	0.740659	1
269	246	404	239	407	114	119	0.0222841	0	0.887912	2
270	299	128	296	130	114	116	0.0097493	0	0.281319	2
271	97	455	94	453	114	115	0.0097493	0	1	2
272	228	373	246	376	114	116	0.0376045	0	0.81978	1
273	257	227	257	227	114	115	0	0	0.498901	1
274	343	229	333	231	115	117	0.0194986	0	0.503297	2
275	513	92	493	99	115	119	0.0961003	0	0.202198	2
276	211	182	205	183	115	116	0.0097493	0	0.4	2
277	353	178	349	180	115	116	0.0111421	0	0.391209	2
278	329	153	328	154	115	116	0.00278552	0	0.336264	2
279	378	269	368	271	115	117	0.0194986	0	0.591209	2
280	694	383	690	385	115	116	0.0111421	0	0.841758	2
281	283	255	276	251	115	116	0.0320334	0	0.56044	2
282	681	365	676	369	115	117	0.0292479	0	0.802198	2
283	220	174	207	175	116	120	0.0194986	0	0.382418	2
284	253	179	250	179	116	117	0.00417827	0	0.393407	2
285	679	329	677	330	116	118	0.00417827	0	0.723077	2
286	340	130	335	132	116	117	0.0125348	0	0.285714	2
287	210	172	196	174	116	119	0.0250696	0	0.378022	2
288	281	351	310	328	116	120	0.777159	0	0.771429	1
289	317	132	309	138	116	118	0.0612813	0	0.29011	2
290	295	175	287	178	116	117	0.0236769	0	0.384615	2
291	269	322	273	323	116	117	0.00696379	0	0.707692	1
292	295	262	289	265	116	117	0.0208914	0	0.575824	2
293	378	260	368	259	116	118	0.0153203	0	0.571429	2
294	313	48	306	52	116	118	0.0320334	0	0.105495	2
295	222	382	231	385	116	117	0.0250696	0	0.83956	1
296	103	420	97	422	116	117	0.0139276	0	0.923077	2
297	778	97	779	103	116	130	0.051532	0	0.213187	1
298	277	194	260	194	116	118	0.0236769	0	0.426374	2
299	263	306	269	306	116	118	0.00835655	0	0.672527	1
300	290	214	280	216	116	117	0.0194986	0	0.47033	2
301	826	236	817	238	116	119	0.0181058	0	0.518681	2
302	365	181	358	184	116	118	0.0222841	0	0.397802	2
303	241	365	240	368	116	117	0.0139276	0	0.802198	2
304	271	358	279	352	116	117	0.0612813	0	0.786813	1
305	513	109	504	112	116	117	0.0250696	0	0.23956	2
306	811	222	805	223	116	117	0.0097493	0	0.487912	2
307	241	352	256	351	116	119	0.0222841	0	0.773626	1
308	211	160	196	162	116	119	0.0264624	0	0.351648	2
309	306	189	305	192	116	117	0.0139276	0	0.415385	2
310	72	442	89	435	116	123	0.091922	0	0.971429	1
311	806	95	821	95	116	127	0.0208914	0	0.208791	1
312	295	83	291	85	116	120	0.0111421	0	0.182418	2
313	113	423	107	425	116	117	0.0139276	0	0.92967	2
314	643	92	650	96	116	135	0.0320334	0	0.202198	1
315	274	266	262	260	117	121	0.0668524	0	0.584615	2
316	327	174	325	174	117	118	0.00278552	0	0.382418	2
317	246	251	240	253	117	120	0.0139276	0	0.551648	2
318	364	281	362	277	117	118	0.0250696	0	0.617582	2
319	198	186	193	186	117	118	0.00696379	0	0.408791	2
320	604	34	601	35	117	118	0.00557103	0	0.0747253	2
321	327	154	327	155	117	118	0.00139276	0	0.338462	1
322	324	185	320	186	117	118	0.00696379	0	0.406593	2
323	800	235	794	235	117	118	0.00835655	0	0.516484	2
324	263	319	270	317	117	118	0.0153203	0	0.701099	1
325	399	176	391	178	117	118	0.0167131	0	0.386813	2
326	251	206	242	204	117	119	0.0181058	0	0.452747	2
327	697	339	703	337	117	119	0.0139276	0	0.745055	1
328	597	45	595	46	117	118	0.00417827	0	0.0989011	2
329	321	137	328	135	118	121	0.0153203	0	0.301099	1
330	513	134	514	133	118	119	0.00278552	0	0.294505	1
331	320	127	326	125	118	121	0.0139276	0	0.279121	1
332	281	180	292	179	118	121	0.0167131	0	0.395604	1
333	270	217	267	214	118	119	0.0167131	0	0.476923	2
334	332	133	333	131	118	119	0.00696379	0	0.292308	1
335	310	128	310	127	118	119	0.00139276	0	0.281319	1
336	293	180	294	179	118	119	0.00278552	0	0.395604	1
337	261	250	258	248	118	120	0.0097493	0	0.549451	2
338	268	207	265	204	118	119	0.0167131	0	0.454945	2
339	498	134	494	131	118	119	0.0181058	0	0.294505	2
340	338	160	368	155	118	122	0.0766017	0	0.351648	1
341	308	196	314	196	118	119	0.00835655	0	0.430769	1
342	676	370	689	366	118	120	0.04039	0	0.813187	1
343	342	218	342	216	118	119	0.00557103	0	0.479121	1
344	258	210	259	190	118	126	0.558496	0	0.461538	1
345	390	204	393	204	119	122	0.00417827	0	0.448352	1
346	283	317	309	311	119	121	0.086351	0	0.696703	1
347	289	133	294	135	119	120	0.0125348	0	0.292308	1
348	794	233	797	229	119	121	0.0264624	0	0.512088	1
349	604	33	664	38	119	135	0.118384	0	0.0725275	1
350	299	202	318	203	119	121	0.0278552	0	0.443956	1
351	304	190	309	190	119	120	0.00696379	0	0.417582	1
352	399	181	403	164	119	125	0.408078	0	0.397802	1
353	92	422	100	421	119	121	0.0125348	0	0.927473	1
354	312	81	342	75	119	127	0.091922	0	0.178022	1
355	194	186	215	187	119	128	0.0306407	0	0.408791	1
356	389	178	389	176	119	120	0.00557103	0	0.391209	1
357	620	29	633	26	119	121	0.0306407	0	0.0637363	1
358	292	161	293	160	119	120	0.00278552	0	0.353846	1
359	263	394	299	396	119	121	0.0557103	0	0.865934	1
360	695	321	779	299	119	135	0.791086	0	0.705495	1
361	273	312	350	302	119	126	0.246518	0	0.685714	1
362	213	243	234	238	119	127	0.0640669	0	0.534066	1
363	353	156	388	148	119	123	0.137883	0	0.342857	1
364	103	424	111	423	119	121	0.0125348	0	0.931868	1
365	574	256	589	256	119	135	0.0208914	0	0.562637	1
366	684	305	692	307	119	121	0.0167131	0	0.67033	1
367	282	159	284	159	119	120	0.00278552	0	0.349451	1
368	237	282	240	281	120	121	0.00557103	0	0.61978	1
369	267	212	265	210	120	121	0.00835655	0	0.465934	2
370	338	230	341	229	120	121	0.00557103	0	0.505495	1
371	494	100	495	96	120	122	0.0236769	0	0.21978	1
372	338	130	346	127	120	122	0.0236769	0	0.285714	1
373	518	132	523	125	120	124	0.0752089	0	0.29011	1
374	209	165	212	165	120	121	0.00417827	0	0.362637	1
375	822	238	825	236	120	121	0.0097493	0	0.523077	1
376	266	202	265	200	120	121	0.00696379	0	0.443956	2
377	315	136	318	136	120	121	0.00417827	0	0.298901	1
378	315	49	320	49	120	121	0.00696379	0	0.107692	1
379	806	199	816	190	120	123	0.126741	0	0.437363	1
380	346	215	348	213	120	121	0.00835655	0	0.472527	1
381	698	404	701	402	120	121	0.0097493	0	0.887912	1
382	244	413	286	387	120	123	1	0	0.907692	1
383	377	254	403	238	120	123	0.392758	0	0.558242	1
384	256	193	256	192	120	121	0.00139276	0	0.424176	1
385	494	128	493	126	120	121	0.00696379	0	0.281319	2
386	363	242	373	239	120	122	0.0264624	0	0.531868	1
387	300	178	315	176	120	122	0.0264624	0	0.391209	1
388	220	170	224	170	120	121	0.00557103	0	0.373626	1
389	266	171	266	171	120	121	0	0	0.375824	1
390	307	216	317	217	120	121	0.0153203	0	0.474725	1
391	528	249	538	250	120	135	0.0153203	0	0.547253	1
392	207	228	209	230	121	122	0.00835655	0	0.501099	1
393	244	254	235	244	121	128	0.151811	0	0.558242	2
394	191	237	192	230	121	122	0.0696379	0	0.520879	1
395	377	208	383	205	121	122	0.0208914	0	0.457143	1
396	249	214	258	198	121	125	0.369081	0	0.47033	1
397	387	177	388	174	121	122	0.0139276	0	0.389011	1
398	401	192	407	182	121	125	0.147632	0	0.421978	1
399	321	193	327	193	121	122	0.00835655	0	0.424176	1
400	276	274	275	268	121	122	0.051532	0	0.602198	2
401	813	238	825	230	121	123	0.10585	0	0.523077	1
402	350	198	357	194	121	122	0.0320334	0	0.435165	1
403	215	154	221	153	121	122	0.0097493	0	0.338462	1
404	662	176	670	172	122	123	0.0334262	0	0.386813	1
405	334	134	349	130	122	124	0.0431755	0	0.294505	1
406	246	280	253	275	122	123	0.0445682	0	0.615385	1
407	338	166	351	157	122	124	0.130919	0	0.364835	1
408	267	208	271	202	122	123	0.0557103	0	0.457143	1
409	300	177	310	171	122	123	0.0640669	0	0.389011	1
410	217	175	226	170	122	123	0.0473538	0	0.384615	1
411	332	124	340	121	122	123	0.0236769	0	0.272527	1
412	323	308	349	298	122	124	0.175487	0	0.676923	1
413	285	174	289	173	122	123	0.00696379	0	0.382418	1
414	364	212	373	207	122	123	0.0473538	0	0.465934	1
415	801	228	811	230	122	126	0.0194986	0	0.501099	1
416	224	163	232	158	122	123	0.045961	0	0.358242	1
417	319	253	335	245	122	124	0.111421	0	0.556044	1
418	314	388	325	383	122	123	0.0501393	0	0.852747	1
419	287	160	290	157	122	123	0.0167131	0	0.351648	1
420	495	125	505	124	122	124	0.0153203	0	0.274725	1
421	321	159	330	153	122	123	0.0626741	0	0.349451	1
422	812	209	819	202	122	124	0.0779944	0	0.459341	1
423	279	210	285	208	122	123	0.0139276	0	0.461538	1
424	261	190	271	179	122	124	0.182451	0	0.417582	1
425	304	85	313	80	122	123	0.0473538	0	0.186813	1
426	333	310	372	305	122	127	0.0891365	0	0.681319	1
427	505	91	508	85	122	125	0.0543175	0	0.2	1
428	338	201	354	196	122	123	0.0571031	0	0.441758	1
429	322	243	332	238	122	123	0.0487465	0	0.534066	1
430	494	41	497	44	122	135	0.0167131	0	0.0901099	1
431	806	45	809	48	122	135	0.0167131	0	0.0989011	1
432	367	202	384	193	122	124	0.13649	0	0.443956	1
433	568	92	570	95	122	135	0.0153203	0	0.202198	1
434	222	214	226	216	122	127	0.0111421	0	0.47033	1
435	502	143	508	142	122	123	0.0097493	0	0.314286	1
436	413	176	413	168	122	126	0.0891365	0	0.386813	1
437	107	455	109	453	123	125	0.00835655	0	1	1
438	355	123	361	120	123	124	0.0208914	0	0.27033	1
439	396	197	400	192	123	124	0.04039	0	0.432967	1
440	800	184	797	179	123	125	0.0389972	0	0.404396	2
441	338	395	341	394	123	125	0.00557103	0	0.868132	1
442	316	152	324	148	123	124	0.0334262	0	0.334066	1
443	317	131	323	142	123	127	0.17688	0	0.287912	1
444	211	229	227	222	123	135	0.0905292	0	0.503297	1
445	499	90	501	87	123	124	0.0153203	0	0.197802	1
446	776	80	763	91	123	132	0.18663	0	0.175824	2
447	570	454	574	452	123	125	0.0111421	0	0.997802	1
448	349	142	355	141	123	124	0.0097493	0	0.312088	1
449	347	172	352	167	123	124	0.0417827	0	0.378022	1
450	328	395	332	396	123	126	0.00696379	0	0.868132	1
451	388	207	396	207	123	126	0.0111421	0	0.454945	1
452	776	94	770	105	123	135	0.17688	0	0.206593	2
453	339	45	347	41	123	124	0.0334262	0	0.0989011	1
454	117	32	112	39	123	135	0.0752089	0	0.0703297	2
455	259	364	251	373	123	135	0.123955	0	0.8	2
456	461	38	456	45	123	135	0.0752089	0	0.0835165	2
457	676	169	675	172	124	126	0.0139276	0	0.371429	2
458	274	197	269	197	124	126	0.00696379	0	0.432967	2
459	258	271	257	269	124	125	0.00696379	0	0.595604	2
460	122	410	120	415	124	126	0.0376045	0	0.901099	2
461	401	257	398	259	124	126	0.0097493	0	0.564835	2
462	347	193	348	193	124	125	0.00139276	0	0.424176	1
463	379	203	381	203	124	125	0.00278552	0	0.446154	1
464	320	167	324	171	124	126	0.0278552	0	0.367033	1
465	293	173	292	177	124	125	0.0236769	0	0.38022	2
466	347	120	351	125	124	126	0.04039	0	0.263736	1
467	407	231	405	229	124	125	0.00835655	0	0.507692	2
468	396	247	387	250	124	127	0.0250696	0	0.542857	2
469	336	161	337	160	124	125	0.00278552	0	0.353846	1
470	308	221	306	222	124	125	0.00417827	0	0.485714	2
471	288	187	286	185	124	125	0.00835655	0	0.410989	2
472	337	181	336	188	124	127	0.0696379	0	0.397802	2
473	352	342	357	342	124	125	0.00696379	0	0.751648	1
474	286	160	286	162	124	125	0.00557103	0	0.351648	1
475	330	311	337	312	124	125	0.0111421	0	0.683516	1
476	238	158	239	159	124	125	0.00278552	0	0.347253	1
477	134	413	132	417	124	126	0.0250696	0	0.907692	2
478	339	204	343	203	124	125	0.00696379	0	0.448352	1
479	350	177	340	182	124	129	0.0487465	0	0.389011	2
480	378	153	379	157	124	125	0.0236769	0	0.336264	1
481	351	132	353	135	125	126	0.0153203	0	0.29011	1
482	394	215	394	217	125	126	0.00557103	0	0.472527	1
483	365	194	370	194	125	126	0.00696379	0	0.426374	1
484	350	32	337	37	125	130	0.0529248	0	0.0703297	2
485	355	300	360	304	125	128	0.0292479	0	0.659341	1
486	352	157	339	164	125	129	0.086351	0	0.345055	2
487	342	241	337	244	125	128	0.0194986	0	0.52967	2
488	251	158	252	163	125	126	0.0362117	0	0.347253	1
489	498	89	494	92	125	126	0.0181058	0	0.195604	2
490	364	121	365	124	125	126	0.0139276	0	0.265934	1
491	316	222	314	225	125	126	0.0153203	0	0.487912	2
492	387	193	384	199	125	130	0.0543175	0	0.424176	2
493	364	245	362	252	125	127	0.0710306	0	0.538462	2
494	198	203	201	202	125	126	0.00557103	0	0.446154	1
495	506	125	504	129	125	126	0.0250696	0	0.274725	2
496	339	149	338	152	125	126	0.0139276	0	0.327473	2
497	795	80	784	93	125	135	0.250696	0	0.175824	2
498	293	221	294	223	126	127	0.00696379	0	0.485714	1
499	385	205	383	206	126	127	0.00417827	0	0.450549	2
500	360	336	361	335	126	127	0.00278552	0	0.738462	1
501	404	233	399	236	126	127	0.0194986	0	0.512088	2
502	341	334	355	335	126	130	0.0208914	0	0.734066	1
503	339	162	335	164	126	127	0.0111421	0	0.356044	2
504	359	194	376	197	126	135	0.0362117	0	0.426374	1
505	286	179	272	185	126	128	0.0696379	0	0.393407	2
506	375	323	380	322	126	129	0.00835655	0	0.70989	1
507	310	182	306	185	126	127	0.0181058	0	0.4	2
508	275	167	267	171	126	127	0.0334262	0	0.367033	2
509	287	158	275	165	126	128	0.0849582	0	0.347253	2
510	403	164	398	166	126	127	0.0125348	0	0.36044	2
511	347	206	345	206	126	127	0.00278552	0	0.452747	2
512	364	179	357	182	126	128	0.0222841	0	0.393407	2
513	324	225	305	232	126	129	0.0947075	0	0.494505	2
514	398	191	393	193	127	128	0.0125348	0	0.41978	2
515	671	176	662	179	127	128	0.0250696	0	0.386813	2
516	397	150	380	153	127	129	0.0362117	0	0.32967	2
517	351	130	344	133	127	128	0.0222841	0	0.285714	2
518	323	175	321	172	127	132	0.0153203	0	0.384615	2
519	488	97	449	111	127	135	0.327298	0	0.213187	2
520	370	195	367	192	127	131	0.0167131	0	0.428571	2
521	336	402	329	403	127	128	0.0111421	0	0.883516	2
522	265	199	256	201	127	128	0.0181058	0	0.437363	2
523	372	256	344	262	127	129	0.0891365	0	0.562637	2
524	392	260	381	259	127	128	0.0167131	0	0.571429	2
525	248	168	241	171	127	128	0.0222841	0	0.369231	2
526	309	229	292	232	127	130	0.0362117	0	0.503297	2
527	368	325	368	324	127	128	0.00139276	0	0.714286	1
528	740	319	735	318	127	130	0.00835655	0	0.701099	2
529	406	250	402	248	127	132	0.0111421	0	0.549451	2
530	352	44	341	46	127	130	0.0208914	0	0.0967033	2
531	321	258	316	257	127	129	0.00835655	0	0.567033	2
532	326	389	317	392	127	128	0.0250696	0	0.854945	2
533	295	177	282	179	127	135	0.0236769	0	0.389011	2
534	351	140	344	143	127	128	0.0222841	0	0.307692	2
535	767	327	778	318	127	132	0.128134	0	0.718681	1
536	738	357	778	352	127	135	0.0905292	0	0.784615	1
537	248	265	236	260	127	128	0.051532	0	0.582418	2
538	285	384	281	387	127	135	0.0181058	0	0.843956	2
539	357	120	347	123	127	128	0.0264624	0	0.263736	2
540	396	210	396	209	127	131	0.00139276	0	0.461538	1
541	385	176	380	176	127	128	0.00696379	0	0.386813	2
542	355	211	350	212	127	130	0.00835655	0	0.463736	2
543	330	246	325	247	127	128	0.00835655	0	0.540659	2
544	261	182	244	185	127	129	0.0362117	0	0.4	2
545	367	338	370	336	128	129	0.0097493	0	0.742857	1
546	380	209	379	207	128	130	0.00696379	0	0.459341	2
547	350	319	359	316	128	130	0.0250696	0	0.701099	1
548	765	384	765	387	128	129	0.0125348	0	0.843956	1
549	803	238	770	233	128	134	0.0807799	0	0.523077	2
550	331	190	328	188	128	129	0.0097493	0	0.417582	2
551	652	24	647	25	128	129	0.00835655	0	0.0527473	2
552	341	202	339	202	128	130	0.00278552	0	0.443956	2
553	403	262	406	254	128	133	0.0933148	0	0.575824	1
554	261	183	253	184	128	129	0.0125348	0	0.402198	2
555	343	394	336	395	128	130	0.0111421	0	0.865934	2
556	231	182	224	181	128	129	0.0111421	0	0.4	2
557	241	204	232	206	128	130	0.0181058	0	0.448352	2
558	784	111	791	115	128	135	0.0320334	0	0.243956	1
559	655	180	662	178	129	134	0.0153203	0	0.395604	1
560	250	202	255	196	129	135	0.0571031	0	0.443956	1
561	392	194	393	193	129	130	0.00278552	0	0.426374	1
562	298	187	306	183	129	132	0.0334262	0	0.410989	1
563	100	423	108	422	129	133	0.0125348	0	0.92967	1
564	354	182	354	182	129	130	0	0	0.4	1
565	749	385	767	375	129	132	0.164345	0	0.846154	1
566	268	167	263	167	129	130	0.00696379	0	0.367033	2
567	298	173	306	169	129	132	0.0334262	0	0.38022	1
568	264	193	260	194	129	130	0.00696379	0	0.424176	2
569	389	240	394	240	129	131	0.00696379	0	0.527473	1
570	323	178	322	176	129	130	0.00696379	0	0.391209	2
571	237	174	235	173	129	130	0.00417827	0	0.382418	2
572	112	426	121	425	129	135	0.0139276	0	0.936264	1
573	72	447	82	446	129	135	0.0153203	0	0.982418	1
574	337	366	357	366	129	131	0.0278552	0	0.804396	1
575	770	393	773	393	130	131	0.00417827	0	0.863736	1
576	337	134	340	129	130	132	0.0389972	0	0.294505	1
577	323	166	326	166	130	131	0.00417827	0	0.364835	1
578	340	166	346	166	130	131	0.00835655	0	0.364835	1
579	302	233	304	233	130	131	0.00278552	0	0.512088	1
580	384	394	393	394	130	131	0.0125348	0	0.865934	1
581	327	187	335	183	130	132	0.0334262	0	0.410989	1
582	773	225	767	221	130	132	0.0306407	0	0.494505	2
583	332	155	335	155	130	131	0.00417827	0	0.340659	1
584	282	232	285	230	130	131	0.0097493	0	0.50989	1
585	373	246	378	243	130	131	0.0194986	0	0.540659	1
586	385	170	386	168	130	131	0.00696379	0	0.373626	1
587	247	186	247	186	130	131	0	0	0.408791	1
588	193	450	204	448	130	135	0.0208914	0	0.989011	1
589	219	268	233	259	130	133	0.132312	0	0.589011	1
590	345	43	362	45	131	135	0.0292479	0	0.0945055	1
591	263	169	265	168	131	132	0.00417827	0	0.371429	1
592	262	196	264	194	131	132	0.00835655	0	0.430769	1
593	233	206	235	203	131	132	0.0153203	0	0.452747	1
594	377	303	389	301	131	132	0.0222841	0	0.665934	1
595	342	33	357	36	131	135	0.0334262	0	0.0725275	1
596	350	181	356	179	131	132	0.0139276	0	0.397802	1
597	225	239	230	233	131	132	0.0571031	0	0.525275	1
598	371	160	372	159	131	132	0.00278552	0	0.351648	1
599	655	51	672	53	131	134	0.0292479	0	0.112088	1
600	369	316	380	314	131	132	0.0208914	0	0.694505	1
601	384	194	390	190	131	132	0.0306407	0	0.426374	1
602	339	81	347	80	131	132	0.0125348	0	0.178022	1
603	241	247	260	242	131	134	0.0612813	0	0.542857	1
604	355	213	361	212	131	132	0.0097493	0	0.468132	1
605	295	210	313	205	131	135	0.0598886	0	0.461538	1
606	387	158	390	156	131	132	0.0097493	0	0.347253	1
607	282	240	287	238	131	132	0.0125348	0	0.527473	1
608	469	103	459	106	131	135	0.0264624	0	0.226374	2
609	781	104	790	105	131	135	0.0139276	0	0.228571	1
610	761	323	767	320	131	132	0.0208914	0	0.70989	1
611	123	450	131	448	131	135	0.0167131	0	0.989011	1
612	370	224	376	220	131	132	0.0306407	0	0.492308	1
613	399	394	404	391	132	135	0.0194986	0	0.865934	1
614	409	339	423	338	132	133	0.0208914	0	0.745055	1
615	400	238	405	236	132	133	0.0125348	0	0.523077	1
616	314	138	315	135	132	133	0.0139276	0	0.303297	1
617	325	258	330	258	132	135	0.00696379	0	0.567033	1
618	336	245	341	244	132	135	0.00835655	0	0.538462	1
619	245	184	247	182	132	133	0.00835655	0	0.404396	1
620	304	139	304	139	132	135	0	0	0.305495	1
621	346	256	358	254	132	133	0.0222841	0	0.562637	1
622	389	167	392	164	132	133	0.0167131	0	0.367033	1
623	292	228	299	226	132	133	0.0153203	0	0.501099	1
624	335	264	340	263	132	135	0.00835655	0	0.58022	1
625	343	149	349	149	132	133	0.00835655	0	0.327473	1
626	337	140	337	139	133	134	0.00139276	0	0.307692	1
627	332	129	331	129	133	135	0.00139276	0	0.283516	2
628	326	171	328	169	133	134	0.00835655	0	0.375824	1
629	356	200	360	200	133	134	0.00557103	0	0.43956	1
630	468	143	467	143	133	134	0.00139276	0	0.314286	2
631	363	180	367	180	133	134	0.00557103	0	0.395604	1
632	342	127	341	126	133	135	0.00278552	0	0.279121	2
633	398	179	400	176	133	134	0.0153203	0	0.393407	1
634	455	140	451	137	133	134	0.0181058	0	0.307692	2
635	402	192	405	188	133	134	0.0264624	0	0.421978	1
636	373	183	378	183	133	134	0.00696379	0	0.402198	1
637	266	194	267	193	133	134	0.00278552	0	0.426374	1
638	309	227	316	227	133	134	0.0097493	0	0.498901	1
639	753	196	746	195	133	135	0.0111421	0	0.430769	2
640	368	237	377	235	133	134	0.0181058	0	0.520879	1
641	758	318	761	317	133	134	0.00557103	0	0.698901	1
642	766	91	770	92	133	135	0.00696379	0	0.2	1
643	761	56	764	57	133	135	0.00557103	0	0.123077	1
644	347	239	352	239	133	135	0.00696379	0	0.525275	1
645	295	236	301	234	133	134	0.0139276	0	0.518681	1
646	352	370	354	370	133	135	0.00278552	0	0.813187	1
647	773	320	776	319	133	134	0.00557103	0	0.703297	1
648	355	79	362	79	133	134	0.0097493	0	0.173626	1
649	97	422	98	421	133	134	0.00278552	0	0.927473	1
650	345	394	347	394	133	135	0.00278552	0	0.865934	1
651	467	119	461	121	133	135	0.0139276	0	0.261538	2
652	316	134	316	134	134	135	0	0	0.294505	1
653	110	422	110	422	134	135	0	0	0.927473	1
654	415	301	426	299	134	135	0.0208914	0	0.661538	1
655	365	255	374	256	134	135	0.0139276	0	0.56044	1
656	394	164	396	165	134	135	0.00417827	0	0.36044	1
657	264	172	263	174	134	135	0.00696379	0	0.378022	2
658	404	333	412	331	134	135	0.0167131	0	0.731868	1
659	245	188	245	187	134	135	0.00139276	0	0.413187	1
660	785	334	788	334	134	135	0.00417827	0	0.734066	1
661	317	148	316	149	134	135	0.00278552	0	0.325275	2
662	405	313	415	312	134	135	0.0153203	0	0.687912	1
663	306	224	306	225	134	135	0.00139276	0	0.492308	1
664	414	287	422	285	134	135	0.0167131	0	0.630769	1
665	357	150	363	150	134	135	0.00835655	0	0.32967	1