
0	423	157	420	156	142	143	0.0192308	0	0.345055	2
1	436	147	435	147	142	143	0.00480769	0	0.323077	2
2	484	115	482	114	142	143	0.0144231	0	0.252747	2
3	396	161	394	159	142	143	0.0288462	0	0.353846	2
4	464	134	462	134	142	143	0.00961538	0	0.294505	2
5	330	263	316	251	142	144	0.759615	0	0.578022	2
6	502	133	501	133	142	143	0.00480769	0	0.292308	2
7	388	140	389	138	143	144	0.0240385	0	0.307692	1
8	423	146	421	145	143	144	0.0144231	0	0.320879	2
9	439	128	437	127	143	144	0.0144231	0	0.281319	2
10	394	128	394	127	143	144	0.00480769	0	0.281319	1
11	626	124	625	124	143	144	0.00480769	0	0.272527	2
12	426	116	426	113	143	144	0.0432692	0	0.254945	1
13	378	140	377	136	143	146	0.0817308	0	0.307692	2
14	360	160	370	154	143	150	0.221154	0	0.351648	1
15	340	269	338	269	143	144	0.00961538	0	0.591209	2
16	719	27	718	26	143	144	0.00961538	0	0.0593407	2
17	497	123	495	122	143	144	0.0144231	0	0.27033	2
18	341	240	338	239	143	144	0.0192308	0	0.527473	2
19	480	124	480	121	143	144	0.0432692	0	0.272527	1
20	262	136	261	134	143	144	0.0240385	0	0.298901	2
21	367	179	366	178	143	144	0.00961538	0	0.393407	2
22	387	107	389	105	143	145	0.0288462	0	0.235165	1
23	409	144	406	142	143	144	0.0336538	0	0.316484	2
24	257	151	257	149	144	147	0.0192308	0	0.331868	1
25	327	255	316	248	144	147	0.288462	0	0.56044	2
26	437	139	435	137	144	145	0.0288462	0	0.305495	2
27	346	259	337	258	144	148	0.0480769	0	0.569231	2
28	435	103	441	101	144	149	0.0480769	0	0.226374	1
29	371	167	370	166	144	145	0.00961538	0	0.367033	2
30	615	121	614	118	144	145	0.0480769	0	0.265934	2
31	499	134	497	133	144	145	0.0144231	0	0.294505	2
32	624	137	620	133	144	147	0.0961538	0	0.301099	2
33	468	169	468	170	144	145	0.00480769	0	0.371429	1
34	351	170	351	168	144	145	0.0192308	0	0.373626	1
35	488	141	485	140	144	149	0.0192308	0	0.30989	2
36	459	134	454	132	144	146	0.0432692	0	0.294505	2
37	348	243	343	241	145	146	0.0432692	0	0.534066	2
38	421	145	419	145	145	146	0.00961538	0	0.318681	2
39	623	171	623	170	145	147	0.00480769	0	0.375824	1
40	446	137	445	137	145	146	0.00480769	0	0.301099	2
41	436	127	434	126	145	146	0.0144231	0	0.279121	2
42	679	24	681	24	145	149	0.00961538	0	0.0527473	1
43	262	299	263	305	145	146	0.177885	0	0.657143	1
44	353	180	354	180	145	146	0.00480769	0	0.395604	1
45	331	249	324	246	145	147	0.0769231	0	0.547253	2
46	495	153	497	154	145	146	0.0144231	0	0.336264	1
47	267	357	265	355	145	154	0.0288462	0	0.784615	2
48	380	168	380	167	145	146	0.00480769	0	0.369231	1
49	826	71	826	70	145	149	0.00480769	0	0.156044	1
50	595	56	595	58	145	149	0.0192308	0	0.123077	1
51	334	235	329	233	145	146	0.0432692	0	0.516484	2
52	421	164	418	163	145	146	0.0192308	0	0.36044	2
53	234	455	234	454	145	147	0.00480769	0	1	1
54	315	353	316	353	146	148	0.00480769	0	0.775824	1
55	401	160	398	158	146	147	0.0336538	0	0.351648	2
56	435	137	433	136	146	147	0.0144231	0	0.301099	2
57	173	203	173	202	146	147	0.00480769	0	0.446154	1
58	476	106	475	105	146	147	0.00961538	0	0.232967	2
59	378	292	375	292	146	147	0.0144231	0	0.641758	2
60	374	155	375	153	146	147	0.0240385	0	0.340659	1
61	353	241	349	241	146	147	0.0192308	0	0.52967	2
62	469	172	468	170	146	149	0.0240385	0	0.378022	2
63	615	120	614	117	146	147	0.0480769	0	0.263736	2
64	438	196	436	194	146	147	0.0288462	0	0.430769	2
65	440	110	441	109	146	147	0.00961538	0	0.241758	1
66	723	25	724	24	146	149	0.00961538	0	0.0549451	1
67	627	125	626	124	146	147	0.00961538	0	0.274725	2
68	402	147	400	147	146	147	0.00961538	0	0.323077	2
69	491	107	486	106	146	149	0.0288462	0	0.235165	2
70	261	130	260	123	146	150	0.240385	0	0.285714	2
71	498	134	497	133	146	148	0.00961538	0	0.294505	2
72	380	136	380	135	147	148	0.00480769	0	0.298901	1
73	278	355	277	354	147	149	0.00961538	0	0.78022	2
74	421	199	420	198	147	149	0.00961538	0	0.437363	2
75	414	151	410	152	147	148	0.0240385	0	0.331868	2
76	351	290	350	289	147	149	0.00961538	0	0.637363	2
77	305	355	306	355	147	149	0.00480769	0	0.78022	1
78	329	234	322	232	147	149	0.0528846	0	0.514286	2
79	353	184	353	186	147	149	0.0192308	0	0.404396	1
80	339	241	325	237	147	151	0.144231	0	0.52967	2
81	432	124	429	124	147	148	0.0144231	0	0.272527	2
82	308	343	307	343	147	149	0.00480769	0	0.753846	2
83	599	66	599	66	147	149	0	0	0.145055	1
84	186	192	187	188	147	149	0.0817308	0	0.421978	1
85	512	32	497	31	147	180	0.0769231	0	0.0703297	2
86	397	158	395	157	148	149	0.0144231	0	0.347253	2
87	432	137	428	136	148	149	0.0240385	0	0.301099	2
88	258	148	257	146	148	149	0.0240385	0	0.325275	2
89	612	113	611	110	148	151	0.0480769	0	0.248352	2
90	619	134	617	131	148	150	0.0528846	0	0.294505	2
91	585	53	584	53	148	149	0.00480769	0	0.116484	2
92	174	195	174	194	148	149	0.00480769	0	0.428571	1
93	262	305	258	301	148	149	0.0961538	0	0.67033	2
94	352	170	353	170	148	149	0.00480769	0	0.373626	1
95	408	98	410	99	148	149	0.0144231	0	0.215385	1
96	419	163	413	164	148	149	0.0336538	0	0.358242	2
97	397	104	398	104	148	149	0.00480769	0	0.228571	1
98	263	277	256	279	148	151	0.0528846	0	0.608791	2
99	621	123	619	120	148	151	0.0528846	0	0.27033	2
100	695	33	694	32	148	152	0.00961538	0	0.0725275	2
101	258	116	257	114	148	149	0.0240385	0	0.254945	2
102	317	354	311	350	149	153	0.105769	0	0.778022	2
103	432	119	431	118	149	150	0.00961538	0	0.261538	2
104	385	165	385	165	149	150	0	0	0.362637	1
105	319	242	312	240	149	151	0.0528846	0	0.531868	2
106	411	148	407	147	149	150	0.0240385	0	0.325275	2
107	375	166	375	166	149	150	0	0	0.364835	1
108	493	121	488	118	149	151	0.0673077	0	0.265934	2
109	151	102	147	101	149	153	0.0240385	0	0.224176	2
110	235	455	233	454	149	158	0.0144231	0	1	2
111	745	60	729	59	149	180	0.0817308	0	0.131868	2
112	624	170	622	169	150	153	0.0144231	0	0.373626	2
113	278	353	275	350	150	152	0.0576923	0	0.775824	2
114	354	187	355	187	150	151	0.00480769	0	0.410989	1
115	443	111	445	112	150	151	0.0144231	0	0.243956	1
116	307	356	302	354	150	153	0.0432692	0	0.782418	2
117	283	299	274	298	150	152	0.0480769	0	0.657143	2
118	362	280	352	279	150	151	0.0528846	0	0.615385	2
119	436	136	431	135	150	153	0.0288462	0	0.298901	2
120	412	100	415	101	150	152	0.0192308	0	0.21978	1
121	420	198	418	197	150	152	0.0144231	0	0.435165	2
122	141	136	140	135	150	151	0.00961538	0	0.298901	2
123	392	155	389	153	150	151	0.0336538	0	0.340659	2
124	799	28	798	26	150	152	0.0240385	0	0.0615385	2
125	261	148	257	145	150	152	0.0625	0	0.325275	2
126	426	136	424	135	150	151	0.0144231	0	0.298901	2
127	360	172	363	170	150	151	0.0336538	0	0.378022	1
128	254	298	247	295	150	152	0.0769231	0	0.654945	2
129	167	216	177	219	150	162	0.0913462	0	0.474725	1
130	402	106	402	105	150	151	0.00480769	0	0.232967	1
131	600	67	597	66	150	162	0.0192308	0	0.147253	2
132	582	53	580	53	150	151	0.00961538	0	0.116484	2
133	189	186	202	182	150	162	0.139423	0	0.408791	1
134	711	70	709	67	150	164	0.0528846	0	0.153846	2
135	319	230	310	229	150	152	0.0480769	0	0.505495	2
136	349	75	346	74	150	152	0.0192308	0	0.164835	2
137	350	64	347	62	150	152	0.0336538	0	0.140659	2
138	644	45	628	45	150	180	0.0769231	0	0.0989011	2
139	475	129	467	130	150	154	0.0432692	0	0.283516	2
140	392	114	393	113	150	151	0.00961538	0	0.250549	1
141	172	407	156	407	150	180	0.0769231	0	0.894505	2
142	177	194	178	192	150	151	0.0240385	0	0.426374	1
143	625	142	620	142	150	153	0.0240385	0	0.312088	2
144	183	231	186	228	150	154	0.0576923	0	0.507692	1
145	820	306	804	305	150	180	0.0817308	0	0.672527	2
146	426	146	423	145	150	151	0.0192308	0	0.320879	2
147	302	402	286	401	150	180	0.0817308	0	0.883516	2
148	618	131	616	131	151	152	0.00961538	0	0.287912	2
149	255	120	253	118	151	152	0.0288462	0	0.263736	2
150	452	102	452	101	151	152	0.00480769	0	0.224176	1
151	405	147	401	147	151	152	0.0192308	0	0.323077	2
152	420	122	419	121	151	152	0.00961538	0	0.268132	2
153	403	191	402	191	151	152	0.00480769	0	0.41978	2
154	370	153	369	152	151	152	0.00961538	0	0.336264	2
155	451	161	449	160	151	152	0.0144231	0	0.353846	2
156	365	183	369	181	151	152	0.0384615	0	0.402198	1
157	344	291	343	290	151	152	0.00961538	0	0.63956	2
158	356	188	362	189	152	155	0.0336538	0	0.413187	1
159	613	113	612	114	152	153	0.00961538	0	0.248352	2
160	140	136	140	136	152	154	0	0	0.298901	1
161	448	113	449	113	152	153	0.00480769	0	0.248352	1
162	385	154	380	154	152	153	0.0240385	0	0.338462	2
163	443	134	442	133	152	153	0.00961538	0	0.294505	2
164	178	192	180	193	152	156	0.0144231	0	0.421978	1
165	353	287	350	284	152	155	0.0576923	0	0.630769	2
166	403	106	404	105	152	153	0.00961538	0	0.232967	1
167	327	236	322	235	152	153	0.0288462	0	0.518681	2
168	259	286	253	283	152	153	0.0721154	0	0.628571	2
169	572	24	570	24	152	162	0.00961538	0	0.0527473	2
170	271	327	267	326	152	153	0.0240385	0	0.718681	2
171	256	305	252	302	152	153	0.0625	0	0.67033	2
172	263	116	261	116	152	154	0.00961538	0	0.254945	2
173	784	41	781	41	152	170	0.0144231	0	0.0901099	2
174	430	119	429	118	152	153	0.00961538	0	0.261538	2
175	395	179	392	178	153	154	0.0192308	0	0.393407	2
176	276	350	275	349	153	155	0.00961538	0	0.769231	2
177	419	197	419	196	153	154	0.00480769	0	0.432967	1
178	269	295	264	293	153	154	0.0432692	0	0.648352	2
179	452	102	452	99	153	155	0.0432692	0	0.224176	1
180	252	119	250	119	153	154	0.00961538	0	0.261538	2
181	332	263	325	257	153	155	0.206731	0	0.578022	2
182	577	53	575	53	153	154	0.00961538	0	0.116484	2
183	347	61	344	60	153	155	0.0192308	0	0.134066	2
184	725	24	725	24	153	154	0	0	0.0527473	1
185	127	131	125	130	153	154	0.0144231	0	0.287912	2
186	571	43	569	42	153	154	0.0144231	0	0.0945055	2
187	695	32	692	33	153	160	0.0192308	0	0.0703297	2
188	343	72	339	71	153	156	0.0240385	0	0.158242	2
189	508	157	502	153	153	155	0.105769	0	0.345055	2
190	383	152	378	150	154	155	0.0432692	0	0.334066	2
191	430	135	429	134	154	155	0.00961538	0	0.296703	2
192	451	114	451	113	154	155	0.00480769	0	0.250549	1
193	613	115	611	116	154	155	0.0144231	0	0.252747	2
194	249	283	239	281	154	156	0.0673077	0	0.621978	2
195	441	133	440	132	154	155	0.00961538	0	0.292308	2
196	305	346	298	344	154	155	0.0528846	0	0.76044	2
197	271	313	265	312	154	155	0.0336538	0	0.687912	2
198	144	118	143	118	154	156	0.00480769	0	0.259341	2
199	827	72	822	70	154	170	0.0432692	0	0.158242	2
200	465	120	464	121	154	155	0.00961538	0	0.263736	2
201	303	223	279	218	154	158	0.235577	0	0.49011	2
202	476	115	474	116	154	155	0.0144231	0	0.252747	2
203	315	278	295	284	154	160	0.269231	0	0.610989	2
204	140	137	139	137	155	156	0.00480769	0	0.301099	2
205	417	197	413	195	155	156	0.0384615	0	0.432967	2
206	382	199	377	201	155	156	0.0432692	0	0.437363	2
207	412	153	411	151	155	156	0.0240385	0	0.336264	2
208	400	149	398	150	155	156	0.0144231	0	0.327473	2
209	406	137	405	136	155	156	0.00961538	0	0.301099	2
210	259	292	254	291	155	156	0.0288462	0	0.641758	2
211	608	138	607	141	155	157	0.0480769	0	0.303297	2
212	621	168	618	169	155	156	0.0192308	0	0.369231	2
213	419	133	418	129	155	157	0.0817308	0	0.292308	2
214	189	229	191	231	155	161	0.0288462	0	0.503297	1
215	251	120	249	120	155	156	0.00961538	0	0.263736	2
216	126	130	124	129	155	156	0.0144231	0	0.285714	2
217	265	356	264	356	155	157	0.00480769	0	0.782418	2
218	252	144	252	144	155	156	0	0	0.316484	1
219	410	164	407	164	155	156	0.0144231	0	0.36044	2
220	567	42	564	41	155	156	0.0192308	0	0.0923077	2
221	262	116	258	121	155	159	0.139423	0	0.254945	2
222	725	24	724	24	155	156	0.00480769	0	0.0527473	2
223	352	155	348	157	155	156	0.0384615	0	0.340659	2
224	611	171	607	172	155	156	0.0240385	0	0.375824	2
225	573	52	567	51	155	157	0.0336538	0	0.114286	2
226	799	25	798	25	155	156	0.00480769	0	0.0549451	2
227	451	111	449	109	156	157	0.0288462	0	0.243956	2
228	375	150	371	149	156	157	0.0240385	0	0.32967	2
229	287	236	281	235	156	157	0.0336538	0	0.518681	2
230	429	133	428	131	156	157	0.0240385	0	0.292308	2
231	344	281	337	276	156	157	0.153846	0	0.617582	2
232	289	343	277	342	156	157	0.0625	0	0.753846	2
233	187	211	187	211	156	157	0	0	0.463736	1
234	356	168	356	167	156	157	0.00480769	0	0.369231	1
235	452	98	450	95	156	157	0.0528846	0	0.215385	2
236	362	188	362	185	156	157	0.0432692	0	0.413187	1
237	345	60	340	59	156	159	0.0288462	0	0.131868	2
238	482	132	473	132	156	159	0.0432692	0	0.29011	2
239	466	97	467	96	156	157	0.00961538	0	0.213187	1
240	460	107	457	107	157	158	0.0144231	0	0.235165	2
241	411	148	411	146	157	158	0.0192308	0	0.325275	1
242	183	195	184	195	157	158	0.00480769	0	0.428571	1
243	235	281	230	281	157	158	0.0240385	0	0.617582	2
244	129	107	115	105	157	164	0.0865385	0	0.235165	2
245	387	165	382	166	157	158	0.0288462	0	0.362637	2
246	606	121	604	123	157	158	0.0288462	0	0.265934	2
247	139	137	138	137	157	158	0.00480769	0	0.301099	2
248	561	41	558	40	157	158	0.0192308	0	0.0901099	2
249	238	313	225	309	157	158	0.139423	0	0.687912	2
250	375	203	373	205	157	159	0.0288462	0	0.446154	2
251	247	123	242	125	157	162	0.0432692	0	0.27033	2
252	407	135	407	132	157	158	0.0432692	0	0.296703	1
253	607	172	605	172	157	159	0.00961538	0	0.378022	2
254	464	123	462	123	157	158	0.00961538	0	0.27033	2
255	564	65	562	65	157	158	0.00961538	0	0.142857	2
256	339	72	334	73	157	161	0.0288462	0	0.158242	2
257	225	283	213	282	157	160	0.0625	0	0.621978	2
258	447	119	446	119	157	158	0.00480769	0	0.261538	2
259	312	256	303	259	157	158	0.0865385	0	0.562637	2
260	124	128	122	127	157	158	0.0144231	0	0.281319	2
261	252	145	248	151	157	161	0.192308	0	0.318681	2
262	274	350	273	350	158	159	0.00480769	0	0.769231	2
263	368	149	365	150	158	159	0.0192308	0	0.327473	2
264	617	178	617	178	158	159	0	0	0.391209	1
265	424	126	425	126	158	159	0.00480769	0	0.276923	1
266	447	107	445	106	158	159	0.0144231	0	0.235165	2
267	407	192	399	191	158	159	0.0432692	0	0.421978	2
268	387	149	386	149	158	159	0.00480769	0	0.327473	2
269	463	97	465	97	158	159	0.00961538	0	0.213187	1
270	576	63	573	62	158	159	0.0192308	0	0.138462	2
271	440	166	439	166	158	159	0.00480769	0	0.364835	2
272	365	159	365	159	158	159	0	0	0.349451	1
273	436	136	435	137	158	159	0.00961538	0	0.298901	2
274	182	205	186	205	158	160	0.0192308	0	0.450549	1
275	327	270	304	268	158	160	0.129808	0	0.593407	2
276	281	257	267	255	158	159	0.0865385	0	0.564835	2
277	725	24	725	24	158	161	0	0	0.0527473	1
278	127	139	125	140	158	159	0.0144231	0	0.305495	2
279	627	34	613	34	158	180	0.0673077	0	0.0747253	2
280	799	24	798	24	158	160	0.00480769	0	0.0527473	2
281	615	135	614	137	158	159	0.0240385	0	0.296703	2
282	288	234	282	234	159	160	0.0288462	0	0.514286	2
283	228	282	224	280	159	160	0.0384615	0	0.61978	2
284	245	306	232	302	159	161	0.139423	0	0.672527	2
285	555	43	551	43	159	160	0.0192308	0	0.0945055	2
286	184	195	186	194	159	160	0.0144231	0	0.428571	1
287	215	304	194	298	159	163	0.274038	0	0.668132	2
288	286	256	282	256	159	160	0.0192308	0	0.562637	2
289	267	360	261	356	159	162	0.105769	0	0.791209	2
290	122	125	117	124	159	162	0.0288462	0	0.274725	2
291	595	138	591	139	159	161	0.0240385	0	0.303297	2
292	268	235	260	234	159	160	0.0432692	0	0.516484	2
293	230	303	223	298	159	160	0.153846	0	0.665934	2
294	472	159	468	161	159	160	0.0384615	0	0.349451	2
295	264	225	253	222	159	161	0.0961538	0	0.494505	2
296	449	116	446	116	159	160	0.0144231	0	0.254945	2
297	233	455	220	453	159	180	0.0817308	0	1	2
298	613	175	608	172	160	161	0.0673077	0	0.384615	2
299	433	105	435	104	160	161	0.0144231	0	0.230769	1
300	388	158	387	157	160	161	0.00961538	0	0.347253	2
301	272	349	263	345	160	162	0.120192	0	0.767033	2
302	272	232	263	230	160	161	0.0625	0	0.50989	2
303	376	157	374	157	160	161	0.00961538	0	0.345055	2
304	441	168	442	169	160	161	0.00961538	0	0.369231	1
305	240	347	216	349	160	162	0.134615	0	0.762637	2
306	413	128	414	125	160	161	0.0480769	0	0.281319	1
307	602	129	599	129	160	161	0.0144231	0	0.283516	2
308	452	106	450	106	160	161	0.00961538	0	0.232967	2
309	391	193	382	195	160	161	0.0625	0	0.424176	2
310	451	94	449	93	160	161	0.0144231	0	0.206593	2
311	255	245	247	237	160	161	0.346154	0	0.538462	2
312	257	123	255	121	160	162	0.0288462	0	0.27033	2
313	386	148	384	147	160	161	0.0144231	0	0.325275	2
314	432	137	432	136	160	161	0.00480769	0	0.301099	1
315	473	103	474	105	160	166	0.0240385	0	0.226374	1
316	816	43	815	40	160	164	0.0480769	0	0.0945055	2
317	297	245	276	237	160	163	0.408654	0	0.538462	2
318	479	147	479	146	160	161	0.00480769	0	0.323077	1
319	571	63	556	60	160	164	0.115385	0	0.138462	2
320	422	106	421	104	161	162	0.0240385	0	0.232967	2
321	356	153	354	153	161	162	0.00961538	0	0.336264	2
322	277	232	262	226	161	163	0.245192	0	0.50989	2
323	549	42	545	41	161	162	0.0240385	0	0.0923077	2
324	336	50	331	48	161	163	0.0432692	0	0.10989	2
325	211	281	206	280	161	162	0.0288462	0	0.617582	2
326	469	163	467	163	161	162	0.00961538	0	0.358242	2
327	190	192	191	190	161	162	0.0240385	0	0.421978	1
328	793	29	792	28	161	162	0.00961538	0	0.0637363	2
329	221	279	215	278	161	162	0.0336538	0	0.613187	2
330	298	289	296	287	161	162	0.0288462	0	0.635165	2
331	444	116	440	116	161	162	0.0192308	0	0.254945	2
332	122	142	118	141	161	164	0.0240385	0	0.312088	2
333	324	60	318	58	161	163	0.0480769	0	0.131868	2
334	371	145	370	144	161	162	0.00961538	0	0.318681	2
335	333	90	332	89	161	162	0.00961538	0	0.197802	2
336	697	39	696	38	161	163	0.00961538	0	0.0857143	2
337	595	100	581	99	161	180	0.0721154	0	0.21978	2
338	260	132	260	130	161	162	0.0192308	0	0.29011	1
339	556	52	551	51	161	162	0.0288462	0	0.114286	2
340	216	355	198	357	161	168	0.105769	0	0.78022	2
341	390	157	388	156	162	163	0.0144231	0	0.345055	2
342	415	125	416	122	162	163	0.0480769	0	0.274725	1
343	250	228	242	225	162	163	0.0817308	0	0.501099	2
344	383	147	380	145	162	163	0.0336538	0	0.323077	2
345	351	170	348	172	162	163	0.0336538	0	0.373626	2
346	279	227	266	228	162	164	0.0673077	0	0.498901	2
347	466	122	466	121	162	163	0.00480769	0	0.268132	1
348	430	133	430	133	162	163	0	0	0.292308	1
349	132	143	124	141	162	165	0.0576923	0	0.314286	2
350	431	106	430	104	162	163	0.0240385	0	0.232967	2
351	247	153	245	152	162	163	0.0144231	0	0.336264	2
352	589	139	583	138	162	164	0.0336538	0	0.305495	2
353	234	316	217	316	162	164	0.0817308	0	0.694505	2
354	372	158	371	158	163	164	0.00480769	0	0.347253	2
355	466	162	466	161	163	164	0.00480769	0	0.356044	1
356	351	154	340	159	163	166	0.173077	0	0.338462	2
357	363	201	356	204	163	164	0.0769231	0	0.441758	2
358	255	351	246	346	163	164	0.163462	0	0.771429	2
359	596	171	589	172	163	164	0.0384615	0	0.375824	2
360	254	120	253	118	163	164	0.0240385	0	0.263736	2
361	201	280	195	279	163	164	0.0336538	0	0.615385	2
362	294	282	281	271	163	165	0.644231	0	0.61978	2
363	420	105	420	104	163	164	0.00480769	0	0.230769	1
364	447	172	448	171	163	164	0.00961538	0	0.378022	1
365	604	128	603	128	163	164	0.00480769	0	0.281319	2
366	163	224	176	217	163	165	0.298077	0	0.492308	1
367	793	26	793	25	163	164	0.00480769	0	0.0571429	1
368	541	41	538	39	163	164	0.0336538	0	0.0901099	2
369	450	125	445	124	163	164	0.0288462	0	0.274725	2
370	211	352	210	352	163	164	0.00480769	0	0.773626	2
371	597	63	586	61	163	176	0.0721154	0	0.138462	2
372	252	226	246	223	163	164	0.0721154	0	0.496703	2
373	203	171	218	173	163	168	0.0913462	0	0.375824	1
374	246	209	234	206	163	165	0.100962	0	0.459341	2
375	332	87	331	86	163	164	0.00961538	0	0.191209	2
376	194	189	196	188	163	164	0.0144231	0	0.415385	1
377	194	219	200	217	164	165	0.0480769	0	0.481319	1
378	423	119	424	118	164	166	0.00961538	0	0.261538	1
379	431	105	430	104	164	165	0.00961538	0	0.230769	2
380	235	219	221	217	164	166	0.0865385	0	0.481319	2
381	331	48	318	50	164	170	0.0817308	0	0.105495	2
382	606	138	604	139	164	165	0.0144231	0	0.303297	2
383	433	134	433	134	164	165	0	0	0.294505	1
384	350	168	340	172	164	166	0.125	0	0.369231	2
385	195	313	182	310	164	165	0.105769	0	0.687912	2
386	415	134	414	132	164	165	0.0240385	0	0.294505	2
387	318	59	290	59	164	175	0.134615	0	0.12967	2
388	470	126	471	126	164	165	0.00480769	0	0.276923	1
389	256	224	250	223	164	165	0.0336538	0	0.492308	2
390	360	171	355	172	164	165	0.0288462	0	0.375824	2
391	544	50	540	49	164	165	0.0240385	0	0.10989	2
392	554	101	548	99	164	173	0.0480769	0	0.221978	2
393	211	180	217	182	164	167	0.0480769	0	0.395604	1
394	209	352	206	352	165	167	0.0144231	0	0.773626	2
395	444	108	443	108	165	166	0.00480769	0	0.237363	2
396	585	130	581	132	165	166	0.0384615	0	0.285714	2
397	603	129	601	131	165	166	0.0288462	0	0.283516	2
398	352	209	348	214	165	166	0.139423	0	0.459341	2
399	255	116	252	118	165	167	0.0336538	0	0.254945	2
400	236	342	222	341	165	166	0.0721154	0	0.751648	2
401	463	161	459	160	165	166	0.0240385	0	0.353846	2
402	449	171	446	170	165	173	0.0192308	0	0.375824	2
403	247	282	243	283	165	167	0.0240385	0	0.61978	2
404	536	39	531	39	165	166	0.0240385	0	0.0857143	2
405	121	110	109	111	165	171	0.0625	0	0.241758	2
406	792	24	787	24	165	172	0.0240385	0	0.0527473	2
407	235	227	228	227	165	166	0.0336538	0	0.498901	2
408	394	162	393	162	165	166	0.00480769	0	0.356044	2
409	114	100	109	100	165	167	0.0240385	0	0.21978	2
410	198	186	198	186	165	166	0	0	0.408791	1
411	382	164	380	164	165	166	0.00961538	0	0.36044	2
412	579	66	566	68	165	180	0.0817308	0	0.145055	2
413	614	138	612	141	165	166	0.0528846	0	0.303297	2
414	259	126	258	126	165	167	0.00480769	0	0.276923	2
415	549	59	539	60	165	167	0.0528846	0	0.12967	2
416	589	160	587	161	165	166	0.0144231	0	0.351648	2
417	710	68	697	70	165	180	0.0817308	0	0.149451	2
418	180	273	172	274	165	166	0.0432692	0	0.6	2
419	441	98	440	99	165	166	0.00961538	0	0.215385	2
420	334	69	329	70	165	166	0.0288462	0	0.151648	2
421	429	102	428	102	166	167	0.00480769	0	0.224176	2
422	602	141	600	143	166	167	0.0288462	0	0.30989	2
423	169	305	159	299	166	167	0.221154	0	0.67033	2
424	437	146	436	147	166	167	0.00961538	0	0.320879	2
425	245	225	232	225	166	168	0.0625	0	0.494505	2
426	432	134	431	134	166	167	0.00480769	0	0.294505	2
427	269	269	255	268	166	167	0.0721154	0	0.591209	2
428	450	98	451	98	166	167	0.00480769	0	0.215385	1
429	113	141	108	140	166	168	0.0288462	0	0.30989	2
430	414	100	412	102	166	167	0.0288462	0	0.21978	2
431	183	287	173	288	166	167	0.0528846	0	0.630769	2
432	328	87	324	87	166	167	0.0192308	0	0.191209	2
433	231	238	226	236	166	167	0.0432692	0	0.523077	2
434	472	126	475	126	166	168	0.0144231	0	0.276923	1
435	351	171	343	176	166	167	0.158654	0	0.375824	2
436	578	180	576	180	166	167	0.00961538	0	0.395604	2
437	393	161	396	161	167	168	0.0144231	0	0.353846	1
438	347	218	347	218	167	168	0	0	0.479121	1
439	429	124	431	124	167	168	0.00961538	0	0.272527	1
440	213	221	209	219	167	168	0.0384615	0	0.485714	2
441	379	163	379	161	167	168	0.0192308	0	0.358242	1
442	444	110	448	110	167	168	0.0192308	0	0.241758	1
443	204	198	217	197	167	170	0.0673077	0	0.435165	1
444	527	40	524	40	167	168	0.0144231	0	0.0879121	2
445	186	307	180	306	167	168	0.0336538	0	0.674725	2
446	469	110	473	109	167	168	0.0240385	0	0.241758	1
447	419	126	421	126	167	168	0.00961538	0	0.276923	1
448	324	149	285	162	167	176	1	0	0.327473	2
449	231	216	226	215	167	168	0.0288462	0	0.474725	2
450	611	175	613	173	167	168	0.0288462	0	0.384615	1
451	568	24	569	24	167	168	0.00480769	0	0.0527473	1
452	229	243	223	239	168	169	0.105769	0	0.534066	2
453	209	351	206	348	168	169	0.0576923	0	0.771429	2
454	609	137	611	136	168	169	0.0144231	0	0.301099	1
455	422	107	423	108	168	169	0.00961538	0	0.235165	1
456	434	135	435	134	168	169	0.00961538	0	0.296703	1
457	256	120	258	120	168	169	0.00961538	0	0.263736	1
458	183	289	165	286	168	170	0.129808	0	0.635165	2
459	439	147	439	146	168	169	0.00480769	0	0.323077	1
460	331	62	325	60	168	172	0.0480769	0	0.136264	2
461	410	120	409	122	168	169	0.0240385	0	0.263736	2
462	612	149	614	149	168	169	0.00961538	0	0.327473	1
463	219	225	213	222	168	169	0.0721154	0	0.494505	2
464	471	96	472	95	168	169	0.00961538	0	0.210989	1
465	113	125	111	124	168	169	0.0144231	0	0.274725	2
466	248	156	251	155	168	169	0.0192308	0	0.342857	1
467	234	159	233	157	168	170	0.0240385	0	0.349451	2
468	791	40	790	39	168	170	0.00961538	0	0.0879121	2
469	577	180	577	179	168	170	0.00480769	0	0.395604	1
470	206	181	210	178	168	169	0.0625	0	0.397802	1
471	451	100	454	99	168	169	0.0192308	0	0.21978	1
472	540	63	527	62	168	171	0.0673077	0	0.138462	2
473	601	147	608	145	168	171	0.0528846	0	0.323077	1
474	400	162	401	160	169	171	0.0240385	0	0.356044	1
475	368	186	367	186	169	170	0.00480769	0	0.408791	2
476	224	229	217	227	169	170	0.0528846	0	0.503297	2
477	346	216	340	213	169	170	0.0721154	0	0.474725	2
478	432	124	431	123	169	170	0.00961538	0	0.272527	2
479	615	171	614	171	169	170	0.00480769	0	0.375824	2
480	159	279	149	276	169	170	0.0913462	0	0.613187	2
481	246	280	242	277	169	170	0.0625	0	0.615385	2
482	379	161	378	160	169	170	0.00961538	0	0.353846	2
483	359	161	357	161	169	170	0.00961538	0	0.353846	2
484	223	174	225	172	169	170	0.0288462	0	0.382418	1
485	521	41	516	40	169	170	0.0288462	0	0.0901099	2
486	522	64	516	63	169	170	0.0336538	0	0.140659	2
487	572	126	568	128	169	170	0.0384615	0	0.276923	2
488	169	276	136	268	169	173	0.466346	0	0.606593	2
489	406	142	405	142	169	170	0.00480769	0	0.312088	2
490	109	147	104	148	169	170	0.0288462	0	0.323077	2
491	695	38	679	41	169	179	0.120192	0	0.0835165	2
492	330	163	324	164	169	170	0.0336538	0	0.358242	2
493	358	151	356	150	169	170	0.0144231	0	0.331868	2
494	247	119	248	118	169	170	0.00961538	0	0.261538	1
495	196	217	188	215	170	171	0.0576923	0	0.476923	2
496	436	135	435	132	170	172	0.0480769	0	0.296703	2
497	329	175	324	175	170	171	0.0240385	0	0.384615	2
498	779	63	779	62	170	172	0.00480769	0	0.138462	1
499	257	149	256	153	170	174	0.0817308	0	0.327473	2
500	166	343	135	347	170	173	0.225962	0	0.753846	2
501	616	151	617	150	170	171	0.00961538	0	0.331868	1
502	263	115	263	114	170	171	0.00480769	0	0.252747	1
503	206	218	199	216	170	171	0.0528846	0	0.479121	2
504	441	119	442	119	170	171	0.00480769	0	0.261538	1
505	416	121	415	121	170	171	0.00480769	0	0.265934	2
506	155	345	120	348	170	175	0.211538	0	0.758242	2
507	447	141	446	143	170	171	0.0240385	0	0.30989	2
508	477	97	476	96	170	171	0.00961538	0	0.213187	2
509	223	213	223	215	170	171	0.0192308	0	0.468132	1
510	571	152	564	154	170	172	0.0528846	0	0.334066	2
511	221	250	212	248	170	171	0.0625	0	0.549451	2
512	315	50	302	48	171	175	0.0817308	0	0.10989	2
513	431	124	431	123	171	172	0.00480769	0	0.272527	1
514	253	123	253	122	171	172	0.00480769	0	0.27033	1
515	355	150	353	148	171	172	0.0288462	0	0.32967	2
516	139	275	124	271	171	173	0.149038	0	0.604396	2
517	794	39	783	38	171	176	0.0576923	0	0.0857143	2
518	618	136	619	134	171	172	0.0240385	0	0.298901	1
519	297	214	290	214	171	174	0.0336538	0	0.47033	2
520	566	131	554	134	171	175	0.100962	0	0.287912	2
521	156	283	103	277	171	177	0.427885	0	0.621978	2
522	191	354	184	347	171	172	0.269231	0	0.778022	2
523	194	342	186	336	171	172	0.211538	0	0.751648	2
524	512	40	508	39	171	172	0.0240385	0	0.0879121	2
525	378	161	377	158	171	173	0.0480769	0	0.353846	2
526	413	135	411	136	171	172	0.0144231	0	0.296703	2
527	580	179	591	172	171	173	0.288462	0	0.393407	1
528	467	113	472	112	171	172	0.0288462	0	0.248352	1
529	612	177	608	178	171	172	0.0240385	0	0.389011	2
530	562	183	560	181	171	173	0.0288462	0	0.402198	2
531	99	143	95	143	171	172	0.0192308	0	0.314286	2
532	632	30	619	29	171	177	0.0673077	0	0.0659341	2
533	412	108	412	106	171	172	0.0192308	0	0.237363	1
534	441	106	443	106	171	172	0.00961538	0	0.232967	1
535	355	161	353	160	171	172	0.0144231	0	0.353846	2
536	374	149	374	146	172	174	0.0432692	0	0.327473	1
537	403	159	404	157	172	173	0.0240385	0	0.349451	1
538	329	210	323	209	172	173	0.0336538	0	0.461538	2
539	439	142	440	141	172	173	0.00961538	0	0.312088	1
540	233	266	224	260	172	173	0.216346	0	0.584615	2
541	107	112	104	112	172	173	0.0144231	0	0.246154	2
542	183	214	176	214	172	173	0.0336538	0	0.47033	2
543	233	170	236	169	172	173	0.0192308	0	0.373626	1
544	426	111	426	110	172	173	0.00480769	0	0.243956	1
545	505	63	500	62	172	173	0.0288462	0	0.138462	2
546	106	142	100	143	172	174	0.0336538	0	0.312088	2
547	100	102	76	108	172	178	0.288462	0	0.224176	2
548	225	217	232	214	172	173	0.0769231	0	0.476923	1
549	186	272	177	272	172	173	0.0432692	0	0.597802	2
550	97	120	80	122	172	176	0.100962	0	0.263736	2
551	786	24	780	25	173	175	0.0336538	0	0.0527473	2
552	432	120	431	120	173	174	0.00480769	0	0.263736	2
553	222	218	220	218	173	174	0.00961538	0	0.479121	2
554	626	138	627	140	173	174	0.0240385	0	0.303297	1
555	471	108	474	109	173	174	0.0192308	0	0.237363	1
556	347	191	332	192	173	177	0.0769231	0	0.41978	2
557	128	305	120	307	173	174	0.0576923	0	0.67033	2
558	436	131	433	131	173	175	0.0144231	0	0.287912	2
559	446	111	447	116	173	176	0.125	0	0.243956	1
560	503	38	498	38	173	174	0.0240385	0	0.0835165	2
561	416	117	414	117	173	174	0.00961538	0	0.257143	2
562	350	165	341	161	173	177	0.120192	0	0.362637	2
563	477	138	481	137	173	174	0.0240385	0	0.303297	1
564	257	108	254	110	173	175	0.0336538	0	0.237363	2
565	94	143	88	142	173	174	0.0336538	0	0.314286	2
566	792	68	779	69	173	177	0.0673077	0	0.149451	2
567	229	156	227	159	173	175	0.0528846	0	0.342857	2
568	406	142	404	142	173	174	0.00961538	0	0.312088	2
569	782	62	773	65	173	179	0.0865385	0	0.136264	2
570	351	152	342	149	173	176	0.0865385	0	0.334066	2
571	316	212	299	214	174	176	0.100962	0	0.465934	2
572	404	160	393	168	174	179	0.360577	0	0.351648	2
573	307	175	292	178	174	177	0.115385	0	0.384615	2
574	355	180	348	179	174	176	0.0384615	0	0.395604	2
575	456	136	455	136	174	175	0.00480769	0	0.298901	2
576	101	113	83	119	174	179	0.259615	0	0.248352	2
577	312	185	308	186	174	175	0.0240385	0	0.406593	2
578	446	171	439	170	174	176	0.0384615	0	0.375824	2
579	617	145	616	145	174	175	0.00480769	0	0.318681	2
580	117	271	88	267	174	177	0.216346	0	0.595604	2
581	238	215	257	221	174	180	0.264423	0	0.472527	1
582	213	265	196	264	174	175	0.0865385	0	0.582418	2
583	177	215	166	216	174	175	0.0576923	0	0.472527	2
584	365	185	362	185	174	175	0.0144231	0	0.406593	2
585	236	450	231	450	174	180	0.0240385	0	0.989011	2
586	128	270	108	267	174	176	0.139423	0	0.593407	2
587	240	171	241	171	174	175	0.00480769	0	0.375824	1
588	254	122	250	124	174	175	0.0384615	0	0.268132	2
589	405	106	400	106	174	175	0.0240385	0	0.232967	2
590	449	125	448	127	174	175	0.0240385	0	0.274725	2
591	171	274	166	273	174	175	0.0288462	0	0.602198	2
592	821	67	810	70	174	179	0.0961538	0	0.147253	2
593	167	216	129	214	174	178	0.201923	0	0.474725	2
594	441	141	438	141	174	175	0.0144231	0	0.30989	2
595	304	75	288	75	174	178	0.0769231	0	0.164835	2
596	134	349	129	348	174	175	0.0288462	0	0.767033	2
597	378	189	374	189	174	175	0.0192308	0	0.415385	2
598	402	116	397	115	175	176	0.0288462	0	0.254945	2
599	458	106	458	106	175	176	0	0	0.232967	1
600	628	141	633	139	175	177	0.0432692	0	0.30989	1
601	217	218	219	215	175	177	0.0528846	0	0.479121	1
602	430	120	428	118	175	176	0.0288462	0	0.263736	2
603	412	120	409	119	175	176	0.0192308	0	0.263736	2
604	421	142	417	142	175	177	0.0192308	0	0.312088	2
605	228	207	230	205	175	176	0.0288462	0	0.454945	1
606	81	144	68	152	175	180	0.370192	0	0.316484	2
607	390	164	386	165	175	176	0.0240385	0	0.36044	2
608	554	181	547	182	175	176	0.0384615	0	0.397802	2
609	163	196	132	195	175	180	0.153846	0	0.430769	2
610	493	65	475	67	175	178	0.105769	0	0.142857	2
611	298	48	293	48	176	179	0.0240385	0	0.105495	2
612	435	138	433	138	176	177	0.00961538	0	0.303297	2
613	371	145	370	144	176	177	0.00961538	0	0.318681	2
614	550	136	544	138	176	177	0.0480769	0	0.298901	2
615	151	234	138	230	176	177	0.139423	0	0.514286	2
616	245	154	244	152	176	177	0.0240385	0	0.338462	2
617	304	186	299	187	176	177	0.0288462	0	0.408791	2
618	107	294	98	293	176	177	0.0480769	0	0.646154	2
619	595	181	601	178	176	179	0.0721154	0	0.397802	1
620	90	150	86	150	176	177	0.0192308	0	0.32967	2
621	287	59	281	61	176	179	0.0480769	0	0.12967	2
622	244	121	246	124	176	179	0.0528846	0	0.265934	1
623	618	146	634	148	176	179	0.0961538	0	0.320879	1
624	256	123	254	125	176	177	0.0288462	0	0.27033	2
625	468	114	468	115	176	177	0.00480769	0	0.250549	1
626	117	294	106	293	176	177	0.0576923	0	0.646154	2
627	181	260	165	262	176	177	0.0961538	0	0.571429	2
628	156	215	145	214	176	177	0.0576923	0	0.472527	2
629	481	114	482	115	176	177	0.00961538	0	0.250549	1
630	393	105	391	109	176	179	0.0865385	0	0.230769	2
631	394	115	393	117	177	178	0.0240385	0	0.252747	2
632	120	345	117	342	177	178	0.0576923	0	0.758242	2
633	405	118	405	120	177	178	0.0192308	0	0.259341	1
634	428	123	429	125	177	178	0.0240385	0	0.27033	1
635	780	39	781	41	177	179	0.0240385	0	0.0857143	1
636	360	161	361	161	177	178	0.00480769	0	0.353846	1
637	392	127	391	129	177	178	0.0240385	0	0.279121	2
638	435	171	434	171	177	178	0.00480769	0	0.375824	2
639	82	285	66	280	177	180	0.197115	0	0.626374	2
640	347	181	352	185	177	180	0.100962	0	0.397802	1
641	359	185	362	188	177	179	0.0576923	0	0.406593	1
642	245	172	258	175	177	179	0.105769	0	0.378022	1
643	545	188	543	189	177	178	0.0144231	0	0.413187	2
644	584	61	588	61	177	180	0.0192308	0	0.134066	1
645	382	169	380	171	177	178	0.0288462	0	0.371429	2
646	483	105	487	107	177	178	0.0384615	0	0.230769	1
647	477	41	470	44	177	180	0.0769231	0	0.0901099	2
648	281	166	280	170	177	179	0.0817308	0	0.364835	2
649	371	192	374	194	177	179	0.0336538	0	0.421978	1
650	146	221	138	220	178	180	0.0432692	0	0.485714	2
651	93	294	88	293	178	179	0.0288462	0	0.646154	2
652	96	277	91	275	178	179	0.0432692	0	0.608791	2
653	128	226	117	226	178	180	0.0528846	0	0.496703	2
654	82	268	77	266	178	179	0.0432692	0	0.589011	2
655	254	129	257	129	178	179	0.0144231	0	0.283516	1
656	534	158	535	160	178	179	0.0240385	0	0.347253	1
657	289	221	288	222	178	179	0.00961538	0	0.485714	2
658	639	140	647	139	178	179	0.0432692	0	0.307692	1
659	460	125	466	124	178	179	0.0336538	0	0.274725	1
660	412	139	415	139	178	179	0.0144231	0	0.305495	1
661	461	115	468	114	178	179	0.0384615	0	0.252747	1
662	536	142	539	144	178	180	0.0336538	0	0.312088	1
663	351	155	354	154	178	179	0.0192308	0	0.340659	1
664	624	30	625	30	178	179	0.00480769	0	0.0659341	1
665	752	46	753	46	178	179	0.00480769	0	0.101099	1
666	298	62	298	62	178	179	0	0	0.136264	1
667	369	182	371	182	178	179	0.00961538	0	0.4	1
668	645	64	647	64	178	179	0.00961538	0	0.140659	1
669	144	211	136	211	178	180	0.0384615	0	0.463736	2
670	553	24	554	24	178	179	0.00480769	0	0.0527473	1
671	248	154	255	156	178	180	0.0528846	0	0.338462	1
672	231	220	243	222	178	179	0.0769231	0	0.483516	1
673	395	119	397	117	179	180	0.0288462	0	0.261538	1
674	396	131	399	129	179	180	0.0336538	0	0.287912	1
675	434	126	437	125	179	180	0.0192308	0	0.276923	1
676	758	34	760	32	179	180	0.0288462	0	0.0747253	1
677	408	122	411	123	179	180	0.0192308	0	0.268132	1
678	133	242	128	241	179	180	0.0288462	0	0.531868	2
679	493	123	497	122	179	180	0.0240385	0	0.27033	1
680	129	208	125	207	179	180	0.0240385	0	0.457143	2
681	151	269	146	266	179	180	0.0673077	0	0.591209	2
682	685	68	687	66	179	180	0.0288462	0	0.149451	1