
0	328	124	328	122	62	63	0.00693241	0	0.272527	1
1	456	325	453	323	62	65	0.0121317	0	0.714286	2
2	458	256	448	265	62	65	0.157712	0	0.562637	2
3	484	266	485	264	62	63	0.00866551	0	0.584615	1
4	383	40	379	41	62	63	0.00866551	0	0.0879121	2
5	395	124	394	122	62	63	0.00866551	0	0.272527	2
6	487	225	478	229	62	66	0.0433276	0	0.494505	2
7	178	329	182	329	62	71	0.00693241	0	0.723077	1
8	408	74	407	74	62	63	0.0017331	0	0.162637	2
9	634	153	632	150	63	66	0.0190641	0	0.336264	2
10	408	122	405	123	63	64	0.00693241	0	0.268132	2
11	312	131	314	131	63	64	0.0034662	0	0.287912	1
12	347	165	347	164	63	64	0.0017331	0	0.362637	1
13	713	24	714	24	63	66	0.0017331	0	0.0527473	1
14	336	132	339	128	63	66	0.0329289	0	0.29011	1
15	345	120	346	118	63	64	0.00866551	0	0.263736	1
16	388	91	393	90	63	72	0.0103986	0	0.2	1
17	451	129	451	128	63	64	0.0017331	0	0.283516	1
18	459	290	451	297	63	68	0.0987868	0	0.637363	2
19	507	221	488	231	63	69	0.206239	0	0.485714	2
20	309	89	310	91	63	65	0.00866551	0	0.195604	1
21	439	295	436	296	63	64	0.00693241	0	0.648352	2
22	417	88	419	87	63	66	0.00519931	0	0.193407	1
23	550	27	548	24	63	68	0.0190641	0	0.0593407	2
24	443	178	444	178	63	65	0.0017331	0	0.391209	1
25	506	329	508	328	64	66	0.00519931	0	0.723077	1
26	323	89	337	79	64	68	0.197574	0	0.195604	1
27	340	145	341	143	64	65	0.00866551	0	0.318681	1
28	136	67	145	75	64	70	0.126516	0	0.147253	1
29	342	100	350	91	64	67	0.154246	0	0.21978	1
30	383	41	377	40	64	67	0.0121317	0	0.0901099	2
31	576	428	455	426	64	78	0.216638	0	0.940659	2
32	413	24	413	24	64	65	0	0	0.0527473	1
33	349	163	356	156	65	67	0.0970537	0	0.358242	1
34	403	125	403	122	65	67	0.0155979	0	0.274725	1
35	410	76	407	75	65	66	0.00693241	0	0.167033	2
36	621	171	621	169	65	66	0.00693241	0	0.375824	1
37	457	186	458	187	65	66	0.0034662	0	0.408791	1
38	431	160	431	158	65	66	0.00693241	0	0.351648	1
39	496	208	486	205	65	68	0.0329289	0	0.457143	2
40	347	153	350	150	65	66	0.0207972	0	0.336264	1
41	435	297	436	301	65	68	0.0294627	0	0.652747	1
42	435	147	437	143	65	66	0.0311958	0	0.323077	1
43	434	119	426	106	65	81	0.306759	0	0.261538	2
44	451	323	454	323	66	67	0.00519931	0	0.70989	1
45	561	452	549	450	66	68	0.0277296	0	0.993407	2
46	343	140	345	136	66	67	0.0311958	0	0.307692	1
47	447	179	448	186	66	70	0.0866551	0	0.393407	1
48	422	138	424	134	66	68	0.0311958	0	0.303297	1
49	350	116	352	111	66	67	0.0467938	0	0.254945	1
50	420	266	419	265	66	67	0.0034662	0	0.584615	2
51	408	135	412	132	66	70	0.0225303	0	0.296703	1
52	576	455	559	453	66	69	0.0363951	0	1	2
53	321	197	324	198	66	69	0.00693241	0	0.432967	1
54	634	148	634	145	67	68	0.0155979	0	0.325275	1
55	367	38	364	37	67	68	0.00693241	0	0.0835165	2
56	344	124	347	122	67	68	0.0121317	0	0.272527	1
57	477	231	473	236	67	70	0.05026	0	0.507692	2
58	544	245	516	241	67	70	0.0762565	0	0.538462	2
59	450	311	451	312	67	68	0.0034662	0	0.683516	1
60	346	81	349	78	67	68	0.0207972	0	0.178022	1
61	717	24	720	28	67	70	0.0329289	0	0.0527473	1
62	378	75	379	78	67	69	0.017331	0	0.164835	1
63	334	124	338	122	67	68	0.0138648	0	0.272527	1
64	771	24	764	24	67	74	0.0121317	0	0.0527473	2
65	304	176	308	176	67	70	0.00693241	0	0.386813	1
66	198	246	198	243	67	72	0.0155979	0	0.540659	1
67	612	109	605	109	67	74	0.0121317	0	0.23956	2
68	309	138	316	141	67	69	0.0277296	0	0.303297	1
69	360	69	366	67	67	69	0.017331	0	0.151648	1
70	615	135	599	136	67	75	0.0294627	0	0.296703	2
71	565	43	565	42	67	68	0.0017331	0	0.0945055	1
72	115	41	94	42	67	78	0.0381282	0	0.0901099	2
73	41	128	42	131	67	69	0.017331	0	0.281319	1
74	361	155	366	154	68	69	0.0103986	0	0.340659	1
75	507	252	507	253	68	69	0.0017331	0	0.553846	1
76	467	155	468	157	68	69	0.00866551	0	0.340659	1
77	407	122	409	123	68	69	0.00519931	0	0.268132	1
78	375	33	371	33	68	69	0.00693241	0	0.0725275	2
79	647	103	648	99	68	72	0.0294627	0	0.226374	1
80	497	246	497	248	68	69	0.00693241	0	0.540659	1
81	376	44	372	46	68	69	0.0138648	0	0.0967033	2
82	338	93	340	91	68	69	0.0103986	0	0.204396	1
83	349	135	353	134	68	69	0.00866551	0	0.296703	1
84	400	75	381	76	68	71	0.034662	0	0.164835	2
85	636	145	630	143	69	72	0.017331	0	0.318681	2
86	459	175	452	174	69	70	0.0138648	0	0.384615	2
87	428	140	425	140	69	70	0.00519931	0	0.307692	2
88	701	24	700	24	69	70	0.0017331	0	0.0527473	2
89	628	125	550	140	69	93	0.52513	0	0.274725	2
90	740	24	738	25	69	70	0.00519931	0	0.0527473	2
91	136	74	126	75	69	78	0.0190641	0	0.162637	2
92	434	265	428	265	69	70	0.0103986	0	0.582418	2
93	566	42	563	41	69	70	0.00693241	0	0.0923077	2
94	592	24	591	24	69	70	0.0017331	0	0.0527473	2
95	356	80	355	75	70	71	0.0450607	0	0.175824	2
96	370	152	374	148	70	71	0.034662	0	0.334066	1
97	411	122	410	119	70	71	0.017331	0	0.268132	2
98	494	249	491	246	70	72	0.0207972	0	0.547253	2
99	140	139	131	136	70	75	0.0311958	0	0.305495	2
100	42	134	36	131	70	72	0.0259965	0	0.294505	2
101	351	125	352	121	70	71	0.0294627	0	0.274725	1
102	111	149	104	145	70	72	0.0398614	0	0.327473	2
103	322	197	320	194	70	71	0.0190641	0	0.432967	2
104	317	123	315	120	70	71	0.0190641	0	0.27033	2
105	437	140	432	139	70	72	0.0103986	0	0.307692	2
106	545	31	543	31	70	71	0.0034662	0	0.0681319	2
107	382	140	394	131	70	75	0.161179	0	0.307692	1
108	624	135	611	137	70	75	0.0294627	0	0.296703	2
109	369	70	368	67	70	71	0.017331	0	0.153846	2
110	345	160	347	156	70	71	0.0311958	0	0.351648	1
111	346	80	345	73	70	72	0.0866551	0	0.175824	2
112	476	215	470	211	71	72	0.0381282	0	0.472527	2
113	337	122	336	120	71	72	0.00866551	0	0.268132	2
114	145	74	136	73	71	78	0.017331	0	0.162637	2
115	543	450	535	450	71	72	0.0138648	0	0.989011	2
116	719	25	712	24	71	74	0.0138648	0	0.0549451	2
117	360	33	345	29	71	73	0.0537262	0	0.0725275	2
118	342	95	343	92	71	72	0.017331	0	0.208791	1
119	348	142	348	140	71	72	0.00693241	0	0.312088	1
120	30	115	25	115	71	73	0.00866551	0	0.252747	2
121	559	38	547	37	71	73	0.0225303	0	0.0835165	2
122	456	186	449	184	71	72	0.0190641	0	0.408791	2
123	110	169	101	169	71	73	0.0155979	0	0.371429	2
124	220	168	213	166	71	99	0.0190641	0	0.369231	2
125	454	167	446	166	71	72	0.0155979	0	0.367033	2
126	266	369	260	369	71	100	0.0103986	0	0.810989	2
127	425	109	423	108	71	72	0.00519931	0	0.23956	2
128	649	168	653	168	71	73	0.00693241	0	0.369231	1
129	431	163	427	162	71	72	0.00866551	0	0.358242	2
130	40	118	32	117	71	74	0.0155979	0	0.259341	2
131	626	41	606	42	71	77	0.0363951	0	0.0901099	2
132	426	86	426	83	71	74	0.0155979	0	0.189011	1
133	810	36	793	36	71	77	0.0294627	0	0.0791209	2
134	376	99	384	99	71	77	0.0138648	0	0.217582	1
135	345	40	335	39	72	73	0.0190641	0	0.0879121	2
136	355	73	356	72	72	74	0.0034662	0	0.16044	1
137	198	253	187	259	72	76	0.0814558	0	0.556044	2
138	503	251	496	248	72	74	0.0277296	0	0.551648	2
139	370	142	374	142	72	73	0.00693241	0	0.312088	1
140	187	245	179	247	72	75	0.0207972	0	0.538462	2
141	422	140	418	142	72	73	0.0138648	0	0.307692	2
142	117	137	108	136	72	74	0.017331	0	0.301099	2
143	352	118	351	115	72	74	0.017331	0	0.259341	2
144	637	89	636	90	72	73	0.0034662	0	0.195604	2
145	729	24	724	24	72	74	0.00866551	0	0.0527473	2
146	368	168	366	169	72	73	0.00519931	0	0.369231	2
147	410	137	408	139	72	73	0.0103986	0	0.301099	2
148	627	147	623	148	73	74	0.00866551	0	0.323077	2
149	444	312	429	303	73	75	0.166378	0	0.685714	2
150	462	208	452	205	73	74	0.0329289	0	0.457143	2
151	405	122	399	119	73	75	0.0259965	0	0.268132	2
152	431	122	428	120	73	74	0.0121317	0	0.268132	2
153	172	324	169	323	73	77	0.00693241	0	0.712088	2
154	170	336	167	330	73	75	0.067591	0	0.738462	2
155	430	178	420	176	73	74	0.0242634	0	0.391209	2
156	316	181	313	179	73	74	0.0121317	0	0.397802	2
157	33	133	26	129	73	75	0.0398614	0	0.292308	2
158	636	203	633	203	73	74	0.00519931	0	0.446154	2
159	649	102	649	102	73	74	0	0	0.224176	1
160	356	127	357	125	73	74	0.00866551	0	0.279121	1
161	433	303	417	296	73	75	0.112652	0	0.665934	2
162	317	126	316	123	73	74	0.017331	0	0.276923	2
163	331	54	328	52	73	74	0.0121317	0	0.118681	2
164	338	122	337	119	73	76	0.017331	0	0.268132	2
165	407	264	372	267	73	77	0.0762565	0	0.58022	2
166	401	36	398	35	73	100	0.00693241	0	0.0791209	2
167	421	122	418	121	73	74	0.00693241	0	0.268132	2
168	489	247	466	238	73	76	0.180243	0	0.542857	2
169	416	104	408	105	73	79	0.0155979	0	0.228571	2
170	443	126	429	119	73	80	0.109185	0	0.276923	2
171	186	287	184	286	73	74	0.00519931	0	0.630769	2
172	378	139	381	138	74	76	0.00693241	0	0.305495	1
173	366	146	368	146	74	77	0.0034662	0	0.320879	1
174	376	113	378	109	74	75	0.0311958	0	0.248352	1
175	404	280	383	280	74	76	0.0363951	0	0.615385	2
176	102	213	97	210	74	75	0.0242634	0	0.468132	2
177	633	147	630	147	74	75	0.00519931	0	0.323077	2
178	441	200	419	199	74	76	0.0398614	0	0.43956	2
179	541	37	533	35	74	75	0.0207972	0	0.0813187	2
180	202	243	190	255	74	78	0.270364	0	0.534066	2
181	611	185	588	199	74	85	0.379549	0	0.406593	2
182	471	230	352	223	74	87	0.291161	0	0.505495	2
183	186	325	178	328	74	77	0.0294627	0	0.714286	2
184	223	62	217	61	74	88	0.0121317	0	0.136264	2
185	439	313	414	305	75	77	0.154246	0	0.687912	2
186	93	165	87	165	75	76	0.0103986	0	0.362637	2
187	635	205	628	203	75	82	0.0190641	0	0.450549	2
188	320	34	311	34	75	76	0.0155979	0	0.0747253	2
189	619	151	610	160	75	77	0.155979	0	0.331868	2
190	166	276	163	280	75	76	0.0329289	0	0.606593	2
191	361	122	359	123	75	77	0.00519931	0	0.268132	2
192	312	177	304	179	75	77	0.0207972	0	0.389011	2
193	661	162	658	163	75	76	0.00693241	0	0.356044	2
194	414	117	405	120	75	77	0.0311958	0	0.257143	2
195	426	118	422	118	75	76	0.00693241	0	0.259341	2
196	616	161	612	165	75	76	0.034662	0	0.353846	2
197	710	24	712	27	75	100	0.0190641	0	0.0527473	1
198	364	50	366	53	75	100	0.0190641	0	0.10989	1
199	374	298	352	313	75	78	0.428076	0	0.654945	2
200	501	440	489	437	75	76	0.0363951	0	0.967033	2
201	103	134	89	137	75	77	0.0398614	0	0.294505	2
202	182	285	180	288	75	76	0.0190641	0	0.626374	2
203	347	110	346	110	75	76	0.0017331	0	0.241758	2
204	367	107	368	107	75	76	0.0017331	0	0.235165	1
205	328	143	327	147	75	77	0.0294627	0	0.314286	2
206	459	98	460	98	75	79	0.0017331	0	0.215385	1
207	113	156	113	159	75	82	0.0155979	0	0.342857	1
208	603	107	605	109	75	100	0.0103986	0	0.235165	1
209	29	114	25	114	75	76	0.00693241	0	0.250549	2
210	378	110	376	111	76	77	0.00519931	0	0.241758	2
211	430	98	425	100	76	78	0.0155979	0	0.215385	2
212	130	134	124	136	76	78	0.017331	0	0.294505	2
213	391	112	387	114	76	77	0.0138648	0	0.246154	2
214	177	252	172	262	76	79	0.181976	0	0.553846	2
215	91	212	79	214	76	78	0.0277296	0	0.465934	2
216	349	97	347	98	76	77	0.00519931	0	0.213187	2
217	609	181	606	185	76	77	0.0329289	0	0.397802	2
218	803	24	811	26	76	100	0.0207972	0	0.0527473	1
219	98	151	87	153	76	81	0.0259965	0	0.331868	2
220	372	246	319	252	76	85	0.154246	0	0.540659	2
221	717	24	713	24	76	80	0.00693241	0	0.0527473	2
222	108	130	92	133	76	82	0.0433276	0	0.285714	2
223	406	221	389	229	76	79	0.140381	0	0.485714	2
224	472	138	482	142	76	85	0.0450607	0	0.303297	1
225	352	158	357	161	76	79	0.0242634	0	0.347253	1
226	594	140	583	149	76	79	0.159445	0	0.307692	2
227	394	122	390	124	76	77	0.0138648	0	0.268132	2
228	424	78	438	77	76	86	0.0259965	0	0.171429	1
229	155	165	162	167	76	100	0.0190641	0	0.362637	1
230	182	265	183	268	77	80	0.017331	0	0.582418	1
231	682	24	680	24	77	79	0.0034662	0	0.0527473	2
232	357	330	357	327	77	82	0.0155979	0	0.725275	1
233	826	43	825	41	77	80	0.00866551	0	0.0945055	2
234	654	165	650	167	77	78	0.0138648	0	0.362637	2
235	161	285	160	288	77	78	0.017331	0	0.626374	2
236	337	121	360	121	77	83	0.0398614	0	0.265934	1
237	420	119	418	119	77	78	0.0034662	0	0.261538	2
238	609	170	607	170	77	79	0.0034662	0	0.373626	2
239	380	136	380	135	77	79	0.0017331	0	0.298901	1
240	180	293	182	295	77	78	0.0103986	0	0.643956	1
241	347	111	387	113	77	87	0.0762565	0	0.243956	1
242	415	252	413	246	77	83	0.0658579	0	0.553846	2
243	582	24	580	25	77	78	0.00519931	0	0.0527473	2
244	456	131	461	126	77	81	0.0519931	0	0.287912	1
245	626	93	627	95	77	78	0.00866551	0	0.204396	1
246	411	146	411	146	78	79	0	0	0.320879	1
247	378	113	382	111	78	79	0.0138648	0	0.248352	1
248	172	325	176	325	78	79	0.00693241	0	0.714286	1
249	388	114	390	112	78	79	0.0103986	0	0.250549	1
250	391	127	392	124	78	79	0.017331	0	0.279121	1
251	405	116	407	114	78	79	0.0103986	0	0.254945	1
252	327	180	334	180	78	81	0.0121317	0	0.395604	1
253	170	335	180	334	78	80	0.0190641	0	0.736264	1
254	447	165	449	161	78	81	0.0311958	0	0.362637	1
255	386	302	371	299	78	79	0.0415945	0	0.663736	2
256	88	136	79	137	78	84	0.017331	0	0.298901	2
257	423	189	425	189	78	79	0.0034662	0	0.415385	1
258	635	139	654	144	78	84	0.0762565	0	0.305495	1
259	296	36	291	34	78	79	0.0155979	0	0.0791209	2
260	591	161	586	158	78	80	0.0242634	0	0.353846	2
261	435	198	439	196	79	82	0.0138648	0	0.435165	1
262	138	73	148	71	79	84	0.0242634	0	0.16044	1
263	445	428	336	422	79	88	0.2513	0	0.940659	2
264	351	315	350	314	79	80	0.0034662	0	0.692308	2
265	159	289	165	291	79	85	0.017331	0	0.635165	1
266	365	119	369	117	79	80	0.0138648	0	0.261538	1
267	364	81	386	76	79	82	0.0814558	0	0.178022	1
268	399	145	401	141	79	80	0.0311958	0	0.318681	1
269	374	76	383	73	79	80	0.0311958	0	0.167033	1
270	76	174	72	171	79	81	0.0225303	0	0.382418	2
271	436	441	406	440	79	82	0.0537262	0	0.969231	2
272	393	96	400	93	79	81	0.0277296	0	0.210989	1
273	370	148	372	147	79	80	0.00519931	0	0.325275	1
274	333	50	337	47	79	93	0.0225303	0	0.10989	1
275	601	182	600	180	79	80	0.00866551	0	0.4	2
276	632	95	693	110	79	97	0.495667	0	0.208791	1
277	318	73	317	70	79	80	0.017331	0	0.16044	2
278	457	438	449	439	79	80	0.0155979	0	0.962637	2
279	77	212	75	211	79	89	0.00519931	0	0.465934	2
280	93	206	93	203	79	87	0.0155979	0	0.452747	1
281	795	42	805	41	79	100	0.0190641	0	0.0923077	1
282	647	148	663	155	79	85	0.112652	0	0.325275	1
283	412	146	414	142	80	83	0.0311958	0	0.320879	1
284	397	123	399	120	80	81	0.0190641	0	0.27033	1
285	584	147	570	149	80	86	0.0311958	0	0.323077	2
286	384	142	385	140	80	81	0.00866551	0	0.312088	1
287	607	168	601	170	80	82	0.017331	0	0.369231	2
288	653	171	657	171	80	86	0.00693241	0	0.375824	1
289	173	263	181	260	80	86	0.0294627	0	0.578022	1
290	288	33	282	31	80	81	0.017331	0	0.0725275	2
291	373	95	377	95	80	81	0.00693241	0	0.208791	1
292	294	50	287	49	80	81	0.0138648	0	0.10989	2
293	321	51	322	49	80	81	0.00866551	0	0.112088	1
294	608	155	606	155	80	81	0.0034662	0	0.340659	2
295	500	38	496	36	80	82	0.0138648	0	0.0835165	2
296	24	116	33	116	80	86	0.0155979	0	0.254945	1
297	183	258	188	257	80	84	0.0103986	0	0.567033	1
298	340	265	322	266	80	83	0.0329289	0	0.582418	2
299	466	27	470	27	80	87	0.00693241	0	0.0593407	1
300	185	267	191	265	81	85	0.017331	0	0.586813	1
301	408	132	409	131	81	82	0.0034662	0	0.29011	1
302	412	109	412	110	81	82	0.0017331	0	0.23956	1
303	128	133	129	133	81	82	0.0017331	0	0.292308	1
304	652	99	668	107	81	85	0.138648	0	0.217582	1
305	445	450	430	452	81	82	0.0329289	0	0.989011	2
306	182	336	183	338	81	83	0.00866551	0	0.738462	1
307	396	110	398	110	81	82	0.0034662	0	0.241758	1
308	24	130	30	132	81	84	0.017331	0	0.285714	1
309	182	326	183	327	81	82	0.0034662	0	0.716484	1
310	324	172	332	172	81	82	0.0138648	0	0.378022	1
311	513	26	509	24	81	85	0.0138648	0	0.0571429	2
312	657	109	669	115	81	84	0.0831889	0	0.23956	1
313	613	189	606	192	81	83	0.0277296	0	0.415385	2
314	424	130	425	129	81	82	0.0034662	0	0.285714	1
315	457	171	457	170	81	82	0.0017331	0	0.375824	1
316	398	143	400	142	82	83	0.00519931	0	0.314286	1
317	426	118	427	119	82	83	0.0034662	0	0.259341	1
318	89	155	68	165	82	99	0.209705	0	0.340659	2
319	388	141	394	140	82	84	0.0121317	0	0.30989	1
320	283	24	277	24	82	83	0.0103986	0	0.0527473	2
321	379	216	347	214	82	86	0.0623917	0	0.474725	2
322	70	171	66	169	82	85	0.0138648	0	0.375824	2
323	322	51	320	52	82	94	0.00519931	0	0.112088	2
324	284	86	283	87	82	87	0.0034662	0	0.189011	2
325	643	108	654	112	82	85	0.0467938	0	0.237363	1
326	383	99	388	102	82	83	0.0242634	0	0.217582	1
327	756	24	760	24	82	85	0.00693241	0	0.0527473	1
328	192	314	192	318	82	85	0.0277296	0	0.69011	1
329	130	134	131	134	83	84	0.0017331	0	0.294505	1
330	313	306	265	329	83	93	1	0	0.672527	2
331	395	76	406	76	83	85	0.0190641	0	0.167033	1
332	458	169	458	169	83	84	0	0	0.371429	1
333	631	162	641	162	83	85	0.017331	0	0.356044	1
334	369	196	336	194	83	87	0.0641248	0	0.430769	2
335	113	162	109	161	83	85	0.00866551	0	0.356044	2
336	267	32	260	32	83	84	0.0121317	0	0.0703297	2
337	382	151	385	151	83	84	0.00519931	0	0.331868	1
338	24	86	45	89	83	100	0.0519931	0	0.189011	1
339	718	24	718	24	83	85	0	0	0.0527473	1
340	427	131	428	130	83	84	0.0034662	0	0.287912	1
341	91	135	75	146	83	100	0.237435	0	0.296703	2
342	336	300	328	301	83	84	0.0155979	0	0.659341	2
343	365	237	330	239	83	89	0.067591	0	0.520879	2
344	392	112	397	113	83	84	0.0103986	0	0.246154	1
345	175	294	173	295	83	89	0.00519931	0	0.646154	2
346	472	132	514	138	83	98	0.135182	0	0.29011	1
347	404	143	406	142	84	85	0.00519931	0	0.314286	1
348	595	168	589	168	84	85	0.0103986	0	0.369231	2
349	377	128	381	127	84	85	0.00866551	0	0.281319	1
350	364	148	373	146	84	86	0.0225303	0	0.325275	1
351	426	119	429	118	84	87	0.00693241	0	0.261538	1
352	447	97	452	97	84	88	0.00866551	0	0.213187	1
353	494	39	492	37	84	87	0.0103986	0	0.0857143	2
354	272	69	269	69	84	85	0.00519931	0	0.151648	2
355	388	151	394	152	85	87	0.0121317	0	0.331868	1
356	149	72	149	73	85	86	0.0017331	0	0.158242	1
357	431	106	431	106	85	86	0	0	0.232967	1
358	417	133	419	131	85	86	0.0103986	0	0.292308	1
359	132	134	134	134	85	86	0.0034662	0	0.294505	1
360	390	140	395	140	85	87	0.00866551	0	0.307692	1
361	30	133	34	131	85	87	0.0138648	0	0.292308	1
362	397	238	386	233	85	86	0.0623917	0	0.523077	2
363	672	117	707	125	85	96	0.171577	0	0.257143	1
364	438	191	436	185	85	89	0.0658579	0	0.41978	2
365	71	152	68	148	85	87	0.0329289	0	0.334066	2
366	75	137	74	135	85	86	0.00866551	0	0.301099	2
367	445	126	445	127	85	86	0.0017331	0	0.276923	1
368	144	134	143	134	85	86	0.0017331	0	0.294505	2
369	189	255	187	260	85	90	0.0467938	0	0.56044	2
370	526	41	525	39	85	86	0.00866551	0	0.0901099	2
371	338	216	321	222	85	88	0.0918544	0	0.474725	2
372	185	287	184	287	85	88	0.0017331	0	0.630769	2
373	193	266	191	269	86	89	0.0190641	0	0.584615	2
374	671	107	686	107	86	92	0.0259965	0	0.235165	1
375	408	141	410	141	86	87	0.0034662	0	0.30989	1
376	342	250	340	248	86	88	0.0103986	0	0.549451	2
377	288	336	287	336	86	87	0.0017331	0	0.738462	2
378	658	113	661	113	86	87	0.00519931	0	0.248352	1
379	70	168	69	166	86	87	0.00866551	0	0.369231	2
380	584	169	578	168	86	87	0.0121317	0	0.371429	2
381	427	168	429	169	86	87	0.00519931	0	0.369231	1
382	373	124	378	124	86	87	0.00866551	0	0.272527	1
383	106	160	104	159	86	87	0.00519931	0	0.351648	2
384	458	151	460	152	86	87	0.00519931	0	0.331868	1
385	508	24	504	26	86	88	0.0138648	0	0.0527473	2
386	307	271	301	273	86	87	0.017331	0	0.595604	2
387	192	318	192	316	86	88	0.00693241	0	0.698901	1
388	448	128	450	129	87	88	0.00519931	0	0.281319	1
389	149	76	148	78	87	88	0.00866551	0	0.167033	2
390	181	261	178	263	87	89	0.0121317	0	0.573626	2
391	73	135	72	133	87	88	0.00866551	0	0.296703	2
392	451	194	449	193	87	88	0.00519931	0	0.426374	2
393	761	39	763	37	87	89	0.0103986	0	0.0857143	1
394	138	135	140	136	87	88	0.00519931	0	0.296703	1
395	422	76	426	74	87	88	0.0138648	0	0.167033	1
396	253	47	213	51	87	92	0.0970537	0	0.103297	2
397	308	258	302	260	87	88	0.017331	0	0.567033	2
398	140	93	148	102	87	95	0.154246	0	0.204396	1
399	171	271	169	278	87	92	0.0883882	0	0.595604	2
400	331	171	315	169	87	89	0.034662	0	0.375824	2
401	44	104	51	104	87	95	0.0121317	0	0.228571	1
402	396	151	398	148	88	92	0.0190641	0	0.331868	1
403	443	118	445	117	88	89	0.00519931	0	0.259341	1
404	398	141	402	138	88	92	0.0225303	0	0.30989	1
405	66	165	63	164	88	89	0.00693241	0	0.362637	2
406	63	147	60	144	88	89	0.0207972	0	0.323077	2
407	329	304	324	298	88	89	0.0710572	0	0.668132	2
408	409	141	410	140	88	89	0.0034662	0	0.30989	1
409	453	114	455	113	88	89	0.00519931	0	0.250549	1
410	37	130	38	129	88	90	0.0034662	0	0.285714	1
411	303	287	297	289	88	89	0.017331	0	0.630769	2
412	671	119	679	121	88	91	0.0207972	0	0.261538	1
413	592	200	589	198	88	89	0.0121317	0	0.43956	2
414	26	115	30	116	88	95	0.00866551	0	0.252747	1
415	662	129	685	141	88	94	0.289428	0	0.283516	1
416	302	32	307	33	88	100	0.0103986	0	0.0703297	1
417	421	135	419	134	88	89	0.00519931	0	0.296703	2
418	440	79	441	80	88	89	0.0034662	0	0.173626	1
419	475	28	475	30	88	95	0.00693241	0	0.0615385	1
420	457	72	483	77	88	95	0.0883882	0	0.158242	1
421	267	62	262	61	88	89	0.0103986	0	0.136264	2
422	286	337	284	337	88	89	0.0034662	0	0.740659	2
423	686	100	718	105	88	99	0.0987868	0	0.21978	1
424	456	367	461	368	88	100	0.0103986	0	0.806593	1
425	221	25	212	24	89	90	0.017331	0	0.0549451	2
426	433	124	438	125	89	93	0.0103986	0	0.272527	1
427	433	98	435	97	89	90	0.00519931	0	0.215385	1
428	339	249	337	247	89	90	0.0103986	0	0.547253	2
429	148	79	148	80	89	90	0.0017331	0	0.173626	1
430	452	95	462	94	89	92	0.0190641	0	0.208791	1
431	298	264	259	282	89	100	0.629116	0	0.58022	2
432	448	193	446	193	89	90	0.0034662	0	0.424176	2
433	75	201	55	199	89	94	0.0415945	0	0.441758	2
434	71	131	68	130	89	91	0.00693241	0	0.287912	2
435	718	24	723	26	89	100	0.0155979	0	0.0527473	1
436	569	166	561	165	89	91	0.0155979	0	0.364835	2
437	516	35	507	35	89	91	0.0155979	0	0.0769231	2
438	453	132	456	134	89	90	0.0121317	0	0.29011	1
439	673	170	682	172	89	90	0.0225303	0	0.373626	1
440	428	87	434	85	89	90	0.017331	0	0.191209	1
441	163	291	163	296	89	92	0.0433276	0	0.63956	1
442	164	64	166	66	89	92	0.0103986	0	0.140659	1
443	87	197	76	197	89	92	0.0190641	0	0.432967	2
444	190	270	189	271	90	91	0.0034662	0	0.593407	2
445	59	160	57	161	90	91	0.00519931	0	0.351648	2
446	448	117	456	114	90	93	0.0294627	0	0.257143	1
447	148	140	151	141	90	91	0.00693241	0	0.307692	1
448	411	142	412	142	90	91	0.0017331	0	0.312088	1
449	272	266	260	268	90	93	0.0277296	0	0.584615	2
450	444	81	446	81	90	91	0.0034662	0	0.178022	1
451	387	149	388	148	90	91	0.0034662	0	0.327473	1
452	318	421	319	440	90	91	0.627383	0	0.925275	1
453	436	184	436	184	90	91	0	0	0.404396	1
454	610	40	601	39	90	93	0.017331	0	0.0879121	2
455	765	39	778	41	90	99	0.0294627	0	0.0857143	1
456	176	341	175	341	90	91	0.0017331	0	0.749451	2
457	305	201	297	198	90	91	0.0294627	0	0.441758	2
458	173	296	172	301	90	94	0.0450607	0	0.650549	2
459	483	124	491	129	90	93	0.0571924	0	0.272527	1
460	438	110	456	111	90	96	0.0329289	0	0.241758	1
461	449	107	479	109	90	99	0.0589255	0	0.235165	1
462	202	250	214	263	90	100	0.313692	0	0.549451	1
463	764	24	776	26	90	100	0.0277296	0	0.0527473	1
464	102	105	109	106	90	100	0.0138648	0	0.230769	1
465	550	191	534	199	90	95	0.138648	0	0.41978	2
466	288	292	280	293	91	93	0.0155979	0	0.641758	2
467	165	343	165	351	91	93	0.110919	0	0.753846	1
468	179	269	181	274	91	95	0.0467938	0	0.591209	1
469	149	81	155	87	91	96	0.0727903	0	0.178022	1
470	141	136	145	133	91	93	0.0225303	0	0.298901	1
471	206	26	200	26	91	92	0.0103986	0	0.0571429	2
472	365	178	376	176	91	92	0.0259965	0	0.391209	1
473	40	130	48	130	91	97	0.0138648	0	0.285714	1
474	239	40	239	39	91	92	0.0017331	0	0.0879121	1
475	327	240	320	233	91	93	0.0970537	0	0.527473	2
476	85	212	79	216	91	100	0.0381282	0	0.465934	2
477	298	450	287	445	91	92	0.0623917	0	0.989011	2
478	447	79	451	79	92	93	0.00693241	0	0.173626	1
479	290	196	279	195	92	93	0.0207972	0	0.430769	2
480	190	271	189	271	92	93	0.0017331	0	0.595604	2
481	558	167	556	167	92	93	0.0034662	0	0.367033	2
482	414	142	413	142	92	93	0.0017331	0	0.312088	2
483	437	184	437	186	92	93	0.00693241	0	0.404396	1
484	155	143	155	143	92	93	0	0	0.314286	1
485	171	337	168	340	92	93	0.0207972	0	0.740659	2
486	261	347	253	350	92	93	0.0294627	0	0.762637	2
487	67	132	63	151	92	100	0.632582	0	0.29011	2
488	274	298	262	302	92	94	0.0485269	0	0.654945	2
489	443	96	446	95	92	93	0.00693241	0	0.210989	1
490	683	121	696	127	92	96	0.084922	0	0.265934	1
491	276	211	234	220	92	99	0.213172	0	0.463736	2
492	41	118	45	120	92	96	0.0138648	0	0.259341	1
493	193	25	186	26	93	94	0.0138648	0	0.0549451	2
494	466	95	499	97	93	100	0.0641248	0	0.208791	1
495	222	83	221	82	93	95	0.0034662	0	0.182418	2
496	484	156	488	157	93	94	0.00866551	0	0.342857	1
497	56	168	52	170	93	94	0.0138648	0	0.369231	2
498	73	199	74	204	93	100	0.0450607	0	0.437363	1
499	436	101	448	102	93	97	0.0225303	0	0.221978	1
500	443	198	441	201	93	94	0.0190641	0	0.435165	2
501	332	238	326	231	93	94	0.0953206	0	0.523077	2
502	689	109	698	112	93	96	0.0311958	0	0.23956	1
503	240	39	246	39	93	98	0.0103986	0	0.0857143	1
504	497	113	509	113	93	96	0.0207972	0	0.248352	1
505	228	40	234	40	93	99	0.0103986	0	0.0879121	1
506	259	62	265	63	93	100	0.0121317	0	0.136264	1
507	265	284	261	287	93	94	0.0225303	0	0.624176	2
508	190	274	191	275	94	95	0.0034662	0	0.602198	1
509	458	80	464	80	94	95	0.0103986	0	0.175824	1
510	563	34	568	34	94	100	0.00866551	0	0.0747253	1
511	165	354	165	355	94	95	0.0017331	0	0.778022	1
512	257	272	237	280	94	100	0.145581	0	0.597802	2
513	459	117	466	119	94	96	0.0190641	0	0.257143	1
514	411	144	409	145	94	95	0.00519931	0	0.316484	2
515	275	297	270	300	94	95	0.0242634	0	0.652747	2
516	601	41	604	42	94	100	0.00693241	0	0.0901099	1
517	253	241	244	243	94	96	0.0225303	0	0.52967	2
518	686	24	688	24	94	96	0.0034662	0	0.0527473	1
519	551	169	548	172	94	95	0.0207972	0	0.371429	2
520	445	191	448	192	94	96	0.00693241	0	0.41978	1
521	429	141	440	142	94	96	0.0207972	0	0.30989	1
522	402	24	406	24	94	97	0.00693241	0	0.0527473	1
523	91	39	96	38	94	100	0.0103986	0	0.0857143	1
524	215	49	193	48	94	97	0.0398614	0	0.107692	2
525	262	338	261	344	94	96	0.0641248	0	0.742857	2
526	448	96	459	97	94	97	0.0207972	0	0.210989	1
527	393	169	399	174	94	96	0.0537262	0	0.371429	1
528	209	66	207	66	94	95	0.0034662	0	0.145055	2
529	171	302	176	307	95	98	0.0519931	0	0.663736	1
530	250	338	246	341	95	96	0.0225303	0	0.742857	2
531	319	54	317	53	95	100	0.00519931	0	0.118681	2
532	498	87	504	86	95	96	0.0121317	0	0.191209	1
533	690	145	700	143	95	98	0.0242634	0	0.318681	1
534	578	24	579	24	95	96	0.0017331	0	0.0527473	1
535	63	213	69	212	95	100	0.0121317	0	0.468132	1
536	248	355	251	355	95	97	0.00519931	0	0.78022	1
537	260	298	257	299	95	96	0.00693241	0	0.654945	2
538	47	173	45	177	95	97	0.0311958	0	0.38022	2
539	192	46	185	45	95	96	0.0138648	0	0.101099	2
540	239	314	237	305	95	98	0.143847	0	0.69011	2
541	471	80	476	77	96	97	0.0242634	0	0.175824	1
542	197	277	201	277	96	97	0.00693241	0	0.608791	1
543	417	151	418	150	96	97	0.0034662	0	0.331868	1
544	185	277	189	277	96	97	0.00693241	0	0.608791	1
545	450	131	454	131	96	97	0.00693241	0	0.287912	1
546	543	162	529	166	96	100	0.0519931	0	0.356044	2
547	531	199	529	199	96	97	0.0034662	0	0.437363	2
548	167	355	168	354	96	97	0.0034662	0	0.78022	1
549	276	315	273	314	96	97	0.00693241	0	0.692308	2
550	501	161	506	160	96	99	0.0103986	0	0.353846	1
551	221	425	159	431	96	100	0.169844	0	0.934066	2
552	48	218	44	219	96	97	0.00866551	0	0.479121	2
553	527	158	524	159	96	97	0.00693241	0	0.347253	2
554	546	227	547	225	96	97	0.00866551	0	0.498901	1
555	466	145	470	144	96	97	0.00866551	0	0.318681	1
556	704	125	708	123	97	99	0.0138648	0	0.274725	1
557	158	87	163	86	97	99	0.0103986	0	0.191209	1
558	37	120	39	120	97	99	0.0034662	0	0.263736	1
559	260	288	247	291	97	100	0.0381282	0	0.632967	2
560	247	245	247	243	97	100	0.00693241	0	0.538462	1
561	710	165	713	165	97	100	0.00519931	0	0.362637	1
562	717	185	718	185	97	100	0.0017331	0	0.406593	1
563	47	120	49	119	97	99	0.00519931	0	0.263736	1
564	175	72	181	71	97	100	0.0121317	0	0.158242	1
565	420	148	422	152	98	100	0.0311958	0	0.325275	1
566	251	302	247	303	98	99	0.00866551	0	0.663736	2
567	194	277	200	279	98	100	0.017331	0	0.608791	1
568	245	338	236	341	98	100	0.0311958	0	0.742857	2
569	206	278	209	279	98	99	0.00693241	0	0.610989	1
570	523	160	520	161	98	99	0.00693241	0	0.351648	2
571	444	120	449	120	98	99	0.00866551	0	0.263736	1
572	51	179	50	182	98	99	0.017331	0	0.393407	2
573	457	192	464	192	98	100	0.0121317	0	0.421978	1
574	450	106	453	106	98	99	0.00519931	0	0.232967	1
575	176	358	176	359	98	100	0.0017331	0	0.786813	1
576	430	144	436	148	98	100	0.0381282	0	0.316484	1
577	408	24	408	25	98	100	0.0017331	0	0.0527473	1
578	473	88	476	88	98	99	0.00519931	0	0.193407	1
579	50	132	51	134	98	100	0.00866551	0	0.29011	1
580	256	354	257	354	98	99	0.0017331	0	0.778022	1
581	344	48	344	49	98	100	0.0017331	0	0.105495	1
582	156	24	148	24	98	99	0.0138648	0	0.0527473	2
583	47	220	47	221	98	100	0.0017331	0	0.483516	1
584	181	292	183	294	99	100	0.0103986	0	0.641758	1
585	187	282	188	283	99	100	0.0034662	0	0.61978	1
586	454	142	457	143	99	100	0.00693241	0	0.312088	1
587	708	111	708	110	99	100	0.0017331	0	0.243956	1
588	527	204	523	205	99	100	0.00866551	0	0.448352	2
589	465	100	467	101	99	100	0.00519931	0	0.21978	1
590	736	180	736	183	99	100	0.0155979	0	0.395604	1
591	538	178	530	179	99	100	0.0155979	0	0.391209	2
592	195	353	200	357	99	100	0.0363951	0	0.775824	1
593	231	368	227	375	99	100	0.0918544	0	0.808791	2
594	698	110	699	110	99	100	0.0017331	0	0.241758	1
595	417	177	418	180	99	100	0.017331	0	0.389011	1
596	86	140	85	142	99	100	0.00866551	0	0.307692	2