
0	479	263	465	266	67	72	0.066092	0	0.611628	2
1	490	111	489	107	67	68	0.0488506	0	0.25814	2
2	462	264	452	269	67	73	0.100575	0	0.613953	2
3	509	385	503	379	67	68	0.12069	0	0.895349	2
4	526	176	522	174	67	68	0.0229885	0	0.409302	2
5	461	126	459	119	67	70	0.146552	0	0.293023	2
6	427	104	426	99	67	68	0.0747126	0	0.24186	2
7	477	49	476	44	68	69	0.0747126	0	0.113953	2
8	477	135	476	130	68	69	0.0747126	0	0.313953	2
9	414	129	414	126	68	69	0.0258621	0	0.3	1
10	645	95	646	93	68	69	0.0143678	0	0.22093	1
11	496	33	496	31	68	69	0.0114943	0	0.0767442	1
12	408	140	408	138	68	69	0.0114943	0	0.325581	1
13	477	286	480	286	68	71	0.00862069	0	0.665116	1
14	537	188	519	188	68	74	0.0517241	0	0.437209	2
15	491	85	492	83	68	69	0.0143678	0	0.197674	1
16	748	27	753	39	69	95	0.428161	0	0.0627907	1
17	472	140	469	142	69	75	0.0201149	0	0.325581	2
18	519	348	517	350	69	70	0.0172414	0	0.809302	2
19	423	87	426	85	70	72	0.0201149	0	0.202326	1
20	489	103	489	103	70	71	0	0	0.239535	1
21	514	375	512	378	70	71	0.0316092	0	0.872093	2
22	466	248	460	249	70	72	0.0201149	0	0.576744	2
23	433	138	439	137	70	71	0.0201149	0	0.32093	1
24	639	93	637	95	70	78	0.0172414	0	0.216279	2
25	524	334	325	338	70	94	0.617816	0	0.776744	2
26	488	87	488	87	70	71	0	0	0.202326	1
27	656	120	658	123	70	71	0.0316092	0	0.27907	1
28	466	88	466	87	70	71	0.00287356	0	0.204651	1
29	388	162	399	160	70	76	0.0431034	0	0.376744	1
30	488	57	489	58	70	71	0.00574713	0	0.132558	1
31	421	125	422	123	71	72	0.0143678	0	0.290698	1
32	256	30	242	34	71	84	0.0862069	0	0.0697674	2
33	651	93	652	93	71	72	0.00287356	0	0.216279	1
34	478	30	478	30	71	72	0	0	0.0697674	1
35	489	41	486	41	71	72	0.00862069	0	0.0953488	2
36	665	103	664	102	71	73	0.00574713	0	0.239535	2
37	324	30	311	34	71	84	0.0833333	0	0.0697674	2
38	475	126	474	123	71	72	0.0287356	0	0.293023	2
39	278	136	278	135	71	73	0.00287356	0	0.316279	1
40	494	359	482	358	71	73	0.0373563	0	0.834884	2
41	496	143	494	141	71	72	0.0172414	0	0.332558	2
42	495	117	496	115	71	72	0.0143678	0	0.272093	1
43	447	24	447	24	71	72	0	0	0.055814	1
44	108	46	105	46	71	74	0.00862069	0	0.106977	2
45	397	24	397	24	71	73	0	0	0.055814	1
46	488	70	483	73	71	75	0.0402299	0	0.162791	2
47	426	133	427	129	72	73	0.0488506	0	0.309302	1
48	489	103	484	100	72	75	0.0402299	0	0.239535	2
49	509	350	497	348	72	74	0.045977	0	0.813953	2
50	511	383	500	389	72	77	0.135057	0	0.890698	2
51	521	151	520	155	72	81	0.0488506	0	0.351163	2
52	569	221	553	217	72	74	0.091954	0	0.513953	2
53	797	35	799	35	72	76	0.00574713	0	0.0813953	1
54	446	136	449	133	72	73	0.0344828	0	0.316279	1
55	483	40	480	39	73	74	0.0114943	0	0.0930233	2
56	474	121	473	118	73	74	0.0287356	0	0.281395	2
57	433	86	434	85	73	74	0.00574713	0	0.2	1
58	107	62	104	63	73	75	0.0114943	0	0.144186	2
59	432	34	429	36	73	81	0.0201149	0	0.0790698	2
60	653	94	653	94	73	74	0	0	0.218605	1
61	437	115	437	112	73	74	0.0258621	0	0.267442	1
62	438	126	441	124	73	74	0.0201149	0	0.293023	1
63	478	29	478	29	73	75	0	0	0.0674419	1
64	424	101	425	99	73	74	0.0143678	0	0.234884	1
65	265	32	262	35	73	81	0.0344828	0	0.0744186	2
66	97	57	92	57	73	76	0.0143678	0	0.132558	2
67	500	101	494	107	73	79	0.12069	0	0.234884	2
68	501	117	501	116	73	74	0.00287356	0	0.272093	1
69	511	110	480	123	73	87	0.574713	0	0.255814	2
70	433	139	437	137	73	74	0.0229885	0	0.323256	1
71	664	103	663	104	74	75	0.00574713	0	0.239535	2
72	448	111	448	111	74	75	0	0	0.25814	1
73	475	49	472	49	74	75	0.00862069	0	0.113953	2
74	279	137	287	134	74	79	0.0488506	0	0.318605	1
75	578	29	548	28	74	89	0.0890805	0	0.0674419	2
76	447	24	445	27	74	81	0.0316092	0	0.055814	2
77	504	30	508	40	74	95	0.298851	0	0.0697674	1
78	463	114	462	113	74	75	0.00574713	0	0.265116	2
79	458	277	445	276	74	75	0.0402299	0	0.644186	2
80	662	133	657	137	74	79	0.0603448	0	0.309302	2
81	653	98	651	98	75	76	0.00574713	0	0.227907	2
82	477	39	473	39	75	76	0.0114943	0	0.0906977	2
83	574	392	560	389	75	76	0.066092	0	0.911628	2
84	435	86	435	84	75	76	0.0114943	0	0.2	1
85	426	118	429	116	75	77	0.0201149	0	0.274419	1
86	443	136	447	135	75	76	0.0143678	0	0.316279	1
87	436	98	436	96	75	76	0.0114943	0	0.227907	1
88	295	82	300	85	75	81	0.0402299	0	0.190698	1
89	522	380	515	384	75	76	0.066092	0	0.883721	2
90	648	130	644	125	75	78	0.0833333	0	0.302326	2
91	487	162	481	160	75	76	0.0287356	0	0.376744	2
92	472	118	470	116	75	76	0.0172414	0	0.274419	2
93	663	115	662	115	75	76	0.00287356	0	0.267442	2
94	108	30	107	30	75	76	0.00287356	0	0.0697674	2
95	426	100	427	100	75	78	0.00287356	0	0.232558	1
96	212	160	211	160	75	76	0.00287356	0	0.372093	2
97	154	34	143	38	75	93	0.0775862	0	0.0790698	2
98	503	352	498	351	75	76	0.0172414	0	0.818605	2
99	397	24	366	25	75	87	0.091954	0	0.055814	2
100	429	146	436	146	75	77	0.0201149	0	0.339535	1
101	211	133	206	136	75	79	0.0402299	0	0.309302	2
102	509	74	501	73	75	76	0.0258621	0	0.172093	2
103	453	130	460	128	75	77	0.0316092	0	0.302326	1
104	662	105	661	106	76	77	0.00574713	0	0.244186	2
105	482	101	479	100	76	77	0.0114943	0	0.234884	2
106	466	279	464	278	76	77	0.00862069	0	0.648837	2
107	478	287	476	286	76	77	0.00862069	0	0.667442	2
108	433	272	413	265	76	78	0.198276	0	0.632558	2
109	102	62	96	61	76	78	0.0201149	0	0.144186	2
110	471	145	470	144	76	77	0.00574713	0	0.337209	2
111	479	29	540	35	76	104	0.278736	0	0.0674419	1
112	507	212	404	200	76	87	0.70977	0	0.493023	2
113	416	119	418	122	76	80	0.0316092	0	0.276744	1
114	501	119	498	121	76	78	0.0201149	0	0.276744	2
115	433	232	427	228	76	77	0.0632184	0	0.539535	2
116	498	157	493	156	76	77	0.0172414	0	0.365116	2
117	445	268	440	262	76	77	0.117816	0	0.623256	2
118	476	156	471	154	77	78	0.0258621	0	0.362791	2
119	441	91	439	91	77	78	0.00574713	0	0.211628	2
120	467	98	467	96	77	78	0.0114943	0	0.227907	1
121	469	39	464	38	77	78	0.0172414	0	0.0906977	2
122	454	273	435	271	77	80	0.066092	0	0.634884	2
123	800	36	800	38	77	82	0.0114943	0	0.0837209	1
124	504	193	498	190	77	78	0.0431034	0	0.448837	2
125	454	86	452	87	77	78	0.00862069	0	0.2	2
126	450	134	454	134	77	79	0.0114943	0	0.311628	1
127	431	248	415	246	77	79	0.0574713	0	0.576744	2
128	209	161	206	161	77	78	0.00862069	0	0.374419	2
129	429	85	428	85	77	79	0.00287356	0	0.197674	2
130	447	75	445	73	77	78	0.0172414	0	0.174419	2
131	530	224	490	215	77	83	0.347701	0	0.52093	2
132	477	58	471	57	77	78	0.0201149	0	0.134884	2
133	458	61	457	61	77	78	0.00287356	0	0.14186	2
134	460	278	446	274	78	80	0.0862069	0	0.646512	2
135	660	109	661	113	78	81	0.0488506	0	0.253488	1
136	220	286	223	286	78	79	0.00862069	0	0.665116	1
137	657	96	657	98	78	79	0.0114943	0	0.223256	1
138	225	228	216	234	78	84	0.12931	0	0.530233	2
139	408	24	384	27	78	86	0.0948276	0	0.055814	2
140	106	32	105	33	78	79	0.00574713	0	0.0744186	2
141	697	24	695	24	78	82	0.00574713	0	0.055814	2
142	405	166	407	166	78	81	0.00574713	0	0.386047	1
143	462	129	464	129	78	79	0.00574713	0	0.3	1
144	779	28	779	28	78	79	0	0	0.0651163	1
145	95	93	94	94	78	81	0.00574713	0	0.216279	2
146	516	212	475	212	78	83	0.117816	0	0.493023	2
147	206	188	206	189	78	80	0.00287356	0	0.437209	1
148	465	57	459	56	79	80	0.0201149	0	0.132558	2
149	712	39	778	43	79	105	0.235632	0	0.0906977	1
150	644	101	643	102	79	80	0.00574713	0	0.234884	2
151	702	39	700	39	79	82	0.00574713	0	0.0906977	2
152	496	191	489	191	79	80	0.0201149	0	0.444186	2
153	96	64	93	62	79	81	0.0201149	0	0.148837	2
154	464	35	464	36	79	80	0.00287356	0	0.0813953	1
155	405	266	399	267	79	80	0.0201149	0	0.618605	2
156	427	103	429	103	79	81	0.00574713	0	0.239535	1
157	644	126	641	131	79	81	0.0804598	0	0.293023	2
158	452	88	445	84	79	83	0.066092	0	0.204651	2
159	789	37	790	37	79	81	0.00287356	0	0.0860465	1
160	230	239	207	233	79	87	0.16954	0	0.555814	2
161	416	290	396	295	79	84	0.12931	0	0.674419	2
162	227	49	204	50	79	86	0.0689655	0	0.113953	2
163	500	126	501	128	79	80	0.0143678	0	0.293023	1
164	477	392	378	392	79	87	0.284483	0	0.911628	2
165	526	414	525	413	79	81	0.00574713	0	0.962791	2
166	473	135	476	134	80	81	0.0114943	0	0.313953	1
167	226	289	224	291	80	81	0.0172414	0	0.672093	2
168	435	88	434	86	80	81	0.0143678	0	0.204651	2
169	469	110	467	109	80	81	0.00862069	0	0.255814	2
170	501	403	442	420	80	84	1	0	0.937209	2
171	460	135	463	134	80	81	0.0114943	0	0.313953	1
172	484	226	437	218	80	89	0.318966	0	0.525581	2
173	473	354	465	350	80	81	0.0689655	0	0.823256	2
174	418	262	408	265	80	81	0.0545977	0	0.609302	2
175	105	32	102	32	80	82	0.00862069	0	0.0744186	2
176	204	164	203	163	80	81	0.00574713	0	0.381395	2
177	443	117	442	116	80	82	0.00574713	0	0.272093	2
178	505	392	503	390	80	81	0.0172414	0	0.911628	2
179	233	38	205	37	80	87	0.0833333	0	0.0883721	2
180	658	138	657	138	80	81	0.00287356	0	0.32093	2
181	658	100	656	99	80	82	0.00862069	0	0.232558	2
182	216	156	191	155	80	88	0.0747126	0	0.362791	2
183	435	272	418	270	81	82	0.0603448	0	0.632558	2
184	420	123	410	125	81	84	0.0402299	0	0.286047	2
185	456	57	443	58	81	83	0.0402299	0	0.132558	2
186	464	96	453	98	81	84	0.0431034	0	0.223256	2
187	205	190	193	191	81	84	0.0373563	0	0.44186	2
188	394	269	383	273	81	83	0.0775862	0	0.625581	2
189	669	101	759	115	81	105	0.821839	0	0.234884	1
190	467	34	531	37	81	105	0.20977	0	0.0790698	1
191	297	136	301	136	81	82	0.0114943	0	0.316279	1
192	642	120	641	118	81	82	0.0143678	0	0.27907	2
193	489	111	487	111	81	82	0.00574713	0	0.25814	2
194	222	294	202	281	82	89	0.543103	0	0.683721	2
195	661	113	636	111	82	86	0.0833333	0	0.262791	2
196	429	100	419	100	82	84	0.0287356	0	0.232558	2
197	465	109	454	111	82	84	0.0431034	0	0.253488	2
198	201	163	197	164	82	83	0.0143678	0	0.37907	2
199	466	134	466	134	82	83	0	0	0.311628	1
200	519	156	532	169	82	95	0.522989	0	0.362791	1
201	457	365	429	367	82	84	0.091954	0	0.848837	2
202	408	169	401	176	82	84	0.16092	0	0.393023	2
203	300	86	338	94	82	95	0.293103	0	0.2	1
204	789	38	774	40	82	91	0.0545977	0	0.0883721	2
205	90	60	59	61	82	86	0.091954	0	0.139535	2
206	496	387	459	392	82	84	0.178161	0	0.9	2
207	466	154	456	154	82	83	0.0287356	0	0.35814	2
208	444	24	440	24	82	83	0.0114943	0	0.055814	2
209	697	39	683	40	83	85	0.0431034	0	0.0906977	2
210	653	100	639	100	83	85	0.0402299	0	0.232558	2
211	631	101	612	103	83	90	0.066092	0	0.234884	2
212	101	33	75	31	83	89	0.0862069	0	0.0767442	2
213	694	26	669	24	83	87	0.0833333	0	0.0604651	2
214	437	115	430	116	83	84	0.0229885	0	0.267442	2
215	426	116	413	116	83	85	0.0373563	0	0.269767	2
216	267	34	276	40	83	95	0.12931	0	0.0790698	1
217	495	157	488	157	83	84	0.0201149	0	0.365116	2
218	305	140	329	144	83	94	0.114943	0	0.325581	1
219	460	358	446	360	83	84	0.0517241	0	0.832558	2
220	797	39	773	37	83	87	0.0804598	0	0.0906977	2
221	473	145	472	147	83	84	0.0143678	0	0.337209	2
222	198	141	175	144	83	87	0.091954	0	0.327907	2
223	459	147	455	149	84	85	0.0229885	0	0.34186	2
224	773	25	767	26	84	85	0.0201149	0	0.0581395	2
225	465	137	462	139	84	86	0.0201149	0	0.318605	2
226	496	135	489	136	84	85	0.0229885	0	0.313953	2
227	644	143	632	142	84	86	0.0373563	0	0.332558	2
228	192	166	187	167	84	85	0.0172414	0	0.386047	2
229	431	61	407	59	84	86	0.0804598	0	0.14186	2
230	430	25	416	24	84	86	0.0431034	0	0.0581395	2
231	436	83	430	82	84	85	0.0201149	0	0.193023	2
232	41	37	27	36	84	86	0.0431034	0	0.0860465	2
233	66	24	52	24	84	86	0.0402299	0	0.055814	2
234	422	35	414	35	84	85	0.0229885	0	0.0813953	2
235	465	102	451	101	84	86	0.0431034	0	0.237209	2
236	295	104	323	105	84	93	0.0833333	0	0.24186	1
237	236	36	257	41	85	95	0.132184	0	0.0837209	1
238	355	249	326	243	85	87	0.186782	0	0.57907	2
239	425	118	419	116	85	86	0.0287356	0	0.274419	2
240	394	177	381	173	85	88	0.0833333	0	0.411628	2
241	416	354	398	355	85	86	0.0545977	0	0.823256	2
242	437	423	427	415	85	89	0.212644	0	0.983721	2
243	307	37	328	41	85	95	0.106322	0	0.0860465	1
244	186	191	179	188	85	86	0.045977	0	0.444186	2
245	345	266	329	261	85	86	0.117816	0	0.618605	2
246	470	106	486	111	85	94	0.117816	0	0.246512	1
247	670	37	692	39	86	94	0.0747126	0	0.0860465	1
248	584	38	579	33	86	89	0.0862069	0	0.0883721	2
249	432	156	426	154	86	87	0.0287356	0	0.362791	2
250	623	107	618	105	86	87	0.0258621	0	0.248837	2
251	345	269	329	268	86	87	0.0488506	0	0.625581	2
252	452	149	454	146	86	89	0.0316092	0	0.346512	1
253	198	242	194	238	86	87	0.0574713	0	0.562791	2
254	415	38	410	36	86	87	0.0258621	0	0.0883721	2
255	407	115	404	112	86	87	0.0344828	0	0.267442	2
256	443	112	440	107	86	89	0.0804598	0	0.260465	2
257	425	82	421	78	86	87	0.0574713	0	0.190698	2
258	431	215	411	209	86	90	0.16092	0	0.5	2
259	463	115	457	110	86	89	0.0890805	0	0.267442	2
260	417	48	410	49	86	87	0.0229885	0	0.111628	2
261	462	138	478	141	87	92	0.0718391	0	0.32093	1
262	446	95	444	92	87	88	0.0316092	0	0.22093	2
263	53	62	50	62	87	89	0.00862069	0	0.144186	2
264	398	123	402	121	87	89	0.0229885	0	0.286047	1
265	631	141	632	138	87	88	0.0287356	0	0.327907	1
266	633	109	660	115	87	93	0.181034	0	0.253488	1
267	431	91	440	87	87	90	0.0718391	0	0.211628	1
268	381	27	379	24	87	88	0.0316092	0	0.0627907	2
269	630	38	663	45	87	95	0.235632	0	0.0883721	1
270	399	397	396	396	87	89	0.0114943	0	0.923256	2
271	415	59	407	56	87	88	0.0488506	0	0.137209	2
272	415	184	402	179	87	89	0.109195	0	0.427907	2
273	49	90	43	87	87	88	0.0431034	0	0.209302	2
274	480	135	480	133	87	88	0.0114943	0	0.313953	1
275	467	151	469	149	87	89	0.0172414	0	0.351163	1
276	331	258	321	258	87	88	0.0287356	0	0.6	2
277	317	269	314	271	88	89	0.0201149	0	0.625581	2
278	426	152	429	151	88	89	0.0114943	0	0.353488	1
279	203	225	206	224	88	89	0.0114943	0	0.523256	1
280	397	76	400	76	88	89	0.00862069	0	0.176744	1
281	410	220	411	228	88	92	0.186782	0	0.511628	1
282	193	233	195	231	88	89	0.0172414	0	0.54186	1
283	610	125	611	124	88	89	0.00574713	0	0.290698	1
284	177	151	181	152	88	89	0.0143678	0	0.351163	1
285	618	103	618	103	88	89	0	0	0.239535	1
286	480	123	491	124	88	91	0.0344828	0	0.286047	1
287	619	138	621	139	88	89	0.00862069	0	0.32093	1
288	208	32	210	32	88	89	0.00574713	0	0.0744186	1
289	334	268	322	269	88	89	0.0373563	0	0.623256	2
290	490	132	491	131	88	89	0.00574713	0	0.306977	1
291	369	354	358	352	88	89	0.0431034	0	0.823256	2
292	418	113	419	113	88	89	0.00287356	0	0.262791	1
293	424	75	427	74	88	89	0.0114943	0	0.174419	1
294	320	283	334	287	88	93	0.0862069	0	0.65814	1
295	396	196	395	207	88	92	0.350575	0	0.455814	2
296	410	196	402	200	88	90	0.0689655	0	0.455814	2
297	411	164	404	164	88	90	0.0201149	0	0.381395	2
298	402	111	416	115	88	91	0.0862069	0	0.25814	1
299	403	33	437	43	88	95	0.385057	0	0.0767442	1
300	350	379	335	382	89	91	0.0689655	0	0.881395	2
301	273	128	304	135	89	92	0.229885	0	0.297674	1
302	181	142	204	147	89	92	0.137931	0	0.330233	1
303	640	30	661	36	89	93	0.163793	0	0.0697674	1
304	430	113	439	119	89	91	0.12931	0	0.262791	1
305	630	105	633	109	90	91	0.0545977	0	0.244186	1
306	453	96	474	103	90	94	0.201149	0	0.223256	1
307	210	282	217	282	90	91	0.0201149	0	0.655814	1
308	432	218	419	215	90	92	0.0632184	0	0.506977	2
309	408	125	439	133	90	95	0.272989	0	0.290698	1
310	53	67	60	69	90	92	0.0316092	0	0.155814	1
311	616	143	677	158	90	98	0.821839	0	0.332558	1
312	583	36	610	42	90	95	0.181034	0	0.0837209	1
313	82	34	111	40	90	95	0.186782	0	0.0790698	1
314	407	79	411	82	90	91	0.0373563	0	0.183721	1
315	306	228	299	229	90	93	0.0229885	0	0.530233	2
316	200	234	262	243	90	97	0.41092	0	0.544186	1
317	459	155	471	154	90	92	0.0373563	0	0.360465	1
318	621	30	649	37	90	95	0.221264	0	0.0697674	1
319	475	130	504	132	90	95	0.0948276	0	0.302326	1
320	435	77	441	80	90	91	0.0431034	0	0.17907	1
321	201	164	209	164	90	91	0.0229885	0	0.381395	1
322	475	152	481	153	90	91	0.0201149	0	0.353488	1
323	210	225	235	230	90	94	0.143678	0	0.523256	1
324	406	102	420	105	90	93	0.066092	0	0.237209	1
325	396	393	375	396	90	92	0.0862069	0	0.913953	2
326	353	353	346	352	90	91	0.0229885	0	0.82093	2
327	496	134	505	133	90	92	0.0287356	0	0.311628	1
328	751	24	820	32	90	98	0.382184	0	0.055814	1
329	355	412	386	428	90	97	0.824713	0	0.95814	1
330	53	24	82	30	90	95	0.186782	0	0.055814	1
331	54	94	79	99	90	95	0.143678	0	0.218605	1
332	42	94	48	98	90	92	0.0632184	0	0.218605	1
333	322	225	319	228	90	91	0.0344828	0	0.523256	2
334	385	25	401	27	90	93	0.0574713	0	0.0581395	1
335	259	38	287	45	90	95	0.221264	0	0.0883721	1
336	397	38	419	42	91	95	0.109195	0	0.0883721	1
337	407	211	400	211	91	92	0.0201149	0	0.490698	2
338	318	280	322	279	91	92	0.0143678	0	0.651163	1
339	403	167	402	167	91	92	0.00287356	0	0.388372	2
340	437	154	454	156	91	94	0.0603448	0	0.35814	1
341	444	139	455	138	91	93	0.0344828	0	0.323256	1
342	138	28	161	33	91	95	0.137931	0	0.0651163	1
343	729	107	816	109	91	105	0.261494	0	0.248837	1
344	432	24	483	28	91	97	0.192529	0	0.055814	1
345	727	24	814	26	91	105	0.261494	0	0.055814	1
346	416	83	422	83	92	93	0.0172414	0	0.193023	1
347	340	352	328	355	92	94	0.0603448	0	0.818605	2
348	226	283	288	288	92	99	0.25	0	0.65814	1
349	222	162	239	162	92	94	0.0488506	0	0.376744	1
350	638	111	642	113	92	93	0.0229885	0	0.25814	1
351	780	40	786	39	92	93	0.0201149	0	0.0930233	1
352	436	81	441	82	92	93	0.0172414	0	0.188372	1
353	451	106	463	107	92	94	0.0373563	0	0.246512	1
354	620	107	649	121	92	96	0.646552	0	0.248837	1
355	625	130	630	130	92	93	0.0143678	0	0.302326	1
356	449	83	461	87	92	94	0.0804598	0	0.193023	1
357	382	29	399	33	92	95	0.0948276	0	0.0674419	1
358	291	259	304	264	93	102	0.109195	0	0.602326	1
359	485	141	491	142	93	94	0.0201149	0	0.327907	1
360	324	279	324	277	93	94	0.0114943	0	0.648837	1
361	393	210	386	208	93	94	0.0316092	0	0.488372	2
362	380	49	378	49	93	94	0.00574713	0	0.113953	2
363	479	154	484	155	93	94	0.0172414	0	0.35814	1
364	227	294	276	299	93	98	0.212644	0	0.683721	1
365	286	236	282	235	93	94	0.0143678	0	0.548837	2
366	223	196	270	204	93	98	0.318966	0	0.455814	1
367	450	67	506	73	93	99	0.264368	0	0.155814	1
368	309	256	310	259	93	96	0.0287356	0	0.595349	1
369	462	68	487	72	93	96	0.117816	0	0.15814	1
370	337	28	348	32	93	95	0.0775862	0	0.0651163	1
371	402	166	415	165	93	97	0.0402299	0	0.386047	1
372	242	24	254	28	93	95	0.0804598	0	0.055814	1
373	499	129	504	129	93	94	0.0143678	0	0.3	1
374	388	62	396	64	93	101	0.0344828	0	0.144186	1
375	388	167	386	167	93	94	0.00574713	0	0.388372	2
376	668	118	676	120	94	95	0.0344828	0	0.274419	1
377	429	87	437	90	94	95	0.0488506	0	0.202326	1
378	668	37	675	40	94	95	0.045977	0	0.0860465	1
379	792	42	799	44	94	95	0.0316092	0	0.0976744	1
380	147	40	154	42	94	95	0.0316092	0	0.0930233	1
381	378	39	378	40	94	95	0.00287356	0	0.0906977	1
382	295	231	293	233	94	95	0.0172414	0	0.537209	2
383	403	57	409	59	94	95	0.0287356	0	0.132558	1
384	223	158	233	159	94	95	0.0316092	0	0.367442	1
385	407	29	474	28	94	105	0.195402	0	0.0674419	1
386	406	94	412	95	94	95	0.0201149	0	0.218605	1
387	574	38	580	40	94	95	0.0287356	0	0.0883721	1
388	644	108	650	112	94	95	0.0632184	0	0.251163	1
389	484	107	498	106	95	96	0.0431034	0	0.248837	1
390	378	51	385	49	95	96	0.0316092	0	0.118605	1
391	291	287	316	289	95	97	0.0833333	0	0.667442	1
392	316	272	322	269	95	97	0.0431034	0	0.632558	1
393	485	117	513	116	95	97	0.0833333	0	0.272093	1
394	492	153	522	150	95	97	0.112069	0	0.355814	1
395	245	235	276	234	95	97	0.091954	0	0.546512	1
396	409	212	420	210	95	99	0.0431034	0	0.493023	1
397	297	243	310	245	95	99	0.0488506	0	0.565116	1
398	390	166	404	163	95	97	0.066092	0	0.386047	1
399	67	102	81	101	95	96	0.0431034	0	0.237209	1
400	329	357	330	353	96	97	0.0488506	0	0.830233	1
401	330	271	331	267	96	97	0.0488506	0	0.630233	1
402	433	43	468	42	96	102	0.103448	0	0.1	1
403	517	141	542	141	96	98	0.0718391	0	0.327907	1
404	488	111	504	112	96	97	0.0488506	0	0.25814	1
405	694	120	731	121	96	99	0.109195	0	0.27907	1
406	606	42	652	36	96	105	0.235632	0	0.0976744	1
407	526	41	572	36	96	105	0.204023	0	0.0953488	1
408	794	61	810	60	96	97	0.0488506	0	0.14186	1
409	352	142	390	146	96	99	0.155172	0	0.330233	1
410	522	131	548	132	96	98	0.0775862	0	0.304651	1
411	321	371	317	367	96	97	0.0574713	0	0.862791	2
412	458	126	480	128	96	98	0.0747126	0	0.293023	1
413	552	168	588	168	96	102	0.103448	0	0.390698	1
414	684	114	736	120	96	104	0.252874	0	0.265116	1
415	481	92	510	96	96	99	0.12931	0	0.213953	1
416	654	144	676	149	96	98	0.135057	0	0.334884	1
417	481	128	519	129	96	100	0.112069	0	0.297674	1
418	783	61	808	62	96	98	0.0747126	0	0.14186	1
419	479	161	504	161	96	98	0.0718391	0	0.374419	1
420	322	396	318	389	96	97	0.152299	0	0.92093	2
421	507	70	553	66	96	105	0.178161	0	0.162791	1
422	562	163	605	160	96	104	0.149425	0	0.37907	1
423	722	111	769	108	96	105	0.16092	0	0.25814	1
424	91	98	103	96	96	97	0.045977	0	0.227907	1
425	284	43	274	42	96	97	0.0316092	0	0.1	2
426	437	146	478	151	96	102	0.189655	0	0.339535	1
427	391	200	398	199	96	97	0.0229885	0	0.465116	1
428	720	43	752	40	97	105	0.117816	0	0.1	1
429	731	42	762	39	97	105	0.114943	0	0.0976744	1
430	372	43	386	45	97	99	0.0517241	0	0.1	1
431	142	39	173	35	97	104	0.135057	0	0.0906977	1
432	466	93	473	96	97	98	0.045977	0	0.216279	1
433	430	59	460	56	97	105	0.112069	0	0.137209	1
434	336	373	321	373	97	99	0.0431034	0	0.867442	2
435	184	41	200	41	97	100	0.045977	0	0.0953488	1
436	467	43	497	39	97	105	0.132184	0	0.1	1
437	688	125	706	130	97	99	0.123563	0	0.290698	1
438	791	45	824	42	97	105	0.12069	0	0.104651	1
439	468	136	482	139	97	99	0.066092	0	0.316279	1
440	665	43	696	39	97	105	0.135057	0	0.1	1
441	288	41	319	38	97	105	0.114943	0	0.0953488	1
442	693	44	724	41	97	105	0.114943	0	0.102326	1
443	679	37	711	33	97	105	0.137931	0	0.0860465	1
444	416	47	416	49	97	98	0.0114943	0	0.109302	1
445	365	402	356	398	97	99	0.0718391	0	0.934884	2
446	306	41	336	38	97	105	0.112069	0	0.0953488	1
447	705	39	724	38	97	100	0.0574713	0	0.0906977	1
448	642	42	658	45	97	99	0.0718391	0	0.0976744	1
449	240	197	270	199	97	99	0.0977011	0	0.45814	1
450	346	370	333	370	97	99	0.0373563	0	0.860465	2
451	779	45	812	42	97	105	0.12069	0	0.104651	1
452	430	33	461	30	97	105	0.114943	0	0.0767442	1
453	378	32	408	29	97	105	0.112069	0	0.0744186	1
454	440	60	470	56	97	105	0.132184	0	0.139535	1
455	395	48	397	49	97	98	0.00862069	0	0.111628	1
456	113	28	145	25	97	105	0.117816	0	0.0651163	1
457	548	135	564	138	97	99	0.0718391	0	0.313953	1
458	686	141	692	147	97	98	0.12069	0	0.327907	1
459	518	101	532	99	97	100	0.0517241	0	0.234884	1
460	522	116	530	114	98	100	0.0344828	0	0.269767	1
461	272	243	280	240	98	99	0.0488506	0	0.565116	1
462	532	151	539	151	98	99	0.0201149	0	0.351163	1
463	325	353	319	352	98	99	0.0201149	0	0.82093	2
464	276	233	284	230	98	99	0.0488506	0	0.54186	1
465	482	28	503	25	98	104	0.0862069	0	0.0651163	1
466	286	235	294	231	98	99	0.0689655	0	0.546512	1
467	383	116	394	117	98	100	0.0344828	0	0.269767	1
468	426	45	448	40	98	105	0.135057	0	0.104651	1
469	402	203	399	208	98	102	0.0804598	0	0.472093	2
470	283	45	306	39	98	105	0.16954	0	0.104651	1
471	388	101	394	103	98	99	0.0287356	0	0.234884	1
472	711	154	726	152	98	102	0.0545977	0	0.35814	1
473	517	83	532	82	98	103	0.045977	0	0.193023	1
474	292	31	312	27	98	104	0.103448	0	0.072093	1
475	518	165	525	165	98	99	0.0201149	0	0.383721	1
476	284	300	294	289	99	105	0.376437	0	0.697674	1
477	294	176	295	174	99	100	0.0143678	0	0.409302	1
478	820	66	825	63	99	102	0.0402299	0	0.153488	1
479	479	97	482	94	99	102	0.0344828	0	0.225581	1
480	29	53	45	47	99	105	0.149425	0	0.123256	1
481	417	168	402	166	99	101	0.0545977	0	0.390698	2
482	688	127	699	127	99	103	0.0316092	0	0.295349	1
483	140	44	154	38	99	104	0.143678	0	0.102326	1
484	270	251	279	239	99	105	0.439655	0	0.583721	1
485	415	82	395	79	99	101	0.0833333	0	0.190698	2
486	497	136	503	133	99	102	0.0431034	0	0.316279	1
487	749	29	765	24	99	105	0.117816	0	0.0674419	1
488	541	150	540	150	100	101	0.00287356	0	0.348837	2
489	284	236	285	234	100	101	0.0143678	0	0.548837	1
490	485	137	485	136	100	101	0.00287356	0	0.318605	1
491	734	120	748	122	100	103	0.0517241	0	0.27907	1
492	322	259	315	258	100	101	0.0229885	0	0.602326	2
493	552	141	567	143	100	104	0.0545977	0	0.327907	1
494	523	153	527	151	100	101	0.0229885	0	0.355814	1
495	660	44	670	42	100	103	0.0402299	0	0.102326	1
496	565	134	565	135	100	101	0.00287356	0	0.311628	1
497	309	354	297	358	100	101	0.0804598	0	0.823256	2
498	109	37	108	36	100	101	0.00574713	0	0.0860465	2
499	287	226	291	222	100	102	0.0574713	0	0.525581	1
500	286	286	295	277	100	105	0.258621	0	0.665116	1
501	511	93	521	91	100	105	0.0402299	0	0.216279	1
502	529	163	530	162	100	101	0.00574713	0	0.37907	1
503	396	107	407	106	100	103	0.0344828	0	0.248837	1
504	476	165	476	164	100	101	0.00287356	0	0.383721	1
505	277	224	278	222	100	102	0.0143678	0	0.52093	1
506	425	43	438	39	100	105	0.0833333	0	0.1	1
507	291	349	278	349	100	101	0.0373563	0	0.811628	2
508	324	366	311	367	100	101	0.0402299	0	0.851163	2
509	702	131	702	131	100	101	0	0	0.304651	1
510	274	234	282	231	100	103	0.0488506	0	0.544186	1
511	301	338	247	337	100	105	0.158046	0	0.786047	2
512	408	43	411	43	101	102	0.00862069	0	0.1	1
513	530	114	533	114	101	102	0.00862069	0	0.265116	1
514	684	137	687	137	101	102	0.00862069	0	0.318605	1
515	516	156	520	156	101	102	0.0114943	0	0.362791	1
516	482	115	485	115	101	102	0.00862069	0	0.267442	1
517	522	131	527	130	101	102	0.0172414	0	0.304651	1
518	473	185	484	183	101	103	0.0431034	0	0.430233	1
519	290	358	279	359	102	103	0.0344828	0	0.832558	2
520	574	134	581	133	102	103	0.0229885	0	0.311628	1
521	399	118	405	117	102	103	0.0201149	0	0.274419	1
522	545	151	552	151	102	103	0.0201149	0	0.351163	1
523	408	152	415	151	102	103	0.0229885	0	0.353488	1
524	387	38	386	35	102	103	0.0287356	0	0.0883721	2
525	688	151	693	149	102	103	0.0258621	0	0.351163	1
526	699	162	710	165	102	104	0.0574713	0	0.376744	1
527	270	350	262	349	102	103	0.0258621	0	0.813953	2
528	704	136	708	138	102	103	0.0229885	0	0.316279	1
529	397	166	389	161	102	104	0.0948276	0	0.386047	2
530	536	162	543	160	102	103	0.0316092	0	0.376744	1
531	501	89	509	86	102	104	0.0488506	0	0.206977	1
532	393	61	392	58	102	103	0.0287356	0	0.14186	2
533	103	66	107	66	102	103	0.0114943	0	0.153488	1
534	534	99	543	97	102	104	0.0373563	0	0.230233	1
535	417	42	422	39	103	105	0.0402299	0	0.0976744	1
536	282	221	284	217	103	105	0.0517241	0	0.513953	1
537	296	222	298	220	103	104	0.0172414	0	0.516279	1
538	296	238	297	236	103	104	0.0143678	0	0.553488	1
539	475	42	480	39	103	105	0.0402299	0	0.0976744	1
540	310	430	312	427	103	104	0.0316092	0	1	1
541	487	93	490	91	103	104	0.0201149	0	0.216279	1
542	496	106	500	104	103	104	0.0229885	0	0.246512	1
543	388	195	377	190	103	105	0.103448	0	0.453488	2
544	265	283	265	282	103	105	0.00287356	0	0.65814	1
545	579	143	584	142	103	104	0.0172414	0	0.332558	1
546	268	272	269	271	103	105	0.00574713	0	0.632558	1
547	115	39	119	38	103	104	0.0143678	0	0.0906977	1
548	529	158	537	159	103	105	0.0258621	0	0.367442	1
549	590	168	596	169	103	105	0.0201149	0	0.390698	1
550	507	128	515	125	103	105	0.0488506	0	0.297674	1
551	535	130	541	129	103	104	0.0201149	0	0.302326	1
552	696	134	695	132	104	105	0.0143678	0	0.311628	2
553	285	230	285	228	104	105	0.0114943	0	0.534884	1
554	557	151	561	150	104	105	0.0143678	0	0.351163	1
555	497	115	498	114	104	105	0.00574713	0	0.267442	1
556	402	41	395	39	104	105	0.0316092	0	0.0953488	2
557	675	40	676	39	104	105	0.00574713	0	0.0930233	1
558	698	147	699	146	104	105	0.00574713	0	0.34186	1
559	329	206	330	205	104	105	0.00574713	0	0.47907	1
560	712	135	710	135	104	105	0.00574713	0	0.313953	2
561	536	108	537	107	104	105	0.00574713	0	0.251163	1
562	590	131	593	130	104	105	0.0114943	0	0.304651	1
563	402	205	396	201	104	105	0.0632184	0	0.476744	2
564	490	139	490	138	104	105	0.00287356	0	0.323256	1
565	695	29	696	28	104	105	0.00574713	0	0.0674419	1
566	101	97	96	96	104	105	0.0172414	0	0.225581	2
567	496	125	496	125	104	105	0	0	0.290698	1