
0	170	60	148	60	32	33	0.0296496	0	0.131868	2
1	258	107	238	106	32	33	0.0283019	0	0.235165	2
2	481	163	458	163	32	33	0.0309973	0	0.358242	2
3	119	329	98	331	32	33	0.0336927	0	0.723077	2
4	575	290	558	296	32	33	0.0714286	0	0.637363	2
5	132	304	142	284	32	66	0.552561	0	0.668132	1
6	256	129	235	129	32	33	0.0283019	0	0.283516	2
7	401	132	380	131	32	33	0.0296496	0	0.29011	2
8	575	106	616	105	32	52	0.0566038	0	0.232967	1
9	246	124	225	124	32	33	0.0283019	0	0.272527	2
10	367	166	347	166	32	33	0.0269542	0	0.364835	2
11	395	154	360	148	32	35	0.0956873	0	0.338462	2
12	405	164	384	163	32	33	0.0296496	0	0.36044	2
13	129	346	108	347	32	33	0.0296496	0	0.76044	2
14	90	327	59	322	32	39	0.0754717	0	0.718681	2
15	675	126	653	126	32	33	0.0296496	0	0.276923	2
16	262	165	241	165	32	33	0.0283019	0	0.362637	2
17	389	180	376	153	32	33	1	0	0.395604	2
18	495	149	478	164	32	33	0.326146	0	0.327473	2
19	116	351	95	353	32	33	0.0336927	0	0.771429	2
20	247	145	226	146	32	33	0.0296496	0	0.318681	2
21	444	67	393	60	32	37	0.134771	0	0.147253	2
22	356	115	360	121	32	46	0.0539084	0	0.252747	1
23	475	153	453	151	32	33	0.0350404	0	0.336264	2
24	455	106	422	106	32	34	0.0444744	0	0.232967	2
25	502	199	481	199	32	33	0.0283019	0	0.437363	2
26	92	373	71	375	32	33	0.0336927	0	0.81978	2
27	234	118	213	118	32	33	0.0283019	0	0.259341	2
28	249	166	227	167	32	33	0.0309973	0	0.364835	2
29	103	373	82	374	32	33	0.0296496	0	0.81978	2
30	654	121	632	121	32	33	0.0296496	0	0.265934	2
31	499	164	477	164	32	33	0.0296496	0	0.36044	2
32	610	452	708	445	32	70	0.198113	0	0.993407	1
33	160	59	138	60	32	33	0.0309973	0	0.12967	2
34	577	321	543	313	32	38	0.132075	0	0.705495	2
35	445	121	424	120	32	33	0.0296496	0	0.265934	2
36	428	44	406	45	32	33	0.0309973	0	0.0967033	2
37	123	378	102	379	32	33	0.0296496	0	0.830769	2
38	756	448	726	448	32	34	0.0404313	0	0.984615	2
39	688	319	787	313	32	70	0.181941	0	0.701099	1
40	250	198	229	198	32	33	0.0283019	0	0.435165	2
41	247	185	226	185	32	33	0.0283019	0	0.406593	2
42	588	446	687	439	32	70	0.199461	0	0.98022	1
43	794	314	819	314	32	50	0.0336927	0	0.69011	1
44	226	180	210	175	32	42	0.0552561	0	0.395604	2
45	145	70	113	69	32	42	0.0444744	0	0.153846	2
46	268	33	352	24	32	58	0.222372	0	0.0725275	1
47	662	444	761	437	32	70	0.199461	0	0.975824	1
48	377	110	356	110	32	33	0.0283019	0	0.241758	2
49	186	112	177	116	32	48	0.0336927	0	0.246154	2
50	262	175	241	175	32	33	0.0283019	0	0.384615	2
51	175	50	153	50	32	33	0.0296496	0	0.10989	2
52	410	146	391	144	32	33	0.0309973	0	0.320879	2
53	766	67	817	67	32	50	0.0687332	0	0.147253	1
54	264	75	354	68	32	67	0.187332	0	0.164835	1
55	390	119	369	118	32	33	0.0296496	0	0.261538	2
56	240	328	336	322	32	70	0.177898	0	0.720879	1
57	571	373	582	373	33	47	0.0148248	0	0.81978	1
58	464	106	440	100	33	36	0.0808625	0	0.232967	2
59	67	114	183	104	33	60	0.291105	0	0.250549	1
60	799	98	816	99	33	48	0.0242588	0	0.215385	1
61	83	112	197	103	33	61	0.262803	0	0.246154	1
62	473	149	459	148	33	34	0.0202156	0	0.327473	2
63	111	175	100	175	33	34	0.0148248	0	0.384615	2
64	451	103	431	94	33	38	0.136119	0	0.226374	2
65	509	104	499	102	33	45	0.0188679	0	0.228571	2
66	571	273	547	273	33	36	0.032345	0	0.6	2
67	361	159	342	150	33	36	0.134771	0	0.349451	2
68	327	323	442	315	33	70	0.24124	0	0.70989	1
69	133	61	130	56	34	40	0.0377358	0	0.134066	2
70	365	172	355	162	34	36	0.148248	0	0.378022	2
71	626	115	610	104	34	38	0.184636	0	0.252747	2
72	613	366	604	358	34	37	0.0983827	0	0.804396	2
73	97	321	86	316	34	37	0.0485175	0	0.705495	2
74	92	379	124	382	34	48	0.0552561	0	0.832967	1
75	225	105	227	103	34	40	0.00808625	0	0.230769	1
76	352	107	340	100	34	36	0.0822102	0	0.235165	2
77	337	191	333	185	34	35	0.0539084	0	0.41978	2
78	382	69	370	61	34	37	0.102426	0	0.151648	2
79	88	331	87	330	34	41	0.00269542	0	0.727473	2
80	541	131	523	122	34	36	0.133423	0	0.287912	2
81	351	67	357	65	34	45	0.0134771	0	0.147253	1
82	424	128	417	123	34	35	0.0431267	0	0.281319	2
83	377	146	381	130	34	38	0.350404	0	0.320879	1
84	215	148	210	139	34	38	0.115903	0	0.325275	2
85	97	109	218	99	34	60	0.297844	0	0.23956	1
86	371	132	366	126	34	35	0.0552561	0	0.29011	2
87	355	177	358	163	34	39	0.268194	0	0.389011	1
88	223	130	211	123	34	36	0.0822102	0	0.285714	2
89	352	193	348	182	34	39	0.168464	0	0.424176	2
90	435	139	428	134	34	35	0.0431267	0	0.305495	2
91	99	347	92	340	34	38	0.0754717	0	0.762637	2
92	222	115	217	110	34	35	0.0404313	0	0.252747	2
93	118	103	136	105	34	47	0.0296496	0	0.226374	1
94	397	71	390	68	34	35	0.0215633	0	0.156044	2
95	88	352	80	348	34	35	0.032345	0	0.773626	2
96	567	288	560	290	34	38	0.0148248	0	0.632967	2
97	464	200	458	197	34	35	0.0202156	0	0.43956	2
98	94	185	220	178	34	69	0.235849	0	0.406593	1
99	611	110	625	107	34	52	0.0309973	0	0.241758	1
100	426	149	419	143	34	35	0.0579515	0	0.327473	2
101	638	152	623	147	34	36	0.0539084	0	0.334066	2
102	634	133	617	126	34	37	0.0889488	0	0.292308	2
103	87	131	107	132	34	47	0.0283019	0	0.287912	1
104	371	162	366	156	34	35	0.0552561	0	0.356044	2
105	372	70	371	66	34	40	0.0229111	0	0.153846	2
106	217	200	343	189	34	54	0.332884	0	0.43956	1
107	183	162	306	155	34	70	0.231806	0	0.356044	1
108	270	55	331	56	34	51	0.083558	0	0.120879	1
109	594	28	589	25	34	35	0.0188679	0	0.0615385	2
110	355	117	349	111	34	35	0.0566038	0	0.257143	2
111	85	61	207	53	34	57	0.250674	0	0.134066	1
112	80	38	204	31	34	70	0.233154	0	0.0835165	1
113	130	101	149	102	34	47	0.0269542	0	0.221978	1
114	571	283	564	283	35	36	0.00943396	0	0.621978	2
115	551	312	546	314	35	36	0.0121294	0	0.685714	2
116	378	128	372	123	35	36	0.041779	0	0.281319	2
117	226	156	219	151	35	36	0.0431267	0	0.342857	2
118	431	159	420	155	35	36	0.0363881	0	0.349451	2
119	94	165	222	160	35	59	0.206199	0	0.362637	1
120	323	190	318	186	35	36	0.0283019	0	0.417582	2
121	377	46	368	44	35	36	0.0175202	0	0.101099	2
122	561	359	570	359	35	45	0.0121294	0	0.789011	1
123	215	174	209	171	35	36	0.0202156	0	0.382418	2
124	225	166	226	155	35	38	0.16442	0	0.364835	1
125	119	87	129	86	35	44	0.0148248	0	0.191209	1
126	436	154	434	152	36	37	0.00808625	0	0.338462	2
127	361	124	362	122	36	37	0.00673854	0	0.272527	1
128	608	131	608	129	36	37	0.00539084	0	0.287912	1
129	568	317	577	320	36	39	0.0242588	0	0.696703	1
130	451	195	458	190	36	39	0.0431267	0	0.428571	1
131	76	347	78	346	36	37	0.00404313	0	0.762637	1
132	124	44	127	41	36	38	0.0161725	0	0.0967033	1
133	54	368	128	376	36	51	0.185984	0	0.808791	1
134	201	122	201	121	36	37	0.00134771	0	0.268132	1
135	387	98	391	96	37	38	0.0107817	0	0.215385	1
136	404	106	407	104	37	38	0.00943396	0	0.232967	1
137	403	128	404	125	37	38	0.0134771	0	0.281319	1
138	549	310	550	306	37	38	0.0229111	0	0.681319	1
139	419	129	422	124	37	38	0.0377358	0	0.283516	1
140	343	99	365	101	37	42	0.0350404	0	0.217582	1
141	566	284	570	284	37	38	0.00539084	0	0.624176	1
142	523	110	524	106	37	38	0.0229111	0	0.241758	1
143	364	154	381	151	37	40	0.0350404	0	0.338462	1
144	375	120	381	116	37	38	0.0296496	0	0.263736	1
145	216	118	226	118	37	39	0.0134771	0	0.259341	1
146	202	159	215	163	37	41	0.0390836	0	0.349451	1
147	211	131	231	135	37	43	0.0485175	0	0.287912	1
148	418	153	419	149	37	38	0.0229111	0	0.336264	1
149	212	108	221	109	37	39	0.0134771	0	0.237363	1
150	314	134	331	133	37	40	0.0242588	0	0.294505	1
151	345	109	367	112	37	42	0.041779	0	0.23956	1
152	435	150	435	150	38	39	0	0	0.32967	1
153	90	315	94	321	38	43	0.0539084	0	0.692308	1
154	611	358	617	361	38	42	0.0202156	0	0.786813	1
155	369	120	375	120	38	39	0.00808625	0	0.263736	1
156	433	135	435	135	38	39	0.00269542	0	0.296703	1
157	370	42	371	43	38	39	0.00269542	0	0.0923077	1
158	332	186	353	185	38	42	0.0296496	0	0.408791	1
159	523	116	524	114	38	39	0.00673854	0	0.254945	1
160	370	140	384	140	38	41	0.0188679	0	0.307692	1
161	381	98	382	101	38	40	0.0134771	0	0.215385	1
162	227	126	241	129	38	43	0.0309973	0	0.276923	1
163	203	123	208	124	38	39	0.00808625	0	0.27033	1
164	601	354	606	357	38	42	0.0188679	0	0.778022	1
165	625	120	627	121	38	39	0.00404313	0	0.263736	1
166	612	106	611	109	39	40	0.0134771	0	0.232967	2
167	415	105	417	107	39	40	0.00808625	0	0.230769	1
168	553	304	548	307	39	42	0.0188679	0	0.668132	2
169	563	293	554	293	39	42	0.0121294	0	0.643956	2
170	573	290	565	290	39	42	0.0107817	0	0.637363	2
171	430	122	431	123	39	40	0.00269542	0	0.268132	1
172	395	125	399	126	39	40	0.00673854	0	0.274725	1
173	193	141	200	144	39	42	0.0215633	0	0.30989	1
174	132	42	134	45	39	41	0.0148248	0	0.0923077	1
175	447	161	444	164	39	40	0.0161725	0	0.353846	2
176	624	144	610	145	39	42	0.0202156	0	0.316484	2
177	399	58	398	61	39	40	0.0134771	0	0.127473	2
178	425	152	423	152	39	40	0.00269542	0	0.334066	2
179	364	92	367	95	39	40	0.0161725	0	0.202198	1
180	103	314	124	318	39	49	0.0498652	0	0.69011	1
181	234	159	245	163	39	43	0.0363881	0	0.349451	1
182	420	139	420	140	39	40	0.00134771	0	0.305495	1
183	435	139	433	138	40	41	0.00404313	0	0.305495	2
184	379	126	382	126	40	41	0.00404313	0	0.276923	1
185	433	153	430	152	40	41	0.00539084	0	0.336264	2
186	523	114	521	113	40	41	0.00404313	0	0.250549	2
187	351	185	364	184	40	42	0.0188679	0	0.406593	1
188	575	323	567	321	40	43	0.0161725	0	0.70989	2
189	219	145	224	147	40	42	0.0121294	0	0.318681	1
190	369	48	366	48	40	41	0.00404313	0	0.105495	2
191	398	106	397	107	40	41	0.00269542	0	0.232967	2
192	221	174	252	178	40	47	0.0633423	0	0.382418	1
193	131	56	132	56	41	44	0.00134771	0	0.123077	1
194	230	105	364	104	41	53	0.181941	0	0.230769	1
195	428	125	428	124	41	42	0.00134771	0	0.274725	1
196	274	24	276	24	41	42	0.00269542	0	0.0527473	1
197	443	147	442	145	41	42	0.00673854	0	0.323077	2
198	382	154	386	153	41	42	0.00673854	0	0.338462	1
199	215	212	221	215	41	42	0.0202156	0	0.465934	1
200	460	134	464	133	41	42	0.00673854	0	0.294505	1
201	445	162	441	163	41	43	0.00673854	0	0.356044	2
202	396	63	394	63	41	42	0.00269542	0	0.138462	2
203	430	151	428	149	42	43	0.00808625	0	0.331868	2
204	527	108	524	108	42	43	0.00404313	0	0.237363	2
205	89	331	88	331	42	43	0.00134771	0	0.727473	2
206	391	139	397	136	42	44	0.0202156	0	0.305495	1
207	92	345	86	345	42	44	0.00808625	0	0.758242	2
208	367	145	377	144	42	45	0.0148248	0	0.318681	1
209	397	109	396	109	42	43	0.00134771	0	0.23956	2
210	633	148	634	146	42	43	0.00673854	0	0.325275	1
211	367	48	365	47	42	43	0.00404313	0	0.105495	2
212	404	131	408	130	42	43	0.00673854	0	0.287912	1
213	136	46	135	45	42	44	0.00269542	0	0.101099	2
214	559	287	556	287	43	47	0.00404313	0	0.630769	2
215	618	125	612	124	43	44	0.00943396	0	0.274725	2
216	432	135	429	135	43	44	0.00404313	0	0.296703	2
217	371	111	375	110	43	45	0.00673854	0	0.243956	1
218	429	122	426	121	43	44	0.00539084	0	0.268132	2
219	223	217	231	219	43	46	0.0161725	0	0.476923	1
220	395	149	398	148	43	44	0.00539084	0	0.327473	1
221	604	115	599	113	43	44	0.0121294	0	0.252747	2
222	372	183	378	181	43	44	0.0134771	0	0.402198	1
223	230	154	230	154	43	44	0	0	0.338462	1
224	459	161	458	160	43	44	0.00269542	0	0.353846	2
225	549	291	558	291	43	49	0.0121294	0	0.63956	1
226	428	104	427	103	43	44	0.00269542	0	0.228571	2
227	377	55	373	55	43	44	0.00539084	0	0.120879	2
228	115	68	154	72	43	50	0.074124	0	0.149451	1
229	212	181	221	183	43	46	0.0175202	0	0.397802	1
230	528	160	536	163	43	46	0.0229111	0	0.351648	1
231	377	67	374	66	43	44	0.00539084	0	0.147253	2
232	633	145	628	147	44	47	0.0121294	0	0.318681	2
233	278	24	280	25	44	45	0.00404313	0	0.0527473	1
234	606	358	598	359	44	46	0.0121294	0	0.786813	2
235	609	111	606	112	44	45	0.00539084	0	0.243956	2
236	247	163	251	163	44	45	0.00539084	0	0.358242	1
237	390	162	394	163	44	45	0.00673854	0	0.356044	1
238	437	162	450	166	44	49	0.0390836	0	0.356044	1
239	602	141	617	150	44	48	0.12938	0	0.30989	1
240	88	375	98	379	44	47	0.0350404	0	0.824176	1
241	606	370	598	371	44	46	0.0121294	0	0.813187	2
242	580	366	585	367	45	46	0.00808625	0	0.804396	1
243	132	57	141	59	45	47	0.0175202	0	0.125275	1
244	362	161	369	160	45	46	0.0107817	0	0.353846	1
245	434	146	436	148	45	46	0.00808625	0	0.320879	1
246	404	149	411	150	45	46	0.0107817	0	0.327473	1
247	87	348	93	349	45	47	0.00943396	0	0.764835	1
248	238	137	260	135	45	48	0.0350404	0	0.301099	1
249	92	323	97	323	45	47	0.00673854	0	0.70989	1
250	405	136	413	137	45	46	0.0121294	0	0.298901	1
251	238	120	261	118	45	48	0.0363881	0	0.263736	1
252	363	183	388	182	45	48	0.0350404	0	0.402198	1
253	243	147	249	147	45	46	0.00808625	0	0.323077	1
254	419	112	423	113	45	46	0.00673854	0	0.246154	1
255	136	47	145	49	45	47	0.0175202	0	0.103297	1
256	375	57	375	58	45	46	0.00134771	0	0.125275	1
257	384	161	394	162	45	46	0.0148248	0	0.353846	1
258	447	141	453	143	45	47	0.0134771	0	0.30989	1
259	389	179	408	180	45	47	0.0269542	0	0.393407	1
260	424	150	426	151	45	46	0.00404313	0	0.32967	1
261	168	331	282	324	45	70	0.219677	0	0.727473	1
262	98	341	99	341	45	46	0.00134771	0	0.749451	1
263	133	86	152	90	45	48	0.0471698	0	0.189011	1
264	462	106	516	108	45	51	0.0781671	0	0.232967	1
265	235	166	242	166	45	46	0.00943396	0	0.364835	1
266	361	49	362	50	45	46	0.00269542	0	0.107692	1
267	513	115	512	115	46	47	0.00134771	0	0.252747	2
268	383	111	420	112	46	50	0.0512129	0	0.243956	1
269	287	25	311	27	46	49	0.0377358	0	0.0549451	1
270	437	106	442	106	46	47	0.00673854	0	0.232967	1
271	397	114	402	114	46	47	0.00673854	0	0.250549	1
272	601	114	602	115	46	47	0.00269542	0	0.250549	1
273	110	348	186	335	46	56	0.330189	0	0.764835	1
274	259	163	266	161	46	47	0.0148248	0	0.358242	1
275	485	158	512	158	46	49	0.0363881	0	0.347253	1
276	610	157	616	158	46	47	0.00943396	0	0.345055	1
277	651	154	656	154	46	47	0.00673854	0	0.338462	1
278	418	149	437	147	47	49	0.0309973	0	0.327473	1
279	545	324	543	320	47	48	0.0242588	0	0.712088	2
280	257	146	266	145	47	48	0.0134771	0	0.320879	1
281	572	324	578	321	47	48	0.0202156	0	0.712088	1
282	103	342	108	342	47	48	0.00673854	0	0.751648	1
283	408	169	417	168	47	48	0.0134771	0	0.371429	1
284	375	59	378	58	47	48	0.00539084	0	0.12967	1
285	400	70	504	61	47	70	0.249326	0	0.153846	1
286	239	219	274	209	47	50	0.181941	0	0.481319	1
287	378	71	380	71	47	48	0.00269542	0	0.156044	1
288	445	132	450	131	47	48	0.00808625	0	0.29011	1
289	24	164	158	151	47	59	0.408356	0	0.36044	1
290	621	128	655	114	47	59	0.309973	0	0.281319	1
291	253	161	263	160	47	48	0.0148248	0	0.353846	1
292	149	60	168	59	48	50	0.0269542	0	0.131868	1
293	614	114	620	115	48	49	0.00943396	0	0.250549	1
294	105	323	159	312	48	54	0.235849	0	0.70989	1
295	412	116	424	116	48	49	0.0161725	0	0.254945	1
296	396	100	405	100	48	49	0.0121294	0	0.21978	1
297	604	119	610	120	48	49	0.00943396	0	0.261538	1
298	367	51	379	49	48	50	0.0215633	0	0.112088	1
299	446	150	484	145	48	52	0.0849057	0	0.32967	1
300	418	184	453	183	48	51	0.0485175	0	0.404396	1
301	278	160	329	152	48	52	0.154987	0	0.351648	1
302	36	176	170	160	48	61	0.525606	0	0.386813	1
303	403	138	410	139	48	49	0.0107817	0	0.303297	1
304	153	50	172	49	48	50	0.0269542	0	0.10989	1
305	568	321	585	314	48	51	0.0889488	0	0.705495	1
306	556	281	575	278	48	51	0.0377358	0	0.617582	1
307	411	328	505	318	48	68	0.261456	0	0.720879	1
308	625	160	634	160	48	49	0.0121294	0	0.351648	1
309	396	68	401	67	48	49	0.00808625	0	0.149451	1
310	574	332	578	329	48	49	0.0175202	0	0.72967	1
311	452	108	543	98	48	56	0.257412	0	0.237363	1
312	620	28	678	24	48	53	0.0997305	0	0.0615385	1
313	33	25	69	24	48	51	0.0498652	0	0.0549451	1
314	604	375	640	364	49	53	0.21159	0	0.824176	1
315	546	314	566	304	49	52	0.161725	0	0.69011	1
316	446	134	455	130	49	50	0.0336927	0	0.294505	1
317	586	319	591	316	49	50	0.0188679	0	0.701099	1
318	280	125	293	123	49	50	0.0229111	0	0.274725	1
319	456	134	479	130	49	51	0.0525606	0	0.294505	1
320	614	369	646	359	49	53	0.177898	0	0.810989	1
321	116	342	124	339	49	50	0.0229111	0	0.751648	1
322	277	143	291	139	49	50	0.0404313	0	0.314286	1
323	120	356	137	351	49	51	0.0566038	0	0.782418	1
324	421	139	429	138	49	50	0.0121294	0	0.305495	1
325	571	291	586	287	49	51	0.041779	0	0.63956	1
326	400	183	460	179	49	54	0.102426	0	0.402198	1
327	385	60	391	58	49	50	0.0134771	0	0.131868	1
328	135	382	145	380	49	50	0.0188679	0	0.83956	1
329	537	157	542	157	49	50	0.00673854	0	0.345055	1
330	37	109	70	106	49	51	0.0566038	0	0.23956	1
331	32	238	97	232	49	54	0.136119	0	0.523077	1
332	431	169	442	167	49	50	0.0202156	0	0.371429	1
333	531	321	565	318	49	52	0.0579515	0	0.705495	1
334	267	143	293	141	49	51	0.0404313	0	0.314286	1
335	347	176	370	173	49	51	0.0431267	0	0.386813	1
336	476	107	549	99	49	55	0.184636	0	0.235165	1
337	580	358	579	357	49	50	0.00269542	0	0.786813	2
338	270	133	339	125	49	54	0.179245	0	0.292308	1
339	100	168	163	162	49	54	0.133423	0	0.369231	1
340	625	115	630	113	50	51	0.0121294	0	0.252747	1
341	567	291	575	289	50	51	0.0161725	0	0.63956	1
342	589	364	596	366	50	53	0.0148248	0	0.8	1
343	450	145	461	143	50	51	0.0202156	0	0.318681	1
344	323	25	335	24	50	51	0.0175202	0	0.0549451	1
345	417	100	466	102	50	54	0.0714286	0	0.21978	1
346	132	319	178	302	50	57	0.451482	0	0.701099	1
347	560	308	567	304	50	51	0.0309973	0	0.676923	1
348	159	374	168	372	50	51	0.0175202	0	0.821978	1
349	460	170	502	161	50	54	0.165768	0	0.373626	1
350	418	141	427	141	50	51	0.0121294	0	0.30989	1
351	582	327	586	325	50	51	0.0107817	0	0.718681	1
352	637	152	632	145	50	51	0.0727763	0	0.334066	2
353	465	187	477	186	50	51	0.0175202	0	0.410989	1
354	487	322	556	311	50	60	0.256065	0	0.707692	1
355	283	117	388	107	50	67	0.27628	0	0.257143	1
356	69	51	145	42	50	70	0.21159	0	0.112088	1
357	180	58	199	55	51	53	0.0377358	0	0.127473	1
358	432	112	443	113	51	52	0.0161725	0	0.246154	1
359	133	339	148	334	51	53	0.0539084	0	0.745055	1
360	388	49	402	47	51	53	0.0242588	0	0.107692	1
361	415	191	463	183	51	55	0.150943	0	0.41978	1
362	620	127	644	110	51	55	0.421833	0	0.279121	1
363	578	374	615	367	51	60	0.115903	0	0.821978	1
364	398	56	405	55	51	52	0.0107817	0	0.123077	1
365	565	271	509	249	51	70	0.727763	0	0.595604	2
366	442	112	454	113	51	52	0.0175202	0	0.246154	1
367	561	105	586	102	51	53	0.0458221	0	0.230769	1
368	62	332	121	321	51	63	0.242588	0	0.72967	1
369	439	98	450	98	51	52	0.0148248	0	0.215385	1
370	185	101	196	101	51	52	0.0148248	0	0.221978	1
371	583	288	598	285	52	54	0.032345	0	0.632967	1
372	472	140	493	133	52	54	0.0943396	0	0.307692	1
373	636	112	658	99	52	56	0.257412	0	0.246154	1
374	436	141	454	142	52	54	0.0256065	0	0.30989	1
375	573	281	593	273	52	56	0.113208	0	0.617582	1
376	424	68	434	66	52	53	0.0188679	0	0.149451	1
377	593	286	608	284	52	54	0.0256065	0	0.628571	1
378	484	125	511	119	52	54	0.0849057	0	0.274725	1
379	89	105	105	103	52	53	0.0269542	0	0.230769	1
380	469	127	477	123	52	53	0.032345	0	0.279121	1
381	539	107	546	105	52	53	0.0148248	0	0.235165	1
382	464	182	471	178	52	53	0.0309973	0	0.4	1
383	659	149	675	140	52	55	0.130728	0	0.327473	1
384	583	278	605	271	52	55	0.0956873	0	0.610989	1
385	540	118	547	116	52	53	0.0148248	0	0.259341	1
386	483	135	493	131	52	53	0.0350404	0	0.296703	1
387	455	112	468	111	53	54	0.0188679	0	0.246154	1
388	30	45	70	37	53	70	0.140162	0	0.0989011	1
389	177	374	180	373	53	54	0.00539084	0	0.821978	1
390	575	307	588	311	53	54	0.0390836	0	0.674725	1
391	643	142	664	140	53	55	0.0336927	0	0.312088	1
392	522	181	533	176	53	54	0.0485175	0	0.397802	1
393	313	206	344	201	53	56	0.0754717	0	0.452747	1
394	640	123	648	119	53	54	0.032345	0	0.27033	1
395	566	121	583	118	53	54	0.0350404	0	0.265934	1
396	590	302	598	301	53	54	0.0121294	0	0.663736	1
397	491	141	517	133	53	55	0.121294	0	0.30989	1
398	83	140	113	134	53	55	0.0889488	0	0.307692	1
399	212	93	225	93	53	54	0.0175202	0	0.204396	1
400	476	146	503	130	53	57	0.381402	0	0.320879	1
401	493	183	506	181	53	54	0.0229111	0	0.402198	1
402	627	104	636	102	53	54	0.0175202	0	0.228571	1
403	315	160	344	159	53	55	0.0404313	0	0.351648	1
404	341	151	381	144	53	56	0.119946	0	0.331868	1
405	611	329	617	330	53	54	0.00943396	0	0.723077	1
406	601	299	607	299	53	54	0.00808625	0	0.657143	1
407	634	354	639	349	53	54	0.0404313	0	0.778022	1
408	191	331	225	324	53	70	0.11186	0	0.727473	1
409	212	55	222	52	54	55	0.0256065	0	0.120879	1
410	649	360	643	349	54	56	0.171159	0	0.791209	2
411	649	350	649	344	54	55	0.0485175	0	0.769231	1
412	125	102	143	98	54	55	0.0458221	0	0.224176	1
413	610	369	624	361	54	59	0.105121	0	0.810989	1
414	412	45	423	39	54	56	0.0633423	0	0.0989011	1
415	558	106	566	102	54	55	0.032345	0	0.232967	1
416	455	64	468	61	54	55	0.0296496	0	0.140659	1
417	158	331	167	327	54	55	0.0336927	0	0.727473	1
418	596	322	597	318	54	55	0.0229111	0	0.707692	1
419	603	359	616	356	54	58	0.0296496	0	0.789011	1
420	488	108	497	104	54	55	0.0336927	0	0.237363	1
421	474	136	486	132	54	55	0.0377358	0	0.298901	1
422	439	65	446	62	54	55	0.0215633	0	0.142857	1
423	475	183	484	178	54	55	0.0458221	0	0.402198	1
424	481	126	493	122	54	55	0.0377358	0	0.276923	1
425	605	284	602	284	55	56	0.00404313	0	0.624176	2
426	401	103	415	100	55	57	0.0309973	0	0.226374	1
427	615	282	604	283	55	57	0.0161725	0	0.61978	2
428	169	308	163	301	55	59	0.074124	0	0.676923	2
429	193	371	191	359	55	59	0.196765	0	0.815385	2
430	464	145	466	146	55	56	0.00404313	0	0.318681	1
431	432	67	433	65	55	56	0.00673854	0	0.147253	1
432	478	109	485	106	55	57	0.0215633	0	0.23956	1
433	416	110	422	110	55	56	0.00808625	0	0.241758	1
434	360	119	368	117	55	57	0.0161725	0	0.261538	1
435	694	144	688	138	55	56	0.0566038	0	0.316484	2
436	88	455	95	453	55	70	0.0148248	0	1	1
437	542	122	550	118	55	57	0.032345	0	0.268132	1
438	508	156	513	152	55	56	0.0283019	0	0.342857	1
439	349	188	371	180	55	59	0.115903	0	0.413187	1
440	227	49	221	48	56	58	0.00943396	0	0.107692	2
441	569	99	563	98	56	57	0.00943396	0	0.217582	2
442	499	119	495	116	56	58	0.0175202	0	0.261538	2
443	135	221	136	219	56	59	0.00673854	0	0.485714	1
444	470	60	473	59	56	70	0.00539084	0	0.131868	1
445	496	170	489	170	56	58	0.00943396	0	0.373626	2
446	175	369	162	369	56	57	0.0175202	0	0.810989	2
447	154	95	178	92	56	60	0.0444744	0	0.208791	1
448	241	99	240	98	56	57	0.00269542	0	0.217582	2
449	537	109	538	107	56	57	0.00673854	0	0.23956	1
450	446	59	439	58	56	57	0.0107817	0	0.12967	2
451	522	129	523	128	56	57	0.00269542	0	0.283516	1
452	594	149	596	147	56	57	0.00808625	0	0.327473	1
453	591	311	566	293	56	60	0.47035	0	0.683516	2
454	622	101	627	98	56	57	0.0188679	0	0.221978	1
455	113	220	124	213	56	59	0.0808625	0	0.483516	1
456	527	108	527	106	56	57	0.00539084	0	0.237363	1
457	619	312	613	312	56	57	0.00808625	0	0.685714	2
458	519	119	520	117	56	57	0.00673854	0	0.261538	1
459	529	119	528	118	56	58	0.00269542	0	0.261538	2
460	531	178	528	176	56	57	0.00943396	0	0.391209	2
461	387	154	385	153	56	58	0.00404313	0	0.338462	2
462	373	144	377	141	57	59	0.0175202	0	0.316484	1
463	542	172	540	173	57	58	0.00404313	0	0.378022	2
464	476	143	473	144	57	58	0.00539084	0	0.314286	2
465	618	112	621	111	57	58	0.00539084	0	0.246154	1
466	500	106	497	105	57	58	0.00539084	0	0.232967	2
467	514	151	512	149	57	58	0.00808625	0	0.331868	2
468	593	285	570	276	57	60	0.140162	0	0.626374	2
469	527	147	525	147	57	58	0.00269542	0	0.323077	2
470	589	272	572	265	57	60	0.0889488	0	0.597802	2
471	128	202	149	199	57	60	0.0404313	0	0.443956	1
472	383	136	400	128	57	70	0.109164	0	0.298901	1
473	240	108	243	114	57	68	0.0525606	0	0.237363	1
474	508	140	506	140	57	58	0.00269542	0	0.307692	2
475	480	156	478	158	57	58	0.00808625	0	0.342857	2
476	631	98	637	96	58	59	0.0134771	0	0.215385	1
477	537	108	542	104	58	60	0.0283019	0	0.237363	1
478	480	102	480	101	58	59	0.00134771	0	0.224176	1
479	355	152	359	148	58	59	0.0269542	0	0.334066	1
480	593	281	586	277	58	59	0.0309973	0	0.617582	2
481	363	123	375	120	58	63	0.0283019	0	0.27033	1
482	518	119	519	117	58	59	0.00673854	0	0.261538	1
483	426	159	431	157	58	64	0.0121294	0	0.349451	1
484	501	127	500	123	58	59	0.0229111	0	0.279121	2
485	413	38	409	36	58	59	0.0107817	0	0.0835165	2
486	344	154	345	152	58	59	0.00673854	0	0.338462	1
487	425	149	427	148	58	59	0.00404313	0	0.327473	1
488	233	64	238	64	58	70	0.00673854	0	0.140659	1
489	434	63	430	61	58	59	0.0107817	0	0.138462	2
490	67	66	72	66	58	70	0.00673854	0	0.145055	1
491	590	260	519	248	58	70	0.289757	0	0.571429	2
492	162	344	151	347	58	61	0.0269542	0	0.756044	2
493	571	100	572	98	58	59	0.00673854	0	0.21978	1
494	121	60	126	60	58	70	0.00673854	0	0.131868	1
495	220	47	215	49	59	62	0.0121294	0	0.103297	2
496	135	366	134	373	59	66	0.0673854	0	0.804396	2
497	488	168	485	168	59	61	0.00404313	0	0.369231	2
498	663	138	661	135	59	60	0.0148248	0	0.303297	2
499	541	174	545	174	59	61	0.00539084	0	0.382418	1
500	544	115	558	116	59	64	0.0202156	0	0.252747	1
501	519	168	518	165	59	60	0.0134771	0	0.369231	2
502	211	59	211	59	59	60	0	0	0.12967	1
503	151	372	154	373	59	67	0.00539084	0	0.817582	1
504	571	28	574	29	59	70	0.00539084	0	0.0615385	1
505	151	109	159	108	59	60	0.0121294	0	0.23956	1
506	593	148	596	149	59	66	0.00539084	0	0.325275	1
507	252	62	255	63	59	70	0.00539084	0	0.136264	1
508	580	275	547	270	60	65	0.0781671	0	0.604396	2
509	432	96	436	95	60	61	0.00673854	0	0.210989	1
510	501	123	498	124	60	61	0.00539084	0	0.27033	2
511	379	145	380	145	60	61	0.00134771	0	0.318681	1
512	162	303	154	307	60	62	0.032345	0	0.665934	2
513	625	358	620	355	60	61	0.0188679	0	0.786813	2
514	428	61	421	61	60	61	0.00943396	0	0.134066	2
515	525	129	524	130	60	61	0.00269542	0	0.283516	2
516	163	150	196	143	60	68	0.110512	0	0.32967	1
517	427	133	427	137	60	61	0.0215633	0	0.292308	1
518	469	153	468	153	60	62	0.00134771	0	0.336264	2
519	495	99	490	99	60	61	0.00673854	0	0.217582	2
520	594	288	560	286	60	65	0.0512129	0	0.632967	2
521	529	142	529	143	60	61	0.00134771	0	0.312088	1
522	172	300	167	302	60	61	0.0121294	0	0.659341	2
523	225	160	224	160	60	62	0.00134771	0	0.351648	2
524	431	178	430	178	60	61	0.00134771	0	0.391209	2
525	591	96	588	98	60	67	0.00943396	0	0.210989	2
526	407	37	401	36	60	61	0.00943396	0	0.0813187	2
527	665	96	665	96	60	61	0	0	0.210989	1
528	576	96	577	98	60	68	0.00673854	0	0.210989	1
529	200	57	199	57	60	61	0.00134771	0	0.125275	2
530	478	143	476	143	61	62	0.00269542	0	0.314286	2
531	544	104	546	104	61	62	0.00269542	0	0.228571	1
532	499	114	498	116	61	62	0.00673854	0	0.250549	2
533	370	148	372	147	61	62	0.00404313	0	0.325275	1
534	525	120	521	123	61	64	0.0175202	0	0.263736	2
535	581	351	555	354	61	69	0.0471698	0	0.771429	2
536	652	92	658	91	61	62	0.00943396	0	0.202198	1
537	440	133	441	134	61	62	0.00269542	0	0.292308	1
538	569	355	550	361	61	67	0.074124	0	0.78022	2
539	561	275	508	268	61	70	0.137466	0	0.604396	2
540	160	200	179	192	61	64	0.11186	0	0.43956	1
541	498	89	497	89	61	62	0.00134771	0	0.195604	2
542	480	101	478	101	61	62	0.00269542	0	0.221978	2
543	648	105	653	105	61	62	0.00673854	0	0.230769	1
544	158	346	156	345	62	63	0.00404313	0	0.76044	2
545	633	99	626	99	62	63	0.00943396	0	0.217582	2
546	524	133	521	134	62	64	0.00539084	0	0.292308	2
547	473	164	471	164	62	63	0.00269542	0	0.36044	2
548	497	127	493	132	62	65	0.0390836	0	0.279121	2
549	535	102	537	102	62	63	0.00269542	0	0.224176	1
550	445	92	456	89	62	64	0.0269542	0	0.202198	1
551	396	36	391	35	62	63	0.00808625	0	0.0791209	2
552	164	303	154	297	62	65	0.0619946	0	0.665934	2
553	383	146	386	146	62	63	0.00404313	0	0.320879	1
554	139	219	142	214	62	65	0.0377358	0	0.481319	1
555	204	64	201	64	62	64	0.00404313	0	0.140659	2
556	433	148	434	147	62	63	0.00269542	0	0.325275	1
557	483	170	479	171	62	67	0.00673854	0	0.373626	2
558	186	157	186	156	62	63	0.00134771	0	0.345055	1
559	189	91	202	89	62	64	0.0229111	0	0.2	1
560	351	162	354	160	62	64	0.00943396	0	0.356044	1
561	613	351	606	346	62	63	0.0431267	0	0.771429	2
562	434	184	435	182	62	68	0.00673854	0	0.404396	1
563	174	160	204	155	62	69	0.074124	0	0.351648	1
564	160	187	165	184	62	63	0.0188679	0	0.410989	1
565	499	116	497	119	63	65	0.0148248	0	0.254945	2
566	126	311	118	306	63	65	0.0444744	0	0.683516	2
567	220	99	220	98	63	64	0.00134771	0	0.217582	1
568	159	335	157	335	63	64	0.00269542	0	0.736264	2
569	618	114	611	114	63	64	0.00943396	0	0.250549	2
570	659	95	669	94	63	65	0.0148248	0	0.208791	1
571	487	98	484	99	63	64	0.00539084	0	0.215385	2
572	213	51	211	51	63	64	0.00269542	0	0.112088	2
573	469	153	468	152	63	65	0.00269542	0	0.336264	2
574	150	307	129	289	63	70	0.46496	0	0.674725	2
575	225	161	224	161	63	65	0.00134771	0	0.353846	2
576	154	200	181	195	63	69	0.0700809	0	0.43956	1
577	528	148	527	148	63	64	0.00134771	0	0.325275	2
578	223	53	215	54	63	68	0.0121294	0	0.116484	2
579	133	352	124	348	64	65	0.0336927	0	0.773626	2
580	154	345	150	344	64	65	0.00673854	0	0.758242	2
581	386	36	379	37	64	65	0.0107817	0	0.0791209	2
582	510	146	508	147	64	65	0.00404313	0	0.320879	2
583	498	92	497	93	64	65	0.00269542	0	0.202198	2
584	486	119	483	119	64	65	0.00404313	0	0.261538	2
585	187	104	193	102	64	65	0.0134771	0	0.228571	1
586	380	119	387	120	64	66	0.0107817	0	0.261538	1
587	667	104	671	104	64	65	0.00539084	0	0.228571	1
588	657	104	678	107	64	68	0.0404313	0	0.228571	1
589	646	98	650	98	64	65	0.00539084	0	0.215385	1
590	616	315	617	316	64	67	0.00269542	0	0.692308	1
591	406	177	410	177	64	66	0.00539084	0	0.389011	1
592	520	136	517	135	65	66	0.00539084	0	0.298901	2
593	475	142	474	141	65	66	0.00269542	0	0.312088	2
594	392	148	393	147	65	66	0.00269542	0	0.325275	1
595	490	160	490	159	65	66	0.00134771	0	0.351648	1
596	518	124	514	123	65	67	0.00673854	0	0.272527	2
597	645	153	650	152	65	66	0.00808625	0	0.336264	1
598	537	102	537	103	65	66	0.00134771	0	0.224176	1
599	370	148	372	148	65	66	0.00269542	0	0.325275	1
600	498	170	499	170	65	67	0.00134771	0	0.373626	1
601	382	148	382	148	65	66	0	0	0.325275	1
602	134	360	125	358	65	66	0.0175202	0	0.791209	2
603	607	100	599	99	65	66	0.0121294	0	0.21978	2
604	605	115	586	113	65	68	0.0309973	0	0.252747	2
605	487	96	477	99	65	70	0.0256065	0	0.210989	2
606	118	348	102	358	66	69	0.156334	0	0.764835	2
607	226	162	226	163	66	69	0.00134771	0	0.356044	1
608	493	133	490	130	66	70	0.0161725	0	0.292308	2
609	541	273	536	273	66	67	0.00673854	0	0.6	2
610	117	306	116	306	66	67	0.00134771	0	0.672527	2
611	496	121	496	120	66	67	0.00134771	0	0.265934	1
612	528	127	526	126	66	67	0.00404313	0	0.279121	2
613	206	52	204	51	66	67	0.00404313	0	0.114286	2
614	147	342	140	336	66	70	0.0579515	0	0.751648	2
615	534	304	501	283	66	70	0.638814	0	0.668132	2
616	667	94	684	97	66	70	0.0350404	0	0.206593	1
617	554	287	549	286	66	67	0.00808625	0	0.630769	2
618	435	142	439	138	66	67	0.0269542	0	0.312088	1
619	492	107	490	106	66	67	0.00404313	0	0.235165	2
620	468	151	468	148	66	68	0.0121294	0	0.331868	1
621	375	39	365	40	66	68	0.0148248	0	0.0857143	2
622	185	107	184	107	66	70	0.00134771	0	0.235165	2
623	677	109	694	111	66	70	0.0283019	0	0.23956	1
624	522	154	517	152	66	68	0.0121294	0	0.338462	2
625	514	113	513	113	66	67	0.00134771	0	0.248352	2
626	615	137	613	135	66	67	0.00808625	0	0.301099	2
627	349	154	348	154	66	70	0.00134771	0	0.338462	2
628	559	96	560	96	66	69	0.00134771	0	0.210989	1
629	545	306	539	303	67	68	0.0202156	0	0.672527	2
630	137	372	136	369	67	68	0.0134771	0	0.817582	2
631	515	135	508	130	67	70	0.0431267	0	0.296703	2
632	396	147	394	141	67	70	0.0512129	0	0.323077	2
633	539	106	539	106	67	68	0	0	0.232967	1
634	386	147	385	145	67	68	0.00673854	0	0.323077	2
635	477	140	477	139	67	68	0.00134771	0	0.307692	1
636	529	106	529	106	67	68	0	0	0.232967	1
637	411	178	407	175	67	69	0.0175202	0	0.391209	2
638	156	204	178	198	67	70	0.0781671	0	0.448352	1
639	478	105	476	105	67	68	0.00269542	0	0.230769	2
640	540	263	518	258	67	70	0.0633423	0	0.578022	2
641	532	272	520	268	68	70	0.0377358	0	0.597802	2
642	490	107	487	108	68	69	0.00539084	0	0.235165	2
643	148	285	139	282	68	70	0.0242588	0	0.626374	2
644	513	123	510	121	68	69	0.00943396	0	0.27033	2
645	591	98	585	97	68	69	0.00943396	0	0.215385	2
646	522	134	519	132	68	69	0.00943396	0	0.294505	2
647	548	362	546	360	68	69	0.00808625	0	0.795604	2
648	526	294	517	289	68	69	0.0458221	0	0.646154	2
649	498	171	496	171	68	70	0.00269542	0	0.375824	2
650	394	105	397	102	68	70	0.0161725	0	0.230769	1
651	481	121	477	121	68	69	0.00539084	0	0.265934	2
652	665	99	665	99	68	69	0	0	0.217582	1
653	560	119	561	116	68	70	0.0134771	0	0.261538	1
654	204	51	198	51	68	70	0.00808625	0	0.112088	2
655	532	128	530	127	68	69	0.00404313	0	0.281319	2
656	198	108	196	107	68	70	0.00404313	0	0.237363	2
657	593	130	587	133	68	69	0.0202156	0	0.285714	2
658	154	372	148	371	68	69	0.00943396	0	0.817582	2
659	195	192	200	193	68	70	0.00808625	0	0.421978	1
660	561	164	562	163	68	69	0.00269542	0	0.36044	1
661	544	116	543	116	68	69	0.00134771	0	0.254945	2
662	532	301	523	298	69	70	0.0242588	0	0.661538	2
663	475	141	474	139	69	70	0.00673854	0	0.30989	2
664	497	101	498	102	69	70	0.00269542	0	0.221978	1
665	132	366	127	360	69	70	0.0552561	0	0.804396	2
666	497	111	497	109	69	70	0.00539084	0	0.243956	1
667	515	152	513	150	69	70	0.00808625	0	0.334066	2
668	540	106	539	106	69	70	0.00134771	0	0.232967	2
669	212	55	209	55	69	70	0.00404313	0	0.120879	2
670	496	121	495	119	69	70	0.00673854	0	0.265934	2
671	681	108	684	107	69	70	0.00539084	0	0.237363	1
672	200	144	203	144	69	70	0.00404313	0	0.316484	1
673	123	341	118	340	69	70	0.00808625	0	0.749451	2
674	530	109	529	111	69	70	0.00673854	0	0.23956	2
675	220	102	219	102	69	70	0.00134771	0	0.224176	2
676	464	139	464	136	69	70	0.0121294	0	0.305495	1
677	537	286	529	284	69	70	0.0161725	0	0.628571	2
678	122	284	117	284	69	70	0.00673854	0	0.624176	2
679	474	107	470	107	69	70	0.00539084	0	0.235165	2
680	433	170	432	169	69	70	0.00269542	0	0.373626	2
681	691	98	694	97	69	70	0.00539084	0	0.215385	1
682	123	297	119	296	69	70	0.00673854	0	0.652747	2