
0	593	66	591	65	47	48	0.0483871	0	0.145055	2
1	439	86	438	82	47	49	0.274194	0	0.189011	2
2	394	87	394	85	47	48	0.0645161	0	0.191209	1
3	676	397	640	394	47	85	0.725806	0	0.872527	2
4	589	96	588	95	47	48	0.0322581	0	0.210989	2
5	411	112	408	111	47	50	0.0645161	0	0.246154	2
6	286	86	270	84	47	54	0.322581	0	0.189011	2
7	545	111	540	108	47	51	0.225806	0	0.243956	2
8	345	108	343	107	48	49	0.0483871	0	0.237363	2
9	474	91	474	89	48	49	0.0645161	0	0.2	1
10	409	88	407	86	48	50	0.0967742	0	0.193407	2
11	589	66	585	65	49	50	0.0806452	0	0.145055	2
12	588	97	586	96	49	50	0.0483871	0	0.213187	2
13	468	99	467	98	49	50	0.0322581	0	0.217582	2
14	383	86	382	85	49	50	0.0322581	0	0.189011	2
15	486	102	482	101	49	50	0.0806452	0	0.224176	2
16	433	95	432	94	49	50	0.0322581	0	0.208791	2
17	532	58	529	57	49	50	0.0645161	0	0.127473	2
18	736	378	701	377	50	82	0.580645	0	0.830769	2
19	473	87	471	84	50	51	0.177419	0	0.191209	2
20	438	81	432	76	50	53	0.5	0	0.178022	2
21	358	103	356	102	50	51	0.0483871	0	0.226374	2
22	591	78	586	78	51	52	0.0806452	0	0.171429	2
23	505	115	500	114	51	52	0.0967742	0	0.252747	2
24	583	67	578	67	51	52	0.0806452	0	0.147253	2
25	827	403	788	403	51	85	0.629032	0	0.885714	2
26	735	402	707	401	51	72	0.467742	0	0.883516	2
27	399	81	396	80	51	52	0.0645161	0	0.178022	2
28	365	82	362	80	51	52	0.112903	0	0.18022	2
29	406	107	402	106	51	52	0.0806452	0	0.235165	2
30	648	402	622	402	51	61	0.419355	0	0.883516	2
31	827	363	799	363	51	62	0.451613	0	0.797802	2
32	316	448	290	450	51	85	0.483871	0	0.984615	2
33	694	381	690	381	52	53	0.0645161	0	0.837363	2
34	547	110	543	112	52	53	0.129032	0	0.241758	2
35	470	82	467	82	52	53	0.0483871	0	0.18022	2
36	578	97	571	98	52	53	0.129032	0	0.213187	2
37	341	120	336	121	52	53	0.0967742	0	0.263736	2
38	408	72	405	71	52	53	0.0645161	0	0.158242	2
39	729	390	707	389	52	59	0.370968	0	0.857143	2
40	504	86	487	84	53	56	0.33871	0	0.189011	2
41	809	342	790	341	53	60	0.322581	0	0.751648	2
42	659	166	657	165	53	54	0.0483871	0	0.364835	2
43	375	62	372	60	53	54	0.112903	0	0.136264	2
44	575	68	571	68	53	54	0.0645161	0	0.149451	2
45	209	45	201	43	53	57	0.193548	0	0.0989011	2
46	565	71	561	71	53	54	0.0645161	0	0.156044	2
47	825	364	809	362	54	70	0.322581	0	0.8	2
48	686	381	681	380	54	55	0.0967742	0	0.837363	2
49	431	76	428	75	54	55	0.0645161	0	0.167033	2
50	541	112	536	113	54	58	0.0967742	0	0.246154	2
51	370	70	366	69	54	55	0.0806452	0	0.153846	2
52	509	29	496	28	54	56	0.225806	0	0.0637363	2
53	314	47	296	47	54	61	0.290323	0	0.103297	2
54	566	99	554	99	54	56	0.193548	0	0.217582	2
55	279	74	274	73	54	55	0.0967742	0	0.162637	2
56	370	80	366	78	54	55	0.129032	0	0.175824	2
57	392	80	389	79	54	55	0.0645161	0	0.175824	2
58	467	82	464	82	55	56	0.0483871	0	0.18022	2
59	452	95	449	95	55	56	0.0483871	0	0.208791	2
60	341	92	340	93	55	56	0.0322581	0	0.202198	2
61	455	85	452	85	55	56	0.0483871	0	0.186813	2
62	338	77	336	78	55	56	0.0483871	0	0.169231	2
63	565	69	557	72	55	57	0.274194	0	0.151648	2
64	267	120	256	120	55	59	0.177419	0	0.263736	2
65	369	59	362	59	55	57	0.112903	0	0.12967	2
66	516	428	511	425	56	85	0.225806	0	0.940659	2
67	426	75	424	74	56	57	0.0483871	0	0.164835	2
68	524	118	525	116	56	58	0.0806452	0	0.259341	1
69	675	382	669	381	56	59	0.112903	0	0.83956	2
70	272	76	270	75	56	57	0.0483871	0	0.167033	2
71	825	386	823	382	56	66	0.290323	0	0.848352	2
72	827	360	820	357	56	70	0.258065	0	0.791209	2
73	399	71	398	70	56	57	0.0322581	0	0.156044	2
74	399	88	396	88	57	58	0.0483871	0	0.193407	2
75	817	396	815	395	57	62	0.0483871	0	0.87033	2
76	264	85	263	86	57	60	0.0322581	0	0.186813	2
77	483	82	477	81	57	63	0.112903	0	0.18022	2
78	682	381	679	380	57	60	0.0645161	0	0.837363	2
79	551	85	549	84	57	58	0.0483871	0	0.186813	2
80	657	369	653	368	57	59	0.0806452	0	0.810989	2
81	376	441	370	442	58	79	0.112903	0	0.969231	2
82	363	68	363	68	58	59	0	0	0.149451	1
83	398	70	399	70	58	59	0.016129	0	0.153846	1
84	426	74	425	74	58	59	0.016129	0	0.162637	2
85	514	450	513	448	58	85	0.0806452	0	0.989011	2
86	547	94	545	94	58	59	0.0322581	0	0.206593	2
87	463	82	462	81	58	59	0.0322581	0	0.18022	2
88	611	416	606	417	58	85	0.0967742	0	0.914286	2
89	556	73	555	73	58	62	0.016129	0	0.16044	2
90	312	74	309	74	58	59	0.0483871	0	0.162637	2
91	347	90	349	90	58	59	0.0322581	0	0.197802	1
92	438	79	435	78	58	59	0.0645161	0	0.173626	2
93	467	64	465	64	58	59	0.0322581	0	0.140659	2
94	529	117	531	116	59	60	0.0483871	0	0.257143	1
95	441	425	441	423	59	74	0.0645161	0	0.934066	1
96	548	84	547	83	59	60	0.0322581	0	0.184615	2
97	519	156	519	155	59	60	0.016129	0	0.342857	1
98	354	455	354	454	60	61	0.016129	0	1	1
99	308	53	307	53	60	61	0.016129	0	0.116484	2
100	366	70	368	70	60	61	0.0322581	0	0.153846	1
101	707	389	704	389	60	85	0.0483871	0	0.854945	2
102	403	70	409	68	60	62	0.16129	0	0.153846	1
103	652	369	642	368	60	78	0.177419	0	0.810989	2
104	426	75	428	75	60	62	0.0322581	0	0.164835	1
105	345	90	348	90	60	61	0.0483871	0	0.197802	1
106	382	72	381	71	60	61	0.0322581	0	0.158242	2
107	386	84	389	82	60	61	0.112903	0	0.184615	1
108	716	108	716	110	60	63	0.0645161	0	0.237363	1
109	510	436	511	434	60	74	0.0806452	0	0.958242	1
110	347	118	348	119	60	61	0.0322581	0	0.259341	1
111	464	85	464	84	60	61	0.016129	0	0.186813	1
112	263	88	263	89	61	62	0.016129	0	0.193407	1
113	534	116	536	116	61	62	0.0322581	0	0.254945	1
114	548	85	548	85	61	63	0	0	0.186813	1
115	394	72	397	71	61	62	0.0645161	0	0.158242	1
116	484	56	482	56	61	62	0.0322581	0	0.123077	2
117	543	74	544	75	61	65	0.0322581	0	0.162637	1
118	679	360	681	360	61	63	0.0322581	0	0.791209	1
119	519	155	519	155	61	62	0	0	0.340659	1
120	544	113	546	113	61	62	0.0322581	0	0.248352	1
121	681	381	681	381	61	65	0	0	0.837363	1
122	358	76	359	76	61	62	0.016129	0	0.167033	1
123	460	56	464	54	61	64	0.129032	0	0.123077	1
124	464	85	463	84	62	63	0.0322581	0	0.186813	2
125	651	137	657	134	62	65	0.241935	0	0.301099	1
126	499	441	500	439	62	84	0.0806452	0	0.969231	1
127	357	60	360	60	62	63	0.0483871	0	0.131868	1
128	450	83	450	83	62	63	0	0	0.182418	1
129	354	455	353	454	63	65	0.0322581	0	1	2
130	670	381	669	380	63	65	0.0322581	0	0.837363	2
131	429	76	430	75	63	65	0.0322581	0	0.167033	1
132	265	93	266	93	63	64	0.016129	0	0.204396	1
133	555	74	554	74	63	65	0.016129	0	0.162637	2
134	816	396	818	394	63	67	0.0967742	0	0.87033	1
135	551	113	554	112	63	64	0.0645161	0	0.248352	1
136	374	73	375	74	63	64	0.0322581	0	0.16044	1
137	414	70	419	68	63	65	0.145161	0	0.153846	1
138	435	108	435	108	63	64	0	0	0.237363	1
139	718	112	719	112	64	68	0.016129	0	0.246154	1
140	364	74	365	73	64	65	0.0322581	0	0.162637	1
141	400	82	402	81	64	65	0.0483871	0	0.18022	1
142	361	94	363	92	64	65	0.0967742	0	0.206593	1
143	682	360	682	359	64	65	0.016129	0	0.791209	1
144	710	101	708	98	64	77	0.177419	0	0.221978	2
145	297	73	294	72	64	65	0.0645161	0	0.16044	2
146	667	133	668	132	64	65	0.0322581	0	0.292308	1
147	376	100	380	101	65	66	0.0806452	0	0.21978	1
148	378	74	379	74	65	66	0.016129	0	0.162637	1
149	217	40	223	40	65	67	0.0967742	0	0.0879121	1
150	466	50	469	49	65	67	0.0645161	0	0.10989	1
151	439	86	440	85	65	66	0.0322581	0	0.189011	1
152	354	105	357	104	65	66	0.0645161	0	0.230769	1
153	456	90	458	90	65	66	0.0322581	0	0.197802	1
154	685	361	685	359	66	71	0.0645161	0	0.793407	1
155	354	455	348	454	66	85	0.112903	0	1	2
156	669	381	659	379	66	77	0.225806	0	0.837363	2
157	557	78	557	78	66	67	0	0	0.171429	1
158	433	75	437	73	66	69	0.129032	0	0.164835	1
159	420	115	421	115	66	67	0.016129	0	0.252747	1
160	650	177	651	176	66	67	0.0322581	0	0.389011	1
161	476	59	478	58	66	67	0.0483871	0	0.12967	1
162	413	72	419	71	66	68	0.112903	0	0.158242	1
163	660	134	673	127	66	71	1	0	0.294505	1
164	363	441	359	441	66	85	0.0645161	0	0.969231	2
165	406	83	412	82	66	68	0.112903	0	0.182418	1
166	523	156	525	154	66	67	0.0967742	0	0.342857	1
167	368	73	367	72	67	68	0.0322581	0	0.16044	2
168	443	85	443	84	67	68	0.016129	0	0.186813	1
169	291	49	287	49	67	69	0.0645161	0	0.107692	2
170	469	79	469	79	67	68	0	0	0.173626	1
171	379	69	378	68	67	68	0.0322581	0	0.151648	2
172	478	68	478	67	67	68	0.016129	0	0.149451	1
173	431	84	437	79	67	74	0.5	0	0.184615	1
174	765	366	756	366	68	83	0.145161	0	0.804396	2
175	555	79	552	78	68	71	0.0645161	0	0.173626	2
176	469	52	468	52	68	69	0.016129	0	0.114286	2
177	818	394	816	392	68	71	0.0967742	0	0.865934	2
178	421	115	420	114	68	69	0.0322581	0	0.252747	2
179	544	87	543	86	68	69	0.0322581	0	0.191209	2
180	551	108	550	107	68	69	0.0322581	0	0.237363	2
181	557	93	556	92	68	69	0.0322581	0	0.204396	2
182	802	364	799	362	68	73	0.112903	0	0.8	2
183	822	381	820	380	68	72	0.0483871	0	0.837363	2
184	444	84	444	82	69	70	0.0645161	0	0.184615	1
185	379	72	377	70	69	70	0.0967742	0	0.158242	2
186	483	114	483	113	69	70	0.016129	0	0.250549	1
187	772	366	766	364	69	77	0.16129	0	0.804396	2
188	544	96	543	95	69	70	0.0322581	0	0.210989	2
189	717	113	715	111	69	70	0.0967742	0	0.248352	2
190	534	147	540	144	69	70	0.241935	0	0.323077	1
191	439	71	440	69	70	71	0.0806452	0	0.156044	1
192	469	53	470	53	70	71	0.016129	0	0.116484	1
193	556	92	556	92	70	71	0	0	0.202198	1
194	286	49	285	48	70	74	0.0322581	0	0.107692	2
195	429	62	432	61	70	71	0.0645161	0	0.136264	1
196	476	84	477	83	70	71	0.0322581	0	0.184615	1
197	225	53	230	52	70	72	0.0967742	0	0.116484	1
198	810	362	808	361	71	85	0.0483871	0	0.795604	2
199	377	69	376	68	71	72	0.0322581	0	0.151648	2
200	710	124	710	123	71	72	0.016129	0	0.272527	1
201	717	110	717	109	71	72	0.016129	0	0.241758	1
202	421	110	423	109	71	72	0.0483871	0	0.241758	1
203	379	125	379	125	71	72	0	0	0.274725	1
204	686	361	682	361	72	77	0.0645161	0	0.793407	2
205	825	356	823	355	72	76	0.0483871	0	0.782418	2
206	401	99	405	98	72	73	0.0806452	0	0.217582	1
207	441	69	440	69	72	73	0.016129	0	0.151648	2
208	820	398	819	398	72	73	0.016129	0	0.874725	2
209	390	63	391	63	72	73	0.016129	0	0.138462	1
210	289	90	292	90	72	73	0.0483871	0	0.197802	1
211	474	81	474	81	72	73	0	0	0.178022	1
212	444	91	447	90	72	74	0.0645161	0	0.2	1
213	360	455	359	454	72	74	0.0322581	0	1	2
214	395	109	399	108	72	73	0.0806452	0	0.23956	1
215	586	112	592	111	73	74	0.112903	0	0.246154	1
216	552	76	553	75	73	74	0.0322581	0	0.167033	1
217	386	93	387	93	73	74	0.016129	0	0.204396	1
218	447	448	442	449	73	85	0.0967742	0	0.984615	2
219	448	81	450	82	73	76	0.0483871	0	0.178022	1
220	543	104	544	104	73	74	0.016129	0	0.228571	1
221	501	114	504	114	73	75	0.0483871	0	0.250549	1
222	406	84	422	83	73	77	0.274194	0	0.184615	1
223	232	52	240	51	73	76	0.145161	0	0.114286	1
224	561	442	559	443	73	85	0.0483871	0	0.971429	2
225	490	112	492	111	73	74	0.0483871	0	0.246154	1
226	382	123	386	120	73	74	0.209677	0	0.27033	1
227	291	58	290	59	74	75	0.0322581	0	0.127473	2
228	687	128	691	128	74	75	0.0645161	0	0.281319	1
229	800	362	795	361	74	81	0.0967742	0	0.795604	2
230	405	93	410	93	74	75	0.0806452	0	0.204396	1
231	411	116	415	117	74	75	0.0806452	0	0.254945	1
232	481	84	481	85	74	75	0.016129	0	0.184615	1
233	801	392	795	392	74	85	0.0967742	0	0.861538	2
234	348	444	347	443	75	85	0.0322581	0	0.975824	2
235	441	424	437	423	75	85	0.0806452	0	0.931868	2
236	391	96	391	96	75	76	0	0	0.210989	1
237	554	76	554	76	75	76	0	0	0.167033	1
238	372	65	370	64	75	76	0.0483871	0	0.142857	2
239	591	111	599	109	75	77	0.193548	0	0.243956	1
240	693	392	690	392	75	85	0.0483871	0	0.861538	2
241	466	427	465	427	75	85	0.016129	0	0.938462	2
242	551	89	551	89	75	76	0	0	0.195604	1
243	298	49	294	48	75	77	0.0806452	0	0.107692	2
244	493	112	493	112	75	76	0	0	0.246154	1
245	441	71	439	73	75	77	0.0967742	0	0.156044	2
246	544	106	543	106	75	76	0.016129	0	0.232967	2
247	822	380	817	382	75	83	0.145161	0	0.835165	2
248	478	56	481	55	75	78	0.0645161	0	0.123077	1
249	397	62	398	61	75	76	0.0322581	0	0.136264	1
250	285	49	280	49	75	81	0.0806452	0	0.107692	2
251	544	79	544	78	75	77	0.016129	0	0.173626	1
252	510	436	511	434	75	85	0.0806452	0	0.958242	1
253	694	128	696	126	76	77	0.0967742	0	0.281319	1
254	607	108	609	106	76	77	0.0967742	0	0.237363	1
255	290	60	287	60	76	77	0.0483871	0	0.131868	2
256	478	84	477	84	76	78	0.016129	0	0.184615	2
257	436	115	436	115	76	77	0	0	0.252747	1
258	391	95	389	95	77	78	0.0322581	0	0.208791	2
259	367	65	363	66	77	78	0.0806452	0	0.142857	2
260	494	111	494	110	77	78	0.016129	0	0.243956	1
261	448	91	447	92	77	78	0.0322581	0	0.2	2
262	820	356	820	356	77	83	0	0	0.782418	1
263	363	98	360	99	77	78	0.0645161	0	0.215385	2
264	548	80	553	81	78	82	0.0967742	0	0.175824	1
265	604	111	609	111	78	79	0.0806452	0	0.243956	1
266	698	125	706	123	78	81	0.193548	0	0.274725	1
267	441	77	444	79	78	80	0.112903	0	0.169231	1
268	659	381	660	381	78	85	0.016129	0	0.837363	1
269	553	105	556	105	78	79	0.0483871	0	0.230769	1
270	291	49	292	49	78	83	0.016129	0	0.107692	1
271	375	64	376	64	78	79	0.016129	0	0.140659	1
272	201	452	203	453	78	85	0.0483871	0	0.993407	1
273	681	362	683	362	78	85	0.0322581	0	0.795604	1
274	314	446	317	446	78	85	0.0483871	0	0.98022	1
275	453	69	458	69	78	79	0.0806452	0	0.151648	1
276	551	90	556	91	78	81	0.0967742	0	0.197802	1
277	500	79	505	79	78	81	0.0806452	0	0.173626	1
278	479	85	481	85	79	80	0.0322581	0	0.186813	1
279	485	56	496	55	79	84	0.193548	0	0.123077	1
280	363	68	362	68	79	80	0.016129	0	0.149451	2
281	436	438	437	437	79	85	0.0322581	0	0.962637	1
282	498	110	501	110	79	80	0.0483871	0	0.241758	1
283	615	101	619	100	79	80	0.0806452	0	0.221978	1
284	643	370	643	370	79	85	0	0	0.813187	1
285	424	93	427	91	79	80	0.112903	0	0.204396	1
286	414	110	418	108	79	80	0.129032	0	0.241758	1
287	290	59	290	60	79	81	0.016129	0	0.12967	1
288	615	112	619	112	80	81	0.0645161	0	0.246154	1
289	451	89	451	90	80	81	0.016129	0	0.195604	1
290	374	440	376	440	80	85	0.0322581	0	0.967033	1
291	559	107	560	108	80	81	0.0322581	0	0.235165	1
292	464	68	480	68	80	84	0.258065	0	0.149451	1
293	442	121	441	121	80	81	0.016129	0	0.265934	2
294	484	87	486	88	81	82	0.0483871	0	0.191209	1
295	483	103	483	103	81	82	0	0	0.226374	1
296	563	80	564	80	81	83	0.016129	0	0.175824	1
297	475	122	475	122	81	82	0	0	0.268132	1
298	361	69	360	69	81	82	0.016129	0	0.151648	2
299	384	63	385	63	81	82	0.016129	0	0.138462	1
300	423	108	429	109	81	82	0.112903	0	0.237363	1
301	441	88	445	88	81	82	0.0645161	0	0.193407	1
302	700	105	701	105	81	85	0.016129	0	0.230769	1
303	710	124	714	122	82	83	0.129032	0	0.272527	1
304	562	111	563	112	82	83	0.0322581	0	0.243956	1
305	392	94	393	93	82	83	0.0322581	0	0.206593	1
306	559	91	559	91	82	83	0	0	0.2	1
307	766	366	768	366	82	85	0.0322581	0	0.804396	1
308	450	72	451	71	82	83	0.0322581	0	0.158242	1
309	506	77	508	77	82	83	0.0322581	0	0.169231	1
310	551	110	552	109	82	83	0.0322581	0	0.241758	1
311	795	362	798	361	82	85	0.0645161	0	0.795604	1
312	626	112	630	111	83	84	0.0806452	0	0.246154	1
313	554	81	555	81	83	84	0.016129	0	0.178022	1
314	702	377	704	377	83	85	0.0322581	0	0.828571	1
315	489	89	492	89	83	84	0.0483871	0	0.195604	1
316	486	103	493	102	83	85	0.129032	0	0.226374	1
317	384	71	385	70	83	84	0.0322581	0	0.156044	1
318	438	31	437	31	83	85	0.016129	0	0.0681319	2
319	815	366	818	366	83	85	0.0483871	0	0.804396	1
320	757	366	758	366	84	85	0.016129	0	0.804396	1
321	719	122	725	121	84	85	0.112903	0	0.268132	1
322	288	64	291	64	84	85	0.0483871	0	0.140659	1
323	559	91	561	91	84	85	0.0322581	0	0.2	1
324	564	112	567	112	84	85	0.0483871	0	0.246154	1
325	395	75	398	75	84	85	0.0483871	0	0.164835	1
326	278	86	280	85	84	85	0.0483871	0	0.189011	1
327	553	108	557	106	84	85	0.129032	0	0.237363	1
328	820	376	821	376	84	85	0.016129	0	0.826374	1
329	565	81	566	80	84	85	0.0322581	0	0.178022	1
330	455	78	459	77	84	85	0.0806452	0	0.171429	1
331	356	455	357	454	84	85	0.0322581	0	1	1