
0	298	272	314	262	2	4	0.511013	0	0.64455	1
1	160	178	160	171	2	5	0.215859	0	0.421801	1
2	361	135	361	134	2	3	0.00440529	0	0.319905	1
3	327	210	344	202	2	6	0.356828	0	0.49763	1
4	827	284	825	299	2	32	1	0	0.672986	2
5	170	157	169	156	2	3	0.00881057	0	0.372038	2
6	295	99	296	96	3	4	0.0440529	0	0.234597	1
7	291	144	290	142	3	4	0.0220264	0	0.341232	2
8	377	185	368	180	3	5	0.14978	0	0.438389	2
9	706	66	705	63	3	6	0.0440529	0	0.156398	2
10	171	173	170	169	3	4	0.0748899	0	0.409953	2
11	285	201	282	195	3	5	0.171806	0	0.476303	2
12	296	340	297	336	3	4	0.0748899	0	0.805687	1
13	327	162	324	158	3	6	0.0837004	0	0.383886	2
14	256	391	266	389	3	4	0.061674	0	0.92654	1
15	482	196	475	193	3	4	0.0704846	0	0.464455	2
16	326	193	341	194	3	8	0.0704846	0	0.457346	1
17	633	73	633	73	3	7	0	0	0.172986	1
18	365	176	360	172	3	4	0.092511	0	0.417062	2
19	284	266	319	268	4	8	0.171806	0	0.630332	1
20	304	265	311	263	4	5	0.0484581	0	0.627962	1
21	306	245	324	245	4	7	0.0792952	0	0.580569	1
22	816	315	811	314	4	5	0.0264317	0	0.746445	2
23	567	77	566	75	4	5	0.0220264	0	0.182464	2
24	826	300	816	302	4	6	0.061674	0	0.7109	2
25	299	114	299	111	4	5	0.0396476	0	0.270142	1
26	568	32	567	31	4	6	0.00881057	0	0.0758294	2
27	804	329	796	325	4	5	0.105727	0	0.779621	2
28	281	152	279	150	4	8	0.0264317	0	0.36019	2
29	315	165	315	164	4	6	0.00440529	0	0.390995	1
30	322	257	336	267	5	9	0.502203	0	0.609005	1
31	309	185	309	185	5	6	0	0	0.438389	1
32	818	382	803	386	5	6	0.136564	0	0.905213	2
33	577	80	579	80	5	6	0.00881057	0	0.189573	1
34	159	153	159	154	5	6	0.00440529	0	0.362559	1
35	614	37	617	40	5	8	0.0528634	0	0.0876777	1
36	638	34	639	37	5	8	0.0440529	0	0.0805687	1
37	285	391	320	385	5	8	0.312775	0	0.92654	1
38	543	282	553	285	5	13	0.0837004	0	0.668246	1
39	636	56	636	58	5	9	0.0176211	0	0.132701	1
40	520	78	521	82	5	8	0.0748899	0	0.184834	1
41	328	199	337	204	5	7	0.14978	0	0.471564	1
42	358	171	356	171	5	6	0.00881057	0	0.405213	2
43	332	145	334	147	5	7	0.0264317	0	0.343602	1
44	475	40	480	41	5	12	0.0264317	0	0.0947867	1
45	303	96	307	97	6	7	0.0220264	0	0.227488	1
46	253	402	254	403	6	7	0.00881057	0	0.952607	1
47	321	268	327	274	6	8	0.185022	0	0.635071	1
48	639	24	644	25	6	12	0.0264317	0	0.056872	1
49	567	76	576	78	6	29	0.0572687	0	0.180095	1
50	282	191	280	192	6	7	0.0132159	0	0.452607	2
51	530	25	537	27	6	31	0.0484581	0	0.0592417	1
52	301	83	300	85	6	9	0.0220264	0	0.196682	2
53	306	327	358	323	6	13	0.299559	0	0.774882	1
54	319	278	323	281	6	9	0.0572687	0	0.658768	1
55	269	188	269	189	6	7	0.00440529	0	0.445498	1
56	799	326	795	330	7	8	0.0881057	0	0.772512	2
57	502	217	501	217	7	8	0.00440529	0	0.514218	2
58	788	325	782	325	7	8	0.0264317	0	0.770142	2
59	705	63	705	63	7	9	0	0	0.149289	1
60	348	205	350	209	7	8	0.0792952	0	0.485782	1
61	324	338	360	332	7	12	0.317181	0	0.800948	1
62	325	160	325	159	7	9	0.00440529	0	0.379147	1
63	282	387	289	381	7	9	0.189427	0	0.917062	1
64	157	155	156	153	7	8	0.0220264	0	0.367299	2
65	580	86	582	87	7	8	0.0132159	0	0.203791	1
66	811	308	792	322	7	12	0.947137	0	0.729858	2
67	568	33	567	33	7	9	0.00440529	0	0.0781991	2
68	24	112	24	112	7	9	0	0	0.265403	1
69	175	155	175	157	7	8	0.0176211	0	0.367299	1
70	814	335	809	338	7	8	0.061674	0	0.793839	2
71	363	126	362	124	7	10	0.0220264	0	0.298578	2
72	310	99	312	97	8	9	0.0264317	0	0.234597	1
73	310	189	309	186	8	9	0.0440529	0	0.447867	2
74	331	232	337	232	8	9	0.0264317	0	0.549763	1
75	277	195	273	192	8	9	0.0572687	0	0.462085	2
76	316	221	324	219	8	9	0.0528634	0	0.523697	1
77	310	363	323	358	8	10	0.167401	0	0.86019	1
78	641	71	646	68	8	13	0.061674	0	0.168246	1
79	300	375	314	371	8	10	0.132159	0	0.888626	1
80	791	333	786	336	9	10	0.061674	0	0.7891	2
81	777	325	773	327	9	10	0.0352423	0	0.770142	2
82	328	381	343	385	9	12	0.136564	0	0.902844	1
83	772	389	765	389	9	10	0.030837	0	0.921801	2
84	586	105	587	102	9	10	0.0440529	0	0.248815	1
85	326	271	326	269	9	10	0.0176211	0	0.64218	1
86	500	214	486	214	9	14	0.061674	0	0.507109	2
87	550	41	553	39	9	12	0.030837	0	0.0971564	1
88	271	149	269	146	9	10	0.0484581	0	0.353081	2
89	617	43	622	40	9	12	0.061674	0	0.101896	1
90	517	67	505	64	9	40	0.092511	0	0.158768	2
91	703	50	703	47	9	11	0.0396476	0	0.118483	1
92	471	79	478	77	9	14	0.0484581	0	0.187204	1
93	548	58	555	56	9	14	0.0484581	0	0.137441	1
94	585	90	586	87	9	10	0.0440529	0	0.21327	1
95	347	262	359	259	10	11	0.092511	0	0.620853	1
96	336	267	357	268	10	13	0.0969163	0	0.632701	1
97	706	61	714	61	10	14	0.0352423	0	0.14455	1
98	301	82	289	82	10	40	0.0528634	0	0.194313	2
99	289	148	289	148	10	11	0	0	0.350711	1
100	320	400	326	403	10	12	0.0660793	0	0.947867	1
101	322	279	323	279	10	11	0.00440529	0	0.661137	1
102	345	220	352	220	10	11	0.030837	0	0.521327	1
103	466	217	471	218	10	14	0.0264317	0	0.514218	1
104	637	36	641	36	10	12	0.0176211	0	0.0853081	1
105	637	54	643	54	10	13	0.0264317	0	0.127962	1
106	458	139	454	138	10	11	0.0220264	0	0.329384	2
107	24	110	25	112	10	36	0.0220264	0	0.260664	1
108	144	191	149	192	10	12	0.0264317	0	0.452607	1
109	652	61	659	60	10	14	0.0352423	0	0.14455	1
110	344	231	393	233	10	16	0.23348	0	0.547393	1
111	279	149	279	149	10	11	0	0	0.353081	1
112	771	333	771	339	11	12	0.15859	0	0.7891	1
113	541	30	546	30	11	14	0.0220264	0	0.07109	1
114	779	380	783	377	11	14	0.0572687	0	0.900474	1
115	363	127	364	129	11	12	0.0220264	0	0.300948	1
116	282	190	283	190	11	12	0.00440529	0	0.450237	1
117	319	94	325	93	11	12	0.030837	0	0.222749	1
118	755	392	763	392	11	20	0.0352423	0	0.92891	1
119	525	82	531	82	11	14	0.0264317	0	0.194313	1
120	312	381	329	381	11	12	0.0748899	0	0.902844	1
121	24	50	25	52	12	35	0.0220264	0	0.118483	1
122	535	232	531	237	12	21	0.127753	0	0.549763	2
123	372	257	395	258	12	15	0.105727	0	0.609005	1
124	337	271	358	268	12	14	0.132159	0	0.64218	1
125	768	390	776	390	12	21	0.0352423	0	0.924171	1
126	360	256	369	256	12	13	0.0396476	0	0.606635	1
127	598	101	602	100	12	13	0.0220264	0	0.239336	1
128	322	164	324	164	12	13	0.00881057	0	0.388626	1
129	282	149	282	148	12	13	0.00440529	0	0.353081	1
130	523	39	529	39	12	27	0.0264317	0	0.0924171	1
131	700	54	705	53	12	15	0.0264317	0	0.127962	1
132	358	208	361	207	12	13	0.0176211	0	0.492891	1
133	630	74	634	74	12	14	0.0176211	0	0.175355	1
134	311	125	338	122	12	17	0.15859	0	0.296209	1
135	773	343	774	344	13	14	0.00881057	0	0.812796	1
136	646	28	650	27	13	16	0.0220264	0	0.0663507	1
137	318	186	320	186	13	14	0.00881057	0	0.440758	1
138	324	406	325	405	13	14	0.00881057	0	0.962085	1
139	367	220	374	220	13	14	0.030837	0	0.521327	1
140	282	189	280	187	13	14	0.0264317	0	0.447867	2
141	556	40	559	39	13	17	0.0176211	0	0.0947867	1
142	618	49	622	48	13	16	0.0220264	0	0.116114	1
143	451	137	448	136	13	14	0.0176211	0	0.324645	2
144	295	151	299	148	13	20	0.0572687	0	0.35782	1
145	482	42	483	41	13	19	0.00881057	0	0.0995261	1
146	355	222	357	220	13	14	0.0264317	0	0.526066	1
147	792	324	790	324	13	14	0.00881057	0	0.767773	2
148	364	341	374	340	13	14	0.0484581	0	0.808057	1
149	599	70	599	69	13	14	0.00440529	0	0.165877	1
150	161	134	163	132	13	14	0.0264317	0	0.317536	1
151	607	126	616	127	13	15	0.0440529	0	0.298578	1
152	457	42	458	42	13	20	0.00440529	0	0.0995261	1
153	369	378	401	371	14	17	0.356828	0	0.895735	1
154	648	69	651	69	14	16	0.0132159	0	0.163507	1
155	24	59	25	60	14	30	0.00881057	0	0.13981	1
156	626	37	629	37	14	20	0.0132159	0	0.0876777	1
157	348	389	378	389	14	18	0.132159	0	0.921801	1
158	463	85	464	87	14	29	0.0220264	0	0.201422	1
159	279	189	277	188	15	16	0.0132159	0	0.447867	2
160	375	268	389	266	15	16	0.0792952	0	0.635071	1
161	375	204	378	203	15	16	0.0176211	0	0.483412	1
162	716	61	715	62	15	28	0.00881057	0	0.14455	2
163	375	325	383	324	15	16	0.0396476	0	0.770142	1
164	343	166	336	164	15	17	0.0484581	0	0.393365	2
165	323	186	325	185	15	16	0.0132159	0	0.440758	1
166	779	343	781	340	15	16	0.0484581	0	0.812796	1
167	602	72	600	73	15	21	0.0132159	0	0.170616	2
168	448	138	446	139	15	16	0.0132159	0	0.327014	2
169	786	376	788	375	15	16	0.0132159	0	0.890995	1
170	481	222	475	224	15	16	0.0440529	0	0.526066	2
171	792	361	797	360	15	16	0.0264317	0	0.85545	1
172	636	74	637	74	15	17	0.00440529	0	0.175355	1
173	385	222	392	223	15	16	0.0352423	0	0.526066	1
174	576	28	573	28	15	19	0.0132159	0	0.0663507	2
175	189	180	191	180	15	16	0.00881057	0	0.42654	1
176	648	38	647	38	15	18	0.00440529	0	0.0900474	2
177	533	80	512	80	15	40	0.092511	0	0.189573	2
178	470	191	468	190	15	16	0.0132159	0	0.452607	2
179	656	58	654	58	15	19	0.00881057	0	0.137441	2
180	557	281	552	280	15	17	0.0264317	0	0.665877	2
181	550	29	548	28	15	18	0.0132159	0	0.0687204	2
182	421	51	399	50	15	40	0.101322	0	0.120853	2
183	557	57	557	58	15	27	0.00440529	0	0.135071	1
184	798	325	797	323	15	18	0.0220264	0	0.770142	2
185	567	75	545	74	15	40	0.101322	0	0.177725	2
186	344	210	343	209	15	20	0.00881057	0	0.49763	2
187	379	168	384	168	15	17	0.0220264	0	0.398104	1
188	594	27	572	26	15	40	0.101322	0	0.063981	2
189	545	84	541	84	16	19	0.0176211	0	0.199052	2
190	383	213	391	211	16	19	0.0528634	0	0.504739	1
191	400	336	405	335	16	17	0.0264317	0	0.796209	1
192	357	126	357	125	16	17	0.00440529	0	0.298578	1
193	613	100	613	101	16	18	0.00440529	0	0.236967	1
194	339	55	316	53	16	40	0.118943	0	0.130332	2
195	826	175	825	176	16	19	0.00881057	0	0.414692	2
196	377	398	397	402	16	19	0.15859	0	0.943128	1
197	491	80	488	81	17	21	0.0176211	0	0.189573	2
198	783	337	787	334	17	21	0.0572687	0	0.798578	1
199	801	360	811	356	17	20	0.114537	0	0.853081	1
200	410	264	429	263	17	20	0.0881057	0	0.625592	1
201	622	48	619	48	17	22	0.0132159	0	0.113744	2
202	386	327	401	330	17	19	0.105727	0	0.774882	1
203	648	26	645	26	17	22	0.0132159	0	0.0616114	2
204	375	228	376	226	17	18	0.0220264	0	0.540284	1
205	470	227	469	228	17	20	0.00881057	0	0.537915	2
206	166	182	160	185	17	25	0.0660793	0	0.43128	2
207	616	87	633	89	17	27	0.092511	0	0.206161	1
208	651	70	649	70	17	18	0.00881057	0	0.165877	2
209	191	145	189	145	17	18	0.00881057	0	0.343602	2
210	259	183	250	180	17	23	0.0792952	0	0.433649	2
211	85	64	62	62	17	40	0.118943	0	0.151659	2
212	122	89	99	87	17	40	0.118943	0	0.2109	2
213	365	133	366	134	18	19	0.00881057	0	0.315166	1
214	384	169	386	171	18	19	0.0264317	0	0.400474	1
215	375	206	377	206	18	19	0.00881057	0	0.488152	1
216	636	74	636	74	18	19	0	0	0.175355	1
217	325	160	310	157	18	22	0.105727	0	0.379147	2
218	411	230	423	232	18	20	0.0704846	0	0.545024	1
219	412	335	426	338	18	20	0.101322	0	0.793839	1
220	358	123	361	123	18	20	0.0132159	0	0.291469	1
221	556	40	556	40	18	24	0	0	0.0947867	1
222	422	279	435	281	19	20	0.0748899	0	0.661137	1
223	721	33	726	32	19	26	0.0264317	0	0.0781991	1
224	648	70	647	70	19	22	0.00440529	0	0.165877	2
225	617	104	619	105	19	20	0.0132159	0	0.246445	1
226	712	44	712	44	19	21	0	0	0.104265	1
227	625	68	624	67	19	22	0.00881057	0	0.161137	2
228	432	142	429	141	19	20	0.0176211	0	0.336493	2
229	626	130	630	131	19	20	0.0220264	0	0.308057	1
230	548	30	547	29	19	22	0.00881057	0	0.07109	2
231	156	196	155	199	19	20	0.0440529	0	0.464455	2
232	514	45	495	43	19	40	0.101322	0	0.106635	2
233	542	84	542	84	20	24	0	0	0.199052	1
234	369	135	372	134	20	22	0.0176211	0	0.319905	1
235	325	194	324	193	20	21	0.00881057	0	0.459716	2
236	572	28	570	28	20	22	0.00881057	0	0.0663507	2
237	391	174	403	178	20	24	0.123348	0	0.412322	1
238	412	333	429	334	20	22	0.0792952	0	0.7891	1
239	604	42	602	42	20	22	0.00881057	0	0.0995261	2
240	649	39	650	38	20	24	0.00881057	0	0.0924171	1
241	484	42	483	41	20	23	0.00881057	0	0.0995261	2
242	522	237	518	235	20	25	0.0352423	0	0.561611	2
243	338	149	337	148	20	21	0.00881057	0	0.353081	2
244	620	106	620	105	21	22	0.00440529	0	0.251185	1
245	434	263	438	262	21	22	0.0220264	0	0.623223	1
246	422	225	434	226	21	23	0.0572687	0	0.533175	1
247	362	124	363	123	21	22	0.00881057	0	0.293839	1
248	153	199	152	198	21	22	0.00881057	0	0.471564	2
249	390	226	390	230	21	37	0.0704846	0	0.535545	1
250	356	46	355	46	21	34	0.00440529	0	0.109005	2
251	629	37	630	37	21	25	0.00440529	0	0.0876777	1
252	635	133	637	134	21	22	0.0132159	0	0.315166	1
253	355	155	356	153	21	22	0.0220264	0	0.367299	1
254	288	153	287	151	21	22	0.0220264	0	0.362559	2
255	655	59	656	57	21	25	0.0220264	0	0.13981	1
256	279	85	279	84	21	29	0.00440529	0	0.201422	1
257	787	341	789	346	22	23	0.118943	0	0.808057	1
258	337	166	338	166	22	23	0.00440529	0	0.393365	1
259	811	357	810	357	22	23	0.00440529	0	0.845972	2
260	321	192	324	190	22	25	0.030837	0	0.454976	1
261	485	81	487	81	22	25	0.00881057	0	0.191943	1
262	712	43	712	43	22	23	0	0	0.101896	1
263	377	160	380	161	22	23	0.0176211	0	0.379147	1
264	469	227	470	225	22	23	0.0220264	0	0.537915	1
265	373	205	376	206	22	23	0.0176211	0	0.485782	1
266	442	384	471	383	22	25	0.132159	0	0.909953	1
267	423	138	420	138	22	23	0.0132159	0	0.327014	2
268	514	79	495	77	22	40	0.101322	0	0.187204	2
269	373	92	378	92	22	23	0.0220264	0	0.218009	1
270	435	166	429	169	22	24	0.0660793	0	0.393365	2
271	440	281	449	277	23	25	0.110132	0	0.665877	1
272	621	49	622	48	23	26	0.00881057	0	0.116114	1
273	603	42	603	41	23	26	0.00440529	0	0.0995261	1
274	647	28	648	28	23	29	0.00440529	0	0.0663507	1
275	402	216	413	223	23	29	0.264317	0	0.511848	1
276	548	30	550	29	23	26	0.0132159	0	0.07109	1
277	627	68	628	68	23	25	0.00440529	0	0.161137	1
278	648	71	650	69	23	26	0.0264317	0	0.168246	1
279	324	155	322	155	23	24	0.00881057	0	0.367299	2
280	640	138	642	137	23	27	0.0132159	0	0.327014	1
281	439	363	449	363	23	24	0.0440529	0	0.86019	1
282	570	29	570	29	23	25	0	0	0.0687204	1
283	374	135	378	136	23	26	0.0220264	0	0.319905	1
284	333	185	334	184	23	24	0.00881057	0	0.438389	1
285	154	196	155	197	23	25	0.00881057	0	0.464455	1
286	305	154	303	154	23	24	0.00881057	0	0.364929	2
287	453	332	470	330	24	26	0.092511	0	0.78673	1
288	472	221	470	221	24	25	0.00881057	0	0.523697	2
289	384	162	386	162	24	25	0.00881057	0	0.383886	1
290	466	403	480	406	24	26	0.101322	0	0.954976	1
291	359	154	360	152	24	25	0.0220264	0	0.364929	1
292	603	71	596	71	24	33	0.030837	0	0.168246	2
293	319	156	317	155	25	26	0.0132159	0	0.369668	2
294	632	102	636	100	25	27	0.0352423	0	0.241706	1
295	544	83	543	84	25	29	0.00881057	0	0.196682	2
296	455	235	474	236	25	29	0.0881057	0	0.556872	1
297	465	263	479	265	25	28	0.0792952	0	0.623223	1
298	419	386	463	387	25	28	0.198238	0	0.914692	1
299	301	160	292	161	25	27	0.0440529	0	0.379147	2
300	371	126	372	127	25	26	0.00881057	0	0.298578	1
301	815	321	826	319	25	28	0.0660793	0	0.760664	1
302	248	179	245	176	25	26	0.0528634	0	0.424171	2
303	468	346	476	347	25	26	0.0396476	0	0.819905	1
304	343	191	342	194	26	27	0.0440529	0	0.452607	2
305	628	68	627	69	26	29	0.00881057	0	0.161137	2
306	636	43	636	42	26	27	0.00440529	0	0.101896	1
307	479	385	486	387	26	27	0.0484581	0	0.912322	1
308	327	150	323	150	26	27	0.0176211	0	0.35545	2
309	327	190	330	191	26	27	0.0176211	0	0.450237	1
310	368	157	359	152	26	38	0.14978	0	0.372038	2
311	388	164	389	164	26	27	0.00440529	0	0.388626	1
312	719	43	715	43	26	32	0.0176211	0	0.101896	2
313	483	81	482	82	26	29	0.00881057	0	0.191943	2
314	155	200	155	200	26	28	0	0	0.473934	1
315	493	81	492	82	26	29	0.00881057	0	0.191943	2
316	656	57	656	57	26	27	0	0	0.135071	1
317	650	39	649	39	26	29	0.00440529	0	0.0924171	2
318	562	35	561	35	26	29	0.00440529	0	0.0829384	2
319	183	191	183	191	26	27	0	0	0.452607	1
320	730	75	724	75	26	35	0.0264317	0	0.177725	2
321	347	153	349	153	26	27	0.00881057	0	0.362559	1
322	375	129	377	130	27	28	0.0132159	0	0.305687	1
323	550	31	549	31	27	29	0.00440529	0	0.0734597	2
324	414	185	416	184	27	28	0.0132159	0	0.438389	1
325	487	349	497	349	27	28	0.0440529	0	0.827014	1
326	727	32	711	30	27	40	0.0881057	0	0.0758294	2
327	355	183	352	183	27	28	0.0132159	0	0.433649	2
328	815	331	818	330	27	28	0.0176211	0	0.78436	1
329	604	38	588	39	27	38	0.0748899	0	0.0900474	2
330	400	92	405	92	27	28	0.0220264	0	0.218009	1
331	652	68	652	68	27	29	0	0	0.161137	1
332	529	238	520	249	27	33	0.572687	0	0.563981	2
333	637	29	633	29	27	31	0.0176211	0	0.0687204	2
334	466	283	471	287	27	28	0.092511	0	0.670616	1
335	333	193	336	192	28	29	0.0176211	0	0.457346	1
336	479	410	477	409	28	31	0.0132159	0	0.971564	2
337	313	145	314	144	28	29	0.00881057	0	0.343602	1
338	350	167	351	167	28	29	0.00440529	0	0.395735	1
339	290	164	285	165	28	29	0.0264317	0	0.388626	2
340	531	41	530	41	28	29	0.00440529	0	0.0971564	2
341	343	195	343	194	28	29	0.00440529	0	0.462085	1
342	250	187	248	186	28	29	0.0132159	0	0.443128	2
343	301	142	301	141	28	29	0.00440529	0	0.336493	1
344	714	62	699	62	29	38	0.0660793	0	0.146919	2
345	417	184	413	182	29	31	0.0352423	0	0.436019	2
346	473	268	477	266	29	30	0.0352423	0	0.635071	1
347	160	195	159	193	29	32	0.0220264	0	0.462085	2
348	295	180	291	179	29	30	0.0220264	0	0.42654	2
349	639	43	637	43	29	31	0.00881057	0	0.101896	2
350	484	265	487	264	29	30	0.0176211	0	0.627962	1
351	641	132	642	132	29	30	0.00440529	0	0.312796	1
352	269	143	266	139	29	31	0.0837004	0	0.338863	2
353	647	29	637	29	30	37	0.0440529	0	0.0687204	2
354	550	32	548	32	30	33	0.00881057	0	0.0758294	2
355	470	230	482	229	30	36	0.0572687	0	0.545024	1
356	507	331	578	337	30	39	0.471366	0	0.78436	1
357	413	224	394	225	30	38	0.0881057	0	0.530806	2
358	354	167	356	167	30	33	0.00881057	0	0.395735	1
359	815	340	816	342	30	32	0.0220264	0	0.805687	1
360	631	58	629	58	30	31	0.00881057	0	0.137441	2
361	518	346	534	344	30	32	0.0881057	0	0.819905	1
362	638	104	637	104	30	31	0.00440529	0	0.246445	2
363	472	284	471	282	30	31	0.0220264	0	0.672986	2
364	653	69	651	69	30	33	0.00881057	0	0.163507	2
365	628	69	624	69	30	33	0.0176211	0	0.163507	2
366	576	79	556	77	30	40	0.105727	0	0.187204	2
367	637	90	638	92	30	33	0.0220264	0	0.21327	1
368	825	335	825	335	30	31	0	0	0.793839	1
369	827	395	820	395	30	36	0.030837	0	0.936019	2
370	462	87	458	87	30	35	0.0176211	0	0.206161	2
371	525	283	520	287	30	31	0.092511	0	0.670616	2
372	290	165	281	162	30	32	0.0792952	0	0.390995	2
373	196	162	195	164	30	32	0.0220264	0	0.383886	2
374	367	124	360	127	30	32	0.0704846	0	0.293839	2
375	304	141	304	140	30	31	0.00440529	0	0.334123	1
376	361	145	359	145	30	31	0.00881057	0	0.343602	2
377	401	122	421	122	30	34	0.0881057	0	0.2891	1
378	329	152	318	151	30	33	0.0528634	0	0.36019	2
379	328	187	324	187	30	31	0.0176211	0	0.443128	2
380	170	203	170	203	31	34	0	0	0.481043	1
381	530	381	557	394	31	35	0.863436	0	0.902844	1
382	184	207	185	205	31	32	0.0220264	0	0.490521	1
383	453	240	451	239	31	35	0.0132159	0	0.56872	2
384	345	177	347	177	31	33	0.00881057	0	0.419431	1
385	375	167	374	166	31	32	0.00881057	0	0.395735	2
386	248	180	246	177	31	32	0.0484581	0	0.42654	2
387	530	41	516	39	31	39	0.0792952	0	0.0971564	2
388	657	38	640	35	31	40	0.114537	0	0.0900474	2
389	348	192	349	197	32	34	0.114537	0	0.454976	1
390	412	183	406	182	32	35	0.030837	0	0.433649	2
391	181	183	186	185	32	35	0.0396476	0	0.433649	1
392	476	282	482	283	32	33	0.030837	0	0.668246	1
393	638	43	639	42	32	34	0.00881057	0	0.101896	1
394	638	106	639	106	32	33	0.00440529	0	0.251185	1
395	409	196	388	198	32	39	0.110132	0	0.464455	2
396	537	29	527	28	32	38	0.0484581	0	0.0687204	2
397	357	145	356	144	32	33	0.00881057	0	0.343602	2
398	525	299	509	298	32	40	0.0748899	0	0.708531	2
399	641	138	625	136	32	40	0.0881057	0	0.327014	2
400	319	142	321	141	32	33	0.0132159	0	0.336493	1
401	528	259	517	256	32	39	0.0881057	0	0.613744	2
402	306	138	308	137	32	33	0.0132159	0	0.327014	1
403	627	59	627	59	33	34	0	0	0.13981	1
404	180	197	180	206	33	37	0.356828	0	0.466825	1
405	297	205	295	205	33	35	0.00881057	0	0.485782	2
406	376	166	376	166	33	35	0	0	0.393365	1
407	150	202	147	202	33	36	0.0132159	0	0.478673	2
408	485	243	488	241	33	34	0.030837	0	0.575829	1
409	720	43	710	43	33	38	0.0440529	0	0.101896	2
410	568	30	557	30	33	38	0.0484581	0	0.07109	2
411	359	129	358	131	33	34	0.0220264	0	0.305687	2
412	549	32	546	31	34	36	0.0176211	0	0.0758294	2
413	316	184	309	183	34	35	0.0352423	0	0.436019	2
414	287	160	280	160	34	35	0.030837	0	0.379147	2
415	641	105	642	106	34	35	0.00881057	0	0.248815	1
416	554	347	567	349	34	36	0.0748899	0	0.822275	1
417	640	95	639	96	34	36	0.00881057	0	0.225118	2
418	323	142	324	143	34	36	0.00881057	0	0.336493	1
419	359	168	357	168	34	37	0.00881057	0	0.398104	2
420	312	137	313	136	34	38	0.00881057	0	0.324645	1
421	597	74	593	73	34	36	0.0220264	0	0.175355	2
422	375	130	371	130	34	35	0.0176211	0	0.308057	2
423	651	70	651	70	34	35	0	0	0.165877	1
424	632	30	624	30	34	37	0.0352423	0	0.07109	2
425	359	144	358	143	34	35	0.00881057	0	0.341232	2
426	134	59	116	55	34	40	0.14978	0	0.13981	2
427	626	70	625	70	34	35	0.00440529	0	0.165877	2
428	177	84	159	80	34	40	0.14978	0	0.199052	2
429	75	49	57	45	34	40	0.14978	0	0.116114	2
430	517	251	509	245	35	39	0.193833	0	0.594787	2
431	493	273	493	273	35	36	0	0	0.646919	1
432	490	240	483	235	35	38	0.140969	0	0.56872	2
433	639	43	630	42	35	38	0.0440529	0	0.101896	2
434	350	200	339	197	35	40	0.0881057	0	0.473934	2
435	513	241	506	235	35	39	0.189427	0	0.57109	2
436	627	60	623	59	35	36	0.0220264	0	0.14218	2
437	494	290	490	289	35	36	0.0220264	0	0.687204	2
438	172	204	170	207	35	36	0.0484581	0	0.483412	2
439	320	187	311	187	35	36	0.0396476	0	0.443128	2
440	542	422	538	421	35	36	0.0220264	0	1	2
441	568	47	551	44	35	40	0.114537	0	0.111374	2
442	401	182	388	186	36	39	0.127753	0	0.43128	2
443	293	204	288	202	36	37	0.0396476	0	0.483412	2
444	165	186	157	185	36	39	0.0396476	0	0.440758	2
445	446	235	432	231	36	39	0.132159	0	0.556872	2
446	381	229	370	230	36	38	0.0528634	0	0.542654	2
447	640	107	637	106	36	39	0.0176211	0	0.253555	2
448	366	130	360	130	36	37	0.0264317	0	0.308057	2
449	366	238	345	237	36	40	0.0969163	0	0.563981	2
450	260	157	255	155	36	37	0.0396476	0	0.372038	2
451	348	162	345	161	36	38	0.0176211	0	0.383886	2
452	301	184	287	188	36	38	0.132159	0	0.436019	2
453	475	79	462	76	36	40	0.0969163	0	0.187204	2
454	826	81	811	78	36	40	0.105727	0	0.191943	2
455	494	273	492	272	37	38	0.0132159	0	0.646919	2
456	543	32	537	31	37	39	0.030837	0	0.0758294	2
457	488	289	483	288	37	38	0.0264317	0	0.684834	2
458	481	226	468	222	37	40	0.127753	0	0.535545	2
459	349	133	343	134	37	38	0.030837	0	0.315166	2
460	277	161	265	163	37	39	0.0704846	0	0.381517	2
461	639	97	637	96	37	39	0.0132159	0	0.229858	2
462	627	52	620	51	37	39	0.0352423	0	0.123223	2
463	325	144	323	144	37	38	0.00881057	0	0.341232	2
464	573	352	593	351	37	40	0.092511	0	0.834123	1
465	196	176	195	177	37	39	0.00881057	0	0.417062	2
466	571	400	588	395	37	39	0.185022	0	0.947867	1
467	324	168	317	169	37	40	0.0352423	0	0.398104	2
468	429	125	419	123	37	39	0.061674	0	0.296209	2
469	33	66	25	64	37	39	0.0528634	0	0.156398	2
470	412	176	400	179	37	40	0.092511	0	0.417062	2
471	634	30	627	28	38	40	0.0484581	0	0.07109	2
472	357	169	353	164	38	40	0.127753	0	0.400474	2
473	354	132	348	131	38	39	0.030837	0	0.312796	2
474	710	67	703	65	38	40	0.0484581	0	0.158768	2
475	330	129	319	127	38	40	0.0660793	0	0.305687	2
476	294	151	282	150	38	40	0.0572687	0	0.35782	2
477	827	173	820	172	38	40	0.0352423	0	0.409953	2
478	697	61	693	59	39	40	0.0352423	0	0.14455	2
479	491	269	488	267	39	40	0.030837	0	0.637441	2
480	320	142	315	140	39	40	0.0396476	0	0.336493	2
481	629	41	625	39	39	40	0.0352423	0	0.0971564	2
482	377	228	369	229	39	40	0.0396476	0	0.540284	2
483	472	236	468	236	39	40	0.0176211	0	0.559242	2
484	350	144	347	143	39	40	0.0176211	0	0.341232	2
485	338	134	332	133	39	40	0.030837	0	0.317536	2
486	287	187	282	187	39	40	0.0220264	0	0.443128	2
487	524	28	520	26	39	40	0.0352423	0	0.0663507	2
488	439	122	439	119	39	40	0.0396476	0	0.2891	1
489	345	159	343	157	39	40	0.0264317	0	0.376777	2
490	255	131	252	128	39	40	0.0528634	0	0.310427	2
491	450	88	452	87	39	40	0.0132159	0	0.208531	1
492	192	189	191	188	39	40	0.00881057	0	0.447867	2
493	655	135	651	134	39	40	0.0220264	0	0.319905	2
494	585	37	581	36	39	40	0.0220264	0	0.0876777	2