
0	533	455	532	454	72	87	0.00221729	0	1	2
1	435	150	432	150	72	76	0.00332594	0	0.32967	2
2	459	455	458	454	72	74	0.00221729	0	1	2
3	501	455	500	454	72	74	0.00221729	0	1	2
4	294	231	296	230	72	73	0.00332594	0	0.507692	1
5	530	361	530	360	72	74	0.00110865	0	0.793407	1
6	398	24	397	24	72	73	0.00110865	0	0.0527473	2
7	458	222	457	219	72	77	0.0110865	0	0.487912	2
8	220	188	226	186	72	78	0.0110865	0	0.413187	1
9	503	236	502	234	72	75	0.00554324	0	0.518681	2
10	316	197	316	196	73	74	0.00110865	0	0.432967	1
11	486	187	485	185	73	74	0.00554324	0	0.410989	2
12	441	184	439	183	73	74	0.00332594	0	0.404396	2
13	465	252	465	250	73	74	0.00443459	0	0.553846	1
14	732	228	731	225	73	76	0.0110865	0	0.501099	2
15	628	379	627	379	73	74	0.00110865	0	0.832967	2
16	539	363	542	364	73	77	0.00443459	0	0.797802	1
17	473	240	473	239	74	77	0.00110865	0	0.527473	1
18	449	168	447	167	74	75	0.00332594	0	0.369231	2
19	421	197	416	194	74	78	0.0155211	0	0.432967	2
20	529	192	526	188	74	76	0.0210643	0	0.421978	2
21	289	225	291	223	74	78	0.00665188	0	0.494505	1
22	458	179	458	178	74	75	0.00110865	0	0.393407	1
23	299	228	304	229	74	75	0.00665188	0	0.501099	1
24	461	165	463	161	74	77	0.0199557	0	0.362637	1
25	370	24	370	24	74	76	0	0	0.0527473	1
26	397	24	397	24	74	85	0	0	0.0527473	1
27	555	206	554	204	75	76	0.00554324	0	0.452747	2
28	484	220	482	216	75	77	0.0199557	0	0.483516	2
29	478	199	477	197	75	76	0.00554324	0	0.437363	2
30	485	184	485	182	75	76	0.00443459	0	0.404396	1
31	442	149	443	147	75	76	0.00554324	0	0.327473	1
32	470	251	469	251	75	78	0.00110865	0	0.551648	2
33	475	189	475	188	75	76	0.00110865	0	0.415385	1
34	320	192	320	190	75	76	0.00443459	0	0.421978	1
35	592	252	591	252	75	77	0.00110865	0	0.553846	2
36	539	304	549	304	75	77	0.0110865	0	0.668132	1
37	575	232	572	229	75	78	0.0133038	0	0.50989	2
38	458	196	458	195	75	76	0.00110865	0	0.430769	1
39	588	242	587	241	75	76	0.00221729	0	0.531868	2
40	435	162	437	162	75	76	0.00221729	0	0.356044	1
41	665	144	665	143	75	76	0.00110865	0	0.316484	1
42	459	235	459	233	75	78	0.00443459	0	0.516484	1
43	548	178	548	178	75	76	0	0	0.391209	1
44	495	202	494	199	75	77	0.0110865	0	0.443956	2
45	714	220	714	219	75	76	0.00110865	0	0.483516	1
46	304	205	305	204	75	76	0.00221729	0	0.450549	1
47	358	36	360	39	75	77	0.0121951	0	0.0791209	1
48	435	184	430	182	76	78	0.00997783	0	0.404396	2
49	333	184	335	182	76	77	0.00665188	0	0.404396	1
50	452	168	450	167	76	77	0.00332594	0	0.369231	2
51	528	176	505	165	76	85	0.159645	0	0.386813	2
52	499	358	500	356	76	77	0.00554324	0	0.786813	1
53	502	455	502	454	76	101	0.00110865	0	1	1
54	449	157	449	155	76	77	0.00443459	0	0.345055	1
55	626	379	626	379	76	77	0	0	0.832967	1
56	665	132	665	131	76	77	0.00110865	0	0.29011	1
57	595	432	594	432	76	101	0.00110865	0	0.949451	2
58	503	233	500	228	76	79	0.0310421	0	0.512088	2
59	553	311	558	310	76	77	0.00665188	0	0.683516	1
60	542	178	539	176	77	78	0.00776053	0	0.391209	2
61	555	204	554	203	77	78	0.00221729	0	0.448352	2
62	686	193	682	192	77	78	0.00554324	0	0.424176	2
63	487	182	487	180	77	78	0.00443459	0	0.4	1
64	325	189	325	187	77	78	0.00443459	0	0.415385	1
65	371	24	370	24	77	79	0.00110865	0	0.0527473	2
66	529	161	523	159	77	79	0.0110865	0	0.353846	2
67	607	245	600	243	77	78	0.0121951	0	0.538462	2
68	478	226	476	224	77	78	0.00665188	0	0.496703	2
69	715	212	714	212	77	78	0.00110865	0	0.465934	2
70	492	172	491	169	77	80	0.0110865	0	0.378022	2
71	472	336	471	336	77	101	0.00110865	0	0.738462	2
72	796	200	795	200	77	101	0.00110865	0	0.43956	2
73	444	145	444	144	78	79	0.00110865	0	0.318681	1
74	481	214	477	210	78	80	0.0221729	0	0.47033	2
75	666	147	665	146	78	79	0.00221729	0	0.323077	2
76	459	455	458	454	78	87	0.00221729	0	1	2
77	216	185	216	185	78	79	0	0	0.406593	1
78	465	160	466	158	78	80	0.00554324	0	0.351648	1
79	337	182	338	181	78	79	0.00221729	0	0.4	1
80	556	303	561	301	78	79	0.00997783	0	0.665934	1
81	591	253	578	248	78	85	0.0421286	0	0.556044	2
82	543	364	543	364	78	79	0	0	0.8	1
83	610	245	601	242	78	79	0.0199557	0	0.538462	2
84	719	226	714	228	78	79	0.00997783	0	0.496703	2
85	323	234	322	234	78	80	0.00110865	0	0.514286	2
86	493	198	490	194	78	82	0.0210643	0	0.435165	2
87	431	150	429	148	78	80	0.00665188	0	0.32967	2
88	566	308	571	306	78	79	0.00997783	0	0.676923	1
89	506	356	512	354	78	79	0.0110865	0	0.782418	1
90	206	188	211	188	78	82	0.00554324	0	0.413187	1
91	361	39	362	39	78	79	0.00110865	0	0.0857143	1
92	741	237	745	241	78	80	0.0221729	0	0.520879	1
93	678	193	674	191	79	80	0.00886918	0	0.424176	2
94	472	188	470	186	79	80	0.00665188	0	0.413187	2
95	569	227	565	226	79	80	0.00554324	0	0.498901	2
96	442	224	441	224	79	80	0.00110865	0	0.492308	2
97	474	222	470	219	79	81	0.0144124	0	0.487912	2
98	472	176	472	175	79	80	0.00110865	0	0.386813	1
99	459	183	459	183	79	80	0	0	0.402198	1
100	474	253	473	252	79	80	0.00221729	0	0.556044	2
101	426	182	422	181	79	80	0.00554324	0	0.4	2
102	463	235	460	233	79	80	0.00776053	0	0.516484	2
103	775	455	775	455	79	80	0	0	1	1
104	479	202	478	201	79	80	0.00221729	0	0.443956	2
105	440	159	439	158	79	80	0.00221729	0	0.349451	2
106	432	217	428	215	79	80	0.00886918	0	0.476923	2
107	487	181	487	180	79	80	0.00110865	0	0.397802	1
108	506	167	503	164	79	80	0.0133038	0	0.367033	2
109	666	166	662	163	79	81	0.0144124	0	0.364835	2
110	464	251	463	251	79	81	0.00110865	0	0.551648	2
111	625	379	625	379	79	81	0	0	0.832967	1
112	455	219	453	216	79	81	0.0121951	0	0.481319	2
113	444	144	443	144	80	82	0.00110865	0	0.316484	2
114	221	185	223	185	80	81	0.00221729	0	0.406593	1
115	731	233	732	234	80	82	0.00221729	0	0.512088	1
116	336	185	355	185	80	86	0.0210643	0	0.406593	1
117	569	301	574	300	80	81	0.00665188	0	0.661538	1
118	542	364	543	364	80	82	0.00110865	0	0.8	1
119	707	229	696	228	80	81	0.0133038	0	0.503297	2
120	573	251	573	250	80	82	0.00110865	0	0.551648	1
121	300	219	324	219	80	83	0.0266075	0	0.481319	1
122	547	204	536	200	80	83	0.0299335	0	0.448352	2
123	345	174	373	174	80	89	0.0310421	0	0.382418	1
124	326	189	328	189	80	81	0.00221729	0	0.415385	1
125	196	237	197	235	80	83	0.00554324	0	0.520879	1
126	629	413	629	413	80	81	0	0	0.907692	1
127	444	212	444	211	80	81	0.00110865	0	0.465934	1
128	528	362	528	362	80	81	0	0	0.795604	1
129	476	208	475	207	81	82	0.00221729	0	0.457143	2
130	473	252	472	251	81	82	0.00221729	0	0.553846	2
131	669	191	652	193	81	87	0.0232816	0	0.41978	2
132	489	179	490	178	81	82	0.00221729	0	0.393407	1
133	440	223	438	223	81	82	0.00221729	0	0.49011	2
134	466	207	466	206	81	82	0.00110865	0	0.454945	1
135	419	180	415	179	81	82	0.00554324	0	0.395604	2
136	465	155	468	153	81	83	0.00776053	0	0.340659	1
137	324	234	325	232	81	86	0.00554324	0	0.514286	1
138	532	199	528	198	81	82	0.00554324	0	0.437363	2
139	433	150	433	150	81	82	0	0	0.32967	1
140	561	212	552	211	81	83	0.0110865	0	0.465934	2
141	445	157	445	156	81	82	0.00110865	0	0.345055	1
142	455	196	454	195	81	82	0.00221729	0	0.430769	2
143	584	299	602	299	81	84	0.0199557	0	0.657143	1
144	356	54	359	53	81	82	0.00443459	0	0.118681	1
145	471	187	469	185	81	83	0.00665188	0	0.410989	2
146	210	204	212	203	81	82	0.00332594	0	0.448352	1
147	557	240	544	233	81	83	0.0687361	0	0.527473	2
148	492	169	493	168	81	82	0.00221729	0	0.371429	1
149	658	131	658	132	81	84	0.00110865	0	0.287912	1
150	567	429	567	429	81	101	0	0	0.942857	1
151	511	184	507	182	81	82	0.00886918	0	0.404396	2
152	670	440	670	439	81	101	0.00110865	0	0.967033	1
153	227	186	230	184	82	83	0.00776053	0	0.408791	1
154	472	196	471	195	82	83	0.00221729	0	0.430769	2
155	469	219	467	217	82	83	0.00665188	0	0.481319	2
156	580	300	586	299	82	83	0.00776053	0	0.659341	1
157	689	225	682	220	82	83	0.0354767	0	0.494505	2
158	718	214	713	213	82	83	0.00665188	0	0.47033	2
159	538	216	508	207	82	88	0.12306	0	0.474725	2
160	331	191	361	197	82	92	0.0731707	0	0.41978	1
161	507	138	485	135	82	89	0.0343681	0	0.303297	2
162	515	157	510	156	82	84	0.00665188	0	0.345055	2
163	444	211	443	211	82	83	0.00110865	0	0.463736	2
164	630	413	630	412	82	83	0.00110865	0	0.907692	1
165	660	162	658	160	82	83	0.00665188	0	0.356044	2
166	628	378	628	377	82	83	0.00110865	0	0.830769	1
167	220	189	225	186	83	85	0.0155211	0	0.415385	1
168	443	144	442	144	83	84	0.00110865	0	0.316484	2
169	475	207	473	207	83	87	0.00221729	0	0.454945	2
170	700	201	685	197	83	86	0.0343681	0	0.441758	2
171	734	234	729	231	83	85	0.0155211	0	0.514286	2
172	498	150	495	149	83	84	0.00443459	0	0.32967	2
173	485	200	481	199	83	88	0.00554324	0	0.43956	2
174	372	24	371	24	83	84	0.00110865	0	0.0527473	2
175	419	178	414	176	83	84	0.00997783	0	0.391209	2
176	465	254	464	253	83	84	0.00221729	0	0.558242	2
177	446	157	447	155	83	84	0.00554324	0	0.345055	1
178	427	164	423	163	83	84	0.00554324	0	0.36044	2
179	680	168	677	168	83	84	0.00332594	0	0.369231	2
180	542	364	542	363	83	84	0.00110865	0	0.8	1
181	668	132	667	133	83	84	0.00221729	0	0.29011	2
182	558	233	552	232	83	84	0.00776053	0	0.512088	2
183	488	165	488	163	83	84	0.00443459	0	0.362637	1
184	465	206	464	205	83	84	0.00221729	0	0.452747	2
185	294	455	293	454	83	89	0.00221729	0	1	2
186	217	203	221	202	83	84	0.00554324	0	0.446154	1
187	709	449	709	448	84	101	0.00110865	0	0.986813	1
188	522	455	521	454	84	87	0.00221729	0	1	2
189	236	183	238	180	84	85	0.0121951	0	0.402198	1
190	432	151	431	151	84	85	0.00110865	0	0.331868	2
191	591	300	596	298	84	85	0.00997783	0	0.659341	1
192	467	185	466	184	84	85	0.00221729	0	0.406593	2
193	424	139	416	140	84	91	0.00997783	0	0.305495	2
194	434	134	430	132	84	86	0.00886918	0	0.294505	2
195	532	201	520	198	84	86	0.0232816	0	0.441758	2
196	426	205	423	206	84	85	0.00443459	0	0.450549	2
197	546	210	530	205	84	87	0.0454545	0	0.461538	2
198	511	193	512	193	84	85	0.00110865	0	0.424176	1
199	443	210	441	209	84	85	0.00332594	0	0.461538	2
200	557	253	551	254	84	85	0.00776053	0	0.556044	2
201	568	317	575	315	84	85	0.0121951	0	0.696703	1
202	477	216	475	215	84	85	0.00332594	0	0.474725	2
203	362	233	361	233	84	85	0.00110865	0	0.512088	2
204	464	252	463	251	85	86	0.00221729	0	0.553846	2
205	470	156	469	156	85	86	0.00110865	0	0.342857	2
206	443	145	444	145	85	86	0.00110865	0	0.318681	1
207	470	194	469	193	85	86	0.00221729	0	0.426374	2
208	420	164	416	163	85	86	0.00554324	0	0.36044	2
209	410	175	404	173	85	86	0.0110865	0	0.384615	2
210	538	222	536	222	85	86	0.00221729	0	0.487912	2
211	608	299	621	298	85	87	0.0155211	0	0.657143	1
212	657	132	656	132	85	86	0.00110865	0	0.29011	2
213	426	178	424	177	85	86	0.00332594	0	0.391209	2
214	629	413	629	412	85	87	0.00110865	0	0.907692	1
215	480	184	478	183	85	86	0.00332594	0	0.404396	2
216	449	237	448	236	85	86	0.00221729	0	0.520879	2
217	528	171	521	169	85	86	0.0121951	0	0.375824	2
218	651	160	645	160	85	87	0.00665188	0	0.351648	2
219	623	48	646	44	85	98	0.0432373	0	0.105495	1
220	238	179	240	177	86	87	0.00665188	0	0.393407	1
221	228	185	233	182	86	88	0.0155211	0	0.406593	1
222	421	207	414	207	86	89	0.00776053	0	0.454945	2
223	379	39	382	39	86	87	0.00332594	0	0.0857143	1
224	724	231	716	231	86	87	0.00886918	0	0.507692	2
225	371	24	371	24	86	90	0	0	0.0527473	1
226	423	220	423	220	86	89	0	0	0.483516	1
227	473	169	471	168	86	87	0.00332594	0	0.371429	2
228	487	160	485	158	86	87	0.00665188	0	0.351648	2
229	452	246	445	250	86	89	0.0254989	0	0.540659	2
230	570	247	547	244	86	88	0.0354767	0	0.542857	2
231	600	366	608	369	86	87	0.018847	0	0.804396	1
232	629	66	629	65	86	87	0.00110865	0	0.145055	1
233	406	455	405	453	86	87	0.00554324	0	1	2
234	664	425	664	425	86	87	0	0	0.934066	1
235	557	244	546	243	86	87	0.0133038	0	0.536264	2
236	625	378	625	378	86	87	0	0	0.830769	1
237	603	297	610	297	86	87	0.00776053	0	0.652747	1
238	569	361	569	361	86	87	0	0	0.793407	1
239	532	235	530	237	86	87	0.00665188	0	0.516484	2
240	452	172	452	172	86	87	0	0	0.378022	1
241	507	183	502	177	86	89	0.0454545	0	0.402198	2
242	567	416	567	416	86	101	0	0	0.914286	1
243	472	151	469	150	87	89	0.00443459	0	0.331868	2
244	437	153	436	151	87	91	0.00554324	0	0.336264	2
245	432	137	430	137	87	88	0.00221729	0	0.301099	2
246	533	222	529	222	87	88	0.00443459	0	0.487912	2
247	482	175	482	173	87	88	0.00443459	0	0.384615	1
248	359	185	367	187	87	90	0.0133038	0	0.406593	1
249	681	196	677	194	87	88	0.00886918	0	0.430769	2
250	463	207	462	208	87	88	0.00221729	0	0.454945	2
251	381	56	384	55	87	88	0.00443459	0	0.123077	1
252	442	143	443	143	87	88	0.00110865	0	0.314286	1
253	506	160	505	157	87	88	0.0110865	0	0.351648	2
254	361	211	364	212	87	88	0.00443459	0	0.463736	1
255	656	133	640	130	87	96	0.0277162	0	0.292308	2
256	398	171	393	169	87	88	0.00997783	0	0.375824	2
257	441	206	439	206	87	91	0.00221729	0	0.452747	2
258	533	455	533	454	88	89	0.00110865	0	1	1
259	523	455	523	454	88	95	0.00110865	0	1	1
260	487	163	486	161	88	89	0.00554324	0	0.358242	2
261	652	194	649	195	88	90	0.00443459	0	0.426374	2
262	461	181	460	180	88	89	0.00221729	0	0.397802	2
263	474	209	474	210	88	89	0.00110865	0	0.459341	1
264	497	167	495	163	88	90	0.0199557	0	0.367033	2
265	244	176	246	174	88	89	0.00665188	0	0.386813	1
266	472	172	471	171	88	89	0.00221729	0	0.378022	2
267	471	184	469	183	88	89	0.00332594	0	0.404396	2
268	710	232	699	231	88	89	0.0133038	0	0.50989	2
269	427	152	427	152	88	89	0	0	0.334066	1
270	379	236	384	238	88	89	0.00997783	0	0.518681	1
271	625	303	631	304	88	89	0.00776053	0	0.665934	1
272	486	147	485	146	88	89	0.00221729	0	0.323077	2
273	660	143	658	143	88	89	0.00221729	0	0.314286	2
274	628	69	629	68	88	89	0.00221729	0	0.151648	1
275	387	40	392	39	88	89	0.00665188	0	0.0879121	1
276	477	161	476	159	88	89	0.00554324	0	0.353846	2
277	624	290	646	290	88	91	0.0243902	0	0.637363	1
278	513	455	513	454	88	89	0.00110865	0	1	1
279	613	372	612	372	88	91	0.00110865	0	0.817582	2
280	638	56	639	55	88	89	0.00221729	0	0.123077	1
281	454	191	443	185	88	97	0.0521064	0	0.41978	2
282	470	195	469	195	88	89	0.00110865	0	0.428571	2
283	720	234	708	233	88	89	0.0144124	0	0.514286	2
284	449	427	450	426	88	101	0.00221729	0	0.938462	1
285	602	359	602	359	88	89	0	0	0.789011	1
286	429	136	424	137	89	95	0.00665188	0	0.298901	2
287	481	173	480	169	89	91	0.018847	0	0.38022	2
288	698	440	698	439	89	101	0.00110865	0	0.967033	1
289	481	200	480	199	89	90	0.00221729	0	0.43956	2
290	503	206	496	205	89	90	0.00886918	0	0.452747	2
291	518	241	508	236	89	90	0.0388027	0	0.52967	2
292	630	414	630	414	89	90	0	0	0.90989	1
293	425	164	424	163	89	90	0.00221729	0	0.36044	2
294	455	249	454	251	89	94	0.00554324	0	0.547253	2
295	453	216	453	217	89	91	0.00110865	0	0.474725	1
296	462	181	457	177	90	93	0.0232816	0	0.397802	2
297	485	160	484	158	90	91	0.00554324	0	0.351648	2
298	475	210	470	207	90	93	0.0155211	0	0.461538	2
299	249	173	261	171	90	93	0.0177384	0	0.38022	1
300	239	179	256	178	90	94	0.0199557	0	0.393407	1
301	544	249	524	245	90	96	0.0399113	0	0.547253	2
302	335	223	347	227	90	93	0.0310421	0	0.49011	1
303	639	305	648	305	90	91	0.00997783	0	0.67033	1
304	450	237	449	236	90	91	0.00221729	0	0.520879	2
305	387	243	388	243	90	97	0.00110865	0	0.534066	1
306	603	359	603	358	90	92	0.00110865	0	0.789011	1
307	445	249	437	247	90	99	0.0133038	0	0.547253	2
308	465	191	461	189	90	92	0.00886918	0	0.41978	2
309	472	181	470	179	90	91	0.00665188	0	0.397802	2
310	640	164	612	159	90	97	0.0587583	0	0.36044	2
311	449	173	447	171	90	93	0.00665188	0	0.38022	2
312	643	53	644	53	90	91	0.00110865	0	0.116484	1
313	450	143	448	142	90	91	0.00332594	0	0.314286	2
314	481	134	466	135	90	93	0.0177384	0	0.294505	2
315	670	198	664	197	90	91	0.00776053	0	0.435165	2
316	392	157	341	159	90	101	0.0609756	0	0.345055	2
317	629	378	628	378	90	91	0.00110865	0	0.830769	2
318	508	163	507	161	90	91	0.00554324	0	0.358242	2
319	554	256	547	250	90	93	0.0476718	0	0.562637	2
320	657	144	655	143	90	91	0.00332594	0	0.316484	2
321	531	241	515	238	90	95	0.0277162	0	0.52967	2
322	649	196	647	196	91	92	0.00221729	0	0.430769	2
323	371	24	371	24	91	101	0	0	0.0527473	1
324	510	235	493	239	91	96	0.0365854	0	0.516484	2
325	369	218	369	220	91	92	0.00443459	0	0.479121	1
326	703	234	695	231	91	93	0.018847	0	0.514286	2
327	491	200	487	198	91	92	0.00886918	0	0.43956	2
328	462	149	460	148	91	92	0.00332594	0	0.327473	2
329	499	233	492	232	91	92	0.00886918	0	0.512088	2
330	370	188	378	193	91	98	0.0365854	0	0.413187	1
331	474	158	473	156	91	92	0.00554324	0	0.347253	2
332	303	455	304	453	91	101	0.00554324	0	1	1
333	638	301	648	300	91	92	0.0121951	0	0.661538	1
334	533	455	532	454	92	93	0.00221729	0	1	2
335	415	142	410	142	92	98	0.00554324	0	0.312088	2
336	477	168	474	166	92	95	0.00776053	0	0.369231	2
337	459	455	459	454	92	93	0.00110865	0	1	1
338	511	175	507	176	92	94	0.00554324	0	0.384615	2
339	669	193	651	193	92	95	0.0199557	0	0.424176	2
340	428	150	426	150	92	93	0.00221729	0	0.32967	2
341	499	219	497	218	92	93	0.00332594	0	0.481319	2
342	808	174	807	174	92	101	0.00110865	0	0.382418	2
343	656	174	652	174	92	93	0.00443459	0	0.382418	2
344	511	162	511	162	92	93	0	0	0.356044	1
345	629	379	629	379	92	93	0	0	0.832967	1
346	369	207	370	207	92	93	0.00110865	0	0.454945	1
347	455	219	454	219	92	93	0.00110865	0	0.481319	2
348	659	304	669	302	92	93	0.0155211	0	0.668132	1
349	645	155	641	154	92	93	0.00554324	0	0.340659	2
350	468	178	465	176	92	94	0.00776053	0	0.391209	2
351	645	55	647	55	92	93	0.00221729	0	0.120879	1
352	513	231	505	233	92	94	0.0133038	0	0.507692	2
353	388	56	386	55	92	93	0.00332594	0	0.123077	2
354	432	254	428	258	92	101	0.0221729	0	0.558242	2
355	258	194	264	195	92	93	0.00776053	0	0.426374	1
356	480	156	479	155	93	94	0.00221729	0	0.342857	2
357	645	143	643	142	93	94	0.00332594	0	0.314286	2
358	684	227	675	227	93	94	0.00997783	0	0.498901	2
359	476	190	472	188	93	94	0.00886918	0	0.417582	2
360	657	293	676	291	93	95	0.0254989	0	0.643956	1
361	486	196	483	192	93	94	0.0210643	0	0.430769	2
362	399	39	402	39	93	94	0.00332594	0	0.0857143	1
363	656	421	656	421	93	95	0	0	0.925275	1
364	440	143	437	144	93	95	0.00443459	0	0.314286	2
365	662	209	656	209	93	94	0.00665188	0	0.459341	2
366	455	177	453	176	94	95	0.00332594	0	0.389011	2
367	366	201	367	201	94	95	0.00110865	0	0.441758	1
368	370	218	371	218	94	95	0.00110865	0	0.479121	1
369	268	173	273	174	94	95	0.00665188	0	0.38022	1
370	432	153	430	159	94	101	0.0421286	0	0.336264	2
371	547	450	546	450	94	101	0.00110865	0	0.989011	2
372	457	161	456	160	94	95	0.00221729	0	0.353846	2
373	649	177	644	177	94	95	0.00554324	0	0.389011	2
374	510	161	494	162	94	101	0.018847	0	0.353846	2
375	622	184	616	184	94	95	0.00665188	0	0.404396	2
376	453	220	451	219	94	95	0.00332594	0	0.483516	2
377	631	152	627	151	94	95	0.00554324	0	0.334066	2
378	676	299	694	296	94	96	0.0299335	0	0.657143	1
379	384	180	386	182	94	97	0.00665188	0	0.395604	1
380	410	187	410	187	94	95	0	0	0.410989	1
381	432	223	430	220	94	98	0.0121951	0	0.49011	2
382	463	136	455	136	94	96	0.00886918	0	0.298901	2
383	634	381	635	382	94	95	0.00221729	0	0.837363	1
384	439	205	434	199	94	99	0.0454545	0	0.450549	2
385	533	455	533	454	95	97	0.00110865	0	1	1
386	365	183	361	183	95	96	0.00443459	0	0.402198	2
387	503	178	497	178	95	100	0.00665188	0	0.391209	2
388	515	214	514	214	95	96	0.00110865	0	0.47033	2
389	463	202	459	199	95	96	0.0144124	0	0.443956	2
390	490	221	478	217	95	99	0.0310421	0	0.485714	2
391	628	183	622	182	95	96	0.00776053	0	0.402198	2
392	491	161	489	161	95	96	0.00221729	0	0.353846	2
393	479	156	479	155	95	96	0.00110865	0	0.342857	1
394	466	231	464	230	95	96	0.00332594	0	0.507692	2
395	484	191	482	189	95	96	0.00665188	0	0.41978	2
396	825	83	812	79	95	101	0.0321508	0	0.182418	2
397	453	250	452	249	95	96	0.00221729	0	0.549451	2
398	408	232	407	233	95	101	0.00221729	0	0.50989	2
399	652	59	654	57	95	96	0.00665188	0	0.12967	1
400	263	169	266	168	95	96	0.00443459	0	0.371429	1
401	401	210	395	210	95	98	0.00665188	0	0.461538	2
402	492	178	488	178	95	97	0.00443459	0	0.391209	2
403	513	455	513	454	95	97	0.00110865	0	1	1
404	688	366	691	369	95	100	0.0133038	0	0.804396	1
405	270	180	283	175	96	100	0.0421286	0	0.395604	1
406	474	167	473	166	96	97	0.00221729	0	0.367033	2
407	453	175	451	173	96	97	0.00665188	0	0.384615	2
408	422	142	421	141	96	97	0.00221729	0	0.312088	2
409	367	203	367	203	96	98	0	0	0.446154	1
410	366	193	366	192	96	97	0.00110865	0	0.424176	1
411	460	455	459	454	96	99	0.00221729	0	1	2
412	657	422	656	422	96	98	0.00110865	0	0.927473	2
413	438	145	436	145	96	97	0.00221729	0	0.318681	2
414	646	194	633	194	96	98	0.0144124	0	0.426374	2
415	623	150	608	147	96	101	0.0266075	0	0.32967	2
416	449	220	446	218	96	97	0.00776053	0	0.483516	2
417	353	214	348	213	96	97	0.00665188	0	0.47033	2
418	357	242	361	250	96	101	0.075388	0	0.531868	1
419	652	157	646	157	96	97	0.00665188	0	0.345055	2
420	635	153	633	155	96	97	0.00665188	0	0.336264	2
421	375	221	375	221	96	97	0	0	0.485714	1
422	472	252	467	250	96	98	0.00997783	0	0.553846	2
423	282	164	294	158	96	101	0.0532151	0	0.36044	1
424	356	183	343	184	97	100	0.0155211	0	0.402198	2
425	513	215	508	215	97	98	0.00554324	0	0.472527	2
426	632	182	619	184	97	99	0.018847	0	0.4	2
427	457	197	453	194	97	98	0.0144124	0	0.432967	2
428	609	184	605	184	97	98	0.00443459	0	0.404396	2
429	286	172	292	168	97	99	0.0243902	0	0.378022	1
430	701	295	710	295	97	98	0.00997783	0	0.648352	1
431	485	168	484	168	97	98	0.00110865	0	0.369231	2
432	386	233	385	232	97	98	0.00221729	0	0.512088	2
433	418	51	423	50	97	98	0.00665188	0	0.112088	1
434	285	200	290	198	97	99	0.00997783	0	0.43956	1
435	451	243	448	241	97	98	0.00776053	0	0.534066	2
436	244	210	252	211	97	98	0.00997783	0	0.461538	1
437	400	24	401	24	97	98	0.00110865	0	0.0527473	1
438	422	168	421	169	97	99	0.00221729	0	0.369231	2
439	387	243	387	243	98	101	0	0	0.534066	1
440	272	167	274	165	98	99	0.00665188	0	0.367033	1
441	631	157	629	155	98	99	0.00665188	0	0.345055	2
442	513	244	508	243	98	99	0.00665188	0	0.536264	2
443	444	219	440	217	98	99	0.00886918	0	0.481319	2
444	342	213	326	211	98	101	0.0221729	0	0.468132	2
445	445	205	441	203	98	99	0.00886918	0	0.450549	2
446	443	152	443	152	98	99	0	0	0.334066	1
447	691	302	700	302	98	99	0.00997783	0	0.663736	1
448	483	243	473	239	98	101	0.0288248	0	0.534066	2
449	496	251	488	246	98	101	0.0365854	0	0.551648	2
450	361	185	356	185	98	99	0.00554324	0	0.406593	2
451	711	285	731	283	98	100	0.0266075	0	0.626374	1
452	427	233	426	231	98	99	0.00554324	0	0.512088	2
453	484	170	485	170	99	100	0.00110865	0	0.373626	1
454	523	455	523	454	99	101	0.00110865	0	1	1
455	620	231	613	230	99	100	0.00886918	0	0.507692	2
456	420	137	418	136	99	100	0.00332594	0	0.301099	2
457	505	212	500	209	99	100	0.0155211	0	0.465934	2
458	369	204	371	203	99	101	0.00332594	0	0.448352	1
459	720	295	729	293	99	100	0.0144124	0	0.648352	1
460	485	199	483	198	99	100	0.00332594	0	0.437363	2
461	473	155	473	154	99	100	0.00110865	0	0.340659	1
462	379	194	380	193	99	100	0.00221729	0	0.426374	1
463	610	222	603	223	99	100	0.00886918	0	0.487912	2
464	451	194	446	190	99	100	0.0232816	0	0.426374	2
465	485	180	484	179	99	100	0.00221729	0	0.395604	2
466	624	200	613	205	99	101	0.0399113	0	0.43956	2
467	657	422	657	422	99	100	0	0	0.927473	1
468	627	128	623	127	99	101	0.00554324	0	0.281319	2
469	544	401	543	401	99	101	0.00110865	0	0.881319	2
470	492	449	491	449	100	101	0.00110865	0	0.986813	2
471	428	219	426	217	100	101	0.00665188	0	0.481319	2
472	629	155	627	155	100	101	0.00221729	0	0.340659	2
473	669	424	668	424	100	101	0.00110865	0	0.931868	2
474	492	238	488	237	100	101	0.00554324	0	0.523077	2
475	278	165	280	164	100	101	0.00332594	0	0.362637	1
476	652	43	654	42	100	101	0.00332594	0	0.0945055	1
477	436	148	436	148	100	101	0	0	0.325275	1
478	617	191	611	193	100	101	0.0110865	0	0.41978	2
479	293	168	295	167	100	101	0.00332594	0	0.369231	1
480	353	186	349	187	100	101	0.00554324	0	0.408791	2
481	457	168	457	167	100	101	0.00110865	0	0.369231	1
482	421	53	426	52	100	101	0.00665188	0	0.116484	1
483	445	167	445	166	100	101	0.00110865	0	0.367033	1
484	408	143	405	142	100	101	0.00443459	0	0.314286	2
485	739	296	747	293	100	101	0.018847	0	0.650549	1
486	349	198	345	199	100	101	0.00554324	0	0.435165	2
487	392	211	390	210	100	101	0.00332594	0	0.463736	2
488	642	421	641	419	100	101	0.00554324	0	0.925275	2
489	751	363	762	368	102	104	0.0399113	0	0.797802	1
490	425	159	403	168	102	109	0.114191	0	0.349451	2
491	746	293	748	293	102	103	0.00221729	0	0.643956	1
492	735	289	737	289	102	103	0.00221729	0	0.635165	1
493	415	398	396	424	102	110	0.77051	0	0.874725	2
494	405	401	388	430	102	110	0.95122	0	0.881319	2
495	639	422	633	421	102	103	0.00776053	0	0.927473	2
496	426	172	416	171	102	103	0.0121951	0	0.378022	2
497	654	40	648	41	102	104	0.00776053	0	0.0879121	2
498	369	415	351	422	102	109	0.0742794	0	0.912088	2
499	272	171	268	173	102	104	0.00886918	0	0.375824	2
500	384	244	358	245	102	105	0.0299335	0	0.536264	2
501	381	179	370	178	102	103	0.0133038	0	0.393407	2
502	603	154	563	168	102	109	0.261641	0	0.338462	2
503	658	424	650	424	102	103	0.00886918	0	0.931868	2
504	461	143	434	141	102	106	0.0343681	0	0.314286	2
505	499	430	480	434	102	108	0.0388027	0	0.945055	2
506	607	444	587	445	102	106	0.0232816	0	0.975824	2
507	743	274	744	274	102	103	0.00110865	0	0.602198	1
508	414	170	403	169	102	104	0.0133038	0	0.373626	2
509	338	200	311	211	102	109	0.16408	0	0.43956	2
510	615	154	603	152	102	103	0.0177384	0	0.338462	2
511	568	445	547	450	102	108	0.0509978	0	0.978022	2
512	590	203	555	208	102	106	0.0665188	0	0.446154	2
513	454	441	434	446	102	108	0.0498891	0	0.969231	2
514	327	161	293	165	102	106	0.0554324	0	0.353846	2
515	503	351	484	378	102	110	0.829268	0	0.771429	2
516	629	416	627	415	102	103	0.00332594	0	0.914286	2
517	590	157	556	162	102	106	0.0654102	0	0.345055	2
518	346	56	324	65	102	109	0.114191	0	0.123077	2
519	392	149	348	175	102	110	0.798226	0	0.327473	2
520	668	408	665	405	102	103	0.0133038	0	0.896703	2
521	285	153	283	183	102	110	1	0	0.336264	2
522	658	440	638	441	102	106	0.0232816	0	0.967033	2
523	461	354	443	382	102	110	0.889135	0	0.778022	2
524	338	160	298	186	102	110	0.793792	0	0.351648	2
525	555	429	536	434	102	108	0.0487805	0	0.942857	2
526	585	181	539	183	102	107	0.0554324	0	0.397802	2
527	78	61	55	69	102	109	0.0964523	0	0.134066	2
528	588	452	568	454	103	107	0.0266075	0	0.993407	2
529	692	449	677	453	103	108	0.0343681	0	0.986813	2
530	475	449	461	453	103	108	0.0332594	0	0.986813	2
531	573	450	558	454	103	108	0.0343681	0	0.989011	2
532	530	435	516	439	103	108	0.0332594	0	0.956044	2
533	356	203	345	201	103	106	0.0166297	0	0.446154	2
534	489	212	486	213	103	104	0.00443459	0	0.465934	2
535	463	198	461	199	103	104	0.00332594	0	0.435165	2
536	448	238	444	238	103	104	0.00443459	0	0.523077	2
537	611	446	597	450	103	108	0.0332594	0	0.98022	2
538	346	251	332	251	103	106	0.0155211	0	0.551648	2
539	753	450	739	454	103	108	0.0332594	0	0.989011	2
540	710	450	696	453	103	108	0.0254989	0	0.989011	2
541	317	182	306	184	103	105	0.0166297	0	0.4	2
542	280	164	282	165	103	104	0.00332594	0	0.36044	1
543	530	450	516	450	103	106	0.0155211	0	0.989011	2
544	461	179	450	182	103	105	0.0221729	0	0.393407	2
545	388	141	385	141	103	104	0.00332594	0	0.30989	2
546	586	198	556	205	103	107	0.0875831	0	0.435165	2
547	372	214	372	209	103	105	0.0277162	0	0.47033	1
548	565	228	539	231	103	106	0.0388027	0	0.501099	2
549	417	148	418	148	103	104	0.00110865	0	0.325275	1
550	612	125	594	123	103	108	0.0243902	0	0.274725	2
551	354	193	350	192	103	105	0.00554324	0	0.424176	2
552	447	195	446	198	103	104	0.0110865	0	0.428571	2
553	409	137	384	145	103	109	0.0986696	0	0.301099	2
554	788	174	783	175	103	105	0.00665188	0	0.382418	2
555	484	253	480	257	103	104	0.0221729	0	0.556044	2
556	770	449	755	453	103	108	0.0343681	0	0.986813	2
557	309	227	306	226	103	105	0.00443459	0	0.498901	2
558	354	24	339	25	103	107	0.0177384	0	0.0527473	2
559	423	217	421	217	103	104	0.00221729	0	0.476923	2
560	378	24	368	33	103	109	0.100887	0	0.0527473	2
561	407	148	398	147	103	105	0.0110865	0	0.325275	2
562	473	194	470	195	103	104	0.00443459	0	0.426374	2
563	686	356	717	350	103	105	0.0742794	0	0.782418	1
564	290	227	271	229	103	106	0.0254989	0	0.498901	2
565	723	313	747	317	103	107	0.0443459	0	0.687912	1
566	815	451	795	452	103	107	0.0232816	0	0.991209	2
567	660	50	660	50	103	105	0	0	0.10989	1
568	454	455	440	454	104	106	0.0166297	0	1	2
569	798	455	783	454	104	106	0.0177384	0	1	2
570	651	427	637	427	104	106	0.0155211	0	0.938462	2
571	517	455	512	454	104	105	0.00665188	0	1	2
572	438	179	433	180	104	105	0.00665188	0	0.393407	2
573	550	452	532	453	104	107	0.0210643	0	0.993407	2
574	431	428	417	427	104	106	0.0166297	0	0.940659	2
575	484	455	470	454	104	106	0.0166297	0	1	2
576	550	418	540	443	104	110	0.703991	0	0.918681	2
577	608	160	585	161	104	107	0.0266075	0	0.351648	2
578	779	152	768	173	104	110	0.501109	0	0.334066	2
579	365	188	347	190	104	108	0.0243902	0	0.413187	2
580	791	85	769	89	104	109	0.0421286	0	0.186813	2
581	272	178	261	181	105	107	0.0221729	0	0.391209	2
582	758	370	749	373	105	108	0.0199557	0	0.813187	2
583	455	201	435	213	105	109	0.181818	0	0.441758	2
584	415	149	400	150	105	107	0.0177384	0	0.327473	2
585	283	170	276	171	105	106	0.00886918	0	0.373626	2
586	648	41	643	39	105	106	0.00997783	0	0.0901099	2
587	427	153	418	153	105	106	0.00997783	0	0.336264	2
588	469	250	456	251	105	107	0.0155211	0	0.549451	2
589	754	293	756	292	105	106	0.00332594	0	0.643956	1
590	400	240	386	239	105	106	0.0166297	0	0.527473	2
591	407	192	398	192	105	106	0.00997783	0	0.421978	2
592	269	168	273	181	105	109	0.191796	0	0.369231	1
593	643	69	633	71	105	107	0.0155211	0	0.151648	2
594	561	237	547	237	105	106	0.0155211	0	0.520879	2
595	436	35	434	33	105	106	0.00665188	0	0.0769231	2
596	281	454	272	453	105	106	0.0110865	0	0.997802	2
597	750	358	739	358	105	107	0.0121951	0	0.786813	2
598	654	78	649	80	105	107	0.00997783	0	0.171429	2
599	333	443	328	453	105	109	0.116408	0	0.973626	2
600	422	171	416	172	106	107	0.00776053	0	0.375824	2
601	439	184	434	192	106	109	0.0764967	0	0.404396	2
602	394	170	386	170	106	107	0.00886918	0	0.373626	2
603	299	227	294	229	106	107	0.00997783	0	0.498901	2
604	649	49	643	50	106	107	0.00776053	0	0.107692	2
605	382	145	373	146	106	107	0.0110865	0	0.318681	2
606	342	191	334	191	106	107	0.00886918	0	0.41978	2
607	302	192	293	193	106	107	0.0110865	0	0.421978	2
608	378	24	378	32	106	109	0.0709534	0	0.0527473	1
609	281	217	280	243	106	110	0.750554	0	0.476923	2
610	432	165	427	168	106	108	0.0155211	0	0.362637	2
611	449	239	443	240	106	107	0.00776053	0	0.525275	2
612	299	182	289	183	106	107	0.0121951	0	0.4	2
613	632	430	637	432	107	108	0.00997783	0	0.945055	1
614	545	210	549	217	107	109	0.0587583	0	0.461538	1
615	635	36	638	37	107	108	0.00443459	0	0.0791209	1
616	339	201	347	209	107	109	0.0798226	0	0.441758	1
617	395	193	397	194	107	108	0.00332594	0	0.424176	1
618	403	252	406	252	107	108	0.00332594	0	0.553846	1
619	529	235	530	236	107	108	0.00221729	0	0.516484	1
620	332	244	335	246	107	108	0.00776053	0	0.536264	1
621	582	449	587	451	107	108	0.00997783	0	0.986813	1
622	417	241	423	253	107	109	0.166297	0	0.52967	1
623	773	296	790	296	107	108	0.018847	0	0.650549	1
624	356	142	357	148	107	109	0.04102	0	0.312088	1
625	541	223	542	225	107	108	0.00554324	0	0.49011	1
626	397	231	396	232	107	108	0.00221729	0	0.507692	2
627	643	442	648	444	107	108	0.00997783	0	0.971429	1
628	413	430	423	438	107	109	0.0820399	0	0.945055	1
629	296	195	300	200	108	109	0.0321508	0	0.428571	1
630	387	203	389	208	108	109	0.0299335	0	0.446154	1
631	451	174	455	179	108	109	0.0321508	0	0.382418	1
632	420	154	424	159	108	109	0.0321508	0	0.338462	1
633	541	186	543	191	108	109	0.0299335	0	0.408791	1
634	459	255	461	259	108	109	0.0199557	0	0.56044	1
635	541	196	544	201	108	109	0.0310421	0	0.430769	1
636	413	182	418	187	108	109	0.0332594	0	0.4	1
637	389	164	393	168	108	109	0.0221729	0	0.36044	1
638	559	208	562	213	108	109	0.0310421	0	0.457143	1
639	599	135	602	139	108	109	0.0210643	0	0.296703	1
640	461	222	465	226	108	109	0.0221729	0	0.487912	1
641	426	258	430	264	108	109	0.0443459	0	0.567033	1
642	415	211	415	217	108	109	0.0399113	0	0.463736	1
643	814	438	819	443	108	109	0.0332594	0	0.962637	1
644	536	241	533	258	109	110	0.323725	0	0.52967	2
645	299	213	298	229	109	110	0.284922	0	0.468132	2
646	403	184	399	199	109	110	0.25388	0	0.404396	2
647	755	379	759	388	109	110	0.094235	0	0.832967	1
648	764	362	772	373	109	110	0.143016	0	0.795604	1
649	551	171	548	185	109	110	0.220621	0	0.375824	2
650	310	221	308	236	109	110	0.251663	0	0.485714	2
651	765	130	763	142	109	110	0.161863	0	0.285714	2
652	379	156	376	171	109	110	0.252772	0	0.342857	2