
0	408	173	408	170	117	118	0.0276923	0	0.38022	1
1	278	279	279	277	117	119	0.0153846	0	0.613187	1
2	185	150	194	147	117	137	0.0553846	0	0.32967	1
3	302	304	299	314	117	120	0.316923	0	0.668132	2
4	299	239	300	237	117	118	0.0153846	0	0.525275	1
5	630	250	631	245	117	127	0.08	0	0.549451	1
6	393	209	392	207	117	119	0.0153846	0	0.459341	2
7	394	166	394	153	117	128	0.52	0	0.364835	1
8	300	222	302	216	117	119	0.116923	0	0.487912	1
9	385	180	386	174	117	119	0.113846	0	0.395604	1
10	196	433	193	428	117	132	0.0861538	0	0.951648	2
11	389	222	389	218	118	119	0.0492308	0	0.487912	1
12	381	201	381	198	118	119	0.0276923	0	0.441758	1
13	286	233	300	233	118	125	0.0430769	0	0.512088	1
14	317	220	317	218	118	119	0.0123077	0	0.483516	1
15	278	268	279	267	118	119	0.00615385	0	0.589011	1
16	396	189	395	187	118	119	0.0153846	0	0.415385	2
17	626	204	625	203	118	119	0.00615385	0	0.448352	2
18	415	180	416	178	118	119	0.0153846	0	0.395604	1
19	425	172	425	171	118	119	0.00307692	0	0.378022	1
20	410	225	409	222	118	119	0.0307692	0	0.494505	2
21	258	288	262	287	118	124	0.0153846	0	0.632967	1
22	291	329	284	326	119	120	0.0492308	0	0.723077	2
23	411	168	411	165	119	121	0.0276923	0	0.369231	1
24	285	220	285	218	119	120	0.0123077	0	0.483516	1
25	288	245	293	248	119	122	0.0430769	0	0.538462	1
26	311	341	310	342	119	120	0.00615385	0	0.749451	2
27	541	245	535	243	119	121	0.0307692	0	0.538462	2
28	389	452	387	452	119	155	0.00615385	0	0.993407	2
29	419	190	419	188	119	120	0.0123077	0	0.417582	1
30	376	236	375	232	119	120	0.0523077	0	0.518681	2
31	271	299	271	298	120	122	0.00307692	0	0.657143	1
32	307	373	304	369	120	125	0.0584615	0	0.81978	2
33	351	369	352	368	120	123	0.00615385	0	0.810989	1
34	280	269	282	269	120	121	0.00615385	0	0.591209	1
35	516	201	513	199	120	123	0.0215385	0	0.441758	2
36	100	252	102	252	120	122	0.00615385	0	0.553846	1
37	248	298	256	295	120	125	0.0523077	0	0.654945	1
38	420	159	423	158	120	123	0.0123077	0	0.349451	1
39	301	229	304	227	120	121	0.0215385	0	0.503297	1
40	371	222	373	218	120	122	0.0553846	0	0.487912	1
41	381	195	381	193	120	121	0.0123077	0	0.428571	1
42	363	209	363	206	120	121	0.0276923	0	0.459341	1
43	338	203	339	201	120	121	0.0153846	0	0.446154	1
44	341	372	340	371	120	124	0.00615385	0	0.817582	2
45	393	210	393	208	120	121	0.0123077	0	0.461538	1
46	419	200	427	194	120	124	0.135385	0	0.43956	1
47	402	231	401	230	120	121	0.00615385	0	0.507692	2
48	289	302	286	304	120	121	0.0215385	0	0.663736	2
49	371	194	371	192	120	121	0.0123077	0	0.426374	1
50	304	214	308	209	120	122	0.0892308	0	0.47033	1
51	299	304	293	306	120	122	0.0307692	0	0.668132	2
52	360	184	359	183	120	121	0.00615385	0	0.404396	2
53	90	263	100	253	120	129	0.338462	0	0.578022	1
54	812	454	808	454	120	149	0.0123077	0	0.997802	2
55	401	218	401	217	121	122	0.00307692	0	0.479121	1
56	305	339	301	340	121	122	0.0153846	0	0.745055	2
57	398	191	398	189	121	122	0.0123077	0	0.41978	1
58	282	279	284	280	121	122	0.00923077	0	0.613187	1
59	411	218	412	217	121	122	0.00615385	0	0.479121	1
60	361	165	362	165	121	122	0.00307692	0	0.362637	1
61	383	211	386	209	121	123	0.0215385	0	0.463736	1
62	365	141	365	141	121	122	0	0	0.30989	1
63	293	316	289	316	121	122	0.0123077	0	0.694505	2
64	392	248	392	246	121	122	0.0123077	0	0.545055	1
65	394	180	395	174	121	125	0.113846	0	0.395604	1
66	383	177	383	175	121	122	0.0123077	0	0.389011	1
67	406	181	408	180	121	122	0.00923077	0	0.397802	1
68	346	176	348	170	122	124	0.116923	0	0.386813	1
69	184	202	185	202	122	124	0.00307692	0	0.443956	1
70	364	207	364	203	122	124	0.0492308	0	0.454945	1
71	411	165	411	164	122	123	0.00307692	0	0.362637	1
72	390	263	390	262	122	123	0.00307692	0	0.578022	1
73	427	170	426	169	122	123	0.00615385	0	0.373626	2
74	310	225	314	222	122	123	0.04	0	0.494505	1
75	365	186	365	183	122	124	0.0276923	0	0.408791	1
76	377	229	379	228	122	123	0.00923077	0	0.503297	1
77	394	207	394	206	122	123	0.00307692	0	0.454945	1
78	341	198	342	195	122	123	0.0307692	0	0.435165	1
79	382	192	382	191	122	123	0.00307692	0	0.421978	1
80	633	216	633	216	122	123	0	0	0.474725	1
81	436	205	440	203	122	124	0.0246154	0	0.450549	1
82	290	259	293	258	122	123	0.0123077	0	0.569231	1
83	104	265	105	262	122	124	0.0307692	0	0.582418	1
84	496	446	492	446	122	130	0.0123077	0	0.98022	2
85	513	209	506	206	122	125	0.0492308	0	0.459341	2
86	334	174	337	169	122	125	0.0861538	0	0.382418	1
87	117	217	120	210	123	126	0.16	0	0.476923	1
88	403	217	402	216	123	124	0.00615385	0	0.476923	2
89	256	269	258	266	123	125	0.0338462	0	0.591209	1
90	400	189	401	189	123	124	0.00307692	0	0.415385	1
91	197	165	212	151	123	132	0.649231	0	0.362637	1
92	365	164	367	164	123	125	0.00615385	0	0.36044	1
93	383	173	383	167	123	126	0.110769	0	0.38022	1
94	331	200	352	183	123	131	0.953846	0	0.43956	1
95	352	220	351	219	123	124	0.00615385	0	0.483516	2
96	290	309	284	306	123	124	0.0461538	0	0.679121	2
97	299	247	302	245	123	124	0.0215385	0	0.542857	1
98	293	216	298	213	123	125	0.0430769	0	0.474725	1
99	407	199	407	199	123	124	0	0	0.437363	1
100	618	224	615	220	123	128	0.0584615	0	0.492308	2
101	312	207	314	204	123	124	0.0338462	0	0.454945	1
102	637	203	629	197	123	127	0.135385	0	0.446154	2
103	278	455	278	453	123	155	0.0123077	0	1	1
104	625	199	622	197	124	125	0.0215385	0	0.437363	2
105	424	157	426	152	124	127	0.0830769	0	0.345055	1
106	359	229	361	226	124	125	0.0338462	0	0.503297	1
107	410	165	409	165	124	125	0.00307692	0	0.362637	2
108	332	211	339	204	124	126	0.172308	0	0.463736	1
109	318	219	320	215	124	125	0.0553846	0	0.481319	1
110	296	376	294	372	124	128	0.0553846	0	0.826374	2
111	383	188	383	187	124	125	0.00307692	0	0.413187	1
112	391	264	391	260	124	127	0.0492308	0	0.58022	1
113	374	211	374	208	124	125	0.0276923	0	0.463736	1
114	82	455	77	454	124	135	0.0184615	0	1	2
115	103	455	98	454	124	136	0.0184615	0	1	2
116	507	197	482	190	124	134	0.227692	0	0.432967	2
117	186	204	186	203	125	126	0.00307692	0	0.448352	1
118	384	222	386	217	125	126	0.0830769	0	0.487912	1
119	364	203	363	200	125	126	0.0307692	0	0.446154	2
120	270	302	253	297	125	128	0.129231	0	0.663736	2
121	350	168	352	163	125	127	0.0830769	0	0.369231	1
122	195	174	202	165	125	128	0.270769	0	0.382418	1
123	307	244	310	241	125	126	0.0369231	0	0.536264	1
124	280	304	274	301	125	126	0.0461538	0	0.668132	2
125	92	455	88	454	125	135	0.0153846	0	1	2
126	366	181	366	178	125	126	0.0276923	0	0.397802	1
127	363	152	364	152	125	126	0.00307692	0	0.334066	1
128	295	455	292	454	125	135	0.0123077	0	1	2
129	325	201	331	195	125	127	0.129231	0	0.441758	1
130	40	455	37	454	125	135	0.0123077	0	1	2
131	514	193	510	189	125	127	0.0615385	0	0.424176	2
132	348	189	349	185	125	126	0.0523077	0	0.415385	1
133	400	232	399	229	125	126	0.0307692	0	0.50989	2
134	341	364	332	360	125	126	0.0769231	0	0.8	2
135	408	204	408	202	125	126	0.0123077	0	0.448352	1
136	533	63	530	62	125	126	0.0123077	0	0.138462	2
137	621	196	618	193	126	127	0.0369231	0	0.430769	2
138	302	231	371	215	126	139	1	0	0.507692	1
139	409	165	408	165	126	127	0.00307692	0	0.362637	2
140	105	250	110	246	126	128	0.0646154	0	0.549451	1
141	406	192	405	191	126	127	0.00615385	0	0.421978	2
142	429	192	431	188	126	127	0.0553846	0	0.421978	1
143	395	176	395	174	126	127	0.0123077	0	0.386813	1
144	515	247	512	245	126	130	0.0215385	0	0.542857	2
145	651	190	646	193	126	128	0.0430769	0	0.417582	2
146	186	169	186	168	126	127	0.00307692	0	0.371429	1
147	381	182	380	181	126	127	0.00615385	0	0.4	2
148	304	212	311	206	126	128	0.132308	0	0.465934	1
149	187	200	188	198	127	128	0.0153846	0	0.43956	1
150	389	214	389	212	127	129	0.0123077	0	0.47033	1
151	200	184	201	182	127	128	0.0153846	0	0.404396	1
152	30	455	28	454	127	133	0.00923077	0	1	2
153	269	300	263	299	127	128	0.0215385	0	0.659341	2
154	122	206	121	203	127	129	0.0307692	0	0.452747	2
155	421	162	420	161	127	128	0.00615385	0	0.356044	2
156	368	176	367	174	127	128	0.0153846	0	0.386813	2
157	322	358	307	356	127	128	0.0584615	0	0.786813	2
158	327	210	331	207	127	129	0.04	0	0.461538	1
159	421	229	422	228	127	128	0.00615385	0	0.503297	1
160	203	194	213	191	127	131	0.0584615	0	0.426374	1
161	429	217	431	215	127	128	0.0184615	0	0.476923	1
162	239	455	237	453	127	132	0.0184615	0	1	2
163	253	455	251	454	127	130	0.00923077	0	1	2
164	383	166	380	165	127	129	0.0123077	0	0.364835	2
165	435	230	436	230	128	129	0.00307692	0	0.505495	1
166	625	195	621	193	128	129	0.0246154	0	0.428571	2
167	611	192	607	189	128	129	0.04	0	0.421978	2
168	434	187	435	186	128	129	0.00615385	0	0.410989	1
169	406	195	403	195	128	130	0.00923077	0	0.428571	2
170	318	238	321	238	128	129	0.00923077	0	0.523077	1
171	507	196	491	195	128	134	0.0523077	0	0.430769	2
172	365	152	366	151	128	129	0.00615385	0	0.334066	1
173	114	225	115	225	128	129	0.00307692	0	0.494505	1
174	392	260	398	255	128	131	0.0953846	0	0.571429	1
175	404	166	403	166	128	129	0.00307692	0	0.364835	2
176	424	151	423	151	128	129	0.00307692	0	0.331868	2
177	378	205	379	203	128	129	0.0153846	0	0.450549	1
178	328	195	339	192	128	131	0.0615385	0	0.428571	1
179	430	167	429	166	128	129	0.00615385	0	0.367033	2
180	520	32	512	35	128	146	0.0523077	0	0.0703297	2
181	175	175	174	174	128	131	0.00615385	0	0.384615	2
182	303	365	302	364	129	130	0.00615385	0	0.802198	2
183	193	199	197	199	129	130	0.0123077	0	0.437363	1
184	363	205	361	203	129	130	0.0184615	0	0.450549	2
185	210	161	218	161	129	133	0.0246154	0	0.353846	1
186	272	325	265	323	129	130	0.0338462	0	0.714286	2
187	249	302	244	301	129	130	0.0184615	0	0.663736	2
188	243	326	222	311	129	131	0.756923	0	0.716484	2
189	367	174	366	173	129	130	0.00615385	0	0.382418	2
190	204	181	206	180	129	130	0.00923077	0	0.397802	1
191	392	231	394	228	129	130	0.0338462	0	0.507692	1
192	356	161	361	159	129	131	0.0276923	0	0.353846	1
193	390	172	389	172	129	130	0.00307692	0	0.378022	2
194	420	185	419	184	129	131	0.00615385	0	0.406593	2
195	279	287	292	279	129	133	0.236923	0	0.630769	1
196	93	421	89	425	129	151	0.0615385	0	0.925275	2
197	262	321	252	316	129	130	0.107692	0	0.705495	2
198	619	192	616	189	130	131	0.0369231	0	0.421978	2
199	268	295	269	292	130	131	0.0307692	0	0.648352	1
200	607	187	604	184	130	131	0.0369231	0	0.410989	2
201	403	167	402	167	130	131	0.00307692	0	0.367033	2
202	433	153	435	151	130	133	0.0184615	0	0.336264	1
203	389	213	385	213	130	131	0.0123077	0	0.468132	2
204	385	203	384	203	130	131	0.00307692	0	0.446154	2
205	296	374	294	371	130	132	0.0338462	0	0.821978	2
206	452	193	456	193	130	132	0.0123077	0	0.424176	1
207	131	225	136	226	130	131	0.0184615	0	0.494505	1
208	117	207	117	207	130	131	0	0	0.454945	1
209	391	184	390	184	130	131	0.00307692	0	0.404396	2
210	423	148	423	147	130	131	0.00307692	0	0.325275	1
211	318	241	324	238	130	131	0.0461538	0	0.52967	1
212	184	158	184	157	130	131	0.00307692	0	0.347253	1
213	439	185	442	185	131	132	0.00923077	0	0.406593	1
214	302	363	299	361	131	132	0.0215385	0	0.797802	2
215	404	196	403	195	131	132	0.00615385	0	0.430769	2
216	239	300	233	298	131	132	0.0307692	0	0.659341	2
217	362	203	363	202	131	132	0.00615385	0	0.446154	1
218	202	198	207	197	131	132	0.0184615	0	0.435165	1
219	111	217	113	218	131	132	0.00923077	0	0.476923	1
220	118	241	120	241	131	132	0.00615385	0	0.52967	1
221	264	362	250	364	131	132	0.0553846	0	0.795604	2
222	366	173	365	173	131	132	0.00307692	0	0.38022	2
223	232	316	225	312	131	132	0.0707692	0	0.694505	2
224	249	298	229	299	131	134	0.0646154	0	0.654945	2
225	380	166	379	166	131	132	0.00307692	0	0.364835	2
226	446	455	446	454	131	132	0.00307692	0	1	1
227	405	156	403	160	131	135	0.0553846	0	0.342857	2
228	254	455	254	454	131	132	0.00307692	0	1	1
229	441	175	445	174	131	132	0.0153846	0	0.384615	1
230	615	188	612	186	132	133	0.0215385	0	0.413187	2
231	436	237	436	238	132	134	0.00307692	0	0.520879	1
232	121	208	122	208	132	133	0.00307692	0	0.457143	1
233	383	205	380	205	132	133	0.00923077	0	0.450549	2
234	114	252	114	255	132	134	0.0276923	0	0.553846	1
235	369	152	371	153	132	133	0.00923077	0	0.334066	1
236	375	223	374	222	132	133	0.00615385	0	0.49011	2
237	323	280	327	286	132	135	0.123077	0	0.615385	1
238	419	209	419	208	132	133	0.00307692	0	0.459341	1
239	417	181	416	181	132	133	0.00307692	0	0.397802	2
240	130	232	131	229	132	134	0.0307692	0	0.50989	1
241	635	232	634	231	132	133	0.00615385	0	0.50989	2
242	342	192	348	192	132	134	0.0184615	0	0.421978	1
243	424	147	426	146	132	134	0.00923077	0	0.323077	1
244	362	191	361	190	132	133	0.00615385	0	0.41978	2
245	390	185	388	185	132	133	0.00615385	0	0.406593	2
246	389	175	387	175	132	133	0.00615385	0	0.384615	2
247	391	240	393	240	132	133	0.00615385	0	0.527473	1
248	333	267	338	271	132	134	0.0646154	0	0.586813	1
249	419	163	418	163	132	133	0.00307692	0	0.358242	2
250	377	178	375	178	132	133	0.00615385	0	0.391209	2
251	511	206	508	206	132	133	0.00923077	0	0.452747	2
252	318	290	320	292	132	134	0.0184615	0	0.637363	1
253	144	232	153	220	132	138	0.470769	0	0.50989	1
254	458	193	464	195	133	135	0.0307692	0	0.424176	1
255	123	243	127	248	133	136	0.0892308	0	0.534066	1
256	192	166	192	167	133	134	0.00307692	0	0.364835	1
257	227	298	220	299	133	134	0.0246154	0	0.654945	2
258	217	317	214	324	133	134	0.16	0	0.696703	2
259	446	231	454	230	133	134	0.0276923	0	0.507692	1
260	403	168	401	169	133	134	0.00923077	0	0.369231	2
261	597	179	594	178	133	134	0.0123077	0	0.393407	2
262	328	251	333	252	133	134	0.0184615	0	0.551648	1
263	114	220	130	216	133	139	0.0984615	0	0.483516	1
264	512	58	506	58	133	134	0.0184615	0	0.127473	2
265	407	196	405	197	133	134	0.00923077	0	0.430769	2
266	498	205	495	207	133	134	0.0215385	0	0.450549	2
267	457	182	464	184	133	135	0.0338462	0	0.4	1
268	320	265	326	269	133	134	0.0676923	0	0.582418	1
269	133	214	134	214	133	134	0.00307692	0	0.47033	1
270	186	427	184	428	133	134	0.00923077	0	0.938462	2
271	282	366	270	364	134	135	0.0492308	0	0.804396	2
272	123	209	131	207	134	137	0.0369231	0	0.459341	1
273	437	152	477	149	134	149	0.150769	0	0.334066	1
274	608	191	606	190	134	135	0.00923077	0	0.41978	2
275	620	221	619	220	134	135	0.00615385	0	0.485714	2
276	370	186	370	187	134	135	0.00307692	0	0.408791	1
277	633	232	631	232	134	135	0.00615385	0	0.50989	2
278	355	203	360	203	134	135	0.0153846	0	0.446154	1
279	426	218	427	218	134	135	0.00307692	0	0.479121	1
280	136	204	141	203	134	136	0.0184615	0	0.448352	1
281	210	293	188	295	134	137	0.08	0	0.643956	2
282	445	166	446	167	134	135	0.00615385	0	0.364835	1
283	255	83	241	85	134	142	0.0553846	0	0.182418	2
284	486	197	485	199	135	136	0.0153846	0	0.432967	2
285	215	301	206	303	135	136	0.04	0	0.661538	2
286	220	196	220	197	135	136	0.00307692	0	0.430769	1
287	216	333	210	342	135	136	0.267692	0	0.731868	2
288	234	371	233	372	135	136	0.00615385	0	0.815385	2
289	377	212	378	212	135	136	0.00307692	0	0.465934	1
290	616	207	613	205	135	136	0.0215385	0	0.454945	2
291	218	170	219	172	135	136	0.0153846	0	0.373626	1
292	194	171	195	173	135	136	0.0153846	0	0.375824	1
293	339	276	343	278	135	137	0.0246154	0	0.606593	1
294	464	33	462	33	135	145	0.00615385	0	0.0725275	2
295	137	215	139	214	135	136	0.00923077	0	0.472527	1
296	479	187	478	189	135	136	0.0153846	0	0.410989	2
297	132	228	139	225	135	137	0.0492308	0	0.501099	1
298	492	210	490	212	135	136	0.0184615	0	0.461538	2
299	247	63	203	60	135	152	0.163077	0	0.138462	2
300	219	159	224	163	135	137	0.0646154	0	0.349451	1
301	317	234	326	231	135	137	0.0553846	0	0.514286	1
302	329	298	329	299	135	137	0.00307692	0	0.654945	1
303	452	184	456	184	135	136	0.0123077	0	0.404396	1
304	596	178	584	176	135	139	0.0492308	0	0.391209	2
305	179	180	180	180	135	139	0.00307692	0	0.395604	1
306	183	431	182	433	135	136	0.0153846	0	0.947253	2
307	223	376	222	375	135	139	0.00615385	0	0.826374	2
308	320	246	325	246	135	136	0.0153846	0	0.540659	1
309	448	150	450	150	135	136	0.00615385	0	0.32967	1
310	322	274	331	273	135	136	0.0307692	0	0.602198	1
311	427	147	439	143	135	139	0.0861538	0	0.323077	1
312	116	257	117	257	135	136	0.00307692	0	0.564835	1
313	356	233	363	233	135	136	0.0215385	0	0.512088	1
314	604	190	599	187	136	138	0.0430769	0	0.417582	2
315	327	288	328	288	136	137	0.00307692	0	0.632967	1
316	422	215	424	217	136	138	0.0184615	0	0.472527	1
317	406	222	406	221	136	137	0.00307692	0	0.487912	1
318	258	365	242	364	136	137	0.0523077	0	0.802198	2
319	397	237	399	238	136	137	0.00923077	0	0.520879	1
320	618	219	607	215	136	139	0.0830769	0	0.481319	2
321	402	161	403	160	136	137	0.00615385	0	0.353846	1
322	362	243	370	240	136	137	0.0523077	0	0.534066	1
323	255	355	240	354	136	137	0.0492308	0	0.78022	2
324	590	225	584	224	136	138	0.0215385	0	0.494505	2
325	127	197	150	208	136	147	0.443077	0	0.432967	1
326	592	188	589	187	136	137	0.0123077	0	0.413187	2
327	449	168	465	159	136	143	0.298462	0	0.369231	1
328	189	163	191	164	136	137	0.00923077	0	0.358242	1
329	401	248	401	247	137	138	0.00307692	0	0.545055	1
330	483	199	481	198	137	138	0.00923077	0	0.437363	2
331	382	217	386	215	137	138	0.0246154	0	0.476923	1
332	611	206	607	205	137	138	0.0153846	0	0.452747	2
333	229	198	245	200	137	142	0.0615385	0	0.435165	1
334	384	174	385	172	137	138	0.0153846	0	0.382418	1
335	223	173	224	172	137	138	0.00615385	0	0.38022	1
336	198	305	187	304	137	138	0.0369231	0	0.67033	2
337	132	248	134	246	137	138	0.0184615	0	0.545055	1
338	363	185	362	183	137	138	0.0153846	0	0.406593	2
339	443	237	451	235	137	138	0.0369231	0	0.520879	1
340	99	455	95	454	137	146	0.0153846	0	1	2
341	197	175	198	175	137	138	0.00307692	0	0.384615	1
342	236	374	235	372	137	138	0.0153846	0	0.821978	2
343	370	204	373	203	137	138	0.0123077	0	0.448352	1
344	483	232	481	231	137	138	0.00923077	0	0.50989	2
345	120	257	127	251	137	140	0.132308	0	0.564835	1
346	201	331	186	324	137	138	0.196923	0	0.727473	2
347	370	230	377	226	137	138	0.0707692	0	0.505495	1
348	380	164	385	160	137	140	0.0646154	0	0.36044	1
349	143	202	147	198	137	139	0.0615385	0	0.443956	1
350	404	150	407	149	137	138	0.0123077	0	0.32967	1
351	89	455	85	454	137	145	0.0153846	0	1	2
352	219	199	219	199	137	138	0	0	0.437363	1
353	157	422	152	425	137	139	0.0430769	0	0.927473	2
354	454	150	459	145	137	139	0.0923077	0	0.32967	1
355	405	220	404	218	138	139	0.0153846	0	0.483516	2
356	489	213	487	213	138	139	0.00615385	0	0.468132	2
357	384	205	387	201	138	139	0.0584615	0	0.450549	1
358	487	184	492	183	138	139	0.0184615	0	0.404396	1
359	77	455	74	454	138	145	0.0123077	0	1	2
360	332	229	338	228	138	139	0.0215385	0	0.503297	1
361	226	162	235	162	138	144	0.0276923	0	0.356044	1
362	294	455	293	454	138	140	0.00615385	0	1	2
363	197	303	185	301	138	139	0.0492308	0	0.665934	2
364	146	210	147	208	138	139	0.0153846	0	0.461538	1
365	480	199	478	202	139	142	0.0338462	0	0.437363	2
366	138	245	140	244	139	140	0.00923077	0	0.538462	1
367	401	246	401	246	139	140	0	0	0.540659	1
368	391	212	395	209	139	140	0.04	0	0.465934	1
369	424	218	424	218	139	140	0	0	0.479121	1
370	225	173	228	175	139	141	0.0215385	0	0.38022	1
371	363	205	366	204	139	140	0.0123077	0	0.450549	1
372	151	239	155	238	139	140	0.0153846	0	0.525275	1
373	199	174	199	173	139	140	0.00307692	0	0.382418	1
374	412	240	411	240	139	140	0.00307692	0	0.527473	2
375	475	181	474	182	139	140	0.00615385	0	0.397802	2
376	339	281	348	276	139	140	0.104615	0	0.617582	1
377	190	441	187	443	139	141	0.0215385	0	0.969231	2
378	177	319	168	316	139	140	0.0553846	0	0.701099	2
379	440	176	446	174	139	141	0.0307692	0	0.386813	1
380	175	302	154	299	139	141	0.0923077	0	0.663736	2
381	377	202	380	199	139	140	0.0369231	0	0.443956	1
382	493	192	498	191	140	141	0.0184615	0	0.421978	1
383	390	199	392	196	140	141	0.0338462	0	0.437363	1
384	370	190	370	188	140	141	0.0123077	0	0.417582	1
385	174	299	164	297	140	141	0.0430769	0	0.657143	2
386	493	182	498	181	140	141	0.0184615	0	0.4	1
387	373	217	375	218	140	141	0.00923077	0	0.476923	1
388	488	214	487	215	140	141	0.00615385	0	0.47033	2
389	588	177	581	174	140	143	0.0492308	0	0.389011	2
390	143	204	146	205	140	141	0.0123077	0	0.448352	1
391	159	222	172	220	140	144	0.0523077	0	0.487912	1
392	190	362	172	365	140	141	0.0830769	0	0.795604	2
393	426	140	429	140	140	141	0.00923077	0	0.307692	1
394	576	175	561	170	140	146	0.123077	0	0.384615	2
395	434	221	434	221	140	141	0	0	0.485714	1
396	358	269	369	268	140	141	0.0369231	0	0.591209	1
397	181	179	183	178	140	141	0.00923077	0	0.393407	1
398	589	227	588	226	140	143	0.00615385	0	0.498901	2
399	149	218	155	218	140	141	0.0184615	0	0.479121	1
400	488	202	487	203	140	141	0.00615385	0	0.443956	2
401	338	453	337	454	140	152	0.00615385	0	0.995604	2
402	376	289	375	290	141	142	0.00615385	0	0.635165	2
403	157	237	164	241	141	144	0.0707692	0	0.520879	1
404	370	204	373	203	141	142	0.0123077	0	0.448352	1
405	391	173	392	173	141	142	0.00307692	0	0.38022	1
406	348	233	348	231	141	142	0.0123077	0	0.512088	1
407	142	244	152	244	141	145	0.0307692	0	0.536264	1
408	387	216	393	215	141	142	0.0215385	0	0.474725	1
409	488	184	493	183	141	142	0.0184615	0	0.404396	1
410	469	187	469	187	141	142	0	0	0.410989	1
411	421	254	420	251	141	143	0.0307692	0	0.558242	2
412	130	250	136	250	141	143	0.0184615	0	0.549451	1
413	160	368	144	370	141	145	0.0615385	0	0.808791	2
414	482	55	480	57	141	142	0.0184615	0	0.120879	2
415	444	143	445	142	141	142	0.00615385	0	0.314286	1
416	145	221	151	225	141	144	0.0676923	0	0.485714	1
417	414	210	413	209	141	142	0.00615385	0	0.461538	2
418	384	410	384	411	141	155	0.00307692	0	0.901099	1
419	515	247	513	249	141	146	0.0184615	0	0.542857	2
420	398	193	399	189	142	143	0.0523077	0	0.424176	1
421	506	191	511	190	142	143	0.0184615	0	0.41978	1
422	154	297	96	290	142	149	0.329231	0	0.652747	2
423	606	218	598	219	142	143	0.0276923	0	0.479121	2
424	433	140	436	139	142	143	0.0123077	0	0.307692	1
425	154	201	159	207	142	145	0.126154	0	0.441758	1
426	586	186	584	184	142	143	0.0184615	0	0.408791	2
427	232	176	234	175	142	143	0.00923077	0	0.386813	1
428	358	230	360	228	142	143	0.0184615	0	0.505495	1
429	211	357	197	353	142	143	0.0923077	0	0.784615	2
430	159	369	155	370	142	143	0.0153846	0	0.810989	2
431	187	177	189	175	142	143	0.0184615	0	0.389011	1
432	477	246	474	246	142	143	0.00923077	0	0.540659	2
433	445	152	446	149	142	144	0.0307692	0	0.334066	1
434	293	455	292	454	142	145	0.00615385	0	1	2
435	169	305	152	303	142	144	0.0646154	0	0.67033	2
436	379	176	378	174	142	143	0.0153846	0	0.386813	2
437	492	166	548	164	142	152	0.184615	0	0.364835	1
438	490	354	490	355	142	155	0.00307692	0	0.778022	1
439	356	195	357	195	142	143	0.00307692	0	0.428571	1
440	480	204	480	203	143	144	0.00307692	0	0.448352	1
441	349	230	350	229	143	144	0.00615385	0	0.505495	1
442	365	242	368	241	143	144	0.0123077	0	0.531868	1
443	376	290	375	288	143	144	0.0153846	0	0.637363	2
444	469	188	468	187	143	144	0.00615385	0	0.413187	2
445	401	215	423	209	143	146	0.178462	0	0.472527	1
446	387	205	388	201	143	144	0.0523077	0	0.450549	1
447	200	174	201	171	143	144	0.0307692	0	0.382418	1
448	389	163	388	162	143	144	0.00615385	0	0.358242	2
449	407	226	412	223	143	144	0.0430769	0	0.496703	1
450	483	217	482	216	143	144	0.00615385	0	0.476923	2
451	498	184	512	184	143	146	0.0430769	0	0.404396	1
452	238	83	208	83	143	153	0.0923077	0	0.182418	2
453	400	265	410	260	143	144	0.107692	0	0.582418	1
454	154	370	153	368	144	145	0.0153846	0	0.813187	2
455	378	199	383	200	144	147	0.0184615	0	0.437363	1
456	515	190	525	191	144	146	0.0338462	0	0.417582	1
457	582	181	580	179	144	145	0.0184615	0	0.397802	2
458	361	228	363	228	144	145	0.00615385	0	0.501099	1
459	385	185	386	184	144	145	0.00615385	0	0.406593	1
460	234	173	237	171	144	145	0.0215385	0	0.38022	1
461	471	156	474	158	144	146	0.0215385	0	0.342857	1
462	472	243	471	244	144	145	0.00615385	0	0.534066	2
463	434	136	452	140	144	149	0.104615	0	0.298901	1
464	394	254	420	252	144	147	0.0923077	0	0.558242	1
465	380	278	386	273	144	146	0.0953846	0	0.610989	1
466	492	222	491	222	144	145	0.00307692	0	0.487912	2
467	386	267	389	265	144	145	0.0215385	0	0.586813	1
468	437	167	441	168	144	145	0.0153846	0	0.367033	1
469	232	91	229	91	144	145	0.00923077	0	0.2	2
470	191	173	194	172	144	145	0.0123077	0	0.38022	1
471	180	353	162	354	144	145	0.0584615	0	0.775824	2
472	368	198	369	198	144	145	0.00307692	0	0.435165	1
473	578	171	576	170	144	145	0.00923077	0	0.375824	2
474	150	449	149	450	144	149	0.00615385	0	0.986813	2
475	403	198	403	196	144	145	0.0123077	0	0.435165	1
476	140	328	130	326	145	146	0.0430769	0	0.720879	2
477	479	202	482	202	145	147	0.00923077	0	0.443956	1
478	353	231	357	234	145	146	0.04	0	0.507692	1
479	585	221	581	220	145	146	0.0153846	0	0.485714	2
480	406	159	406	159	145	146	0	0	0.349451	1
481	388	163	386	165	145	146	0.0184615	0	0.358242	2
482	469	189	475	191	145	150	0.0307692	0	0.415385	1
483	391	198	394	197	145	147	0.0123077	0	0.435165	1
484	246	199	244	199	145	148	0.00615385	0	0.437363	2
485	423	256	432	255	145	146	0.0307692	0	0.562637	1
486	573	194	568	194	145	147	0.0153846	0	0.426374	2
487	454	137	457	137	145	146	0.00923077	0	0.301099	1
488	146	439	146	438	145	146	0.00307692	0	0.964835	1
489	204	172	208	171	145	147	0.0153846	0	0.378022	1
490	169	244	172	243	145	146	0.0123077	0	0.536264	1
491	236	161	237	158	145	147	0.0307692	0	0.353846	1
492	489	204	493	201	145	147	0.04	0	0.448352	1
493	439	147	443	148	145	146	0.0153846	0	0.323077	1
494	486	186	493	185	145	146	0.0246154	0	0.408791	1
495	152	217	152	221	145	146	0.0492308	0	0.476923	1
496	578	180	576	180	146	147	0.00615385	0	0.395604	2
497	443	173	445	175	146	147	0.0184615	0	0.38022	1
498	539	229	550	229	146	147	0.0338462	0	0.503297	1
499	421	238	428	238	146	147	0.0215385	0	0.523077	1
500	490	225	500	223	146	150	0.0430769	0	0.494505	1
501	157	246	164	248	146	150	0.0338462	0	0.540659	1
502	120	319	101	314	146	148	0.135385	0	0.701099	2
503	465	33	466	33	146	155	0.00307692	0	0.0725275	1
504	239	172	242	164	146	150	0.206154	0	0.378022	1
505	226	92	223	93	146	147	0.0123077	0	0.202198	2
506	396	163	398	163	146	147	0.00615385	0	0.358242	1
507	389	186	391	185	146	147	0.00923077	0	0.408791	1
508	396	264	406	264	146	147	0.0307692	0	0.58022	1
509	160	211	161	214	146	147	0.0307692	0	0.463736	1
510	482	214	483	213	146	147	0.00615385	0	0.47033	1
511	360	201	361	202	146	147	0.00615385	0	0.441758	1
512	196	173	198	174	146	147	0.00923077	0	0.38022	1
513	127	419	113	414	146	149	0.12	0	0.920879	2
514	423	184	426	184	146	147	0.00923077	0	0.404396	1
515	524	220	530	220	146	147	0.0184615	0	0.483516	1
516	136	437	105	431	146	154	0.206154	0	0.96044	2
517	567	180	562	183	146	149	0.0430769	0	0.395604	2
518	448	150	452	150	147	148	0.0123077	0	0.32967	1
519	387	169	385	170	147	148	0.00923077	0	0.371429	2
520	512	36	509	35	147	149	0.0123077	0	0.0791209	2
521	436	220	443	219	147	148	0.0246154	0	0.483516	1
522	462	139	466	138	147	148	0.0153846	0	0.305495	1
523	521	181	534	178	147	149	0.0676923	0	0.397802	1
524	409	216	410	216	147	148	0.00307692	0	0.474725	1
525	437	273	440	274	147	148	0.0123077	0	0.6	1
526	105	294	65	293	147	151	0.126154	0	0.646154	2
527	111	422	107	419	147	148	0.04	0	0.927473	2
528	445	284	447	285	147	149	0.00923077	0	0.624176	1
529	444	56	438	55	147	148	0.0215385	0	0.123077	2
530	381	183	382	183	147	148	0.00307692	0	0.402198	1
531	436	258	441	260	147	148	0.0276923	0	0.567033	1
532	485	202	486	201	148	149	0.00615385	0	0.443956	1
533	385	201	405	202	148	155	0.0646154	0	0.441758	1
534	446	177	446	177	148	149	0	0	0.389011	1
535	360	185	361	184	148	149	0.00615385	0	0.406593	1
536	425	172	427	173	148	149	0.00923077	0	0.378022	1
537	166	236	165	236	148	149	0.00307692	0	0.518681	2
538	405	185	406	185	148	149	0.00307692	0	0.406593	1
539	178	243	178	244	148	149	0.00307692	0	0.534066	1
540	396	196	404	197	148	152	0.0276923	0	0.430769	1
541	495	202	498	203	148	150	0.0123077	0	0.443956	1
542	202	175	201	174	148	149	0.00615385	0	0.384615	2
543	439	209	445	208	148	149	0.0215385	0	0.459341	1
544	369	201	370	201	148	149	0.00307692	0	0.441758	1
545	154	223	151	222	148	151	0.0123077	0	0.49011	2
546	381	231	382	230	148	149	0.00615385	0	0.507692	1
547	140	358	129	356	148	149	0.0461538	0	0.786813	2
548	238	157	242	152	148	153	0.0892308	0	0.345055	1
549	477	230	477	230	148	149	0	0	0.505495	1
550	392	186	393	186	148	149	0.00307692	0	0.408791	1
551	536	220	541	219	148	149	0.0184615	0	0.483516	1
552	96	455	95	454	148	149	0.00615385	0	1	2
553	436	285	435	284	148	149	0.00615385	0	0.626374	2
554	426	188	428	188	148	149	0.00615385	0	0.413187	1
555	152	211	147	211	148	152	0.0153846	0	0.463736	2
556	559	171	557	171	148	149	0.00615385	0	0.375824	2
557	165	211	155	208	148	155	0.0584615	0	0.463736	2
558	371	262	374	262	148	154	0.00923077	0	0.575824	1
559	244	199	248	196	149	151	0.04	0	0.437363	1
560	442	274	445	272	149	150	0.0215385	0	0.602198	1
561	408	198	409	198	149	150	0.00307692	0	0.435165	1
562	221	168	224	168	149	150	0.00923077	0	0.369231	1
563	407	217	415	218	149	152	0.0276923	0	0.476923	1
564	567	231	571	233	149	150	0.0246154	0	0.507692	1
565	456	150	463	147	149	151	0.0492308	0	0.32967	1
566	88	324	77	322	149	150	0.0461538	0	0.712088	2
567	447	260	480	256	149	153	0.150769	0	0.571429	1
568	346	247	345	247	149	150	0.00307692	0	0.542857	2
569	75	372	66	375	149	151	0.0553846	0	0.817582	2
570	452	218	470	216	149	151	0.0676923	0	0.479121	1
571	484	188	492	192	149	153	0.0738462	0	0.413187	1
572	53	201	54	202	149	152	0.00615385	0	0.441758	1
573	365	236	365	236	150	151	0	0	0.518681	1
574	500	34	499	35	150	155	0.00615385	0	0.0747253	2
575	482	150	501	147	150	155	0.0861538	0	0.32967	1
576	115	360	96	363	150	151	0.0861538	0	0.791209	2
577	411	186	418	189	150	152	0.0492308	0	0.408791	1
578	446	179	447	177	150	151	0.0153846	0	0.393407	1
579	510	35	509	35	150	155	0.00307692	0	0.0769231	2
580	377	241	378	241	150	151	0.00307692	0	0.52967	1
581	566	179	564	180	150	151	0.00923077	0	0.393407	2
582	418	163	421	163	150	151	0.00923077	0	0.358242	1
583	447	168	449	169	150	151	0.00923077	0	0.369231	1
584	365	186	369	185	150	152	0.0153846	0	0.408791	1
585	404	239	407	237	150	151	0.0215385	0	0.525275	1
586	526	38	526	38	150	153	0	0	0.0835165	1
587	88	297	67	298	150	152	0.0676923	0	0.652747	2
588	202	175	220	176	150	154	0.0584615	0	0.384615	1
589	488	202	490	203	150	151	0.00923077	0	0.443956	1
590	101	420	99	419	150	151	0.00923077	0	0.923077	2
591	80	372	79	372	150	151	0.00307692	0	0.817582	2
592	455	138	471	133	150	155	0.126154	0	0.303297	1
593	551	214	555	214	150	151	0.0123077	0	0.47033	1
594	398	168	397	168	150	151	0.00307692	0	0.369231	2
595	454	206	467	205	150	152	0.0430769	0	0.452747	1
596	480	140	485	140	150	151	0.0153846	0	0.307692	1
597	397	187	398	186	150	151	0.00615385	0	0.410989	1
598	162	266	161	268	150	154	0.0153846	0	0.584615	2
599	376	186	384	185	150	153	0.0276923	0	0.408791	1
600	150	453	150	453	150	152	0	0	0.995604	1
601	212	161	219	161	150	152	0.0215385	0	0.353846	1
602	365	176	375	173	150	155	0.0584615	0	0.386813	1
603	236	455	235	454	150	151	0.00615385	0	1	2
604	438	199	443	202	151	152	0.0430769	0	0.437363	1
605	475	139	486	135	151	154	0.0830769	0	0.305495	1
606	165	249	165	249	151	152	0	0	0.547253	1
607	243	162	243	160	151	152	0.0123077	0	0.356044	1
608	418	240	422	239	151	152	0.0153846	0	0.527473	1
609	437	186	441	187	151	152	0.0153846	0	0.408791	1
610	346	248	349	246	151	153	0.0215385	0	0.545055	1
611	477	192	479	193	151	152	0.00923077	0	0.421978	1
612	394	233	398	231	151	152	0.0246154	0	0.512088	1
613	494	447	495	445	151	155	0.0153846	0	0.982418	1
614	366	235	368	234	152	153	0.00923077	0	0.516484	1
615	169	234	167	232	152	153	0.0184615	0	0.514286	2
616	426	163	431	163	152	153	0.0153846	0	0.358242	1
617	383	203	386	202	152	153	0.0123077	0	0.446154	1
618	415	200	418	200	152	153	0.00923077	0	0.43956	1
619	99	421	98	422	152	153	0.00615385	0	0.925275	2
620	168	224	165	220	152	153	0.0584615	0	0.492308	2
621	369	200	371	200	152	153	0.00615385	0	0.43956	1
622	453	210	459	210	152	153	0.0184615	0	0.461538	1
623	576	238	576	238	152	153	0	0	0.523077	1
624	560	217	562	220	152	153	0.0338462	0	0.476923	1
625	154	221	152	220	152	153	0.00923077	0	0.485714	2
626	477	214	484	214	152	153	0.0215385	0	0.47033	1
627	144	415	140	416	152	153	0.0153846	0	0.912088	2
628	469	193	474	193	152	153	0.0153846	0	0.424176	1
629	77	295	58	298	152	154	0.0861538	0	0.648352	2
630	526	196	525	195	152	155	0.00615385	0	0.430769	2
631	465	157	469	157	152	153	0.0123077	0	0.345055	1
632	457	167	460	168	152	153	0.0123077	0	0.367033	1
633	470	146	476	142	152	154	0.0676923	0	0.320879	1
634	554	181	561	182	152	153	0.0246154	0	0.397802	1
635	135	425	131	425	152	153	0.0123077	0	0.934066	2
636	449	204	452	203	153	154	0.0123077	0	0.448352	1
637	250	180	249	177	153	154	0.0307692	0	0.395604	2
638	163	253	161	253	153	154	0.00615385	0	0.556044	2
639	57	204	57	204	153	155	0	0	0.448352	1
640	450	189	453	189	153	154	0.00923077	0	0.415385	1
641	245	162	245	161	153	154	0.00307692	0	0.356044	1
642	372	185	376	183	153	155	0.0246154	0	0.406593	1
643	57	296	48	296	153	154	0.0276923	0	0.650549	2
644	376	253	377	252	153	154	0.00615385	0	0.556044	1
645	201	61	197	60	153	154	0.0153846	0	0.134066	2
646	69	308	51	312	153	155	0.104615	0	0.676923	2
647	77	295	60	298	153	155	0.08	0	0.648352	2
648	290	443	290	442	153	155	0.00307692	0	0.973626	1
649	338	455	337	454	153	155	0.00615385	0	1	2
650	146	210	142	208	153	155	0.0246154	0	0.461538	2
651	425	240	429	239	153	155	0.0153846	0	0.527473	1
652	58	284	42	286	153	155	0.0615385	0	0.624176	2
653	408	198	415	199	153	155	0.0246154	0	0.435165	1
654	60	193	60	192	153	155	0.00307692	0	0.424176	1
655	541	227	540	227	153	154	0.00307692	0	0.498901	2
656	508	157	515	154	153	155	0.0492308	0	0.345055	1
657	167	232	166	230	154	155	0.0153846	0	0.50989	2
658	382	203	384	202	154	155	0.00923077	0	0.446154	1
659	421	169	425	168	154	155	0.0153846	0	0.371429	1
660	481	176	480	175	154	155	0.00615385	0	0.386813	2
661	436	204	438	206	154	155	0.0184615	0	0.448352	1
662	386	186	388	185	154	155	0.00923077	0	0.408791	1
663	567	183	571	182	154	155	0.0153846	0	0.402198	1
664	248	196	247	195	154	155	0.00615385	0	0.430769	2
665	422	201	425	201	154	155	0.00923077	0	0.441758	1
666	403	183	406	182	154	155	0.0123077	0	0.402198	1
667	144	231	140	231	154	155	0.0123077	0	0.507692	2
668	527	39	525	38	154	155	0.00923077	0	0.0857143	2
669	574	230	584	229	154	155	0.0338462	0	0.505495	1
670	137	418	132	419	154	155	0.0184615	0	0.918681	2
671	160	219	155	219	154	155	0.0153846	0	0.481319	2
672	432	175	437	173	154	155	0.0276923	0	0.384615	1
673	417	182	421	182	154	155	0.0123077	0	0.4	1
674	42	370	39	370	154	155	0.00923077	0	0.813187	2
675	548	169	547	167	154	155	0.0153846	0	0.371429	2
676	258	190	258	187	154	155	0.0276923	0	0.417582	1
677	70	309	61	311	154	155	0.04	0	0.679121	2
678	205	87	201	85	154	155	0.0246154	0	0.191209	2
679	496	138	498	136	154	155	0.0184615	0	0.303297	1
680	387	241	389	240	154	155	0.00923077	0	0.52967	1