
0	594	99	596	99	77	81	0.00995025	0	0.217582	1
1	554	72	554	71	77	87	0.00497512	0	0.158242	1
2	120	24	120	24	77	80	0	0	0.0527473	1
3	499	153	494	146	77	83	0.268657	0	0.336264	2
4	471	146	471	145	77	78	0.00497512	0	0.320879	1
5	430	150	429	150	78	79	0.00497512	0	0.32967	2
6	444	158	444	156	78	79	0.0199005	0	0.347253	1
7	61	293	65	291	78	84	0.039801	0	0.643956	1
8	532	155	527	148	78	86	0.268657	0	0.340659	2
9	24	426	24	426	79	115	0	0	0.936264	1
10	345	121	342	120	79	82	0.0199005	0	0.265934	2
11	363	125	361	124	79	86	0.0149254	0	0.274725	2
12	430	150	430	151	80	83	0.00497512	0	0.32967	1
13	86	288	90	286	80	84	0.039801	0	0.632967	1
14	627	99	627	98	80	83	0.00497512	0	0.217582	1
15	447	155	447	152	80	81	0.0447761	0	0.340659	1
16	664	216	663	216	80	85	0.00497512	0	0.474725	2
17	485	136	484	134	80	81	0.0248756	0	0.298901	2
18	590	55	588	54	80	98	0.0149254	0	0.120879	2
19	631	109	630	108	80	82	0.00995025	0	0.23956	2
20	474	162	473	160	80	83	0.0248756	0	0.356044	2
21	444	170	442	172	80	84	0.0298507	0	0.373626	2
22	424	161	423	162	81	83	0.00995025	0	0.353846	2
23	505	164	505	163	81	82	0.00497512	0	0.36044	1
24	605	73	605	73	81	82	0	0	0.16044	1
25	77	263	80	262	81	82	0.0199005	0	0.578022	1
26	302	177	308	174	81	83	0.0746269	0	0.389011	1
27	71	299	70	299	82	83	0.00497512	0	0.657143	2
28	396	155	396	153	82	84	0.0199005	0	0.340659	1
29	484	133	483	131	82	83	0.0248756	0	0.292308	2
30	451	158	451	156	82	83	0.0199005	0	0.347253	1
31	599	103	601	103	82	85	0.00995025	0	0.226374	1
32	287	201	290	200	82	83	0.0199005	0	0.441758	1
33	433	174	428	174	83	86	0.0248756	0	0.382418	2
34	288	342	284	340	83	85	0.039801	0	0.751648	2
35	507	161	500	159	83	87	0.0547264	0	0.353846	2
36	612	74	611	74	83	84	0.00497512	0	0.162637	2
37	259	342	258	342	83	89	0.00497512	0	0.751648	2
38	631	108	628	109	83	86	0.0199005	0	0.237363	2
39	82	296	82	297	83	84	0.00497512	0	0.650549	1
40	421	165	419	165	84	85	0.00995025	0	0.362637	2
41	575	54	575	55	84	115	0.00497512	0	0.118681	1
42	310	174	314	174	84	86	0.0199005	0	0.382418	1
43	454	145	455	143	84	86	0.0248756	0	0.318681	1
44	480	138	479	137	84	85	0.00995025	0	0.303297	2
45	452	155	452	154	84	85	0.00497512	0	0.340659	1
46	438	141	440	139	84	85	0.0298507	0	0.30989	1
47	491	125	492	125	84	85	0.00497512	0	0.274725	1
48	122	24	121	25	84	115	0.00995025	0	0.0527473	2
49	657	186	632	186	84	101	0.124378	0	0.408791	2
50	548	187	541	184	84	87	0.079602	0	0.410989	2
51	629	98	628	98	84	87	0.00497512	0	0.215385	2
52	773	131	774	133	84	87	0.0248756	0	0.287912	1
53	797	50	797	52	84	99	0.0199005	0	0.10989	1
54	268	280	270	278	84	86	0.0298507	0	0.615385	1
55	553	161	547	163	84	87	0.0497512	0	0.353846	2
56	439	190	433	189	85	88	0.0348259	0	0.417582	2
57	428	153	426	152	85	86	0.0149254	0	0.336264	2
58	287	330	285	333	85	89	0.0547264	0	0.725275	2
59	632	136	631	136	85	86	0.00497512	0	0.298901	2
60	292	320	296	325	85	93	0.144279	0	0.703297	1
61	90	258	96	259	85	87	0.0348259	0	0.567033	1
62	267	304	276	300	85	90	0.124378	0	0.668132	1
63	676	203	674	203	85	89	0.00995025	0	0.446154	2
64	396	154	397	156	85	87	0.0248756	0	0.338462	1
65	470	172	468	170	85	86	0.0298507	0	0.378022	2
66	473	160	471	160	85	87	0.00995025	0	0.351648	2
67	282	340	279	343	86	91	0.0597015	0	0.747253	2
68	458	175	455	174	86	87	0.0199005	0	0.384615	2
69	418	164	415	163	86	87	0.0199005	0	0.36044	2
70	681	224	672	222	86	89	0.0646766	0	0.492308	2
71	297	285	300	284	86	88	0.0199005	0	0.626374	1
72	539	66	538	66	86	111	0.00497512	0	0.145055	2
73	532	175	529	174	86	87	0.0199005	0	0.384615	2
74	456	154	449	152	86	90	0.0547264	0	0.338462	2
75	580	70	580	71	86	115	0.00497512	0	0.153846	1
76	606	82	602	83	86	112	0.0248756	0	0.18022	2
77	537	144	531	143	86	89	0.0348259	0	0.316484	2
78	441	173	439	172	86	87	0.0149254	0	0.38022	2
79	436	158	434	158	86	87	0.00995025	0	0.347253	2
80	733	74	732	73	86	104	0.00995025	0	0.162637	2
81	287	308	297	313	86	92	0.174129	0	0.676923	1
82	474	150	473	150	86	87	0.00497512	0	0.32967	2
83	667	215	664	214	87	88	0.0199005	0	0.472527	2
84	80	291	82	289	87	88	0.0298507	0	0.63956	1
85	512	119	510	118	87	88	0.0149254	0	0.261538	2
86	319	175	321	176	87	88	0.0149254	0	0.384615	1
87	525	147	520	147	87	89	0.0248756	0	0.323077	2
88	629	108	627	108	87	88	0.00995025	0	0.237363	2
89	94	285	105	280	87	90	0.179104	0	0.626374	1
90	477	174	475	174	87	89	0.00995025	0	0.382418	2
91	467	170	463	169	87	89	0.0248756	0	0.373626	2
92	270	282	272	281	87	88	0.0149254	0	0.61978	1
93	775	153	775	153	87	89	0	0	0.336264	1
94	453	174	450	173	88	89	0.0199005	0	0.382418	2
95	555	71	554	71	88	94	0.00497512	0	0.156044	2
96	413	163	411	162	88	89	0.0149254	0	0.358242	2
97	424	152	418	151	88	92	0.0348259	0	0.334066	2
98	67	301	68	301	88	90	0.00497512	0	0.661538	1
99	101	262	118	262	88	93	0.0845771	0	0.575824	1
100	774	133	776	132	88	101	0.0149254	0	0.292308	1
101	315	128	314	126	88	89	0.0248756	0	0.281319	2
102	523	136	520	136	88	89	0.0149254	0	0.298901	2
103	540	160	538	160	88	89	0.00995025	0	0.351648	2
104	632	139	630	139	88	89	0.00995025	0	0.305495	2
105	602	99	603	99	88	89	0.00497512	0	0.217582	1
106	496	159	493	159	88	89	0.0149254	0	0.349451	2
107	393	182	395	182	88	92	0.00995025	0	0.4	1
108	638	125	628	129	88	93	0.129353	0	0.274725	2
109	483	133	484	133	88	89	0.00497512	0	0.292308	1
110	527	176	526	176	88	89	0.00497512	0	0.386813	2
111	430	190	421	189	89	91	0.0497512	0	0.417582	2
112	658	215	655	214	89	90	0.0199005	0	0.472527	2
113	624	111	619	111	89	91	0.0248756	0	0.243956	2
114	325	175	335	174	89	92	0.0547264	0	0.384615	1
115	82	290	86	287	89	91	0.0646766	0	0.637363	1
116	302	284	319	277	89	96	0.328358	0	0.624176	1
117	766	94	769	93	89	92	0.0199005	0	0.206593	1
118	528	163	518	165	89	94	0.0696517	0	0.358242	2
119	488	120	483	114	89	115	0.20398	0	0.263736	2
120	449	142	447	141	89	90	0.0149254	0	0.312088	2
121	449	172	447	171	90	91	0.0149254	0	0.378022	2
122	474	174	468	173	90	93	0.0348259	0	0.382418	2
123	486	135	486	135	90	91	0	0	0.296703	1
124	462	168	454	168	90	94	0.039801	0	0.369231	2
125	668	209	666	208	90	93	0.0149254	0	0.459341	2
126	669	199	666	198	90	92	0.0199005	0	0.437363	2
127	411	162	409	161	90	91	0.0149254	0	0.356044	2
128	516	142	514	142	90	91	0.00995025	0	0.312088	2
129	433	175	431	174	90	91	0.0149254	0	0.384615	2
130	526	178	525	178	90	91	0.00497512	0	0.391209	2
131	670	223	666	223	90	91	0.0199005	0	0.49011	2
132	492	160	490	159	90	91	0.0149254	0	0.351648	2
133	615	127	614	127	90	91	0.00497512	0	0.279121	2
134	780	156	780	156	90	91	0	0	0.342857	1
135	605	97	613	97	90	115	0.039801	0	0.213187	1
136	526	141	524	142	90	91	0.0149254	0	0.30989	2
137	781	90	781	90	90	93	0	0	0.197802	1
138	313	124	312	120	90	94	0.0845771	0	0.272527	2
139	452	162	449	161	90	92	0.0199005	0	0.356044	2
140	289	336	290	336	90	93	0.00497512	0	0.738462	1
141	805	90	806	88	90	103	0.0248756	0	0.197802	1
142	626	141	625	141	90	91	0.00497512	0	0.30989	2
143	813	252	814	251	90	115	0.00995025	0	0.553846	1
144	511	128	508	126	90	92	0.0348259	0	0.281319	2
145	313	30	314	29	90	115	0.00995025	0	0.0659341	1
146	654	214	651	213	91	92	0.0199005	0	0.47033	2
147	446	148	437	145	91	95	0.0895522	0	0.325275	2
148	107	279	110	278	91	92	0.0199005	0	0.613187	1
149	618	100	618	100	91	92	0	0	0.21978	1
150	496	140	495	139	91	92	0.00995025	0	0.307692	2
151	611	157	607	160	91	96	0.0646766	0	0.345055	2
152	626	55	625	55	91	112	0.00497512	0	0.120879	2
153	279	343	283	339	92	95	0.0995025	0	0.753846	1
154	447	173	446	173	92	93	0.00497512	0	0.38022	2
155	524	146	520	147	92	94	0.0248756	0	0.320879	2
156	617	111	608	111	92	95	0.0447761	0	0.243956	2
157	780	158	780	158	92	94	0	0	0.347253	1
158	408	160	400	161	92	96	0.0447761	0	0.351648	2
159	524	178	519	178	92	94	0.0248756	0	0.391209	2
160	663	218	657	218	92	96	0.0298507	0	0.479121	2
161	676	204	677	203	92	115	0.00995025	0	0.448352	1
162	514	150	509	153	92	96	0.0696517	0	0.32967	2
163	485	133	485	133	92	93	0	0	0.292308	1
164	651	202	648	201	92	94	0.0199005	0	0.443956	2
165	623	144	621	144	92	93	0.00995025	0	0.316484	2
166	111	296	112	298	92	93	0.0248756	0	0.650549	1
167	649	213	643	213	93	96	0.0298507	0	0.468132	2
168	770	97	774	94	93	96	0.0646766	0	0.213187	1
169	613	126	611	126	93	94	0.00995025	0	0.276923	2
170	656	179	651	180	93	96	0.0298507	0	0.393407	2
171	495	139	495	138	93	94	0.00497512	0	0.305495	1
172	626	99	628	99	93	94	0.00995025	0	0.217582	1
173	307	292	325	290	93	100	0.109453	0	0.641758	1
174	663	195	659	195	93	95	0.0199005	0	0.428571	2
175	511	115	511	115	93	94	0	0	0.252747	1
176	341	178	345	179	93	94	0.0248756	0	0.391209	1
177	774	62	774	60	93	104	0.0199005	0	0.136264	1
178	451	143	448	142	93	95	0.0199005	0	0.314286	2
179	293	30	294	29	93	115	0.00995025	0	0.0659341	1
180	717	59	719	58	93	108	0.0149254	0	0.12967	1
181	421	155	419	155	94	95	0.00995025	0	0.340659	2
182	444	173	439	172	94	97	0.0298507	0	0.38022	2
183	660	205	655	205	94	96	0.0248756	0	0.450549	2
184	464	173	459	172	94	95	0.0298507	0	0.38022	2
185	290	334	293	333	94	95	0.0199005	0	0.734066	1
186	290	292	295	289	94	96	0.0696517	0	0.641758	1
187	122	263	127	263	94	95	0.0248756	0	0.578022	1
188	444	161	442	160	94	95	0.0149254	0	0.353846	2
189	113	299	114	299	94	96	0.00497512	0	0.657143	1
190	513	125	512	126	94	96	0.00995025	0	0.274725	2
191	777	145	776	146	94	97	0.00995025	0	0.318681	2
192	786	57	785	56	94	98	0.00995025	0	0.125275	2
193	304	264	319	267	94	100	0.119403	0	0.58022	1
194	584	84	584	85	94	115	0.00497512	0	0.184615	1
195	408	171	400	172	95	98	0.0447761	0	0.375824	2
196	554	72	555	72	95	112	0.00497512	0	0.158242	1
197	512	142	508	143	95	97	0.0248756	0	0.312088	2
198	641	175	606	174	95	112	0.179104	0	0.384615	2
199	780	158	781	156	95	97	0.0248756	0	0.347253	1
200	601	128	599	128	95	96	0.00995025	0	0.281319	2
201	644	199	642	199	95	96	0.00995025	0	0.437363	2
202	403	181	392	183	95	101	0.0746269	0	0.397802	2
203	786	147	786	146	95	97	0.00497512	0	0.323077	1
204	409	151	404	151	95	99	0.0248756	0	0.331868	2
205	764	111	778	109	95	100	0.0895522	0	0.243956	1
206	349	177	354	177	95	96	0.0248756	0	0.389011	1
207	511	115	511	115	95	97	0	0	0.252747	1
208	620	145	618	145	95	96	0.00995025	0	0.318681	2
209	420	175	417	175	95	96	0.0149254	0	0.384615	2
210	611	126	609	126	95	96	0.00995025	0	0.276923	2
211	54	428	54	427	95	115	0.00497512	0	0.940659	1
212	450	146	448	145	96	97	0.0149254	0	0.320879	2
213	417	157	415	157	96	97	0.00995025	0	0.345055	2
214	777	120	777	120	96	100	0	0	0.263736	1
215	306	325	323	323	96	99	0.104478	0	0.714286	1
216	642	105	646	105	96	97	0.0199005	0	0.230769	1
217	659	195	657	195	96	97	0.00995025	0	0.428571	2
218	601	113	594	112	96	98	0.039801	0	0.248352	2
219	429	151	431	150	96	97	0.0149254	0	0.331868	1
220	341	119	337	119	96	99	0.0199005	0	0.261538	2
221	656	205	653	205	97	98	0.0149254	0	0.450549	2
222	642	215	640	215	97	99	0.00995025	0	0.472527	2
223	786	86	787	86	97	98	0.00497512	0	0.189011	1
224	399	161	394	162	97	102	0.0298507	0	0.353846	2
225	324	276	324	275	97	98	0.00497512	0	0.606593	1
226	776	94	777	93	97	98	0.00995025	0	0.206593	1
227	117	299	120	296	97	98	0.0597015	0	0.657143	1
228	297	286	301	285	97	99	0.0248756	0	0.628571	1
229	465	147	472	147	97	100	0.0348259	0	0.323077	1
230	600	134	597	134	97	99	0.0149254	0	0.294505	2
231	415	176	412	177	97	98	0.0199005	0	0.386813	2
232	602	123	600	123	97	98	0.00995025	0	0.27033	2
233	660	229	658	227	97	98	0.0298507	0	0.503297	2
234	509	153	507	153	97	98	0.00995025	0	0.336264	2
235	318	134	317	134	97	98	0.00497512	0	0.294505	2
236	438	136	436	136	97	98	0.00995025	0	0.298901	2
237	567	301	568	301	97	115	0.00497512	0	0.661538	1
238	694	101	694	100	97	105	0.00497512	0	0.221978	1
239	38	393	37	393	97	115	0.00497512	0	0.863736	2
240	569	134	569	133	97	104	0.00497512	0	0.294505	1
241	416	158	415	157	98	99	0.00995025	0	0.347253	2
242	507	176	505	175	98	99	0.0149254	0	0.386813	2
243	466	126	464	124	98	102	0.0298507	0	0.276923	2
244	225	455	230	454	98	101	0.0298507	0	1	1
245	775	155	776	156	98	99	0.00995025	0	0.340659	1
246	627	98	624	97	98	113	0.0199005	0	0.215385	2
247	603	72	601	72	98	115	0.00995025	0	0.158242	2
248	787	125	786	125	98	100	0.00497512	0	0.274725	2
249	589	55	590	55	99	108	0.00497512	0	0.120879	1
250	430	144	427	144	99	100	0.0149254	0	0.316484	2
251	413	176	411	177	99	102	0.0149254	0	0.386813	2
252	789	85	790	84	99	100	0.00995025	0	0.186813	1
253	651	205	646	206	99	101	0.0298507	0	0.450549	2
254	313	275	318	277	99	101	0.0447761	0	0.604396	1
255	609	161	604	159	99	103	0.0447761	0	0.353846	2
256	505	153	502	153	99	100	0.0149254	0	0.336264	2
257	639	199	634	197	99	101	0.0447761	0	0.437363	2
258	786	56	786	56	99	102	0	0	0.123077	1
259	595	109	584	109	99	102	0.0547264	0	0.23956	2
260	779	93	790	91	99	104	0.0746269	0	0.204396	1
261	656	220	650	220	99	100	0.0298507	0	0.483516	2
262	783	144	784	145	99	100	0.00995025	0	0.316484	1
263	335	287	336	288	99	100	0.00995025	0	0.630769	1
264	308	295	318	301	99	104	0.228856	0	0.648352	1
265	82	370	83	370	99	115	0.00497512	0	0.813187	1
266	371	173	383	172	99	102	0.0646766	0	0.38022	1
267	559	58	559	59	99	111	0.00497512	0	0.127473	1
268	407	155	406	156	100	102	0.00995025	0	0.340659	2
269	640	216	639	216	100	101	0.00497512	0	0.474725	2
270	504	176	502	178	100	102	0.0298507	0	0.386813	2
271	778	158	779	159	100	102	0.00995025	0	0.347253	1
272	602	128	600	128	100	101	0.00995025	0	0.281319	2
273	473	135	473	134	100	101	0.00497512	0	0.296703	1
274	309	128	307	130	100	101	0.0298507	0	0.281319	2
275	330	323	334	323	100	101	0.0199005	0	0.70989	1
276	153	308	153	307	100	102	0.00497512	0	0.676923	1
277	657	101	660	102	100	101	0.0199005	0	0.221978	1
278	611	145	606	146	100	103	0.0298507	0	0.318681	2
279	426	146	424	146	101	102	0.00995025	0	0.320879	2
280	499	153	497	152	101	102	0.0149254	0	0.336264	2
281	335	123	333	123	101	103	0.00995025	0	0.27033	2
282	327	296	333	302	101	104	0.208955	0	0.650549	1
283	629	211	621	211	101	105	0.039801	0	0.463736	2
284	645	229	643	228	101	104	0.0149254	0	0.503297	2
285	779	122	780	123	101	104	0.00995025	0	0.268132	1
286	786	144	788	143	101	103	0.0149254	0	0.316484	1
287	650	196	643	196	101	104	0.0348259	0	0.430769	2
288	339	294	340	302	101	104	0.323383	0	0.646154	1
289	424	169	421	167	102	103	0.0348259	0	0.371429	2
290	640	216	636	215	102	104	0.0248756	0	0.474725	2
291	498	142	496	141	102	103	0.0149254	0	0.312088	2
292	777	134	777	134	102	104	0	0	0.294505	1
293	474	132	473	131	102	104	0.00995025	0	0.29011	2
294	597	130	591	132	102	106	0.0497512	0	0.285714	2
295	645	206	640	205	102	104	0.0298507	0	0.452747	2
296	638	180	625	180	102	108	0.0646766	0	0.395604	2
297	775	88	776	89	102	115	0.00995025	0	0.193407	1
298	342	335	344	335	102	103	0.00995025	0	0.736264	1
299	634	196	629	195	102	104	0.0298507	0	0.430769	2
300	494	151	492	151	103	104	0.00995025	0	0.331868	2
301	405	156	406	154	103	105	0.0248756	0	0.342857	1
302	783	160	783	159	103	104	0.00497512	0	0.351648	1
303	503	182	503	182	103	104	0	0	0.4	1
304	423	146	419	145	103	104	0.0248756	0	0.320879	2
305	304	134	301	133	103	104	0.0199005	0	0.294505	2
306	581	110	574	109	103	105	0.039801	0	0.241758	2
307	154	307	155	305	103	104	0.0248756	0	0.674725	1
308	321	281	322	282	103	104	0.00995025	0	0.617582	1
309	788	55	789	56	103	113	0.00995025	0	0.120879	1
310	307	123	306	122	103	104	0.00995025	0	0.27033	2
311	349	345	350	345	103	109	0.00497512	0	0.758242	1
312	455	179	474	180	103	109	0.0995025	0	0.393407	1
313	389	176	393	175	103	104	0.0248756	0	0.386813	1
314	180	263	190	260	103	105	0.0945274	0	0.578022	1
315	346	335	347	334	104	110	0.00995025	0	0.736264	1
316	165	295	193	289	104	108	0.318408	0	0.648352	1
317	494	140	492	140	104	105	0.00995025	0	0.307692	2
318	504	111	499	109	104	108	0.0447761	0	0.243956	2
319	328	123	325	124	104	106	0.0199005	0	0.27033	2
320	463	123	452	120	104	113	0.0995025	0	0.27033	2
321	496	178	492	177	105	106	0.0248756	0	0.391209	2
322	634	215	630	214	105	106	0.0248756	0	0.472527	2
323	779	135	780	140	105	108	0.129353	0	0.296703	1
324	442	171	439	170	105	106	0.0199005	0	0.375824	2
325	491	153	488	153	105	106	0.0149254	0	0.336264	2
326	474	133	462	130	105	115	0.104478	0	0.292308	2
327	328	284	324	283	105	109	0.0248756	0	0.624176	2
328	627	197	625	197	105	106	0.00995025	0	0.432967	2
329	593	156	591	157	105	106	0.0149254	0	0.342857	2
330	506	181	506	180	105	106	0.00497512	0	0.397802	1
331	431	166	423	166	105	107	0.039801	0	0.364835	2
332	569	133	557	132	105	108	0.0646766	0	0.292308	2
333	732	68	732	69	105	115	0.00497512	0	0.149451	1
334	422	141	418	140	105	106	0.0248756	0	0.30989	2
335	785	161	785	160	105	106	0.00497512	0	0.353846	1
336	329	273	327	274	105	108	0.0149254	0	0.6	2
337	579	132	577	133	105	106	0.0149254	0	0.29011	2
338	645	224	638	222	105	107	0.0547264	0	0.492308	2
339	781	125	781	127	105	107	0.0199005	0	0.274725	1
340	689	179	689	179	105	115	0	0	0.393407	1
341	583	159	582	162	105	109	0.0497512	0	0.349451	2
342	158	302	162	297	105	106	0.144279	0	0.663736	1
343	751	85	752	86	105	115	0.00995025	0	0.186813	1
344	342	26	342	26	105	115	0	0	0.0571429	1
345	601	234	601	235	105	115	0.00497512	0	0.514286	1
346	315	288	312	287	105	109	0.0199005	0	0.632967	2
347	632	227	632	228	105	107	0.00497512	0	0.498901	1
348	571	109	558	109	106	109	0.0646766	0	0.23956	2
349	491	142	488	142	106	107	0.0149254	0	0.312088	2
350	398	162	402	160	106	109	0.039801	0	0.356044	1
351	197	261	207	260	106	108	0.0547264	0	0.573626	1
352	337	335	336	335	106	109	0.00497512	0	0.736264	2
353	498	164	489	165	106	109	0.0497512	0	0.36044	2
354	595	167	592	167	106	107	0.0149254	0	0.367033	2
355	243	449	249	446	106	115	0.0746269	0	0.986813	1
356	490	177	487	177	107	108	0.0149254	0	0.389011	2
357	624	214	619	214	107	108	0.0248756	0	0.47033	2
358	409	156	410	155	107	108	0.00995025	0	0.342857	1
359	624	199	622	200	107	108	0.0149254	0	0.437363	2
360	785	159	785	160	107	108	0.00497512	0	0.349451	1
361	506	177	505	176	107	108	0.00995025	0	0.389011	2
362	414	141	395	139	107	112	0.114428	0	0.30989	2
363	598	149	596	149	107	108	0.00995025	0	0.327473	2
364	675	99	683	100	107	115	0.0447761	0	0.217582	1
365	462	155	465	155	107	108	0.0149254	0	0.340659	1
366	586	140	585	140	107	108	0.00497512	0	0.307692	2
367	404	139	372	136	107	115	0.20398	0	0.305495	2
368	796	86	797	86	107	108	0.00497512	0	0.189011	1
369	491	151	488	151	108	109	0.0149254	0	0.331868	2
370	634	200	631	199	108	109	0.0199005	0	0.43956	2
371	396	183	402	179	108	111	0.109453	0	0.402198	1
372	586	151	585	151	108	109	0.00497512	0	0.331868	2
373	629	215	628	215	108	109	0.00497512	0	0.472527	2
374	431	219	432	219	108	109	0.00497512	0	0.481319	1
375	616	215	609	214	109	111	0.039801	0	0.472527	2
376	591	56	591	56	109	115	0	0	0.123077	1
377	487	180	486	182	109	110	0.0248756	0	0.395604	2
378	780	143	767	146	109	115	0.109453	0	0.314286	2
379	619	201	613	201	109	111	0.0298507	0	0.441758	2
380	583	140	581	140	109	112	0.00995025	0	0.307692	2
381	508	137	509	139	109	111	0.0248756	0	0.301099	1
382	422	163	423	162	109	110	0.00995025	0	0.358242	1
383	641	203	641	203	109	115	0	0	0.446154	1
384	782	133	775	136	109	113	0.079602	0	0.292308	2
385	805	85	818	89	109	115	0.144279	0	0.186813	1
386	777	165	776	163	109	111	0.0248756	0	0.362637	2
387	548	113	539	113	109	111	0.0447761	0	0.248352	2
388	211	260	243	273	109	115	1	0	0.571429	1
389	503	177	499	178	109	110	0.0248756	0	0.389011	2
390	506	124	505	124	109	110	0.00497512	0	0.272527	2
391	625	216	620	215	110	112	0.0298507	0	0.474725	2
392	335	336	336	336	110	111	0.00497512	0	0.738462	1
393	415	177	416	176	110	111	0.00995025	0	0.389011	1
394	481	143	477	144	110	113	0.0248756	0	0.314286	2
395	417	152	418	151	110	111	0.00995025	0	0.334066	1
396	630	200	627	199	110	111	0.0199005	0	0.43956	2
397	486	153	484	153	110	111	0.00995025	0	0.336264	2
398	323	284	320	282	110	111	0.0348259	0	0.624176	2
399	588	150	587	149	110	111	0.00995025	0	0.32967	2
400	590	162	589	162	110	111	0.00497512	0	0.356044	2
401	788	163	786	162	110	111	0.0149254	0	0.358242	2
402	432	219	432	218	110	111	0.00497512	0	0.481319	1
403	585	130	581	132	110	114	0.039801	0	0.285714	2
404	347	333	345	329	111	112	0.0895522	0	0.731868	2
405	302	287	296	289	111	113	0.0497512	0	0.630769	2
406	28	436	28	435	111	112	0.00497512	0	0.958242	1
407	424	161	424	159	111	112	0.0199005	0	0.353846	1
408	712	108	718	107	111	112	0.0348259	0	0.237363	1
409	533	138	548	142	111	115	0.154229	0	0.303297	1
410	432	180	452	183	111	115	0.144279	0	0.395604	1
411	808	100	810	100	111	112	0.00995025	0	0.21978	1
412	308	310	304	308	111	112	0.039801	0	0.681319	2
413	606	214	604	215	112	113	0.0149254	0	0.47033	2
414	330	330	329	329	112	113	0.00995025	0	0.725275	2
415	484	153	483	154	112	113	0.00995025	0	0.336264	2
416	396	158	383	158	112	115	0.0646766	0	0.347253	2
417	418	176	419	175	112	113	0.00995025	0	0.386813	1
418	338	340	338	338	112	115	0.0199005	0	0.747253	1
419	432	218	434	217	112	113	0.0149254	0	0.479121	1
420	485	183	485	183	112	113	0	0	0.402198	1
421	534	67	534	67	112	115	0	0	0.147253	1
422	514	139	515	139	112	113	0.00497512	0	0.305495	1
423	592	148	591	149	112	113	0.00995025	0	0.325275	2
424	472	160	470	158	112	113	0.0298507	0	0.351648	2
425	797	169	792	169	112	115	0.0248756	0	0.371429	2
426	317	278	314	277	112	113	0.0199005	0	0.610989	2
427	695	103	695	102	112	115	0.00497512	0	0.226374	1
428	554	72	554	72	113	115	0	0	0.158242	1
429	581	153	579	153	113	115	0.00995025	0	0.336264	2
430	425	158	427	159	113	115	0.0149254	0	0.347253	1
431	589	167	588	168	113	115	0.00995025	0	0.367033	2
432	603	175	597	176	113	115	0.0348259	0	0.384615	2
433	391	138	382	137	113	115	0.0497512	0	0.303297	2
434	581	141	579	142	113	114	0.0149254	0	0.30989	2
435	606	83	605	83	113	115	0.00497512	0	0.182418	2
436	611	229	612	229	113	115	0.00497512	0	0.503297	1
437	579	167	576	167	113	115	0.0149254	0	0.367033	2
438	381	147	372	144	113	115	0.0895522	0	0.323077	2
439	327	162	317	161	113	115	0.0547264	0	0.356044	2
440	482	154	481	154	114	115	0.00497512	0	0.338462	2
441	411	175	412	175	114	115	0.00497512	0	0.384615	1
442	294	290	291	291	114	115	0.0199005	0	0.637363	2
443	408	159	409	159	114	115	0.00497512	0	0.349451	1
444	311	277	307	276	114	115	0.0248756	0	0.608791	2
445	589	155	588	155	114	115	0.00497512	0	0.340659	2
446	776	170	774	170	114	115	0.00995025	0	0.373626	2
447	422	175	423	174	114	115	0.00995025	0	0.384615	1
448	477	144	476	144	114	115	0.00497512	0	0.316484	2
449	787	58	787	57	114	115	0.00497512	0	0.127473	1
450	507	113	506	113	114	115	0.00497512	0	0.248352	2
451	509	138	509	137	114	115	0.00497512	0	0.303297	1
452	631	104	631	103	114	115	0.00497512	0	0.228571	1
453	447	128	445	128	114	115	0.00995025	0	0.281319	2