
0	425	245	429	243	52	57	0.0776699	0	0.775316	1
1	63	67	63	67	52	53	0	0	0.212025	1
2	448	238	447	237	52	53	0.0194175	0	0.753165	2
3	623	235	624	235	52	53	0.00970874	0	0.743671	1
4	408	225	409	225	52	53	0.00970874	0	0.712025	1
5	329	58	296	60	52	90	0.359223	0	0.183544	2
6	304	61	272	64	52	90	0.398058	0	0.193038	2
7	489	253	488	251	53	54	0.0485437	0	0.800633	2
8	450	248	450	248	53	57	0	0	0.78481	1
9	399	224	400	225	53	54	0.0194175	0	0.708861	1
10	467	234	465	231	53	54	0.106796	0	0.740506	2
11	614	276	612	275	53	54	0.0291262	0	0.873418	2
12	43	75	43	75	53	58	0	0	0.237342	1
13	531	272	530	271	53	56	0.0194175	0	0.860759	2
14	522	251	520	250	54	56	0.0291262	0	0.794304	2
15	447	236	446	235	54	55	0.0194175	0	0.746835	2
16	462	252	462	251	54	55	0.00970874	0	0.797468	1
17	499	250	498	249	54	55	0.0194175	0	0.791139	2
18	370	221	370	220	54	55	0.00970874	0	0.699367	1
19	618	286	623	287	54	57	0.0582524	0	0.905063	1
20	388	221	395	225	54	59	0.223301	0	0.699367	1
21	627	237	631	237	54	56	0.038835	0	0.75	1
22	520	264	517	264	54	56	0.0291262	0	0.835443	2
23	63	68	62	67	54	58	0.0194175	0	0.21519	2
24	414	258	418	258	54	57	0.038835	0	0.816456	1
25	488	237	479	236	54	57	0.0970874	0	0.75	2
26	435	226	435	223	55	56	0.0873786	0	0.71519	1
27	488	250	486	248	55	56	0.0582524	0	0.791139	2
28	614	273	615	272	55	56	0.0194175	0	0.863924	1
29	434	277	435	278	55	57	0.0194175	0	0.876582	1
30	219	58	216	58	55	59	0.0291262	0	0.183544	2
31	214	69	210	69	56	61	0.038835	0	0.218354	2
32	245	73	244	72	56	57	0.0194175	0	0.231013	2
33	546	298	544	299	56	58	0.0291262	0	0.943038	2
34	525	240	523	239	56	57	0.0291262	0	0.759494	2
35	440	249	444	251	56	62	0.0776699	0	0.787975	1
36	467	225	464	223	56	57	0.0679612	0	0.712025	2
37	540	283	538	282	56	57	0.0291262	0	0.89557	2
38	375	220	377	221	56	58	0.0291262	0	0.696203	1
39	446	235	445	234	56	57	0.0194175	0	0.743671	2
40	498	249	494	247	56	58	0.0776699	0	0.787975	2
41	408	221	408	221	56	57	0	0	0.699367	1
42	556	300	554	300	56	59	0.0194175	0	0.949367	2
43	169	264	172	263	56	60	0.038835	0	0.835443	1
44	456	230	452	228	56	57	0.0776699	0	0.727848	2
45	461	246	461	245	56	57	0.00970874	0	0.778481	1
46	493	261	493	260	56	57	0.00970874	0	0.825949	1
47	189	65	185	64	56	59	0.0485437	0	0.205696	2
48	148	55	145	55	56	58	0.0291262	0	0.174051	2
49	554	264	553	263	56	57	0.0194175	0	0.835443	2
50	640	250	644	248	56	58	0.0776699	0	0.791139	1
51	196	77	197	77	56	66	0.00970874	0	0.243671	1
52	519	271	517	268	57	58	0.106796	0	0.857595	2
53	427	201	425	200	57	59	0.0291262	0	0.636076	2
54	436	221	436	218	57	58	0.0873786	0	0.699367	1
55	486	247	483	246	57	58	0.038835	0	0.781646	2
56	519	251	516	249	57	58	0.0679612	0	0.794304	2
57	504	264	501	263	57	58	0.038835	0	0.835443	2
58	568	277	569	276	57	68	0.0194175	0	0.876582	1
59	633	235	639	234	57	60	0.0679612	0	0.743671	1
60	462	255	462	254	57	59	0.00970874	0	0.806962	1
61	406	183	410	182	57	61	0.0485437	0	0.579114	1
62	420	233	421	234	57	58	0.0194175	0	0.737342	1
63	627	248	664	251	57	72	0.446602	0	0.78481	1
64	451	248	451	248	58	60	0	0	0.78481	1
65	408	221	409	221	58	59	0.00970874	0	0.699367	1
66	455	225	451	224	58	59	0.0485437	0	0.712025	2
67	553	265	552	265	58	59	0.00970874	0	0.838608	2
68	526	253	523	251	58	59	0.0679612	0	0.800633	2
69	526	243	522	242	58	59	0.0485437	0	0.768987	2
70	430	244	431	244	58	59	0.00970874	0	0.772152	1
71	420	185	433	179	58	67	0.475728	0	0.585443	1
72	627	288	633	289	58	61	0.0679612	0	0.911392	1
73	420	258	433	262	58	64	0.281553	0	0.816456	1
74	62	77	61	76	58	59	0.0194175	0	0.243671	2
75	392	51	357	53	58	90	0.378641	0	0.161392	2
76	198	67	198	67	58	64	0	0	0.212025	1
77	50	243	55	246	58	61	0.135922	0	0.768987	1
78	624	267	652	268	58	70	0.281553	0	0.844937	1
79	522	80	507	83	58	90	0.23301	0	0.253165	2
80	544	300	543	300	59	60	0.00970874	0	0.949367	2
81	516	267	514	265	59	60	0.0582524	0	0.844937	2
82	485	257	483	256	59	60	0.0291262	0	0.813291	2
83	437	215	437	212	59	60	0.0873786	0	0.68038	1
84	491	243	488	242	59	60	0.038835	0	0.768987	2
85	441	238	440	239	59	60	0.0194175	0	0.753165	2
86	144	56	110	57	59	90	0.339806	0	0.177215	2
87	38	81	38	81	59	61	0	0	0.256329	1
88	512	244	504	245	59	62	0.0873786	0	0.772152	2
89	437	228	437	226	59	60	0.038835	0	0.721519	1
90	28	96	31	97	59	90	0.038835	0	0.303797	1
91	646	244	648	243	59	60	0.0291262	0	0.772152	1
92	427	212	426	211	59	60	0.0194175	0	0.670886	2
93	622	231	623	231	59	66	0.00970874	0	0.731013	1
94	455	61	435	63	59	90	0.23301	0	0.193038	2
95	59	76	57	76	60	62	0.0194175	0	0.240506	2
96	553	265	553	265	60	61	0	0	0.838608	1
97	422	198	420	197	60	61	0.0291262	0	0.626582	2
98	379	224	381	227	60	62	0.106796	0	0.708861	1
99	411	222	412	222	60	61	0.00970874	0	0.702532	1
100	185	64	179	64	60	67	0.0582524	0	0.202532	2
101	478	246	475	245	60	61	0.038835	0	0.778481	2
102	97	65	97	64	60	63	0.00970874	0	0.205696	1
103	241	74	231	76	60	73	0.135922	0	0.234177	2
104	524	264	521	262	60	61	0.0679612	0	0.835443	2
105	396	227	397	228	60	61	0.0194175	0	0.718354	1
106	67	51	68	51	60	67	0.00970874	0	0.161392	1
107	136	68	135	68	60	62	0.00970874	0	0.21519	2
108	592	219	570	210	60	88	1	0	0.693038	2
109	67	63	65	63	60	63	0.0194175	0	0.199367	2
110	38	93	41	94	60	90	0.038835	0	0.294304	1
111	543	301	543	299	61	64	0.038835	0	0.952532	1
112	443	241	442	242	61	62	0.0194175	0	0.762658	2
113	511	263	508	261	61	62	0.0679612	0	0.832278	2
114	452	251	452	251	61	62	0	0	0.794304	1
115	438	211	438	209	61	62	0.038835	0	0.667722	1
116	487	242	484	241	61	62	0.038835	0	0.765823	2
117	427	238	428	238	61	62	0.00970874	0	0.753165	1
118	174	263	177	261	61	66	0.0679612	0	0.832278	1
119	643	234	701	236	61	85	0.601942	0	0.740506	1
120	649	244	659	245	61	66	0.106796	0	0.772152	1
121	446	225	442	226	61	62	0.0485437	0	0.712025	2
122	532	257	529	257	61	62	0.0291262	0	0.813291	2
123	509	276	508	276	61	62	0.00970874	0	0.873418	2
124	180	73	179	73	61	65	0.00970874	0	0.231013	2
125	536	226	532	227	61	66	0.0485437	0	0.71519	2
126	516	239	513	238	61	62	0.038835	0	0.756329	2
127	555	267	539	269	62	70	0.194175	0	0.844937	2
128	474	243	471	242	62	63	0.038835	0	0.768987	2
129	630	290	632	289	62	63	0.0291262	0	0.917722	1
130	641	289	644	288	62	64	0.038835	0	0.914557	1
131	44	77	44	77	62	66	0	0	0.243671	1
132	399	231	400	232	62	63	0.0194175	0	0.731013	1
133	539	252	531	256	62	67	0.23301	0	0.797468	2
134	432	248	435	250	62	64	0.0679612	0	0.78481	1
135	427	213	425	212	62	63	0.0291262	0	0.674051	2
136	446	251	447	251	63	64	0.00970874	0	0.794304	1
137	56	77	55	77	63	64	0.00970874	0	0.243671	2
138	438	209	439	208	63	66	0.0194175	0	0.661392	1
139	420	199	418	198	63	64	0.0291262	0	0.629747	2
140	510	244	506	244	63	64	0.038835	0	0.772152	2
141	429	239	430	238	63	64	0.0194175	0	0.756329	1
142	489	268	486	269	63	64	0.038835	0	0.848101	2
143	483	242	480	241	63	64	0.038835	0	0.765823	2
144	472	253	468	251	63	64	0.0776699	0	0.800633	2
145	548	289	541	286	63	66	0.15534	0	0.914557	2
146	533	262	531	262	63	64	0.0194175	0	0.829114	2
147	456	252	456	252	63	64	0	0	0.797468	1
148	142	66	141	65	63	64	0.0194175	0	0.208861	2
149	380	231	380	231	63	64	0	0	0.731013	1
150	209	71	205	72	63	67	0.0485437	0	0.224684	2
151	137	82	139	82	63	73	0.0194175	0	0.259494	1
152	95	94	97	95	63	90	0.0291262	0	0.297468	1
153	539	52	524	53	63	90	0.15534	0	0.164557	2
154	507	258	498	255	64	66	0.174757	0	0.816456	2
155	91	81	89	80	64	66	0.0291262	0	0.256329	2
156	523	295	517	293	64	65	0.0970874	0	0.933544	2
157	508	269	504	267	64	65	0.0776699	0	0.851266	2
158	400	233	404	234	64	68	0.0485437	0	0.737342	1
159	60	252	62	252	64	65	0.0194175	0	0.797468	1
160	420	255	431	262	64	72	0.582524	0	0.806962	1
161	55	78	54	78	65	66	0.00970874	0	0.246835	2
162	545	298	535	297	65	67	0.106796	0	0.943038	2
163	436	228	433	228	65	66	0.0291262	0	0.721519	2
164	504	244	496	242	65	67	0.116505	0	0.772152	2
165	416	198	415	199	65	66	0.0194175	0	0.626582	2
166	478	239	472	239	65	68	0.0582524	0	0.756329	2
167	436	264	445	272	65	70	0.708738	0	0.835443	1
168	213	52	209	52	65	72	0.038835	0	0.164557	2
169	649	309	655	309	65	66	0.0582524	0	0.977848	1
170	37	64	33	65	65	69	0.0485437	0	0.202532	2
171	427	209	426	209	65	66	0.00970874	0	0.661392	2
172	494	237	490	237	65	66	0.038835	0	0.75	2
173	531	263	529	264	65	66	0.0291262	0	0.832278	2
174	476	250	468	247	65	68	0.165049	0	0.791139	2
175	524	234	514	232	65	69	0.135922	0	0.740506	2
176	617	212	616	211	65	73	0.0194175	0	0.670886	2
177	420	180	432	176	65	72	0.271845	0	0.56962	1
178	101	72	101	72	65	68	0	0	0.227848	1
179	512	293	510	294	66	67	0.0291262	0	0.927215	2
180	463	242	460	241	66	67	0.038835	0	0.765823	2
181	181	74	181	74	66	70	0	0	0.234177	1
182	444	224	444	224	66	67	0	0	0.708861	1
183	707	267	709	268	66	79	0.0291262	0	0.844937	1
184	67	75	69	75	66	80	0.0194175	0	0.237342	1
185	53	79	52	79	67	68	0.00970874	0	0.25	2
186	440	208	440	208	67	68	0	0	0.658228	1
187	432	231	430	230	67	68	0.0291262	0	0.731013	2
188	414	200	412	201	67	68	0.0291262	0	0.632911	2
189	181	263	178	266	67	90	0.116505	0	0.832278	2
190	89	81	88	81	67	69	0.00970874	0	0.256329	2
191	496	254	491	253	67	68	0.0582524	0	0.803797	2
192	485	242	481	240	67	68	0.0776699	0	0.765823	2
193	486	276	481	278	67	68	0.0873786	0	0.873418	2
194	662	245	692	244	67	79	0.300971	0	0.775316	1
195	436	256	438	258	67	69	0.0582524	0	0.810127	1
196	195	74	197	75	67	82	0.0291262	0	0.234177	1
197	99	60	82	60	67	86	0.165049	0	0.189873	2
198	40	83	41	83	67	75	0.00970874	0	0.262658	1
199	413	215	411	216	67	68	0.0291262	0	0.68038	2
200	530	266	529	267	67	68	0.0194175	0	0.841772	2
201	426	167	443	168	67	76	0.174757	0	0.528481	1
202	372	257	375	256	67	73	0.038835	0	0.813291	1
203	447	250	448	250	68	69	0.00970874	0	0.791139	1
204	46	68	46	68	68	69	0	0	0.21519	1
205	324	223	332	222	68	90	0.0873786	0	0.705696	1
206	432	245	430	247	68	70	0.0582524	0	0.775316	2
207	529	226	527	225	68	69	0.0291262	0	0.71519	2
208	655	294	666	296	68	70	0.145631	0	0.93038	1
209	436	182	470	181	68	84	0.339806	0	0.575949	1
210	179	64	174	64	68	73	0.0485437	0	0.202532	2
211	24	71	24	71	68	70	0	0	0.224684	1
212	533	279	533	279	68	70	0	0	0.882911	1
213	472	240	469	239	69	70	0.038835	0	0.759494	2
214	411	203	369	197	69	88	0.757282	0	0.642405	2
215	52	78	50	78	69	71	0.0194175	0	0.246835	2
216	439	208	440	208	69	70	0.00970874	0	0.658228	1
217	489	254	485	254	69	70	0.038835	0	0.803797	2
218	483	238	476	235	69	71	0.15534	0	0.753165	2
219	429	231	424	230	69	71	0.0582524	0	0.731013	2
220	566	276	560	274	69	70	0.0970874	0	0.873418	2
221	430	218	431	218	69	70	0.00970874	0	0.689873	1
222	444	237	442	236	69	70	0.0291262	0	0.75	2
223	462	233	461	233	69	71	0.00970874	0	0.737342	2
224	523	278	519	276	69	70	0.0776699	0	0.879747	2
225	411	214	399	217	69	74	0.203883	0	0.677215	2
226	143	69	143	69	69	72	0	0	0.218354	1
227	440	261	444	265	70	73	0.194175	0	0.825949	1
228	46	68	46	67	70	74	0.00970874	0	0.21519	1
229	420	241	417	240	70	71	0.038835	0	0.762658	2
230	76	266	79	268	70	71	0.0679612	0	0.841772	1
231	680	316	681	317	70	72	0.0194175	0	1	1
232	515	235	508	234	70	73	0.0776699	0	0.743671	2
233	543	251	534	247	70	73	0.242718	0	0.794304	2
234	525	228	519	227	70	72	0.0679612	0	0.721519	2
235	34	65	31	65	70	72	0.0291262	0	0.205696	2
236	102	74	102	73	70	90	0.00970874	0	0.234177	1
237	517	311	516	311	70	71	0.00970874	0	0.984177	2
238	441	210	441	209	71	72	0.00970874	0	0.664557	1
239	481	255	475	255	71	72	0.0582524	0	0.806962	2
240	452	268	455	273	71	74	0.271845	0	0.848101	1
241	669	300	669	299	71	72	0.00970874	0	0.949367	1
242	61	65	56	64	71	75	0.0582524	0	0.205696	2
243	438	235	432	233	71	75	0.0970874	0	0.743671	2
244	681	275	684	274	71	72	0.038835	0	0.870253	1
245	654	270	678	267	71	77	0.320388	0	0.85443	1
246	182	76	182	76	71	75	0	0	0.240506	1
247	611	229	608	228	71	74	0.038835	0	0.724684	2
248	715	217	716	218	71	90	0.0194175	0	0.686709	1
249	625	232	625	232	71	79	0	0	0.734177	1
250	142	130	141	130	71	90	0.00970874	0	0.411392	2
251	70	52	70	52	71	77	0	0	0.164557	1
252	509	300	500	298	72	74	0.126214	0	0.949367	2
253	466	235	462	231	72	73	0.194175	0	0.743671	2
254	478	235	470	227	72	74	0.699029	0	0.743671	2
255	424	229	421	223	72	77	0.378641	0	0.724684	2
256	420	239	417	237	72	74	0.0679612	0	0.756329	2
257	492	260	490	259	72	73	0.0291262	0	0.822785	2
258	52	77	50	76	72	74	0.0291262	0	0.243671	2
259	429	219	429	219	72	73	0	0	0.693038	1
260	201	62	197	62	72	77	0.038835	0	0.196203	2
261	682	315	682	315	73	75	0	0	0.996835	1
262	440	209	440	208	73	74	0.00970874	0	0.661392	1
263	692	276	695	274	73	74	0.0679612	0	0.873418	1
264	434	263	438	264	73	76	0.0485437	0	0.832278	1
265	475	293	466	296	73	75	0.174757	0	0.927215	2
266	525	266	523	266	73	74	0.0194175	0	0.841772	2
267	450	214	449	213	73	74	0.0194175	0	0.677215	2
268	476	258	470	258	73	74	0.0582524	0	0.816456	2
269	143	69	142	69	73	88	0.00970874	0	0.218354	2
270	435	178	461	174	73	86	0.407767	0	0.563291	1
271	672	298	674	297	73	74	0.0291262	0	0.943038	1
272	408	241	407	240	73	74	0.0194175	0	0.762658	2
273	317	236	318	236	73	90	0.00970874	0	0.746835	1
274	445	267	446	268	74	75	0.0194175	0	0.844937	1
275	448	244	445	243	74	75	0.038835	0	0.772152	2
276	458	228	453	224	74	75	0.203883	0	0.721519	2
277	431	222	431	222	74	75	0	0	0.702532	1
278	617	214	616	213	74	76	0.0194175	0	0.677215	2
279	369	259	369	259	74	82	0	0	0.81962	1
280	174	66	172	66	74	76	0.0194175	0	0.208861	2
281	501	230	497	230	74	75	0.038835	0	0.727848	2
282	139	84	138	84	74	90	0.00970874	0	0.265823	2
283	530	278	528	277	74	75	0.0291262	0	0.879747	2
284	352	234	350	233	74	89	0.0291262	0	0.740506	2
285	440	207	439	206	75	76	0.0194175	0	0.655063	2
286	466	224	456	218	75	77	0.446602	0	0.708861	2
287	697	273	700	271	75	77	0.0679612	0	0.863924	1
288	609	231	604	230	75	79	0.0582524	0	0.731013	2
289	407	243	405	243	75	77	0.0194175	0	0.768987	2
290	46	68	44	68	75	77	0.0194175	0	0.21519	2
291	522	266	517	265	75	76	0.0582524	0	0.841772	2
292	513	248	494	250	75	80	0.223301	0	0.78481	2
293	230	76	224	76	75	82	0.0582524	0	0.240506	2
294	678	296	690	296	75	81	0.116505	0	0.936709	1
295	166	84	156	85	75	84	0.106796	0	0.265823	2
296	495	298	485	298	75	76	0.0970874	0	0.943038	2
297	411	222	410	220	75	76	0.0485437	0	0.702532	2
298	683	315	684	314	76	77	0.0194175	0	0.996835	1
299	465	299	462	299	76	77	0.0291262	0	0.946203	2
300	455	253	450	252	76	77	0.0582524	0	0.800633	2
301	56	65	53	65	76	78	0.0291262	0	0.205696	2
302	395	220	380	213	76	83	0.621359	0	0.696203	2
303	457	242	452	239	76	77	0.135922	0	0.765823	2
304	506	226	494	226	76	80	0.116505	0	0.71519	2
305	184	76	183	75	76	86	0.0194175	0	0.240506	2
306	44	84	43	84	76	78	0.00970874	0	0.265823	2
307	505	237	491	241	76	80	0.291262	0	0.75	2
308	413	295	412	294	76	77	0.0194175	0	0.933544	2
309	442	238	440	237	77	78	0.0291262	0	0.753165	2
310	488	290	487	290	77	90	0.00970874	0	0.917722	2
311	512	265	506	264	77	78	0.0679612	0	0.838608	2
312	27	73	24	72	77	82	0.038835	0	0.231013	2
313	170	67	165	67	77	81	0.0485437	0	0.212025	2
314	627	217	620	218	77	85	0.0776699	0	0.686709	2
315	451	228	441	224	77	79	0.252427	0	0.721519	2
316	116	114	115	113	77	90	0.0194175	0	0.360759	2
317	461	301	456	300	78	80	0.0582524	0	0.952532	2
318	347	221	342	220	78	85	0.0582524	0	0.699367	2
319	304	72	303	72	78	79	0.00970874	0	0.227848	2
320	699	272	703	276	78	81	0.194175	0	0.860759	1
321	200	60	196	60	78	81	0.038835	0	0.189873	2
322	450	245	449	244	78	79	0.0194175	0	0.775316	2
323	406	245	405	245	78	79	0.00970874	0	0.775316	2
324	687	311	690	311	78	79	0.0291262	0	0.984177	1
325	449	170	455	170	78	81	0.0582524	0	0.537975	1
326	476	276	477	275	79	83	0.0194175	0	0.873418	1
327	433	251	427	250	79	80	0.0679612	0	0.794304	2
328	59	67	56	67	79	81	0.0291262	0	0.212025	2
329	99	64	97	65	79	82	0.0291262	0	0.202532	2
330	396	70	388	69	80	86	0.0873786	0	0.221519	2
331	444	207	444	207	80	81	0	0	0.655063	1
332	41	78	39	78	80	81	0.0194175	0	0.246835	2
333	247	76	242	76	80	84	0.0485437	0	0.240506	2
334	438	241	434	241	80	81	0.038835	0	0.762658	2
335	466	232	467	231	80	83	0.0194175	0	0.734177	1
336	434	208	429	207	80	81	0.0582524	0	0.658228	2
337	429	263	406	256	80	84	0.699029	0	0.832278	2
338	463	244	464	242	80	83	0.0485437	0	0.772152	1
339	438	294	431	293	80	81	0.0776699	0	0.93038	2
340	692	312	693	311	80	85	0.0194175	0	0.987342	1
341	459	207	466	205	80	84	0.106796	0	0.655063	1
342	602	251	599	250	80	81	0.038835	0	0.794304	2
343	485	226	483	226	81	82	0.0194175	0	0.71519	2
344	454	298	446	296	81	82	0.116505	0	0.943038	2
345	454	264	454	263	81	82	0.00970874	0	0.835443	1
346	412	215	412	214	81	82	0.00970874	0	0.68038	1
347	69	68	67	67	81	89	0.0291262	0	0.21519	2
348	49	77	49	76	81	82	0.00970874	0	0.243671	1
349	421	249	415	248	81	82	0.0679612	0	0.787975	2
350	616	229	613	228	81	89	0.038835	0	0.724684	2
351	387	229	385	229	81	82	0.0194175	0	0.724684	2
352	38	79	36	79	82	83	0.0194175	0	0.25	2
353	442	209	441	209	82	83	0.00970874	0	0.661392	2
354	452	244	452	244	82	83	0	0	0.772152	1
355	432	214	428	213	82	83	0.0485437	0	0.677215	2
356	195	61	191	60	82	85	0.0485437	0	0.193038	2
357	703	256	708	255	82	84	0.0582524	0	0.810127	1
358	463	221	463	219	82	83	0.038835	0	0.699367	1
359	52	59	42	60	82	90	0.106796	0	0.186709	2
360	464	272	464	271	82	87	0.00970874	0	0.860759	1
361	66	79	65	78	82	90	0.0194175	0	0.25	2
362	596	250	592	250	82	83	0.038835	0	0.791139	2
363	481	227	479	224	83	85	0.106796	0	0.718354	2
364	454	267	455	266	83	90	0.0194175	0	0.844937	1
365	48	77	47	76	83	88	0.0194175	0	0.243671	2
366	25	71	24	70	83	87	0.0194175	0	0.224684	2
367	701	295	715	290	83	89	0.378641	0	0.933544	1
368	456	230	456	229	83	84	0.00970874	0	0.727848	1
369	701	271	704	270	83	84	0.038835	0	0.857595	1
370	461	256	461	256	83	85	0	0	0.810127	1
371	201	79	200	78	83	90	0.0194175	0	0.25	2
372	102	64	101	63	83	90	0.0194175	0	0.202532	2
373	627	232	623	230	83	89	0.0776699	0	0.734177	2
374	385	229	382	229	83	84	0.0291262	0	0.724684	2
375	437	297	426	297	83	84	0.106796	0	0.939873	2
376	430	261	424	261	83	84	0.0582524	0	0.825949	2
377	36	80	34	80	84	85	0.0194175	0	0.253165	2
378	468	232	468	231	84	85	0.00970874	0	0.734177	1
379	441	209	440	208	84	85	0.0194175	0	0.661392	2
380	477	274	477	273	84	87	0.00970874	0	0.867089	1
381	365	229	365	226	84	86	0.0873786	0	0.724684	1
382	378	211	367	207	84	88	0.262136	0	0.667722	2
383	392	243	389	243	84	85	0.0291262	0	0.768987	2
384	465	242	467	240	84	87	0.0582524	0	0.765823	1
385	414	219	409	219	84	85	0.0485437	0	0.693038	2
386	425	213	421	212	84	85	0.0485437	0	0.674051	2
387	202	67	201	66	84	87	0.0194175	0	0.212025	2
388	242	77	237	77	85	90	0.0485437	0	0.243671	2
389	401	255	395	253	85	86	0.0970874	0	0.806962	2
390	381	230	377	230	85	86	0.038835	0	0.727848	2
391	709	252	711	251	85	86	0.0291262	0	0.797468	1
392	457	230	457	229	85	86	0.00970874	0	0.727848	1
393	444	261	444	261	85	86	0	0	0.825949	1
394	462	166	463	164	85	86	0.0485437	0	0.525316	1
395	441	225	440	224	85	88	0.0194175	0	0.712025	2
396	446	245	445	244	85	86	0.0194175	0	0.775316	2
397	193	50	189	50	85	88	0.038835	0	0.158228	2
398	431	218	427	216	85	86	0.0776699	0	0.689873	2
399	446	215	445	213	86	88	0.0485437	0	0.68038	2
400	479	222	478	218	86	87	0.165049	0	0.702532	2
401	469	230	469	229	86	87	0.00970874	0	0.727848	1
402	714	264	716	263	86	87	0.0291262	0	0.835443	1
403	704	236	708	234	86	88	0.0776699	0	0.746835	1
404	461	256	460	256	86	87	0.00970874	0	0.810127	2
405	31	81	28	81	86	88	0.0291262	0	0.256329	2
406	618	218	616	219	86	90	0.0291262	0	0.689873	2
407	430	297	430	297	86	90	0	0	0.939873	1
408	412	294	408	296	86	87	0.0776699	0	0.93038	2
409	471	174	476	172	86	89	0.0873786	0	0.550633	1
410	190	60	185	60	86	90	0.0485437	0	0.189873	2
411	713	277	715	276	86	87	0.0291262	0	0.876582	1
412	445	262	445	262	87	90	0	0	0.829114	1
413	396	264	392	262	87	88	0.0776699	0	0.835443	2
414	388	70	384	70	87	90	0.038835	0	0.221519	2
415	459	229	459	228	87	88	0.00970874	0	0.724684	1
416	714	252	716	251	87	88	0.0291262	0	0.797468	1
417	433	260	433	259	87	88	0.00970874	0	0.822785	1
418	389	252	370	250	87	90	0.223301	0	0.797468	2
419	465	162	471	161	87	90	0.0679612	0	0.512658	1
420	415	224	407	230	87	89	0.427184	0	0.708861	2
421	448	244	448	242	87	89	0.038835	0	0.772152	1
422	406	296	396	291	88	90	0.339806	0	0.936709	2
423	471	231	471	230	88	89	0.00970874	0	0.731013	1
424	478	274	478	273	88	89	0.00970874	0	0.867089	1
425	421	239	416	237	88	89	0.0873786	0	0.756329	2
426	466	271	465	270	88	89	0.0194175	0	0.857595	2
427	460	254	459	254	88	89	0.00970874	0	0.803797	2
428	376	231	372	231	88	89	0.038835	0	0.731013	2
429	719	264	723	262	88	90	0.0776699	0	0.835443	1
430	201	67	200	67	88	90	0.00970874	0	0.212025	2
431	362	243	360	242	88	90	0.0291262	0	0.768987	2
432	222	58	219	58	88	90	0.0291262	0	0.183544	2
433	84	69	82	68	88	90	0.0291262	0	0.218354	2
434	366	232	363	232	88	89	0.0291262	0	0.734177	2
435	371	221	369	221	88	89	0.0194175	0	0.699367	2
436	468	241	469	239	88	90	0.0485437	0	0.762658	1
437	429	236	427	236	89	90	0.0194175	0	0.746835	2
438	441	207	440	206	89	90	0.0194175	0	0.655063	2
439	365	205	362	202	89	90	0.116505	0	0.648734	2
440	711	233	713	231	89	90	0.0582524	0	0.737342	1
441	481	217	479	213	89	90	0.174757	0	0.686709	2
442	428	252	428	251	89	90	0.00970874	0	0.797468	1
443	719	251	720	249	89	90	0.0485437	0	0.794304	1
444	368	195	366	193	89	90	0.0582524	0	0.617089	2
445	29	82	28	81	89	90	0.0194175	0	0.259494	2
446	373	287	366	288	89	90	0.0776699	0	0.908228	2
447	43	83	42	83	89	90	0.00970874	0	0.262658	2
448	461	225	462	223	89	90	0.0485437	0	0.712025	1
449	443	217	442	216	89	90	0.0194175	0	0.686709	2
450	142	69	142	69	89	90	0	0	0.218354	1
451	417	289	416	288	89	90	0.0194175	0	0.914557	2