
0	799	149	790	148	57	64	0.0568182	0	0.348946	2
1	577	170	577	168	58	59	0.0227273	0	0.398126	1
2	588	171	587	168	58	59	0.0568182	0	0.400468	2
3	573	151	571	149	58	59	0.0340909	0	0.35363	2
4	358	57	350	58	58	74	0.0511364	0	0.133489	2
5	427	193	421	197	59	81	0.125	0	0.451991	2
6	728	145	727	146	59	61	0.0113636	0	0.339578	2
7	572	131	570	131	59	62	0.0113636	0	0.306792	2
8	151	62	149	60	60	62	0.0340909	0	0.145199	2
9	390	140	389	139	60	61	0.0113636	0	0.327869	2
10	593	167	592	164	60	61	0.0568182	0	0.391101	2
11	582	160	582	158	60	61	0.0227273	0	0.374707	1
12	715	103	685	115	60	95	0.988636	0	0.241218	2
13	424	340	416	345	60	83	0.1875	0	0.796253	2
14	162	72	158	71	60	68	0.0284091	0	0.168618	2
15	474	339	468	341	60	76	0.0568182	0	0.793911	2
16	580	361	578	364	60	61	0.0625	0	0.845433	2
17	716	343	686	355	60	95	0.988636	0	0.803279	2
18	603	200	601	198	61	65	0.0340909	0	0.468384	2
19	568	427	566	426	61	64	0.0170455	0	1	2
20	389	140	389	141	62	68	0.00568182	0	0.327869	1
21	584	156	584	154	62	63	0.0227273	0	0.36534	1
22	728	145	727	150	62	69	0.147727	0	0.339578	2
23	573	347	570	348	62	63	0.0227273	0	0.812646	2
24	562	346	556	349	62	64	0.0852273	0	0.810304	2
25	389	150	388	151	62	67	0.0113636	0	0.351288	2
26	586	145	585	144	62	63	0.0113636	0	0.339578	2
27	592	50	563	62	62	95	0.982955	0	0.117096	2
28	186	177	197	184	62	89	0.340909	0	0.41452	1
29	210	41	205	43	62	70	0.0511364	0	0.0960187	2
30	562	393	547	400	63	69	0.363636	0	0.920375	2
31	571	136	570	134	63	65	0.0284091	0	0.318501	2
32	584	391	579	392	63	65	0.0340909	0	0.915691	2
33	586	153	585	152	64	65	0.0113636	0	0.358314	2
34	166	384	163	383	64	65	0.0227273	0	0.899297	2
35	598	162	598	163	64	66	0.00568182	0	0.379391	1
36	551	88	546	87	64	65	0.0340909	0	0.206089	2
37	346	195	345	194	64	65	0.0113636	0	0.456674	2
38	555	150	553	151	65	72	0.0170455	0	0.351288	2
39	341	228	339	228	65	68	0.0113636	0	0.533958	2
40	569	424	569	425	65	67	0.00568182	0	0.992974	1
41	143	58	141	56	65	68	0.0340909	0	0.135831	2
42	588	165	587	165	65	66	0.00568182	0	0.386417	2
43	557	179	554	179	65	68	0.0170455	0	0.419204	2
44	540	102	539	102	65	66	0.00568182	0	0.238876	2
45	158	42	155	42	65	69	0.0170455	0	0.0983607	2
46	355	187	354	186	65	66	0.0113636	0	0.437939	2
47	505	192	510	188	65	68	0.119318	0	0.449649	1
48	600	198	599	199	66	67	0.0113636	0	0.4637	2
49	452	47	449	47	66	71	0.0170455	0	0.11007	2
50	585	153	584	153	66	68	0.00568182	0	0.358314	2
51	570	135	569	135	66	68	0.00568182	0	0.316159	2
52	556	348	544	346	66	68	0.0909091	0	0.814988	2
53	391	175	390	174	66	67	0.0113636	0	0.409836	2
54	161	384	158	382	66	67	0.0397727	0	0.899297	2
55	783	180	770	174	66	69	0.278409	0	0.421546	2
56	588	163	587	164	67	69	0.0113636	0	0.381733	2
57	792	181	790	181	67	68	0.0113636	0	0.423888	2
58	483	147	504	148	67	76	0.125	0	0.344262	1
59	562	382	558	382	67	68	0.0227273	0	0.894614	2
60	545	95	536	93	67	69	0.0738636	0	0.222482	2
61	625	120	608	120	68	73	0.0965909	0	0.28103	2
62	180	339	178	339	68	70	0.0113636	0	0.793911	2
63	349	193	353	193	68	70	0.0227273	0	0.451991	1
64	381	200	380	200	68	70	0.00568182	0	0.468384	2
65	365	105	360	104	68	72	0.0340909	0	0.245902	2
66	600	202	598	206	68	73	0.102273	0	0.473068	2
67	568	426	566	425	68	74	0.0170455	0	0.997658	2
68	600	167	599	170	68	74	0.0568182	0	0.391101	2
69	333	44	333	46	69	80	0.0227273	0	0.103044	1
70	621	165	614	178	69	92	1	0	0.386417	2
71	389	143	389	143	69	71	0	0	0.334895	1
72	339	230	339	230	69	75	0	0	0.538642	1
73	584	154	582	155	69	72	0.0170455	0	0.360656	2
74	570	139	569	139	69	70	0.00568182	0	0.325527	2
75	142	53	141	51	69	72	0.0284091	0	0.124122	2
76	160	355	152	353	69	72	0.0681818	0	0.831382	2
77	534	347	516	348	69	72	0.107955	0	0.812646	2
78	372	142	375	142	69	72	0.0170455	0	0.332553	1
79	581	176	580	176	69	70	0.00568182	0	0.412178	2
80	513	164	517	164	69	71	0.0227273	0	0.384075	1
81	154	70	153	68	69	73	0.0284091	0	0.163934	2
82	790	182	774	177	69	74	0.232955	0	0.42623	2
83	533	195	532	195	69	74	0.00568182	0	0.456674	2
84	142	75	140	73	69	72	0.0340909	0	0.175644	2
85	154	42	153	42	70	76	0.00568182	0	0.0983607	2
86	588	164	588	164	70	71	0	0	0.384075	1
87	531	92	521	90	70	72	0.0795455	0	0.215457	2
88	223	109	226	108	70	74	0.0227273	0	0.255269	1
89	362	86	360	85	70	72	0.0170455	0	0.201405	2
90	578	164	575	164	70	74	0.0170455	0	0.384075	2
91	570	140	570	140	71	72	0	0	0.327869	1
92	457	195	433	206	71	95	0.823864	0	0.456674	2
93	735	152	736	151	71	72	0.0113636	0	0.355972	1
94	256	49	254	51	71	81	0.0340909	0	0.114754	2
95	360	185	363	184	71	72	0.0227273	0	0.433255	1
96	589	166	589	166	72	73	0	0	0.388759	1
97	449	48	447	50	72	81	0.0340909	0	0.112412	2
98	524	161	541	161	72	78	0.0965909	0	0.377049	1
99	552	109	550	113	72	83	0.102273	0	0.255269	2
100	379	202	379	202	72	74	0	0	0.473068	1
101	536	151	541	149	72	74	0.0511364	0	0.35363	1
102	205	43	195	50	72	89	0.335227	0	0.100703	2
103	553	152	552	152	73	74	0.00568182	0	0.355972	2
104	187	206	187	205	73	74	0.00568182	0	0.482436	1
105	358	106	356	105	73	74	0.0170455	0	0.248244	2
106	191	196	193	196	73	77	0.0113636	0	0.459016	1
107	571	140	571	140	73	74	0	0	0.327869	1
108	149	352	98	351	73	86	0.295455	0	0.824356	2
109	580	154	576	153	73	76	0.0284091	0	0.360656	2
110	145	51	145	50	73	77	0.00568182	0	0.119438	1
111	173	406	150	405	73	78	0.136364	0	0.95082	2
112	518	90	513	90	73	74	0.0284091	0	0.210773	2
113	397	46	395	48	73	82	0.0340909	0	0.107728	2
114	140	70	141	70	73	76	0.00568182	0	0.163934	1
115	246	68	246	68	73	74	0	0	0.159251	1
116	531	397	521	395	73	74	0.0795455	0	0.929742	2
117	235	111	235	110	73	74	0.00568182	0	0.259953	1
118	466	42	463	45	73	83	0.0681818	0	0.0983607	2
119	581	188	579	189	73	75	0.0170455	0	0.440281	2
120	600	207	599	207	74	78	0.00568182	0	0.484778	2
121	589	167	587	168	74	76	0.0170455	0	0.391101	2
122	537	103	511	114	74	95	0.835227	0	0.241218	2
123	406	140	406	139	74	75	0.00568182	0	0.327869	1
124	132	371	123	371	74	76	0.0511364	0	0.868852	2
125	565	410	565	410	74	75	0	0	0.960187	1
126	146	405	145	405	74	76	0.00568182	0	0.948478	2
127	571	130	570	130	74	77	0.00568182	0	0.30445	2
128	189	206	189	206	75	77	0	0	0.482436	1
129	599	172	595	175	75	80	0.0738636	0	0.40281	2
130	356	106	352	106	75	77	0.0227273	0	0.248244	2
131	554	153	553	153	75	76	0.00568182	0	0.358314	2
132	571	141	571	140	75	77	0.00568182	0	0.330211	1
133	246	68	245	69	75	79	0.0113636	0	0.159251	2
134	379	148	378	148	75	76	0.00568182	0	0.346604	2
135	193	221	193	222	75	78	0.00568182	0	0.517564	1
136	677	58	654	68	75	95	0.698864	0	0.135831	2
137	237	108	245	109	75	81	0.0511364	0	0.252927	1
138	350	59	325	70	75	95	0.829545	0	0.138173	2
139	497	348	469	347	75	79	0.164773	0	0.814988	2
140	508	91	503	91	75	76	0.0284091	0	0.213115	2
141	346	195	329	205	75	92	0.664773	0	0.456674	2
142	589	177	588	177	75	76	0.00568182	0	0.41452	2
143	577	52	551	63	75	95	0.835227	0	0.12178	2
144	563	427	563	426	75	76	0.00568182	0	1	1
145	322	83	311	90	75	89	0.340909	0	0.194379	2
146	152	67	151	68	75	81	0.0113636	0	0.156909	2
147	336	103	331	104	76	79	0.0340909	0	0.241218	2
148	390	144	390	144	77	78	0	0	0.337237	1
149	574	156	572	155	77	78	0.0170455	0	0.36534	2
150	587	169	586	169	77	78	0.00568182	0	0.395785	2
151	378	149	378	149	77	79	0	0	0.348946	1
152	408	141	409	140	77	78	0.0113636	0	0.330211	1
153	568	189	566	189	77	78	0.0113636	0	0.442623	2
154	515	344	490	354	77	95	0.710227	0	0.805621	2
155	153	40	151	44	77	85	0.102273	0	0.0936768	2
156	592	122	573	124	77	81	0.130682	0	0.285714	2
157	121	373	114	371	77	79	0.0625	0	0.873536	2
158	140	70	140	70	77	79	0	0	0.163934	1
159	458	24	433	34	77	95	0.710227	0	0.0562061	2
160	194	198	196	198	78	80	0.0113636	0	0.4637	1
161	351	108	347	108	78	80	0.0227273	0	0.252927	2
162	572	140	573	139	78	79	0.0113636	0	0.327869	1
163	142	50	141	50	78	83	0.00568182	0	0.117096	2
164	752	148	753	147	78	79	0.0113636	0	0.346604	1
165	179	220	179	221	78	81	0.00568182	0	0.515222	1
166	746	184	748	185	78	79	0.0170455	0	0.430913	1
167	568	116	567	116	78	79	0.00568182	0	0.271663	2
168	599	207	593	215	79	86	0.397727	0	0.484778	2
169	585	171	583	171	79	80	0.0113636	0	0.400468	2
170	572	156	570	156	79	80	0.0113636	0	0.36534	2
171	567	183	566	183	79	80	0.00568182	0	0.428571	2
172	183	209	183	209	79	80	0	0	0.489461	1
173	192	223	190	225	79	83	0.0340909	0	0.522248	2
174	227	110	233	111	79	83	0.0397727	0	0.257611	1
175	390	205	390	204	79	81	0.00568182	0	0.480094	1
176	334	73	310	83	79	95	0.704545	0	0.17096	2
177	503	24	478	33	79	95	0.602273	0	0.0562061	2
178	545	162	550	161	79	81	0.0340909	0	0.379391	1
179	541	51	515	60	80	95	0.607955	0	0.119438	2
180	137	70	136	71	80	83	0.0113636	0	0.163934	2
181	145	407	139	400	80	83	0.3125	0	0.953162	2
182	743	144	735	143	80	82	0.0511364	0	0.337237	2
183	348	148	343	150	80	85	0.0511364	0	0.346604	2
184	111	368	93	367	80	84	0.107955	0	0.861827	2
185	483	92	472	92	80	82	0.0625	0	0.215457	2
186	273	196	265	201	80	88	0.1875	0	0.459016	2
187	358	148	334	158	80	95	0.704545	0	0.346604	2
188	495	197	471	206	80	95	0.596591	0	0.461358	2
189	580	72	555	81	80	95	0.602273	0	0.168618	2
190	454	344	428	343	80	83	0.153409	0	0.805621	2
191	333	45	329	49	81	87	0.113636	0	0.105386	2
192	566	183	565	184	81	82	0.0113636	0	0.428571	2
193	570	156	570	157	81	82	0.00568182	0	0.36534	1
194	582	172	580	173	81	82	0.0170455	0	0.40281	2
195	427	151	430	152	81	83	0.0227273	0	0.35363	1
196	383	144	386	145	81	82	0.0227273	0	0.337237	1
197	412	114	413	114	81	82	0.00568182	0	0.266979	1
198	185	210	187	211	81	82	0.0170455	0	0.491803	1
199	203	182	204	182	81	82	0.00568182	0	0.42623	1
200	577	140	579	140	81	82	0.0113636	0	0.327869	1
201	396	163	396	163	81	82	0	0	0.381733	1
202	439	46	415	54	82	95	0.5	0	0.107728	2
203	566	134	565	133	82	83	0.0113636	0	0.313817	2
204	451	45	426	54	82	95	0.602273	0	0.105386	2
205	180	222	182	222	82	83	0.0113636	0	0.519906	1
206	778	189	779	193	82	95	0.0965909	0	0.442623	1
207	246	106	248	109	82	87	0.0625	0	0.248244	1
208	489	135	482	133	82	85	0.0625	0	0.316159	2
209	568	206	567	206	82	83	0.00568182	0	0.482436	2
210	406	124	407	124	82	83	0.00568182	0	0.290398	1
211	448	347	410	345	82	86	0.238636	0	0.812646	2
212	572	158	572	158	83	84	0	0	0.370023	1
213	201	200	204	200	83	89	0.0170455	0	0.468384	1
214	389	148	388	148	83	84	0.00568182	0	0.346604	2
215	291	173	293	176	83	87	0.0625	0	0.405152	1
216	547	164	545	164	83	86	0.0113636	0	0.384075	2
217	395	49	369	57	83	95	0.511364	0	0.114754	2
218	323	105	318	105	83	84	0.0284091	0	0.245902	2
219	641	199	640	200	83	85	0.0113636	0	0.466042	2
220	192	227	191	227	84	85	0.00568182	0	0.531616	2
221	431	155	432	155	84	85	0.00568182	0	0.362998	1
222	234	112	235	113	84	86	0.0113636	0	0.262295	1
223	135	71	131	73	84	87	0.0454545	0	0.166276	2
224	186	207	186	203	84	87	0.0909091	0	0.484778	1
225	329	112	325	112	84	85	0.0227273	0	0.262295	2
226	212	166	212	165	84	85	0.00568182	0	0.388759	1
227	330	90	328	90	84	86	0.0113636	0	0.210773	2
228	228	155	228	154	84	85	0.00568182	0	0.362998	1
229	773	178	776	177	84	88	0.0227273	0	0.416862	1
230	587	143	593	154	84	94	0.721591	0	0.334895	1
231	460	45	437	52	84	95	0.409091	0	0.105386	2
232	762	184	771	188	84	92	0.142045	0	0.430913	1
233	138	55	134	57	84	87	0.0454545	0	0.128806	2
234	419	199	413	202	84	88	0.0852273	0	0.466042	2
235	427	358	379	361	84	89	0.323864	0	0.838407	2
236	585	197	584	198	84	85	0.0113636	0	0.461358	2
237	387	149	365	156	85	95	0.403409	0	0.348946	2
238	549	115	548	115	85	86	0.00568182	0	0.269321	2
239	208	181	210	180	85	88	0.0170455	0	0.423888	1
240	151	48	147	50	86	89	0.0454545	0	0.112412	2
241	542	154	539	154	86	87	0.0170455	0	0.360656	2
242	343	151	322	157	86	95	0.323864	0	0.35363	2
243	239	142	238	140	86	88	0.0284091	0	0.332553	2
244	587	180	587	181	86	87	0.00568182	0	0.421546	1
245	417	116	418	117	86	87	0.0113636	0	0.271663	1
246	182	226	182	228	86	88	0.0227273	0	0.529274	1
247	555	161	552	161	86	88	0.0170455	0	0.377049	2
248	214	165	214	165	86	87	0	0	0.386417	1
249	464	347	443	353	86	95	0.323864	0	0.812646	2
250	593	219	588	223	87	92	0.119318	0	0.512881	2
251	416	147	418	147	87	88	0.0113636	0	0.344262	1
252	546	116	542	117	87	89	0.0284091	0	0.271663	2
253	578	195	579	195	87	89	0.00568182	0	0.456674	1
254	236	119	235	120	87	89	0.0113636	0	0.278689	2
255	306	108	290	111	87	90	0.142045	0	0.252927	2
256	265	57	247	61	88	95	0.193182	0	0.133489	2
257	328	51	312	55	88	95	0.181818	0	0.119438	2
258	186	203	185	201	88	89	0.0284091	0	0.47541	2
259	589	179	589	180	88	89	0.00568182	0	0.419204	1
260	396	153	394	152	88	89	0.0170455	0	0.358314	2
261	130	74	112	79	88	95	0.244318	0	0.173302	2
262	569	171	567	170	88	89	0.0170455	0	0.400468	2
263	315	115	309	114	88	89	0.0397727	0	0.269321	2
264	538	154	535	154	88	89	0.0170455	0	0.360656	2
265	134	58	116	62	88	95	0.193182	0	0.135831	2
266	542	167	534	171	88	94	0.136364	0	0.391101	2
267	556	183	553	183	88	89	0.0170455	0	0.428571	2
268	318	48	301	53	88	95	0.238636	0	0.112412	2
269	413	128	413	128	88	89	0	0	0.299766	1
270	227	151	223	151	89	91	0.0227273	0	0.35363	2
271	184	230	179	235	89	95	0.170455	0	0.538642	2
272	251	120	247	121	89	91	0.0284091	0	0.28103	2
273	209	184	206	189	89	92	0.159091	0	0.430913	2
274	369	153	353	157	89	95	0.181818	0	0.358314	2
275	410	349	394	353	89	95	0.181818	0	0.81733	2
276	564	225	555	229	89	93	0.142045	0	0.526932	2
277	781	148	776	156	89	95	0.392045	0	0.346604	2
278	389	76	372	80	89	95	0.1875	0	0.177986	2
279	770	136	764	143	89	95	0.3125	0	0.318501	2
280	584	181	584	181	90	92	0	0	0.423888	1
281	303	116	291	117	90	92	0.0738636	0	0.271663	2
282	203	203	199	207	90	92	0.113636	0	0.47541	2
283	582	197	583	197	90	91	0.00568182	0	0.461358	1
284	566	171	557	175	90	93	0.142045	0	0.400468	2
285	147	53	136	56	90	95	0.113636	0	0.124122	2
286	542	118	530	119	90	94	0.0738636	0	0.276347	2
287	239	117	236	120	90	92	0.0681818	0	0.274005	2
288	306	91	292	95	90	95	0.170455	0	0.213115	2
289	193	52	178	55	90	95	0.136364	0	0.12178	2
290	607	192	602	193	90	94	0.0340909	0	0.449649	2
291	213	167	209	169	90	91	0.0454545	0	0.391101	2
292	294	180	292	182	90	92	0.0340909	0	0.421546	2
293	710	114	696	116	90	95	0.102273	0	0.266979	2
294	548	163	544	164	90	93	0.0284091	0	0.381733	2
295	297	67	283	70	90	95	0.130682	0	0.156909	2
296	317	24	302	26	90	95	0.107955	0	0.0562061	2
297	568	137	560	138	90	95	0.0511364	0	0.320843	2
298	82	331	76	336	91	92	0.176136	0	0.775176	2
299	197	233	200	234	91	92	0.0227273	0	0.545667	1
300	556	156	553	157	91	92	0.0227273	0	0.36534	2
301	224	154	218	154	92	94	0.0340909	0	0.360656	2
302	42	382	30	388	92	95	0.272727	0	0.894614	2
303	587	191	587	190	92	94	0.00568182	0	0.447307	1
304	567	150	565	151	92	93	0.0170455	0	0.351288	2
305	410	224	406	226	92	95	0.0454545	0	0.52459	2
306	278	113	258	115	92	95	0.136364	0	0.264637	2
307	586	222	586	221	93	95	0.00568182	0	0.519906	1
308	197	209	195	210	93	95	0.0170455	0	0.489461	2
309	612	180	611	183	93	95	0.0568182	0	0.421546	2
310	291	184	290	183	93	95	0.0113636	0	0.430913	2
311	239	123	237	123	93	94	0.0113636	0	0.288056	2
312	410	159	407	159	93	94	0.0170455	0	0.372365	2
313	204	192	203	193	93	95	0.0113636	0	0.449649	2
314	203	237	188	236	93	94	0.0909091	0	0.555035	2
315	196	224	195	226	93	95	0.0284091	0	0.52459	2
316	226	81	221	82	93	95	0.0340909	0	0.189696	2
317	522	161	517	162	93	95	0.0340909	0	0.377049	2
318	44	372	40	374	94	95	0.0454545	0	0.871194	2
319	548	160	545	161	94	95	0.0227273	0	0.374707	2
320	556	177	554	179	94	95	0.0340909	0	0.41452	2
321	535	161	534	161	94	95	0.00568182	0	0.377049	2