
0	278	274	277	274	132	138	0.00628931	0	0.603524	2
1	221	57	219	56	133	136	0.0188679	0	0.125551	2
2	228	210	228	208	133	134	0.0251572	0	0.462555	1
3	178	288	180	285	133	134	0.0691824	0	0.634361	1
4	228	195	231	193	133	135	0.0440252	0	0.429515	1
5	171	303	170	300	134	136	0.0628931	0	0.667401	2
6	216	30	212	28	134	147	0.0503145	0	0.0660793	2
7	147	85	145	88	134	170	0.0691824	0	0.187225	2
8	569	145	567	147	134	170	0.0377358	0	0.319383	2
9	204	225	208	221	135	137	0.125786	0	0.495595	1
10	268	242	267	241	135	137	0.0125786	0	0.53304	2
11	234	217	233	214	135	136	0.0628931	0	0.477974	2
12	125	62	123	65	135	170	0.0691824	0	0.136564	2
13	231	61	227	59	135	153	0.0503145	0	0.134361	2
14	471	44	471	43	135	137	0.00628931	0	0.0969163	1
15	313	55	312	58	135	170	0.0628931	0	0.121145	2
16	307	104	306	106	135	170	0.0314465	0	0.229075	2
17	101	92	99	95	135	170	0.0691824	0	0.202643	2
18	355	193	353	194	135	168	0.0188679	0	0.42511	2
19	481	48	482	46	135	139	0.0314465	0	0.105727	1
20	225	104	220	103	135	142	0.0377358	0	0.229075	2
21	259	47	257	50	136	170	0.0691824	0	0.103524	2
22	242	61	239	61	136	161	0.0188679	0	0.134361	2
23	197	267	198	265	136	137	0.0314465	0	0.588106	1
24	322	145	321	148	136	170	0.0628931	0	0.319383	2
25	208	55	205	55	137	142	0.0188679	0	0.121145	2
26	279	251	279	250	137	138	0.00628931	0	0.552863	1
27	218	59	214	59	137	143	0.0251572	0	0.129956	2
28	305	221	304	221	137	140	0.00628931	0	0.486784	2
29	436	45	437	46	137	162	0.0125786	0	0.0991189	1
30	181	252	185	249	137	138	0.081761	0	0.555066	1
31	163	256	166	253	137	138	0.0754717	0	0.563877	1
32	710	454	708	454	137	166	0.0125786	0	1	2
33	272	240	272	239	138	139	0.00628931	0	0.528634	1
34	273	230	273	229	138	139	0.00628931	0	0.506608	1
35	213	281	230	271	138	143	0.735849	0	0.618943	1
36	286	212	286	210	138	140	0.0251572	0	0.46696	1
37	195	254	200	250	138	140	0.132075	0	0.559471	1
38	209	106	207	105	138	144	0.0188679	0	0.23348	2
39	287	202	286	201	138	141	0.0125786	0	0.444934	2
40	423	237	422	236	138	140	0.0125786	0	0.522026	2
41	296	273	295	272	138	139	0.0125786	0	0.601322	2
42	206	239	210	235	138	140	0.125786	0	0.526432	1
43	643	333	642	336	138	170	0.0628931	0	0.73348	2
44	306	269	305	269	138	139	0.00628931	0	0.592511	2
45	220	291	228	284	138	140	0.358491	0	0.640969	1
46	552	334	551	337	138	170	0.0628931	0	0.735683	2
47	280	249	281	248	139	140	0.0125786	0	0.548458	1
48	204	280	211	277	139	141	0.100629	0	0.61674	1
49	796	255	782	251	139	146	0.188679	0	0.561674	2
50	310	253	309	253	139	142	0.00628931	0	0.557269	2
51	196	239	197	237	139	140	0.0314465	0	0.526432	1
52	279	274	278	273	139	141	0.0125786	0	0.603524	2
53	787	212	728	202	139	164	1	0	0.46696	2
54	265	108	263	107	139	149	0.0188679	0	0.237885	2
55	272	238	271	236	140	141	0.0314465	0	0.524229	2
56	270	228	270	227	140	141	0.00628931	0	0.502203	1
57	190	315	199	310	140	142	0.213836	0	0.693833	1
58	226	218	227	216	140	141	0.0314465	0	0.480176	1
59	287	263	288	260	140	142	0.0628931	0	0.579295	1
60	280	246	281	244	141	142	0.0314465	0	0.54185	1
61	212	235	214	234	141	142	0.0188679	0	0.517621	1
62	205	249	207	247	141	142	0.0377358	0	0.548458	1
63	371	46	369	49	141	170	0.0691824	0	0.101322	2
64	319	215	318	214	141	143	0.0125786	0	0.473568	2
65	339	220	337	219	141	143	0.0188679	0	0.484581	2
66	398	43	398	43	141	147	0	0	0.0947137	1
67	296	237	297	235	141	144	0.0314465	0	0.522026	1
68	271	235	270	232	142	144	0.0628931	0	0.517621	2
69	276	206	276	204	142	143	0.0251572	0	0.453744	1
70	407	224	407	223	142	143	0.00628931	0	0.493392	1
71	277	271	275	268	142	143	0.0691824	0	0.596916	2
72	289	286	289	286	142	143	0	0	0.629956	1
73	287	201	285	201	142	143	0.0125786	0	0.442731	2
74	268	54	268	53	142	145	0.00628931	0	0.118943	1
75	318	195	316	192	142	146	0.0691824	0	0.429515	2
76	474	45	473	43	142	152	0.0314465	0	0.0991189	2
77	229	49	228	48	142	145	0.0125786	0	0.10793	2
78	303	191	302	188	142	145	0.0628931	0	0.420705	2
79	283	245	285	243	143	145	0.0377358	0	0.539648	1
80	312	184	310	182	143	146	0.0377358	0	0.405286	2
81	292	264	291	262	143	144	0.0314465	0	0.581498	2
82	217	263	225	261	143	145	0.0754717	0	0.579295	1
83	152	436	152	439	143	170	0.0566038	0	0.960352	1
84	306	269	311	265	143	147	0.132075	0	0.592511	1
85	393	100	392	103	143	170	0.0628931	0	0.220264	2
86	608	145	607	148	143	170	0.0628931	0	0.319383	2
87	318	333	317	332	143	145	0.0125786	0	0.73348	2
88	273	248	272	247	143	144	0.0125786	0	0.546256	2
89	277	204	277	203	144	145	0.00628931	0	0.449339	1
90	236	269	243	268	144	146	0.0503145	0	0.592511	1
91	291	204	289	203	144	145	0.0188679	0	0.449339	2
92	211	58	208	56	144	148	0.0440252	0	0.127753	2
93	290	289	294	287	144	146	0.0503145	0	0.636564	1
94	225	274	228	273	144	145	0.0251572	0	0.603524	1
95	217	104	215	104	144	145	0.0125786	0	0.229075	2
96	186	280	211	274	144	149	0.383648	0	0.61674	1
97	319	213	317	211	144	153	0.0377358	0	0.469163	2
98	217	325	215	323	144	148	0.0377358	0	0.715859	2
99	270	222	269	220	144	145	0.0314465	0	0.488987	2
100	266	232	266	231	145	147	0.00628931	0	0.511013	1
101	408	223	408	221	145	146	0.0251572	0	0.491189	1
102	280	270	278	269	145	146	0.0188679	0	0.594714	2
103	68	57	68	60	145	170	0.0566038	0	0.125551	1
104	235	258	239	257	145	146	0.0314465	0	0.568282	1
105	301	51	303	54	145	169	0.0691824	0	0.112335	1
106	269	262	265	259	145	146	0.081761	0	0.577093	2
107	221	249	225	248	145	146	0.0314465	0	0.548458	1
108	269	221	268	220	146	147	0.0125786	0	0.486784	2
109	277	204	277	203	146	147	0.00628931	0	0.449339	1
110	286	242	287	241	146	147	0.0125786	0	0.53304	1
111	396	195	386	192	146	151	0.119497	0	0.429515	2
112	83	48	82	51	146	170	0.0628931	0	0.105727	2
113	315	226	313	226	146	149	0.0125786	0	0.497797	2
114	218	102	216	101	146	147	0.0188679	0	0.22467	2
115	233	274	243	273	146	148	0.0691824	0	0.603524	1
116	483	40	485	39	146	151	0.0188679	0	0.0881057	1
117	426	46	426	47	146	162	0.00628931	0	0.101322	1
118	202	104	200	103	146	149	0.0188679	0	0.229075	2
119	415	265	415	264	146	148	0.00628931	0	0.5837	1
120	399	210	391	207	146	149	0.106918	0	0.462555	2
121	247	268	251	266	147	148	0.0503145	0	0.590308	1
122	777	249	771	247	147	148	0.0628931	0	0.548458	2
123	289	257	289	256	147	148	0.00628931	0	0.566079	1
124	298	287	302	286	147	149	0.0314465	0	0.632159	1
125	303	187	302	185	147	149	0.0314465	0	0.411894	2
126	383	109	384	113	147	170	0.106918	0	0.240088	1
127	226	227	229	226	147	148	0.0251572	0	0.5	1
128	267	231	267	230	148	149	0.00628931	0	0.508811	1
129	281	206	281	205	148	149	0.00628931	0	0.453744	1
130	269	221	268	221	148	149	0.00628931	0	0.486784	2
131	276	272	275	271	148	149	0.0125786	0	0.599119	2
132	287	241	288	241	148	149	0.00628931	0	0.530837	1
133	271	200	269	200	148	149	0.0125786	0	0.440529	2
134	289	173	288	173	148	149	0.00628931	0	0.381057	2
135	401	40	401	39	148	149	0.00628931	0	0.0881057	1
136	211	29	210	33	148	170	0.106918	0	0.0638767	2
137	295	275	296	275	148	149	0.00628931	0	0.605727	1
138	409	244	405	243	148	149	0.0314465	0	0.537445	2
139	766	246	741	246	149	157	0.157233	0	0.54185	2
140	209	57	206	57	149	153	0.0188679	0	0.125551	2
141	776	250	775	249	149	150	0.0125786	0	0.550661	2
142	270	230	271	230	150	152	0.00628931	0	0.506608	1
143	291	274	292	274	150	151	0.00628931	0	0.603524	1
144	269	201	269	199	150	151	0.0251572	0	0.442731	1
145	302	249	305	251	150	152	0.0440252	0	0.548458	1
146	405	216	405	215	150	151	0.00628931	0	0.475771	1
147	314	227	315	228	150	153	0.0125786	0	0.5	1
148	228	245	245	241	150	154	0.207547	0	0.539648	1
149	292	243	294	243	150	151	0.0125786	0	0.535242	1
150	308	186	307	185	150	151	0.0125786	0	0.409692	2
151	267	220	266	221	150	151	0.0125786	0	0.484581	2
152	402	243	387	241	150	153	0.119497	0	0.535242	2
153	285	185	284	185	150	151	0.00628931	0	0.407489	2
154	326	243	326	244	150	153	0.00628931	0	0.535242	1
155	401	40	403	41	150	161	0.0188679	0	0.0881057	1
156	299	264	299	265	150	151	0.00628931	0	0.581498	1
157	238	242	254	237	150	154	0.257862	0	0.53304	1
158	323	59	324	63	150	170	0.106918	0	0.129956	1
159	248	101	249	105	150	170	0.106918	0	0.222467	1
160	301	290	302	292	151	152	0.0314465	0	0.638767	1
161	317	188	317	185	151	155	0.0566038	0	0.414097	1
162	393	202	386	205	151	154	0.100629	0	0.444934	2
163	774	249	751	246	151	160	0.201258	0	0.548458	2
164	413	260	414	261	151	153	0.0125786	0	0.572687	1
165	292	204	295	204	152	153	0.0188679	0	0.449339	1
166	410	218	413	220	152	155	0.0440252	0	0.480176	1
167	305	186	305	185	152	153	0.00628931	0	0.409692	1
168	487	41	488	41	152	154	0.00628931	0	0.0903084	1
169	248	229	249	229	152	153	0.00628931	0	0.504405	1
170	270	195	271	192	152	153	0.0628931	0	0.429515	1
171	295	245	297	245	152	153	0.0125786	0	0.539648	1
172	764	229	729	230	152	166	0.226415	0	0.504405	2
173	277	219	279	217	152	153	0.0377358	0	0.482379	1
174	312	276	312	277	152	153	0.00628931	0	0.60793	1
175	458	53	454	58	152	170	0.18239	0	0.11674	2
176	270	230	272	228	153	154	0.0377358	0	0.506608	1
177	381	194	378	195	153	154	0.0251572	0	0.427313	2
178	306	185	307	185	154	155	0.00628931	0	0.407489	1
179	314	212	314	212	154	155	0	0	0.46696	1
180	207	57	205	57	154	158	0.0125786	0	0.125551	2
181	317	229	318	228	154	155	0.0125786	0	0.504405	1
182	380	240	367	246	154	159	0.308176	0	0.528634	2
183	274	194	274	192	154	155	0.0251572	0	0.427313	1
184	289	201	299	199	154	158	0.0880503	0	0.442731	1
185	205	103	204	104	154	162	0.0125786	0	0.226872	2
186	263	202	264	198	154	157	0.106918	0	0.444934	1
187	400	54	401	56	154	166	0.0314465	0	0.118943	1
188	260	250	262	248	154	155	0.0377358	0	0.550661	1
189	326	244	326	244	154	157	0	0	0.537445	1
190	228	58	230	60	154	167	0.0377358	0	0.127753	1
191	306	442	308	446	154	170	0.113208	0	0.973568	1
192	278	229	279	227	155	156	0.0314465	0	0.504405	1
193	489	42	493	42	155	160	0.0251572	0	0.092511	1
194	308	227	310	226	155	156	0.0188679	0	0.5	1
195	302	207	304	206	155	156	0.0188679	0	0.455947	1
196	377	198	381	198	155	164	0.0251572	0	0.436123	1
197	251	227	251	226	155	156	0.00628931	0	0.5	1
198	285	272	294	269	155	157	0.113208	0	0.599119	1
199	195	56	194	57	155	164	0.0125786	0	0.123348	2
200	244	192	246	196	155	170	0.113208	0	0.422907	1
201	191	103	191	104	156	164	0.00628931	0	0.226872	1
202	421	226	433	229	156	162	0.132075	0	0.497797	1
203	326	224	327	223	156	157	0.0125786	0	0.493392	1
204	262	246	267	244	156	158	0.0566038	0	0.54185	1
205	414	265	442	268	156	170	0.232704	0	0.5837	1
206	276	190	277	187	156	158	0.0628931	0	0.418502	1
207	280	226	284	224	157	159	0.0503145	0	0.497797	1
208	271	210	271	209	157	158	0.00628931	0	0.462555	1
209	285	242	286	241	157	158	0.0125786	0	0.53304	1
210	312	226	317	225	157	160	0.0377358	0	0.497797	1
211	274	242	283	238	157	161	0.157233	0	0.53304	1
212	335	301	342	298	157	161	0.100629	0	0.662996	1
213	302	261	308	258	158	161	0.0943396	0	0.57489	1
214	266	199	265	198	158	160	0.0125786	0	0.438326	2
215	317	244	318	242	158	159	0.0314465	0	0.537445	1
216	741	247	739	246	158	162	0.0188679	0	0.544053	2
217	290	211	292	210	158	159	0.0188679	0	0.464758	1
218	306	201	310	200	159	161	0.0314465	0	0.442731	1
219	204	55	203	55	159	164	0.00628931	0	0.121145	2
220	268	243	276	241	159	162	0.0754717	0	0.535242	1
221	330	289	332	289	159	160	0.0125786	0	0.636564	1
222	287	222	289	221	160	161	0.0188679	0	0.488987	1
223	286	251	286	250	160	161	0.00628931	0	0.552863	1
224	310	238	311	237	160	161	0.0125786	0	0.524229	1
225	369	248	377	241	160	165	0.358491	0	0.546256	1
226	282	269	287	268	160	162	0.0377358	0	0.592511	1
227	265	201	269	200	161	168	0.0314465	0	0.442731	1
228	336	288	342	285	161	163	0.0943396	0	0.634361	1
229	494	43	505	46	161	170	0.125786	0	0.0947137	1
230	280	189	279	189	161	163	0.00628931	0	0.4163	2
231	320	258	322	258	161	162	0.0125786	0	0.568282	1
232	276	210	275	210	161	162	0.00628931	0	0.462555	2
233	323	219	326	218	161	162	0.0251572	0	0.482379	1
234	204	71	203	71	161	165	0.00628931	0	0.156388	2
235	312	201	313	200	162	163	0.0125786	0	0.442731	1
236	239	62	240	64	162	170	0.0314465	0	0.136564	1
237	288	218	289	216	162	163	0.0314465	0	0.480176	1
238	298	222	301	222	162	163	0.0188679	0	0.488987	1
239	345	299	351	294	162	164	0.194969	0	0.65859	1
240	312	267	349	272	162	170	0.389937	0	0.588106	1
241	235	250	239	248	162	167	0.0503145	0	0.550661	1
242	281	52	281	52	162	164	0	0	0.114537	1
243	301	315	307	316	162	166	0.0440252	0	0.693833	1
244	321	238	322	238	163	164	0.00628931	0	0.524229	1
245	506	74	507	75	163	168	0.0125786	0	0.162996	1
246	279	236	285	237	163	168	0.0440252	0	0.519824	1
247	739	245	737	244	163	164	0.0188679	0	0.539648	2
248	428	236	442	233	163	170	0.144654	0	0.519824	1
249	330	220	333	219	163	164	0.0251572	0	0.484581	1
250	328	184	335	185	163	166	0.0503145	0	0.405286	1
251	210	104	209	104	163	167	0.00628931	0	0.229075	2
252	326	200	328	200	163	164	0.0125786	0	0.440529	1
253	298	271	302	269	164	166	0.0503145	0	0.596916	1
254	315	200	316	199	164	165	0.0125786	0	0.440529	1
255	280	215	282	214	164	166	0.0188679	0	0.473568	1
256	292	217	294	216	164	165	0.0188679	0	0.477974	1
257	88	62	89	64	164	170	0.0314465	0	0.136564	1
258	280	191	282	192	164	167	0.0188679	0	0.420705	1
259	306	219	308	219	165	166	0.0125786	0	0.482379	1
260	205	57	205	59	165	170	0.0251572	0	0.125551	1
261	736	246	730	251	165	170	0.194969	0	0.54185	2
262	193	104	192	106	165	169	0.0314465	0	0.229075	2
263	194	57	193	58	165	168	0.0125786	0	0.125551	2
264	343	296	352	298	165	168	0.081761	0	0.651982	1
265	313	246	314	245	165	167	0.0125786	0	0.54185	1
266	281	52	282	53	165	169	0.0125786	0	0.114537	1
267	728	203	715	210	165	170	0.389937	0	0.447137	2
268	439	251	450	249	165	170	0.0943396	0	0.552863	1
269	312	299	316	300	165	166	0.0314465	0	0.65859	1
270	222	24	222	26	165	170	0.0251572	0	0.0528634	1
271	131	234	134	236	165	170	0.0440252	0	0.515419	1
272	264	110	264	112	165	170	0.0251572	0	0.242291	1
273	210	194	211	196	165	170	0.0314465	0	0.427313	1
274	317	200	318	200	166	168	0.00628931	0	0.440529	1
275	296	218	298	219	166	167	0.0188679	0	0.480176	1
276	379	238	387	234	166	169	0.150943	0	0.524229	1
277	155	227	156	228	166	170	0.0125786	0	0.5	1
278	360	292	380	300	166	170	0.528302	0	0.643172	1
279	310	220	311	220	167	168	0.00628931	0	0.484581	1
280	356	249	358	249	167	168	0.0125786	0	0.548458	1
281	307	258	308	257	167	168	0.0125786	0	0.568282	1
282	305	272	307	271	167	168	0.0188679	0	0.599119	1
283	241	51	241	52	167	170	0.00628931	0	0.112335	1
284	203	74	202	75	167	170	0.0125786	0	0.162996	2
285	305	206	307	207	167	169	0.0188679	0	0.453744	1
286	389	74	389	75	167	170	0.00628931	0	0.162996	1
287	241	248	242	248	168	169	0.00628931	0	0.546256	1
288	237	279	236	280	168	170	0.0125786	0	0.614537	2
289	180	56	180	57	168	170	0.00628931	0	0.123348	1
290	301	221	303	222	168	169	0.0188679	0	0.486784	1
291	282	191	282	190	168	169	0.00628931	0	0.420705	1
292	227	56	227	57	168	170	0.00628931	0	0.123348	1
293	158	56	158	57	168	170	0.00628931	0	0.123348	1
294	319	200	319	199	169	170	0.00628931	0	0.440529	1
295	507	76	507	76	169	170	0	0	0.167401	1
296	269	201	269	200	169	170	0.00628931	0	0.442731	1
297	287	242	288	243	169	170	0.0125786	0	0.53304	1
298	285	212	284	213	169	170	0.0125786	0	0.46696	2
299	322	324	322	324	169	170	0	0	0.713656	1
300	442	49	442	49	169	170	0	0	0.10793	1
301	365	286	368	287	169	170	0.0251572	0	0.629956	1
302	457	118	457	118	169	170	0	0	0.259912	1