
0	619	213	618	212	72	73	0.0208333	0	0.468132	2
1	827	98	810	92	72	110	0.552083	0	0.215385	2
2	595	249	594	248	73	74	0.0208333	0	0.547253	2
3	697	227	684	222	73	86	0.395833	0	0.498901	2
4	53	174	54	168	73	93	0.385417	0	0.382418	1
5	500	229	499	227	73	74	0.0520833	0	0.503297	2
6	482	170	479	169	73	78	0.0416667	0	0.373626	2
7	580	180	548	175	73	110	0.59375	0	0.395604	2
8	521	240	520	238	74	76	0.0520833	0	0.527473	2
9	617	212	615	211	74	75	0.03125	0	0.465934	2
10	537	224	536	223	74	77	0.0208333	0	0.492308	2
11	597	238	594	236	74	77	0.0729167	0	0.523077	2
12	464	223	464	218	74	79	0.260417	0	0.49011	1
13	479	159	471	156	75	95	0.177083	0	0.349451	2
14	473	219	472	217	75	76	0.0520833	0	0.481319	2
15	594	247	591	245	75	80	0.0729167	0	0.542857	2
16	665	195	661	194	75	78	0.0520833	0	0.428571	2
17	491	234	490	232	75	76	0.0520833	0	0.514286	2
18	676	191	671	189	75	78	0.09375	0	0.41978	2
19	501	216	499	216	75	79	0.0208333	0	0.474725	2
20	476	209	474	208	75	79	0.03125	0	0.459341	2
21	501	244	501	242	75	84	0.0416667	0	0.536264	1
22	627	214	625	213	75	76	0.03125	0	0.47033	2
23	686	197	682	196	75	79	0.0520833	0	0.432967	2
24	615	211	613	210	76	77	0.03125	0	0.463736	2
25	688	237	684	236	76	80	0.0520833	0	0.520879	2
26	695	198	687	195	76	82	0.177083	0	0.435165	2
27	520	225	519	223	76	77	0.0520833	0	0.494505	2
28	581	195	576	193	76	83	0.09375	0	0.428571	2
29	466	182	457	177	76	97	0.354167	0	0.4	2
30	629	256	627	254	76	81	0.0625	0	0.562637	2
31	521	238	520	235	77	84	0.104167	0	0.523077	2
32	485	213	485	212	77	79	0.0104167	0	0.468132	1
33	490	232	490	230	77	78	0.0416667	0	0.50989	1
34	474	218	474	216	77	79	0.0416667	0	0.479121	1
35	501	230	501	228	77	78	0.0416667	0	0.505495	1
36	623	218	619	217	77	80	0.0520833	0	0.479121	2
37	535	245	535	243	77	80	0.0416667	0	0.538462	1
38	612	211	610	211	78	79	0.0208333	0	0.463736	2
39	592	216	591	215	78	79	0.0208333	0	0.474725	2
40	530	234	529	233	78	79	0.0208333	0	0.514286	2
41	553	227	551	222	78	80	0.28125	0	0.498901	2
42	519	222	518	221	78	79	0.0208333	0	0.487912	2
43	596	195	595	194	78	80	0.0208333	0	0.428571	2
44	603	265	602	264	78	80	0.0208333	0	0.582418	2
45	77	199	62	194	78	110	0.416667	0	0.437363	2
46	612	222	610	221	78	79	0.03125	0	0.487912	2
47	660	194	654	193	79	83	0.0729167	0	0.426374	2
48	672	189	654	187	79	90	0.229167	0	0.415385	2
49	478	228	481	226	79	81	0.0729167	0	0.501099	1
50	479	169	471	166	79	97	0.177083	0	0.371429	2
51	434	221	434	217	79	82	0.166667	0	0.485714	1
52	62	201	45	195	79	110	0.552083	0	0.441758	2
53	449	213	449	211	79	80	0.0416667	0	0.468132	1
54	508	229	507	228	79	83	0.0208333	0	0.503297	2
55	490	229	489	228	79	80	0.0208333	0	0.503297	2
56	521	133	505	128	79	110	0.427083	0	0.292308	2
57	419	221	420	218	79	81	0.104167	0	0.485714	1
58	609	211	607	211	80	81	0.0208333	0	0.463736	2
59	567	235	565	233	80	81	0.0625	0	0.516484	2
60	514	212	511	213	80	84	0.0416667	0	0.465934	2
61	680	197	672	195	80	86	0.125	0	0.432967	2
62	530	233	529	232	80	82	0.0208333	0	0.512088	2
63	497	218	496	218	80	81	0.0104167	0	0.479121	2
64	518	222	516	221	80	82	0.03125	0	0.487912	2
65	683	226	681	226	80	81	0.0208333	0	0.496703	2
66	608	221	606	221	80	81	0.0208333	0	0.485714	2
67	567	221	565	218	80	82	0.114583	0	0.485714	2
68	616	241	615	240	80	82	0.0208333	0	0.52967	2
69	524	210	522	211	80	83	0.03125	0	0.461538	2
70	164	263	171	261	80	92	0.114583	0	0.578022	1
71	667	234	666	233	81	82	0.0208333	0	0.514286	2
72	591	245	590	244	81	82	0.0208333	0	0.538462	2
73	686	236	682	235	81	83	0.0520833	0	0.518681	2
74	617	217	615	216	81	82	0.03125	0	0.476923	2
75	601	264	600	263	81	82	0.0208333	0	0.58022	2
76	604	235	601	234	81	82	0.0416667	0	0.516484	2
77	444	213	445	211	81	86	0.0520833	0	0.468132	1
78	593	192	592	191	81	85	0.0208333	0	0.421978	2
79	454	211	455	209	81	84	0.0520833	0	0.463736	1
80	680	186	644	182	81	110	0.541667	0	0.408791	2
81	551	224	544	216	81	84	0.739583	0	0.492308	2
82	576	231	573	230	81	82	0.0416667	0	0.507692	2
83	281	243	279	241	81	86	0.0625	0	0.534066	2
84	473	195	470	193	81	87	0.0729167	0	0.428571	2
85	579	241	577	239	81	82	0.0625	0	0.52967	2
86	580	210	578	209	82	83	0.03125	0	0.461538	2
87	585	255	583	255	82	83	0.0208333	0	0.56044	2
88	602	214	600	215	82	83	0.03125	0	0.47033	2
89	561	233	559	231	82	83	0.0625	0	0.512088	2
90	487	213	488	213	82	83	0.0104167	0	0.468132	1
91	284	255	284	253	82	86	0.0416667	0	0.56044	1
92	461	170	451	166	82	105	0.270833	0	0.373626	2
93	592	215	587	215	82	83	0.0520833	0	0.472527	2
94	497	219	496	218	82	83	0.0208333	0	0.481319	2
95	533	214	528	215	82	87	0.0625	0	0.47033	2
96	613	230	612	230	82	83	0.0104167	0	0.505495	2
97	626	251	608	245	82	93	0.5625	0	0.551648	2
98	417	216	416	215	82	88	0.0208333	0	0.474725	2
99	290	280	274	275	82	110	0.427083	0	0.615385	2
100	455	219	463	225	82	91	0.458333	0	0.481319	1
101	657	206	625	198	83	100	1	0	0.452747	2
102	590	245	587	243	83	86	0.0729167	0	0.538462	2
103	530	233	528	233	83	87	0.0208333	0	0.512088	2
104	575	168	562	165	83	101	0.229167	0	0.369231	2
105	594	204	593	204	83	84	0.0104167	0	0.448352	2
106	598	229	595	230	83	84	0.0416667	0	0.503297	2
107	518	223	517	224	83	85	0.0208333	0	0.49011	2
108	614	241	613	240	83	84	0.0208333	0	0.52967	2
109	433	216	436	219	83	89	0.125	0	0.474725	1
110	569	230	567	229	83	84	0.03125	0	0.505495	2
111	686	195	671	191	83	94	0.322917	0	0.428571	2
112	468	217	469	217	83	84	0.0104167	0	0.476923	1
113	583	257	581	256	84	86	0.03125	0	0.564835	2
114	678	232	676	232	84	85	0.0208333	0	0.50989	2
115	654	196	647	194	84	88	0.114583	0	0.430769	2
116	490	214	491	214	84	85	0.0104167	0	0.47033	1
117	586	169	581	167	84	91	0.09375	0	0.371429	2
118	609	221	604	223	84	86	0.09375	0	0.485714	2
119	596	172	582	169	84	109	0.239583	0	0.378022	2
120	557	228	554	226	84	85	0.0729167	0	0.501099	2
121	585	217	582	216	84	85	0.0416667	0	0.476923	2
122	574	244	572	243	84	85	0.03125	0	0.536264	2
123	502	232	502	231	84	85	0.0104167	0	0.50989	1
124	577	198	575	197	84	86	0.03125	0	0.435165	2
125	500	221	498	220	84	85	0.03125	0	0.485714	2
126	491	247	492	248	84	85	0.0208333	0	0.542857	1
127	601	255	596	253	84	86	0.09375	0	0.56044	2
128	534	254	534	253	84	91	0.0104167	0	0.558242	1
129	461	231	463	232	84	88	0.03125	0	0.507692	1
130	512	213	510	213	85	87	0.0208333	0	0.468132	2
131	519	235	519	235	85	91	0	0	0.516484	1
132	614	236	610	235	85	86	0.0520833	0	0.518681	2
133	565	226	558	224	85	87	0.114583	0	0.496703	2
134	571	208	565	206	85	87	0.104167	0	0.457143	2
135	543	211	539	209	85	86	0.0833333	0	0.463736	2
136	502	242	511	243	85	93	0.104167	0	0.531868	1
137	544	222	534	218	85	88	0.270833	0	0.487912	2
138	676	235	674	234	86	88	0.03125	0	0.516484	2
139	515	224	514	224	86	87	0.0104167	0	0.492308	2
140	595	233	591	232	86	87	0.0520833	0	0.512088	2
141	591	190	582	189	86	95	0.104167	0	0.417582	2
142	594	213	592	212	86	87	0.03125	0	0.468132	2
143	455	208	455	208	86	87	0	0	0.457143	1
144	600	243	598	242	86	87	0.03125	0	0.534066	2
145	388	214	388	211	86	104	0.09375	0	0.47033	1
146	552	221	548	220	86	87	0.0520833	0	0.485714	2
147	610	248	602	249	86	90	0.09375	0	0.545055	2
148	545	200	541	199	87	89	0.0520833	0	0.43956	2
149	284	253	284	252	87	89	0.0104167	0	0.556044	1
150	585	242	583	240	87	88	0.0625	0	0.531868	2
151	602	225	595	225	87	89	0.0729167	0	0.494505	2
152	575	198	573	197	87	89	0.03125	0	0.435165	2
153	445	212	444	213	87	88	0.0208333	0	0.465934	2
154	670	196	663	194	87	92	0.114583	0	0.430769	2
155	479	217	480	218	87	88	0.0208333	0	0.476923	1
156	278	243	275	243	87	90	0.03125	0	0.534066	2
157	608	235	604	234	87	88	0.0520833	0	0.516484	2
158	684	225	680	224	87	89	0.0520833	0	0.494505	2
159	573	230	566	229	87	89	0.0833333	0	0.505495	2
160	493	236	495	238	87	95	0.0625	0	0.518681	1
161	409	249	409	249	87	105	0	0	0.547253	1
162	592	222	588	222	87	88	0.0416667	0	0.487912	2
163	534	205	530	204	87	88	0.0520833	0	0.450549	2
164	512	213	511	212	88	89	0.0208333	0	0.468132	2
165	555	224	550	223	88	89	0.0625	0	0.492308	2
166	528	236	527	236	88	91	0.0104167	0	0.518681	2
167	503	229	503	229	88	90	0	0	0.503297	1
168	608	262	598	264	88	94	0.145833	0	0.575824	2
169	590	212	588	211	88	89	0.03125	0	0.465934	2
170	570	211	566	210	88	89	0.0520833	0	0.463736	2
171	513	225	512	224	88	89	0.0208333	0	0.494505	2
172	559	245	554	244	88	89	0.0625	0	0.538462	2
173	458	193	416	186	88	101	0.947917	0	0.424176	2
174	580	208	579	207	88	89	0.0208333	0	0.457143	2
175	455	210	455	211	88	89	0.0104167	0	0.461538	1
176	673	234	672	233	89	90	0.0208333	0	0.514286	2
177	643	190	600	189	89	110	0.458333	0	0.417582	2
178	492	216	490	214	89	95	0.0625	0	0.474725	2
179	651	217	623	209	89	102	0.958333	0	0.476923	2
180	526	206	523	205	89	90	0.0416667	0	0.452747	2
181	583	221	578	221	89	90	0.0520833	0	0.485714	2
182	294	253	292	252	89	91	0.03125	0	0.556044	2
183	551	233	534	232	89	93	0.1875	0	0.512088	2
184	190	152	177	149	89	110	0.229167	0	0.334066	2
185	420	240	421	240	89	93	0.0104167	0	0.527473	1
186	658	231	656	230	90	91	0.03125	0	0.507692	2
187	510	212	509	210	90	91	0.0520833	0	0.465934	2
188	576	209	575	208	90	91	0.0208333	0	0.459341	2
189	591	227	587	226	90	91	0.0520833	0	0.498901	2
190	437	222	438	223	90	95	0.0208333	0	0.487912	1
191	547	222	539	222	90	92	0.0833333	0	0.487912	2
192	586	211	584	210	90	91	0.03125	0	0.463736	2
193	573	197	567	196	90	96	0.0729167	0	0.432967	2
194	430	234	430	236	90	92	0.0416667	0	0.514286	1
195	283	253	282	252	90	93	0.0208333	0	0.556044	2
196	565	211	561	210	90	91	0.0520833	0	0.463736	2
197	538	199	535	199	90	91	0.03125	0	0.437363	2
198	449	237	445	234	90	109	0.135417	0	0.520879	2
199	675	212	658	209	90	104	0.270833	0	0.465934	2
200	513	225	513	225	90	91	0	0	0.494505	1
201	466	213	466	215	90	91	0.0416667	0	0.468132	1
202	589	237	585	235	90	92	0.0833333	0	0.520879	2
203	141	136	131	134	90	108	0.145833	0	0.298901	2
204	653	189	613	189	91	110	0.416667	0	0.415385	2
205	502	226	501	226	91	92	0.0104167	0	0.496703	2
206	577	233	575	230	91	92	0.114583	0	0.512088	2
207	520	206	516	205	91	92	0.0520833	0	0.452747	2
208	460	195	457	193	91	92	0.0729167	0	0.428571	2
209	275	242	261	239	91	110	0.239583	0	0.531868	2
210	675	224	673	223	91	92	0.03125	0	0.492308	2
211	553	262	552	261	91	92	0.0208333	0	0.575824	2
212	470	193	469	192	91	92	0.0208333	0	0.424176	2
213	581	168	571	166	92	104	0.145833	0	0.369231	2
214	575	208	566	205	92	100	0.1875	0	0.457143	2
215	521	235	521	235	92	94	0	0	0.516484	1
216	511	227	511	227	92	93	0	0	0.498901	1
217	527	209	523	209	92	93	0.0416667	0	0.459341	2
218	559	213	555	213	92	93	0.0416667	0	0.468132	2
219	452	217	453	217	92	93	0.0104167	0	0.476923	1
220	565	231	554	232	92	95	0.125	0	0.507692	2
221	585	210	578	208	92	99	0.114583	0	0.461538	2
222	390	229	385	227	92	107	0.09375	0	0.503297	2
223	518	270	515	270	92	103	0.03125	0	0.593407	2
224	660	204	657	203	93	95	0.0416667	0	0.448352	2
225	505	207	502	204	93	95	0.125	0	0.454945	2
226	578	229	575	227	93	94	0.0729167	0	0.503297	2
227	431	236	433	238	93	98	0.0625	0	0.518681	1
228	455	194	434	195	93	99	0.229167	0	0.426374	2
229	537	220	533	220	93	94	0.0416667	0	0.483516	2
230	501	227	501	226	93	94	0.0104167	0	0.498901	1
231	661	193	652	192	93	100	0.104167	0	0.424176	2
232	671	223	669	222	93	94	0.03125	0	0.49011	2
233	476	222	475	221	93	94	0.0208333	0	0.487912	2
234	527	221	523	220	93	94	0.0520833	0	0.485714	2
235	173	262	173	262	93	95	0	0	0.575824	1
236	595	250	592	250	93	94	0.03125	0	0.549451	2
237	539	416	527	414	93	110	0.166667	0	0.914286	2
238	458	240	457	238	93	97	0.0520833	0	0.527473	2
239	465	191	464	190	93	95	0.0208333	0	0.41978	2
240	507	236	508	237	94	98	0.0208333	0	0.518681	1
241	54	166	42	163	94	110	0.21875	0	0.364835	2
242	166	233	173	234	94	98	0.0833333	0	0.512088	1
243	528	201	525	200	94	95	0.0416667	0	0.441758	2
244	513	246	513	247	94	97	0.0104167	0	0.540659	1
245	546	208	542	208	94	95	0.0416667	0	0.457143	2
246	283	249	271	247	94	110	0.166667	0	0.547253	2
247	657	230	653	230	94	95	0.0416667	0	0.505495	2
248	465	229	463	226	94	100	0.114583	0	0.503297	2
249	657	213	652	212	94	96	0.0625	0	0.468132	2
250	91	376	79	374	94	110	0.166667	0	0.826374	2
251	585	233	574	229	94	97	0.28125	0	0.512088	2
252	600	264	598	262	95	96	0.0625	0	0.58022	2
253	663	231	662	230	95	96	0.0208333	0	0.507692	2
254	571	229	567	227	95	96	0.0833333	0	0.503297	2
255	530	221	522	221	95	97	0.0833333	0	0.485714	2
256	669	221	654	218	95	108	0.25	0	0.485714	2
257	274	279	263	277	95	110	0.15625	0	0.613187	2
258	672	190	665	188	95	101	0.114583	0	0.417582	2
259	520	221	512	221	95	97	0.0833333	0	0.485714	2
260	569	219	566	218	95	96	0.0416667	0	0.481319	2
261	658	202	654	201	96	99	0.0520833	0	0.443956	2
262	579	258	574	257	96	97	0.0625	0	0.567033	2
263	581	192	574	192	96	104	0.0729167	0	0.421978	2
264	512	206	508	204	96	97	0.0833333	0	0.452747	2
265	454	218	451	218	96	97	0.03125	0	0.479121	2
266	497	237	498	237	96	99	0.0104167	0	0.520879	1
267	483	219	481	218	96	97	0.03125	0	0.481319	2
268	473	156	463	156	96	110	0.104167	0	0.342857	2
269	552	233	548	232	96	97	0.0520833	0	0.512088	2
270	524	200	515	198	96	99	0.135417	0	0.43956	2
271	542	213	521	206	96	101	0.729167	0	0.468132	2
272	652	231	649	230	96	97	0.0416667	0	0.507692	2
273	493	216	492	215	96	97	0.0208333	0	0.474725	2
274	467	191	460	191	96	105	0.0729167	0	0.41978	2
275	534	198	531	197	96	100	0.0416667	0	0.435165	2
276	434	222	434	222	96	97	0	0	0.487912	1
277	661	231	658	230	97	98	0.0416667	0	0.507692	2
278	598	261	589	259	97	99	0.135417	0	0.573626	2
279	567	196	562	195	97	101	0.0625	0	0.430769	2
280	496	199	494	197	97	98	0.0625	0	0.437363	2
281	562	221	551	220	97	100	0.125	0	0.485714	2
282	655	215	652	214	97	99	0.0416667	0	0.472527	2
283	498	227	499	226	97	98	0.0208333	0	0.498901	1
284	564	233	560	232	97	98	0.0520833	0	0.512088	2
285	571	258	567	259	98	99	0.0520833	0	0.567033	2
286	568	222	560	222	98	100	0.0833333	0	0.487912	2
287	516	224	513	223	98	99	0.0416667	0	0.492308	2
288	455	176	447	175	98	110	0.09375	0	0.386813	2
289	471	167	462	167	98	110	0.09375	0	0.367033	2
290	646	204	642	204	98	100	0.0416667	0	0.448352	2
291	513	247	511	252	98	104	0.28125	0	0.542857	2
292	436	223	435	222	98	101	0.0208333	0	0.49011	2
293	545	233	540	232	98	99	0.0625	0	0.512088	2
294	183	255	189	249	98	100	0.4375	0	0.56044	1
295	532	223	529	222	98	99	0.0416667	0	0.49011	2
296	197	230	201	232	98	101	0.0833333	0	0.505495	1
297	509	237	508	237	99	100	0.0104167	0	0.520879	2
298	655	228	646	227	99	107	0.104167	0	0.501099	2
299	435	241	434	240	99	100	0.0208333	0	0.52967	2
300	560	232	556	231	99	100	0.0520833	0	0.50989	2
301	490	192	486	189	99	102	0.135417	0	0.421978	2
302	180	261	188	258	99	102	0.177083	0	0.573626	1
303	489	203	476	199	99	102	0.302083	0	0.446154	2
304	653	202	642	202	100	109	0.114583	0	0.443956	2
305	495	203	490	201	100	101	0.09375	0	0.446154	2
306	541	227	536	225	100	101	0.09375	0	0.498901	2
307	583	260	576	261	100	101	0.0833333	0	0.571429	2
308	445	221	444	220	100	101	0.0208333	0	0.485714	2
309	512	221	509	220	100	101	0.0416667	0	0.485714	2
310	512	199	509	198	100	101	0.0416667	0	0.437363	2
311	478	219	477	218	100	101	0.0208333	0	0.481319	2
312	430	197	421	195	100	102	0.135417	0	0.432967	2
313	502	214	497	212	100	101	0.09375	0	0.47033	2
314	498	238	498	239	100	104	0.0104167	0	0.523077	1
315	653	214	640	212	100	110	0.177083	0	0.47033	2
316	171	263	171	261	100	101	0.0416667	0	0.578022	1
317	488	214	483	212	100	101	0.09375	0	0.47033	2
318	622	198	603	195	101	109	0.291667	0	0.435165	2
319	558	227	554	228	101	102	0.0520833	0	0.498901	2
320	652	192	643	192	101	108	0.09375	0	0.421978	2
321	548	226	544	226	101	102	0.0416667	0	0.496703	2
322	467	223	466	222	101	102	0.0208333	0	0.49011	2
323	641	205	628	204	101	107	0.145833	0	0.450549	2
324	559	248	554	246	101	102	0.09375	0	0.545055	2
325	560	237	557	236	101	102	0.0416667	0	0.520879	2
326	531	197	524	196	101	110	0.0833333	0	0.432967	2
327	467	203	466	202	101	102	0.0208333	0	0.446154	2
328	578	241	573	240	101	102	0.0625	0	0.52967	2
329	222	455	215	454	101	110	0.0833333	0	1	2
330	192	245	194	245	102	103	0.0208333	0	0.538462	1
331	563	162	553	161	102	110	0.114583	0	0.356044	2
332	664	187	655	186	102	110	0.104167	0	0.410989	2
333	521	235	518	234	102	103	0.0416667	0	0.516484	2
334	445	221	442	220	102	107	0.0416667	0	0.485714	2
335	516	203	500	200	102	108	0.260417	0	0.446154	2
336	45	185	38	184	102	110	0.0833333	0	0.406593	2
337	205	219	212	218	102	104	0.0833333	0	0.481319	1
338	563	194	561	193	102	104	0.03125	0	0.426374	2
339	508	241	508	241	103	104	0	0	0.52967	1
340	504	227	502	226	103	104	0.03125	0	0.498901	2
341	416	193	412	192	103	104	0.0520833	0	0.424176	2
342	498	196	495	196	103	104	0.03125	0	0.430769	2
343	541	227	536	227	103	104	0.0520833	0	0.498901	2
344	478	228	477	228	103	104	0.0104167	0	0.501099	2
345	528	228	525	225	103	104	0.125	0	0.501099	2
346	480	198	475	197	103	104	0.0625	0	0.435165	2
347	403	207	401	206	103	104	0.03125	0	0.454945	2
348	548	246	542	245	103	104	0.0729167	0	0.540659	2
349	463	223	460	223	103	105	0.03125	0	0.49011	2
350	514	223	511	222	103	104	0.0416667	0	0.49011	2
351	663	199	655	198	103	109	0.09375	0	0.437363	2
352	611	207	609	207	103	104	0.0208333	0	0.454945	2
353	558	252	552	250	103	104	0.104167	0	0.553846	2
354	569	176	560	175	103	110	0.104167	0	0.386813	2
355	562	263	560	263	104	105	0.0208333	0	0.578022	2
356	528	250	526	248	104	105	0.0625	0	0.549451	2
357	551	231	536	229	104	107	0.197917	0	0.507692	2
358	509	212	506	211	104	105	0.0416667	0	0.465934	2
359	202	219	208	221	104	106	0.104167	0	0.481319	1
360	550	261	543	260	104	105	0.0833333	0	0.573626	2
361	526	213	523	211	105	106	0.0729167	0	0.468132	2
362	570	165	563	164	105	110	0.0833333	0	0.362637	2
363	573	194	569	194	105	107	0.0416667	0	0.426374	2
364	505	221	502	220	105	106	0.0416667	0	0.485714	2
365	498	240	497	240	105	106	0.0104167	0	0.527473	2
366	469	181	464	180	105	110	0.0625	0	0.397802	2
367	496	206	489	206	105	108	0.0729167	0	0.452747	2
368	398	204	395	203	105	106	0.0416667	0	0.448352	2
369	387	208	378	205	105	109	0.1875	0	0.457143	2
370	517	226	514	224	105	106	0.0729167	0	0.496703	2
371	565	204	564	204	105	106	0.0104167	0	0.448352	2
372	218	225	229	230	105	110	0.375	0	0.494505	1
373	468	205	448	211	105	109	0.583333	0	0.450549	2
374	494	226	491	225	105	107	0.0416667	0	0.496703	2
375	497	196	494	195	105	106	0.0416667	0	0.430769	2
376	406	219	403	217	105	106	0.0729167	0	0.481319	2
377	429	239	425	239	105	109	0.0416667	0	0.525275	2
378	482	190	480	189	105	106	0.03125	0	0.417582	2
379	559	194	552	193	105	110	0.0833333	0	0.426374	2
380	536	246	529	244	105	106	0.114583	0	0.540659	2
381	373	239	367	238	105	110	0.0729167	0	0.525275	2
382	485	269	481	268	105	110	0.0520833	0	0.591209	2
383	613	207	604	207	105	109	0.09375	0	0.454945	2
384	396	194	387	193	105	107	0.104167	0	0.426374	2
385	455	159	451	159	106	110	0.0416667	0	0.349451	2
386	559	263	541	264	106	109	0.197917	0	0.578022	2
387	537	261	522	265	106	110	0.322917	0	0.573626	2
388	547	257	536	259	106	108	0.15625	0	0.564835	2
389	472	207	467	206	106	107	0.0625	0	0.454945	2
390	529	225	523	224	106	107	0.0729167	0	0.494505	2
391	455	194	454	193	106	107	0.0208333	0	0.426374	2
392	482	205	478	205	106	108	0.0416667	0	0.450549	2
393	513	212	509	211	106	107	0.0520833	0	0.465934	2
394	519	242	515	241	106	107	0.0520833	0	0.531868	2
395	554	203	547	202	106	110	0.0833333	0	0.446154	2
396	397	204	394	202	107	108	0.0729167	0	0.448352	2
397	564	204	562	204	107	109	0.0208333	0	0.448352	2
398	486	195	483	194	107	109	0.0416667	0	0.428571	2
399	658	208	654	208	107	110	0.0416667	0	0.457143	2
400	511	221	507	220	107	108	0.0520833	0	0.485714	2
401	488	244	487	243	107	110	0.0208333	0	0.536264	2
402	654	229	651	228	108	110	0.0416667	0	0.503297	2
403	572	192	568	191	108	110	0.0520833	0	0.421978	2
404	208	254	209	254	108	109	0.0104167	0	0.558242	1
405	644	228	642	227	108	110	0.03125	0	0.501099	2
406	198	250	200	250	108	109	0.0208333	0	0.549451	1
407	462	209	456	209	108	109	0.0625	0	0.459341	2
408	521	227	515	227	108	109	0.0625	0	0.498901	2
409	472	215	469	215	108	109	0.03125	0	0.472527	2
410	393	192	388	192	108	109	0.0520833	0	0.421978	2
411	459	228	449	229	108	110	0.114583	0	0.501099	2
412	493	273	491	272	108	110	0.03125	0	0.6	2
413	455	194	453	195	108	109	0.03125	0	0.426374	2
414	495	228	493	228	108	109	0.0208333	0	0.501099	2
415	219	218	225	217	108	110	0.0729167	0	0.479121	1
416	539	241	533	240	108	109	0.0729167	0	0.52967	2
417	714	199	712	198	108	110	0.03125	0	0.437363	2
418	497	201	494	201	109	110	0.03125	0	0.441758	2
419	642	192	640	192	109	110	0.0208333	0	0.421978	2
420	511	208	506	205	109	110	0.145833	0	0.457143	2
421	482	204	480	202	109	110	0.0625	0	0.448352	2
422	654	218	653	217	109	110	0.0208333	0	0.479121	2
423	594	208	592	207	109	110	0.03125	0	0.457143	2
424	130	132	129	131	109	110	0.0208333	0	0.29011	2
425	398	210	396	209	109	110	0.03125	0	0.461538	2
426	472	200	470	199	109	110	0.03125	0	0.43956	2
427	477	226	475	226	109	110	0.0208333	0	0.496703	2
428	382	230	380	229	109	110	0.03125	0	0.505495	2