
0	367	455	366	454	57	59	0.0190476	0	1	2
1	387	455	386	454	57	68	0.0190476	0	1	2
2	25	369	25	370	59	86	0.00952381	0	0.810989	1
3	425	260	427	258	59	61	0.0571429	0	0.571429	1
4	404	246	403	245	59	61	0.0190476	0	0.540659	2
5	324	241	324	242	59	60	0.00952381	0	0.52967	1
6	483	277	482	277	59	60	0.00952381	0	0.608791	2
7	322	437	322	437	60	66	0	0	0.96044	1
8	48	381	46	380	60	64	0.0285714	0	0.837363	2
9	333	253	334	253	60	61	0.00952381	0	0.556044	1
10	71	407	73	408	60	95	0.0285714	0	0.894505	1
11	272	339	272	340	60	95	0.00952381	0	0.745055	1
12	278	286	277	286	60	62	0.00952381	0	0.628571	2
13	338	235	339	236	60	63	0.0190476	0	0.516484	1
14	490	241	490	239	60	61	0.0380952	0	0.52967	1
15	367	455	366	454	61	62	0.0190476	0	1	2
16	413	247	412	245	61	62	0.047619	0	0.542857	2
17	483	280	483	279	61	62	0.00952381	0	0.615385	1
18	473	238	476	237	61	63	0.0380952	0	0.523077	1
19	289	284	293	283	61	64	0.047619	0	0.624176	1
20	429	257	432	254	62	64	0.114286	0	0.564835	1
21	473	247	473	246	62	63	0.00952381	0	0.542857	1
22	294	257	294	258	62	63	0.00952381	0	0.564835	1
23	321	446	321	446	62	64	0	0	0.98022	1
24	386	266	387	264	62	64	0.047619	0	0.584615	1
25	402	244	402	243	62	63	0.00952381	0	0.536264	1
26	741	176	739	175	62	64	0.0285714	0	0.386813	2
27	442	251	443	250	63	64	0.0190476	0	0.551648	1
28	231	409	231	408	63	66	0.00952381	0	0.898901	1
29	484	278	484	277	63	64	0.00952381	0	0.610989	1
30	413	245	413	244	63	64	0.00952381	0	0.538462	1
31	180	414	180	414	63	72	0	0	0.90989	1
32	735	164	729	160	63	67	0.209524	0	0.36044	2
33	511	234	516	230	63	73	0.2	0	0.514286	1
34	196	197	192	197	64	70	0.0380952	0	0.432967	2
35	367	455	366	454	64	65	0.0190476	0	1	2
36	295	259	312	263	64	73	0.314286	0	0.569231	1
37	475	246	476	243	64	66	0.0952381	0	0.540659	1
38	206	195	204	195	64	67	0.0190476	0	0.428571	2
39	340	239	351	237	64	69	0.142857	0	0.525275	1
40	229	439	228	437	64	70	0.047619	0	0.964835	2
41	485	251	485	249	64	65	0.0380952	0	0.551648	1
42	434	254	437	251	65	68	0.114286	0	0.558242	1
43	68	377	68	377	65	69	0	0	0.828571	1
44	444	249	445	248	65	66	0.0190476	0	0.547253	1
45	387	263	390	259	65	69	0.180952	0	0.578022	1
46	485	275	489	273	65	68	0.0761905	0	0.604396	1
47	204	182	201	182	65	68	0.0285714	0	0.4	2
48	292	285	293	286	65	66	0.0190476	0	0.626374	1
49	405	256	406	256	65	66	0.00952381	0	0.562637	1
50	456	276	456	275	65	67	0.00952381	0	0.606593	1
51	129	388	128	388	65	69	0.00952381	0	0.852747	2
52	414	244	415	245	65	67	0.0190476	0	0.536264	1
53	614	214	602	216	65	72	0.152381	0	0.47033	2
54	731	175	728	174	65	67	0.0380952	0	0.384615	2
55	188	183	184	183	66	71	0.0380952	0	0.402198	2
56	401	266	402	266	66	67	0.00952381	0	0.584615	1
57	488	234	489	232	66	68	0.047619	0	0.514286	1
58	185	196	181	196	66	78	0.0380952	0	0.430769	2
59	363	257	368	254	66	69	0.133333	0	0.564835	1
60	478	243	478	242	67	68	0.00952381	0	0.534066	1
61	293	287	293	287	67	68	0	0	0.630769	1
62	342	279	346	279	67	68	0.0380952	0	0.613187	1
63	323	437	323	437	67	69	0	0	0.96044	1
64	231	408	231	408	67	69	0	0	0.896703	1
65	191	168	184	169	67	95	0.0761905	0	0.369231	2
66	448	247	449	246	68	69	0.0190476	0	0.542857	1
67	165	97	165	97	68	95	0	0	0.213187	1
68	203	195	199	196	68	74	0.047619	0	0.428571	2
69	165	111	165	112	68	95	0.00952381	0	0.243956	1
70	419	224	428	224	68	75	0.0857143	0	0.492308	1
71	379	260	380	259	68	69	0.0190476	0	0.571429	1
72	827	178	817	177	68	73	0.104762	0	0.391209	2
73	404	267	404	267	68	69	0	0	0.586813	1
74	728	160	717	161	68	76	0.114286	0	0.351648	2
75	526	230	525	230	68	72	0.00952381	0	0.505495	2
76	39	410	43	411	68	95	0.047619	0	0.901099	1
77	415	243	416	243	68	69	0.00952381	0	0.534066	1
78	438	250	438	249	69	70	0.00952381	0	0.549451	1
79	479	242	480	241	69	70	0.0190476	0	0.531868	1
80	200	184	197	184	69	72	0.0285714	0	0.404396	2
81	134	253	135	254	69	72	0.0190476	0	0.556044	1
82	146	302	144	301	69	70	0.0285714	0	0.663736	2
83	490	272	493	270	69	71	0.0666667	0	0.597802	1
84	491	232	492	231	69	71	0.0190476	0	0.50989	1
85	351	279	352	278	69	70	0.0190476	0	0.613187	1
86	456	272	456	272	69	72	0	0	0.597802	1
87	451	247	451	245	70	72	0.0380952	0	0.542857	1
88	367	455	367	454	70	71	0.00952381	0	1	1
89	129	390	129	390	70	74	0	0	0.857143	1
90	324	438	324	438	70	73	0	0	0.962637	1
91	355	238	361	239	70	73	0.0666667	0	0.523077	1
92	143	225	153	221	70	78	0.247619	0	0.494505	1
93	487	253	489	254	70	73	0.0285714	0	0.556044	1
94	71	377	73	377	70	77	0.0190476	0	0.828571	1
95	383	258	384	256	70	72	0.047619	0	0.567033	1
96	56	386	57	386	70	82	0.00952381	0	0.848352	1
97	412	455	411	454	70	71	0.0190476	0	1	2
98	404	269	405	270	70	72	0.0190476	0	0.591209	1
99	296	439	297	440	70	95	0.0190476	0	0.964835	1
100	439	248	440	247	71	73	0.0190476	0	0.545055	1
101	353	279	354	277	71	72	0.047619	0	0.613187	1
102	27	379	27	380	71	89	0.00952381	0	0.832967	1
103	479	239	479	238	71	72	0.00952381	0	0.525275	1
104	140	300	133	297	71	74	0.152381	0	0.659341	2
105	523	260	524	260	71	73	0.00952381	0	0.571429	1
106	184	184	182	184	72	84	0.0190476	0	0.404396	2
107	373	254	373	255	72	73	0.00952381	0	0.558242	1
108	496	270	497	269	72	73	0.0190476	0	0.593407	1
109	229	437	229	436	72	91	0.00952381	0	0.96044	1
110	51	375	49	375	72	95	0.0190476	0	0.824176	2
111	426	248	428	248	72	73	0.0190476	0	0.545055	1
112	198	185	197	184	73	76	0.0190476	0	0.406593	2
113	181	414	181	414	73	76	0	0	0.90989	1
114	451	244	451	242	73	74	0.0380952	0	0.536264	1
115	137	254	138	253	73	74	0.0190476	0	0.558242	1
116	143	393	146	393	73	78	0.0285714	0	0.863736	1
117	404	273	405	272	73	74	0.0190476	0	0.6	1
118	480	237	480	236	73	74	0.00952381	0	0.520879	1
119	481	187	455	184	73	90	0.333333	0	0.410989	2
120	827	178	823	178	73	75	0.0380952	0	0.391209	2
121	526	231	526	231	73	75	0	0	0.507692	1
122	418	247	429	249	73	80	0.142857	0	0.542857	1
123	316	263	333	262	74	79	0.171429	0	0.578022	1
124	490	256	492	257	74	78	0.0285714	0	0.562637	1
125	441	249	443	249	74	75	0.0190476	0	0.547253	1
126	431	248	432	247	74	75	0.0190476	0	0.545055	1
127	373	279	376	280	74	77	0.0380952	0	0.613187	1
128	483	205	481	204	74	75	0.0285714	0	0.450549	2
129	366	241	371	242	74	76	0.0571429	0	0.52967	1
130	325	438	324	437	74	77	0.0190476	0	0.962637	2
131	525	262	525	261	74	76	0.00952381	0	0.575824	1
132	92	382	93	382	74	79	0.00952381	0	0.83956	1
133	815	178	795	175	74	83	0.27619	0	0.391209	2
134	384	255	384	254	74	76	0.00952381	0	0.56044	1
135	199	197	196	197	75	82	0.0285714	0	0.432967	2
136	40	378	41	378	75	83	0.00952381	0	0.830769	1
137	386	455	385	454	75	82	0.0190476	0	1	2
138	140	254	142	253	75	76	0.0285714	0	0.558242	1
139	130	389	130	388	75	95	0.00952381	0	0.854945	1
140	131	296	122	295	75	78	0.0952381	0	0.650549	2
141	773	86	768	82	75	93	0.2	0	0.189011	2
142	197	169	194	169	75	95	0.0285714	0	0.371429	2
143	229	426	229	425	75	82	0.00952381	0	0.936264	1
144	497	233	501	231	75	78	0.0761905	0	0.512088	1
145	499	268	523	259	75	83	1	0	0.589011	1
146	32	389	31	388	75	95	0.0190476	0	0.854945	2
147	480	236	483	233	75	86	0.114286	0	0.518681	1
148	459	450	455	450	75	83	0.0380952	0	0.989011	2
149	220	70	220	70	75	95	0	0	0.153846	1
150	452	239	451	238	75	76	0.0190476	0	0.525275	2
151	555	291	562	291	76	89	0.0666667	0	0.63956	1
152	429	226	432	228	76	78	0.0666667	0	0.496703	1
153	368	455	368	454	76	82	0.00952381	0	1	1
154	447	248	450	247	76	77	0.0380952	0	0.545055	1
155	526	231	529	228	76	79	0.114286	0	0.507692	1
156	153	403	154	403	76	89	0.00952381	0	0.885714	1
157	373	262	375	262	76	77	0.0190476	0	0.575824	1
158	317	288	318	289	76	77	0.0190476	0	0.632967	1
159	197	185	195	185	77	95	0.0190476	0	0.406593	2
160	393	256	394	255	77	78	0.0190476	0	0.562637	1
161	146	252	148	250	77	78	0.0571429	0	0.553846	1
162	716	162	707	161	77	82	0.0952381	0	0.356044	2
163	373	242	379	242	77	79	0.0571429	0	0.531868	1
164	528	261	530	260	77	78	0.0285714	0	0.573626	1
165	192	423	191	422	77	79	0.0190476	0	0.92967	2
166	822	179	814	177	77	80	0.114286	0	0.393407	2
167	375	281	377	280	78	80	0.0285714	0	0.617582	1
168	185	438	184	436	78	80	0.047619	0	0.962637	2
169	425	271	429	270	78	79	0.047619	0	0.595604	1
170	455	249	460	248	78	80	0.0571429	0	0.547253	1
171	321	291	324	292	78	81	0.0380952	0	0.63956	1
172	365	283	366	282	78	81	0.0190476	0	0.621978	1
173	413	455	413	454	78	80	0.00952381	0	1	1
174	377	261	379	260	78	79	0.0285714	0	0.573626	1
175	358	455	358	454	78	80	0.00952381	0	1	1
176	106	386	107	386	78	82	0.00952381	0	0.848352	1
177	184	197	183	197	79	84	0.00952381	0	0.432967	2
178	121	294	113	289	79	84	0.314286	0	0.646154	2
179	154	224	165	224	79	85	0.104762	0	0.492308	1
180	147	250	148	249	79	80	0.0190476	0	0.549451	1
181	395	255	402	253	79	82	0.104762	0	0.56044	1
182	504	231	505	230	79	80	0.0190476	0	0.507692	1
183	492	256	494	256	79	80	0.0190476	0	0.562637	1
184	69	382	68	382	79	82	0.00952381	0	0.83956	2
185	435	228	437	228	79	80	0.0190476	0	0.501099	1
186	336	263	354	261	80	84	0.209524	0	0.578022	1
187	383	243	408	239	80	88	0.390476	0	0.534066	1
188	93	382	93	382	80	86	0	0	0.83956	1
189	542	234	542	234	80	84	0	0	0.514286	1
190	645	217	641	217	80	82	0.0380952	0	0.476923	2
191	709	173	704	172	80	82	0.0571429	0	0.38022	2
192	506	232	510	236	81	85	0.190476	0	0.50989	1
193	381	279	385	280	81	82	0.047619	0	0.613187	1
194	149	250	156	250	81	84	0.0666667	0	0.549451	1
195	431	271	442	270	81	87	0.114286	0	0.595604	1
196	818	206	816	206	81	87	0.0190476	0	0.452747	2
197	811	178	808	177	81	82	0.0380952	0	0.391209	2
198	164	402	164	403	81	91	0.00952381	0	0.883516	1
199	438	247	439	247	81	82	0.00952381	0	0.542857	1
200	472	198	470	197	81	82	0.0285714	0	0.435165	2
201	184	435	183	434	81	83	0.0190476	0	0.956044	2
202	358	455	358	454	81	82	0.00952381	0	1	1
203	194	423	194	422	81	83	0.00952381	0	0.92967	1
204	444	260	450	261	82	85	0.0666667	0	0.571429	1
205	341	287	346	285	82	83	0.0857143	0	0.630769	1
206	429	258	434	257	82	84	0.0571429	0	0.567033	1
207	197	198	195	198	83	95	0.0190476	0	0.435165	2
208	69	380	66	380	83	95	0.0285714	0	0.835165	2
209	108	387	109	387	83	88	0.00952381	0	0.850549	1
210	386	455	386	454	83	84	0.00952381	0	1	1
211	446	236	446	235	83	84	0.00952381	0	0.518681	1
212	406	253	421	253	83	90	0.142857	0	0.556044	1
213	506	259	508	259	83	85	0.0190476	0	0.569231	1
214	368	455	367	454	83	84	0.0190476	0	1	2
215	392	281	396	280	83	84	0.047619	0	0.617582	1
216	234	425	234	424	83	95	0.00952381	0	0.934066	1
217	706	159	694	155	83	89	0.266667	0	0.349451	2
218	703	174	701	173	83	84	0.0285714	0	0.382418	2
219	221	414	220	413	83	85	0.0190476	0	0.90989	2
220	468	198	464	198	83	85	0.0380952	0	0.435165	2
221	807	176	797	175	83	86	0.104762	0	0.386813	2
222	40	379	39	378	84	95	0.0190476	0	0.832967	2
223	532	256	534	255	84	85	0.0285714	0	0.562637	1
224	794	176	754	171	84	95	0.619048	0	0.386813	2
225	450	270	451	269	84	87	0.0190476	0	0.593407	1
226	195	423	198	423	84	95	0.0285714	0	0.92967	1
227	182	410	180	409	84	87	0.0285714	0	0.901099	2
228	183	198	182	197	85	95	0.0190476	0	0.435165	2
229	183	186	182	185	85	95	0.0190476	0	0.408791	2
230	447	237	447	236	85	86	0.00952381	0	0.520879	1
231	360	261	377	260	85	89	0.171429	0	0.573626	1
232	695	171	678	169	85	93	0.2	0	0.375824	2
233	158	237	159	236	85	86	0.0190476	0	0.520879	1
234	358	455	357	454	85	89	0.0190476	0	1	2
235	532	227	531	227	85	86	0.00952381	0	0.498901	2
236	220	416	219	415	86	89	0.0190476	0	0.914286	2
237	385	455	385	454	86	95	0.00952381	0	1	1
238	457	242	458	240	86	87	0.047619	0	0.531868	1
239	110	287	101	281	86	90	0.428571	0	0.630769	2
240	452	260	455	256	86	90	0.180952	0	0.571429	1
241	168	220	180	215	86	93	0.352381	0	0.483516	1
242	166	249	166	248	86	87	0.00952381	0	0.547253	1
243	533	257	534	256	86	87	0.0190476	0	0.564835	1
244	97	299	93	299	86	88	0.0380952	0	0.657143	2
245	92	383	91	383	87	90	0.00952381	0	0.841758	2
246	367	455	366	454	87	89	0.0190476	0	1	2
247	164	232	173	228	87	92	0.238095	0	0.50989	1
248	484	232	485	229	87	89	0.0952381	0	0.50989	1
249	514	236	520	238	87	90	0.0952381	0	0.518681	1
250	792	175	777	174	87	91	0.152381	0	0.384615	2
251	174	399	174	398	87	90	0.00952381	0	0.876923	1
252	510	260	510	260	87	88	0	0	0.571429	1
253	413	455	413	454	87	90	0.00952381	0	1	1
254	166	249	167	248	88	89	0.0190476	0	0.547253	1
255	459	240	459	238	88	89	0.0380952	0	0.527473	1
256	449	239	448	237	88	89	0.047619	0	0.525275	2
257	536	217	532	216	88	91	0.047619	0	0.476923	2
258	181	409	180	408	88	90	0.0190476	0	0.898901	2
259	111	387	112	386	89	95	0.0190476	0	0.850549	1
260	524	260	525	259	89	90	0.0190476	0	0.571429	1
261	464	222	466	222	89	90	0.0190476	0	0.487912	1
262	508	262	516	261	89	94	0.0857143	0	0.575824	1
263	360	291	373	289	89	92	0.161905	0	0.63956	1
264	27	378	27	377	90	95	0.00952381	0	0.830769	1
265	544	290	532	290	90	95	0.114286	0	0.637363	2
266	221	418	221	417	90	95	0.00952381	0	0.918681	1
267	169	248	171	247	90	91	0.0285714	0	0.545055	1
268	200	433	203	433	90	95	0.0285714	0	0.951648	1
269	451	245	452	244	90	91	0.0190476	0	0.538462	1
270	562	292	560	289	90	95	0.104762	0	0.641758	2
271	404	277	406	276	90	91	0.0285714	0	0.608791	1
272	140	392	140	391	90	95	0.00952381	0	0.861538	1
273	414	270	425	268	90	94	0.142857	0	0.593407	1
274	692	157	686	158	90	93	0.0666667	0	0.345055	2
275	378	265	387	265	90	92	0.0857143	0	0.582418	1
276	357	455	357	454	90	95	0.00952381	0	1	1
277	546	259	544	259	90	91	0.0190476	0	0.569231	2
278	448	269	452	268	90	93	0.047619	0	0.591209	1
279	424	255	429	254	91	93	0.0571429	0	0.56044	1
280	179	400	179	399	91	93	0.00952381	0	0.879121	1
281	100	287	95	285	91	93	0.0857143	0	0.630769	2
282	92	383	92	382	91	95	0.00952381	0	0.841758	1
283	526	228	525	229	91	92	0.0190476	0	0.501099	2
284	470	223	472	222	91	92	0.0285714	0	0.49011	1
285	367	455	367	454	91	95	0.00952381	0	1	1
286	527	245	529	244	91	92	0.0285714	0	0.538462	1
287	519	257	520	257	91	92	0.00952381	0	0.564835	1
288	453	184	447	183	91	95	0.0666667	0	0.404396	2
289	447	233	445	231	91	93	0.0571429	0	0.512088	2
290	466	235	466	234	92	93	0.00952381	0	0.516484	1
291	161	402	162	401	92	95	0.0190476	0	0.883516	1
292	409	276	413	274	92	93	0.0761905	0	0.606593	1
293	775	174	765	172	92	95	0.133333	0	0.382418	2
294	231	435	231	434	92	95	0.00952381	0	0.956044	1
295	484	228	485	226	92	95	0.047619	0	0.501099	1
296	453	202	451	201	92	93	0.0285714	0	0.443956	2
297	532	227	531	227	93	94	0.00952381	0	0.498901	2
298	413	455	413	454	93	95	0.00952381	0	1	1
299	320	441	321	440	93	95	0.0190476	0	0.969231	1
300	460	255	464	254	93	95	0.047619	0	0.56044	1
301	284	414	285	413	93	95	0.0190476	0	0.90989	1
302	125	86	125	85	93	95	0.00952381	0	0.189011	1
303	465	455	465	454	93	95	0.00952381	0	1	1
304	319	243	320	243	93	95	0.00952381	0	0.534066	1
305	94	283	92	281	94	95	0.0571429	0	0.621978	2
306	434	254	437	254	94	95	0.0285714	0	0.558242	1
307	182	216	184	215	94	95	0.0285714	0	0.474725	1
308	534	238	537	238	94	95	0.0285714	0	0.523077	1
309	463	235	464	235	94	95	0.00952381	0	0.516484	1
310	685	160	684	160	94	95	0.00952381	0	0.351648	2
311	180	403	180	402	94	95	0.00952381	0	0.885714	1
312	86	297	84	297	94	95	0.0190476	0	0.652747	2
313	175	234	177	233	94	95	0.0285714	0	0.514286	1
314	436	283	436	283	94	95	0	0	0.621978	1
315	319	450	319	450	94	95	0	0	0.989011	1
316	444	231	443	230	94	95	0.0190476	0	0.507692	2
317	486	244	487	243	94	95	0.0190476	0	0.536264	1
318	763	88	763	88	94	95	0	0	0.193407	1