
0	471	177	470	173	62	64	0.223684	0	0.389011	2
1	48	450	47	449	63	67	0.0263158	0	0.989011	2
2	398	175	397	176	63	65	0.0263158	0	0.384615	2
3	674	150	673	149	64	65	0.0263158	0	0.32967	2
4	489	187	488	186	64	65	0.0263158	0	0.410989	2
5	479	187	478	186	64	65	0.0263158	0	0.410989	2
6	395	164	392	163	64	67	0.0526316	0	0.36044	2
7	684	150	683	150	64	65	0.0131579	0	0.32967	2
8	295	225	296	226	64	67	0.0263158	0	0.494505	1
9	450	191	449	190	64	66	0.0263158	0	0.41978	2
10	395	185	394	185	64	66	0.0131579	0	0.406593	2
11	426	202	426	202	65	66	0	0	0.443956	1
12	471	173	471	172	65	70	0.0131579	0	0.38022	1
13	678	150	678	150	66	67	0	0	0.32967	1
14	505	174	502	173	66	67	0.0526316	0	0.382418	2
15	471	204	470	203	66	68	0.0263158	0	0.448352	2
16	489	185	487	183	66	67	0.0789474	0	0.406593	2
17	487	195	485	193	66	67	0.0789474	0	0.428571	2
18	478	184	478	183	66	67	0.0131579	0	0.404396	1
19	175	236	180	235	66	69	0.0789474	0	0.518681	1
20	512	202	510	200	66	68	0.0789474	0	0.443956	2
21	293	200	299	200	66	70	0.0789474	0	0.43956	1
22	730	152	725	152	66	84	0.0657895	0	0.334066	2
23	175	257	180	256	66	70	0.0789474	0	0.564835	1
24	399	186	398	186	67	68	0.0131579	0	0.408791	2
25	49	449	49	449	68	74	0	0	0.986813	1
26	685	149	686	149	68	71	0.0131579	0	0.327473	1
27	493	194	481	186	68	75	1	0	0.426374	2
28	449	191	448	190	68	69	0.0263158	0	0.41978	2
29	482	181	481	179	68	69	0.0657895	0	0.397802	2
30	494	164	494	163	68	69	0.0131579	0	0.36044	1
31	391	164	388	163	68	70	0.0526316	0	0.36044	2
32	175	275	181	276	68	73	0.0921053	0	0.604396	1
33	498	204	497	203	69	72	0.0263158	0	0.448352	2
34	527	217	528	218	69	71	0.0263158	0	0.476923	1
35	466	205	464	204	69	72	0.0394737	0	0.450549	2
36	454	177	455	177	69	70	0.0131579	0	0.389011	1
37	482	191	480	189	69	70	0.0789474	0	0.41978	2
38	511	185	508	184	69	70	0.0526316	0	0.406593	2
39	433	178	444	173	69	74	0.473684	0	0.391209	1
40	174	303	176	303	69	72	0.0263158	0	0.665934	1
41	702	69	689	69	69	100	0.171053	0	0.151648	2
42	422	183	424	181	69	70	0.0789474	0	0.402198	1
43	435	213	432	213	70	73	0.0394737	0	0.468132	2
44	181	317	183	317	70	73	0.0263158	0	0.696703	1
45	182	236	191	236	70	75	0.118421	0	0.518681	1
46	434	188	435	187	70	71	0.0263158	0	0.413187	1
47	446	202	444	201	70	71	0.0394737	0	0.443956	2
48	521	182	514	182	70	73	0.0921053	0	0.4	2
49	489	165	488	165	70	72	0.0131579	0	0.362637	2
50	436	203	431	203	70	73	0.0657895	0	0.446154	2
51	469	188	468	187	70	71	0.0263158	0	0.413187	2
52	676	148	680	147	71	75	0.0657895	0	0.325275	1
53	458	193	457	192	71	72	0.0263158	0	0.424176	2
54	303	203	317	200	71	76	0.302632	0	0.446154	1
55	479	178	477	177	71	72	0.0394737	0	0.391209	2
56	508	184	503	182	71	74	0.118421	0	0.404396	2
57	266	253	265	253	71	73	0.0131579	0	0.556044	2
58	480	188	478	186	71	72	0.0789474	0	0.413187	2
59	754	204	752	205	71	75	0.0394737	0	0.448352	2
60	406	206	408	205	71	72	0.0394737	0	0.452747	1
61	500	171	498	170	71	72	0.0394737	0	0.375824	2
62	399	169	396	169	71	73	0.0394737	0	0.371429	2
63	409	195	411	195	71	72	0.0263158	0	0.428571	1
64	259	230	236	229	72	86	0.315789	0	0.505495	2
65	530	221	535	220	72	77	0.0789474	0	0.485714	1
66	467	175	468	175	72	73	0.0131579	0	0.384615	1
67	352	166	350	164	72	74	0.0789474	0	0.364835	2
68	270	234	270	235	72	73	0.0131579	0	0.514286	1
69	196	252	205	249	72	77	0.236842	0	0.553846	1
70	24	433	24	432	72	73	0.0131579	0	0.951648	1
71	458	191	457	190	73	74	0.0263158	0	0.41978	2
72	259	265	239	268	73	86	0.381579	0	0.582418	2
73	423	192	420	191	73	74	0.0526316	0	0.421978	2
74	459	202	456	200	73	76	0.0921053	0	0.443956	2
75	454	221	453	220	73	74	0.0263158	0	0.485714	2
76	173	314	174	313	73	74	0.0263158	0	0.69011	1
77	500	204	497	202	73	74	0.0921053	0	0.448352	2
78	693	151	696	150	73	74	0.0526316	0	0.331868	1
79	459	233	459	231	73	75	0.0526316	0	0.512088	1
80	433	184	434	184	73	74	0.0131579	0	0.404396	1
81	456	180	458	179	73	74	0.0394737	0	0.395604	1
82	34	435	44	431	73	84	0.342105	0	0.956044	1
83	683	418	670	413	73	100	0.5	0	0.918681	2
84	556	54	545	54	73	100	0.144737	0	0.118681	2
85	188	297	189	297	73	74	0.0131579	0	0.652747	1
86	614	211	602	209	73	100	0.210526	0	0.463736	2
87	26	354	25	351	73	88	0.131579	0	0.778022	2
88	115	454	110	450	73	100	0.276316	0	0.997802	2
89	447	194	446	193	74	75	0.0263158	0	0.426374	2
90	433	215	432	215	74	76	0.0131579	0	0.472527	2
91	474	184	472	183	74	76	0.0394737	0	0.404396	2
92	270	237	249	237	74	84	0.276316	0	0.520879	2
93	188	284	214	282	74	91	0.394737	0	0.624176	1
94	281	271	276	270	74	79	0.0789474	0	0.595604	2
95	180	274	187	272	74	77	0.144737	0	0.602198	1
96	24	433	26	429	74	87	0.236842	0	0.951648	1
97	543	253	542	250	74	78	0.131579	0	0.556044	2
98	392	163	384	163	74	80	0.105263	0	0.358242	2
99	437	196	432	195	74	76	0.0789474	0	0.430769	2
100	526	211	531	208	74	79	0.184211	0	0.463736	1
101	319	219	323	219	74	76	0.0526316	0	0.481319	1
102	457	190	456	190	75	76	0.0131579	0	0.417582	2
103	525	245	526	245	75	77	0.0131579	0	0.538462	1
104	452	219	451	219	75	77	0.0131579	0	0.481319	2
105	175	314	186	310	75	81	0.355263	0	0.69011	1
106	425	203	423	202	75	76	0.0394737	0	0.446154	2
107	424	184	422	182	75	76	0.0789474	0	0.404396	2
108	51	452	58	447	75	84	0.421053	0	0.993407	1
109	700	151	704	151	75	78	0.0526316	0	0.331868	1
110	486	172	484	171	75	76	0.0394737	0	0.378022	2
111	489	200	485	199	75	76	0.0657895	0	0.43956	2
112	278	260	273	259	75	79	0.0789474	0	0.571429	2
113	501	182	498	182	75	76	0.0394737	0	0.4	2
114	461	179	462	178	75	76	0.0263158	0	0.393407	1
115	438	179	440	179	75	76	0.0263158	0	0.393407	1
116	353	186	350	186	75	80	0.0394737	0	0.408791	2
117	446	193	445	193	76	77	0.0131579	0	0.424176	2
118	680	147	684	146	76	78	0.0657895	0	0.323077	1
119	692	150	694	150	76	77	0.0263158	0	0.32967	1
120	183	304	188	301	76	78	0.184211	0	0.668132	1
121	392	175	389	175	76	78	0.0394737	0	0.384615	2
122	455	190	454	190	77	78	0.0131579	0	0.417582	2
123	181	284	212	283	77	95	0.421053	0	0.624176	1
124	253	247	239	243	77	82	0.394737	0	0.542857	2
125	431	214	429	212	77	78	0.0789474	0	0.47033	2
126	198	235	203	235	77	79	0.0657895	0	0.516484	1
127	474	174	473	172	77	79	0.0657895	0	0.382418	2
128	460	204	457	205	77	80	0.0526316	0	0.448352	2
129	422	203	418	201	77	78	0.105263	0	0.446154	2
130	472	184	472	181	77	80	0.118421	0	0.404396	1
131	450	207	447	208	77	80	0.0526316	0	0.454945	2
132	192	253	199	251	77	80	0.144737	0	0.556044	1
133	752	205	748	204	77	81	0.0657895	0	0.450549	2
134	377	179	372	179	77	80	0.0657895	0	0.393407	2
135	24	448	25	446	77	84	0.0657895	0	0.984615	1
136	415	187	407	183	77	82	0.315789	0	0.410989	2
137	427	183	426	182	77	78	0.0263158	0	0.402198	2
138	486	166	484	165	78	79	0.0394737	0	0.364835	2
139	444	193	443	193	78	79	0.0131579	0	0.424176	2
140	452	220	444	222	78	85	0.157895	0	0.483516	2
141	208	249	213	247	78	80	0.118421	0	0.547253	1
142	256	256	237	255	78	86	0.263158	0	0.562637	2
143	537	219	545	226	78	100	0.75	0	0.481319	1
144	483	176	482	175	78	79	0.0263158	0	0.386813	2
145	24	337	24	336	78	80	0.0131579	0	0.740659	1
146	427	211	422	211	79	80	0.0657895	0	0.463736	2
147	386	190	385	190	79	80	0.0131579	0	0.417582	2
148	446	183	445	184	79	80	0.0263158	0	0.402198	2
149	28	273	31	272	79	81	0.0526316	0	0.6	1
150	24	296	24	296	79	80	0	0	0.650549	1
151	350	173	348	175	79	82	0.0789474	0	0.38022	2
152	468	162	465	161	79	81	0.0526316	0	0.356044	2
153	482	185	480	184	79	81	0.0394737	0	0.406593	2
154	426	192	417	191	79	83	0.131579	0	0.421978	2
155	417	208	407	208	79	82	0.131579	0	0.457143	2
156	531	248	535	247	79	82	0.0657895	0	0.545055	1
157	457	173	460	172	79	80	0.0526316	0	0.38022	1
158	481	171	480	169	80	81	0.0657895	0	0.375824	2
159	453	195	452	195	80	81	0.0131579	0	0.428571	2
160	484	161	482	160	80	81	0.0394737	0	0.353846	2
161	696	149	699	148	80	81	0.0526316	0	0.327473	1
162	208	237	211	239	80	81	0.0921053	0	0.520879	1
163	268	255	236	253	80	89	0.473684	0	0.56044	2
164	479	204	481	204	80	82	0.0263158	0	0.448352	1
165	753	193	753	193	80	81	0	0	0.424176	1
166	448	209	447	209	81	82	0.0131579	0	0.459341	2
167	442	197	442	199	81	84	0.0526316	0	0.432967	1
168	24	337	24	336	81	85	0.0131579	0	0.740659	1
169	458	206	457	207	81	82	0.0263158	0	0.452747	2
170	334	203	336	203	81	82	0.0263158	0	0.446154	1
171	457	176	462	175	81	83	0.0789474	0	0.386813	1
172	345	164	344	163	81	83	0.0263158	0	0.36044	2
173	537	208	542	207	81	87	0.0789474	0	0.457143	1
174	351	191	350	191	81	82	0.0131579	0	0.41978	2
175	204	455	204	455	81	82	0	0	1	1
176	452	194	451	194	82	83	0.0131579	0	0.426374	2
177	700	149	702	148	82	83	0.0394737	0	0.327473	1
178	464	164	463	163	82	83	0.0263158	0	0.36044	2
179	190	311	202	314	82	88	0.276316	0	0.683516	1
180	491	181	490	180	82	83	0.0263158	0	0.397802	2
181	482	160	481	159	82	83	0.0263158	0	0.351648	2
182	214	240	222	240	82	84	0.105263	0	0.527473	1
183	471	198	470	199	82	83	0.0263158	0	0.435165	2
184	378	187	371	187	82	85	0.0921053	0	0.410989	2
185	195	327	204	332	82	93	0.447368	0	0.718681	1
186	37	445	37	445	82	84	0	0	0.978022	1
187	349	215	350	214	82	83	0.0263158	0	0.472527	1
188	197	292	203	292	82	88	0.0789474	0	0.641758	1
189	407	188	405	187	83	84	0.0394737	0	0.413187	2
190	406	209	377	208	83	91	0.394737	0	0.459341	2
191	745	207	736	208	83	90	0.131579	0	0.454945	2
192	454	208	453	208	83	84	0.0131579	0	0.457143	2
193	344	185	343	184	83	84	0.0263158	0	0.406593	2
194	343	174	340	172	83	86	0.0921053	0	0.382418	2
195	536	250	535	248	83	89	0.0657895	0	0.549451	2
196	355	183	351	183	83	87	0.0526316	0	0.402198	2
197	214	295	218	293	83	86	0.105263	0	0.648352	1
198	204	301	209	302	83	88	0.0789474	0	0.661538	1
199	258	280	247	280	83	89	0.144737	0	0.615385	2
200	234	241	231	240	84	85	0.0526316	0	0.52967	2
201	706	148	708	148	84	85	0.0263158	0	0.325275	1
202	458	165	450	165	84	88	0.105263	0	0.362637	2
203	415	211	407	209	84	87	0.157895	0	0.463736	2
204	484	161	483	160	84	85	0.0263158	0	0.353846	2
205	465	177	468	176	84	86	0.0526316	0	0.389011	1
206	623	177	614	176	84	100	0.131579	0	0.389011	2
207	725	153	730	152	85	88	0.0789474	0	0.336264	1
208	40	445	38	444	85	87	0.0394737	0	0.978022	2
209	343	185	339	185	85	87	0.0526316	0	0.406593	2
210	403	186	395	184	85	87	0.157895	0	0.408791	2
211	351	173	350	173	85	86	0.0131579	0	0.38022	2
212	410	198	407	196	85	86	0.0921053	0	0.435165	2
213	442	198	439	197	85	87	0.0526316	0	0.435165	2
214	347	200	348	201	85	86	0.0263158	0	0.43956	1
215	50	287	56	284	85	87	0.197368	0	0.630769	1
216	352	213	356	211	85	87	0.105263	0	0.468132	1
217	483	169	483	169	86	87	0	0	0.371429	1
218	443	225	439	225	86	88	0.0526316	0	0.494505	2
219	484	189	483	190	86	87	0.0263158	0	0.415385	2
220	707	149	705	148	86	87	0.0394737	0	0.327473	2
221	363	189	360	190	86	87	0.0526316	0	0.415385	2
222	377	190	372	190	86	87	0.0657895	0	0.417582	2
223	456	180	455	180	86	87	0.0131579	0	0.395604	2
224	483	159	477	158	86	88	0.0921053	0	0.349451	2
225	363	179	354	180	86	88	0.131579	0	0.393407	2
226	235	270	230	269	87	88	0.0789474	0	0.593407	2
227	481	180	479	181	87	88	0.0394737	0	0.395604	2
228	236	255	230	254	87	88	0.0921053	0	0.56044	2
229	354	201	355	200	87	89	0.0263158	0	0.441758	1
230	470	176	474	175	87	91	0.0657895	0	0.386813	1
231	57	435	52	433	87	90	0.118421	0	0.956044	2
232	27	451	24	451	87	88	0.0394737	0	0.991209	2
233	442	195	438	194	88	89	0.0657895	0	0.428571	2
234	712	151	709	151	88	89	0.0394737	0	0.331868	2
235	702	149	698	148	88	100	0.0657895	0	0.327473	2
236	455	178	453	178	88	89	0.0263158	0	0.391209	2
237	459	205	457	204	88	89	0.0394737	0	0.450549	2
238	224	237	210	237	88	98	0.184211	0	0.520879	2
239	551	249	549	249	88	89	0.0263158	0	0.547253	2
240	38	445	35	444	88	89	0.0526316	0	0.978022	2
241	336	187	331	188	88	90	0.0789474	0	0.410989	2
242	236	240	229	239	88	90	0.105263	0	0.527473	2
243	542	209	540	209	88	89	0.0263158	0	0.459341	2
244	449	208	444	207	88	91	0.0789474	0	0.457143	2
245	463	164	458	164	88	89	0.0657895	0	0.36044	2
246	452	188	452	187	88	89	0.0131579	0	0.413187	1
247	216	249	211	248	88	91	0.0789474	0	0.547253	2
248	344	211	344	210	88	89	0.0131579	0	0.463736	1
249	825	91	821	90	88	100	0.0657895	0	0.2	2
250	343	173	339	173	88	89	0.0526316	0	0.38022	2
251	220	262	210	259	88	97	0.25	0	0.575824	2
252	227	269	224	268	89	90	0.0526316	0	0.591209	2
253	437	226	433	224	89	94	0.105263	0	0.496703	2
254	478	184	478	185	89	90	0.0131579	0	0.404396	1
255	468	161	464	161	89	90	0.0526316	0	0.353846	2
256	48	449	52	449	89	95	0.0526316	0	0.986813	1
257	350	221	361	219	89	93	0.197368	0	0.485714	1
258	201	318	218	317	89	97	0.236842	0	0.698901	1
259	742	199	741	198	89	92	0.0263158	0	0.437363	2
260	63	277	66	276	89	90	0.0526316	0	0.608791	1
261	287	378	286	378	89	100	0.0131579	0	0.830769	2
262	436	205	434	204	89	90	0.0394737	0	0.450549	2
263	724	152	727	151	90	91	0.0526316	0	0.334066	1
264	435	188	433	186	90	93	0.0789474	0	0.413187	2
265	708	151	708	151	90	100	0	0	0.331868	1
266	37	444	38	443	90	95	0.0263158	0	0.975824	1
267	454	179	455	178	90	91	0.0263158	0	0.393407	1
268	736	153	740	153	90	91	0.0526316	0	0.336264	1
269	227	229	223	228	90	94	0.0657895	0	0.503297	2
270	451	168	449	168	90	91	0.0263158	0	0.369231	2
271	385	198	379	198	90	92	0.0789474	0	0.435165	2
272	233	253	230	252	90	93	0.0526316	0	0.556044	2
273	234	264	233	263	90	91	0.0263158	0	0.58022	2
274	331	177	329	180	90	92	0.144737	0	0.389011	2
275	195	455	196	454	90	98	0.0263158	0	1	1
276	27	441	28	441	90	100	0.0131579	0	0.969231	1
277	263	381	264	381	90	100	0.0131579	0	0.837363	1
278	507	211	509	212	90	99	0.0394737	0	0.463736	1
279	357	182	350	183	90	97	0.105263	0	0.4	2
280	483	196	485	194	91	92	0.0789474	0	0.430769	1
281	223	271	223	270	91	93	0.0131579	0	0.595604	1
282	738	210	741	212	91	95	0.0921053	0	0.461538	1
283	717	149	721	148	91	92	0.0657895	0	0.327473	1
284	464	160	460	161	91	94	0.0657895	0	0.351648	2
285	383	187	378	186	91	93	0.0789474	0	0.410989	2
286	427	197	424	197	91	95	0.0394737	0	0.432967	2
287	495	203	496	203	91	92	0.0131579	0	0.446154	1
288	444	194	440	196	91	99	0.105263	0	0.426374	2
289	431	211	429	210	91	94	0.0394737	0	0.463736	2
290	739	153	741	153	92	93	0.0263158	0	0.336264	1
291	229	238	225	238	92	97	0.0526316	0	0.523077	2
292	66	446	67	445	92	97	0.0263158	0	0.98022	1
293	441	207	440	206	92	93	0.0263158	0	0.454945	2
294	217	248	212	248	92	98	0.0657895	0	0.545055	2
295	218	283	234	285	92	98	0.263158	0	0.621978	1
296	479	176	481	176	92	93	0.0263158	0	0.386813	1
297	542	209	543	211	92	96	0.0657895	0	0.459341	1
298	74	273	82	272	92	94	0.118421	0	0.6	1
299	53	432	60	430	92	100	0.144737	0	0.949451	1
300	731	152	736	152	93	94	0.0657895	0	0.334066	1
301	451	181	450	183	93	95	0.0657895	0	0.397802	2
302	486	203	490	203	93	94	0.0526316	0	0.446154	1
303	493	183	494	182	93	94	0.0263158	0	0.402198	1
304	385	206	382	207	93	94	0.0526316	0	0.452747	2
305	447	227	445	227	93	94	0.0263158	0	0.498901	2
306	225	269	223	269	94	95	0.0263158	0	0.591209	2
307	750	153	755	153	94	96	0.0657895	0	0.336264	1
308	433	186	429	190	94	100	0.263158	0	0.408791	2
309	450	166	448	165	94	95	0.0394737	0	0.364835	2
310	227	259	226	259	94	95	0.0131579	0	0.569231	2
311	441	207	440	206	94	95	0.0263158	0	0.454945	2
312	554	252	557	253	94	100	0.0526316	0	0.553846	1
313	483	175	485	175	94	95	0.0263158	0	0.384615	1
314	554	236	554	236	94	95	0	0	0.518681	1
315	544	248	536	250	94	100	0.157895	0	0.545055	2
316	206	332	209	332	94	95	0.0394737	0	0.72967	1
317	72	302	101	302	94	99	0.381579	0	0.663736	1
318	718	152	717	152	94	100	0.0131579	0	0.334066	2
319	432	223	426	223	95	99	0.0789474	0	0.49011	2
320	224	228	219	229	95	98	0.0789474	0	0.501099	2
321	458	168	455	168	95	97	0.0394737	0	0.369231	2
322	373	189	377	188	95	96	0.0657895	0	0.415385	1
323	740	154	745	155	95	96	0.0789474	0	0.338462	1
324	438	162	433	162	95	99	0.0657895	0	0.356044	2
325	224	306	224	306	95	96	0	0	0.672527	1
326	88	275	97	275	95	97	0.118421	0	0.604396	1
327	479	197	482	197	95	96	0.0394737	0	0.432967	1
328	369	199	372	198	95	96	0.0526316	0	0.437363	1
329	430	210	428	209	95	99	0.0394737	0	0.461538	2
330	225	319	226	318	95	96	0.0263158	0	0.701099	1
331	217	287	225	288	96	100	0.118421	0	0.630769	1
332	220	270	217	269	96	97	0.0526316	0	0.593407	2
333	741	212	741	212	96	98	0	0	0.465934	1
334	38	444	37	444	96	100	0.0131579	0	0.975824	2
335	429	199	426	201	96	99	0.0921053	0	0.437363	2
336	439	206	437	207	96	98	0.0394737	0	0.452747	2
337	492	192	497	191	96	98	0.0789474	0	0.421978	1
338	446	171	445	171	96	97	0.0131579	0	0.375824	2
339	378	208	381	207	96	98	0.0526316	0	0.457143	1
340	229	252	226	255	96	99	0.157895	0	0.553846	2
341	481	175	483	174	96	98	0.0394737	0	0.384615	1
342	462	178	462	178	96	97	0	0	0.391209	1
343	339	190	336	189	96	97	0.0526316	0	0.417582	2
344	366	186	360	187	96	98	0.0921053	0	0.408791	2
345	762	154	773	154	97	100	0.144737	0	0.338462	1
346	447	183	445	183	97	98	0.0263158	0	0.402198	2
347	373	184	370	184	97	98	0.0394737	0	0.404396	2
348	550	250	548	250	97	99	0.0263158	0	0.549451	2
349	222	333	226	332	97	98	0.0657895	0	0.731868	1
350	484	197	486	197	97	98	0.0263158	0	0.432967	1
351	750	153	753	153	98	99	0.0394737	0	0.336264	1
352	212	268	209	268	98	99	0.0394737	0	0.589011	2
353	222	240	221	241	98	99	0.0263158	0	0.527473	2
354	221	317	227	319	98	100	0.131579	0	0.696703	1
355	374	197	376	197	98	99	0.0263158	0	0.432967	1
356	225	263	223	263	98	99	0.0263158	0	0.578022	2
357	357	210	352	210	98	100	0.0657895	0	0.461538	2
358	493	180	496	180	98	100	0.0394737	0	0.395604	1
359	464	160	458	161	98	100	0.0921053	0	0.351648	2
360	347	181	347	181	98	99	0	0	0.397802	1
361	67	446	67	445	98	100	0.0131579	0	0.98022	1
362	441	172	439	172	98	99	0.0263158	0	0.378022	2
363	213	255	211	256	99	100	0.0394737	0	0.56044	2
364	218	231	217	232	99	100	0.0263158	0	0.507692	2
365	209	241	208	242	99	100	0.0263158	0	0.52967	2
366	481	179	481	178	99	100	0.0131579	0	0.393407	1
367	439	210	438	210	99	100	0.0131579	0	0.461538	2
368	236	289	237	289	99	100	0.0131579	0	0.635165	1
369	362	192	358	192	99	100	0.0526316	0	0.421978	2
370	740	216	739	216	99	100	0.0131579	0	0.474725	2
371	231	278	232	278	99	100	0.0131579	0	0.610989	1
372	107	276	112	276	99	100	0.0657895	0	0.606593	1