
0	518	283	517	282	147	148	0.010929	0	0.621978	2
1	155	336	155	337	147	148	0.00546448	0	0.738462	1
2	156	370	156	370	147	150	0	0	0.813187	1
3	651	298	647	299	147	158	0.0273224	0	0.654945	2
4	535	331	534	330	148	149	0.010929	0	0.727473	2
5	158	355	163	351	148	152	0.114754	0	0.78022	1
6	756	278	755	278	148	149	0.00546448	0	0.610989	2
7	492	267	492	266	148	149	0.00546448	0	0.586813	1
8	514	228	514	224	148	154	0.0874317	0	0.501099	1
9	178	188	179	186	148	152	0.0273224	0	0.413187	1
10	183	221	183	221	148	149	0	0	0.485714	1
11	687	263	684	265	148	150	0.0382514	0	0.578022	2
12	681	436	684	440	148	185	0.103825	0	0.958242	1
13	796	336	799	340	148	185	0.103825	0	0.738462	1
14	77	417	73	419	148	164	0.0437158	0	0.916484	2
15	535	321	534	320	148	149	0.010929	0	0.705495	2
16	335	377	338	382	148	185	0.153005	0	0.828571	1
17	162	313	159	314	149	151	0.0218579	0	0.687912	2
18	568	269	561	267	149	151	0.0601093	0	0.591209	2
19	158	338	160	336	149	151	0.0327869	0	0.742857	1
20	517	253	516	253	149	150	0.00546448	0	0.556044	2
21	526	265	525	260	149	151	0.142077	0	0.582418	2
22	425	284	424	282	149	153	0.0273224	0	0.624176	2
23	439	233	440	233	149	153	0.00546448	0	0.512088	1
24	435	282	434	281	149	150	0.010929	0	0.61978	2
25	449	278	446	277	149	150	0.0218579	0	0.610989	2
26	714	244	710	240	149	151	0.10929	0	0.536264	2
27	569	257	567	255	149	150	0.0327869	0	0.564835	2
28	506	256	507	254	150	154	0.0273224	0	0.562637	1
29	464	286	458	284	150	152	0.0546448	0	0.628571	2
30	528	280	521	275	150	160	0.174863	0	0.615385	2
31	704	288	696	285	150	153	0.0928962	0	0.632967	2
32	496	254	502	254	150	158	0.0327869	0	0.558242	1
33	578	253	576	245	150	152	0.360656	0	0.556044	2
34	142	454	140	452	150	151	0.0327869	0	0.997802	2
35	149	347	150	347	150	151	0.00546448	0	0.762637	1
36	185	219	186	218	150	151	0.010929	0	0.481319	1
37	574	271	568	267	150	152	0.120219	0	0.595604	2
38	689	247	685	246	150	151	0.0273224	0	0.542857	2
39	223	363	221	362	150	154	0.0163934	0	0.797802	2
40	148	357	148	359	151	153	0.0218579	0	0.784615	1
41	215	349	209	348	151	156	0.0382514	0	0.767033	2
42	600	238	600	236	151	153	0.0218579	0	0.523077	1
43	622	247	621	245	151	152	0.0273224	0	0.542857	2
44	471	271	468	269	151	152	0.0382514	0	0.595604	2
45	470	307	468	306	151	152	0.0163934	0	0.674725	2
46	632	263	629	262	151	160	0.0218579	0	0.578022	2
47	515	275	514	272	151	153	0.0546448	0	0.604396	2
48	797	446	801	451	151	185	0.15847	0	0.98022	1
49	480	271	481	270	152	153	0.010929	0	0.595604	1
50	612	226	617	227	152	157	0.0327869	0	0.496703	1
51	162	314	171	311	152	157	0.0983607	0	0.69011	1
52	588	240	588	240	152	153	0	0	0.527473	1
53	553	277	552	277	152	153	0.00546448	0	0.608791	2
54	477	284	457	279	152	162	0.245902	0	0.624176	2
55	585	269	585	269	152	153	0	0	0.591209	1
56	557	265	554	263	152	153	0.0382514	0	0.582418	2
57	185	218	186	218	152	154	0.00546448	0	0.479121	1
58	161	338	163	341	152	153	0.0601093	0	0.742857	1
59	151	347	153	348	152	153	0.0163934	0	0.762637	1
60	466	294	466	294	152	153	0	0	0.646154	1
61	651	258	650	258	152	154	0.00546448	0	0.567033	2
62	664	258	662	259	152	153	0.0163934	0	0.567033	2
63	728	252	722	250	152	154	0.0546448	0	0.553846	2
64	139	336	143	336	152	154	0.0218579	0	0.738462	1
65	753	276	752	276	152	153	0.00546448	0	0.606593	2
66	214	384	217	384	152	154	0.0163934	0	0.843956	1
67	456	284	451	283	153	155	0.0327869	0	0.624176	2
68	577	238	576	234	153	155	0.0928962	0	0.523077	2
69	521	214	522	209	153	156	0.142077	0	0.47033	1
70	458	255	452	253	153	155	0.0546448	0	0.56044	2
71	564	267	561	264	153	154	0.0655738	0	0.586813	2
72	539	312	542	306	153	159	0.213115	0	0.685714	1
73	686	238	683	236	153	154	0.0382514	0	0.523077	2
74	616	265	614	268	153	156	0.0601093	0	0.582418	2
75	466	269	464	267	153	154	0.0327869	0	0.591209	2
76	441	289	435	293	153	157	0.120219	0	0.635165	2
77	137	453	138	454	153	158	0.010929	0	0.995604	1
78	548	322	548	321	153	154	0.00546448	0	0.707692	1
79	575	314	574	313	153	154	0.010929	0	0.69011	2
80	444	264	441	263	153	154	0.0218579	0	0.58022	2
81	707	233	699	231	153	155	0.0655738	0	0.512088	2
82	203	323	207	323	153	157	0.0218579	0	0.70989	1
83	244	378	243	379	153	156	0.010929	0	0.830769	2
84	587	270	588	269	154	155	0.010929	0	0.593407	1
85	551	262	545	260	154	156	0.0546448	0	0.575824	2
86	154	350	155	349	154	155	0.010929	0	0.769231	1
87	599	235	602	235	154	157	0.0163934	0	0.516484	1
88	526	259	526	260	154	155	0.00546448	0	0.569231	1
89	671	309	667	312	154	159	0.0710383	0	0.679121	2
90	425	283	425	284	154	157	0.00546448	0	0.621978	1
91	565	250	564	248	154	155	0.0273224	0	0.549451	2
92	692	285	689	284	154	155	0.0218579	0	0.626374	2
93	515	272	514	271	154	155	0.010929	0	0.597802	2
94	604	245	606	245	154	156	0.010929	0	0.538462	1
95	478	334	477	335	154	156	0.010929	0	0.734066	2
96	148	360	154	361	154	158	0.0382514	0	0.791209	1
97	675	288	675	289	154	156	0.00546448	0	0.632967	1
98	693	242	687	239	154	156	0.0819672	0	0.531868	2
99	663	257	659	258	154	155	0.0273224	0	0.564835	2
100	507	253	508	253	155	156	0.00546448	0	0.556044	1
101	469	271	468	270	155	157	0.010929	0	0.595604	2
102	506	225	507	224	155	156	0.010929	0	0.494505	1
103	188	218	190	218	155	156	0.010929	0	0.479121	1
104	679	235	675	233	155	157	0.0437158	0	0.516484	2
105	649	258	648	258	155	156	0.00546448	0	0.567033	2
106	558	263	555	262	155	156	0.0218579	0	0.578022	2
107	669	267	665	265	155	157	0.0437158	0	0.586813	2
108	603	270	605	271	155	156	0.0163934	0	0.593407	1
109	448	268	444	267	155	157	0.0273224	0	0.589011	2
110	174	361	177	362	155	156	0.0218579	0	0.793407	1
111	437	309	433	313	155	161	0.10929	0	0.679121	2
112	506	243	509	240	155	158	0.0655738	0	0.534066	1
113	783	339	788	344	155	185	0.163934	0	0.745055	1
114	654	248	651	248	155	156	0.0163934	0	0.545055	2
115	783	108	787	112	155	185	0.10929	0	0.237363	1
116	559	86	564	91	155	185	0.163934	0	0.189011	1
117	185	186	198	187	155	161	0.0765027	0	0.408791	1
118	528	297	523	298	155	158	0.0327869	0	0.652747	2
119	470	261	467	261	155	159	0.0163934	0	0.573626	2
120	573	313	573	313	155	156	0	0	0.687912	1
121	239	362	244	363	156	162	0.0327869	0	0.795604	1
122	576	234	574	233	156	159	0.0163934	0	0.514286	2
123	528	249	527	248	156	158	0.010929	0	0.547253	2
124	590	270	595	279	156	164	0.469945	0	0.593407	1
125	513	272	511	271	156	157	0.0163934	0	0.597802	2
126	435	269	433	269	156	157	0.010929	0	0.591209	2
127	495	277	496	277	156	157	0.00546448	0	0.608791	1
128	661	246	658	245	156	157	0.0218579	0	0.540659	2
129	497	267	499	266	156	157	0.0163934	0	0.586813	1
130	110	447	114	451	156	185	0.10929	0	0.982418	1
131	156	35	160	39	157	185	0.10929	0	0.0769231	1
132	169	34	172	38	157	185	0.103825	0	0.0747253	1
133	512	288	512	287	157	158	0.00546448	0	0.632967	1
134	483	300	484	301	157	158	0.010929	0	0.659341	1
135	519	212	521	217	157	169	0.147541	0	0.465934	1
136	545	261	543	259	157	158	0.0327869	0	0.573626	2
137	675	288	670	287	157	159	0.0327869	0	0.632967	2
138	192	220	195	221	157	158	0.0218579	0	0.483516	1
139	620	244	623	242	157	158	0.0382514	0	0.536264	1
140	649	259	648	259	157	158	0.00546448	0	0.569231	2
141	668	249	665	248	157	158	0.0218579	0	0.547253	2
142	449	253	447	252	157	158	0.0163934	0	0.556044	2
143	572	243	579	247	157	166	0.125683	0	0.534066	1
144	587	254	589	255	157	159	0.0163934	0	0.558242	1
145	181	362	184	360	157	158	0.0382514	0	0.795604	1
146	685	239	676	240	157	160	0.0546448	0	0.525275	2
147	163	332	166	328	157	158	0.103825	0	0.72967	1
148	237	337	239	336	157	161	0.0163934	0	0.740659	1
149	102	411	92	419	157	185	0.404372	0	0.903297	2
150	182	231	195	231	157	160	0.0710383	0	0.507692	1
151	655	244	653	244	158	159	0.010929	0	0.536264	2
152	172	313	192	310	158	162	0.15847	0	0.687912	1
153	432	294	430	294	158	160	0.010929	0	0.646154	2
154	433	268	433	269	158	159	0.00546448	0	0.589011	1
155	665	238	661	238	158	159	0.0218579	0	0.523077	2
156	617	252	619	252	158	159	0.010929	0	0.553846	1
157	443	267	442	267	158	160	0.00546448	0	0.586813	2
158	638	254	636	256	158	161	0.0327869	0	0.558242	2
159	214	184	219	188	158	161	0.114754	0	0.404396	1
160	178	343	181	343	158	159	0.0163934	0	0.753846	1
161	116	435	116	438	158	164	0.0491803	0	0.956044	1
162	205	341	205	332	158	160	0.442623	0	0.749451	1
163	200	192	205	196	158	160	0.114754	0	0.421978	1
164	683	291	679	291	158	159	0.0218579	0	0.63956	2
165	528	249	523	246	159	162	0.0765027	0	0.547253	2
166	622	233	624	236	159	160	0.0601093	0	0.512088	1
167	488	303	490	303	159	160	0.010929	0	0.665934	1
168	492	287	495	287	159	160	0.0163934	0	0.630769	1
169	443	254	441	254	159	160	0.010929	0	0.558242	2
170	510	253	511	252	159	160	0.010929	0	0.556044	1
171	543	259	542	259	159	160	0.00546448	0	0.569231	2
172	664	250	651	251	159	164	0.0765027	0	0.549451	2
173	581	276	580	278	159	161	0.0273224	0	0.606593	2
174	207	174	210	176	159	161	0.0382514	0	0.382418	1
175	425	285	424	285	159	160	0.00546448	0	0.626374	2
176	687	229	670	226	159	162	0.142077	0	0.503297	2
177	615	262	617	262	159	160	0.010929	0	0.575824	1
178	512	241	511	240	159	161	0.010929	0	0.52967	2
179	461	239	477	239	159	171	0.0874317	0	0.525275	1
180	576	260	576	259	159	161	0.00546448	0	0.571429	1
181	61	423	47	429	159	185	0.273224	0	0.92967	2
182	451	242	454	240	159	162	0.0382514	0	0.531868	1
183	311	359	313	359	159	172	0.010929	0	0.789011	1
184	560	273	559	276	159	160	0.0546448	0	0.6	2
185	576	235	579	236	160	164	0.0218579	0	0.516484	1
186	652	245	644	245	160	163	0.0437158	0	0.538462	2
187	510	227	509	227	160	162	0.00546448	0	0.498901	2
188	552	263	549	262	160	161	0.0218579	0	0.578022	2
189	543	307	549	307	160	175	0.0327869	0	0.674725	1
190	139	455	138	454	160	161	0.010929	0	1	2
191	205	226	204	225	160	161	0.010929	0	0.496703	2
192	479	328	477	325	160	164	0.0601093	0	0.720879	2
193	230	329	230	326	160	161	0.0491803	0	0.723077	1
194	185	343	185	341	160	161	0.0218579	0	0.753846	1
195	432	268	429	266	160	161	0.0382514	0	0.589011	2
196	744	455	742	454	160	161	0.0163934	0	1	2
197	668	313	665	309	160	164	0.103825	0	0.687912	2
198	165	362	181	355	160	163	0.355191	0	0.795604	1
199	449	291	441	291	161	163	0.0437158	0	0.63956	2
200	627	239	628	241	161	162	0.0273224	0	0.525275	1
201	519	275	526	274	161	171	0.0437158	0	0.604396	1
202	495	287	496	289	161	162	0.0273224	0	0.630769	1
203	435	254	430	250	161	164	0.114754	0	0.558242	2
204	208	186	209	187	161	162	0.010929	0	0.408791	1
205	508	271	508	275	161	165	0.0874317	0	0.595604	1
206	512	287	512	287	161	162	0	0	0.630769	1
207	539	258	537	256	161	163	0.0327869	0	0.567033	2
208	557	278	555	282	161	162	0.0983607	0	0.610989	2
209	658	286	650	282	161	164	0.131148	0	0.628571	2
210	664	234	661	233	161	162	0.0218579	0	0.514286	2
211	556	315	556	316	161	163	0.00546448	0	0.692308	1
212	422	285	420	284	161	162	0.0163934	0	0.626374	2
213	433	279	431	278	161	162	0.0163934	0	0.613187	2
214	646	263	643	263	161	162	0.0163934	0	0.578022	2
215	617	236	618	237	161	162	0.010929	0	0.518681	1
216	203	205	206	208	161	164	0.0655738	0	0.450549	1
217	591	255	599	255	161	166	0.0437158	0	0.56044	1
218	650	435	653	437	161	185	0.0382514	0	0.956044	1
219	126	436	129	439	161	185	0.0655738	0	0.958242	1
220	643	232	643	231	162	163	0.00546448	0	0.50989	1
221	254	351	259	351	162	167	0.0273224	0	0.771429	1
222	548	262	546	260	162	163	0.0327869	0	0.575824	2
223	441	281	437	281	162	163	0.0218579	0	0.617582	2
224	428	296	427	297	162	163	0.010929	0	0.650549	2
225	204	226	205	228	162	164	0.0273224	0	0.496703	1
226	215	222	219	222	162	164	0.0218579	0	0.487912	1
227	669	243	666	243	162	163	0.0163934	0	0.534066	2
228	431	265	428	262	162	164	0.0655738	0	0.582418	2
229	202	305	217	306	162	165	0.0874317	0	0.67033	1
230	511	239	511	240	162	163	0.00546448	0	0.525275	1
231	523	256	522	256	162	163	0.00546448	0	0.562637	2
232	680	232	674	232	162	163	0.0327869	0	0.50989	2
233	217	75	221	78	162	185	0.0710383	0	0.164835	1
234	230	325	243	315	162	169	0.617486	0	0.714286	1
235	506	323	506	324	163	165	0.00546448	0	0.70989	1
236	627	240	625	237	163	164	0.0601093	0	0.527473	2
237	521	246	518	244	163	164	0.0382514	0	0.540659	2
238	214	185	222	186	163	167	0.0491803	0	0.406593	1
239	452	254	465	255	163	170	0.0765027	0	0.558242	1
240	234	350	234	349	163	166	0.00546448	0	0.769231	1
241	248	363	251	362	163	167	0.0218579	0	0.797802	1
242	511	229	511	230	163	164	0.00546448	0	0.503297	1
243	212	195	220	197	163	167	0.0655738	0	0.428571	1
244	239	334	253	321	163	171	1	0	0.734066	1
245	622	260	618	258	163	164	0.0437158	0	0.571429	2
246	434	315	433	313	163	167	0.0273224	0	0.692308	2
247	633	252	631	251	163	164	0.0163934	0	0.553846	2
248	537	291	536	289	163	164	0.0273224	0	0.63956	2
249	238	367	238	367	163	164	0	0	0.806593	1
250	664	227	658	226	163	164	0.0382514	0	0.498901	2
251	192	339	217	334	163	168	0.273224	0	0.745055	1
252	451	278	432	274	163	167	0.191257	0	0.610989	2
253	189	317	198	315	163	165	0.0710383	0	0.696703	1
254	455	240	464	242	163	169	0.0710383	0	0.527473	1
255	506	313	511	314	163	169	0.0327869	0	0.687912	1
256	503	303	505	304	164	165	0.0163934	0	0.665934	1
257	641	232	640	231	164	165	0.010929	0	0.50989	2
258	560	273	561	267	164	165	0.202186	0	0.6	1
259	461	272	465	272	164	166	0.0218579	0	0.597802	1
260	544	257	541	250	164	167	0.284153	0	0.564835	2
261	249	374	250	376	164	165	0.0273224	0	0.821978	1
262	663	244	660	243	164	165	0.0218579	0	0.536264	2
263	641	247	640	244	164	167	0.0546448	0	0.542857	2
264	554	321	555	321	164	167	0.00546448	0	0.705495	1
265	523	267	529	264	164	171	0.0819672	0	0.586813	1
266	637	265	627	262	164	167	0.103825	0	0.582418	2
267	534	253	532	245	164	168	0.360656	0	0.556044	2
268	169	371	173	369	164	165	0.0437158	0	0.815385	1
269	555	263	555	263	164	165	0	0	0.578022	1
270	582	236	583	236	165	166	0.00546448	0	0.518681	1
271	626	235	624	231	165	167	0.0983607	0	0.516484	2
272	425	285	423	282	165	166	0.0601093	0	0.626374	2
273	596	281	597	281	165	166	0.00546448	0	0.617582	1
274	521	242	519	239	165	166	0.0601093	0	0.531868	2
275	207	231	226	226	165	174	0.240437	0	0.507692	1
276	429	251	425	246	165	168	0.15847	0	0.551648	2
277	215	214	219	214	165	167	0.0218579	0	0.47033	1
278	631	247	630	243	165	167	0.0928962	0	0.542857	2
279	221	224	229	225	165	169	0.0491803	0	0.492308	1
280	512	232	512	233	165	166	0.00546448	0	0.50989	1
281	77	421	70	418	165	177	0.0874317	0	0.925275	2
282	651	253	649	250	165	167	0.0601093	0	0.556044	2
283	500	240	501	240	165	177	0.00546448	0	0.527473	1
284	670	198	673	198	165	185	0.0163934	0	0.435165	1
285	506	325	507	324	166	169	0.010929	0	0.714286	1
286	641	230	640	228	166	167	0.0273224	0	0.505495	2
287	216	307	222	303	166	168	0.120219	0	0.674725	1
288	509	275	509	274	166	167	0.00546448	0	0.604396	1
289	429	261	426	259	166	167	0.0382514	0	0.573626	2
290	138	455	141	454	166	185	0.0218579	0	1	1
291	192	357	199	355	166	167	0.0601093	0	0.784615	1
292	506	292	508	291	166	168	0.0163934	0	0.641758	1
293	659	242	657	236	166	169	0.20765	0	0.531868	2
294	664	298	665	296	166	169	0.0273224	0	0.654945	1
295	212	355	222	358	166	170	0.103825	0	0.78022	1
296	116	438	118	439	166	185	0.0163934	0	0.962637	1
297	786	267	788	267	166	185	0.010929	0	0.586813	1
298	173	369	179	366	166	167	0.0819672	0	0.810989	1
299	226	302	243	299	166	172	0.142077	0	0.663736	1
300	496	296	497	294	166	167	0.0273224	0	0.650549	1
301	467	262	473	261	166	169	0.0382514	0	0.575824	1
302	586	239	594	241	167	173	0.0655738	0	0.525275	1
303	469	273	471	274	167	168	0.0163934	0	0.6	1
304	562	256	565	254	167	169	0.0382514	0	0.562637	1
305	223	320	224	319	167	168	0.010929	0	0.703297	1
306	234	348	240	347	167	170	0.0382514	0	0.764835	1
307	521	226	525	228	167	179	0.0437158	0	0.496703	1
308	470	292	472	292	167	171	0.010929	0	0.641758	1
309	544	264	543	262	167	171	0.0273224	0	0.58022	2
310	499	272	498	271	167	168	0.010929	0	0.597802	2
311	727	455	730	454	167	178	0.0218579	0	1	1
312	744	455	747	454	167	177	0.0218579	0	1	1
313	606	269	605	270	168	169	0.010929	0	0.591209	2
314	514	238	514	236	168	169	0.0218579	0	0.523077	1
315	221	192	237	194	168	178	0.10929	0	0.421978	1
316	495	307	489	307	168	170	0.0327869	0	0.674725	2
317	623	230	623	228	168	169	0.0218579	0	0.505495	1
318	196	365	198	364	168	169	0.0163934	0	0.802198	1
319	431	274	411	266	168	176	0.459016	0	0.602198	2
320	423	258	420	256	168	169	0.0382514	0	0.567033	2
321	433	313	423	311	168	170	0.0765027	0	0.687912	2
322	511	274	512	272	168	170	0.0273224	0	0.602198	1
323	576	257	581	258	168	170	0.0327869	0	0.564835	1
324	510	264	511	263	168	169	0.010929	0	0.58022	1
325	634	232	634	231	168	169	0.00546448	0	0.50989	1
326	253	362	256	361	168	169	0.0218579	0	0.795604	1
327	231	184	241	182	168	175	0.0765027	0	0.404396	1
328	625	259	621	258	168	169	0.0273224	0	0.569231	2
329	219	202	220	201	168	169	0.010929	0	0.443956	1
330	644	243	643	243	168	169	0.00546448	0	0.534066	2
331	227	214	231	212	168	171	0.0437158	0	0.47033	1
332	542	250	541	250	168	171	0.00546448	0	0.549451	2
333	652	214	659	210	168	177	0.125683	0	0.47033	1
334	412	303	408	301	168	171	0.0437158	0	0.665934	2
335	602	280	601	278	169	170	0.0273224	0	0.615385	2
336	425	246	423	244	169	170	0.0327869	0	0.540659	2
337	226	318	226	316	169	170	0.0218579	0	0.698901	1
338	226	302	234	302	169	174	0.0437158	0	0.663736	1
339	475	275	476	272	169	174	0.0546448	0	0.604396	1
340	221	335	235	338	169	174	0.125683	0	0.736264	1
341	552	291	551	290	169	170	0.010929	0	0.63956	2
342	440	281	435	280	169	171	0.0327869	0	0.617582	2
343	513	293	513	291	169	172	0.0218579	0	0.643956	1
344	508	324	512	324	170	177	0.0218579	0	0.712088	1
345	514	234	513	232	170	171	0.0273224	0	0.514286	2
346	623	225	622	223	170	171	0.0273224	0	0.494505	2
347	565	254	567	257	170	172	0.0601093	0	0.558242	1
348	506	308	504	307	170	171	0.0163934	0	0.676923	2
349	199	363	203	358	170	173	0.15847	0	0.797802	1
350	522	214	527	219	170	179	0.163934	0	0.47033	1
351	512	262	513	261	170	171	0.010929	0	0.575824	1
352	637	227	637	225	170	171	0.0218579	0	0.498901	1
353	420	254	416	250	170	172	0.10929	0	0.558242	2
354	229	226	231	224	170	172	0.0327869	0	0.496703	1
355	216	324	224	322	170	173	0.0655738	0	0.712088	1
356	261	364	267	363	170	171	0.0382514	0	0.8	1
357	235	198	238	196	170	173	0.0382514	0	0.435165	1
358	218	305	230	308	170	175	0.114754	0	0.67033	1
359	514	245	514	243	170	171	0.0218579	0	0.538462	1
360	564	290	564	290	170	171	0	0	0.637363	1
361	557	319	558	319	170	173	0.00546448	0	0.701099	1
362	657	235	662	237	170	178	0.0491803	0	0.516484	1
363	643	242	641	237	170	178	0.147541	0	0.531868	2
364	221	200	226	197	170	173	0.0765027	0	0.43956	1
365	465	244	466	244	170	171	0.00546448	0	0.536264	1
366	225	361	227	363	171	173	0.0327869	0	0.793407	1
367	246	349	258	350	171	177	0.0710383	0	0.767033	1
368	254	364	258	363	171	173	0.0273224	0	0.8	1
369	634	292	632	290	171	172	0.0327869	0	0.641758	2
370	613	238	612	236	171	172	0.0273224	0	0.523077	2
371	647	229	647	228	171	173	0.00546448	0	0.503297	1
372	485	308	484	307	172	173	0.010929	0	0.676923	2
373	504	308	503	306	172	173	0.0273224	0	0.676923	2
374	511	233	509	232	172	173	0.0163934	0	0.512088	2
375	620	222	618	219	172	173	0.0601093	0	0.487912	2
376	600	252	597	251	172	174	0.0218579	0	0.553846	2
377	425	240	422	238	172	173	0.0382514	0	0.527473	2
378	526	269	532	264	172	177	0.169399	0	0.591209	1
379	514	261	514	259	172	173	0.0218579	0	0.573626	1
380	255	321	280	315	172	179	0.333333	0	0.705495	1
381	498	286	495	283	172	173	0.0655738	0	0.628571	2
382	474	235	479	230	172	176	0.163934	0	0.516484	1
383	615	248	615	245	172	173	0.0491803	0	0.545055	1
384	513	281	514	278	172	174	0.0546448	0	0.617582	1
385	476	295	475	293	172	174	0.0273224	0	0.648352	2
386	516	271	522	265	172	177	0.229508	0	0.595604	1
387	236	313	239	311	172	173	0.0382514	0	0.687912	1
388	584	261	582	259	172	173	0.0327869	0	0.573626	2
389	642	218	647	217	172	177	0.0327869	0	0.479121	1
390	132	410	133	412	172	185	0.0273224	0	0.901099	1
391	514	243	509	247	172	179	0.114754	0	0.534066	2
392	626	244	623	240	172	173	0.103825	0	0.536264	2
393	470	245	471	241	172	174	0.0928962	0	0.538462	1
394	514	303	514	302	172	174	0.00546448	0	0.665934	1
395	404	275	400	273	172	174	0.0437158	0	0.604396	2
396	243	300	243	299	173	174	0.00546448	0	0.659341	1
397	567	259	565	261	173	177	0.0327869	0	0.569231	2
398	414	248	410	246	173	175	0.0437158	0	0.545055	2
399	607	304	606	304	173	176	0.00546448	0	0.668132	2
400	485	308	487	308	174	177	0.010929	0	0.676923	1
401	587	242	587	241	174	175	0.00546448	0	0.531868	1
402	579	286	577	285	174	179	0.0163934	0	0.628571	2
403	229	366	233	365	174	177	0.0273224	0	0.804396	1
404	504	305	504	304	174	175	0.00546448	0	0.67033	1
405	598	240	598	240	174	175	0	0	0.527473	1
406	516	259	518	258	174	175	0.0163934	0	0.569231	1
407	510	233	510	236	174	177	0.0491803	0	0.512088	1
408	422	238	418	238	174	177	0.0218579	0	0.523077	2
409	206	358	214	361	174	182	0.0928962	0	0.786813	1
410	241	195	246	198	174	177	0.0765027	0	0.428571	1
411	577	267	577	263	174	178	0.0874317	0	0.586813	1
412	253	366	255	366	174	175	0.010929	0	0.804396	1
413	401	263	394	260	174	180	0.0874317	0	0.578022	2
414	227	198	237	203	174	179	0.191257	0	0.435165	1
415	222	324	227	324	174	177	0.0273224	0	0.712088	1
416	245	312	250	311	174	175	0.0327869	0	0.685714	1
417	243	365	244	366	174	179	0.010929	0	0.802198	1
418	234	318	238	317	174	175	0.0273224	0	0.698901	1
419	524	279	527	273	174	177	0.213115	0	0.613187	1
420	476	294	475	293	175	176	0.010929	0	0.646154	2
421	428	292	428	294	175	177	0.0218579	0	0.641758	1
422	597	252	596	251	175	176	0.010929	0	0.553846	2
423	496	275	496	275	175	176	0	0	0.604396	1
424	478	273	482	273	175	178	0.0218579	0	0.6	1
425	414	256	404	256	175	180	0.0546448	0	0.562637	2
426	622	238	622	237	175	176	0.00546448	0	0.523077	1
427	232	226	237	227	175	177	0.0327869	0	0.496703	1
428	286	354	298	355	175	180	0.0710383	0	0.778022	1
429	396	301	392	301	175	176	0.0218579	0	0.661538	2
430	475	241	481	244	175	179	0.0819672	0	0.52967	1
431	432	244	427	245	175	179	0.0327869	0	0.536264	2
432	625	250	627	251	175	178	0.0163934	0	0.549451	1
433	592	240	591	238	176	177	0.0273224	0	0.527473	2
434	613	263	612	265	176	177	0.0273224	0	0.578022	2
435	505	304	509	303	176	178	0.0273224	0	0.668132	1
436	520	256	522	255	176	178	0.0163934	0	0.562637	1
437	550	307	553	305	176	178	0.0382514	0	0.674725	1
438	410	246	409	246	176	177	0.00546448	0	0.540659	2
439	608	252	608	252	176	177	0	0	0.553846	1
440	649	227	650	227	176	177	0.00546448	0	0.498901	1
441	623	259	623	258	176	178	0.00546448	0	0.569231	1
442	624	227	624	227	176	177	0	0	0.498901	1
443	285	363	288	364	176	178	0.0218579	0	0.797802	1
444	517	306	521	306	176	178	0.0218579	0	0.672527	1
445	236	210	241	212	176	178	0.0491803	0	0.461538	1
446	243	183	249	186	176	181	0.0819672	0	0.402198	1
447	410	268	397	269	177	183	0.0765027	0	0.589011	2
448	516	277	517	277	177	178	0.00546448	0	0.608791	1
449	473	290	472	293	177	180	0.0546448	0	0.637363	2
450	598	252	598	252	177	178	0	0	0.553846	1
451	503	270	500	270	177	185	0.0163934	0	0.593407	2
452	391	293	381	296	177	182	0.103825	0	0.643956	2
453	593	237	591	234	178	180	0.0601093	0	0.520879	2
454	488	223	493	228	178	183	0.163934	0	0.49011	1
455	612	266	611	267	178	179	0.010929	0	0.584615	2
456	497	293	499	293	178	181	0.010929	0	0.643956	1
457	534	264	534	263	178	179	0.00546448	0	0.58022	1
458	427	298	422	299	178	180	0.0327869	0	0.654945	2
459	257	211	259	210	178	179	0.0163934	0	0.463736	1
460	235	366	236	366	178	179	0.00546448	0	0.804396	1
461	523	265	523	264	178	179	0.00546448	0	0.582418	1
462	244	314	244	314	178	179	0	0	0.69011	1
463	616	231	616	232	178	179	0.00546448	0	0.507692	1
464	583	232	578	234	178	179	0.0491803	0	0.50989	2
465	562	261	561	261	178	179	0.00546448	0	0.573626	2
466	628	220	632	221	178	181	0.0273224	0	0.483516	1
467	232	316	227	317	178	185	0.0327869	0	0.694505	2
468	227	326	222	327	178	184	0.0327869	0	0.716484	2
469	557	315	558	313	178	180	0.0273224	0	0.692308	1
470	649	219	649	219	178	179	0	0	0.481319	1
471	661	211	660	211	178	179	0.00546448	0	0.463736	2
472	490	233	492	235	178	180	0.0327869	0	0.512088	1
473	487	287	487	287	178	179	0	0	0.630769	1
474	638	247	637	248	178	179	0.010929	0	0.542857	2
475	70	418	65	417	178	185	0.0327869	0	0.918681	2
476	416	281	414	280	179	180	0.0163934	0	0.617582	2
477	638	238	635	241	179	182	0.0655738	0	0.523077	2
478	508	237	506	236	179	180	0.0163934	0	0.520879	2
479	599	258	592	254	179	185	0.125683	0	0.567033	2
480	481	275	480	277	179	180	0.0273224	0	0.604396	2
481	653	234	654	235	179	180	0.010929	0	0.514286	1
482	554	304	556	304	179	181	0.010929	0	0.668132	1
483	285	356	288	356	179	180	0.0163934	0	0.782418	1
484	652	285	654	286	179	180	0.0163934	0	0.626374	1
485	247	200	251	200	179	182	0.0218579	0	0.43956	1
486	609	254	609	254	179	181	0	0	0.558242	1
487	393	304	392	304	179	180	0.00546448	0	0.668132	2
488	396	314	396	312	179	180	0.0218579	0	0.69011	1
489	652	245	654	245	179	181	0.010929	0	0.538462	1
490	243	213	249	214	179	182	0.0382514	0	0.468132	1
491	534	264	540	271	180	185	0.300546	0	0.58022	1
492	284	314	287	314	180	182	0.0163934	0	0.69011	1
493	627	234	627	234	180	181	0	0	0.514286	1
494	622	274	622	273	180	181	0.00546448	0	0.602198	1
495	522	255	523	255	180	181	0.00546448	0	0.56044	1
496	621	249	620	250	180	181	0.010929	0	0.547253	2
497	528	224	528	226	180	181	0.0218579	0	0.492308	1
498	498	307	501	305	180	181	0.0382514	0	0.674725	1
499	638	249	636	251	180	182	0.0327869	0	0.547253	2
500	238	203	246	205	180	185	0.0655738	0	0.446154	1
501	653	222	654	222	180	182	0.00546448	0	0.487912	1
502	507	246	502	245	180	185	0.0327869	0	0.540659	2
503	524	265	530	269	180	185	0.120219	0	0.582418	1
504	524	319	525	322	180	183	0.0546448	0	0.701099	1
505	617	233	620	233	180	183	0.0163934	0	0.512088	1
506	241	312	241	313	180	181	0.00546448	0	0.685714	1
507	238	367	234	366	180	184	0.0273224	0	0.806593	2
508	489	293	486	293	180	185	0.0163934	0	0.643956	2
509	264	315	264	316	180	181	0.00546448	0	0.692308	1
510	238	193	246	195	180	185	0.0655738	0	0.424176	1
511	549	266	550	266	180	181	0.00546448	0	0.584615	1
512	576	247	572	246	180	183	0.0273224	0	0.542857	2
513	422	238	421	238	180	182	0.00546448	0	0.523077	2
514	564	254	563	252	180	181	0.0273224	0	0.558242	2
515	589	234	583	232	181	184	0.0546448	0	0.514286	2
516	527	280	529	281	181	184	0.0163934	0	0.615385	1
517	517	279	517	279	181	182	0	0	0.613187	1
518	403	258	399	256	181	185	0.0437158	0	0.567033	2
519	243	232	244	233	181	182	0.010929	0	0.50989	1
520	290	357	289	357	181	182	0.00546448	0	0.784615	2
521	656	285	658	285	181	183	0.010929	0	0.626374	1
522	523	237	523	236	181	182	0.00546448	0	0.520879	1
523	482	279	484	278	181	184	0.0163934	0	0.613187	1
524	280	358	279	358	181	183	0.00546448	0	0.786813	2
525	473	294	473	293	181	184	0.00546448	0	0.646154	1
526	598	248	595	246	181	183	0.0382514	0	0.545055	2
527	398	290	396	291	181	182	0.0163934	0	0.637363	2
528	295	314	300	315	181	183	0.0327869	0	0.69011	1
529	246	341	242	339	181	182	0.0437158	0	0.749451	2
530	392	306	391	305	181	182	0.010929	0	0.672527	2
531	657	235	664	231	181	185	0.125683	0	0.516484	1
532	424	300	425	297	181	183	0.0546448	0	0.659341	1
533	242	315	239	315	182	184	0.0163934	0	0.692308	2
534	500	294	497	294	182	185	0.0163934	0	0.646154	2
535	511	235	509	235	182	184	0.010929	0	0.516484	2
536	421	252	421	252	182	183	0	0	0.553846	1
537	556	305	557	306	182	183	0.010929	0	0.67033	1
538	646	242	648	243	182	185	0.0163934	0	0.531868	1
539	301	358	306	358	182	183	0.0273224	0	0.786813	1
540	413	290	412	290	182	183	0.00546448	0	0.637363	2
541	633	224	636	224	182	184	0.0163934	0	0.492308	1
542	586	242	580	240	182	185	0.0546448	0	0.531868	2
543	652	263	653	261	182	185	0.0273224	0	0.578022	1
544	656	244	660	243	182	185	0.0273224	0	0.536264	1
545	487	244	488	244	182	183	0.00546448	0	0.536264	1
546	529	257	530	258	183	184	0.010929	0	0.564835	1
547	289	358	291	358	183	185	0.010929	0	0.786813	1
548	637	244	638	244	183	185	0.00546448	0	0.536264	1
549	412	276	412	275	183	185	0.00546448	0	0.606593	1
550	524	237	523	236	183	184	0.010929	0	0.520879	2
551	658	222	659	221	183	184	0.010929	0	0.487912	1
552	397	294	397	293	183	185	0.00546448	0	0.646154	1
553	253	201	256	202	183	185	0.0218579	0	0.441758	1
554	424	237	424	237	183	185	0	0	0.520879	1
555	247	237	247	238	183	184	0.00546448	0	0.520879	1
556	528	226	527	226	183	184	0.00546448	0	0.496703	2
557	241	340	242	340	183	184	0.00546448	0	0.747253	1
558	637	254	638	254	183	185	0.00546448	0	0.558242	1
559	607	305	605	305	183	185	0.010929	0	0.67033	2
560	280	368	280	368	183	185	0	0	0.808791	1
561	435	304	434	303	183	185	0.010929	0	0.668132	2
562	247	352	245	351	183	185	0.0163934	0	0.773626	2
563	528	291	530	292	183	185	0.0163934	0	0.63956	1
564	294	302	298	304	183	185	0.0437158	0	0.663736	1
565	409	286	409	285	184	185	0.00546448	0	0.628571	1
566	488	232	488	230	184	185	0.0218579	0	0.50989	1
567	649	230	649	229	184	185	0.00546448	0	0.505495	1
568	397	269	397	267	184	185	0.0218579	0	0.591209	1
569	621	247	621	246	184	185	0.00546448	0	0.542857	1
570	660	284	659	284	184	185	0.00546448	0	0.624176	2
571	211	360	208	360	184	185	0.0163934	0	0.791209	2
572	240	302	239	301	184	185	0.010929	0	0.663736	2
573	498	228	498	226	184	185	0.0218579	0	0.501099	1
574	421	252	422	252	184	185	0.00546448	0	0.553846	1
575	559	310	559	312	184	185	0.0218579	0	0.681319	1
576	305	317	308	318	184	185	0.0218579	0	0.696703	1
577	521	304	522	303	184	185	0.010929	0	0.668132	1
578	489	243	489	242	184	185	0.00546448	0	0.534066	1
579	409	259	410	257	184	185	0.0273224	0	0.569231	1
580	513	256	512	256	184	185	0.00546448	0	0.562637	2
581	515	225	513	224	184	185	0.0163934	0	0.494505	2