
0	482	124	481	123	167	168	0.00854701	0	0.295943	2
1	533	148	532	148	167	168	0.0042735	0	0.353222	2
2	445	39	440	36	167	205	0.0598291	0	0.0930788	2
3	657	134	655	135	168	171	0.0128205	0	0.319809	2
4	477	113	476	112	168	169	0.00854701	0	0.26969	2
5	501	136	500	134	168	169	0.0213675	0	0.324582	2
6	24	315	24	315	168	169	0	0	0.75179	1
7	489	149	489	149	168	169	0	0	0.355609	1
8	647	129	645	129	168	172	0.00854701	0	0.307876	2
9	678	195	689	198	168	178	0.0854701	0	0.465394	1
10	445	89	444	89	168	172	0.0042735	0	0.212411	2
11	481	122	480	121	169	170	0.00854701	0	0.291169	2
12	654	156	655	156	169	171	0.0042735	0	0.372315	1
13	499	116	498	116	169	171	0.0042735	0	0.27685	2
14	534	148	534	147	169	171	0.0042735	0	0.353222	1
15	469	127	468	126	170	171	0.00854701	0	0.303103	2
16	474	111	472	110	170	171	0.0128205	0	0.264916	2
17	501	132	500	131	170	171	0.00854701	0	0.315036	2
18	636	150	635	150	170	171	0.0042735	0	0.357995	2
19	435	75	429	75	170	173	0.025641	0	0.178998	2
20	24	315	24	315	170	171	0	0	0.75179	1
21	240	347	234	346	170	176	0.0299145	0	0.828162	2
22	479	122	475	120	171	174	0.034188	0	0.291169	2
23	531	172	531	171	171	172	0.0042735	0	0.410501	1
24	645	165	645	165	171	174	0	0	0.393795	1
25	468	127	466	126	172	173	0.0128205	0	0.303103	2
26	499	131	494	130	172	174	0.025641	0	0.312649	2
27	655	135	650	131	172	175	0.0897436	0	0.322196	2
28	470	110	467	109	172	173	0.017094	0	0.26253	2
29	524	144	526	140	172	185	0.0769231	0	0.343675	1
30	492	148	490	145	172	174	0.0470085	0	0.353222	2
31	497	116	496	116	172	175	0.0042735	0	0.27685	2
32	637	150	636	149	172	173	0.00854701	0	0.357995	2
33	657	157	658	157	172	173	0.0042735	0	0.374702	1
34	24	315	24	315	172	173	0	0	0.75179	1
35	505	141	502	140	172	173	0.017094	0	0.336516	2
36	428	165	429	166	172	173	0.00854701	0	0.393795	1
37	338	210	347	195	172	185	1	0	0.501193	1
38	717	272	713	274	173	179	0.034188	0	0.649165	2
39	531	171	531	170	173	174	0.0042735	0	0.408115	1
40	514	143	514	140	173	174	0.0384615	0	0.341289	1
41	690	228	689	230	173	174	0.0213675	0	0.544153	2
42	643	133	641	131	173	174	0.025641	0	0.317422	2
43	627	112	629	102	173	185	0.435897	0	0.267303	1
44	425	89	422	90	173	176	0.017094	0	0.212411	2
45	465	126	462	125	174	175	0.017094	0	0.300716	2
46	465	109	460	108	174	176	0.025641	0	0.260143	2
47	659	159	660	159	174	175	0.0042735	0	0.379475	1
48	423	63	415	62	174	177	0.0384615	0	0.150358	2
49	500	140	494	139	174	176	0.0299145	0	0.334129	2
50	428	78	425	78	174	175	0.0128205	0	0.186158	2
51	504	150	502	149	174	175	0.0128205	0	0.357995	2
52	533	170	533	169	175	177	0.0042735	0	0.405728	1
53	478	117	471	116	175	178	0.034188	0	0.279236	2
54	645	165	644	164	175	176	0.00854701	0	0.393795	2
55	640	132	638	130	175	176	0.025641	0	0.315036	2
56	462	160	467	156	175	178	0.0897436	0	0.381862	1
57	533	155	533	154	175	176	0.0042735	0	0.369928	1
58	691	268	686	269	176	179	0.025641	0	0.639618	2
59	462	125	460	124	176	177	0.0128205	0	0.298329	2
60	671	186	673	186	176	177	0.00854701	0	0.443914	1
61	24	315	24	315	176	193	0	0	0.75179	1
62	689	232	686	232	176	177	0.0128205	0	0.553699	2
63	651	131	645	130	176	179	0.0299145	0	0.312649	2
64	643	143	641	142	176	177	0.0128205	0	0.341289	2
65	431	177	432	176	176	178	0.00854701	0	0.422434	1
66	705	264	699	265	176	179	0.0299145	0	0.630072	2
67	497	117	495	114	176	204	0.0470085	0	0.279236	2
68	533	156	532	157	177	179	0.00854701	0	0.372315	2
69	232	345	227	343	177	179	0.0384615	0	0.823389	2
70	637	129	635	128	177	178	0.0128205	0	0.307876	2
71	441	180	441	181	177	178	0.0042735	0	0.429594	1
72	236	88	233	85	177	184	0.0512821	0	0.210024	2
73	289	168	290	168	177	188	0.0042735	0	0.400955	1
74	417	88	416	87	177	178	0.00854701	0	0.210024	2
75	666	162	669	161	177	178	0.017094	0	0.386635	1
76	534	171	535	175	178	181	0.0726496	0	0.408115	1
77	666	287	665	286	178	179	0.00854701	0	0.684964	2
78	676	290	675	289	178	179	0.00854701	0	0.692124	2
79	482	135	479	136	178	179	0.017094	0	0.322196	2
80	456	123	454	122	178	179	0.0128205	0	0.293556	2
81	282	121	282	120	178	179	0.0042735	0	0.288783	1
82	683	233	679	232	178	179	0.0213675	0	0.556086	2
83	414	61	405	60	178	181	0.042735	0	0.145585	2
84	629	144	627	142	178	180	0.025641	0	0.343675	2
85	133	142	114	141	178	202	0.0854701	0	0.338902	2
86	468	132	470	132	178	179	0.00854701	0	0.315036	1
87	465	115	463	113	179	180	0.025641	0	0.274463	2
88	692	201	700	200	179	183	0.0384615	0	0.479714	1
89	490	140	487	139	179	180	0.017094	0	0.334129	2
90	655	165	654	164	179	180	0.00854701	0	0.393795	2
91	420	156	419	154	179	188	0.0213675	0	0.372315	2
92	679	165	688	163	179	181	0.0555556	0	0.393795	1
93	339	182	342	176	179	185	0.166667	0	0.434368	1
94	664	212	665	213	179	182	0.00854701	0	0.505967	1
95	292	121	293	120	179	181	0.00854701	0	0.288783	1
96	218	364	209	363	179	190	0.042735	0	0.868735	2
97	673	182	678	181	179	181	0.025641	0	0.434368	1
98	664	286	653	289	180	187	0.0854701	0	0.682578	2
99	674	290	669	294	180	185	0.0897436	0	0.692124	2
100	454	123	452	123	180	181	0.00854701	0	0.293556	2
101	710	274	695	273	180	182	0.0683761	0	0.653938	2
102	226	343	223	341	180	181	0.0299145	0	0.818616	2
103	421	92	419	90	180	182	0.025641	0	0.21957	2
104	277	122	280	122	180	184	0.0128205	0	0.291169	1
105	471	132	470	130	180	181	0.0213675	0	0.315036	2
106	212	310	212	309	180	183	0.0042735	0	0.739857	1
107	145	167	142	166	180	184	0.017094	0	0.398568	2
108	468	413	462	409	180	205	0.0940171	0	0.98568	2
109	306	419	300	415	180	205	0.0940171	0	1	2
110	654	162	650	160	181	182	0.034188	0	0.386635	2
111	673	232	648	230	181	187	0.123932	0	0.553699	2
112	480	133	479	131	181	182	0.0213675	0	0.317422	2
113	462	114	461	113	181	182	0.00854701	0	0.272076	2
114	497	163	496	164	181	182	0.00854701	0	0.389021	2
115	488	144	485	142	181	182	0.0299145	0	0.343675	2
116	678	328	675	327	181	183	0.017094	0	0.782816	2
117	536	176	537	176	182	184	0.0042735	0	0.420048	1
118	450	121	449	120	182	183	0.00854701	0	0.288783	2
119	402	59	393	59	182	185	0.0384615	0	0.140811	2
120	297	115	298	116	182	184	0.00854701	0	0.274463	1
121	129	64	122	60	182	205	0.0982906	0	0.152745	2
122	687	164	699	164	182	185	0.0512821	0	0.391408	1
123	434	173	431	169	182	192	0.0811966	0	0.412888	2
124	219	338	180	325	182	195	0.888889	0	0.806683	2
125	397	307	391	303	182	205	0.0940171	0	0.732697	2
126	108	171	101	167	182	205	0.0982906	0	0.408115	2
127	495	167	493	167	183	184	0.00854701	0	0.398568	2
128	480	130	479	127	183	185	0.042735	0	0.310263	2
129	227	316	209	311	183	190	0.183761	0	0.754177	2
130	669	364	668	364	183	189	0.0042735	0	0.868735	2
131	468	151	471	151	183	184	0.0128205	0	0.360382	1
132	220	91	217	91	183	185	0.0128205	0	0.217184	2
133	497	146	496	146	183	184	0.0042735	0	0.348449	2
134	645	159	639	157	183	184	0.042735	0	0.379475	2
135	454	184	457	182	183	185	0.0299145	0	0.439141	1
136	686	182	695	181	183	186	0.042735	0	0.434368	1
137	456	120	455	119	184	185	0.00854701	0	0.286396	2
138	688	273	687	272	184	185	0.00854701	0	0.651551	2
139	700	183	702	183	184	185	0.00854701	0	0.436754	1
140	701	201	704	201	184	187	0.0128205	0	0.479714	1
141	629	160	627	160	184	185	0.00854701	0	0.381862	2
142	462	110	463	107	184	188	0.042735	0	0.26253	1
143	335	232	348	224	184	198	0.32906	0	0.553699	1
144	678	365	676	362	184	191	0.0470085	0	0.871122	2
145	538	177	546	174	185	205	0.0726496	0	0.422434	1
146	142	167	140	166	185	193	0.0128205	0	0.398568	2
147	240	364	239	362	185	186	0.0213675	0	0.868735	2
148	617	159	614	160	185	187	0.017094	0	0.379475	2
149	673	240	668	239	185	186	0.025641	0	0.572792	2
150	232	79	219	78	185	193	0.0598291	0	0.188544	2
151	281	122	284	122	185	187	0.0128205	0	0.291169	1
152	677	338	667	338	185	189	0.042735	0	0.806683	2
153	456	118	455	117	186	187	0.00854701	0	0.281623	2
154	440	118	438	118	186	187	0.00854701	0	0.281623	2
155	520	139	517	141	186	188	0.0299145	0	0.331742	2
156	479	126	484	124	186	189	0.0384615	0	0.300716	1
157	687	271	673	271	186	188	0.0598291	0	0.646778	2
158	710	163	720	163	186	190	0.042735	0	0.389021	1
159	626	161	621	158	186	188	0.0598291	0	0.384248	2
160	666	296	658	294	186	188	0.0512821	0	0.706444	2
161	688	320	681	320	186	188	0.0299145	0	0.763723	2
162	634	111	629	116	186	192	0.128205	0	0.264916	2
163	674	263	668	262	186	187	0.0299145	0	0.627685	2
164	659	267	649	271	186	189	0.111111	0	0.637232	2
165	348	181	351	177	186	188	0.0811966	0	0.431981	1
166	469	121	468	119	186	187	0.0213675	0	0.288783	2
167	225	103	224	103	186	187	0.0042735	0	0.245823	2
168	466	155	465	153	187	190	0.0213675	0	0.369928	2
169	237	361	232	360	187	189	0.025641	0	0.861575	2
170	337	217	337	214	187	189	0.0384615	0	0.5179	1
171	667	324	664	323	187	188	0.017094	0	0.77327	2
172	664	310	659	308	187	188	0.0384615	0	0.739857	2
173	477	148	475	147	187	188	0.0128205	0	0.353222	2
174	349	190	359	192	187	192	0.0598291	0	0.453461	1
175	455	117	451	114	188	191	0.0555556	0	0.279236	2
176	648	287	627	285	188	193	0.106838	0	0.684964	2
177	444	116	443	114	188	189	0.0213675	0	0.27685	2
178	649	235	612	232	188	194	0.196581	0	0.560859	2
179	620	113	619	113	188	189	0.0042735	0	0.26969	2
180	634	132	633	131	188	189	0.00854701	0	0.315036	2
181	468	120	465	118	188	192	0.0299145	0	0.286396	2
182	385	61	381	61	188	189	0.017094	0	0.145585	2
183	706	184	708	183	188	189	0.0128205	0	0.439141	1
184	642	162	642	160	188	194	0.017094	0	0.386635	1
185	403	85	396	81	188	205	0.0982906	0	0.202864	2
186	702	363	697	359	189	190	0.0897436	0	0.866348	2
187	463	106	462	103	189	192	0.042735	0	0.252983	2
188	424	156	416	150	189	200	0.188034	0	0.372315	2
189	496	145	497	145	189	190	0.0042735	0	0.346062	1
190	653	289	645	288	189	191	0.0384615	0	0.689737	2
191	656	306	645	305	189	192	0.0512821	0	0.73031	2
192	617	157	610	155	189	190	0.0470085	0	0.374702	2
193	636	150	636	152	189	205	0.017094	0	0.357995	1
194	92	45	85	41	189	205	0.0982906	0	0.107399	2
195	388	93	386	92	189	190	0.0128205	0	0.221957	2
196	252	35	245	31	189	205	0.0982906	0	0.0835322	2
197	261	51	254	47	189	205	0.0982906	0	0.121718	2
198	351	307	344	303	189	205	0.0982906	0	0.732697	2
199	650	274	648	274	190	191	0.00854701	0	0.653938	2
200	353	175	356	174	190	192	0.017094	0	0.417661	1
201	667	362	666	361	190	191	0.00854701	0	0.863962	2
202	598	117	593	117	190	191	0.0213675	0	0.279236	2
203	710	183	718	185	190	192	0.0512821	0	0.436754	1
204	618	113	613	118	190	196	0.128205	0	0.26969	2
205	712	196	720	198	190	192	0.0512821	0	0.46778	1
206	462	132	461	131	190	191	0.00854701	0	0.315036	2
207	486	136	486	139	190	193	0.0384615	0	0.324582	1
208	225	362	208	362	190	192	0.0726496	0	0.863962	2
209	229	134	222	130	190	205	0.0982906	0	0.319809	2
210	189	65	182	61	190	205	0.0982906	0	0.155131	2
211	435	111	432	111	191	192	0.0128205	0	0.264916	2
212	717	159	723	159	191	194	0.025641	0	0.379475	1
213	476	150	473	149	191	192	0.017094	0	0.357995	2
214	206	310	159	298	191	205	0.816239	0	0.739857	2
215	226	100	225	98	191	192	0.0213675	0	0.238663	2
216	487	126	483	128	191	195	0.034188	0	0.300716	2
217	388	89	383	88	191	192	0.025641	0	0.212411	2
218	467	166	467	166	191	192	0	0	0.396181	1
219	649	274	639	270	192	194	0.111111	0	0.653938	2
220	524	144	529	141	192	199	0.0598291	0	0.343675	1
221	501	164	502	164	192	193	0.0042735	0	0.391408	1
222	213	312	206	308	192	205	0.0982906	0	0.74463	2
223	651	292	647	292	192	193	0.017094	0	0.696897	2
224	243	121	237	117	192	205	0.0940171	0	0.288783	2
225	334	27	330	24	192	201	0.0555556	0	0.0644391	2
226	460	131	457	130	192	194	0.017094	0	0.312649	2
227	65	93	59	89	192	205	0.0940171	0	0.221957	2
228	491	306	485	302	192	205	0.0940171	0	0.73031	2
229	210	121	204	118	192	205	0.0641026	0	0.288783	2
230	451	114	449	114	193	194	0.00854701	0	0.272076	2
231	471	150	467	148	193	195	0.034188	0	0.357995	2
232	674	363	673	363	193	194	0.0042735	0	0.866348	2
233	441	115	435	112	193	196	0.0641026	0	0.274463	2
234	359	174	366	171	193	198	0.0683761	0	0.415274	1
235	463	112	461	111	193	194	0.0128205	0	0.267303	2
236	627	118	626	119	193	194	0.00854701	0	0.281623	2
237	348	209	349	207	193	194	0.0213675	0	0.498807	1
238	721	186	723	186	193	194	0.00854701	0	0.443914	1
239	723	202	724	201	193	194	0.00854701	0	0.4821	1
240	659	332	656	327	193	194	0.119658	0	0.792363	2
241	363	195	365	194	193	194	0.0128205	0	0.465394	1
242	609	146	608	147	193	194	0.00854701	0	0.348449	2
243	348	177	350	177	193	195	0.00854701	0	0.422434	1
244	620	264	603	266	193	196	0.0897436	0	0.630072	2
245	461	102	458	101	193	194	0.017094	0	0.243437	2
246	625	287	619	286	194	195	0.0299145	0	0.684964	2
247	655	347	652	345	194	196	0.0299145	0	0.828162	2
248	289	168	284	165	194	202	0.0598291	0	0.400955	2
249	493	154	492	154	194	195	0.0042735	0	0.367542	2
250	486	141	485	142	194	195	0.00854701	0	0.336516	2
251	225	90	223	89	194	196	0.0128205	0	0.214797	2
252	673	362	666	357	195	197	0.136752	0	0.863962	2
253	447	116	442	113	195	197	0.0598291	0	0.27685	2
254	726	202	729	200	195	197	0.0299145	0	0.4821	1
255	595	151	586	147	195	197	0.106838	0	0.360382	2
256	727	188	732	188	195	197	0.0213675	0	0.448687	1
257	458	102	452	101	195	199	0.0299145	0	0.243437	2
258	127	287	115	284	195	199	0.0897436	0	0.684964	2
259	612	307	603	306	195	197	0.042735	0	0.732697	2
260	726	161	742	160	195	201	0.0726496	0	0.384248	1
261	424	115	418	114	195	198	0.0299145	0	0.274463	2
262	208	360	201	353	195	198	0.239316	0	0.859189	2
263	353	65	349	64	195	196	0.0213675	0	0.155131	2
264	461	112	456	111	195	199	0.025641	0	0.267303	2
265	344	27	339	24	195	205	0.0598291	0	0.0644391	2
266	458	124	456	124	195	196	0.00854701	0	0.295943	2
267	510	145	519	142	195	205	0.0769231	0	0.346062	1
268	627	340	600	340	195	201	0.115385	0	0.811456	2
269	315	60	310	57	195	202	0.0598291	0	0.143198	2
270	634	270	623	269	195	196	0.0512821	0	0.644391	2
271	467	142	466	142	196	197	0.0042735	0	0.338902	2
272	437	147	433	146	196	197	0.0213675	0	0.350835	2
273	482	130	478	129	196	197	0.0213675	0	0.310263	2
274	613	283	600	280	196	198	0.0940171	0	0.675418	2
275	142	170	137	167	196	205	0.0598291	0	0.405728	2
276	629	137	630	135	196	200	0.0213675	0	0.326969	1
277	352	212	351	210	196	197	0.0213675	0	0.505967	2
278	353	176	355	173	196	198	0.0470085	0	0.420048	1
279	627	123	630	122	196	199	0.017094	0	0.293556	1
280	470	152	468	151	197	198	0.0128205	0	0.362768	2
281	175	324	141	317	197	205	0.354701	0	0.77327	2
282	615	120	619	118	197	200	0.034188	0	0.286396	1
283	638	162	631	159	197	205	0.0683761	0	0.386635	2
284	223	89	219	86	197	205	0.0555556	0	0.212411	2
285	350	60	344	59	197	198	0.0299145	0	0.143198	2
286	628	297	623	297	197	198	0.0213675	0	0.708831	2
287	432	112	428	110	197	198	0.034188	0	0.267303	2
288	441	112	438	110	198	199	0.0299145	0	0.267303	2
289	432	146	430	145	198	199	0.0128205	0	0.348449	2
290	477	129	474	127	198	199	0.0299145	0	0.307876	2
291	209	62	205	60	198	205	0.034188	0	0.147971	2
292	470	161	469	161	198	199	0.0042735	0	0.384248	2
293	165	359	160	360	198	205	0.025641	0	0.856802	2
294	619	363	614	361	198	204	0.0384615	0	0.866348	2
295	555	120	550	118	198	199	0.0384615	0	0.286396	2
296	735	187	744	187	198	201	0.0384615	0	0.446301	1
297	357	173	364	166	199	205	0.239316	0	0.412888	1
298	469	151	468	149	199	200	0.0213675	0	0.360382	2
299	596	270	593	270	199	200	0.0128205	0	0.644391	2
300	368	171	375	164	199	205	0.239316	0	0.408115	1
301	451	130	447	129	199	201	0.0213675	0	0.310263	2
302	356	81	355	80	199	200	0.00854701	0	0.193317	2
303	144	151	134	147	199	205	0.111111	0	0.360382	2
304	594	280	571	278	199	203	0.115385	0	0.668258	2
305	479	144	477	142	199	200	0.025641	0	0.343675	2
306	430	169	427	167	199	201	0.0299145	0	0.403341	2
307	186	88	172	85	199	205	0.0982906	0	0.210024	2
308	428	109	421	108	199	201	0.034188	0	0.260143	2
309	734	197	740	198	199	201	0.0299145	0	0.470167	1
310	470	124	469	122	200	201	0.0213675	0	0.295943	2
311	531	139	532	136	200	202	0.042735	0	0.331742	1
312	437	110	432	109	200	202	0.025641	0	0.26253	2
313	633	116	641	117	200	204	0.0384615	0	0.27685	1
314	431	146	426	143	200	204	0.0598291	0	0.348449	2
315	447	112	441	110	200	204	0.042735	0	0.267303	2
316	580	234	558	233	200	203	0.0982906	0	0.558473	2
317	499	163	500	162	200	205	0.00854701	0	0.389021	1
318	463	138	460	137	200	202	0.017094	0	0.329356	2
319	338	115	345	114	200	202	0.034188	0	0.274463	1
320	631	137	634	138	201	204	0.017094	0	0.326969	1
321	414	151	412	149	201	203	0.025641	0	0.360382	2
322	349	74	347	73	201	205	0.0128205	0	0.176611	2
323	589	267	570	266	201	203	0.0854701	0	0.637232	2
324	478	132	476	131	201	202	0.0128205	0	0.315036	2
325	620	115	628	114	201	205	0.0384615	0	0.274463	1
326	338	125	340	124	201	202	0.0128205	0	0.298329	1
327	594	286	582	285	201	203	0.0555556	0	0.682578	2
328	468	120	467	118	202	203	0.0213675	0	0.286396	2
329	406	125	402	126	202	204	0.0213675	0	0.298329	2
330	227	24	226	24	202	203	0.0042735	0	0.0572792	2
331	466	149	464	147	202	203	0.025641	0	0.355609	2
332	525	172	526	172	202	203	0.0042735	0	0.410501	1
333	752	166	754	167	202	203	0.0128205	0	0.396181	1
334	173	360	171	357	202	205	0.0470085	0	0.859189	2
335	447	122	444	121	202	204	0.017094	0	0.291169	2
336	604	344	595	341	202	205	0.0769231	0	0.821002	2
337	763	203	768	201	202	205	0.0384615	0	0.484487	1
338	405	140	404	139	202	203	0.00854701	0	0.334129	2
339	431	108	426	106	203	205	0.0384615	0	0.257757	2
340	527	142	529	142	203	205	0.00854701	0	0.338902	1
341	467	132	465	129	203	204	0.0470085	0	0.315036	2
342	749	201	752	200	203	204	0.017094	0	0.479714	1
343	546	265	537	269	203	205	0.106838	0	0.632458	2
344	531	162	533	163	203	205	0.0128205	0	0.386635	1
345	284	165	283	164	203	205	0.00854701	0	0.393795	2
346	194	72	189	71	203	205	0.025641	0	0.171838	2
347	257	31	256	30	203	205	0.00854701	0	0.0739857	2
348	583	336	574	333	203	204	0.0769231	0	0.801909	2
349	413	149	413	148	204	205	0.0042735	0	0.355609	1
350	531	175	532	175	204	205	0.0042735	0	0.417661	1
351	757	164	758	164	204	205	0.0042735	0	0.391408	1
352	469	119	468	118	204	205	0.00854701	0	0.28401	2
353	475	161	474	161	204	205	0.0042735	0	0.384248	2
354	65	259	64	260	204	205	0.00854701	0	0.618138	2
355	318	63	314	63	204	205	0.017094	0	0.150358	2
356	624	136	626	135	204	205	0.0128205	0	0.324582	1
357	344	124	346	123	204	205	0.0128205	0	0.295943	1
358	377	182	379	181	204	205	0.0128205	0	0.434368	1
359	318	164	318	163	204	205	0.0042735	0	0.391408	1