
0	513	171	513	170	102	103	0.0119048	0	0.417073	1
1	411	204	411	204	102	103	0	0	0.497561	1
2	422	224	422	223	103	104	0.0119048	0	0.546341	1
3	476	177	476	175	103	104	0.047619	0	0.431707	1
4	416	171	412	171	103	106	0.047619	0	0.417073	2
5	431	171	431	170	103	104	0.0119048	0	0.417073	1
6	271	200	271	199	103	104	0.0119048	0	0.487805	1
7	578	140	576	139	103	104	0.0357143	0	0.341463	2
8	379	196	378	195	103	104	0.0238095	0	0.478049	2
9	591	137	592	137	103	104	0.0119048	0	0.334146	1
10	532	174	532	174	103	107	0	0	0.42439	1
11	514	170	514	169	104	106	0.0119048	0	0.414634	1
12	377	185	377	183	104	105	0.047619	0	0.45122	1
13	411	217	408	216	104	106	0.047619	0	0.529268	2
14	412	203	411	203	104	106	0.0119048	0	0.495122	2
15	336	186	335	184	104	106	0.0595238	0	0.453659	2
16	387	213	384	214	104	112	0.047619	0	0.519512	2
17	471	170	469	168	105	107	0.0714286	0	0.414634	2
18	295	181	293	182	105	109	0.0357143	0	0.441463	2
19	425	169	423	168	105	106	0.0357143	0	0.412195	2
20	362	204	364	203	105	108	0.0357143	0	0.497561	1
21	275	201	274	201	105	106	0.0119048	0	0.490244	2
22	548	179	544	179	105	111	0.047619	0	0.436585	2
23	588	124	591	125	105	111	0.047619	0	0.302439	1
24	453	160	452	159	105	107	0.0238095	0	0.390244	2
25	375	197	373	196	105	106	0.0357143	0	0.480488	2
26	576	139	580	140	105	109	0.0595238	0	0.339024	1
27	501	169	500	169	105	107	0.0119048	0	0.412195	2
28	590	136	591	136	105	107	0.0119048	0	0.331707	1
29	310	175	310	177	105	109	0.047619	0	0.426829	1
30	304	277	322	272	105	124	0.511905	0	0.67561	1
31	556	208	552	208	105	109	0.047619	0	0.507317	2
32	417	183	417	182	106	107	0.0119048	0	0.446341	1
33	433	173	432	171	106	107	0.0595238	0	0.421951	2
34	439	209	437	209	106	107	0.0238095	0	0.509756	2
35	422	220	422	220	106	107	0	0	0.536585	1
36	284	200	284	200	106	108	0	0	0.487805	1
37	512	167	507	162	107	112	0.357143	0	0.407317	2
38	401	227	400	224	107	113	0.119048	0	0.553659	2
39	333	186	332	185	107	109	0.0238095	0	0.453659	2
40	322	214	320	215	107	110	0.0357143	0	0.521951	2
41	411	172	409	171	107	108	0.0357143	0	0.419512	2
42	405	216	401	216	107	108	0.047619	0	0.526829	2
43	407	182	406	181	107	108	0.0238095	0	0.443902	2
44	410	199	409	199	107	110	0.0119048	0	0.485366	2
45	422	168	421	167	107	108	0.0238095	0	0.409756	2
46	284	209	286	211	107	111	0.0714286	0	0.509756	1
47	379	192	377	191	107	108	0.0357143	0	0.468293	2
48	375	181	374	180	108	109	0.0238095	0	0.441463	2
49	431	167	430	165	108	109	0.0595238	0	0.407317	2
50	416	183	415	182	108	109	0.0238095	0	0.446341	2
51	384	205	382	204	108	110	0.0357143	0	0.5	2
52	533	175	532	175	108	109	0.0119048	0	0.426829	2
53	278	190	277	189	108	112	0.0238095	0	0.463415	2
54	441	171	441	171	108	109	0	0	0.417073	1
55	31	255	39	257	108	113	0.142857	0	0.621951	1
56	499	167	498	167	108	110	0.0119048	0	0.407317	2
57	353	212	354	211	108	109	0.0238095	0	0.517073	1
58	484	191	476	192	108	114	0.107143	0	0.465854	2
59	480	211	478	212	108	111	0.0357143	0	0.514634	2
60	408	172	407	171	109	110	0.0238095	0	0.419512	2
61	405	182	404	179	109	111	0.119048	0	0.443902	2
62	284	200	285	201	109	111	0.0238095	0	0.487805	1
63	420	167	419	164	109	112	0.119048	0	0.407317	2
64	274	170	272	170	109	112	0.0238095	0	0.414634	2
65	563	206	549	206	109	117	0.166667	0	0.502439	2
66	294	181	292	179	110	116	0.0714286	0	0.441463	2
67	414	181	412	178	110	112	0.130952	0	0.441463	2
68	331	185	332	184	110	111	0.0238095	0	0.45122	1
69	430	163	429	162	110	111	0.0238095	0	0.397561	2
70	31	293	33	293	110	111	0.0238095	0	0.714634	1
71	552	208	537	210	110	117	0.22619	0	0.507317	2
72	596	140	598	140	110	111	0.0238095	0	0.341463	1
73	460	162	459	161	110	111	0.0238095	0	0.395122	2
74	496	209	492	209	110	113	0.047619	0	0.509756	2
75	341	181	348	179	110	115	0.130952	0	0.441463	1
76	379	189	377	188	110	111	0.0357143	0	0.460976	2
77	450	159	450	158	110	111	0.0119048	0	0.387805	1
78	581	140	585	139	110	112	0.0595238	0	0.341463	1
79	319	216	319	214	111	113	0.047619	0	0.526829	1
80	373	178	373	177	111	112	0.0119048	0	0.434146	1
81	284	163	281	162	111	113	0.047619	0	0.397561	2
82	332	205	331	203	111	113	0.0595238	0	0.5	2
83	409	169	408	168	111	112	0.0238095	0	0.412195	2
84	309	160	306	161	111	113	0.047619	0	0.390244	2
85	363	186	362	187	111	112	0.0238095	0	0.453659	2
86	335	215	333	214	111	114	0.0357143	0	0.52439	2
87	334	184	338	182	112	116	0.0952381	0	0.44878	1
88	429	163	428	161	112	113	0.0595238	0	0.397561	2
89	376	187	374	186	112	113	0.0357143	0	0.456098	2
90	592	125	624	127	112	131	0.428571	0	0.304878	1
91	366	204	366	203	112	113	0.0119048	0	0.497561	1
92	315	174	314	173	112	113	0.0238095	0	0.42439	2
93	540	177	537	176	112	113	0.047619	0	0.431707	2
94	473	204	470	205	112	113	0.047619	0	0.497561	2
95	564	46	564	47	112	140	0.0119048	0	0.112195	1
96	440	159	440	158	112	113	0.0119048	0	0.387805	1
97	394	202	375	204	112	120	0.27381	0	0.492683	2
98	303	181	302	181	112	113	0.0119048	0	0.441463	2
99	795	79	795	79	112	140	0	0	0.192683	1
100	92	406	93	407	112	140	0.0238095	0	0.990244	1
101	376	176	376	175	113	114	0.0119048	0	0.429268	1
102	408	169	407	168	113	114	0.0238095	0	0.412195	2
103	280	189	279	189	113	114	0.0119048	0	0.460976	2
104	589	136	591	134	113	116	0.0714286	0	0.331707	1
105	533	215	519	216	113	121	0.178571	0	0.52439	2
106	279	204	278	203	113	114	0.0238095	0	0.497561	2
107	430	161	429	160	114	115	0.0238095	0	0.392683	2
108	399	222	396	220	114	115	0.0833333	0	0.541463	2
109	321	214	322	213	114	115	0.0238095	0	0.521951	1
110	377	186	375	185	114	115	0.0357143	0	0.453659	2
111	281	163	276	162	114	116	0.0714286	0	0.397561	2
112	408	178	404	176	114	115	0.0952381	0	0.434146	2
113	268	119	261	119	114	132	0.0833333	0	0.290244	2
114	34	298	35	298	114	115	0.0119048	0	0.726829	1
115	366	204	365	203	114	115	0.0238095	0	0.497561	2
116	42	256	53	251	114	119	0.428571	0	0.62439	1
117	31	286	33	285	114	115	0.0357143	0	0.697561	1
118	319	327	319	326	114	115	0.0119048	0	0.797561	1
119	437	177	438	174	114	115	0.119048	0	0.431707	1
120	305	161	302	160	114	115	0.047619	0	0.392683	2
121	538	174	533	173	114	116	0.0714286	0	0.42439	2
122	285	214	284	214	114	117	0.0119048	0	0.521951	2
123	364	194	363	195	114	115	0.0238095	0	0.473171	2
124	389	219	385	218	114	115	0.0595238	0	0.534146	2
125	441	187	441	186	114	115	0.0119048	0	0.456098	1
126	420	163	420	161	114	117	0.047619	0	0.397561	1
127	472	211	464	210	114	117	0.107143	0	0.514634	2
128	366	181	364	180	114	115	0.0357143	0	0.441463	2
129	485	227	480	227	114	116	0.0595238	0	0.553659	2
130	26	272	29	270	114	115	0.0833333	0	0.663415	1
131	375	175	373	173	115	118	0.0714286	0	0.426829	2
132	409	166	409	164	115	117	0.047619	0	0.404878	1
133	520	169	517	169	115	116	0.0357143	0	0.412195	2
134	599	147	599	145	115	116	0.047619	0	0.358537	1
135	37	298	38	298	116	117	0.0119048	0	0.726829	1
136	392	221	384	220	116	118	0.107143	0	0.539024	2
137	323	213	324	213	116	117	0.0119048	0	0.519512	1
138	395	172	390	170	116	118	0.107143	0	0.419512	2
139	450	156	452	156	116	117	0.0238095	0	0.380488	1
140	364	183	361	182	116	117	0.047619	0	0.446341	2
141	429	161	428	160	116	117	0.0238095	0	0.392683	2
142	294	211	295	210	116	117	0.0238095	0	0.514634	1
143	348	179	348	179	116	117	0	0	0.436585	1
144	30	269	32	268	116	117	0.0357143	0	0.656098	1
145	415	175	414	173	116	118	0.0595238	0	0.426829	2
146	618	188	614	187	116	118	0.0595238	0	0.458537	2
147	441	187	441	187	116	117	0	0	0.456098	1
148	663	231	661	231	116	119	0.0238095	0	0.563415	2
149	293	179	294	177	117	119	0.0595238	0	0.436585	1
150	269	165	250	169	117	127	0.416667	0	0.402439	2
151	26	299	31	298	117	118	0.0714286	0	0.729268	1
152	513	170	509	170	117	118	0.047619	0	0.414634	2
153	460	146	463	144	117	119	0.0833333	0	0.356098	1
154	462	193	454	191	117	119	0.142857	0	0.470732	2
155	778	151	772	152	117	124	0.0833333	0	0.368293	2
156	606	148	603	147	117	118	0.047619	0	0.360976	2
157	278	202	278	201	117	119	0.0119048	0	0.492683	1
158	427	159	427	159	118	119	0	0	0.387805	1
159	362	182	361	182	118	119	0.0119048	0	0.443902	2
160	454	155	459	155	118	121	0.0595238	0	0.378049	1
161	410	163	410	163	118	124	0	0	0.397561	1
162	290	203	290	203	118	120	0	0	0.495122	1
163	451	165	451	166	118	119	0.0119048	0	0.402439	1
164	283	214	284	214	118	121	0.0119048	0	0.521951	1
165	296	213	296	213	118	120	0	0	0.519512	1
166	372	183	371	182	118	119	0.0238095	0	0.446341	2
167	332	201	335	203	118	124	0.0833333	0	0.490244	1
168	298	150	295	150	118	119	0.0357143	0	0.365854	2
169	400	174	398	173	118	119	0.0357143	0	0.42439	2
170	299	162	293	162	118	120	0.0714286	0	0.395122	2
171	464	226	462	225	118	120	0.0357143	0	0.55122	2
172	487	157	480	157	118	120	0.0833333	0	0.382927	2
173	34	266	37	264	118	119	0.0833333	0	0.64878	1
174	387	202	381	203	118	122	0.0833333	0	0.492683	2
175	407	205	406	205	118	119	0.0119048	0	0.5	2
176	388	168	386	168	119	121	0.0238095	0	0.409756	2
177	374	172	373	171	119	120	0.0238095	0	0.419512	2
178	400	195	396	196	119	121	0.0595238	0	0.47561	2
179	463	179	465	179	119	120	0.0238095	0	0.436585	1
180	608	140	610	140	119	120	0.0238095	0	0.341463	1
181	332	213	333	212	119	120	0.0238095	0	0.519512	1
182	504	168	493	169	119	122	0.142857	0	0.409756	2
183	591	139	589	138	119	120	0.0357143	0	0.339024	2
184	777	176	780	178	119	125	0.0833333	0	0.429268	1
185	339	187	337	186	120	121	0.0357143	0	0.456098	2
186	55	250	91	251	120	129	0.440476	0	0.609756	1
187	270	182	268	181	120	121	0.0357143	0	0.443902	2
188	359	200	353	202	120	128	0.119048	0	0.487805	2
189	589	217	591	219	120	140	0.0714286	0	0.529268	1
190	270	194	266	194	120	122	0.047619	0	0.473171	2
191	47	296	62	291	120	123	0.47619	0	0.721951	1
192	50	264	59	262	120	123	0.154762	0	0.643902	1
193	383	185	383	183	120	121	0.047619	0	0.45122	1
194	293	151	290	151	120	121	0.0357143	0	0.368293	2
195	687	223	669	231	120	140	0.97619	0	0.543902	2
196	465	145	466	145	120	121	0.0119048	0	0.353659	1
197	453	140	460	141	120	125	0.0952381	0	0.341463	1
198	295	179	295	179	121	122	0	0	0.436585	1
199	332	212	333	212	121	122	0.0119048	0	0.517073	1
200	40	297	41	297	121	122	0.0119048	0	0.72439	1
201	347	183	346	182	121	122	0.0238095	0	0.446341	2
202	297	212	296	215	121	123	0.119048	0	0.517073	2
203	373	205	365	209	121	135	0.285714	0	0.5	2
204	478	155	474	155	121	122	0.047619	0	0.378049	2
205	328	339	329	339	121	123	0.0119048	0	0.826829	1
206	286	163	272	163	121	127	0.166667	0	0.397561	2
207	425	202	425	203	121	123	0.0119048	0	0.492683	1
208	324	325	328	325	121	124	0.047619	0	0.792683	1
209	517	181	500	182	121	126	0.214286	0	0.441463	2
210	462	156	463	157	122	123	0.0238095	0	0.380488	1
211	380	224	380	224	122	126	0	0	0.546341	1
212	395	200	392	200	122	124	0.0357143	0	0.487805	2
213	610	140	614	140	122	124	0.047619	0	0.341463	1
214	263	184	259	184	122	124	0.047619	0	0.44878	2
215	294	203	294	205	122	123	0.047619	0	0.495122	1
216	24	308	32	303	122	124	0.392857	0	0.75122	1
217	370	221	370	220	122	124	0.0119048	0	0.539024	1
218	427	161	426	162	122	123	0.0238095	0	0.392683	2
219	355	213	354	215	122	125	0.0595238	0	0.519512	2
220	435	194	432	194	122	123	0.0357143	0	0.473171	2
221	297	181	300	182	123	128	0.047619	0	0.441463	1
222	338	183	336	182	123	124	0.0357143	0	0.446341	2
223	369	192	368	191	123	124	0.0238095	0	0.468293	2
224	372	171	372	170	123	124	0.0119048	0	0.417073	1
225	43	296	47	295	123	124	0.0595238	0	0.721951	1
226	465	176	466	176	123	124	0.0119048	0	0.429268	1
227	386	178	384	177	123	124	0.0357143	0	0.434146	2
228	290	226	290	226	123	124	0	0	0.55122	1
229	371	181	371	177	123	125	0.190476	0	0.441463	1
230	473	156	475	157	123	125	0.0357143	0	0.380488	1
231	361	182	360	179	123	125	0.119048	0	0.443902	2
232	491	173	487	173	123	124	0.047619	0	0.421951	2
233	332	216	331	217	124	125	0.0238095	0	0.526829	2
234	409	198	409	197	124	125	0.0119048	0	0.482927	1
235	65	293	67	294	124	125	0.0357143	0	0.714634	1
236	464	159	464	158	124	125	0.0119048	0	0.387805	1
237	455	182	458	179	124	126	0.142857	0	0.443902	1
238	330	339	330	339	124	125	0	0	0.826829	1
239	645	62	647	63	124	140	0.0357143	0	0.15122	1
240	411	164	410	164	125	126	0.0119048	0	0.4	2
241	338	180	336	179	125	126	0.0357143	0	0.439024	2
242	350	180	350	179	125	126	0.0119048	0	0.439024	1
243	367	189	365	188	125	126	0.0357143	0	0.460976	2
244	375	167	373	166	125	127	0.0357143	0	0.407317	2
245	393	203	392	204	125	127	0.0238095	0	0.495122	2
246	408	182	407	182	125	126	0.0119048	0	0.443902	2
247	295	217	296	216	125	127	0.0238095	0	0.529268	1
248	55	296	62	296	125	126	0.0833333	0	0.721951	1
249	370	220	373	221	125	127	0.047619	0	0.536585	1
250	287	161	279	161	125	128	0.0952381	0	0.392683	2
251	290	195	290	195	125	126	0	0	0.47561	1
252	467	177	469	177	125	126	0.0238095	0	0.431707	1
253	669	204	659	211	125	139	0.702381	0	0.497561	2
254	269	195	266	197	125	127	0.0833333	0	0.47561	2
255	508	219	508	219	125	126	0	0	0.534146	1
256	274	124	271	124	125	130	0.0357143	0	0.302439	2
257	461	147	462	147	126	127	0.0119048	0	0.358537	1
258	329	217	327	216	126	128	0.0357143	0	0.529268	2
259	464	158	464	157	126	127	0.0119048	0	0.385366	1
260	411	198	411	197	126	127	0.0119048	0	0.482927	1
261	623	142	626	142	126	128	0.0357143	0	0.346341	1
262	72	296	73	297	126	127	0.0238095	0	0.721951	1
263	269	147	268	148	126	139	0.0238095	0	0.358537	2
264	293	206	293	205	126	127	0.0119048	0	0.502439	1
265	349	213	348	212	126	127	0.0238095	0	0.519512	2
266	64	316	64	315	126	131	0.0119048	0	0.770732	1
267	438	197	435	197	126	127	0.0357143	0	0.480488	2
268	339	214	339	214	126	130	0	0	0.521951	1
269	282	151	277	151	126	128	0.0595238	0	0.368293	2
270	409	167	408	166	127	128	0.0238095	0	0.407317	2
271	353	178	352	178	127	128	0.0119048	0	0.434146	2
272	784	153	782	153	127	128	0.0238095	0	0.373171	2
273	362	189	360	189	127	129	0.0238095	0	0.460976	2
274	330	186	329	185	127	128	0.0238095	0	0.453659	2
275	291	193	292	194	127	129	0.0238095	0	0.470732	1
276	64	285	90	279	127	133	0.738095	0	0.695122	1
277	449	236	440	238	127	132	0.154762	0	0.57561	2
278	586	158	577	157	127	130	0.119048	0	0.385366	2
279	463	147	467	146	128	131	0.0595238	0	0.358537	1
280	246	170	214	175	128	140	0.678571	0	0.414634	2
281	73	300	76	300	128	130	0.0357143	0	0.731707	1
282	464	158	464	157	128	129	0.0119048	0	0.385366	1
283	368	167	365	166	128	129	0.047619	0	0.407317	2
284	261	197	257	196	128	130	0.0595238	0	0.480488	2
285	380	200	381	201	128	129	0.0238095	0	0.487805	1
286	411	198	411	199	128	129	0.0119048	0	0.482927	1
287	393	213	396	214	128	130	0.047619	0	0.519512	1
288	269	162	263	163	128	130	0.0833333	0	0.395122	2
289	379	175	375	173	128	130	0.0952381	0	0.426829	2
290	256	170	253	169	128	129	0.047619	0	0.414634	2
291	508	220	507	220	128	130	0.0119048	0	0.536585	2
292	289	227	290	226	128	129	0.0238095	0	0.553659	1
293	396	202	394	201	128	129	0.0357143	0	0.492683	2
294	259	185	254	186	128	130	0.0714286	0	0.45122	2
295	302	184	306	185	129	132	0.0595238	0	0.44878	1
296	355	173	353	173	129	130	0.0238095	0	0.421951	2
297	784	150	784	150	129	132	0	0	0.365854	1
298	278	154	274	154	129	130	0.047619	0	0.37561	2
299	401	162	398	162	129	130	0.0357143	0	0.395122	2
300	92	295	113	294	129	133	0.261905	0	0.719512	1
301	79	267	90	265	129	131	0.178571	0	0.65122	1
302	334	185	332	184	129	130	0.0357143	0	0.45122	2
303	427	212	417	213	129	131	0.130952	0	0.517073	2
304	623	156	640	160	129	135	0.392857	0	0.380488	1
305	361	189	359	188	130	132	0.0357143	0	0.460976	2
306	412	161	411	162	130	131	0.0238095	0	0.392683	2
307	249	171	228	176	130	138	0.547619	0	0.417073	2
308	408	171	407	172	130	131	0.0238095	0	0.417073	2
309	465	158	466	158	130	132	0.0119048	0	0.385366	1
310	413	195	409	193	130	131	0.0952381	0	0.47561	2
311	350	212	347	212	130	132	0.0357143	0	0.517073	2
312	392	202	388	203	130	131	0.0595238	0	0.492683	2
313	367	219	370	217	130	133	0.0833333	0	0.534146	1
314	764	152	758	152	130	133	0.0714286	0	0.370732	2
315	363	167	358	167	130	132	0.0595238	0	0.407317	2
316	377	205	377	205	130	134	0	0	0.5	1
317	396	214	396	213	131	132	0.0119048	0	0.521951	1
318	670	214	669	218	131	134	0.202381	0	0.521951	2
319	333	177	334	176	131	132	0.0238095	0	0.431707	1
320	266	163	262	162	131	132	0.0595238	0	0.397561	2
321	293	225	294	225	131	134	0.0119048	0	0.54878	1
322	78	300	83	298	131	132	0.107143	0	0.731707	1
323	334	188	334	187	131	132	0.0119048	0	0.458537	1
324	396	159	391	159	131	133	0.0595238	0	0.387805	2
325	345	177	344	176	131	132	0.0238095	0	0.431707	2
326	324	214	324	214	131	132	0	0	0.521951	1
327	243	194	237	195	131	133	0.0833333	0	0.473171	2
328	376	176	374	174	131	132	0.0714286	0	0.429268	2
329	619	139	625	140	131	134	0.0833333	0	0.339024	1
330	479	170	480	170	131	132	0.0119048	0	0.414634	1
331	576	157	573	157	131	133	0.0357143	0	0.382927	2
332	469	147	471	147	132	134	0.0238095	0	0.358537	1
333	629	129	634	130	132	134	0.0714286	0	0.314634	1
334	295	214	295	214	132	133	0	0	0.521951	1
335	310	221	312	219	132	133	0.0714286	0	0.539024	1
336	357	342	357	342	132	134	0	0	0.834146	1
337	105	254	150	250	132	140	0.72619	0	0.619512	1
338	244	184	241	183	132	133	0.047619	0	0.44878	2
339	419	203	418	203	133	134	0.0119048	0	0.495122	2
340	311	185	312	185	133	134	0.0119048	0	0.45122	1
341	405	173	404	174	133	134	0.0238095	0	0.421951	2
342	469	160	470	160	133	135	0.0119048	0	0.390244	1
343	785	151	786	151	133	140	0.0119048	0	0.368293	1
344	281	122	278	122	133	140	0.0357143	0	0.297561	2
345	259	163	240	168	133	139	0.52381	0	0.397561	2
346	642	142	643	142	133	134	0.0119048	0	0.346341	1
347	358	168	355	169	133	135	0.047619	0	0.409756	2
348	261	121	257	121	133	140	0.047619	0	0.295122	2
349	357	216	355	217	133	134	0.0357143	0	0.526829	2
350	358	190	357	189	133	134	0.0238095	0	0.463415	2
351	346	214	345	214	133	136	0.0119048	0	0.521951	2
352	89	298	116	298	133	136	0.321429	0	0.726829	1
353	372	168	370	168	133	134	0.0238095	0	0.409756	2
354	325	203	323	203	133	134	0.0238095	0	0.495122	2
355	781	179	780	179	133	134	0.0119048	0	0.436585	2
356	478	189	479	190	134	138	0.0238095	0	0.460976	1
357	303	215	304	215	134	135	0.0119048	0	0.52439	1
358	403	158	397	158	134	136	0.0714286	0	0.385366	2
359	253	179	250	179	134	135	0.0357143	0	0.436585	2
360	569	172	567	172	134	135	0.0238095	0	0.419512	2
361	244	200	240	201	134	135	0.0595238	0	0.487805	2
362	106	265	141	258	134	140	1	0	0.646341	1
363	439	191	437	191	134	136	0.0238095	0	0.465854	2
364	105	314	105	313	134	135	0.0119048	0	0.765854	1
365	312	188	313	189	135	136	0.0238095	0	0.458537	1
366	405	176	404	176	135	136	0.0119048	0	0.429268	2
367	332	215	331	214	135	136	0.0238095	0	0.52439	2
368	417	202	416	201	135	136	0.0238095	0	0.492683	2
369	332	185	330	185	135	136	0.0238095	0	0.45122	2
370	474	147	477	148	135	139	0.047619	0	0.358537	1
371	640	127	642	127	135	136	0.0238095	0	0.309756	1
372	472	178	473	178	135	137	0.0119048	0	0.434146	1
373	296	228	297	227	135	136	0.0238095	0	0.556098	1
374	669	219	664	221	135	138	0.107143	0	0.534146	2
375	643	145	645	145	135	136	0.0238095	0	0.353659	1
376	383	202	382	199	135	136	0.119048	0	0.492683	2
377	625	143	625	143	135	136	0	0	0.34878	1
378	426	155	408	156	135	139	0.22619	0	0.378049	2
379	468	193	467	193	135	136	0.0119048	0	0.470732	2
380	230	199	228	199	135	136	0.0238095	0	0.485366	2
381	412	192	411	191	135	136	0.0238095	0	0.468293	2
382	355	170	354	170	136	137	0.0119048	0	0.414634	2
383	474	159	477	160	136	139	0.047619	0	0.387805	1
384	106	313	110	309	136	139	0.238095	0	0.763415	1
385	306	217	308	219	136	137	0.0714286	0	0.529268	1
386	364	219	361	219	136	137	0.0357143	0	0.534146	2
387	282	148	277	148	136	140	0.0595238	0	0.360976	2
388	664	232	663	232	136	137	0.0119048	0	0.565854	2
389	194	410	195	410	136	140	0.0119048	0	1	1
390	376	161	366	162	136	139	0.130952	0	0.392683	2
391	416	204	415	205	137	138	0.0238095	0	0.497561	2
392	330	187	328	188	137	138	0.0357143	0	0.456098	2
393	315	190	316	192	137	138	0.0595238	0	0.463415	1
394	346	211	345	210	137	139	0.0238095	0	0.514634	2
395	405	175	404	176	137	139	0.0238095	0	0.426829	2
396	392	165	384	166	137	140	0.107143	0	0.402439	2
397	642	133	643	132	137	138	0.0238095	0	0.32439	1
398	469	192	470	194	137	139	0.0595238	0	0.468293	1
399	346	184	345	185	137	138	0.0238095	0	0.44878	2
400	628	143	633	143	137	140	0.0595238	0	0.34878	1
401	301	209	305	213	137	140	0.238095	0	0.509756	1
402	382	166	373	167	137	140	0.119048	0	0.404878	2
403	738	82	738	82	137	140	0	0	0.2	1
404	379	198	374	198	137	138	0.0595238	0	0.482927	2
405	444	182	429	183	137	140	0.190476	0	0.443902	2
406	394	336	396	335	137	138	0.0357143	0	0.819512	1
407	353	170	352	170	138	139	0.0119048	0	0.414634	2
408	124	298	131	295	138	140	0.190476	0	0.726829	1
409	320	227	322	226	138	139	0.0357143	0	0.553659	1
410	362	289	367	288	138	140	0.0714286	0	0.704878	1
411	468	176	468	177	138	139	0.0119048	0	0.429268	1
412	226	195	220	196	138	140	0.0833333	0	0.47561	2
413	309	231	312	230	138	140	0.047619	0	0.563415	1
414	360	219	359	219	138	139	0.0119048	0	0.534146	2
415	376	325	381	323	138	140	0.107143	0	0.792683	1
416	394	155	389	156	138	140	0.0714286	0	0.378049	2
417	653	138	657	138	138	140	0.047619	0	0.336585	1
418	318	194	318	195	139	140	0.0119048	0	0.473171	1
419	328	189	326	189	139	140	0.0238095	0	0.460976	2
420	416	207	416	208	139	140	0.0119048	0	0.504878	1
421	645	131	646	130	139	140	0.0238095	0	0.319512	1
422	226	179	223	179	139	140	0.0357143	0	0.436585	2
423	348	185	346	186	139	140	0.0357143	0	0.45122	2
424	389	329	390	328	139	140	0.0238095	0	0.802439	1
425	753	168	753	167	139	140	0.0119048	0	0.409756	1
426	353	195	353	196	139	140	0.0119048	0	0.47561	1