
0	144	455	144	454	132	133	0.00833333	0	1	1
1	396	455	394	454	132	142	0.025	0	1	2
2	381	455	379	454	132	142	0.025	0	1	2
3	503	159	501	157	132	136	0.05	0	0.349451	2
4	690	61	688	60	133	140	0.025	0	0.134066	2
5	172	455	170	454	133	143	0.025	0	1	2
6	615	96	616	96	133	134	0.00833333	0	0.210989	1
7	389	165	388	164	133	134	0.0166667	0	0.362637	2
8	425	190	422	188	133	137	0.0583333	0	0.417582	2
9	517	176	516	176	133	134	0.00833333	0	0.386813	2
10	293	451	294	449	133	134	0.0416667	0	0.991209	1
11	433	452	422	450	133	170	0.125	0	0.993407	2
12	55	452	54	450	133	136	0.0416667	0	0.993407	2
13	144	455	143	454	134	142	0.0166667	0	1	2
14	481	181	480	180	134	135	0.0166667	0	0.397802	2
15	291	184	294	183	134	136	0.0333333	0	0.404396	1
16	792	83	790	82	134	136	0.025	0	0.182418	2
17	798	174	795	173	134	137	0.0333333	0	0.382418	2
18	663	95	661	95	134	149	0.0166667	0	0.208791	2
19	478	36	476	35	134	170	0.025	0	0.0791209	2
20	619	96	621	96	135	137	0.0166667	0	0.210989	1
21	408	184	405	185	135	142	0.0333333	0	0.404396	2
22	518	176	513	175	135	138	0.05	0	0.386813	2
23	116	453	115	453	135	170	0.00833333	0	0.995604	2
24	418	169	417	167	135	136	0.0416667	0	0.371429	2
25	387	167	382	165	135	140	0.075	0	0.367033	2
26	173	430	180	430	135	170	0.0583333	0	0.945055	1
27	458	165	454	158	135	139	0.441667	0	0.362637	2
28	684	76	683	75	135	140	0.0166667	0	0.167033	2
29	460	154	459	148	135	138	0.308333	0	0.338462	2
30	435	189	434	188	136	137	0.0166667	0	0.415385	2
31	606	151	605	150	137	140	0.0166667	0	0.331868	2
32	494	167	493	165	137	138	0.0416667	0	0.367033	2
33	418	163	417	162	137	138	0.0166667	0	0.358242	2
34	593	270	590	271	137	140	0.0333333	0	0.593407	2
35	422	224	422	224	137	140	0	0	0.492308	1
36	775	198	774	198	137	170	0.00833333	0	0.435165	2
37	42	281	42	279	137	138	0.0333333	0	0.617582	1
38	572	219	569	221	138	145	0.0583333	0	0.481319	2
39	297	184	299	184	138	140	0.0166667	0	0.404396	1
40	432	187	431	185	138	139	0.0416667	0	0.410989	2
41	476	180	475	179	138	139	0.0166667	0	0.395604	2
42	28	424	30	424	138	145	0.0166667	0	0.931868	1
43	417	166	416	165	139	140	0.0166667	0	0.364835	2
44	494	156	492	155	139	140	0.025	0	0.342857	2
45	458	148	456	146	139	141	0.05	0	0.325275	2
46	627	98	628	97	139	140	0.0166667	0	0.215385	1
47	295	174	295	174	139	140	0	0	0.382418	1
48	780	87	781	86	139	140	0.0166667	0	0.191209	1
49	441	192	439	189	139	143	0.0916667	0	0.421978	2
50	31	298	36	299	139	140	0.05	0	0.654945	1
51	52	270	61	269	139	143	0.0833333	0	0.593407	1
52	430	184	429	183	140	141	0.0166667	0	0.404396	2
53	473	178	470	177	140	141	0.0333333	0	0.391209	2
54	309	455	314	454	140	146	0.05	0	1	1
55	598	139	590	138	140	147	0.075	0	0.305495	2
56	281	431	283	430	140	145	0.025	0	0.947253	1
57	24	404	28	404	140	170	0.0333333	0	0.887912	1
58	492	155	491	154	141	142	0.0166667	0	0.340659	2
59	604	151	604	151	141	142	0	0	0.331868	1
60	689	61	688	61	141	149	0.00833333	0	0.134066	2
61	416	159	414	158	141	142	0.025	0	0.349451	2
62	300	173	300	172	141	142	0.00833333	0	0.38022	1
63	381	164	380	163	141	142	0.0166667	0	0.36044	2
64	421	225	423	226	141	143	0.025	0	0.494505	1
65	301	185	306	183	141	144	0.075	0	0.406593	1
66	683	75	682	75	141	170	0.00833333	0	0.164835	2
67	509	203	509	200	141	144	0.075	0	0.446154	1
68	240	225	246	222	141	143	0.125	0	0.494505	1
69	575	241	572	243	141	145	0.0583333	0	0.52967	2
70	501	191	497	193	141	145	0.0666667	0	0.41978	2
71	235	253	241	252	141	142	0.0583333	0	0.556044	1
72	783	87	784	86	141	142	0.0166667	0	0.191209	1
73	573	435	569	434	141	143	0.0416667	0	0.956044	2
74	448	455	448	454	141	142	0.00833333	0	1	1
75	630	94	634	93	141	142	0.0416667	0	0.206593	1
76	406	222	393	225	142	153	0.183333	0	0.487912	2
77	428	182	425	182	142	144	0.025	0	0.4	2
78	582	261	581	261	142	143	0.00833333	0	0.573626	2
79	416	188	415	189	142	143	0.0166667	0	0.413187	2
80	450	153	445	152	142	145	0.05	0	0.336264	2
81	466	178	462	177	142	143	0.0416667	0	0.391209	2
82	417	175	415	175	142	144	0.0166667	0	0.384615	2
83	501	164	499	163	142	143	0.025	0	0.36044	2
84	572	257	563	260	142	148	0.15	0	0.564835	2
85	779	98	780	98	142	145	0.00833333	0	0.215385	1
86	299	347	300	346	142	145	0.0166667	0	0.762637	1
87	410	163	407	163	143	144	0.025	0	0.358242	2
88	609	154	607	154	143	145	0.0166667	0	0.338462	2
89	605	144	602	144	143	145	0.025	0	0.316484	2
90	292	176	291	176	143	144	0.00833333	0	0.386813	2
91	379	446	373	445	143	170	0.0583333	0	0.98022	2
92	595	148	589	148	143	147	0.05	0	0.325275	2
93	483	137	478	136	143	145	0.05	0	0.301099	2
94	729	63	728	62	144	170	0.0166667	0	0.138462	2
95	580	263	575	263	144	146	0.0416667	0	0.578022	2
96	104	448	104	448	144	170	0	0	0.984615	1
97	435	186	428	185	144	146	0.0666667	0	0.408791	2
98	425	228	415	229	144	150	0.0916667	0	0.501099	2
99	251	255	254	258	144	146	0.1	0	0.56044	1
100	170	455	177	454	144	170	0.0666667	0	1	1
101	419	218	413	220	144	149	0.0833333	0	0.479121	2
102	611	173	609	173	144	147	0.0166667	0	0.38022	2
103	794	86	797	86	144	147	0.025	0	0.189011	1
104	330	455	329	454	144	146	0.0166667	0	1	2
105	404	186	403	187	144	145	0.0166667	0	0.408791	2
106	571	232	569	237	144	149	0.225	0	0.50989	2
107	143	455	142	454	145	146	0.0166667	0	1	2
108	419	187	418	187	145	146	0.00833333	0	0.410989	2
109	309	184	313	185	145	147	0.0416667	0	0.404396	1
110	407	155	405	154	145	146	0.025	0	0.340659	2
111	394	455	393	454	145	146	0.0166667	0	1	2
112	29	452	29	452	145	146	0	0	0.993407	1
113	253	266	253	266	145	148	0	0	0.584615	1
114	628	153	627	153	145	146	0.00833333	0	0.336264	2
115	403	166	400	166	146	147	0.025	0	0.364835	2
116	566	223	565	224	146	147	0.0166667	0	0.49011	2
117	496	195	493	197	146	149	0.0583333	0	0.428571	2
118	794	146	814	156	146	170	1	0	0.320879	1
119	608	155	605	155	146	151	0.025	0	0.340659	2
120	491	162	489	165	146	149	0.0916667	0	0.356044	2
121	404	189	398	188	146	150	0.0583333	0	0.415385	2
122	601	145	599	145	146	147	0.0166667	0	0.318681	2
123	574	243	573	244	146	147	0.0166667	0	0.534066	2
124	477	136	473	134	146	148	0.0666667	0	0.298901	2
125	291	437	317	439	146	158	0.25	0	0.96044	1
126	442	154	438	153	146	147	0.0416667	0	0.338462	2
127	377	184	376	183	146	149	0.0166667	0	0.404396	2
128	621	127	618	126	146	147	0.0333333	0	0.279121	2
129	486	192	485	192	146	154	0.00833333	0	0.421978	2
130	292	147	295	146	146	147	0.0333333	0	0.323077	1
131	143	455	144	454	147	170	0.0166667	0	1	1
132	418	186	417	185	147	148	0.0166667	0	0.408791	2
133	170	444	177	443	147	170	0.0666667	0	0.975824	1
134	403	156	400	155	147	148	0.0333333	0	0.342857	2
135	29	449	30	449	147	148	0.00833333	0	0.986813	1
136	412	196	400	195	147	154	0.108333	0	0.430769	2
137	298	304	339	296	147	159	0.875	0	0.668132	1
138	394	449	389	448	147	170	0.05	0	0.986813	2
139	791	175	791	174	147	148	0.00833333	0	0.384615	1
140	314	455	317	454	147	149	0.0333333	0	1	1
141	448	160	446	160	147	148	0.0166667	0	0.351648	2
142	302	346	303	345	147	149	0.0166667	0	0.76044	1
143	565	224	565	225	148	149	0.00833333	0	0.492308	1
144	93	450	94	449	148	170	0.0166667	0	0.989011	1
145	596	142	588	142	148	155	0.0666667	0	0.312088	2
146	45	412	45	412	148	170	0	0	0.905495	1
147	400	202	385	207	148	159	0.333333	0	0.443956	2
148	798	87	801	86	148	150	0.0333333	0	0.191209	1
149	618	125	597	123	148	156	0.208333	0	0.274725	2
150	456	165	453	164	148	149	0.0333333	0	0.362637	2
151	569	270	569	269	148	151	0.00833333	0	0.593407	1
152	296	150	299	149	148	149	0.0333333	0	0.32967	1
153	436	153	433	152	148	149	0.0333333	0	0.336264	2
154	79	323	79	322	148	152	0.00833333	0	0.70989	1
155	617	149	610	147	148	150	0.0916667	0	0.327473	2
156	491	187	491	188	148	153	0.00833333	0	0.410989	1
157	406	448	405	447	148	170	0.0166667	0	0.984615	2
158	40	302	40	301	148	170	0.00833333	0	0.663736	1
159	31	449	31	448	149	159	0.00833333	0	0.986813	1
160	418	186	418	184	149	150	0.0333333	0	0.408791	1
161	400	156	398	154	149	150	0.05	0	0.342857	2
162	792	175	792	175	149	150	0	0	0.384615	1
163	472	133	467	131	149	151	0.075	0	0.292308	2
164	596	171	592	172	149	151	0.0416667	0	0.375824	2
165	180	454	187	453	150	170	0.0666667	0	0.997802	1
166	566	227	567	228	150	152	0.0166667	0	0.498901	1
167	493	199	493	195	150	154	0.133333	0	0.437363	1
168	691	61	691	60	150	170	0.00833333	0	0.134066	1
169	254	265	255	264	150	151	0.0166667	0	0.582418	1
170	433	154	426	153	150	154	0.0666667	0	0.338462	2
171	309	144	318	142	150	153	0.108333	0	0.316484	1
172	376	182	375	180	150	152	0.0416667	0	0.4	2
173	785	83	784	82	150	151	0.0166667	0	0.182418	2
174	581	272	579	273	150	153	0.025	0	0.597802	2
175	565	259	566	259	150	153	0.00833333	0	0.569231	1
176	288	325	293	323	150	152	0.075	0	0.714286	1
177	604	176	599	177	150	152	0.05	0	0.386813	2
178	681	64	680	64	150	152	0.00833333	0	0.140659	2
179	416	183	413	182	151	152	0.0333333	0	0.402198	2
180	396	155	394	154	151	152	0.025	0	0.340659	2
181	485	161	490	159	151	156	0.075	0	0.353846	1
182	406	156	403	155	151	152	0.0333333	0	0.342857	2
183	450	455	452	454	151	154	0.025	0	1	1
184	66	437	67	436	151	165	0.0166667	0	0.96044	1
185	395	165	393	164	151	152	0.025	0	0.362637	2
186	614	144	611	145	151	152	0.0333333	0	0.316484	2
187	322	437	324	436	151	152	0.025	0	0.96044	1
188	789	175	788	175	152	153	0.00833333	0	0.384615	2
189	77	437	79	437	152	170	0.0166667	0	0.96044	1
190	464	132	461	132	152	153	0.025	0	0.29011	2
191	600	156	599	155	152	153	0.0166667	0	0.342857	2
192	323	322	329	320	152	154	0.0833333	0	0.707692	1
193	572	249	573	249	152	153	0.00833333	0	0.547253	1
194	294	177	291	175	153	162	0.0583333	0	0.389011	2
195	373	180	370	179	153	155	0.0333333	0	0.395604	2
196	569	228	570	227	153	154	0.0166667	0	0.501099	1
197	401	153	398	153	153	155	0.025	0	0.336264	2
198	614	451	611	452	153	157	0.0333333	0	0.991209	2
199	569	269	570	268	153	156	0.0166667	0	0.591209	1
200	325	432	328	430	153	155	0.0583333	0	0.949451	1
201	392	188	388	189	153	155	0.0416667	0	0.413187	2
202	594	176	590	175	153	154	0.0416667	0	0.386813	2
203	465	159	444	157	153	162	0.208333	0	0.349451	2
204	311	333	314	331	153	154	0.0583333	0	0.731868	1
205	392	165	389	165	153	155	0.025	0	0.362637	2
206	447	157	439	155	153	157	0.1	0	0.345055	2
207	431	143	428	141	153	155	0.0583333	0	0.314286	2
208	460	35	460	35	153	170	0	0	0.0769231	1
209	379	455	374	454	153	170	0.05	0	1	2
210	391	155	389	154	153	155	0.025	0	0.340659	2
211	391	225	389	224	154	155	0.025	0	0.494505	2
212	311	249	316	247	154	156	0.075	0	0.547253	1
213	575	251	576	250	154	155	0.0166667	0	0.551648	1
214	570	238	572	237	154	156	0.025	0	0.523077	1
215	337	193	337	194	154	155	0.00833333	0	0.424176	1
216	321	142	323	141	154	155	0.025	0	0.312088	1
217	803	88	805	88	154	155	0.0166667	0	0.193407	1
218	424	153	422	151	155	156	0.05	0	0.336264	2
219	573	227	587	226	155	163	0.125	0	0.498901	1
220	587	174	584	173	155	156	0.0333333	0	0.382418	2
221	120	326	121	324	155	160	0.0416667	0	0.716484	1
222	786	178	786	178	155	156	0	0	0.391209	1
223	399	182	395	180	155	156	0.0666667	0	0.4	2
224	308	322	312	322	155	156	0.0333333	0	0.707692	1
225	409	209	397	213	155	166	0.233333	0	0.459341	2
226	576	280	576	280	155	159	0	0	0.615385	1
227	58	418	56	418	155	170	0.0166667	0	0.918681	2
228	326	343	326	343	155	156	0	0	0.753846	1
229	77	448	77	448	156	170	0	0	0.984615	1
230	405	181	404	181	156	157	0.00833333	0	0.397802	2
231	491	192	504	192	156	164	0.108333	0	0.421978	1
232	602	152	600	151	156	157	0.025	0	0.334066	2
233	387	223	384	223	156	159	0.025	0	0.49011	2
234	394	193	388	196	156	160	0.125	0	0.424176	2
235	579	248	583	246	156	158	0.0666667	0	0.545055	1
236	581	139	576	138	156	160	0.05	0	0.305495	2
237	397	158	395	157	156	158	0.025	0	0.347253	2
238	338	196	336	198	156	160	0.05	0	0.430769	2
239	331	430	332	429	156	158	0.0166667	0	0.945055	1
240	382	164	379	162	156	159	0.0583333	0	0.36044	2
241	803	89	805	88	156	157	0.025	0	0.195604	1
242	813	86	818	86	156	158	0.0416667	0	0.189011	1
243	581	170	579	169	157	158	0.025	0	0.373626	2
244	421	148	418	144	157	159	0.158333	0	0.325275	2
245	493	159	506	161	157	165	0.141667	0	0.349451	1
246	787	179	789	179	157	158	0.0166667	0	0.393407	1
247	575	236	578	235	157	159	0.0333333	0	0.518681	1
248	563	274	565	273	157	158	0.025	0	0.602198	1
249	590	149	588	148	157	158	0.025	0	0.327473	2
250	303	450	303	450	157	170	0	0	0.989011	1
251	592	124	570	122	157	164	0.216667	0	0.272527	2
252	319	228	328	226	157	159	0.108333	0	0.501099	1
253	577	264	581	263	158	160	0.0416667	0	0.58022	1
254	404	181	401	180	158	160	0.0333333	0	0.397802	2
255	390	178	388	176	158	159	0.05	0	0.391209	2
256	134	455	133	454	158	159	0.0166667	0	1	2
257	130	279	139	279	158	160	0.075	0	0.613187	1
258	305	171	301	170	159	170	0.0416667	0	0.375824	2
259	374	336	375	335	159	160	0.0166667	0	0.738462	1
260	586	245	588	245	159	160	0.0166667	0	0.538462	1
261	599	155	597	155	159	160	0.0166667	0	0.340659	2
262	793	178	793	178	159	160	0	0	0.391209	1
263	586	166	584	165	159	160	0.025	0	0.364835	2
264	36	425	33	426	159	170	0.0333333	0	0.934066	2
265	503	178	505	178	159	161	0.0166667	0	0.391209	1
266	681	61	680	61	159	170	0.00833333	0	0.134066	2
267	661	95	661	95	159	170	0	0	0.208791	1
268	753	81	754	80	159	168	0.0166667	0	0.178022	1
269	417	144	414	141	160	163	0.1	0	0.316484	2
270	388	177	387	178	160	161	0.0166667	0	0.389011	2
271	384	225	382	226	160	161	0.025	0	0.494505	2
272	385	209	378	206	160	164	0.133333	0	0.459341	2
273	341	297	389	295	160	170	0.433333	0	0.652747	1
274	31	447	28	447	160	170	0.025	0	0.982418	2
275	383	162	381	160	160	162	0.05	0	0.356044	2
276	343	262	349	265	160	162	0.125	0	0.575824	1
277	131	322	133	320	160	161	0.05	0	0.707692	1
278	328	344	328	344	160	163	0	0	0.756044	1
279	580	235	599	240	160	169	0.366667	0	0.516484	1
280	388	198	384	197	161	164	0.0416667	0	0.435165	2
281	401	180	398	179	161	164	0.0333333	0	0.395604	2
282	348	274	348	274	161	164	0	0	0.602198	1
283	365	181	364	180	161	162	0.0166667	0	0.397802	2
284	796	179	797	178	161	162	0.0166667	0	0.393407	1
285	585	264	592	264	161	164	0.0583333	0	0.58022	1
286	439	130	428	130	161	168	0.0916667	0	0.285714	2
287	596	155	580	155	161	170	0.133333	0	0.340659	2
288	325	436	326	435	161	162	0.0166667	0	0.958242	1
289	577	138	576	137	161	162	0.0166667	0	0.303297	2
290	576	281	578	280	161	162	0.025	0	0.617582	1
291	134	455	133	454	161	165	0.0166667	0	1	2
292	453	455	451	454	161	168	0.025	0	1	2
293	576	177	568	176	161	170	0.075	0	0.389011	2
294	343	144	352	143	161	166	0.0833333	0	0.316484	1
295	706	75	705	75	162	170	0.00833333	0	0.164835	2
296	389	180	388	180	162	166	0.00833333	0	0.395604	2
297	380	227	377	228	162	164	0.0333333	0	0.498901	2
298	584	250	585	251	162	163	0.0166667	0	0.549451	1
299	800	178	801	178	163	164	0.00833333	0	0.391209	1
300	329	439	332	439	163	165	0.025	0	0.964835	1
301	175	304	177	303	163	164	0.025	0	0.668132	1
302	576	137	574	136	163	164	0.025	0	0.301099	2
303	446	157	442	156	163	165	0.0416667	0	0.345055	2
304	288	174	276	170	163	168	0.233333	0	0.382418	2
305	448	141	437	143	163	169	0.125	0	0.30989	2
306	393	151	388	150	163	168	0.05	0	0.331868	2
307	420	158	418	157	163	164	0.025	0	0.347253	2
308	590	226	607	229	164	170	0.216667	0	0.496703	1
309	575	164	573	163	164	165	0.025	0	0.36044	2
310	414	141	413	140	164	166	0.0166667	0	0.30989	2
311	350	448	353	448	164	166	0.025	0	0.984615	1
312	328	343	327	343	164	170	0.00833333	0	0.753846	2
313	586	254	588	254	164	165	0.0166667	0	0.558242	1
314	384	198	383	199	165	170	0.0166667	0	0.435165	2
315	592	266	600	267	165	169	0.075	0	0.584615	1
316	513	195	516	195	165	166	0.025	0	0.428571	1
317	801	178	802	178	165	166	0.00833333	0	0.391209	1
318	360	353	359	354	165	166	0.0166667	0	0.775824	2
319	183	334	183	334	165	169	0	0	0.734066	1
320	572	137	571	136	165	166	0.0166667	0	0.301099	2
321	363	180	361	179	165	168	0.025	0	0.395604	2
322	170	307	173	305	165	166	0.0583333	0	0.674725	1
323	374	203	375	202	165	167	0.0166667	0	0.446154	1
324	388	334	389	334	165	167	0.00833333	0	0.734066	1
325	570	121	554	119	165	170	0.166667	0	0.265934	2
326	574	165	570	166	166	170	0.0416667	0	0.362637	2
327	507	171	511	171	166	168	0.0333333	0	0.375824	1
328	69	436	69	436	166	170	0	0	0.958242	1
329	508	161	515	161	166	170	0.0583333	0	0.353846	1
330	506	195	515	196	166	170	0.0833333	0	0.428571	1
331	333	441	337	442	166	169	0.0416667	0	0.969231	1
332	398	179	396	177	166	167	0.05	0	0.393407	2
333	415	130	414	129	166	168	0.0166667	0	0.285714	2
334	192	420	192	420	166	170	0	0	0.923077	1
335	521	198	529	199	167	170	0.075	0	0.435165	1
336	412	140	411	140	167	168	0.00833333	0	0.307692	2
337	360	357	361	355	167	169	0.0416667	0	0.784615	1
338	809	174	810	175	167	168	0.0166667	0	0.382418	1
339	557	145	553	146	167	168	0.0416667	0	0.318681	2
340	178	303	183	300	167	168	0.116667	0	0.665934	1
341	341	343	340	343	167	170	0.00833333	0	0.753846	2
342	379	231	379	232	168	170	0.00833333	0	0.507692	1
343	661	61	660	61	168	170	0.00833333	0	0.134066	2
344	389	179	388	178	168	169	0.0166667	0	0.393407	2
345	381	218	380	218	168	170	0.00833333	0	0.479121	2
346	348	235	346	235	168	170	0.0166667	0	0.516484	2
347	602	277	602	277	168	170	0	0	0.608791	1
348	110	425	109	425	168	170	0.00833333	0	0.934066	2
349	571	135	569	136	168	170	0.025	0	0.296703	2
350	363	179	362	179	169	170	0.00833333	0	0.393407	2
351	514	171	515	171	169	170	0.00833333	0	0.375824	1
352	412	141	411	142	169	170	0.0166667	0	0.30989	2
353	552	146	548	145	169	170	0.0416667	0	0.320879	2
354	372	336	372	336	169	170	0	0	0.738462	1
355	394	295	398	293	169	170	0.0666667	0	0.648352	1
356	423	125	421	124	169	170	0.025	0	0.274725	2
357	398	215	397	215	169	170	0.00833333	0	0.472527	2