
0	594	207	586	204	47	51	0.0871795	0	0.454945	2
1	586	248	585	248	47	48	0.00512821	0	0.545055	2
2	610	217	607	216	47	49	0.0205128	0	0.476923	2
3	389	282	390	281	47	48	0.0102564	0	0.61978	1
4	680	223	680	221	47	48	0.0205128	0	0.49011	1
5	469	253	470	249	47	49	0.0871795	0	0.556044	1
6	458	251	462	246	48	51	0.148718	0	0.551648	1
7	548	283	549	283	48	49	0.00512821	0	0.621978	1
8	370	322	370	325	48	53	0.0461538	0	0.707692	1
9	551	262	547	262	48	53	0.0205128	0	0.575824	2
10	520	218	519	218	49	50	0.00512821	0	0.479121	2
11	769	263	760	261	49	52	0.0666667	0	0.578022	2
12	518	237	517	236	49	50	0.0102564	0	0.520879	2
13	575	224	573	223	49	50	0.0153846	0	0.492308	2
14	395	255	397	254	49	50	0.0153846	0	0.56044	1
15	580	243	577	242	49	50	0.0205128	0	0.534066	2
16	785	236	784	235	49	50	0.0102564	0	0.518681	2
17	441	282	443	279	49	53	0.0564103	0	0.61978	1
18	765	248	762	246	49	51	0.0358974	0	0.545055	2
19	752	220	746	218	49	56	0.0512821	0	0.483516	2
20	577	202	567	198	50	54	0.133333	0	0.443956	2
21	533	267	530	266	50	51	0.0205128	0	0.586813	2
22	470	250	474	246	50	52	0.102564	0	0.549451	1
23	412	402	414	400	50	51	0.0307692	0	0.883516	1
24	262	230	264	229	50	85	0.0153846	0	0.505495	1
25	559	262	558	261	50	51	0.0102564	0	0.575824	2
26	761	226	759	226	50	53	0.0102564	0	0.496703	2
27	485	370	483	371	50	85	0.0153846	0	0.813187	2
28	702	265	702	264	50	52	0.00512821	0	0.582418	1
29	518	220	516	220	51	52	0.0102564	0	0.483516	2
30	555	204	545	204	51	55	0.0512821	0	0.448352	2
31	773	238	771	237	51	54	0.0153846	0	0.523077	2
32	676	215	676	214	51	52	0.00512821	0	0.472527	1
33	601	226	596	226	51	53	0.025641	0	0.496703	2
34	400	255	403	254	51	52	0.0205128	0	0.56044	1
35	747	230	746	229	51	53	0.0102564	0	0.505495	2
36	581	259	580	259	51	52	0.00512821	0	0.569231	2
37	570	240	566	237	51	52	0.0666667	0	0.527473	2
38	515	198	518	194	51	53	0.0974359	0	0.435165	1
39	141	455	141	454	51	54	0.00512821	0	1	1
40	782	84	783	84	51	59	0.00512821	0	0.184615	1
41	92	335	89	337	51	85	0.0358974	0	0.736264	2
42	757	112	758	111	51	55	0.0102564	0	0.246154	1
43	536	269	535	269	52	53	0.00512821	0	0.591209	2
44	671	186	674	185	52	54	0.0205128	0	0.408791	1
45	533	228	532	226	52	53	0.025641	0	0.501099	2
46	555	250	553	249	52	54	0.0153846	0	0.549451	2
47	529	259	526	258	52	53	0.0205128	0	0.569231	2
48	416	402	418	403	52	53	0.0153846	0	0.883516	1
49	547	282	545	282	52	55	0.0102564	0	0.61978	2
50	695	240	683	245	52	71	0.189744	0	0.527473	2
51	749	95	747	95	52	53	0.0102564	0	0.208791	2
52	527	195	527	193	52	53	0.0205128	0	0.428571	1
53	685	232	684	230	52	53	0.025641	0	0.50989	2
54	464	244	466	242	52	53	0.0307692	0	0.536264	1
55	680	214	679	212	53	54	0.025641	0	0.47033	2
56	525	237	523	236	53	54	0.0153846	0	0.520879	2
57	377	372	375	372	53	55	0.0102564	0	0.817582	2
58	407	253	410	252	53	54	0.0205128	0	0.556044	1
59	670	219	670	218	53	54	0.00512821	0	0.481319	1
60	476	243	484	237	53	57	0.225641	0	0.534066	1
61	562	237	558	235	53	54	0.0410256	0	0.520879	2
62	595	216	592	216	53	54	0.0153846	0	0.474725	2
63	399	371	400	371	53	55	0.00512821	0	0.815385	1
64	388	350	387	356	53	55	0.189744	0	0.769231	2
65	758	241	753	238	53	56	0.0717949	0	0.52967	2
66	697	275	695	277	54	57	0.0307692	0	0.604396	2
67	534	270	527	272	54	57	0.0564103	0	0.593407	2
68	773	262	772	262	54	55	0.00512821	0	0.575824	2
69	527	260	521	260	54	57	0.0307692	0	0.571429	2
70	547	266	545	266	54	55	0.0102564	0	0.584615	2
71	746	97	740	97	54	57	0.0307692	0	0.213187	2
72	524	271	522	271	54	55	0.0102564	0	0.595604	2
73	387	378	377	380	54	61	0.0717949	0	0.830769	2
74	746	230	743	229	54	55	0.0205128	0	0.505495	2
75	580	231	578	229	54	55	0.0307692	0	0.507692	2
76	567	272	565	272	54	55	0.0102564	0	0.597802	2
77	422	405	423	407	54	59	0.025641	0	0.89011	1
78	580	241	579	239	54	56	0.025641	0	0.52967	2
79	386	405	384	404	54	58	0.0153846	0	0.89011	2
80	377	383	365	387	54	62	0.14359	0	0.841758	2
81	576	260	575	260	54	55	0.00512821	0	0.571429	2
82	569	208	559	209	54	57	0.0564103	0	0.457143	2
83	761	227	759	227	54	55	0.0102564	0	0.498901	2
84	701	264	701	263	54	56	0.00512821	0	0.58022	1
85	518	236	513	235	55	58	0.0307692	0	0.518681	2
86	686	210	685	209	55	56	0.0102564	0	0.461538	2
87	499	216	500	216	55	56	0.00512821	0	0.474725	1
88	565	198	559	199	55	57	0.0358974	0	0.435165	2
89	683	186	687	185	55	57	0.025641	0	0.408791	1
90	526	225	524	223	55	56	0.0307692	0	0.494505	2
91	470	242	475	240	55	57	0.0461538	0	0.531868	1
92	757	252	755	250	55	56	0.0307692	0	0.553846	2
93	559	224	557	224	55	56	0.0102564	0	0.492308	2
94	678	220	679	220	55	56	0.00512821	0	0.483516	1
95	496	235	498	235	55	56	0.0102564	0	0.516484	1
96	400	394	391	394	55	61	0.0461538	0	0.865934	2
97	673	183	682	180	55	58	0.0923077	0	0.402198	1
98	383	225	384	226	55	57	0.0102564	0	0.494505	1
99	774	260	773	258	56	57	0.025641	0	0.571429	2
100	550	205	543	204	56	58	0.0410256	0	0.450549	2
101	564	272	562	271	56	57	0.0153846	0	0.597802	2
102	386	210	389	210	56	64	0.0153846	0	0.461538	1
103	736	223	733	222	56	57	0.0205128	0	0.49011	2
104	365	338	361	341	56	58	0.0666667	0	0.742857	2
105	69	357	68	357	56	58	0.00512821	0	0.784615	2
106	458	267	458	267	56	57	0	0	0.586813	1
107	520	271	516	271	56	58	0.0205128	0	0.595604	2
108	574	262	573	262	56	57	0.00512821	0	0.575824	2
109	376	371	376	371	56	57	0	0	0.815385	1
110	69	369	67	369	56	59	0.0102564	0	0.810989	2
111	766	241	763	240	56	57	0.0205128	0	0.52967	2
112	526	201	527	200	56	57	0.0102564	0	0.441758	1
113	672	198	677	198	56	58	0.025641	0	0.435165	1
114	745	254	742	254	56	57	0.0153846	0	0.558242	2
115	540	206	536	206	56	57	0.0205128	0	0.452747	2
116	386	360	378	359	56	59	0.0461538	0	0.791209	2
117	376	339	372	342	56	58	0.0666667	0	0.745055	2
118	745	114	744	114	56	57	0.00512821	0	0.250549	2
119	569	233	563	234	56	59	0.0358974	0	0.512088	2
120	773	115	772	115	56	59	0.00512821	0	0.252747	2
121	422	194	423	194	56	57	0.00512821	0	0.426374	1
122	555	226	546	228	57	64	0.0666667	0	0.496703	2
123	523	225	521	224	57	58	0.0153846	0	0.494505	2
124	705	272	705	274	57	59	0.0205128	0	0.597802	1
125	762	252	755	252	57	59	0.0358974	0	0.553846	2
126	550	243	548	242	57	58	0.0153846	0	0.534066	2
127	65	328	63	327	57	58	0.0153846	0	0.720879	2
128	699	216	700	216	57	59	0.00512821	0	0.474725	1
129	507	249	505	247	57	58	0.0307692	0	0.547253	2
130	749	226	745	225	57	58	0.025641	0	0.496703	2
131	495	222	494	222	57	58	0.00512821	0	0.487912	2
132	695	280	696	282	58	60	0.025641	0	0.615385	1
133	520	260	516	259	58	62	0.025641	0	0.571429	2
134	79	346	76	346	58	61	0.0153846	0	0.76044	2
135	479	240	487	238	58	61	0.0615385	0	0.527473	1
136	680	213	680	213	58	59	0	0	0.468132	1
137	581	232	579	231	58	59	0.0153846	0	0.50989	2
138	733	221	729	220	58	59	0.025641	0	0.485714	2
139	726	244	723	243	58	59	0.0205128	0	0.536264	2
140	703	206	704	205	58	59	0.0102564	0	0.452747	1
141	452	266	452	266	58	60	0	0	0.584615	1
142	561	267	559	266	58	59	0.0153846	0	0.586813	2
143	383	227	382	228	58	59	0.0102564	0	0.498901	2
144	565	201	561	200	58	59	0.025641	0	0.441758	2
145	375	373	363	374	58	63	0.0666667	0	0.81978	2
146	692	262	684	259	58	66	0.0871795	0	0.575824	2
147	599	242	598	242	58	59	0.00512821	0	0.531868	2
148	694	184	705	180	58	61	0.138462	0	0.404396	1
149	363	358	359	357	58	59	0.025641	0	0.786813	2
150	545	217	542	216	58	59	0.0205128	0	0.476923	2
151	396	363	392	362	58	59	0.025641	0	0.797802	2
152	745	115	744	115	58	59	0.00512821	0	0.252747	2
153	536	265	533	262	59	61	0.0615385	0	0.582418	2
154	385	405	384	404	59	61	0.0102564	0	0.89011	2
155	520	222	517	221	59	60	0.0205128	0	0.487912	2
156	546	242	544	242	59	60	0.0102564	0	0.531868	2
157	66	358	63	358	59	60	0.0153846	0	0.786813	2
158	63	327	58	323	59	63	0.107692	0	0.718681	2
159	436	182	442	179	59	63	0.0769231	0	0.4	1
160	516	270	515	269	59	60	0.0102564	0	0.593407	2
161	357	340	333	335	59	65	0.251282	0	0.747253	2
162	685	190	720	181	59	71	0.594872	0	0.417582	1
163	367	344	360	342	59	61	0.0564103	0	0.756044	2
164	79	312	74	313	59	64	0.0307692	0	0.685714	2
165	405	407	404	408	59	61	0.0102564	0	0.894505	2
166	706	274	706	273	60	62	0.00512821	0	0.602198	1
167	557	201	553	200	60	61	0.025641	0	0.441758	2
168	684	209	684	208	60	61	0.00512821	0	0.459341	1
169	563	290	558	289	60	62	0.0307692	0	0.637363	2
170	747	260	746	259	60	61	0.0102564	0	0.571429	2
171	66	369	61	366	60	62	0.0717949	0	0.810989	2
172	541	217	536	215	60	62	0.0461538	0	0.476923	2
173	706	204	713	202	60	63	0.0564103	0	0.448352	1
174	562	234	560	235	60	61	0.0153846	0	0.514286	2
175	517	234	515	233	60	61	0.0153846	0	0.514286	2
176	728	222	724	222	60	61	0.0205128	0	0.487912	2
177	354	356	346	353	60	62	0.0871795	0	0.782418	2
178	530	204	528	202	60	61	0.0307692	0	0.448352	2
179	596	244	593	245	60	61	0.0205128	0	0.536264	2
180	703	229	702	229	60	61	0.00512821	0	0.503297	2
181	263	243	263	243	60	85	0	0	0.534066	1
182	577	302	573	300	60	62	0.0410256	0	0.663736	2
183	577	236	574	236	60	61	0.0153846	0	0.518681	2
184	783	85	783	84	60	61	0.00512821	0	0.186813	1
185	99	437	95	438	60	85	0.025641	0	0.96044	2
186	706	214	708	214	60	61	0.0102564	0	0.47033	1
187	59	455	58	454	60	70	0.0102564	0	1	2
188	494	233	497	231	60	61	0.0358974	0	0.512088	1
189	488	57	483	58	60	85	0.0307692	0	0.125275	2
190	141	455	140	454	60	70	0.0102564	0	1	2
191	294	72	290	73	60	85	0.025641	0	0.158242	2
192	382	229	381	228	61	62	0.0102564	0	0.503297	2
193	697	283	695	280	61	63	0.0564103	0	0.621978	2
194	516	220	513	219	61	62	0.0205128	0	0.483516	2
195	550	242	548	242	61	62	0.0102564	0	0.531868	2
196	505	220	505	218	61	62	0.0205128	0	0.483516	1
197	62	356	60	354	61	62	0.0307692	0	0.782418	2
198	695	215	696	215	61	62	0.00512821	0	0.472527	1
199	459	270	459	269	61	62	0.00512821	0	0.593407	1
200	680	224	674	229	61	69	0.158974	0	0.492308	2
201	747	259	746	258	62	63	0.0102564	0	0.569231	2
202	530	202	528	200	62	63	0.0307692	0	0.443956	2
203	556	271	551	274	62	64	0.0717949	0	0.595604	2
204	75	348	71	348	62	64	0.0205128	0	0.764835	2
205	683	209	680	208	62	66	0.0205128	0	0.459341	2
206	512	232	513	230	62	63	0.025641	0	0.50989	1
207	709	177	718	176	62	65	0.0512821	0	0.389011	1
208	511	274	509	275	62	63	0.0153846	0	0.602198	2
209	725	78	722	77	62	63	0.0205128	0	0.171429	2
210	697	230	694	230	62	67	0.0153846	0	0.505495	2
211	41	345	40	344	62	66	0.0102564	0	0.758242	2
212	106	454	105	454	62	73	0.00512821	0	0.997802	2
213	356	341	333	338	62	67	0.164103	0	0.749451	2
214	784	84	779	85	62	85	0.0307692	0	0.184615	2
215	404	406	403	406	62	63	0.00512821	0	0.892308	2
216	745	226	744	225	62	69	0.0102564	0	0.496703	2
217	339	71	334	72	62	85	0.0307692	0	0.156044	2
218	426	185	436	183	62	68	0.0717949	0	0.406593	1
219	385	404	384	403	63	64	0.0102564	0	0.887912	2
220	496	235	498	232	63	64	0.0564103	0	0.516484	1
221	555	290	550	292	63	66	0.0461538	0	0.637363	2
222	539	201	536	200	63	64	0.0205128	0	0.441758	2
223	559	202	560	202	63	64	0.00512821	0	0.443956	1
224	474	260	472	259	63	64	0.0153846	0	0.571429	2
225	541	246	538	247	63	64	0.0205128	0	0.540659	2
226	551	241	550	239	63	64	0.025641	0	0.52967	2
227	505	247	506	245	63	64	0.025641	0	0.542857	1
228	515	216	512	215	63	64	0.0205128	0	0.474725	2
229	718	229	712	226	63	64	0.0769231	0	0.503297	2
230	535	213	532	211	63	64	0.0358974	0	0.468132	2
231	499	283	499	283	63	64	0	0	0.621978	1
232	455	253	465	254	63	65	0.0564103	0	0.556044	1
233	479	270	483	268	63	64	0.0410256	0	0.593407	1
234	543	281	540	283	63	64	0.0358974	0	0.617582	2
235	509	285	507	284	63	65	0.0153846	0	0.626374	2
236	481	34	477	35	63	85	0.025641	0	0.0747253	2
237	343	353	326	350	63	67	0.133333	0	0.775824	2
238	693	278	689	277	64	65	0.025641	0	0.610989	2
239	708	273	711	276	64	66	0.0615385	0	0.6	1
240	718	198	723	197	64	66	0.0307692	0	0.435165	1
241	444	179	454	176	64	69	0.0974359	0	0.393407	1
242	514	260	516	257	64	69	0.0564103	0	0.571429	1
243	715	208	719	207	64	66	0.025641	0	0.457143	1
244	516	230	519	229	64	65	0.0205128	0	0.505495	1
245	560	246	560	245	64	65	0.00512821	0	0.540659	1
246	55	323	47	319	64	68	0.123077	0	0.70989	2
247	721	188	740	182	64	71	0.282051	0	0.413187	1
248	718	77	696	77	64	70	0.112821	0	0.169231	2
249	650	225	648	225	64	73	0.0102564	0	0.494505	2
250	721	94	710	94	64	67	0.0564103	0	0.206593	2
251	478	106	475	106	64	65	0.0153846	0	0.232967	2
252	714	247	710	247	65	66	0.0205128	0	0.542857	2
253	560	204	560	204	65	66	0	0	0.448352	1
254	533	199	530	198	65	66	0.0205128	0	0.437363	2
255	483	222	474	221	65	71	0.0512821	0	0.487912	2
256	543	251	540	253	65	66	0.0358974	0	0.551648	2
257	550	277	547	279	65	66	0.0358974	0	0.608791	2
258	523	199	516	198	65	67	0.0410256	0	0.437363	2
259	389	211	394	216	65	81	0.153846	0	0.463736	1
260	702	200	705	199	65	66	0.0205128	0	0.43956	1
261	510	213	507	212	65	66	0.0205128	0	0.468132	2
262	538	299	537	299	65	66	0.00512821	0	0.657143	2
263	125	241	123	241	65	67	0.0102564	0	0.52967	2
264	63	347	60	346	65	66	0.0205128	0	0.762637	2
265	625	220	623	221	65	77	0.0153846	0	0.483516	2
266	521	73	516	74	65	85	0.0307692	0	0.16044	2
267	405	68	400	70	65	85	0.0461538	0	0.149451	2
268	669	61	670	61	65	72	0.00512821	0	0.134066	1
269	526	249	526	249	65	66	0	0	0.547253	1
270	717	38	712	39	65	85	0.0307692	0	0.0835165	2
271	714	103	705	105	65	68	0.0666667	0	0.226374	2
272	687	277	682	277	66	67	0.025641	0	0.608791	2
273	523	230	525	229	66	67	0.0153846	0	0.505495	1
274	718	173	720	172	66	67	0.0153846	0	0.38022	1
275	690	212	689	212	66	67	0.00512821	0	0.465934	2
276	64	335	61	336	66	69	0.0205128	0	0.736264	2
277	454	211	456	212	66	69	0.0153846	0	0.463736	1
278	513	225	516	224	66	67	0.0205128	0	0.494505	1
279	384	403	382	401	67	68	0.0307692	0	0.885714	2
280	711	277	708	276	67	71	0.0205128	0	0.608791	2
281	459	268	458	268	67	68	0.00512821	0	0.589011	2
282	679	212	678	212	67	69	0.00512821	0	0.465934	2
283	727	198	729	197	67	68	0.0153846	0	0.435165	1
284	720	213	726	214	67	69	0.0358974	0	0.468132	1
285	706	215	706	215	67	68	0	0	0.472527	1
286	560	245	557	244	67	68	0.0205128	0	0.538462	2
287	552	294	547	296	67	71	0.0461538	0	0.646154	2
288	490	214	481	211	67	71	0.0923077	0	0.47033	2
289	424	211	423	210	67	68	0.0102564	0	0.463736	2
290	61	359	57	356	67	69	0.0666667	0	0.789011	2
291	475	293	483	296	67	70	0.0871795	0	0.643956	1
292	702	250	701	251	67	68	0.0102564	0	0.549451	2
293	748	113	744	114	67	85	0.025641	0	0.248352	2
294	682	261	677	265	67	71	0.107692	0	0.573626	2
295	514	198	506	198	68	70	0.0410256	0	0.435165	2
296	673	279	669	282	68	74	0.0666667	0	0.613187	2
297	527	227	530	226	68	69	0.0205128	0	0.498901	1
298	31	337	26	339	68	71	0.0461538	0	0.740659	2
299	528	258	525	259	68	69	0.0205128	0	0.567033	2
300	385	223	387	219	68	71	0.0923077	0	0.49011	1
301	456	252	453	254	68	70	0.0358974	0	0.553846	2
302	537	299	536	299	68	69	0.00512821	0	0.657143	2
303	540	260	537	261	68	69	0.0205128	0	0.571429	2
304	123	243	120	242	68	70	0.0205128	0	0.534066	2
305	356	375	335	375	68	71	0.107692	0	0.824176	2
306	339	372	332	371	68	69	0.0410256	0	0.817582	2
307	517	223	519	222	68	69	0.0153846	0	0.49011	1
308	721	176	726	174	68	70	0.0461538	0	0.386813	1
309	500	237	500	240	69	70	0.0461538	0	0.520879	1
310	457	268	457	268	69	74	0	0	0.589011	1
311	733	198	735	198	69	70	0.0102564	0	0.435165	1
312	47	319	42	319	69	71	0.025641	0	0.701099	2
313	718	224	718	224	69	70	0	0	0.492308	1
314	479	263	484	263	69	70	0.025641	0	0.578022	1
315	705	215	704	214	69	70	0.0102564	0	0.472527	2
316	437	183	456	182	69	76	0.102564	0	0.402198	1
317	702	251	700	251	69	70	0.0102564	0	0.551648	2
318	562	207	570	210	69	72	0.0871795	0	0.454945	1
319	718	207	720	207	70	72	0.0102564	0	0.454945	1
320	498	208	496	207	70	71	0.0153846	0	0.457143	2
321	54	326	53	326	70	71	0.00512821	0	0.716484	2
322	539	290	537	290	70	71	0.0102564	0	0.637363	2
323	534	225	536	224	70	71	0.0153846	0	0.494505	1
324	458	175	466	175	70	73	0.0410256	0	0.384615	1
325	542	201	540	202	70	71	0.0153846	0	0.441758	2
326	317	385	308	392	70	73	0.297436	0	0.846154	2
327	510	231	511	230	70	71	0.0102564	0	0.507692	1
328	521	223	523	222	70	71	0.0153846	0	0.49011	1
329	439	199	449	198	70	73	0.0564103	0	0.437363	1
330	549	231	547	231	71	72	0.0102564	0	0.507692	2
331	527	192	523	192	71	74	0.0205128	0	0.421978	2
332	694	225	692	225	71	72	0.0102564	0	0.494505	2
333	503	197	499	197	71	72	0.0205128	0	0.432967	2
334	539	234	540	233	71	72	0.0102564	0	0.514286	1
335	683	214	682	214	71	72	0.00512821	0	0.47033	2
336	486	299	500	293	71	76	0.25641	0	0.657143	1
337	704	215	701	216	71	85	0.0205128	0	0.472527	2
338	43	351	41	350	71	72	0.0153846	0	0.771429	2
339	714	114	708	115	71	85	0.0358974	0	0.250549	2
340	327	410	324	411	71	76	0.0205128	0	0.901099	2
341	702	107	698	105	71	73	0.0410256	0	0.235165	2
342	527	274	524	272	71	72	0.0358974	0	0.602198	2
343	117	242	113	241	71	73	0.025641	0	0.531868	2
344	521	202	517	202	71	72	0.0205128	0	0.443956	2
345	571	32	567	33	71	85	0.025641	0	0.0703297	2
346	531	288	529	288	72	73	0.0102564	0	0.632967	2
347	536	200	534	200	72	73	0.0102564	0	0.43956	2
348	497	207	496	206	72	73	0.0102564	0	0.454945	2
349	487	211	485	211	72	73	0.0102564	0	0.463736	2
350	56	337	54	337	72	73	0.0102564	0	0.740659	2
351	544	297	541	298	72	74	0.0205128	0	0.652747	2
352	40	319	24	315	72	78	0.164103	0	0.701099	2
353	534	220	535	219	72	73	0.0102564	0	0.483516	1
354	388	218	388	220	72	74	0.0205128	0	0.479121	1
355	667	211	666	211	72	73	0.00512821	0	0.463736	2
356	549	201	575	214	72	81	1	0	0.441758	1
357	721	197	731	197	72	75	0.0512821	0	0.432967	1
358	557	242	556	241	72	73	0.0102564	0	0.531868	2
359	117	254	115	254	72	73	0.0102564	0	0.558242	2
360	524	224	527	223	72	74	0.0205128	0	0.492308	1
361	218	161	236	155	72	81	0.276923	0	0.353846	1
362	722	208	724	207	73	74	0.0153846	0	0.457143	1
363	693	226	690	226	73	77	0.0153846	0	0.496703	2
364	676	215	675	215	73	74	0.00512821	0	0.472527	2
365	539	229	539	227	73	74	0.0205128	0	0.503297	1
366	471	221	465	220	73	76	0.0358974	0	0.485714	2
367	29	448	26	449	73	85	0.0205128	0	0.984615	2
368	552	278	551	279	73	74	0.0102564	0	0.610989	2
369	447	264	445	264	73	75	0.0102564	0	0.58022	2
370	482	221	474	220	73	76	0.0461538	0	0.485714	2
371	722	218	722	218	73	74	0	0	0.479121	1
372	465	255	465	254	73	74	0.00512821	0	0.56044	1
373	725	178	728	178	73	74	0.0153846	0	0.391209	1
374	704	276	697	275	73	76	0.0410256	0	0.606593	2
375	681	246	680	246	73	74	0.00512821	0	0.540659	2
376	691	236	692	233	73	85	0.0512821	0	0.518681	1
377	522	240	524	238	73	74	0.0307692	0	0.527473	1
378	529	289	528	289	74	75	0.00512821	0	0.635165	2
379	533	199	527	198	74	77	0.0358974	0	0.437363	2
380	483	211	480	211	74	75	0.0153846	0	0.463736	2
381	549	234	550	233	74	75	0.0102564	0	0.514286	1
382	468	177	487	175	74	80	0.117949	0	0.389011	1
383	665	210	662	210	74	85	0.0153846	0	0.461538	2
384	508	237	506	237	74	75	0.0102564	0	0.520879	2
385	658	256	643	258	74	77	0.0974359	0	0.562637	2
386	309	394	307	394	74	75	0.0102564	0	0.865934	2
387	744	226	743	226	74	76	0.00512821	0	0.496703	2
388	113	240	107	239	74	81	0.0358974	0	0.527473	2
389	489	255	483	253	74	75	0.0512821	0	0.56044	2
390	42	331	40	332	74	75	0.0153846	0	0.727473	2
391	37	349	34	348	74	75	0.0205128	0	0.767033	2
392	761	80	758	80	74	85	0.0153846	0	0.175824	2
393	660	225	653	226	74	75	0.0410256	0	0.494505	2
394	25	342	24	342	74	75	0.00512821	0	0.751648	2
395	557	309	558	306	74	82	0.0512821	0	0.679121	1
396	458	268	457	267	75	76	0.0102564	0	0.589011	2
397	674	216	673	216	75	79	0.00512821	0	0.474725	2
398	733	178	739	178	75	77	0.0307692	0	0.391209	1
399	521	193	511	199	75	79	0.235897	0	0.424176	2
400	543	299	545	299	75	78	0.0102564	0	0.657143	1
401	730	208	734	207	75	76	0.025641	0	0.457143	1
402	670	284	668	282	75	82	0.0307692	0	0.624176	2
403	540	227	544	223	75	79	0.102564	0	0.498901	1
404	389	223	388	225	75	76	0.025641	0	0.49011	2
405	512	207	510	208	75	76	0.0153846	0	0.454945	2
406	528	276	528	275	75	76	0.00512821	0	0.606593	1
407	527	257	530	254	75	76	0.0615385	0	0.564835	1
408	453	211	452	210	75	76	0.0102564	0	0.463736	2
409	674	264	673	264	75	76	0.00512821	0	0.58022	2
410	521	242	522	240	75	76	0.025641	0	0.531868	1
411	514	266	515	263	75	76	0.0512821	0	0.584615	1
412	280	214	278	212	75	82	0.0307692	0	0.47033	2
413	112	291	110	290	75	76	0.0153846	0	0.63956	2
414	743	171	750	170	75	77	0.0410256	0	0.375824	1
415	118	453	115	453	75	85	0.0153846	0	0.995604	2
416	673	242	672	242	75	76	0.00512821	0	0.531868	2
417	538	58	535	58	75	85	0.0153846	0	0.127473	2
418	530	290	531	287	76	78	0.0512821	0	0.637363	1
419	488	249	481	251	76	78	0.0564103	0	0.547253	2
420	763	205	767	205	76	78	0.0205128	0	0.450549	1
421	501	237	498	236	76	77	0.0205128	0	0.520879	2
422	551	232	554	228	76	79	0.0974359	0	0.50989	1
423	479	210	476	209	76	77	0.0205128	0	0.461538	2
424	39	334	33	336	76	80	0.0512821	0	0.734066	2
425	478	253	473	254	76	78	0.0307692	0	0.556044	2
426	445	265	444	265	76	77	0.00512821	0	0.582418	2
427	306	394	301	391	76	77	0.0717949	0	0.865934	2
428	542	262	543	261	76	77	0.0102564	0	0.575824	1
429	454	210	455	208	77	79	0.025641	0	0.461538	1
430	696	274	691	273	77	79	0.0307692	0	0.602198	2
431	388	228	392	238	77	83	0.533333	0	0.501099	1
432	533	279	533	277	77	78	0.0205128	0	0.613187	1
433	526	254	528	251	77	78	0.0564103	0	0.558242	1
434	743	227	740	227	77	85	0.0153846	0	0.498901	2
435	678	226	679	224	77	81	0.025641	0	0.496703	1
436	671	265	672	265	77	81	0.00512821	0	0.582418	1
437	666	233	665	233	77	78	0.00512821	0	0.512088	2
438	507	208	504	208	77	78	0.0153846	0	0.457143	2
439	464	253	462	252	77	78	0.0153846	0	0.556044	2
440	523	198	518	202	78	81	0.107692	0	0.435165	2
441	275	366	274	365	78	79	0.0102564	0	0.804396	2
442	516	226	513	226	78	79	0.0153846	0	0.496703	2
443	469	214	468	213	78	79	0.0102564	0	0.47033	2
444	640	258	622	256	78	81	0.112821	0	0.567033	2
445	505	291	508	289	78	79	0.0358974	0	0.63956	1
446	535	299	535	298	78	80	0.00512821	0	0.657143	1
447	479	213	476	212	78	81	0.0205128	0	0.468132	2
448	38	346	38	345	78	79	0.00512821	0	0.76044	1
449	754	169	756	168	78	79	0.0153846	0	0.371429	1
450	495	259	489	258	78	79	0.0358974	0	0.569231	2
451	682	278	680	278	78	80	0.0102564	0	0.610989	2
452	639	244	633	242	78	79	0.0512821	0	0.536264	2
453	738	198	737	194	78	79	0.0871795	0	0.435165	2
454	534	285	536	283	79	80	0.0307692	0	0.626374	1
455	768	203	769	202	79	80	0.0102564	0	0.446154	1
456	526	237	526	236	79	80	0.00512821	0	0.520879	1
457	746	180	746	179	79	80	0.00512821	0	0.395604	1
458	475	262	473	261	79	81	0.0153846	0	0.575824	2
459	516	256	516	255	79	80	0.00512821	0	0.562637	1
460	512	236	509	237	79	80	0.0205128	0	0.518681	2
461	108	288	107	287	79	80	0.0102564	0	0.632967	2
462	668	233	670	228	79	82	0.138462	0	0.512088	1
463	552	223	562	221	80	85	0.0717949	0	0.49011	1
464	451	212	449	211	80	83	0.0153846	0	0.465934	2
465	631	243	603	243	80	85	0.14359	0	0.534066	2
466	501	214	499	214	80	81	0.0102564	0	0.47033	2
467	74	450	72	450	80	85	0.0102564	0	0.989011	2
468	509	201	507	202	80	81	0.0153846	0	0.441758	2
469	549	297	549	295	80	81	0.0205128	0	0.652747	1
470	509	295	512	292	80	81	0.0615385	0	0.648352	1
471	691	227	692	226	80	81	0.0102564	0	0.498901	1
472	578	259	579	257	80	81	0.025641	0	0.569231	1
473	467	214	464	213	80	82	0.0205128	0	0.47033	2
474	482	234	475	233	80	83	0.0410256	0	0.514286	2
475	536	230	537	229	80	81	0.0102564	0	0.505495	1
476	538	282	539	280	81	82	0.025641	0	0.61978	1
477	513	236	512	236	81	82	0.00512821	0	0.518681	2
478	478	202	475	201	81	82	0.0205128	0	0.443956	2
479	491	174	503	173	81	85	0.0666667	0	0.382418	1
480	772	200	774	199	81	82	0.0153846	0	0.43956	1
481	535	267	536	265	81	82	0.025641	0	0.586813	1
482	649	76	630	75	81	85	0.102564	0	0.167033	2
483	749	179	752	179	81	82	0.0153846	0	0.393407	1
484	560	271	563	268	81	82	0.0615385	0	0.595604	1
485	520	254	522	253	81	82	0.0153846	0	0.558242	1
486	524	269	525	268	81	82	0.0102564	0	0.591209	1
487	537	248	540	246	82	84	0.0358974	0	0.545055	1
488	693	226	693	226	82	83	0	0	0.496703	1
489	521	207	517	211	82	84	0.102564	0	0.454945	2
490	474	211	473	210	82	83	0.0102564	0	0.463736	2
491	529	278	529	278	82	83	0	0	0.610989	1
492	473	261	472	260	82	83	0.0102564	0	0.573626	2
493	507	203	504	205	82	84	0.0358974	0	0.446154	2
494	764	197	767	197	82	83	0.0153846	0	0.432967	1
495	602	221	597	221	82	83	0.025641	0	0.485714	2
496	492	249	481	244	82	85	0.184615	0	0.547253	2
497	528	236	527	236	82	83	0.00512821	0	0.518681	2
498	432	247	425	250	82	85	0.0820513	0	0.542857	2
499	489	235	482	231	82	84	0.117949	0	0.516484	2
500	401	242	401	242	82	83	0	0	0.531868	1
501	395	216	400	216	82	85	0.025641	0	0.474725	1
502	507	283	505	281	82	85	0.0307692	0	0.621978	2
503	540	229	544	229	82	84	0.0205128	0	0.503297	1
504	552	296	552	294	82	83	0.0205128	0	0.650549	1
505	107	240	106	241	82	85	0.0102564	0	0.527473	2
506	646	227	645	227	82	85	0.00512821	0	0.498901	2
507	607	253	600	253	82	83	0.0358974	0	0.556044	2
508	495	215	493	215	83	84	0.0102564	0	0.472527	2
509	684	216	685	215	83	84	0.0102564	0	0.474725	1
510	457	199	453	198	83	84	0.025641	0	0.437363	2
511	503	230	499	230	83	84	0.0205128	0	0.505495	2
512	548	249	550	249	83	84	0.0102564	0	0.547253	1
513	766	158	770	156	83	85	0.0410256	0	0.347253	1
514	671	227	674	225	83	85	0.0358974	0	0.498901	1
515	540	272	541	272	83	84	0.00512821	0	0.597802	1
516	777	200	781	197	83	84	0.0666667	0	0.43956	1
517	518	226	515	228	83	84	0.0358974	0	0.496703	2
518	757	171	761	171	83	85	0.0205128	0	0.375824	1
519	624	239	619	240	83	84	0.0307692	0	0.525275	2
520	430	257	428	261	83	85	0.0923077	0	0.564835	2
521	471	208	470	207	84	85	0.0102564	0	0.457143	2
522	562	259	564	258	84	85	0.0153846	0	0.569231	1
523	470	258	467	257	84	85	0.0205128	0	0.567033	2
524	509	252	508	251	84	85	0.0102564	0	0.553846	2
525	38	348	37	347	84	85	0.0102564	0	0.764835	2
526	525	285	526	286	84	85	0.0102564	0	0.626374	1
527	561	271	561	270	84	85	0.00512821	0	0.595604	1
528	553	294	556	295	84	85	0.0205128	0	0.646154	1
529	273	212	272	211	84	85	0.0102564	0	0.465934	2
530	527	239	527	239	84	85	0	0	0.525275	1
531	557	212	559	211	84	85	0.0153846	0	0.465934	1
532	482	216	480	216	84	85	0.0102564	0	0.474725	2