
0	556	239	557	238	138	143	0.0121951	0	0.612821	1
1	594	195	592	195	138	141	0.0121951	0	0.5	2
2	733	256	732	255	139	144	0.0121951	0	0.65641	2
3	764	260	761	261	140	142	0.0243902	0	0.666667	2
4	456	252	454	252	140	143	0.0121951	0	0.646154	2
5	735	223	733	222	140	143	0.0182927	0	0.571795	2
6	554	202	552	199	140	142	0.0670732	0	0.517949	2
7	760	243	758	243	140	141	0.0121951	0	0.623077	2
8	580	223	577	221	140	143	0.0426829	0	0.571795	2
9	568	227	566	224	141	143	0.0670732	0	0.582051	2
10	497	220	503	215	141	146	0.189024	0	0.564103	1
11	641	302	644	299	141	149	0.0731707	0	0.774359	1
12	573	237	572	234	142	143	0.0609756	0	0.607692	2
13	596	224	594	224	142	144	0.0121951	0	0.574359	2
14	748	223	746	222	142	144	0.0182927	0	0.571795	2
15	599	268	599	267	142	143	0.00609756	0	0.687179	1
16	514	249	513	247	142	143	0.0304878	0	0.638462	2
17	593	189	591	188	142	143	0.0182927	0	0.484615	2
18	736	213	734	211	142	144	0.0365854	0	0.546154	2
19	583	237	582	234	142	143	0.0609756	0	0.607692	2
20	542	198	541	190	142	145	0.396341	0	0.507692	2
21	758	262	755	261	143	145	0.0243902	0	0.671795	2
22	577	184	576	182	143	144	0.0304878	0	0.471795	2
23	567	193	567	189	143	144	0.097561	0	0.494872	1
24	754	249	752	248	143	144	0.0182927	0	0.638462	2
25	502	246	501	244	143	144	0.0304878	0	0.630769	2
26	553	194	552	190	143	145	0.103659	0	0.497436	2
27	591	257	590	257	143	144	0.00609756	0	0.658974	2
28	576	232	575	229	144	145	0.0609756	0	0.594872	2
29	564	226	562	223	144	145	0.0670732	0	0.579487	2
30	559	239	551	233	144	147	0.268293	0	0.612821	2
31	591	189	588	187	144	146	0.0426829	0	0.484615	2
32	511	245	512	239	144	146	0.22561	0	0.628205	1
33	734	222	731	219	144	145	0.0731707	0	0.569231	2
34	567	254	567	250	144	145	0.097561	0	0.651282	1
35	742	250	739	252	144	146	0.0426829	0	0.641026	2
36	160	157	155	154	144	163	0.0853659	0	0.402564	2
37	470	278	470	277	144	146	0.00609756	0	0.712821	1
38	587	244	585	243	144	145	0.0182927	0	0.625641	2
39	568	187	568	182	145	147	0.152439	0	0.479487	1
40	501	242	503	237	145	147	0.164634	0	0.620513	1
41	581	178	578	173	145	149	0.170732	0	0.45641	2
42	458	247	461	244	145	146	0.0731707	0	0.633333	1
43	745	220	743	215	145	147	0.164634	0	0.564103	2
44	357	234	357	233	145	149	0.00609756	0	0.6	1
45	510	191	511	189	145	146	0.0304878	0	0.489744	1
46	727	250	727	249	145	147	0.00609756	0	0.641026	1
47	734	209	729	202	145	148	0.329268	0	0.535897	2
48	542	201	539	196	145	148	0.170732	0	0.515385	2
49	577	229	577	228	146	147	0.00609756	0	0.587179	1
50	600	264	601	265	146	147	0.0121951	0	0.676923	1
51	565	217	562	212	146	148	0.170732	0	0.55641	2
52	346	275	356	285	146	157	0.670732	0	0.705128	1
53	753	232	749	231	146	147	0.0304878	0	0.594872	2
54	595	246	594	246	146	147	0.00609756	0	0.630769	2
55	584	243	583	242	146	147	0.0121951	0	0.623077	2
56	578	201	574	199	146	148	0.0487805	0	0.515385	2
57	343	285	344	284	146	147	0.0121951	0	0.730769	1
58	551	189	549	188	146	147	0.0182927	0	0.484615	2
59	724	196	724	197	146	149	0.00609756	0	0.502564	1
60	403	24	403	24	146	147	0	0	0.0615385	1
61	626	236	625	234	147	149	0.0304878	0	0.605128	2
62	513	236	513	234	147	148	0.0243902	0	0.605128	1
63	468	255	472	252	147	153	0.0792683	0	0.653846	1
64	584	186	582	184	147	148	0.0365854	0	0.476923	2
65	585	211	583	210	147	148	0.0182927	0	0.541026	2
66	598	64	595	64	147	148	0.0182927	0	0.164103	2
67	713	193	714	195	147	151	0.0304878	0	0.494872	1
68	752	257	745	255	147	148	0.0670732	0	0.658974	2
69	594	181	591	179	147	149	0.0426829	0	0.464103	2
70	588	196	585	194	147	149	0.0426829	0	0.502564	2
71	591	47	588	46	147	148	0.0243902	0	0.120513	2
72	577	228	576	227	148	149	0.0121951	0	0.584615	2
73	567	180	565	178	148	149	0.0365854	0	0.461538	2
74	526	308	525	309	148	150	0.0121951	0	0.789744	2
75	544	390	542	387	148	150	0.0670732	0	1	2
76	726	249	726	248	148	149	0.00609756	0	0.638462	1
77	664	195	665	196	148	149	0.0121951	0	0.5	1
78	512	187	514	185	148	149	0.0365854	0	0.479487	1
79	604	266	581	264	148	164	0.164634	0	0.682051	2
80	581	243	579	243	148	149	0.0121951	0	0.623077	2
81	544	186	542	185	148	149	0.0182927	0	0.476923	2
82	521	244	523	240	148	150	0.109756	0	0.625641	1
83	750	240	747	239	148	149	0.0243902	0	0.615385	2
84	592	231	591	232	148	149	0.0121951	0	0.592308	2
85	547	229	544	225	148	149	0.115854	0	0.587179	2
86	543	362	535	360	148	154	0.0731707	0	0.928205	2
87	477	261	477	260	148	152	0.00609756	0	0.669231	1
88	738	212	733	208	148	151	0.128049	0	0.54359	2
89	451	253	451	253	148	173	0	0	0.648718	1
90	158	188	158	187	148	153	0.00609756	0	0.482051	1
91	654	189	651	188	148	150	0.0243902	0	0.484615	2
92	562	212	560	210	149	150	0.0365854	0	0.54359	2
93	407	166	410	163	149	152	0.0731707	0	0.425641	1
94	586	222	586	222	149	150	0	0	0.569231	1
95	572	199	568	197	149	150	0.0487805	0	0.510256	2
96	549	210	544	208	149	151	0.054878	0	0.538462	2
97	581	184	579	181	149	150	0.0670732	0	0.471795	2
98	487	270	514	269	149	158	0.170732	0	0.692308	1
99	562	383	555	381	149	157	0.0670732	0	0.982051	2
100	515	196	519	193	149	151	0.0792683	0	0.502564	1
101	638	252	636	252	149	150	0.0121951	0	0.646154	2
102	576	227	571	225	150	152	0.054878	0	0.582051	2
103	564	178	559	177	150	152	0.0365854	0	0.45641	2
104	620	234	617	235	150	154	0.0243902	0	0.6	2
105	578	171	567	165	150	155	0.286585	0	0.438462	2
106	500	211	507	208	150	152	0.097561	0	0.541026	1
107	530	332	516	331	150	155	0.0914634	0	0.851282	2
108	358	235	358	238	150	152	0.054878	0	0.602564	1
109	544	223	542	221	150	151	0.0365854	0	0.571795	2
110	727	250	691	243	150	161	0.518293	0	0.641026	2
111	506	236	522	234	150	155	0.121951	0	0.605128	1
112	575	216	573	216	150	151	0.0121951	0	0.553846	2
113	630	236	628	236	150	153	0.0121951	0	0.605128	2
114	665	198	663	197	150	153	0.0182927	0	0.507692	2
115	506	24	505	24	150	175	0.00609756	0	0.0615385	2
116	315	370	315	370	150	175	0	0	0.948718	1
117	193	24	192	24	150	175	0.00609756	0	0.0615385	2
118	163	167	164	166	150	154	0.0121951	0	0.428205	1
119	590	183	587	181	150	152	0.0426829	0	0.469231	2
120	744	229	742	227	150	151	0.0365854	0	0.587179	2
121	733	79	733	79	150	175	0	0	0.202564	1
122	159	371	151	370	150	154	0.054878	0	0.951282	2
123	524	311	517	312	151	154	0.0487805	0	0.797436	2
124	558	210	552	207	151	153	0.0914634	0	0.538462	2
125	541	387	536	386	151	153	0.0365854	0	0.992308	2
126	641	281	642	283	151	152	0.0304878	0	0.720513	1
127	567	250	563	249	151	152	0.0304878	0	0.641026	2
128	589	225	587	223	151	152	0.0365854	0	0.576923	2
129	578	41	578	41	151	152	0	0	0.105128	1
130	524	238	538	236	151	155	0.109756	0	0.610256	1
131	88	219	58	221	151	175	0.207317	0	0.561538	2
132	744	237	741	236	151	152	0.0243902	0	0.607692	2
133	649	159	636	154	152	157	0.231707	0	0.407692	2
134	730	205	726	203	152	153	0.0487805	0	0.525641	2
135	648	189	644	192	152	155	0.0792683	0	0.484615	2
136	404	177	405	177	152	153	0.00609756	0	0.453846	1
137	577	241	575	239	152	153	0.0365854	0	0.617949	2
138	569	207	567	206	152	153	0.0182927	0	0.530769	2
139	757	258	756	258	152	175	0.00609756	0	0.661538	2
140	322	252	321	252	152	175	0.00609756	0	0.646154	2
141	570	225	567	225	153	154	0.0182927	0	0.576923	2
142	151	359	148	358	153	154	0.0243902	0	0.920513	2
143	556	176	553	176	153	154	0.0182927	0	0.451282	2
144	643	286	643	287	153	154	0.00609756	0	0.733333	1
145	584	222	580	221	153	154	0.0304878	0	0.569231	2
146	583	253	580	253	153	154	0.0182927	0	0.648718	2
147	570	262	569	261	153	154	0.0121951	0	0.671795	2
148	359	244	360	244	153	154	0.00609756	0	0.625641	1
149	736	229	733	228	153	154	0.0243902	0	0.587179	2
150	511	206	514	204	153	154	0.0426829	0	0.528205	1
151	412	161	418	157	153	156	0.134146	0	0.412821	1
152	495	255	494	255	153	154	0.00609756	0	0.653846	2
153	529	290	531	291	153	164	0.0182927	0	0.74359	1
154	550	207	547	206	154	155	0.0243902	0	0.530769	2
155	634	156	631	154	154	155	0.0426829	0	0.4	2
156	732	254	728	252	154	155	0.0487805	0	0.651282	2
157	535	386	533	387	154	158	0.0182927	0	0.989744	2
158	120	345	112	356	154	165	0.786585	0	0.884615	2
159	519	289	521	287	154	164	0.0365854	0	0.741026	1
160	719	191	717	188	154	157	0.0670732	0	0.489744	2
161	725	241	713	244	154	157	0.128049	0	0.617949	2
162	69	272	65	275	154	161	0.0792683	0	0.697436	2
163	653	301	640	295	154	160	0.29878	0	0.771795	2
164	557	226	555	226	154	155	0.0121951	0	0.579487	2
165	567	225	564	225	155	156	0.0182927	0	0.576923	2
166	615	235	598	232	155	161	0.158537	0	0.602564	2
167	514	311	487	304	155	162	0.463415	0	0.797436	2
168	578	221	574	221	155	157	0.0243902	0	0.566667	2
169	517	204	519	203	155	156	0.0182927	0	0.523077	1
170	146	356	139	353	155	157	0.097561	0	0.912821	2
171	645	287	640	285	155	157	0.054878	0	0.735897	2
172	520	366	515	368	155	158	0.054878	0	0.938462	2
173	731	228	727	228	155	156	0.0243902	0	0.584615	2
174	533	360	527	360	155	157	0.0365854	0	0.923077	2
175	572	40	571	39	155	156	0.0121951	0	0.102564	2
176	364	244	366	243	155	156	0.0182927	0	0.625641	1
177	531	272	541	268	155	166	0.158537	0	0.697436	1
178	582	50	578	50	155	156	0.0243902	0	0.128205	2
179	553	338	548	338	155	156	0.0304878	0	0.866667	2
180	718	201	713	201	155	156	0.0304878	0	0.515385	2
181	619	251	596	246	155	162	0.292683	0	0.64359	2
182	337	360	337	360	155	175	0	0	0.923077	1
183	567	235	564	234	155	156	0.0243902	0	0.602564	2
184	722	252	716	252	156	157	0.0365854	0	0.646154	2
185	552	176	553	173	156	157	0.0609756	0	0.451282	1
186	539	204	536	204	156	157	0.0182927	0	0.523077	2
187	519	311	507	307	156	159	0.170732	0	0.797436	2
188	626	238	625	238	156	157	0.00609756	0	0.610256	2
189	152	304	151	304	156	157	0.00609756	0	0.779487	2
190	512	325	489	320	156	162	0.292683	0	0.833333	2
191	529	316	516	313	156	159	0.134146	0	0.810256	2
192	736	259	735	256	157	161	0.0609756	0	0.664103	2
193	72	291	71	291	157	158	0.00609756	0	0.746154	2
194	581	46	580	46	157	175	0.00609756	0	0.117949	2
195	420	158	422	156	157	158	0.0365854	0	0.405128	1
196	512	358	510	357	157	159	0.0182927	0	0.917949	2
197	569	40	569	40	157	158	0	0	0.102564	1
198	724	198	722	195	157	159	0.0670732	0	0.507692	2
199	162	176	162	175	157	159	0.00609756	0	0.451282	1
200	712	204	703	204	157	160	0.054878	0	0.523077	2
201	369	244	372	243	157	158	0.0243902	0	0.625641	1
202	560	163	559	161	157	158	0.0304878	0	0.417949	2
203	557	172	556	170	158	159	0.0304878	0	0.441026	2
204	614	277	612	278	158	159	0.0182927	0	0.710256	2
205	535	236	536	236	158	159	0.00609756	0	0.605128	1
206	574	222	574	221	158	159	0.00609756	0	0.569231	1
207	537	181	537	179	158	159	0.0243902	0	0.464103	1
208	545	233	547	234	158	160	0.0182927	0	0.597436	1
209	496	252	496	250	158	159	0.0243902	0	0.646154	1
210	730	240	729	239	158	159	0.0121951	0	0.615385	2
211	154	305	153	305	158	159	0.00609756	0	0.782051	2
212	584	198	582	196	158	159	0.0365854	0	0.507692	2
213	516	199	514	192	158	161	0.310976	0	0.510256	2
214	637	284	630	283	158	159	0.0487805	0	0.728205	2
215	722	230	717	229	158	159	0.0365854	0	0.589744	2
216	358	287	357	286	158	159	0.0121951	0	0.735897	2
217	623	296	623	296	158	159	0	0	0.758974	1
218	153	191	152	190	158	159	0.0121951	0	0.489744	2
219	419	157	421	157	159	160	0.0121951	0	0.402564	1
220	560	160	560	158	159	160	0.0243902	0	0.410256	1
221	529	205	525	205	159	160	0.0243902	0	0.525641	2
222	624	147	621	146	159	160	0.0243902	0	0.376923	2
223	641	192	638	191	159	160	0.0243902	0	0.492308	2
224	561	43	557	42	159	160	0.0304878	0	0.110256	2
225	169	194	170	193	159	162	0.0121951	0	0.497436	1
226	564	225	566	223	159	161	0.0365854	0	0.576923	1
227	78	290	78	289	159	164	0.00609756	0	0.74359	1
228	523	223	514	221	159	161	0.0792683	0	0.571795	2
229	546	204	559	203	159	162	0.0853659	0	0.523077	1
230	623	159	580	148	159	172	1	0	0.407692	2
231	332	69	328	69	159	161	0.0243902	0	0.176923	2
232	716	185	716	189	159	167	0.097561	0	0.474359	1
233	569	179	570	178	159	163	0.0121951	0	0.458974	1
234	553	170	553	169	160	161	0.00609756	0	0.435897	1
235	729	239	727	238	160	161	0.0182927	0	0.612821	2
236	569	40	568	40	160	175	0.00609756	0	0.102564	2
237	716	229	713	228	160	161	0.0243902	0	0.587179	2
238	577	221	577	219	160	161	0.0243902	0	0.566667	1
239	723	195	723	194	160	161	0.00609756	0	0.5	1
240	153	308	151	310	160	161	0.0365854	0	0.789744	2
241	513	314	505	312	160	162	0.0731707	0	0.805128	2
242	714	258	713	258	160	175	0.00609756	0	0.661538	2
243	624	293	623	293	160	161	0.00609756	0	0.751282	2
244	141	330	138	329	160	161	0.0243902	0	0.846154	2
245	128	356	123	357	160	161	0.0365854	0	0.912821	2
246	622	185	609	187	160	166	0.103659	0	0.474359	2
247	358	286	374	282	160	164	0.195122	0	0.733333	1
248	541	239	542	237	161	162	0.0304878	0	0.612821	1
249	563	156	564	153	161	162	0.0609756	0	0.4	1
250	616	148	574	137	161	174	0.993902	0	0.379487	2
251	425	158	431	158	161	163	0.0365854	0	0.405128	1
252	544	180	543	178	161	162	0.0304878	0	0.461538	2
253	554	42	551	41	161	162	0.0243902	0	0.107692	2
254	543	46	532	45	161	164	0.0731707	0	0.117949	2
255	128	335	127	335	161	162	0.00609756	0	0.858974	2
256	637	191	631	189	161	162	0.0609756	0	0.489744	2
257	695	203	693	196	161	165	0.310976	0	0.520513	2
258	495	255	495	255	161	165	0	0	0.653846	1
259	707	205	704	202	161	163	0.0731707	0	0.525641	2
260	736	255	732	256	162	165	0.0304878	0	0.653846	2
261	533	387	532	386	162	163	0.0121951	0	0.992308	2
262	558	170	559	169	162	164	0.0121951	0	0.435897	1
263	596	231	592	230	162	163	0.0304878	0	0.592308	2
264	690	244	687	239	162	165	0.170732	0	0.625641	2
265	518	203	514	202	162	163	0.0304878	0	0.520513	2
266	712	222	708	219	162	164	0.0792683	0	0.569231	2
267	725	240	723	240	162	163	0.0121951	0	0.615385	2
268	521	253	503	259	162	168	0.329268	0	0.648718	2
269	713	232	711	230	162	163	0.0365854	0	0.594872	2
270	717	205	716	205	162	164	0.00609756	0	0.525641	2
271	603	282	594	279	162	163	0.109756	0	0.723077	2
272	137	329	133	328	162	163	0.0304878	0	0.84359	2
273	407	24	406	24	162	175	0.00609756	0	0.0615385	2
274	114	321	83	312	162	175	0.682927	0	0.823077	2
275	725	194	725	193	163	164	0.00609756	0	0.497436	1
276	482	303	445	298	163	170	0.378049	0	0.776923	2
277	539	172	537	171	163	164	0.0182927	0	0.441026	2
278	572	228	573	227	163	164	0.0121951	0	0.584615	1
279	160	136	161	136	163	169	0.00609756	0	0.348718	1
280	627	295	626	293	163	164	0.0304878	0	0.75641	2
281	547	270	549	266	163	165	0.109756	0	0.692308	1
282	524	183	521	182	163	164	0.0243902	0	0.469231	2
283	67	239	62	239	163	166	0.0304878	0	0.612821	2
284	161	190	160	190	163	164	0.00609756	0	0.487179	2
285	130	338	129	339	163	164	0.0121951	0	0.866667	2
286	514	369	510	366	163	165	0.0792683	0	0.946154	2
287	580	252	579	252	163	164	0.00609756	0	0.646154	2
288	120	345	119	346	163	164	0.0121951	0	0.884615	2
289	484	320	465	315	163	167	0.268293	0	0.820513	2
290	172	192	171	192	163	169	0.00609756	0	0.492308	2
291	589	230	584	229	164	165	0.0365854	0	0.589744	2
292	511	204	507	204	164	165	0.0243902	0	0.523077	2
293	159	146	158	144	164	169	0.0304878	0	0.374359	2
294	434	160	437	160	164	165	0.0182927	0	0.410256	1
295	523	208	520	209	164	165	0.0243902	0	0.533333	2
296	611	281	604	279	164	166	0.0670732	0	0.720513	2
297	722	241	717	243	164	170	0.054878	0	0.617949	2
298	562	153	564	151	164	165	0.0365854	0	0.392308	1
299	709	229	706	227	164	166	0.0426829	0	0.587179	2
300	591	279	582	279	164	166	0.054878	0	0.715385	2
301	394	249	395	250	164	165	0.0121951	0	0.638462	1
302	430	122	429	122	164	175	0.00609756	0	0.312821	2
303	557	169	558	169	165	166	0.00609756	0	0.433333	1
304	530	288	536	286	165	173	0.0609756	0	0.738462	1
305	726	194	725	198	165	167	0.103659	0	0.497436	2
306	564	259	564	256	165	167	0.054878	0	0.664103	1
307	128	340	126	341	165	166	0.0182927	0	0.871795	2
308	120	320	99	310	165	175	0.737805	0	0.820513	2
309	531	174	526	174	165	167	0.0304878	0	0.446154	2
310	468	331	463	337	165	167	0.25	0	0.848718	2
311	518	186	512	188	165	168	0.0609756	0	0.476923	2
312	170	158	172	151	165	168	0.310976	0	0.405128	1
313	161	191	160	190	165	167	0.0121951	0	0.489744	2
314	76	290	72	290	165	166	0.0243902	0	0.74359	2
315	504	220	492	222	165	168	0.097561	0	0.564103	2
316	572	218	573	218	165	166	0.00609756	0	0.558974	1
317	476	359	464	361	165	168	0.097561	0	0.920513	2
318	613	150	580	141	165	175	0.695122	0	0.384615	2
319	397	122	396	122	165	175	0.00609756	0	0.312821	2
320	159	166	154	158	165	168	0.420732	0	0.425641	2
321	339	348	338	348	165	175	0.00609756	0	0.892308	2
322	152	204	151	203	165	171	0.0121951	0	0.523077	2
323	541	173	539	172	165	166	0.0182927	0	0.44359	2
324	591	46	590	46	165	175	0.00609756	0	0.117949	2
325	505	206	501	206	166	167	0.0243902	0	0.528205	2
326	563	147	563	145	166	167	0.0243902	0	0.376923	1
327	517	212	508	213	166	168	0.0609756	0	0.54359	2
328	456	140	456	139	166	168	0.00609756	0	0.358974	1
329	408	244	410	244	166	167	0.0121951	0	0.625641	1
330	697	214	696	212	166	167	0.0304878	0	0.548718	2
331	546	77	543	77	166	167	0.0182927	0	0.197436	2
332	698	197	698	193	166	169	0.097561	0	0.505128	1
333	562	171	561	171	167	169	0.00609756	0	0.438462	2
334	580	223	581	224	167	168	0.0121951	0	0.571795	1
335	579	281	575	283	167	169	0.0487805	0	0.720513	2
336	730	258	731	256	167	171	0.0304878	0	0.661538	1
337	575	233	571	232	167	168	0.0304878	0	0.597436	2
338	479	386	478	387	167	171	0.0121951	0	0.989744	2
339	444	158	446	158	167	168	0.0121951	0	0.405128	1
340	609	188	604	185	167	168	0.0853659	0	0.482051	2
341	61	239	54	237	167	170	0.0670732	0	0.612821	2
342	536	176	533	175	167	168	0.0243902	0	0.451282	2
343	115	354	112	353	167	168	0.0243902	0	0.907692	2
344	311	24	310	24	167	169	0.00609756	0	0.0615385	2
345	387	307	387	306	167	170	0.00609756	0	0.787179	1
346	564	195	562	193	167	169	0.0365854	0	0.5	2
347	456	28	455	28	167	175	0.00609756	0	0.0717949	2
348	589	176	583	172	167	169	0.134146	0	0.451282	2
349	717	195	716	196	168	171	0.0121951	0	0.5	2
350	692	239	692	238	168	169	0.00609756	0	0.612821	1
351	165	176	165	175	168	169	0.00609756	0	0.451282	1
352	498	207	493	207	168	169	0.0304878	0	0.530769	2
353	566	148	565	146	168	170	0.0304878	0	0.379487	2
354	490	250	468	256	168	173	0.353659	0	0.641026	2
355	526	216	524	213	168	169	0.0670732	0	0.553846	2
356	691	212	692	205	168	171	0.304878	0	0.54359	1
357	701	220	701	217	168	169	0.054878	0	0.564103	1
358	105	372	103	371	168	169	0.0182927	0	0.953846	2
359	538	229	526	222	168	173	0.371951	0	0.587179	2
360	161	188	160	187	168	169	0.0121951	0	0.482051	2
361	422	223	421	223	168	169	0.00609756	0	0.571795	2
362	582	224	582	225	169	170	0.00609756	0	0.574359	1
363	568	229	563	228	169	170	0.0365854	0	0.587179	2
364	502	259	499	260	169	170	0.0243902	0	0.664103	2
365	509	187	506	187	169	170	0.0182927	0	0.479487	2
366	504	214	500	214	169	170	0.0243902	0	0.548718	2
367	447	162	454	162	169	174	0.0426829	0	0.415385	1
368	520	172	515	171	169	170	0.0365854	0	0.441026	2
369	491	239	486	240	169	170	0.0365854	0	0.612821	2
370	462	364	456	364	169	172	0.0365854	0	0.933333	2
371	723	206	722	205	169	170	0.0121951	0	0.528205	2
372	497	249	493	250	169	170	0.0304878	0	0.638462	2
373	595	182	589	181	169	170	0.0426829	0	0.466667	2
374	105	357	101	356	169	170	0.0304878	0	0.915385	2
375	510	45	501	45	169	171	0.054878	0	0.115385	2
376	540	271	544	269	169	171	0.0487805	0	0.694872	1
377	558	169	557	168	170	171	0.0121951	0	0.433333	2
378	577	285	576	285	170	171	0.00609756	0	0.730769	2
379	523	211	517	210	170	172	0.0426829	0	0.541026	2
380	159	142	160	141	170	171	0.0121951	0	0.364103	1
381	174	136	172	136	170	173	0.0121951	0	0.348718	2
382	731	226	726	230	170	174	0.128049	0	0.579487	2
383	706	196	706	194	170	171	0.0243902	0	0.502564	1
384	563	191	562	187	170	175	0.103659	0	0.489744	2
385	441	174	441	173	170	171	0.00609756	0	0.446154	1
386	490	208	485	210	170	172	0.054878	0	0.533333	2
387	172	192	171	192	170	175	0.00609756	0	0.492308	2
388	38	290	35	294	170	174	0.115854	0	0.74359	2
389	311	24	310	24	170	171	0.00609756	0	0.0615385	2
390	584	227	584	228	171	173	0.00609756	0	0.582051	1
391	560	229	555	228	171	172	0.0365854	0	0.587179	2
392	496	262	480	260	171	175	0.121951	0	0.671795	2
393	100	353	95	346	171	174	0.329268	0	0.905128	2
394	593	266	597	270	171	175	0.121951	0	0.682051	1
395	718	243	719	244	171	172	0.0121951	0	0.623077	1
396	563	276	557	274	171	172	0.0609756	0	0.707692	2
397	564	147	562	147	171	172	0.0121951	0	0.376923	2
398	153	182	151	181	171	172	0.0182927	0	0.466667	2
399	511	172	507	171	171	172	0.0304878	0	0.441026	2
400	501	184	495	182	171	173	0.0609756	0	0.471795	2
401	56	235	49	237	171	175	0.0670732	0	0.602564	2
402	156	151	159	150	171	173	0.0243902	0	0.387179	1
403	489	251	478	252	171	174	0.0731707	0	0.64359	2
404	690	233	692	230	171	173	0.0670732	0	0.597436	1
405	387	307	387	306	171	172	0.00609756	0	0.787179	1
406	500	242	495	245	171	172	0.0853659	0	0.620513	2
407	559	168	559	167	172	173	0.00609756	0	0.430769	1
408	733	256	738	258	172	175	0.054878	0	0.65641	1
409	574	284	569	283	172	173	0.0365854	0	0.728205	2
410	491	220	489	221	172	173	0.0182927	0	0.564103	2
411	160	140	160	139	172	173	0.00609756	0	0.358974	1
412	715	196	713	197	172	173	0.0182927	0	0.502564	2
413	479	222	477	223	172	173	0.0182927	0	0.569231	2
414	441	173	441	172	172	173	0.00609756	0	0.44359	1
415	439	296	433	294	172	173	0.0609756	0	0.758974	2
416	563	263	558	263	172	173	0.0304878	0	0.674359	2
417	712	206	711	207	172	173	0.0121951	0	0.528205	2
418	540	255	539	255	172	173	0.00609756	0	0.653846	2
419	311	24	310	24	172	175	0.00609756	0	0.0615385	2
420	95	362	91	358	172	173	0.121951	0	0.928205	2
421	155	173	154	173	173	174	0.00609756	0	0.44359	2
422	723	246	725	248	173	175	0.0365854	0	0.630769	1
423	550	228	545	228	173	174	0.0304878	0	0.584615	2
424	568	211	564	211	173	174	0.0243902	0	0.541026	2
425	552	275	549	276	173	174	0.0243902	0	0.705128	2
426	458	364	454	361	173	174	0.0792683	0	0.933333	2
427	144	180	143	180	173	175	0.00609756	0	0.461538	2
428	482	211	478	212	173	175	0.0304878	0	0.541026	2
429	701	186	703	183	173	175	0.0670732	0	0.476923	1
430	561	237	555	237	173	174	0.0365854	0	0.607692	2
431	447	304	441	301	173	174	0.0914634	0	0.779487	2
432	482	242	480	243	173	175	0.0182927	0	0.620513	2
433	585	231	584	231	174	175	0.00609756	0	0.592308	2
434	559	166	558	164	174	175	0.0304878	0	0.425641	2
435	564	150	565	150	174	175	0.00609756	0	0.384615	1
436	477	227	475	227	174	175	0.0121951	0	0.582051	2
437	164	142	164	141	174	175	0.00609756	0	0.364103	1
438	467	259	467	259	174	175	0	0	0.664103	1
439	581	215	580	214	174	175	0.0121951	0	0.551282	2
440	498	172	497	170	174	175	0.0304878	0	0.441026	2
441	713	199	710	201	174	175	0.0426829	0	0.510256	2
442	426	291	420	288	174	175	0.0914634	0	0.746154	2
443	710	209	708	210	174	175	0.0182927	0	0.535897	2
444	512	212	509	210	174	175	0.0426829	0	0.54359	2
445	689	224	689	224	174	175	0	0	0.574359	1
446	487	222	485	222	174	175	0.0121951	0	0.569231	2
447	423	350	417	350	174	175	0.0365854	0	0.897436	2
448	483	358	482	358	174	175	0.00609756	0	0.917949	2
449	494	182	493	180	174	175	0.0304878	0	0.466667	2
450	539	256	538	256	174	175	0.00609756	0	0.65641	2
451	363	122	362	122	174	175	0.00609756	0	0.312821	2
452	445	177	445	176	174	175	0.00609756	0	0.453846	1