
0	511	56	499	51	52	81	0.24183	0	0.12933	2
1	557	133	556	132	53	54	0.0130719	0	0.307159	2
2	413	95	410	93	53	65	0.0457516	0	0.2194	2
3	535	143	537	141	54	55	0.0392157	0	0.330254	1
4	375	213	377	213	54	55	0.0130719	0	0.491917	1
5	587	145	587	143	54	55	0.0261438	0	0.334873	1
6	67	46	68	45	54	57	0.0130719	0	0.106236	1
7	630	403	628	401	56	61	0.0392157	0	0.930716	2
8	365	216	368	215	56	58	0.0261438	0	0.498845	1
9	530	163	529	161	56	57	0.0326797	0	0.376443	2
10	378	214	380	213	56	58	0.0196078	0	0.494226	1
11	540	141	541	140	56	57	0.0130719	0	0.325635	1
12	608	100	607	99	56	57	0.0130719	0	0.230947	2
13	593	150	593	149	56	57	0.00653595	0	0.34642	1
14	509	180	509	179	57	59	0.00653595	0	0.415704	1
15	561	215	560	217	57	59	0.0326797	0	0.496536	2
16	597	103	596	103	57	58	0.00653595	0	0.237875	2
17	585	181	585	180	57	58	0.00653595	0	0.418014	1
18	413	241	411	241	58	60	0.0130719	0	0.556582	2
19	593	149	602	137	58	72	1	0	0.344111	1
20	173	156	172	154	58	62	0.0326797	0	0.360277	2
21	248	45	246	44	58	64	0.0196078	0	0.103926	2
22	543	140	545	139	58	59	0.0196078	0	0.323326	1
23	70	46	65	43	58	81	0.0915033	0	0.106236	2
24	538	125	538	123	58	59	0.0261438	0	0.288684	1
25	176	145	171	145	58	68	0.0326797	0	0.334873	2
26	373	214	377	213	59	60	0.0326797	0	0.494226	1
27	455	98	454	99	59	63	0.0130719	0	0.226328	2
28	422	237	422	236	59	60	0.00653595	0	0.547344	1
29	584	405	582	406	59	68	0.0196078	0	0.935335	2
30	332	91	331	90	59	66	0.0130719	0	0.210162	2
31	511	180	511	180	60	62	0	0	0.415704	1
32	548	139	551	137	60	61	0.0457516	0	0.321016	1
33	589	359	582	357	60	61	0.0718954	0	0.829099	2
34	435	50	419	45	60	90	0.267974	0	0.115473	2
35	323	73	320	71	60	66	0.0457516	0	0.168591	2
36	827	314	811	309	60	90	0.267974	0	0.725173	2
37	559	220	554	213	60	63	0.352941	0	0.508083	2
38	592	96	585	95	60	63	0.0522876	0	0.221709	2
39	411	242	404	244	61	64	0.0718954	0	0.558891	2
40	421	237	423	236	61	62	0.0196078	0	0.547344	1
41	384	213	388	212	61	62	0.0326797	0	0.491917	1
42	522	136	521	136	61	64	0.00653595	0	0.314088	2
43	435	76	434	75	61	62	0.0130719	0	0.17552	2
44	427	198	425	199	62	63	0.0196078	0	0.457275	2
45	557	135	560	134	62	63	0.0261438	0	0.311778	1
46	601	99	598	99	62	63	0.0196078	0	0.228637	2
47	550	170	550	170	62	63	0	0	0.39261	1
48	580	357	574	355	62	63	0.0653595	0	0.82448	2
49	511	181	510	179	63	66	0.0326797	0	0.418014	2
50	172	154	171	154	63	65	0.00653595	0	0.355658	2
51	208	433	211	432	63	72	0.0261438	0	1	1
52	426	234	432	239	63	71	0.202614	0	0.540416	1
53	423	80	422	79	63	64	0.0130719	0	0.184758	2
54	555	358	551	356	63	64	0.0522876	0	0.82679	2
55	616	178	615	178	63	65	0.00653595	0	0.411085	2
56	554	157	556	157	63	64	0.0130719	0	0.362587	1
57	101	93	86	90	63	82	0.156863	0	0.214781	2
58	415	231	422	235	63	70	0.150327	0	0.533487	1
59	426	201	431	203	64	68	0.0588235	0	0.464203	1
60	573	99	572	98	64	66	0.0130719	0	0.228637	2
61	553	171	554	170	64	65	0.0130719	0	0.394919	1
62	564	134	567	133	64	65	0.0261438	0	0.309469	1
63	396	213	412	214	64	71	0.111111	0	0.491917	1
64	163	165	158	165	64	67	0.0326797	0	0.381062	2
65	536	146	537	144	64	65	0.0326797	0	0.337182	1
66	553	211	552	208	64	65	0.0653595	0	0.487298	2
67	211	404	200	405	64	70	0.0784314	0	0.933025	2
68	738	131	732	133	64	76	0.0653595	0	0.30254	2
69	386	214	392	214	64	67	0.0392157	0	0.494226	1
70	402	245	415	246	65	71	0.0915033	0	0.56582	1
71	450	103	451	103	65	72	0.00653595	0	0.237875	1
72	420	78	418	77	65	66	0.0196078	0	0.180139	2
73	548	355	542	355	65	66	0.0392157	0	0.819861	2
74	213	378	193	377	65	71	0.137255	0	0.872979	2
75	223	352	195	348	65	72	0.287582	0	0.812933	2
76	473	41	459	37	65	90	0.196078	0	0.0946882	2
77	521	134	520	133	65	66	0.0130719	0	0.309469	2
78	245	43	243	43	65	71	0.0130719	0	0.0993072	2
79	623	92	618	91	65	72	0.0392157	0	0.212471	2
80	175	157	174	157	66	68	0.00653595	0	0.362587	2
81	566	136	569	134	66	67	0.0457516	0	0.314088	1
82	525	174	529	172	66	67	0.0522876	0	0.401848	1
83	550	208	538	206	66	70	0.104575	0	0.48037	2
84	541	145	543	143	66	67	0.0392157	0	0.334873	1
85	557	37	544	34	66	86	0.143791	0	0.0854503	2
86	588	98	583	97	66	68	0.0392157	0	0.226328	2
87	510	177	516	175	67	69	0.0653595	0	0.408776	1
88	529	124	528	123	67	68	0.0130719	0	0.286374	2
89	209	421	198	424	67	74	0.130719	0	0.972286	2
90	521	134	519	133	67	69	0.0196078	0	0.309469	2
91	614	183	613	184	67	68	0.0130719	0	0.422633	2
92	531	353	524	351	68	69	0.0718954	0	0.815242	2
93	408	171	412	170	68	70	0.0326797	0	0.394919	1
94	532	173	534	175	68	70	0.0392157	0	0.399538	1
95	399	37	388	34	68	84	0.130719	0	0.0854503	2
96	158	165	152	167	68	73	0.0653595	0	0.381062	2
97	544	142	545	140	68	69	0.0326797	0	0.327945	1
98	398	175	410	178	68	74	0.137255	0	0.404157	1
99	174	124	163	123	69	74	0.0784314	0	0.286374	2
100	396	227	399	227	69	71	0.0196078	0	0.524249	1
101	528	123	527	123	69	70	0.00653595	0	0.284065	2
102	171	159	167	160	69	72	0.0326797	0	0.367206	2
103	433	203	445	202	69	74	0.0849673	0	0.468822	1
104	612	184	609	183	69	70	0.0261438	0	0.424942	2
105	545	150	550	149	69	72	0.0392157	0	0.34642	1
106	184	130	181	129	69	74	0.0261438	0	0.300231	2
107	477	52	472	51	69	77	0.0392157	0	0.120092	2
108	346	45	344	45	69	72	0.0130719	0	0.103926	2
109	405	142	405	142	69	70	0	0	0.327945	1
110	332	430	320	426	69	90	0.183007	0	0.993072	2
111	296	90	282	86	69	90	0.196078	0	0.207852	2
112	412	180	425	186	69	74	0.320261	0	0.415704	1
113	439	212	444	212	70	73	0.0326797	0	0.489607	1
114	415	120	414	118	70	73	0.0326797	0	0.277136	2
115	549	139	550	138	70	71	0.0130719	0	0.321016	1
116	521	175	527	175	70	71	0.0392157	0	0.404157	1
117	522	134	521	134	70	71	0.00653595	0	0.309469	2
118	394	73	389	72	70	77	0.0392157	0	0.168591	2
119	527	123	527	122	71	72	0.00653595	0	0.284065	1
120	608	183	603	178	71	74	0.196078	0	0.422633	2
121	416	171	430	172	71	77	0.0980392	0	0.394919	1
122	530	405	527	403	71	74	0.0457516	0	0.935335	2
123	412	158	411	158	71	72	0.00653595	0	0.364896	2
124	534	206	521	209	71	74	0.143791	0	0.475751	2
125	199	411	196	411	71	72	0.0196078	0	0.949192	2
126	447	59	434	55	71	90	0.189542	0	0.136259	2
127	355	43	342	39	72	90	0.189542	0	0.0993072	2
128	412	216	412	219	72	75	0.0588235	0	0.498845	1
129	571	99	568	98	72	76	0.0261438	0	0.228637	2
130	245	45	237	42	72	81	0.111111	0	0.103926	2
131	415	73	402	73	72	78	0.0849673	0	0.168591	2
132	548	139	550	138	72	73	0.0196078	0	0.321016	1
133	336	311	324	307	72	90	0.183007	0	0.718245	2
134	189	376	132	367	72	85	0.901961	0	0.86836	2
135	273	24	272	24	72	73	0.00653595	0	0.0554273	2
136	412	44	399	40	72	90	0.189542	0	0.101617	2
137	523	125	522	125	73	74	0.00653595	0	0.288684	2
138	210	433	207	431	73	75	0.0457516	0	1	2
139	602	137	602	136	73	74	0.00653595	0	0.316397	1
140	455	102	455	101	73	74	0.00653595	0	0.235566	1
141	163	161	161	160	73	74	0.0196078	0	0.371824	2
142	592	146	595	146	73	74	0.0196078	0	0.337182	1
143	186	354	182	352	73	74	0.0522876	0	0.817552	2
144	503	116	496	124	73	76	0.464052	0	0.267898	2
145	344	45	339	43	73	78	0.0588235	0	0.103926	2
146	421	211	423	211	73	74	0.0130719	0	0.487298	1
147	411	159	409	158	73	74	0.0196078	0	0.367206	2
148	173	158	170	158	73	74	0.0196078	0	0.364896	2
149	380	46	368	42	73	90	0.183007	0	0.106236	2
150	447	213	449	212	74	75	0.0196078	0	0.491917	1
151	535	176	535	175	74	75	0.00653595	0	0.406467	1
152	548	174	553	172	74	75	0.0588235	0	0.401848	1
153	417	115	417	114	74	75	0.00653595	0	0.265589	1
154	554	140	556	139	74	75	0.0196078	0	0.323326	1
155	150	171	145	171	74	77	0.0326797	0	0.394919	2
156	588	130	587	124	74	79	0.24183	0	0.300231	2
157	545	164	547	161	74	75	0.0718954	0	0.378753	1
158	191	414	188	413	74	75	0.0261438	0	0.95612	2
159	603	172	597	167	75	79	0.202614	0	0.397229	2
160	431	244	431	244	75	77	0	0	0.56351	1
161	458	100	459	99	75	76	0.0130719	0	0.230947	1
162	603	136	604	135	75	76	0.0130719	0	0.314088	1
163	159	160	154	159	75	77	0.0392157	0	0.369515	2
164	162	122	130	117	75	90	0.372549	0	0.281755	2
165	425	213	430	212	75	77	0.0392157	0	0.491917	1
166	503	103	501	102	75	76	0.0196078	0	0.237875	2
167	180	130	170	126	75	90	0.169935	0	0.300231	2
168	494	53	489	50	75	81	0.0915033	0	0.122402	2
169	184	344	180	342	75	76	0.0522876	0	0.794457	2
170	415	153	416	153	75	79	0.00653595	0	0.353349	1
171	158	47	146	43	75	90	0.183007	0	0.108545	2
172	414	179	421	175	75	78	0.150327	0	0.413395	1
173	420	201	434	196	75	80	0.254902	0	0.464203	1
174	504	43	497	40	75	83	0.104575	0	0.0993072	2
175	168	46	156	42	75	90	0.183007	0	0.106236	2
176	518	211	514	212	75	76	0.0326797	0	0.487298	2
177	558	172	565	172	76	79	0.0457516	0	0.397229	1
178	413	219	420	217	76	78	0.0718954	0	0.505774	1
179	519	161	513	160	76	79	0.0457516	0	0.371824	2
180	553	92	551	91	76	78	0.0196078	0	0.212471	2
181	536	174	538	173	76	77	0.0196078	0	0.401848	1
182	407	197	409	195	76	77	0.0392157	0	0.454965	1
183	418	114	414	119	76	86	0.189542	0	0.263279	2
184	447	204	459	201	76	80	0.137255	0	0.471132	1
185	543	164	548	164	76	78	0.0326797	0	0.378753	1
186	190	42	189	40	76	79	0.0326797	0	0.0969977	2
187	203	429	181	423	76	79	0.379085	0	0.990762	2
188	240	59	229	55	76	90	0.176471	0	0.136259	2
189	112	310	102	307	76	90	0.124183	0	0.715935	2
190	458	100	458	99	77	78	0.00653595	0	0.230947	1
191	458	236	480	236	77	83	0.143791	0	0.545035	1
192	561	93	552	89	77	90	0.163399	0	0.214781	2
193	170	347	110	347	77	90	0.392157	0	0.801386	2
194	512	213	509	213	77	78	0.0196078	0	0.491917	2
195	611	135	625	129	77	90	0.326797	0	0.311778	1
196	457	90	455	89	77	79	0.0196078	0	0.207852	2
197	402	228	423	222	77	81	0.372549	0	0.526559	1
198	502	102	498	100	77	81	0.0522876	0	0.235566	2
199	433	211	435	209	78	79	0.0392157	0	0.487298	1
200	480	162	477	161	78	80	0.0261438	0	0.374134	2
201	433	243	435	242	78	79	0.0196078	0	0.561201	1
202	472	51	464	48	78	90	0.111111	0	0.117783	2
203	436	173	442	172	78	80	0.0457516	0	0.399538	1
204	566	137	567	136	78	79	0.0130719	0	0.316397	1
205	146	170	145	169	78	79	0.0130719	0	0.39261	2
206	339	43	332	40	79	90	0.104575	0	0.0993072	2
207	508	210	502	210	79	81	0.0392157	0	0.484988	2
208	457	103	458	103	79	82	0.00653595	0	0.237875	1
209	425	215	441	210	79	82	0.267974	0	0.496536	1
210	452	237	452	235	79	80	0.0261438	0	0.547344	1
211	140	73	131	70	79	90	0.117647	0	0.168591	2
212	595	166	591	164	80	82	0.0522876	0	0.383372	2
213	567	172	572	173	80	83	0.0392157	0	0.397229	1
214	479	129	475	128	80	82	0.0326797	0	0.297921	2
215	564	137	565	136	80	81	0.0130719	0	0.316397	1
216	512	160	504	161	80	82	0.0588235	0	0.369515	2
217	541	129	527	129	80	87	0.0915033	0	0.297921	2
218	234	92	228	90	80	90	0.0653595	0	0.212471	2
219	587	122	586	121	80	82	0.0130719	0	0.281755	2
220	412	134	411	136	80	83	0.0326797	0	0.309469	2
221	440	131	435	129	80	90	0.0588235	0	0.30254	2
222	461	225	479	217	80	87	0.535948	0	0.51963	1
223	398	74	395	74	80	81	0.0196078	0	0.170901	2
224	146	143	139	143	80	83	0.0457516	0	0.330254	2
225	408	155	408	155	80	83	0	0	0.357968	1
226	353	52	347	50	80	90	0.0653595	0	0.120092	2
227	325	38	318	36	80	90	0.0718954	0	0.0877598	2
228	463	90	458	89	81	88	0.0392157	0	0.207852	2
229	141	169	139	169	81	83	0.0130719	0	0.3903	2
230	485	143	484	141	81	82	0.0326797	0	0.330254	2
231	456	234	472	233	81	85	0.111111	0	0.540416	1
232	467	199	470	198	81	82	0.0261438	0	0.459584	1
233	482	152	481	152	82	83	0.00653595	0	0.351039	2
234	152	420	134	415	82	88	0.281046	0	0.969977	2
235	236	43	234	42	82	85	0.0196078	0	0.0993072	2
236	491	50	490	49	82	83	0.0130719	0	0.115473	2
237	579	135	587	136	82	86	0.0588235	0	0.311778	1
238	494	123	492	123	82	83	0.0130719	0	0.284065	2
239	568	138	570	138	82	83	0.0130719	0	0.318707	1
240	393	75	384	74	82	85	0.0653595	0	0.17321	2
241	450	242	456	241	82	83	0.0457516	0	0.558891	1
242	476	208	479	207	82	83	0.0261438	0	0.48037	1
243	64	43	62	42	82	88	0.0196078	0	0.0993072	2
244	574	122	578	120	82	86	0.0522876	0	0.281755	1
245	418	157	418	157	82	84	0	0	0.362587	1
246	590	165	585	167	83	85	0.0588235	0	0.381062	2
247	587	123	587	123	83	85	0	0	0.284065	1
248	460	105	460	105	83	84	0	0	0.242494	1
249	145	158	144	157	83	84	0.0130719	0	0.364896	2
250	450	173	456	174	83	85	0.0457516	0	0.399538	1
251	151	431	148	426	83	87	0.183007	0	0.995381	2
252	481	238	487	234	84	88	0.143791	0	0.549654	1
253	483	206	483	204	84	85	0.0261438	0	0.475751	1
254	497	42	494	41	84	88	0.0261438	0	0.0969977	2
255	414	138	412	139	84	89	0.0196078	0	0.318707	2
256	489	53	488	53	84	86	0.00653595	0	0.122402	2
257	441	211	441	211	84	85	0	0	0.487298	1
258	134	147	133	147	84	85	0.00653595	0	0.339492	2
259	402	91	398	90	84	90	0.0326797	0	0.210162	2
260	138	170	136	170	84	86	0.0130719	0	0.39261	2
261	508	120	506	120	84	85	0.0130719	0	0.277136	2
262	477	196	479	194	84	85	0.0392157	0	0.452656	1
263	487	38	485	37	84	87	0.0196078	0	0.0877598	2
264	111	378	91	378	85	89	0.130719	0	0.872979	2
265	500	91	494	90	85	86	0.0457516	0	0.210162	2
266	444	179	461	176	85	89	0.169935	0	0.413395	1
267	498	105	495	108	85	87	0.0784314	0	0.242494	2
268	63	70	61	69	85	89	0.0196078	0	0.161663	2
269	82	90	77	88	85	90	0.0588235	0	0.207852	2
270	584	168	581	167	86	87	0.0261438	0	0.387991	2
271	589	123	591	123	86	87	0.0130719	0	0.284065	1
272	141	156	137	156	86	87	0.0261438	0	0.360277	2
273	481	193	482	190	86	88	0.0653595	0	0.445727	1
274	265	40	262	39	86	90	0.0261438	0	0.0923788	2
275	572	167	571	164	86	87	0.0653595	0	0.385681	2
276	505	122	500	122	86	88	0.0326797	0	0.281755	2
277	470	238	474	234	86	89	0.130719	0	0.549654	1
278	129	359	109	360	86	90	0.137255	0	0.829099	2
279	132	402	127	405	86	87	0.0915033	0	0.928406	2
280	401	175	398	174	86	90	0.0261438	0	0.404157	2
281	292	33	289	31	86	90	0.0457516	0	0.0762125	2
282	137	169	135	168	87	88	0.0196078	0	0.3903	2
283	488	54	487	53	87	88	0.0130719	0	0.124711	2
284	589	137	592	138	87	89	0.0261438	0	0.316397	1
285	484	202	485	200	87	89	0.0326797	0	0.466513	1
286	413	157	414	159	87	89	0.0326797	0	0.362587	1
287	417	127	414	128	87	90	0.0261438	0	0.293303	2
288	378	73	375	71	87	88	0.0457516	0	0.168591	2
289	309	71	306	70	87	90	0.0261438	0	0.163972	2
290	86	430	83	429	88	90	0.0261438	0	0.993072	2
291	577	166	572	165	88	89	0.0392157	0	0.383372	2
292	593	123	596	122	88	90	0.0261438	0	0.284065	1
293	91	88	89	87	88	90	0.0196078	0	0.203233	2
294	236	42	234	41	88	90	0.0196078	0	0.0969977	2
295	457	308	455	307	88	90	0.0196078	0	0.711316	2
296	221	39	219	38	88	90	0.0196078	0	0.0900693	2
297	481	97	475	96	88	89	0.0457516	0	0.224018	2
298	495	100	493	99	88	90	0.0196078	0	0.230947	2
299	309	151	307	150	88	90	0.0196078	0	0.34873	2
300	543	33	541	32	88	90	0.0196078	0	0.0762125	2
301	135	155	132	154	88	89	0.0261438	0	0.357968	2
302	489	234	489	233	89	90	0.00653595	0	0.540416	1
303	454	89	453	88	89	90	0.0130719	0	0.205543	2
304	372	71	368	69	89	90	0.0522876	0	0.163972	2
305	649	132	652	131	89	90	0.0261438	0	0.30485	1
306	484	217	485	216	89	90	0.0130719	0	0.501155	1
307	93	407	89	406	89	90	0.0326797	0	0.939954	2