
0	574	211	573	209	82	83	0.0462963	0	0.501188	2
1	310	192	311	191	82	84	0.0185185	0	0.456057	1
2	698	190	698	188	82	85	0.037037	0	0.451306	1
3	573	207	572	205	84	85	0.0462963	0	0.491686	2
4	563	192	562	191	84	85	0.0185185	0	0.456057	2
5	786	226	785	227	84	86	0.0185185	0	0.536817	2
6	593	208	590	207	84	86	0.037037	0	0.494062	2
7	585	223	584	221	85	86	0.0462963	0	0.529691	2
8	500	198	507	193	85	89	0.296296	0	0.470309	1
9	571	204	570	202	86	87	0.0462963	0	0.484561	2
10	485	210	485	210	86	88	0	0	0.498812	1
11	558	185	556	182	86	88	0.101852	0	0.43943	2
12	172	36	173	35	86	89	0.0185185	0	0.0855107	1
13	568	215	568	214	86	87	0.00925926	0	0.510689	1
14	247	36	246	36	86	96	0.00925926	0	0.0855107	2
15	785	229	779	236	87	93	0.509259	0	0.543943	2
16	560	193	557	192	87	89	0.037037	0	0.458432	2
17	573	87	572	88	87	89	0.0185185	0	0.206651	2
18	160	61	160	60	87	100	0.00925926	0	0.144893	1
19	315	189	322	186	87	91	0.148148	0	0.448931	1
20	571	202	570	201	88	89	0.0185185	0	0.47981	2
21	211	38	211	38	88	94	0	0	0.0902613	1
22	544	196	542	196	88	89	0.0185185	0	0.465558	2
23	271	40	271	40	88	92	0	0	0.0950119	1
24	480	231	483	229	88	89	0.0648148	0	0.548694	1
25	231	33	229	33	88	96	0.0185185	0	0.0783848	2
26	221	36	220	36	88	94	0.00925926	0	0.0855107	2
27	568	213	567	212	88	89	0.0185185	0	0.505938	2
28	335	48	335	48	88	110	0	0	0.114014	1
29	346	95	343	94	88	91	0.037037	0	0.225653	2
30	653	191	651	192	88	89	0.0277778	0	0.453682	2
31	201	35	200	34	88	94	0.0185185	0	0.0831354	2
32	596	215	597	213	89	90	0.0462963	0	0.510689	1
33	602	248	602	248	89	91	0	0	0.589074	1
34	555	182	553	181	89	90	0.0277778	0	0.432304	2
35	313	88	311	88	89	104	0.0185185	0	0.209026	2
36	232	50	231	50	89	94	0.00925926	0	0.118765	2
37	597	312	596	313	90	91	0.0185185	0	0.741093	2
38	569	202	563	201	90	92	0.0648148	0	0.47981	2
39	591	341	586	347	90	92	0.37963	0	0.809976	2
40	521	172	521	169	90	92	0.0833333	0	0.408551	1
41	556	191	551	189	90	92	0.0833333	0	0.453682	2
42	708	183	716	173	90	97	1	0	0.434679	1
43	489	209	492	207	90	91	0.0648148	0	0.496437	1
44	569	223	568	220	90	91	0.0925926	0	0.529691	2
45	610	365	601	367	90	96	0.12037	0	0.866983	2
46	738	66	745	67	90	120	0.0740741	0	0.15677	1
47	396	199	400	199	90	95	0.037037	0	0.472684	1
48	600	371	591	375	90	97	0.231481	0	0.881235	2
49	754	421	755	422	90	120	0.0185185	0	1	1
50	323	89	322	88	90	98	0.0185185	0	0.211401	2
51	402	43	403	44	90	120	0.0185185	0	0.102138	1
52	599	212	599	211	91	94	0.00925926	0	0.503563	1
53	663	225	665	224	91	93	0.0277778	0	0.534442	1
54	556	177	553	176	91	92	0.037037	0	0.420428	2
55	604	248	609	253	92	106	0.277778	0	0.589074	1
56	596	316	591	318	92	94	0.0833333	0	0.750594	2
57	717	223	719	221	92	94	0.0555556	0	0.529691	1
58	322	186	331	186	92	100	0.0833333	0	0.441805	1
59	337	95	334	94	92	94	0.037037	0	0.225653	2
60	321	129	320	128	92	98	0.0185185	0	0.306413	2
61	605	306	605	307	92	120	0.00925926	0	0.726841	1
62	289	70	289	71	92	120	0.00925926	0	0.166271	1
63	385	71	386	71	92	120	0.00925926	0	0.168646	1
64	549	184	546	184	93	94	0.0277778	0	0.437055	2
65	584	348	577	356	93	99	0.657407	0	0.826603	2
66	718	240	720	239	93	94	0.0277778	0	0.570071	1
67	565	199	561	199	93	94	0.037037	0	0.472684	2
68	272	40	272	40	93	99	0	0	0.0950119	1
69	516	209	520	207	93	95	0.0740741	0	0.496437	1
70	349	95	346	95	93	96	0.0277778	0	0.225653	2
71	781	237	741	238	94	107	0.37963	0	0.562945	2
72	558	215	555	215	94	95	0.0277778	0	0.510689	2
73	668	227	669	226	94	96	0.0185185	0	0.539192	1
74	763	230	755	226	94	96	0.222222	0	0.546318	2
75	724	240	727	239	95	96	0.037037	0	0.570071	1
76	586	317	564	314	95	101	0.287037	0	0.752969	2
77	546	182	543	181	95	96	0.037037	0	0.432304	2
78	594	207	592	211	95	104	0.166667	0	0.491686	2
79	202	36	202	36	95	120	0	0	0.0855107	1
80	522	170	520	164	95	104	0.351852	0	0.4038	2
81	212	38	211	37	95	100	0.0185185	0	0.0902613	2
82	232	51	231	51	95	100	0.00925926	0	0.12114	2
83	354	245	362	245	95	101	0.0740741	0	0.581948	1
84	558	89	555	88	95	96	0.037037	0	0.211401	2
85	593	242	593	246	95	107	0.148148	0	0.574822	1
86	604	233	603	233	95	97	0.00925926	0	0.553444	2
87	550	202	548	201	96	97	0.0277778	0	0.47981	2
88	536	194	535	192	96	97	0.0462963	0	0.460808	2
89	532	184	531	182	96	97	0.0462963	0	0.437055	2
90	722	222	723	223	96	98	0.0185185	0	0.527316	1
91	664	219	666	216	97	99	0.101852	0	0.52019	1
92	553	89	550	89	97	98	0.0277778	0	0.211401	2
93	230	34	227	34	97	104	0.0277778	0	0.0807601	2
94	166	40	166	40	97	104	0	0	0.0950119	1
95	541	182	538	181	97	98	0.037037	0	0.432304	2
96	519	222	532	221	97	101	0.12963	0	0.527316	1
97	245	34	244	33	97	111	0.0185185	0	0.0807601	2
98	634	386	608	384	97	100	0.277778	0	0.916865	2
99	154	44	154	44	97	120	0	0	0.104513	1
100	761	218	753	219	97	99	0.0833333	0	0.517815	2
101	538	92	537	91	97	98	0.0185185	0	0.218527	2
102	717	172	721	171	98	102	0.0462963	0	0.408551	1
103	548	201	547	199	98	99	0.0462963	0	0.477435	2
104	528	185	524	183	98	100	0.0740741	0	0.43943	2
105	600	395	599	395	98	100	0.00925926	0	0.938242	2
106	564	236	561	235	98	99	0.037037	0	0.56057	2
107	721	237	720	237	98	99	0.00925926	0	0.562945	2
108	548	183	547	183	98	99	0.00925926	0	0.434679	2
109	721	182	722	182	98	99	0.00925926	0	0.432304	1
110	754	199	739	190	98	120	0.888889	0	0.472684	2
111	546	89	542	88	99	100	0.0462963	0	0.211401	2
112	338	96	336	95	99	100	0.0277778	0	0.228029	2
113	164	370	162	369	99	101	0.0277778	0	0.87886	2
114	601	239	601	240	99	102	0.00925926	0	0.567696	1
115	187	38	186	38	99	102	0.00925926	0	0.0902613	2
116	668	216	672	213	100	104	0.12037	0	0.513064	1
117	545	197	544	195	100	101	0.0462963	0	0.467933	2
118	271	37	272	37	100	112	0.00925926	0	0.087886	1
119	173	368	169	365	100	102	0.12037	0	0.874109	2
120	326	130	324	130	100	101	0.0185185	0	0.308789	2
121	755	228	738	230	100	106	0.194444	0	0.541568	2
122	543	170	543	169	100	101	0.00925926	0	0.4038	1
123	546	182	544	181	100	101	0.0277778	0	0.432304	2
124	723	183	724	182	100	102	0.0185185	0	0.434679	1
125	411	212	428	213	100	109	0.166667	0	0.503563	1
126	540	88	533	87	101	103	0.0740741	0	0.209026	2
127	526	183	521	179	101	104	0.194444	0	0.434679	2
128	334	188	341	188	101	105	0.0648148	0	0.446556	1
129	231	50	230	49	101	106	0.0185185	0	0.118765	2
130	109	246	107	246	101	104	0.0185185	0	0.584323	2
131	212	37	212	37	101	112	0	0	0.087886	1
132	330	91	328	91	101	102	0.0185185	0	0.216152	2
133	670	230	673	227	101	106	0.111111	0	0.546318	1
134	673	261	674	261	101	109	0.00925926	0	0.619952	1
135	220	73	221	73	102	120	0.00925926	0	0.173397	1
136	560	316	527	310	102	110	0.638889	0	0.750594	2
137	544	168	543	165	102	104	0.0925926	0	0.39905	2
138	366	246	378	243	102	107	0.194444	0	0.584323	1
139	548	186	547	185	102	103	0.0185185	0	0.441805	2
140	599	396	598	394	102	104	0.0462963	0	0.940618	2
141	723	198	723	199	102	103	0.00925926	0	0.470309	1
142	525	198	519	195	102	106	0.138889	0	0.470309	2
143	337	208	337	208	103	104	0	0	0.494062	1
144	89	246	87	246	103	109	0.0185185	0	0.584323	2
145	384	41	386	41	103	120	0.0185185	0	0.0973872	1
146	345	44	347	44	103	120	0.0185185	0	0.104513	1
147	575	357	572	355	103	104	0.0648148	0	0.847981	2
148	722	170	725	167	103	113	0.111111	0	0.4038	1
149	167	340	165	339	103	104	0.0277778	0	0.807601	2
150	182	149	179	147	103	113	0.0648148	0	0.353919	2
151	725	182	726	180	103	109	0.0462963	0	0.432304	1
152	629	191	615	191	103	108	0.12963	0	0.453682	2
153	727	206	727	205	104	106	0.00925926	0	0.489311	1
154	322	128	321	128	104	110	0.00925926	0	0.304038	2
155	729	196	728	195	104	105	0.0185185	0	0.465558	2
156	550	179	547	178	104	106	0.037037	0	0.425178	2
157	731	231	729	231	104	105	0.0185185	0	0.548694	2
158	552	189	551	188	104	105	0.0185185	0	0.448931	2
159	368	294	369	293	104	106	0.0185185	0	0.698337	1
160	590	210	588	211	105	106	0.0277778	0	0.498812	2
161	674	212	682	210	105	117	0.111111	0	0.503563	1
162	527	176	524	174	105	107	0.0648148	0	0.418052	2
163	311	90	311	89	105	106	0.00925926	0	0.213777	1
164	542	166	530	164	105	115	0.148148	0	0.394299	2
165	110	249	109	249	105	106	0.00925926	0	0.591449	2
166	167	38	168	38	105	119	0.00925926	0	0.0902613	1
167	517	178	514	176	105	107	0.0648148	0	0.422803	2
168	602	241	602	240	105	108	0.00925926	0	0.572447	1
169	187	160	187	160	105	113	0	0	0.380048	1
170	226	35	225	34	105	109	0.0185185	0	0.0831354	2
171	569	356	557	357	105	107	0.12037	0	0.845606	2
172	533	205	532	204	105	106	0.0185185	0	0.486936	2
173	598	215	596	214	106	109	0.0277778	0	0.510689	2
174	114	281	114	280	106	114	0.00925926	0	0.667458	1
175	342	188	350	186	106	112	0.111111	0	0.446556	1
176	728	231	727	229	106	108	0.0462963	0	0.548694	2
177	610	253	614	252	107	120	0.0462963	0	0.60095	1
178	231	49	232	49	107	118	0.00925926	0	0.11639	1
179	310	96	308	95	107	108	0.0277778	0	0.228029	2
180	726	204	726	203	107	108	0.00925926	0	0.484561	1
181	680	221	685	220	107	117	0.0555556	0	0.524941	1
182	545	175	542	175	107	109	0.0277778	0	0.415677	2
183	559	372	551	372	107	108	0.0740741	0	0.88361	2
184	560	306	561	307	107	120	0.0185185	0	0.726841	1
185	521	90	512	89	107	111	0.0925926	0	0.213777	2
186	737	221	736	220	107	108	0.0185185	0	0.524941	2
187	535	41	536	41	107	113	0.00925926	0	0.0973872	1
188	726	194	725	193	107	108	0.0185185	0	0.460808	2
189	667	221	674	221	107	115	0.0648148	0	0.524941	1
190	523	173	521	171	108	110	0.0555556	0	0.410926	2
191	618	154	610	151	108	116	0.157407	0	0.365796	2
192	738	238	736	236	108	109	0.0555556	0	0.565321	2
193	536	195	534	195	108	109	0.0185185	0	0.463183	2
194	107	252	107	252	108	111	0	0	0.598575	1
195	168	306	167	306	108	110	0.00925926	0	0.726841	2
196	376	245	384	249	108	112	0.222222	0	0.581948	1
197	520	188	516	186	108	110	0.0740741	0	0.446556	2
198	94	289	94	290	109	117	0.00925926	0	0.686461	1
199	91	256	87	257	109	120	0.0462963	0	0.608076	2
200	726	195	725	193	109	110	0.0462963	0	0.463183	2
201	648	307	649	307	109	120	0.00925926	0	0.729216	1
202	148	369	128	368	109	120	0.194444	0	0.876485	2
203	378	271	379	272	109	110	0.0185185	0	0.643705	1
204	108	218	104	218	109	112	0.037037	0	0.517815	2
205	436	56	436	56	109	120	0	0	0.133017	1
206	538	92	538	92	109	120	0	0	0.218527	1
207	733	210	732	207	109	111	0.0925926	0	0.498812	2
208	734	233	732	232	110	111	0.0277778	0	0.553444	2
209	595	215	597	216	110	112	0.0277778	0	0.510689	1
210	157	365	141	361	110	119	0.296296	0	0.866983	2
211	86	246	81	248	110	119	0.0833333	0	0.584323	2
212	154	321	143	319	110	116	0.138889	0	0.76247	2
213	226	35	228	35	110	120	0.0185185	0	0.0831354	1
214	674	262	674	262	110	112	0	0	0.622328	1
215	535	237	527	240	110	114	0.157407	0	0.562945	2
216	540	176	538	176	110	111	0.0185185	0	0.418052	2
217	522	152	522	150	110	113	0.037037	0	0.361045	1
218	132	45	132	45	111	120	0	0	0.106888	1
219	520	169	518	168	111	112	0.0277778	0	0.401425	2
220	362	154	362	153	111	112	0.00925926	0	0.365796	1
221	552	203	552	201	111	112	0.037037	0	0.482185	1
222	335	49	335	49	111	120	0	0	0.11639	1
223	322	129	322	129	111	120	0	0	0.306413	1
224	317	88	317	88	111	120	0	0	0.209026	1
225	302	90	297	90	111	113	0.0462963	0	0.213777	2
226	541	215	537	216	111	113	0.0462963	0	0.510689	2
227	507	183	504	184	111	113	0.037037	0	0.434679	2
228	247	33	247	33	112	119	0	0	0.0783848	1
229	510	90	498	88	112	118	0.148148	0	0.213777	2
230	732	231	731	230	112	113	0.0185185	0	0.548694	2
231	548	389	545	386	112	113	0.111111	0	0.92399	2
232	524	308	520	307	112	113	0.0462963	0	0.731591	2
233	536	318	521	317	112	116	0.148148	0	0.755344	2
234	189	169	189	169	112	115	0	0	0.401425	1
235	728	177	728	176	112	114	0.00925926	0	0.420428	1
236	517	168	515	166	113	115	0.0555556	0	0.39905	2
237	387	251	397	253	113	117	0.12963	0	0.5962	1
238	553	202	544	202	113	117	0.0833333	0	0.47981	2
239	270	35	269	35	113	120	0.00925926	0	0.0831354	2
240	600	216	604	215	113	117	0.0462963	0	0.513064	1
241	675	262	675	262	113	115	0	0	0.622328	1
242	735	218	734	217	113	115	0.0185185	0	0.517815	2
243	273	45	273	45	113	120	0	0	0.106888	1
244	540	384	528	381	114	116	0.194444	0	0.912114	2
245	428	216	426	216	114	116	0.0185185	0	0.513064	2
246	514	305	510	304	114	115	0.0462963	0	0.724466	2
247	731	230	730	229	114	116	0.0185185	0	0.546318	2
248	353	188	354	188	114	115	0.00925926	0	0.446556	1
249	535	218	532	219	114	116	0.037037	0	0.517815	2
250	526	175	524	174	114	116	0.0277778	0	0.415677	2
251	529	195	526	195	114	115	0.0277778	0	0.463183	2
252	522	377	520	379	114	115	0.0555556	0	0.895487	2
253	296	90	293	90	114	115	0.0277778	0	0.213777	2
254	721	236	719	235	114	117	0.0277778	0	0.56057	2
255	510	347	499	348	114	117	0.111111	0	0.824228	2
256	387	306	386	306	114	120	0.00925926	0	0.726841	2
257	112	282	109	282	115	116	0.0277778	0	0.669834	2
258	307	91	304	90	115	116	0.037037	0	0.216152	2
259	527	242	525	242	115	116	0.0185185	0	0.574822	2
260	508	305	494	305	116	120	0.12963	0	0.724466	2
261	510	170	509	169	116	117	0.0185185	0	0.4038	2
262	529	164	527	163	116	117	0.0277778	0	0.389549	2
263	684	262	687	261	116	120	0.037037	0	0.622328	1
264	547	241	536	240	116	119	0.111111	0	0.572447	2
265	291	93	284	91	116	119	0.101852	0	0.220903	2
266	173	196	172	195	116	120	0.0185185	0	0.465558	2
267	101	218	99	217	116	117	0.0277778	0	0.517815	2
268	527	196	525	195	116	117	0.0277778	0	0.465558	2
269	426	216	425	216	117	120	0.00925926	0	0.513064	2
270	730	229	730	229	117	119	0	0	0.543943	1
271	101	250	98	250	117	120	0.0277778	0	0.593824	2
272	403	304	403	304	117	120	0	0	0.72209	1
273	297	41	296	41	117	120	0.00925926	0	0.0973872	2
274	610	173	606	172	117	120	0.0462963	0	0.410926	2
275	494	390	493	389	117	119	0.0185185	0	0.926366	2
276	600	171	598	170	117	119	0.0277778	0	0.406176	2
277	585	216	587	219	117	120	0.101852	0	0.513064	1
278	588	255	589	257	117	120	0.0462963	0	0.605701	1
279	129	316	124	314	117	120	0.0833333	0	0.750594	2
280	514	165	512	164	118	119	0.0277778	0	0.391924	2
281	399	253	402	251	118	120	0.0648148	0	0.60095	1
282	684	211	684	210	118	120	0.00925926	0	0.501188	1
283	496	350	493	351	118	119	0.037037	0	0.831354	2
284	514	312	513	313	118	119	0.0185185	0	0.741093	2
285	167	74	166	74	118	120	0.00925926	0	0.175772	2
286	536	216	534	215	118	119	0.0277778	0	0.513064	2
287	531	168	529	166	118	120	0.0555556	0	0.39905	2
288	744	209	743	209	118	120	0.00925926	0	0.496437	2
289	731	181	731	180	118	119	0.00925926	0	0.429929	1
290	526	196	525	195	118	119	0.0185185	0	0.465558	2
291	95	291	94	291	118	120	0.00925926	0	0.691211	2
292	233	50	233	49	119	120	0.00925926	0	0.118765	1
293	496	88	494	88	119	120	0.0185185	0	0.209026	2
294	603	216	603	216	119	120	0	0	0.513064	1
295	486	364	481	361	119	120	0.12963	0	0.864608	2