
0	557	192	558	191	152	154	0.00913242	0	0.421978	1
1	356	223	355	222	152	153	0.00913242	0	0.49011	2
2	99	449	98	449	153	154	0.00456621	0	0.986813	2
3	367	247	368	252	153	172	0.118721	0	0.542857	1
4	478	226	479	226	153	157	0.00456621	0	0.496703	1
5	356	223	359	224	154	160	0.0182648	0	0.49011	1
6	561	220	561	219	154	156	0.00456621	0	0.483516	1
7	561	209	561	208	154	157	0.00456621	0	0.459341	1
8	516	227	515	226	155	156	0.00913242	0	0.498901	2
9	574	202	574	202	155	158	0	0	0.443956	1
10	564	190	564	190	155	156	0	0	0.417582	1
11	512	215	511	213	155	156	0.0228311	0	0.472527	2
12	591	195	592	195	155	160	0.00456621	0	0.428571	1
13	542	190	541	194	155	161	0.0776256	0	0.417582	2
14	602	248	602	247	156	158	0.00456621	0	0.545055	1
15	677	24	686	27	156	190	0.0821918	0	0.0527473	1
16	697	24	700	25	156	164	0.0182648	0	0.0527473	1
17	497	210	497	210	156	158	0	0	0.461538	1
18	561	219	560	218	157	158	0.00913242	0	0.481319	2
19	44	318	43	318	157	158	0.00456621	0	0.698901	2
20	359	213	362	212	157	162	0.0182648	0	0.468132	1
21	680	212	679	212	157	158	0.00456621	0	0.465934	2
22	514	226	512	226	157	159	0.00913242	0	0.496703	2
23	531	261	531	260	157	158	0.00456621	0	0.573626	1
24	641	194	639	194	157	159	0.00913242	0	0.426374	2
25	513	210	512	208	158	159	0.0228311	0	0.461538	2
26	564	194	564	193	158	160	0.00456621	0	0.426374	1
27	528	212	528	212	158	159	0	0	0.465934	1
28	528	200	527	200	158	160	0.00456621	0	0.43956	2
29	529	222	529	221	158	159	0.00456621	0	0.487912	1
30	30	327	30	327	159	160	0	0	0.718681	1
31	593	241	589	238	159	161	0.0593607	0	0.52967	2
32	565	217	563	216	159	160	0.0136986	0	0.476923	2
33	498	210	499	208	159	163	0.0228311	0	0.461538	1
34	566	204	566	204	159	160	0	0	0.448352	1
35	659	189	655	186	159	161	0.0593607	0	0.415385	2
36	449	186	462	187	159	168	0.0639269	0	0.408791	1
37	157	308	169	314	159	175	0.219178	0	0.676923	1
38	489	199	490	197	159	163	0.0228311	0	0.437363	1
39	520	219	517	217	160	162	0.0319635	0	0.481319	2
40	513	208	512	207	160	161	0.00913242	0	0.457143	2
41	582	186	582	185	160	161	0.00456621	0	0.408791	1
42	618	203	617	202	160	161	0.00913242	0	0.446154	2
43	41	301	44	309	160	165	0.305936	0	0.661538	1
44	552	206	551	205	160	162	0.00913242	0	0.452747	2
45	530	211	530	211	160	161	0	0	0.463736	1
46	534	261	533	260	160	162	0.00913242	0	0.573626	2
47	756	274	764	276	160	190	0.0547945	0	0.602198	1
48	473	235	473	235	161	162	0	0	0.516484	1
49	46	292	45	295	161	164	0.0456621	0	0.641758	2
50	826	47	826	47	161	163	0	0	0.103297	1
51	565	196	567	196	161	163	0.00913242	0	0.430769	1
52	596	186	597	183	161	164	0.0456621	0	0.408791	1
53	360	224	361	224	161	162	0.00456621	0	0.492308	1
54	42	323	46	322	161	163	0.0228311	0	0.70989	1
55	526	200	525	200	161	163	0.00456621	0	0.43956	2
56	637	195	637	195	161	162	0	0	0.428571	1
57	574	212	573	211	161	162	0.00913242	0	0.465934	2
58	477	200	477	198	162	165	0.0182648	0	0.43956	1
59	579	201	579	201	162	163	0	0	0.441758	1
60	434	212	442	216	162	169	0.109589	0	0.465934	1
61	563	211	561	210	162	164	0.0136986	0	0.463736	2
62	647	201	645	201	162	164	0.00913242	0	0.441758	2
63	538	210	539	210	162	163	0.00456621	0	0.461538	1
64	24	453	25	454	162	178	0.00913242	0	0.995604	1
65	602	202	601	202	162	163	0.00456621	0	0.443956	2
66	181	451	185	452	163	190	0.0228311	0	0.991209	1
67	521	221	519	219	163	164	0.0273973	0	0.485714	2
68	474	235	474	234	163	164	0.00456621	0	0.516484	1
69	664	198	661	197	163	164	0.0182648	0	0.435165	2
70	530	190	539	200	163	172	0.497717	0	0.417582	1
71	582	186	584	188	163	168	0.0273973	0	0.408791	1
72	572	211	571	210	163	164	0.00913242	0	0.463736	2
73	617	201	614	200	163	164	0.0182648	0	0.441758	2
74	628	202	627	201	163	164	0.00913242	0	0.443956	2
75	362	223	364	222	163	166	0.0136986	0	0.49011	1
76	523	211	522	209	163	164	0.0228311	0	0.463736	2
77	550	206	550	203	163	166	0.0410959	0	0.452747	1
78	348	246	350	245	163	165	0.0136986	0	0.540659	1
79	286	455	284	454	163	166	0.0136986	0	1	2
80	530	250	528	249	163	164	0.0136986	0	0.549451	2
81	100	454	102	454	164	171	0.00913242	0	0.997802	1
82	484	225	480	224	164	165	0.0228311	0	0.494505	2
83	499	207	499	206	164	166	0.00456621	0	0.454945	1
84	447	201	452	203	164	167	0.0410959	0	0.441758	1
85	46	323	46	322	164	165	0.00456621	0	0.70989	1
86	197	175	200	175	164	167	0.0136986	0	0.384615	1
87	657	244	657	243	164	166	0.00456621	0	0.536264	1
88	823	36	826	37	164	172	0.0182648	0	0.0791209	1
89	171	448	174	450	164	190	0.0319635	0	0.984615	1
90	48	299	89	305	165	179	0.351598	0	0.657143	1
91	469	230	469	229	165	166	0.00456621	0	0.505495	1
92	521	211	520	210	165	166	0.00913242	0	0.463736	2
93	570	211	567	208	165	167	0.0547945	0	0.463736	2
94	367	235	377	235	165	175	0.0456621	0	0.516484	1
95	598	182	598	180	165	167	0.0182648	0	0.4	1
96	518	221	517	219	165	166	0.0228311	0	0.485714	2
97	560	210	557	207	165	167	0.0547945	0	0.461538	2
98	459	238	460	235	165	167	0.0456621	0	0.523077	1
99	36	338	37	338	165	166	0.00456621	0	0.742857	1
100	524	201	524	202	165	166	0.00456621	0	0.441758	1
101	610	199	606	198	165	166	0.0228311	0	0.437363	2
102	26	338	26	338	165	166	0	0	0.742857	1
103	145	331	149	332	165	182	0.0228311	0	0.727473	1
104	376	209	376	209	165	167	0	0	0.459341	1
105	644	202	643	201	165	166	0.00913242	0	0.443956	2
106	474	209	474	208	165	166	0.00456621	0	0.459341	1
107	701	24	701	24	165	169	0	0	0.0527473	1
108	581	210	580	210	165	166	0.00456621	0	0.461538	2
109	630	202	629	201	165	167	0.00913242	0	0.443956	2
110	479	238	480	237	165	166	0.00913242	0	0.523077	1
111	475	197	476	194	166	169	0.0456621	0	0.432967	1
112	570	197	572	197	166	167	0.00913242	0	0.432967	1
113	166	358	165	357	166	167	0.00913242	0	0.786813	2
114	471	228	471	227	167	168	0.00456621	0	0.501099	1
115	515	212	511	210	167	169	0.0365297	0	0.465934	2
116	24	337	26	337	167	168	0.00913242	0	0.740659	1
117	827	47	826	47	167	168	0.00456621	0	0.103297	2
118	283	455	282	454	167	169	0.00913242	0	1	2
119	644	205	637	204	167	170	0.0365297	0	0.450549	2
120	603	198	599	196	167	168	0.0365297	0	0.435165	2
121	614	197	606	194	167	169	0.0776256	0	0.432967	2
122	525	216	523	215	167	168	0.0136986	0	0.474725	2
123	24	325	26	324	167	168	0.0136986	0	0.714286	1
124	367	223	370	225	167	171	0.0319635	0	0.49011	1
125	656	244	656	243	167	168	0.00456621	0	0.536264	1
126	573	238	571	236	167	168	0.0273973	0	0.523077	2
127	486	210	486	208	167	168	0.0182648	0	0.461538	1
128	47	326	46	326	167	168	0.00456621	0	0.716484	2
129	580	214	580	213	167	168	0.00456621	0	0.47033	1
130	460	250	460	249	168	169	0.00456621	0	0.549451	1
131	559	206	558	204	168	169	0.0228311	0	0.452747	2
132	461	234	461	233	168	169	0.00456621	0	0.514286	1
133	634	193	631	192	168	169	0.0182648	0	0.424176	2
134	203	173	212	174	168	174	0.0456621	0	0.38022	1
135	56	336	57	335	168	169	0.00913242	0	0.738462	1
136	579	203	580	203	168	169	0.00456621	0	0.446154	1
137	472	185	472	185	168	170	0	0	0.406593	1
138	44	338	45	338	168	169	0.00456621	0	0.742857	1
139	486	191	486	191	168	169	0	0	0.41978	1
140	36	316	37	317	168	169	0.00913242	0	0.694505	1
141	376	210	379	209	168	172	0.0182648	0	0.461538	1
142	531	242	530	241	168	169	0.00913242	0	0.531868	2
143	472	227	472	227	169	171	0	0	0.498901	1
144	483	180	484	180	169	171	0.00456621	0	0.395604	1
145	462	280	475	272	169	190	0.351598	0	0.615385	1
146	603	208	601	207	169	170	0.0136986	0	0.457143	2
147	494	177	495	177	169	172	0.00456621	0	0.389011	1
148	474	206	474	205	169	170	0.00456621	0	0.452747	1
149	29	327	32	326	169	170	0.0182648	0	0.718681	1
150	137	303	149	303	169	182	0.0547945	0	0.665934	1
151	482	278	484	276	169	172	0.0273973	0	0.610989	1
152	650	195	646	195	169	170	0.0182648	0	0.428571	2
153	600	181	600	181	170	171	0	0	0.397802	1
154	508	209	504	208	170	171	0.0228311	0	0.459341	2
155	462	232	462	232	170	171	0	0	0.50989	1
156	215	142	218	141	170	173	0.0182648	0	0.312088	1
157	379	200	386	202	170	177	0.0502283	0	0.43956	1
158	629	190	626	190	170	171	0.0136986	0	0.417582	2
159	578	204	579	203	170	171	0.00913242	0	0.448352	1
160	595	195	594	194	170	171	0.00913242	0	0.428571	2
161	530	209	535	210	170	172	0.0273973	0	0.459341	1
162	47	309	52	309	170	172	0.0228311	0	0.679121	1
163	484	231	485	233	170	174	0.0228311	0	0.507692	1
164	464	212	460	211	170	171	0.0228311	0	0.465934	2
165	59	333	60	333	170	172	0.00456621	0	0.731868	1
166	162	321	166	322	170	176	0.0228311	0	0.705495	1
167	532	243	520	238	170	174	0.16895	0	0.534066	2
168	693	25	697	26	170	190	0.0228311	0	0.0549451	1
169	535	225	535	224	170	171	0.00456621	0	0.494505	1
170	451	190	466	189	170	176	0.0730594	0	0.417582	1
171	213	132	219	131	170	176	0.0319635	0	0.29011	1
172	481	193	481	192	171	172	0.00456621	0	0.424176	1
173	514	210	511	208	171	172	0.0319635	0	0.461538	2
174	467	179	477	178	171	175	0.0502283	0	0.393407	1
175	159	358	159	358	171	172	0	0	0.786813	1
176	28	320	32	320	171	190	0.0182648	0	0.703297	1
177	589	182	587	181	171	172	0.0136986	0	0.4	2
178	556	204	555	203	171	172	0.00913242	0	0.448352	2
179	473	216	473	217	171	173	0.00456621	0	0.474725	1
180	635	201	633	202	171	172	0.0136986	0	0.441758	2
181	576	193	575	192	171	173	0.00913242	0	0.424176	2
182	574	223	574	223	172	173	0	0	0.49011	1
183	603	182	603	182	172	173	0	0	0.4	1
184	575	206	576	205	172	173	0.00913242	0	0.452747	1
185	465	235	465	236	172	173	0.00456621	0	0.516484	1
186	485	182	486	182	172	173	0.00456621	0	0.4	1
187	501	207	499	205	172	173	0.0273973	0	0.454945	2
188	24	337	27	337	172	190	0.0136986	0	0.740659	1
189	594	194	594	195	172	173	0.00456621	0	0.426374	1
190	532	220	533	220	172	173	0.00456621	0	0.483516	1
191	522	219	520	223	172	174	0.0821918	0	0.481319	2
192	370	225	373	225	172	175	0.0136986	0	0.494505	1
193	615	179	610	178	172	173	0.0273973	0	0.393407	2
194	478	206	477	204	172	176	0.0228311	0	0.452747	2
195	704	24	707	24	172	190	0.0136986	0	0.0527473	1
196	469	189	471	188	172	173	0.0136986	0	0.415385	1
197	481	192	480	191	173	174	0.00913242	0	0.421978	2
198	461	218	461	219	173	174	0.00456621	0	0.479121	1
199	555	202	554	200	173	175	0.0228311	0	0.443956	2
200	510	207	508	205	173	174	0.0273973	0	0.454945	2
201	41	327	45	326	173	174	0.0228311	0	0.718681	1
202	159	357	160	357	173	177	0.00456621	0	0.784615	1
203	572	233	570	231	173	175	0.0273973	0	0.512088	2
204	37	338	40	338	173	190	0.0136986	0	0.742857	1
205	632	203	623	206	173	177	0.0821918	0	0.446154	2
206	475	229	476	231	173	175	0.0228311	0	0.503297	1
207	64	333	72	333	173	176	0.0365297	0	0.731868	1
208	53	313	62	316	173	176	0.0821918	0	0.687912	1
209	378	211	380	211	173	175	0.00913242	0	0.463736	1
210	483	218	483	218	173	174	0	0	0.479121	1
211	198	443	201	443	173	190	0.0136986	0	0.973626	1
212	376	35	379	35	173	190	0.0136986	0	0.0769231	1
213	358	444	384	449	173	190	0.232877	0	0.975824	1
214	482	263	488	265	173	182	0.0456621	0	0.578022	1
215	215	155	217	154	173	175	0.0136986	0	0.340659	1
216	71	311	77	311	173	175	0.0273973	0	0.683516	1
217	580	191	579	189	174	176	0.0228311	0	0.41978	2
218	52	341	54	340	174	175	0.0136986	0	0.749451	1
219	498	203	496	202	174	175	0.0136986	0	0.446154	2
220	471	216	471	216	174	175	0	0	0.474725	1
221	220	141	231	145	174	182	0.123288	0	0.30989	1
222	532	221	532	220	174	175	0.00456621	0	0.485714	1
223	172	364	174	366	174	178	0.0273973	0	0.8	1
224	592	183	590	182	174	175	0.0136986	0	0.402198	2
225	451	218	446	218	174	175	0.0228311	0	0.479121	2
226	461	256	461	256	174	176	0	0	0.562637	1
227	66	445	62	445	174	177	0.0182648	0	0.978022	2
228	580	203	580	202	175	176	0.00456621	0	0.446154	1
229	544	199	545	192	175	179	0.228311	0	0.437363	1
230	508	206	505	204	175	180	0.0319635	0	0.452747	2
231	466	238	467	238	175	178	0.00456621	0	0.523077	1
232	368	250	369	249	175	176	0.00913242	0	0.549451	1
233	518	234	516	234	175	176	0.00913242	0	0.514286	2
234	461	220	462	221	175	177	0.00913242	0	0.483516	1
235	566	197	567	195	175	176	0.0228311	0	0.432967	1
236	502	241	501	240	175	178	0.00913242	0	0.52967	2
237	219	174	220	174	175	176	0.00456621	0	0.382418	1
238	498	176	499	174	175	177	0.0228311	0	0.386813	1
239	597	197	594	197	175	176	0.0136986	0	0.432967	2
240	491	253	494	251	175	181	0.0319635	0	0.556044	1
241	578	221	579	221	175	176	0.00456621	0	0.485714	1
242	160	301	161	302	175	182	0.00913242	0	0.661538	1
243	590	182	589	181	176	177	0.00913242	0	0.4	2
244	556	202	555	201	176	177	0.00913242	0	0.443956	2
245	374	224	380	225	176	184	0.0319635	0	0.492308	1
246	480	236	480	236	176	177	0	0	0.518681	1
247	497	202	496	200	176	180	0.0228311	0	0.443956	2
248	471	221	471	220	176	177	0.00456621	0	0.485714	1
249	441	219	436	219	176	177	0.0228311	0	0.481319	2
250	569	229	568	228	176	177	0.00913242	0	0.503297	2
251	81	312	84	312	176	177	0.0136986	0	0.685714	1
252	380	234	380	234	176	177	0	0	0.514286	1
253	428	241	424	242	176	179	0.0228311	0	0.52967	2
254	540	229	532	229	176	184	0.0365297	0	0.503297	2
255	72	345	71	348	176	177	0.0456621	0	0.758242	2
256	382	212	385	214	176	179	0.0319635	0	0.465934	1
257	506	252	505	250	176	180	0.0228311	0	0.553846	2
258	210	176	225	175	176	188	0.0730594	0	0.386813	1
259	225	173	232	175	177	182	0.0502283	0	0.38022	1
260	167	318	169	320	177	179	0.0273973	0	0.698901	1
261	461	251	459	249	177	178	0.0273973	0	0.551648	2
262	62	337	63	336	177	178	0.00913242	0	0.740659	1
263	476	202	475	200	177	179	0.0228311	0	0.443956	2
264	62	360	63	360	177	180	0.00456621	0	0.791209	1
265	547	217	545	217	177	179	0.00913242	0	0.476923	2
266	449	237	439	239	177	179	0.0639269	0	0.520879	2
267	543	205	544	201	177	181	0.0776256	0	0.450549	1
268	220	130	225	132	177	181	0.0410959	0	0.285714	1
269	369	253	370	253	177	184	0.00456621	0	0.556044	1
270	71	350	72	352	178	180	0.0228311	0	0.769231	1
271	579	225	578	226	178	180	0.00913242	0	0.494505	2
272	381	238	387	230	178	190	0.319635	0	0.523077	1
273	433	219	410	205	178	186	1	0	0.481319	2
274	482	236	482	235	178	179	0.00456621	0	0.518681	1
275	476	189	475	188	178	179	0.00913242	0	0.415385	2
276	88	314	92	315	178	179	0.0228311	0	0.69011	1
277	555	202	554	201	178	179	0.00913242	0	0.443956	2
278	515	228	514	227	178	179	0.00913242	0	0.501099	2
279	602	181	600	180	178	179	0.0136986	0	0.397802	2
280	386	204	391	204	178	182	0.0228311	0	0.448352	1
281	570	205	572	205	178	179	0.00913242	0	0.450549	1
282	620	201	613	202	178	181	0.0365297	0	0.441758	2
283	608	193	605	194	178	179	0.0182648	0	0.424176	2
284	512	240	509	239	178	181	0.0182648	0	0.527473	2
285	424	24	425	24	178	186	0.00456621	0	0.0527473	1
286	489	180	492	181	179	180	0.0182648	0	0.395604	1
287	66	335	81	333	179	183	0.086758	0	0.736264	1
288	458	248	455	246	179	180	0.0319635	0	0.545055	2
289	180	363	181	362	179	180	0.00913242	0	0.797802	1
290	101	333	101	332	179	180	0.00456621	0	0.731868	1
291	500	240	498	239	179	180	0.0136986	0	0.527473	2
292	500	175	502	176	179	181	0.0136986	0	0.384615	1
293	427	207	419	200	179	183	0.260274	0	0.454945	2
294	57	450	55	451	180	183	0.0136986	0	0.989011	2
295	546	191	545	189	180	182	0.0228311	0	0.41978	2
296	472	192	466	191	180	190	0.0319635	0	0.421978	2
297	590	196	589	194	180	181	0.0228311	0	0.430769	2
298	483	236	485	227	180	186	0.378995	0	0.518681	1
299	599	181	597	181	180	181	0.00913242	0	0.397802	2
300	96	307	126	310	180	186	0.178082	0	0.674725	1
301	105	455	106	454	180	190	0.00913242	0	1	1
302	556	200	555	198	180	182	0.0228311	0	0.43956	2
303	564	214	563	214	180	181	0.00456621	0	0.47033	2
304	603	191	600	191	180	181	0.0136986	0	0.41978	2
305	517	227	519	227	180	184	0.00913242	0	0.498901	1
306	490	225	489	224	180	181	0.00913242	0	0.494505	2
307	387	217	388	216	180	182	0.00913242	0	0.476923	1
308	91	348	109	351	180	184	0.123288	0	0.764835	1
309	233	32	233	31	180	190	0.00456621	0	0.0703297	1
310	482	184	483	184	180	182	0.00456621	0	0.404396	1
311	574	187	573	188	180	181	0.00913242	0	0.410989	2
312	752	165	752	163	180	190	0.0182648	0	0.362637	1
313	498	205	497	206	181	183	0.00913242	0	0.450549	2
314	74	351	78	349	181	182	0.0365297	0	0.771429	1
315	182	363	183	362	181	184	0.00913242	0	0.797802	1
316	466	234	464	234	181	182	0.00913242	0	0.514286	2
317	172	368	173	367	181	182	0.00913242	0	0.808791	1
318	508	205	507	203	181	182	0.0228311	0	0.450549	2
319	454	243	449	242	181	190	0.0273973	0	0.534066	2
320	486	207	485	206	181	182	0.00913242	0	0.454945	2
321	476	201	474	199	181	184	0.0273973	0	0.441758	2
322	504	169	502	170	182	186	0.0136986	0	0.371429	2
323	596	181	594	180	182	183	0.0136986	0	0.397802	2
324	474	233	475	231	182	183	0.0228311	0	0.512088	1
325	503	250	498	251	182	183	0.0273973	0	0.549451	2
326	228	135	234	139	182	190	0.100457	0	0.296703	1
327	545	200	543	200	182	185	0.00913242	0	0.43956	2
328	231	160	233	162	182	184	0.0273973	0	0.351648	1
329	80	455	80	454	182	190	0.00456621	0	1	1
330	509	240	510	241	182	185	0.00913242	0	0.527473	1
331	367	228	369	226	182	185	0.0273973	0	0.501099	1
332	117	310	127	307	182	184	0.086758	0	0.681319	1
333	100	365	103	367	182	183	0.0319635	0	0.802198	1
334	531	200	530	200	182	184	0.00456621	0	0.43956	2
335	393	208	392	205	183	184	0.0456621	0	0.457143	2
336	546	189	545	189	183	184	0.00456621	0	0.415385	2
337	580	225	579	223	183	184	0.0228311	0	0.494505	2
338	233	146	237	149	183	188	0.0593607	0	0.320879	1
339	463	234	458	233	183	188	0.0273973	0	0.514286	2
340	467	246	467	245	183	185	0.00456621	0	0.540659	1
341	84	344	90	342	183	184	0.0456621	0	0.756044	1
342	607	206	605	205	183	184	0.0136986	0	0.452747	2
343	394	226	395	215	183	186	0.557078	0	0.496703	1
344	559	173	539	173	183	186	0.0913242	0	0.38022	2
345	146	329	138	323	183	185	0.200913	0	0.723077	2
346	499	231	499	230	183	184	0.00456621	0	0.507692	1
347	782	272	781	271	183	190	0.00913242	0	0.597802	2
348	493	277	495	268	183	188	0.378995	0	0.608791	1
349	223	146	225	148	183	185	0.0273973	0	0.320879	1
350	37	113	37	112	183	190	0.00456621	0	0.248352	1
351	497	207	497	211	184	188	0.0730594	0	0.454945	1
352	474	230	474	226	184	186	0.0730594	0	0.505495	1
353	495	191	495	191	184	185	0	0	0.41978	1
354	592	180	587	178	184	186	0.0410959	0	0.395604	2
355	178	372	180	375	184	187	0.0502283	0	0.817582	1
356	70	452	70	451	184	188	0.00456621	0	0.993407	1
357	104	369	104	368	184	186	0.00456621	0	0.810989	1
358	505	189	508	190	184	185	0.0182648	0	0.415385	1
359	417	199	402	191	184	189	0.360731	0	0.437363	2
360	88	332	88	331	184	190	0.00456621	0	0.72967	1
361	71	442	70	441	184	190	0.00913242	0	0.971429	2
362	172	362	171	361	184	186	0.00913242	0	0.795604	2
363	392	203	392	201	185	186	0.0182648	0	0.446154	1
364	55	451	51	449	185	187	0.0365297	0	0.991209	2
365	570	191	566	191	185	186	0.0182648	0	0.41978	2
366	581	221	579	219	185	186	0.0273973	0	0.485714	2
367	495	223	495	223	185	186	0	0	0.49011	1
368	520	228	523	228	185	187	0.0136986	0	0.501099	1
369	572	206	570	206	185	186	0.00913242	0	0.452747	2
370	589	206	587	205	185	186	0.0136986	0	0.452747	2
371	604	207	600	203	185	188	0.0913242	0	0.454945	2
372	414	245	412	245	185	186	0.00913242	0	0.538462	2
373	108	319	120	318	185	188	0.0593607	0	0.701099	1
374	629	240	612	235	185	189	0.191781	0	0.527473	2
375	591	216	590	215	185	186	0.00913242	0	0.474725	2
376	491	264	490	257	185	190	0.228311	0	0.58022	2
377	547	193	546	194	186	187	0.00913242	0	0.424176	2
378	368	232	368	233	186	189	0.00456621	0	0.50989	1
379	99	338	103	337	186	187	0.0228311	0	0.742857	1
380	585	190	582	189	186	187	0.0182648	0	0.417582	2
381	513	242	512	244	186	189	0.0228311	0	0.531868	2
382	511	188	513	188	186	187	0.00913242	0	0.413187	1
383	477	200	475	200	186	188	0.00913242	0	0.43956	2
384	115	357	128	362	186	190	0.173516	0	0.784615	1
385	238	162	237	163	186	187	0.00913242	0	0.356044	2
386	130	310	132	309	187	188	0.0136986	0	0.681319	1
387	575	219	571	218	187	188	0.0228311	0	0.481319	2
388	564	192	561	193	187	188	0.0182648	0	0.421978	2
389	486	227	484	225	187	190	0.0273973	0	0.498901	2
390	501	171	499	170	187	188	0.0136986	0	0.375824	2
391	474	226	472	225	187	190	0.0136986	0	0.496703	2
392	470	242	468	242	187	190	0.00913242	0	0.531868	2
393	531	174	512	173	187	190	0.0913242	0	0.382418	2
394	136	321	137	320	187	188	0.00913242	0	0.705495	1
395	496	222	497	222	187	189	0.00456621	0	0.487912	1
396	472	212	469	211	187	190	0.0182648	0	0.465934	2
397	824	60	824	59	187	190	0.00456621	0	0.131868	1
398	586	178	580	177	187	189	0.0319635	0	0.391209	2
399	173	364	171	364	187	190	0.00913242	0	0.8	2
400	486	217	485	216	187	188	0.00913242	0	0.476923	2
401	547	195	546	195	188	189	0.00456621	0	0.428571	2
402	111	355	114	356	188	189	0.0182648	0	0.78022	1
403	50	450	45	449	188	190	0.0273973	0	0.989011	2
404	103	332	102	332	188	190	0.00456621	0	0.72967	2
405	180	374	179	374	188	190	0.00456621	0	0.821978	2
406	571	185	569	185	188	189	0.00913242	0	0.406593	2
407	525	229	528	228	188	190	0.0182648	0	0.503297	1
408	533	195	527	194	188	189	0.0319635	0	0.428571	2
409	184	358	183	357	188	190	0.00913242	0	0.786813	2
410	499	233	498	233	188	189	0.00456621	0	0.512088	2
411	586	211	584	209	188	189	0.0273973	0	0.463736	2
412	134	307	134	307	189	190	0	0	0.674725	1
413	237	150	237	150	189	190	0	0	0.32967	1
414	568	219	567	221	189	190	0.0228311	0	0.481319	2
415	499	207	500	207	189	190	0.00456621	0	0.454945	1
416	560	196	559	198	189	190	0.0228311	0	0.430769	2
417	391	197	391	195	189	190	0.0182648	0	0.432967	1
418	459	232	458	232	189	190	0.00456621	0	0.50989	2
419	508	195	508	195	189	190	0	0	0.428571	1
420	405	202	403	200	189	190	0.0273973	0	0.443956	2
421	510	219	510	218	189	190	0.00456621	0	0.481319	1
422	569	208	567	209	189	190	0.0136986	0	0.457143	2
423	583	187	580	186	189	190	0.0182648	0	0.410989	2
424	232	179	232	180	189	190	0.00456621	0	0.393407	1
425	590	197	588	196	189	190	0.0136986	0	0.432967	2
426	475	201	474	201	189	190	0.00456621	0	0.441758	2
427	478	185	476	185	189	190	0.00913242	0	0.406593	2
428	512	229	512	229	189	190	0	0	0.503297	1
429	529	215	529	214	189	190	0.00456621	0	0.472527	1