
0	112	377	111	376	42	46	0.0232558	0	0.828571	2
1	376	455	375	454	43	55	0.0232558	0	1	2
2	807	150	806	149	44	45	0.0232558	0	0.32967	2
3	819	153	812	151	45	50	0.127907	0	0.336264	2
4	552	198	552	193	45	49	0.290698	0	0.435165	1
5	573	197	572	197	45	46	0.0116279	0	0.432967	2
6	620	211	620	210	45	46	0.0116279	0	0.463736	1
7	451	417	457	414	45	48	0.174419	0	0.916484	1
8	458	430	457	430	45	46	0.0116279	0	0.945055	2
9	806	152	802	151	46	49	0.0581395	0	0.334066	2
10	469	454	469	454	46	56	0	0	0.997802	1
11	621	209	622	207	47	48	0.0581395	0	0.459341	1
12	441	436	441	435	47	52	0.0116279	0	0.958242	1
13	523	202	523	201	47	48	0.0116279	0	0.443956	1
14	113	377	113	377	47	50	0	0	0.828571	1
15	100	371	99	371	47	50	0.0116279	0	0.815385	2
16	573	199	573	200	47	48	0.0116279	0	0.437363	1
17	489	215	487	213	47	48	0.0697674	0	0.472527	2
18	453	208	455	206	48	50	0.0697674	0	0.457143	1
19	488	213	486	211	49	50	0.0697674	0	0.468132	2
20	625	207	627	205	49	51	0.0697674	0	0.454945	1
21	213	388	211	386	49	56	0.0697674	0	0.852747	2
22	112	367	108	365	49	53	0.0930233	0	0.806593	2
23	460	412	469	408	49	56	0.290698	0	0.905495	1
24	398	424	396	423	49	55	0.0348837	0	0.931868	2
25	800	151	797	151	50	52	0.0348837	0	0.331868	2
26	553	193	552	192	50	51	0.0232558	0	0.424176	2
27	203	38	203	38	50	80	0	0	0.0835165	1
28	168	392	165	391	50	59	0.0465116	0	0.861538	2
29	456	204	457	202	51	52	0.0581395	0	0.448352	1
30	485	211	483	210	51	52	0.0348837	0	0.463736	2
31	579	199	580	198	51	52	0.0232558	0	0.437363	1
32	114	376	112	376	51	56	0.0232558	0	0.826374	2
33	100	365	97	364	51	54	0.0465116	0	0.802198	2
34	808	152	803	152	52	54	0.0581395	0	0.334066	2
35	629	205	630	204	52	53	0.0232558	0	0.450549	1
36	467	181	486	182	52	71	0.232558	0	0.397802	1
37	222	306	217	306	52	54	0.0581395	0	0.672527	2
38	117	400	116	400	52	55	0.0116279	0	0.879121	2
39	795	153	792	152	53	54	0.0465116	0	0.336264	2
40	459	202	463	200	53	56	0.0930233	0	0.443956	1
41	481	210	479	209	53	54	0.0348837	0	0.461538	2
42	632	205	633	204	54	55	0.0232558	0	0.450549	1
43	217	285	212	284	54	56	0.0697674	0	0.626374	2
44	605	175	605	175	54	55	0	0	0.384615	1
45	790	151	782	150	55	58	0.104651	0	0.331868	2
46	800	152	739	147	55	78	1	0	0.334066	2
47	90	364	89	364	55	59	0.0116279	0	0.8	2
48	591	183	591	183	55	56	0	0	0.402198	1
49	80	86	80	86	55	80	0	0	0.189011	1
50	227	301	222	301	55	57	0.0581395	0	0.661538	2
51	103	373	97	372	55	72	0.0813953	0	0.81978	2
52	83	73	84	73	56	80	0.0116279	0	0.16044	1
53	636	203	636	202	56	57	0.0116279	0	0.446154	1
54	523	198	522	197	56	57	0.0232558	0	0.435165	2
55	114	401	114	401	56	59	0	0	0.881319	1
56	618	203	616	203	56	57	0.0232558	0	0.446154	2
57	547	192	546	192	56	57	0.0116279	0	0.421978	2
58	399	409	400	409	57	80	0.0116279	0	0.898901	1
59	211	386	209	384	57	65	0.0697674	0	0.848352	2
60	97	383	91	383	57	80	0.0697674	0	0.841758	2
61	195	417	190	417	57	75	0.0581395	0	0.916484	2
62	465	200	466	199	57	58	0.0232558	0	0.43956	1
63	466	455	465	454	57	62	0.0232558	0	1	2
64	533	455	532	454	57	61	0.0232558	0	1	2
65	252	437	251	436	57	64	0.0232558	0	0.96044	2
66	453	230	456	229	57	58	0.0465116	0	0.505495	1
67	117	376	118	377	57	80	0.0232558	0	0.826374	1
68	478	436	478	436	58	59	0	0	0.958242	1
69	222	308	217	308	58	60	0.0581395	0	0.676923	2
70	547	192	547	191	58	62	0.0116279	0	0.421978	1
71	636	202	636	201	58	59	0.0116279	0	0.443956	1
72	517	196	516	195	58	59	0.0232558	0	0.430769	2
73	478	210	477	209	58	59	0.0232558	0	0.461538	2
74	488	224	489	223	58	59	0.0232558	0	0.492308	1
75	476	424	477	423	58	59	0.0232558	0	0.931868	1
76	206	414	205	412	58	67	0.0581395	0	0.90989	2
77	465	429	467	429	58	59	0.0232558	0	0.942857	1
78	420	444	420	442	58	61	0.0465116	0	0.975824	1
79	217	411	217	410	59	60	0.0116279	0	0.903297	1
80	591	185	592	184	59	60	0.0232558	0	0.406593	1
81	382	440	383	441	60	80	0.0232558	0	0.967033	1
82	642	199	649	195	60	63	0.267442	0	0.437363	1
83	115	401	117	401	60	73	0.0232558	0	0.881319	1
84	217	420	217	419	60	62	0.0116279	0	0.923077	1
85	478	438	478	437	60	61	0.0116279	0	0.962637	1
86	469	198	470	198	60	61	0.0116279	0	0.435165	1
87	89	363	89	362	60	66	0.0116279	0	0.797802	1
88	214	298	211	298	60	61	0.0348837	0	0.654945	2
89	463	217	465	217	60	61	0.0232558	0	0.476923	1
90	377	451	378	451	60	80	0.0116279	0	0.991209	1
91	464	228	466	227	60	61	0.0348837	0	0.501099	1
92	283	399	289	396	60	74	0.174419	0	0.876923	1
93	227	403	227	403	60	80	0	0	0.885714	1
94	213	308	207	308	61	62	0.0697674	0	0.676923	2
95	217	409	217	409	61	63	0	0	0.898901	1
96	420	443	420	447	62	78	0.186047	0	0.973626	1
97	770	149	766	148	62	63	0.0581395	0	0.327473	2
98	233	423	233	423	62	64	0	0	0.92967	1
99	510	169	508	168	62	63	0.0348837	0	0.371429	2
100	533	455	534	454	62	69	0.0232558	0	1	1
101	385	429	385	430	62	80	0.0116279	0	0.942857	1
102	468	218	471	218	62	64	0.0348837	0	0.479121	1
103	547	192	545	191	63	64	0.0348837	0	0.421978	2
104	610	455	610	454	63	68	0.0116279	0	1	1
105	466	455	466	454	63	65	0.0116279	0	1	1
106	473	441	473	440	63	65	0.0116279	0	0.969231	1
107	374	133	375	133	63	80	0.0116279	0	0.292308	1
108	530	211	530	211	63	64	0	0	0.463736	1
109	509	200	511	199	63	64	0.0348837	0	0.43956	1
110	243	413	243	413	63	74	0	0	0.907692	1
111	649	198	651	196	64	65	0.0697674	0	0.435165	1
112	533	198	533	197	64	65	0.0116279	0	0.435165	1
113	764	148	760	148	64	66	0.0465116	0	0.325275	2
114	367	433	368	432	64	80	0.0232558	0	0.951648	1
115	193	307	190	306	65	66	0.0465116	0	0.674725	2
116	545	191	543	190	65	66	0.0348837	0	0.41978	2
117	183	294	180	294	65	66	0.0348837	0	0.646154	2
118	238	424	238	423	65	67	0.0116279	0	0.931868	1
119	186	278	169	272	65	71	0.616279	0	0.610989	2
120	253	436	253	437	65	80	0.0116279	0	0.958242	1
121	509	224	510	223	65	66	0.0232558	0	0.492308	1
122	498	448	498	448	65	66	0	0	0.984615	1
123	532	197	532	197	66	67	0	0	0.432967	1
124	210	385	208	386	66	78	0.0348837	0	0.846154	2
125	293	387	298	385	66	80	0.104651	0	0.850549	1
126	471	201	471	200	66	67	0.0116279	0	0.441758	1
127	173	385	172	384	66	69	0.0232558	0	0.846154	2
128	757	149	741	148	67	73	0.197674	0	0.327473	2
129	542	191	540	190	67	69	0.0348837	0	0.41978	2
130	399	420	400	420	67	74	0.0116279	0	0.923077	1
131	512	223	515	222	67	68	0.0465116	0	0.49011	1
132	224	420	224	419	67	69	0.0116279	0	0.923077	1
133	69	381	69	382	68	80	0.0116279	0	0.837363	1
134	667	233	666	232	68	69	0.0232558	0	0.512088	2
135	239	424	238	424	68	80	0.0116279	0	0.931868	2
136	205	411	204	411	68	71	0.0116279	0	0.903297	2
137	173	292	169	292	68	69	0.0465116	0	0.641758	2
138	473	199	473	198	68	69	0.0116279	0	0.437363	1
139	479	424	482	423	68	70	0.0465116	0	0.931868	1
140	527	195	529	194	68	69	0.0348837	0	0.428571	1
141	518	191	518	190	69	70	0.0116279	0	0.41978	1
142	520	222	524	221	69	70	0.0581395	0	0.487912	1
143	480	435	480	435	70	71	0	0	0.956044	1
144	540	190	539	189	70	71	0.0232558	0	0.417582	2
145	473	203	472	201	70	72	0.0581395	0	0.446154	2
146	756	138	748	138	70	73	0.0930233	0	0.303297	2
147	492	432	493	431	70	71	0.0232558	0	0.949451	1
148	477	445	475	445	70	80	0.0232558	0	0.978022	2
149	183	379	177	379	70	80	0.0697674	0	0.832967	2
150	667	232	666	230	70	71	0.0581395	0	0.50989	2
151	225	413	225	413	70	71	0	0	0.907692	1
152	25	359	25	360	70	80	0.0116279	0	0.789011	1
153	518	191	517	191	71	72	0.0116279	0	0.41978	2
154	159	301	154	300	71	72	0.0697674	0	0.661538	2
155	626	180	641	184	71	79	0.360465	0	0.395604	1
156	531	199	533	199	71	72	0.0232558	0	0.437363	1
157	480	435	479	434	72	80	0.0232558	0	0.956044	2
158	533	221	535	220	72	73	0.0348837	0	0.485714	1
159	225	413	224	413	72	80	0.0116279	0	0.907692	2
160	167	272	164	271	72	73	0.0465116	0	0.597802	2
161	491	431	493	431	72	74	0.0232558	0	0.947253	1
162	484	182	484	180	72	76	0.0465116	0	0.4	1
163	666	228	662	227	72	74	0.0581395	0	0.501099	2
164	515	191	514	190	73	74	0.0232558	0	0.41978	2
165	471	200	469	198	73	74	0.0697674	0	0.43956	2
166	173	296	170	296	73	74	0.0348837	0	0.650549	2
167	629	199	630	200	73	74	0.0232558	0	0.437363	1
168	503	433	507	433	73	76	0.0465116	0	0.951648	1
169	99	373	97	372	73	80	0.0348837	0	0.81978	2
170	118	402	116	402	74	80	0.0232558	0	0.883516	2
171	739	148	732	147	74	76	0.0930233	0	0.325275	2
172	536	210	539	210	74	76	0.0348837	0	0.461538	1
173	495	432	502	432	75	79	0.0813953	0	0.949451	1
174	291	396	291	394	75	80	0.0465116	0	0.87033	1
175	519	433	526	431	75	79	0.127907	0	0.951648	1
176	145	290	141	289	75	76	0.0581395	0	0.637363	2
177	470	199	468	197	75	76	0.0697674	0	0.437363	2
178	514	191	516	188	75	79	0.127907	0	0.41978	1
179	167	296	163	296	75	76	0.0465116	0	0.650549	2
180	541	221	542	220	75	76	0.0232558	0	0.485714	1
181	328	408	327	407	75	80	0.0232558	0	0.896703	2
182	491	448	490	447	75	80	0.0232558	0	0.984615	2
183	129	24	128	24	75	80	0.0116279	0	0.0527473	2
184	248	412	247	411	75	80	0.0232558	0	0.905495	2
185	505	212	506	211	76	77	0.0232558	0	0.465934	1
186	467	455	466	454	76	80	0.0232558	0	1	2
187	467	197	464	196	77	79	0.0465116	0	0.432967	2
188	533	188	532	187	77	78	0.0232558	0	0.413187	2
189	139	290	136	289	77	78	0.0465116	0	0.637363	2
190	544	222	545	222	77	78	0.0116279	0	0.487912	1
191	508	434	513	435	77	80	0.0697674	0	0.953846	1
192	729	146	725	145	77	78	0.0581395	0	0.320879	2
193	194	417	194	417	77	78	0	0	0.916484	1
194	665	196	663	196	77	78	0.0232558	0	0.430769	2
195	143	300	141	300	77	78	0.0232558	0	0.659341	2
196	676	191	678	191	78	79	0.0232558	0	0.41978	1
197	510	211	511	210	78	79	0.0232558	0	0.463736	1
198	735	147	731	146	79	80	0.0581395	0	0.323077	2
199	208	385	207	384	79	80	0.0232558	0	0.846154	2
200	403	421	402	421	79	80	0.0116279	0	0.925275	2
201	662	196	660	196	79	80	0.0232558	0	0.430769	2
202	532	187	531	186	79	80	0.0232558	0	0.410989	2
203	723	146	720	145	79	80	0.0465116	0	0.320879	2
204	74	393	73	392	79	80	0.0232558	0	0.863736	2
205	508	231	511	230	79	80	0.0465116	0	0.507692	1
206	147	270	143	270	79	80	0.0465116	0	0.593407	2