
0	687	455	686	454	62	63	0.00600601	0	1	2
1	108	183	108	186	63	99	0.027027	0	0.402198	1
2	673	224	670	222	63	65	0.021021	0	0.492308	2
3	524	214	523	212	64	65	0.015015	0	0.47033	2
4	496	229	497	228	64	66	0.00600601	0	0.503297	1
5	602	249	601	248	65	66	0.00600601	0	0.547253	2
6	500	279	501	278	65	67	0.00600601	0	0.613187	1
7	588	251	587	250	65	67	0.00600601	0	0.551648	2
8	693	336	690	338	65	69	0.021021	0	0.738462	2
9	528	247	528	245	66	67	0.012012	0	0.542857	1
10	523	212	522	210	66	67	0.015015	0	0.465934	2
11	538	248	538	245	66	67	0.027027	0	0.545055	1
12	731	247	729	249	66	69	0.018018	0	0.542857	2
13	727	234	726	234	66	67	0.003003	0	0.514286	2
14	537	230	535	229	66	68	0.00900901	0	0.505495	2
15	580	230	579	229	66	68	0.00600601	0	0.505495	2
16	603	244	602	244	67	68	0.003003	0	0.536264	2
17	717	214	711	213	67	72	0.021021	0	0.47033	2
18	497	227	498	224	67	69	0.03003	0	0.498901	1
19	687	455	687	454	67	68	0.003003	0	1	1
20	682	244	681	242	67	71	0.015015	0	0.536264	2
21	707	211	697	206	67	74	0.105105	0	0.463736	2
22	590	228	590	228	67	68	0	0	0.501099	1
23	601	254	599	253	67	69	0.00900901	0	0.558242	2
24	518	278	524	277	67	69	0.021021	0	0.610989	1
25	667	219	662	214	67	70	0.0900901	0	0.481319	2
26	587	239	586	237	68	69	0.015015	0	0.525275	2
27	528	243	529	240	68	70	0.03003	0	0.534066	1
28	521	209	519	207	68	69	0.018018	0	0.459341	2
29	538	242	538	240	68	69	0.012012	0	0.531868	1
30	548	206	545	205	68	70	0.012012	0	0.452747	2
31	725	236	719	238	68	72	0.03003	0	0.518681	2
32	502	277	502	277	68	69	0	0	0.608791	1
33	126	55	124	55	68	100	0.00600601	0	0.120879	2
34	458	248	461	246	69	71	0.021021	0	0.545055	1
35	713	242	708	241	69	71	0.018018	0	0.531868	2
36	523	192	519	188	69	72	0.0600601	0	0.421978	2
37	602	243	598	241	69	72	0.024024	0	0.534066	2
38	511	287	516	284	69	70	0.042042	0	0.630769	1
39	687	455	686	454	69	70	0.00600601	0	1	2
40	704	362	695	362	69	73	0.027027	0	0.795604	2
41	427	225	428	223	69	72	0.015015	0	0.494505	1
42	578	226	575	224	69	71	0.021021	0	0.496703	2
43	454	235	455	231	69	75	0.0510511	0	0.516484	1
44	558	183	556	183	69	70	0.00600601	0	0.402198	2
45	777	406	776	405	69	100	0.00600601	0	0.892308	2
46	562	223	561	219	70	72	0.0510511	0	0.49011	2
47	729	250	725	251	70	73	0.015015	0	0.549451	2
48	585	235	584	232	70	71	0.03003	0	0.516484	2
49	518	207	511	203	70	74	0.0690691	0	0.454945	2
50	498	223	501	221	70	72	0.021021	0	0.49011	1
51	455	194	458	188	70	73	0.117117	0	0.426374	1
52	386	99	379	100	70	74	0.024024	0	0.217582	2
53	548	229	547	228	70	71	0.00600601	0	0.503297	2
54	470	205	473	202	70	74	0.036036	0	0.450549	1
55	501	279	501	279	70	72	0	0	0.613187	1
56	719	255	718	255	70	71	0.003003	0	0.56044	2
57	395	114	395	114	70	72	0	0	0.250549	1
58	692	345	686	347	70	73	0.03003	0	0.758242	2
59	528	201	522	198	70	73	0.045045	0	0.441758	2
60	732	229	724	230	70	73	0.027027	0	0.503297	2
61	520	156	511	157	70	80	0.03003	0	0.342857	2
62	691	377	692	378	71	76	0.00600601	0	0.828571	1
63	682	230	682	229	71	72	0.003003	0	0.505495	1
64	674	353	673	353	71	73	0.003003	0	0.775824	2
65	515	273	515	273	71	72	0	0	0.6	1
66	685	358	684	359	71	72	0.00600601	0	0.786813	2
67	546	243	547	241	71	72	0.015015	0	0.534066	1
68	583	232	581	230	72	73	0.018018	0	0.50989	2
69	687	455	686	454	72	74	0.00600601	0	1	2
70	682	243	680	241	72	73	0.018018	0	0.534066	2
71	759	454	760	453	72	88	0.00600601	0	0.997802	1
72	90	94	89	94	72	100	0.003003	0	0.206593	2
73	683	217	681	215	72	74	0.018018	0	0.476923	2
74	126	222	122	220	72	77	0.024024	0	0.487912	2
75	561	219	558	217	73	75	0.021021	0	0.481319	2
76	518	273	525	272	73	75	0.024024	0	0.6	1
77	710	214	679	206	73	83	0.285285	0	0.47033	2
78	494	213	493	211	73	74	0.015015	0	0.468132	2
79	529	234	524	234	73	74	0.015015	0	0.514286	2
80	519	187	504	184	73	79	0.0720721	0	0.410989	2
81	596	242	595	240	73	74	0.015015	0	0.531868	2
82	683	228	683	226	73	74	0.012012	0	0.501099	1
83	683	361	682	361	73	74	0.003003	0	0.793407	2
84	504	220	504	217	73	74	0.027027	0	0.483516	1
85	508	275	511	274	73	74	0.012012	0	0.604396	1
86	532	282	536	287	73	77	0.0870871	0	0.61978	1
87	673	205	672	207	73	78	0.015015	0	0.450549	2
88	589	253	588	253	73	74	0.003003	0	0.556044	2
89	353	213	361	200	73	81	0.531532	0	0.468132	1
90	113	384	112	384	73	100	0.003003	0	0.843956	2
91	580	229	576	227	74	76	0.024024	0	0.503297	2
92	602	264	598	263	74	75	0.015015	0	0.58022	2
93	722	249	716	248	74	75	0.021021	0	0.547253	2
94	679	310	668	310	74	77	0.033033	0	0.681319	2
95	507	185	493	183	74	79	0.0540541	0	0.406593	2
96	669	303	658	303	74	77	0.033033	0	0.665934	2
97	534	265	540	271	74	76	0.126126	0	0.582418	1
98	546	286	546	287	74	79	0.003003	0	0.628571	1
99	672	195	671	197	75	79	0.015015	0	0.428571	2
100	518	237	513	236	75	76	0.018018	0	0.520879	2
101	475	255	476	251	75	76	0.0510511	0	0.56044	1
102	567	228	565	226	75	76	0.018018	0	0.501099	2
103	583	247	581	246	75	76	0.00900901	0	0.542857	2
104	494	210	497	206	75	78	0.0570571	0	0.461538	1
105	684	224	683	223	75	76	0.00600601	0	0.492308	2
106	504	215	503	213	75	76	0.015015	0	0.472527	2
107	592	235	588	234	75	77	0.015015	0	0.516484	2
108	529	234	526	231	75	76	0.036036	0	0.514286	2
109	707	361	706	360	75	77	0.00600601	0	0.793407	2
110	721	362	720	361	75	100	0.00600601	0	0.795604	2
111	593	247	589	246	75	76	0.015015	0	0.542857	2
112	463	190	463	188	75	76	0.012012	0	0.417582	1
113	78	104	77	104	75	100	0.003003	0	0.228571	2
114	158	393	157	393	75	100	0.003003	0	0.863736	2
115	760	412	759	412	75	100	0.003003	0	0.905495	2
116	558	216	555	214	76	77	0.021021	0	0.474725	2
117	592	262	587	260	76	77	0.027027	0	0.575824	2
118	673	222	672	222	76	77	0.003003	0	0.487912	2
119	686	455	685	454	76	87	0.00600601	0	1	2
120	538	236	537	235	76	77	0.00600601	0	0.518681	2
121	693	211	690	210	76	77	0.012012	0	0.463736	2
122	690	348	685	346	76	77	0.027027	0	0.764835	2
123	704	246	698	242	76	77	0.0660661	0	0.540659	2
124	312	121	311	121	76	95	0.003003	0	0.265934	2
125	97	128	97	128	76	100	0	0	0.281319	1
126	515	197	512	196	76	77	0.012012	0	0.432967	2
127	619	357	619	357	76	78	0	0	0.784615	1
128	575	227	572	226	77	78	0.012012	0	0.498901	2
129	511	234	509	233	77	78	0.00900901	0	0.514286	2
130	525	228	520	227	77	79	0.018018	0	0.501099	2
131	469	253	468	252	77	78	0.00600601	0	0.556044	2
132	680	362	679	360	77	79	0.015015	0	0.795604	2
133	369	87	361	86	77	80	0.027027	0	0.191209	2
134	557	234	560	233	77	78	0.012012	0	0.514286	1
135	447	191	456	198	77	82	0.174174	0	0.41978	1
136	553	215	547	213	78	80	0.03003	0	0.472527	2
137	656	304	613	302	78	87	0.141141	0	0.668132	2
138	684	221	682	219	78	79	0.018018	0	0.485714	2
139	583	259	578	257	78	79	0.027027	0	0.569231	2
140	707	360	707	360	78	100	0	0	0.791209	1
141	549	235	552	234	78	79	0.012012	0	0.516484	1
142	707	249	705	248	78	79	0.00900901	0	0.547253	2
143	535	287	535	286	78	79	0.003003	0	0.630769	1
144	483	248	486	247	78	79	0.012012	0	0.545055	1
145	517	215	515	214	78	79	0.00900901	0	0.472527	2
146	695	376	694	375	78	79	0.00600601	0	0.826374	2
147	316	181	319	178	78	81	0.036036	0	0.397802	1
148	684	351	683	350	78	79	0.00600601	0	0.771429	2
149	662	314	618	311	78	87	0.159159	0	0.69011	2
150	152	56	151	56	78	87	0.003003	0	0.123077	2
151	697	229	693	227	78	79	0.024024	0	0.503297	2
152	671	347	668	343	78	79	0.0570571	0	0.762637	2
153	307	209	307	209	78	79	0	0	0.459341	1
154	532	233	528	231	78	79	0.024024	0	0.512088	2
155	764	443	764	442	79	87	0.003003	0	0.973626	1
156	590	260	589	258	79	80	0.015015	0	0.571429	2
157	503	130	499	130	79	81	0.012012	0	0.285714	2
158	620	357	619	356	79	81	0.00600601	0	0.784615	2
159	562	233	568	230	79	81	0.045045	0	0.512088	1
160	503	207	506	205	79	80	0.021021	0	0.454945	1
161	497	194	494	193	79	80	0.012012	0	0.426374	2
162	678	337	664	334	79	82	0.0690691	0	0.740659	2
163	501	183	498	182	80	81	0.012012	0	0.402198	2
164	575	257	571	256	80	81	0.015015	0	0.564835	2
165	496	208	497	206	80	81	0.015015	0	0.457143	1
166	682	237	674	236	80	82	0.027027	0	0.520879	2
167	705	248	701	245	80	81	0.039039	0	0.545055	2
168	679	348	671	348	80	82	0.024024	0	0.764835	2
169	555	234	560	232	80	82	0.027027	0	0.514286	1
170	551	224	548	223	80	81	0.012012	0	0.492308	2
171	349	383	338	380	80	83	0.0600601	0	0.841758	2
172	369	243	385	228	80	92	0.723724	0	0.534066	1
173	668	194	624	177	80	100	1	0	0.426374	2
174	550	270	552	268	80	81	0.018018	0	0.593407	1
175	575	358	573	358	80	82	0.00600601	0	0.786813	2
176	561	221	558	220	80	81	0.012012	0	0.485714	2
177	544	213	525	214	81	87	0.0600601	0	0.468132	2
178	689	248	688	248	81	82	0.003003	0	0.545055	2
179	527	165	495	161	81	92	0.144144	0	0.362637	2
180	507	204	509	203	81	82	0.00900901	0	0.448352	1
181	588	257	579	255	81	83	0.039039	0	0.564835	2
182	358	84	343	85	81	86	0.048048	0	0.184615	2
183	689	370	683	368	81	82	0.03003	0	0.813187	2
184	488	181	485	180	81	82	0.012012	0	0.397802	2
185	489	193	486	191	81	82	0.021021	0	0.424176	2
186	640	352	637	350	81	82	0.021021	0	0.773626	2
187	366	105	355	106	81	84	0.036036	0	0.230769	2
188	604	360	602	359	81	83	0.00900901	0	0.791209	2
189	496	185	493	183	82	83	0.021021	0	0.406593	2
190	553	222	549	221	82	83	0.015015	0	0.487912	2
191	570	231	574	231	82	84	0.012012	0	0.507692	1
192	542	199	540	198	82	83	0.00900901	0	0.437363	2
193	499	205	505	204	82	85	0.021021	0	0.450549	1
194	498	132	480	130	82	89	0.0660661	0	0.29011	2
195	619	357	618	357	82	85	0.003003	0	0.784615	2
196	506	191	505	189	82	83	0.015015	0	0.41978	2
197	474	244	477	241	82	83	0.036036	0	0.536264	1
198	382	277	382	276	82	86	0.003003	0	0.608791	1
199	654	372	652	372	82	83	0.00600601	0	0.817582	2
200	323	177	324	175	82	83	0.015015	0	0.389011	1
201	654	352	647	354	82	83	0.033033	0	0.773626	2
202	364	200	383	198	82	90	0.0690691	0	0.43956	1
203	511	203	513	203	83	84	0.00600601	0	0.446154	1
204	672	238	665	240	83	86	0.033033	0	0.523077	2
205	562	233	564	234	83	84	0.00900901	0	0.512088	1
206	673	352	673	353	83	100	0.003003	0	0.773626	1
207	484	195	480	193	83	84	0.024024	0	0.428571	2
208	121	244	122	245	83	94	0.00600601	0	0.536264	1
209	336	358	328	356	83	86	0.036036	0	0.786813	2
210	280	233	280	233	83	100	0	0	0.512088	1
211	528	196	523	194	83	84	0.027027	0	0.430769	2
212	490	179	487	176	84	87	0.036036	0	0.393407	2
213	504	188	504	187	84	85	0.003003	0	0.413187	1
214	546	222	536	223	84	87	0.033033	0	0.487912	2
215	514	228	514	228	84	85	0	0	0.501099	1
216	652	374	651	373	84	87	0.00600601	0	0.821978	2
217	540	198	528	198	84	87	0.036036	0	0.435165	2
218	491	189	490	188	84	85	0.00600601	0	0.415385	2
219	604	358	603	358	84	87	0.003003	0	0.786813	2
220	332	368	325	367	84	86	0.024024	0	0.808791	2
221	345	108	345	108	84	85	0	0	0.237363	1
222	164	52	164	52	84	100	0	0	0.114286	1
223	72	52	68	52	84	100	0.012012	0	0.114286	2
224	313	89	313	89	84	91	0	0	0.195604	1
225	530	173	524	173	84	86	0.018018	0	0.38022	2
226	500	161	498	159	84	87	0.018018	0	0.353846	2
227	124	220	125	220	84	90	0.003003	0	0.483516	1
228	71	171	71	172	84	100	0.003003	0	0.375824	1
229	100	94	100	94	84	100	0	0	0.206593	1
230	578	233	591	227	85	92	0.147147	0	0.512088	1
231	515	203	517	200	85	87	0.033033	0	0.446154	1
232	554	223	549	221	85	87	0.027027	0	0.49011	2
233	568	236	583	230	85	92	0.153153	0	0.518681	1
234	636	360	630	359	85	88	0.021021	0	0.791209	2
235	478	193	474	191	85	86	0.024024	0	0.424176	2
236	659	352	658	352	85	100	0.003003	0	0.773626	2
237	540	243	538	242	85	86	0.00900901	0	0.534066	2
238	489	158	475	160	85	91	0.0540541	0	0.347253	2
239	359	211	361	210	85	86	0.00900901	0	0.463736	1
240	506	203	507	201	86	87	0.015015	0	0.446154	1
241	536	254	533	256	86	87	0.021021	0	0.558242	2
242	334	174	336	174	86	87	0.00600601	0	0.382418	1
243	666	242	664	240	87	88	0.018018	0	0.531868	2
244	504	186	504	185	87	88	0.003003	0	0.408791	1
245	663	198	658	197	87	89	0.018018	0	0.435165	2
246	495	243	497	243	87	88	0.00600601	0	0.534066	1
247	383	276	383	276	87	88	0	0	0.606593	1
248	473	191	469	190	87	88	0.015015	0	0.41978	2
249	661	232	658	231	87	88	0.012012	0	0.50989	2
250	299	218	299	219	87	100	0.003003	0	0.479121	1
251	559	223	557	221	87	88	0.018018	0	0.49011	2
252	764	443	764	443	88	100	0	0	0.973626	1
253	523	216	519	216	88	89	0.012012	0	0.474725	2
254	518	199	521	202	88	92	0.036036	0	0.437363	1
255	487	176	486	175	88	89	0.00600601	0	0.386813	2
256	677	241	673	239	88	89	0.024024	0	0.52967	2
257	532	258	528	257	88	89	0.015015	0	0.567033	2
258	508	201	508	200	88	89	0.003003	0	0.441758	1
259	609	308	534	306	88	100	0.237237	0	0.676923	2
260	547	223	541	220	88	90	0.045045	0	0.49011	2
261	686	455	685	454	88	96	0.00600601	0	1	2
262	565	358	563	358	88	91	0.00600601	0	0.786813	2
263	308	380	306	380	88	89	0.00600601	0	0.835165	2
264	615	346	608	345	88	89	0.024024	0	0.76044	2
265	339	177	345	177	88	90	0.018018	0	0.389011	1
266	538	268	536	266	88	90	0.018018	0	0.589011	2
267	604	358	603	357	88	89	0.00600601	0	0.786813	2
268	494	202	493	201	89	90	0.00600601	0	0.443956	2
269	540	254	535	254	89	90	0.015015	0	0.558242	2
270	661	238	654	236	89	90	0.033033	0	0.523077	2
271	467	191	449	189	89	93	0.0660661	0	0.41978	2
272	557	239	550	237	89	91	0.033033	0	0.525275	2
273	552	249	546	248	89	91	0.021021	0	0.547253	2
274	539	243	535	242	89	90	0.015015	0	0.534066	2
275	773	445	773	445	89	100	0	0	0.978022	1
276	557	221	551	219	89	91	0.03003	0	0.485714	2
277	645	205	635	201	89	92	0.0780781	0	0.450549	2
278	547	231	540	228	89	91	0.048048	0	0.507692	2
279	513	217	508	217	90	91	0.015015	0	0.476923	2
280	486	174	486	173	90	92	0.003003	0	0.382418	1
281	559	259	548	256	90	94	0.0600601	0	0.569231	2
282	656	197	642	193	90	95	0.0900901	0	0.432967	2
283	311	342	307	341	90	91	0.015015	0	0.751648	2
284	305	381	295	381	90	94	0.03003	0	0.837363	2
285	316	208	322	203	90	94	0.0930931	0	0.457143	1
286	508	203	509	205	90	91	0.015015	0	0.446154	1
287	525	258	519	257	90	92	0.021021	0	0.567033	2
288	664	231	663	232	90	91	0.00600601	0	0.507692	2
289	524	240	520	240	90	91	0.012012	0	0.527473	2
290	129	81	129	81	90	100	0	0	0.178022	1
291	671	242	638	235	91	100	0.246246	0	0.531868	2
292	602	372	601	372	91	92	0.003003	0	0.817582	2
293	506	186	506	185	91	92	0.003003	0	0.408791	1
294	611	272	611	272	91	96	0	0	0.597802	1
295	477	228	474	227	91	92	0.012012	0	0.501099	2
296	533	256	529	256	91	92	0.012012	0	0.562637	2
297	510	227	504	225	91	92	0.03003	0	0.498901	2
298	476	180	474	178	91	94	0.018018	0	0.395604	2
299	334	109	330	110	91	92	0.015015	0	0.23956	2
300	541	218	538	216	91	92	0.021021	0	0.479121	2
301	308	371	291	369	91	95	0.0630631	0	0.815385	2
302	473	133	443	135	91	100	0.102102	0	0.292308	2
303	492	201	491	201	92	93	0.003003	0	0.441758	2
304	563	358	562	358	92	94	0.003003	0	0.786813	2
305	303	341	292	339	92	95	0.045045	0	0.749451	2
306	660	232	646	227	92	96	0.117117	0	0.50989	2
307	567	214	565	213	92	93	0.00900901	0	0.47033	2
308	549	219	536	219	92	96	0.039039	0	0.481319	2
309	527	224	523	222	92	93	0.024024	0	0.492308	2
310	546	239	533	239	92	95	0.039039	0	0.525275	2
311	578	371	577	373	92	95	0.015015	0	0.815385	2
312	640	232	629	226	92	94	0.141141	0	0.50989	2
313	376	199	397	192	92	100	0.21021	0	0.437363	1
314	618	358	617	357	92	93	0.00600601	0	0.786813	2
315	589	224	589	221	93	96	0.027027	0	0.492308	1
316	523	202	535	202	93	98	0.036036	0	0.443956	1
317	500	216	496	215	93	94	0.015015	0	0.474725	2
318	506	184	507	184	93	95	0.003003	0	0.404396	1
319	462	218	458	218	93	94	0.012012	0	0.479121	2
320	498	165	489	163	93	96	0.039039	0	0.362637	2
321	528	259	527	259	93	94	0.003003	0	0.569231	2
322	592	234	593	231	93	95	0.03003	0	0.514286	1
323	449	222	444	223	93	94	0.018018	0	0.487912	2
324	533	224	530	222	93	94	0.021021	0	0.492308	2
325	499	254	495	255	93	94	0.015015	0	0.558242	2
326	355	177	373	174	93	98	0.0810811	0	0.389011	1
327	529	242	526	241	93	94	0.012012	0	0.531868	2
328	638	237	629	233	94	97	0.0750751	0	0.520879	2
329	595	353	588	352	94	96	0.024024	0	0.775824	2
330	511	256	503	255	94	95	0.027027	0	0.562637	2
331	618	358	618	358	94	100	0	0	0.786813	1
332	442	187	437	187	94	95	0.015015	0	0.410989	2
333	283	347	281	348	94	95	0.00900901	0	0.762637	2
334	317	89	306	89	94	97	0.033033	0	0.195604	2
335	545	254	536	251	95	97	0.0540541	0	0.558242	2
336	492	215	487	215	95	96	0.015015	0	0.472527	2
337	526	259	524	257	95	96	0.018018	0	0.569231	2
338	480	171	479	170	95	96	0.00600601	0	0.375824	2
339	492	179	491	179	95	96	0.003003	0	0.393407	2
340	481	182	480	182	95	96	0.003003	0	0.4	2
341	116	242	116	237	95	100	0.0750751	0	0.531868	1
342	492	201	492	200	95	97	0.003003	0	0.441758	1
343	330	89	330	89	95	100	0	0	0.195604	1
344	622	225	611	228	95	99	0.0600601	0	0.494505	2
345	442	226	431	228	95	99	0.045045	0	0.496703	2
346	640	192	632	189	96	99	0.0510511	0	0.421978	2
347	507	183	506	182	96	99	0.00600601	0	0.402198	2
348	282	350	281	350	96	97	0.003003	0	0.769231	2
349	289	339	278	337	96	100	0.045045	0	0.745055	2
350	468	181	467	182	96	97	0.00600601	0	0.397802	2
351	392	228	398	224	96	100	0.0660661	0	0.501099	1
352	410	228	415	221	96	100	0.162162	0	0.501099	1
353	496	271	494	270	96	99	0.00900901	0	0.595604	2
354	289	367	285	365	96	97	0.024024	0	0.806593	2
355	433	188	425	188	96	98	0.024024	0	0.413187	2
356	120	203	120	203	96	98	0	0	0.446154	1
357	558	352	546	354	96	98	0.048048	0	0.773626	2
358	526	221	523	218	96	98	0.036036	0	0.485714	2
359	628	215	618	215	96	99	0.03003	0	0.472527	2
360	487	225	483	225	96	97	0.012012	0	0.494505	2
361	483	213	477	213	97	98	0.018018	0	0.468132	2
362	577	372	577	372	97	100	0	0	0.817582	1
363	587	217	582	212	97	100	0.0900901	0	0.476923	2
364	480	173	479	173	97	98	0.003003	0	0.38022	2
365	627	195	622	194	97	98	0.018018	0	0.428571	2
366	639	228	634	227	97	98	0.018018	0	0.501099	2
367	526	244	523	244	97	98	0.00900901	0	0.536264	2
368	486	163	483	163	97	98	0.00900901	0	0.358242	2
369	523	256	520	255	97	98	0.012012	0	0.562637	2
370	514	216	512	214	97	98	0.018018	0	0.474725	2
371	481	185	481	186	97	98	0.003003	0	0.406593	1
372	525	234	522	233	97	98	0.012012	0	0.514286	2
373	648	213	640	208	97	100	0.0990991	0	0.468132	2
374	127	225	132	223	97	99	0.027027	0	0.494505	1
375	487	260	484	259	98	99	0.012012	0	0.571429	2
376	533	252	529	251	98	99	0.015015	0	0.553846	2
377	482	228	474	227	98	100	0.027027	0	0.501099	2
378	475	252	464	250	98	100	0.045045	0	0.553846	2
379	493	200	493	199	98	99	0.003003	0	0.43956	1
380	282	351	280	351	98	99	0.00600601	0	0.771429	2
381	686	455	686	454	98	100	0.003003	0	1	1
382	268	337	261	335	98	100	0.033033	0	0.740659	2
383	604	359	604	358	98	100	0.003003	0	0.789011	1
384	549	368	545	370	98	100	0.024024	0	0.808791	2
385	633	207	627	206	98	100	0.021021	0	0.454945	2
386	549	380	549	380	99	100	0	0	0.835165	1
387	517	255	514	254	99	100	0.012012	0	0.56044	2
388	540	202	542	200	99	100	0.018018	0	0.443956	1
389	479	171	479	171	99	100	0	0	0.375824	1
390	475	216	470	215	99	100	0.018018	0	0.474725	2
391	527	216	524	215	99	100	0.012012	0	0.474725	2
392	634	225	630	224	99	100	0.015015	0	0.494505	2
393	619	194	615	192	99	100	0.024024	0	0.426374	2
394	530	205	532	203	99	100	0.018018	0	0.450549	1
395	489	180	490	178	99	100	0.015015	0	0.395604	1
396	476	182	476	181	99	100	0.003003	0	0.4	1
397	479	161	476	160	99	100	0.012012	0	0.353846	2
398	519	237	516	236	99	100	0.012012	0	0.520879	2
399	564	239	564	241	99	100	0.012012	0	0.525275	1
400	118	211	118	211	99	100	0	0	0.463736	1
401	544	357	541	359	99	100	0.021021	0	0.784615	2
402	526	226	523	225	99	100	0.012012	0	0.496703	2
403	581	252	581	252	99	100	0	0	0.553846	1