
0	379	198	380	197	42	43	0.0135135	0	0.435165	1
1	358	209	358	207	42	44	0.027027	0	0.459341	1
2	102	453	114	454	42	70	0.0878378	0	0.995604	1
3	344	215	345	213	43	44	0.0337838	0	0.472527	1
4	399	186	399	185	43	44	0.00675676	0	0.408791	1
5	559	455	555	453	43	80	0.0540541	0	1	2
6	411	178	410	175	43	46	0.0675676	0	0.391209	2
7	543	454	540	454	44	80	0.0202703	0	0.997802	2
8	24	403	24	402	44	46	0.00675676	0	0.885714	1
9	399	186	399	186	45	46	0	0	0.408791	1
10	360	198	361	197	45	46	0.0135135	0	0.435165	1
11	264	176	274	174	45	51	0.0945946	0	0.386813	1
12	540	177	539	179	45	46	0.0337838	0	0.389011	2
13	211	182	211	180	45	46	0.027027	0	0.4	1
14	449	227	446	225	45	50	0.0472973	0	0.498901	2
15	467	193	463	189	46	49	0.135135	0	0.424176	2
16	314	223	313	222	46	48	0.0135135	0	0.49011	2
17	712	139	709	139	46	80	0.0202703	0	0.305495	2
18	286	196	287	194	46	49	0.0337838	0	0.430769	1
19	74	259	88	262	46	57	0.155405	0	0.569231	1
20	543	167	543	167	46	47	0	0	0.367033	1
21	566	187	550	185	46	79	0.135135	0	0.410989	2
22	528	177	533	176	46	48	0.0405405	0	0.389011	1
23	364	207	363	206	46	47	0.0135135	0	0.454945	2
24	377	200	375	198	47	48	0.0405405	0	0.43956	2
25	67	288	68	288	47	49	0.00675676	0	0.632967	1
26	411	175	411	174	47	48	0.00675676	0	0.384615	1
27	541	153	590	153	47	69	0.331081	0	0.336264	1
28	513	213	512	212	47	48	0.0135135	0	0.468132	2
29	211	178	211	176	47	49	0.027027	0	0.391209	1
30	539	179	538	178	47	48	0.0135135	0	0.393407	2
31	402	188	405	187	48	51	0.027027	0	0.413187	1
32	350	209	343	206	48	51	0.108108	0	0.459341	2
33	412	190	413	189	48	50	0.0135135	0	0.417582	1
34	451	190	448	189	48	51	0.027027	0	0.417582	2
35	385	195	385	195	48	49	0	0	0.428571	1
36	359	196	359	195	48	49	0.00675676	0	0.430769	1
37	201	188	207	181	48	58	0.371622	0	0.413187	1
38	375	198	375	197	49	50	0.00675676	0	0.435165	1
39	352	222	351	222	49	50	0.00675676	0	0.487912	2
40	314	203	312	200	49	57	0.0743243	0	0.446154	2
41	432	191	431	190	49	51	0.0135135	0	0.41978	2
42	311	216	311	215	49	50	0.00675676	0	0.474725	1
43	24	402	24	401	49	50	0.00675676	0	0.883516	1
44	539	179	543	176	49	55	0.0878378	0	0.393407	1
45	307	226	306	224	49	51	0.0337838	0	0.496703	2
46	98	412	98	412	49	71	0	0	0.905495	1
47	461	187	455	183	50	53	0.148649	0	0.410989	2
48	385	204	385	203	50	51	0.00675676	0	0.448352	1
49	411	172	423	170	50	57	0.108108	0	0.378022	1
50	69	288	70	289	50	52	0.0135135	0	0.632967	1
51	514	211	511	212	50	52	0.027027	0	0.463736	2
52	395	212	395	211	50	51	0.00675676	0	0.465934	1
53	197	208	197	206	50	51	0.027027	0	0.457143	1
54	213	177	213	175	50	52	0.027027	0	0.389011	1
55	395	202	396	201	50	51	0.0135135	0	0.443956	1
56	538	164	542	163	50	52	0.0337838	0	0.36044	1
57	290	177	289	175	51	53	0.0337838	0	0.389011	2
58	375	197	373	194	51	56	0.0743243	0	0.432967	2
59	447	227	446	227	51	54	0.00675676	0	0.498901	2
60	24	402	24	402	51	53	0	0	0.883516	1
61	348	203	332	201	52	59	0.135135	0	0.446154	2
62	406	185	408	184	52	54	0.0202703	0	0.406593	1
63	276	174	278	173	52	53	0.0202703	0	0.382418	1
64	361	196	360	195	52	53	0.0135135	0	0.430769	2
65	264	195	269	196	52	54	0.0405405	0	0.428571	1
66	111	411	109	412	52	80	0.0202703	0	0.903297	2
67	452	450	451	451	52	80	0.0135135	0	0.989011	2
68	214	174	214	172	53	54	0.027027	0	0.382418	1
69	367	211	369	210	53	59	0.0202703	0	0.463736	1
70	551	171	553	170	53	54	0.0202703	0	0.375824	1
71	396	202	396	202	53	54	0	0	0.443956	1
72	367	238	364	236	53	54	0.0472973	0	0.523077	2
73	562	94	561	95	53	80	0.0135135	0	0.206593	2
74	282	193	282	193	53	55	0	0	0.424176	1
75	304	225	304	225	54	60	0	0	0.494505	1
76	296	172	299	172	54	61	0.0202703	0	0.378022	1
77	61	302	65	302	54	55	0.027027	0	0.663736	1
78	295	203	298	202	54	56	0.027027	0	0.446154	1
79	24	401	24	400	54	57	0.00675676	0	0.881319	1
80	437	211	437	210	54	55	0.00675676	0	0.463736	1
81	429	191	428	190	54	55	0.0135135	0	0.41978	2
82	354	237	353	236	54	55	0.0135135	0	0.520879	2
83	359	194	355	193	54	57	0.0337838	0	0.426374	2
84	452	180	439	178	54	59	0.114865	0	0.395604	2
85	319	226	317	225	54	57	0.0202703	0	0.496703	2
86	217	172	218	171	55	57	0.0135135	0	0.378022	1
87	410	185	411	185	55	56	0.00675676	0	0.406593	1
88	467	194	462	194	55	57	0.0337838	0	0.426374	2
89	276	204	276	204	55	56	0	0	0.448352	1
90	352	204	351	204	55	56	0.00675676	0	0.448352	2
91	723	254	723	254	55	57	0	0	0.558242	1
92	710	150	709	151	55	80	0.0135135	0	0.32967	2
93	432	228	432	226	55	58	0.027027	0	0.501099	1
94	72	303	77	302	56	57	0.0405405	0	0.665934	1
95	396	201	397	200	56	57	0.0135135	0	0.441758	1
96	412	211	414	212	56	58	0.0202703	0	0.463736	1
97	558	204	551	205	56	61	0.0540541	0	0.448352	2
98	818	137	816	138	56	75	0.0202703	0	0.301099	2
99	308	210	308	210	56	57	0	0	0.461538	1
100	339	217	336	217	56	57	0.0202703	0	0.476923	2
101	410	195	410	195	56	57	0	0	0.428571	1
102	285	193	285	193	56	57	0	0	0.424176	1
103	277	205	278	203	57	59	0.0337838	0	0.450549	1
104	489	79	488	80	57	80	0.0135135	0	0.173626	2
105	76	271	78	269	57	58	0.0405405	0	0.595604	1
106	218	171	219	171	58	59	0.00675676	0	0.375824	1
107	313	200	313	199	58	59	0.00675676	0	0.43956	1
108	361	190	360	190	58	59	0.00675676	0	0.417582	2
109	350	223	349	222	58	59	0.0135135	0	0.49011	2
110	422	164	448	164	58	68	0.175676	0	0.36044	1
111	208	200	209	199	58	59	0.0135135	0	0.43956	1
112	306	215	305	216	58	63	0.0135135	0	0.472527	2
113	301	205	303	203	58	62	0.0405405	0	0.450549	1
114	91	261	162	259	58	78	0.506757	0	0.573626	1
115	818	181	817	181	58	61	0.00675676	0	0.397802	2
116	83	301	100	301	58	65	0.114865	0	0.661538	1
117	331	327	339	324	58	63	0.114865	0	0.718681	1
118	441	211	445	206	58	65	0.195946	0	0.463736	1
119	332	337	335	335	58	60	0.0472973	0	0.740659	1
120	688	151	687	152	58	80	0.0135135	0	0.331868	2
121	69	283	85	279	58	63	0.216216	0	0.621978	1
122	507	197	504	195	58	62	0.0472973	0	0.432967	2
123	696	110	695	111	58	80	0.0135135	0	0.241758	2
124	297	188	300	187	58	61	0.027027	0	0.413187	1
125	419	453	417	454	58	80	0.0202703	0	0.995604	2
126	770	151	772	151	58	66	0.0135135	0	0.331868	1
127	410	198	409	198	58	59	0.00675676	0	0.435165	2
128	24	401	24	401	59	60	0	0	0.881319	1
129	775	163	779	163	59	73	0.027027	0	0.358242	1
130	376	221	374	221	59	64	0.0135135	0	0.485714	2
131	431	207	431	205	59	60	0.027027	0	0.454945	1
132	87	272	94	269	59	62	0.108108	0	0.597802	1
133	289	200	289	199	59	60	0.00675676	0	0.43956	1
134	431	229	431	228	59	60	0.00675676	0	0.503297	1
135	710	264	710	263	59	62	0.00675676	0	0.58022	1
136	381	234	381	233	59	63	0.00675676	0	0.514286	1
137	708	241	704	229	60	80	1	0	0.52967	2
138	311	205	310	205	60	61	0.00675676	0	0.450549	2
139	220	170	223	168	60	62	0.0472973	0	0.373626	1
140	79	300	87	299	60	63	0.0608108	0	0.659341	1
141	359	191	359	192	60	62	0.00675676	0	0.41978	1
142	330	201	319	200	60	64	0.0810811	0	0.441758	2
143	322	222	317	222	60	62	0.0337838	0	0.487912	2
144	371	210	364	210	60	74	0.0472973	0	0.461538	2
145	711	174	710	175	60	80	0.0135135	0	0.382418	2
146	627	102	626	103	60	80	0.0135135	0	0.224176	2
147	412	214	412	214	61	62	0	0	0.47033	1
148	305	226	303	225	61	63	0.0202703	0	0.496703	2
149	333	220	323	221	61	65	0.0743243	0	0.483516	2
150	568	178	575	180	61	64	0.0743243	0	0.391209	1
151	820	182	819	183	62	80	0.0135135	0	0.4	2
152	313	202	310	202	62	63	0.0202703	0	0.443956	2
153	301	186	302	186	62	63	0.00675676	0	0.408791	1
154	300	172	302	172	62	64	0.0135135	0	0.378022	1
155	361	208	360	208	62	63	0.00675676	0	0.457143	2
156	24	401	24	401	62	63	0	0	0.881319	1
157	428	179	430	179	62	63	0.0135135	0	0.393407	1
158	342	217	331	219	62	66	0.101351	0	0.476923	2
159	293	200	296	199	62	65	0.027027	0	0.43956	1
160	324	238	321	234	62	70	0.128378	0	0.523077	2
161	413	213	412	212	63	64	0.0135135	0	0.468132	2
162	443	188	442	188	63	64	0.00675676	0	0.413187	2
163	226	167	239	163	63	70	0.195946	0	0.367033	1
164	412	191	408	191	63	65	0.027027	0	0.41978	2
165	511	199	508	198	63	66	0.027027	0	0.437363	2
166	494	191	489	190	63	69	0.0405405	0	0.41978	2
167	348	311	353	309	63	66	0.0608108	0	0.683516	1
168	350	208	349	209	63	64	0.0135135	0	0.457143	2
169	733	150	732	151	64	80	0.0135135	0	0.32967	2
170	359	199	359	198	64	65	0.00675676	0	0.437363	1
171	306	213	305	211	64	65	0.0337838	0	0.468132	2
172	359	209	358	209	64	65	0.00675676	0	0.459341	2
173	490	215	490	215	64	66	0	0	0.472527	1
174	345	323	347	323	64	65	0.0135135	0	0.70989	1
175	315	200	312	199	65	67	0.027027	0	0.43956	2
176	410	232	409	232	65	69	0.00675676	0	0.50989	2
177	441	189	443	189	65	66	0.0135135	0	0.415385	1
178	426	184	427	184	65	66	0.00675676	0	0.404396	1
179	304	173	307	173	65	67	0.0202703	0	0.38022	1
180	436	179	439	179	65	66	0.0202703	0	0.393407	1
181	317	176	336	176	65	70	0.128378	0	0.386813	1
182	304	189	305	189	65	66	0.00675676	0	0.415385	1
183	345	215	345	214	65	74	0.00675676	0	0.472527	1
184	212	195	214	194	65	66	0.0202703	0	0.428571	1
185	792	138	792	138	65	79	0	0	0.303297	1
186	446	206	448	208	66	69	0.0405405	0	0.452747	1
187	100	304	101	304	66	67	0.00675676	0	0.668132	1
188	359	191	360	192	66	69	0.0135135	0	0.41978	1
189	577	182	595	182	66	73	0.121622	0	0.4	1
190	356	212	357	212	66	68	0.00675676	0	0.465934	1
191	442	235	452	235	66	74	0.0675676	0	0.516484	1
192	346	228	346	227	66	67	0.00675676	0	0.501099	1
193	375	311	397	304	66	77	0.47973	0	0.683516	1
194	301	222	301	221	67	68	0.00675676	0	0.487912	1
195	446	179	452	179	67	69	0.0405405	0	0.393407	1
196	504	200	486	196	67	80	0.22973	0	0.43956	2
197	448	190	450	191	67	68	0.0202703	0	0.417582	1
198	408	194	407	194	67	68	0.00675676	0	0.426374	2
199	773	152	776	152	67	74	0.0202703	0	0.334066	1
200	93	319	94	317	67	70	0.0337838	0	0.701099	1
201	327	220	323	220	67	68	0.027027	0	0.483516	2
202	433	186	435	186	67	68	0.0135135	0	0.408791	1
203	437	196	439	196	68	69	0.0135135	0	0.430769	1
204	312	199	308	197	68	71	0.0540541	0	0.437363	2
205	358	222	358	223	68	70	0.00675676	0	0.487912	1
206	418	190	416	190	68	69	0.0135135	0	0.417582	2
207	103	304	117	303	68	72	0.101351	0	0.668132	1
208	120	300	139	303	68	73	0.189189	0	0.659341	1
209	589	180	593	179	68	69	0.0337838	0	0.395604	1
210	453	232	460	232	68	72	0.0472973	0	0.50989	1
211	24	401	24	401	68	73	0	0	0.881319	1
212	310	173	322	170	68	80	0.141892	0	0.38022	1
213	412	177	397	178	68	73	0.108108	0	0.389011	2
214	301	222	299	223	69	71	0.0202703	0	0.487912	2
215	370	344	369	345	69	73	0.0135135	0	0.756044	2
216	429	189	432	189	69	71	0.0202703	0	0.415385	1
217	422	216	421	216	69	70	0.00675676	0	0.474725	2
218	455	163	475	164	69	76	0.141892	0	0.358242	1
219	357	212	358	213	69	73	0.0135135	0	0.465934	1
220	442	181	445	182	69	70	0.027027	0	0.397802	1
221	450	208	468	205	70	79	0.182432	0	0.457143	1
222	600	172	603	172	70	71	0.0202703	0	0.378022	1
223	366	332	383	331	70	79	0.121622	0	0.72967	1
224	594	152	597	152	70	71	0.0202703	0	0.334066	1
225	365	195	365	195	70	71	0	0	0.428571	1
226	455	178	459	178	70	72	0.027027	0	0.391209	1
227	332	203	333	204	70	71	0.0135135	0	0.446154	1
228	404	191	402	191	70	71	0.0135135	0	0.41978	2
229	359	225	359	225	71	72	0	0	0.494505	1
230	413	193	411	192	71	72	0.0202703	0	0.424176	2
231	237	163	249	163	71	76	0.0810811	0	0.358242	1
232	308	183	308	183	71	72	0	0	0.402198	1
233	452	197	454	196	71	72	0.0202703	0	0.432967	1
234	338	177	349	178	71	74	0.0810811	0	0.389011	1
235	119	282	148	281	71	77	0.202703	0	0.61978	1
236	489	211	485	212	71	74	0.0337838	0	0.463736	2
237	486	188	481	188	71	74	0.0337838	0	0.413187	2
238	309	198	306	198	72	74	0.0202703	0	0.435165	2
239	298	191	295	190	72	74	0.027027	0	0.41978	2
240	435	187	436	188	72	73	0.0135135	0	0.410989	1
241	359	193	359	193	72	73	0	0	0.424176	1
242	601	152	603	152	72	73	0.0135135	0	0.334066	1
243	98	411	97	412	72	80	0.0135135	0	0.903297	2
244	297	226	295	226	72	73	0.0135135	0	0.496703	2
245	603	181	604	182	72	73	0.0135135	0	0.397802	1
246	334	207	336	206	72	74	0.0202703	0	0.454945	1
247	439	206	440	207	72	73	0.0135135	0	0.452747	1
248	410	202	406	203	72	74	0.0337838	0	0.443956	2
249	296	208	294	207	73	75	0.0202703	0	0.457143	2
250	360	226	360	226	73	74	0	0	0.496703	1
251	413	190	411	190	73	76	0.0135135	0	0.417582	2
252	609	169	608	169	73	74	0.00675676	0	0.371429	2
253	308	182	308	182	73	74	0	0	0.4	1
254	402	193	400	193	73	74	0.0135135	0	0.424176	2
255	236	193	245	192	73	76	0.0675676	0	0.424176	1
256	439	189	440	190	74	75	0.0135135	0	0.415385	1
257	373	191	372	190	74	75	0.0135135	0	0.41978	2
258	606	153	612	154	74	76	0.0472973	0	0.336264	1
259	343	196	351	197	74	76	0.0608108	0	0.430769	1
260	599	183	604	183	74	75	0.0337838	0	0.402198	1
261	383	329	394	331	74	80	0.101351	0	0.723077	1
262	142	305	143	306	74	75	0.0135135	0	0.67033	1
263	24	402	24	402	74	76	0	0	0.883516	1
264	37	58	36	59	74	80	0.0135135	0	0.127473	2
265	443	207	448	210	74	77	0.0945946	0	0.454945	1
266	596	163	596	163	74	75	0	0	0.358242	1
267	236	178	244	178	74	77	0.0540541	0	0.391209	1
268	362	227	362	227	75	76	0	0	0.498901	1
269	305	201	298	201	75	79	0.0472973	0	0.441758	2
270	348	215	354	214	75	80	0.0472973	0	0.472527	1
271	405	201	399	201	75	79	0.0405405	0	0.441758	2
272	459	190	462	190	75	76	0.0202703	0	0.417582	1
273	369	343	372	342	75	77	0.027027	0	0.753846	1
274	129	320	134	316	75	79	0.141892	0	0.703297	1
275	349	182	356	181	75	77	0.0540541	0	0.4	1
276	293	195	286	194	75	80	0.0540541	0	0.428571	2
277	406	229	404	229	75	76	0.0135135	0	0.503297	2
278	777	163	777	164	75	80	0.00675676	0	0.358242	1
279	701	67	700	68	75	80	0.0135135	0	0.147253	2
280	485	186	484	185	75	76	0.0135135	0	0.408791	2
281	444	192	446	192	76	77	0.0135135	0	0.421978	1
282	293	206	289	205	76	79	0.0337838	0	0.452747	2
283	366	193	367	192	76	77	0.0135135	0	0.424176	1
284	610	184	611	184	76	77	0.00675676	0	0.404396	1
285	814	137	813	137	76	80	0.00675676	0	0.301099	2
286	370	205	371	204	76	77	0.0135135	0	0.450549	1
287	292	222	289	220	76	77	0.0472973	0	0.487912	2
288	313	204	314	204	76	77	0.00675676	0	0.448352	1
289	376	192	375	191	76	77	0.0135135	0	0.421978	2
290	589	163	588	163	76	80	0.00675676	0	0.358242	2
291	382	209	380	209	76	77	0.0135135	0	0.459341	2
292	363	228	364	227	77	80	0.0135135	0	0.501099	1
293	411	191	410	191	77	78	0.00675676	0	0.41978	2
294	254	163	263	162	77	80	0.0675676	0	0.358242	1
295	478	165	487	165	77	80	0.0608108	0	0.362637	1
296	615	157	618	156	77	78	0.027027	0	0.345055	1
297	364	215	368	214	77	80	0.0337838	0	0.472527	1
298	303	227	302	226	77	78	0.0135135	0	0.498901	2
299	540	211	539	211	77	80	0.00675676	0	0.463736	2
300	448	194	450	194	78	79	0.0135135	0	0.426374	1
301	147	306	155	303	78	80	0.114865	0	0.672527	1
302	466	195	467	194	78	79	0.0135135	0	0.428571	1
303	298	216	294	217	78	80	0.0337838	0	0.474725	2
304	620	182	623	182	78	79	0.0202703	0	0.4	1
305	306	190	305	190	78	79	0.00675676	0	0.417582	2
306	372	203	374	202	78	79	0.0202703	0	0.446154	1
307	367	180	370	180	78	79	0.0202703	0	0.395604	1
308	475	184	476	184	78	79	0.00675676	0	0.404396	1
309	498	194	495	194	78	80	0.0202703	0	0.426374	2
310	410	215	407	216	78	80	0.027027	0	0.472527	2
311	600	197	599	197	78	80	0.00675676	0	0.432967	2
312	255	182	261	181	78	80	0.0472973	0	0.4	1
313	409	192	407	192	79	80	0.0135135	0	0.421978	2
314	369	192	370	191	79	80	0.0135135	0	0.421978	1
315	454	223	455	224	79	80	0.0135135	0	0.49011	1
316	621	155	624	155	79	80	0.0202703	0	0.340659	1
317	395	191	394	191	79	80	0.00675676	0	0.41978	2
318	174	299	178	299	79	80	0.027027	0	0.657143	1
319	613	186	617	185	79	80	0.0337838	0	0.408791	1