
0	774	157	773	154	52	54	0.0158983	0	0.395466	2
1	480	52	478	52	52	59	0.00317965	0	0.130982	2
2	751	64	747	64	52	65	0.0063593	0	0.161209	2
3	556	175	556	174	53	54	0.00158983	0	0.440806	1
4	634	164	633	161	53	54	0.0158983	0	0.413098	2
5	596	172	595	170	53	54	0.00794913	0	0.433249	2
6	703	50	702	54	53	77	0.027027	0	0.125945	2
7	602	192	601	191	54	55	0.00317965	0	0.483627	2
8	650	182	647	181	54	56	0.0063593	0	0.458438	2
9	619	219	617	222	54	61	0.0174881	0	0.551637	2
10	674	160	672	159	54	56	0.00476948	0	0.403023	2
11	598	160	598	158	54	55	0.0063593	0	0.403023	1
12	617	206	615	205	54	59	0.00476948	0	0.518892	2
13	778	171	776	168	54	57	0.0174881	0	0.43073	2
14	631	151	630	151	54	55	0.00158983	0	0.380353	2
15	523	212	524	210	54	56	0.00794913	0	0.534005	1
16	787	151	786	150	54	56	0.00317965	0	0.380353	2
17	664	151	663	141	54	61	0.160572	0	0.380353	2
18	773	154	771	152	55	58	0.00953895	0	0.387909	2
19	619	164	620	163	55	57	0.00317965	0	0.413098	1
20	503	229	503	229	55	56	0	0	0.576826	1
21	744	122	739	124	55	58	0.0143084	0	0.307305	2
22	559	174	559	173	55	56	0.00158983	0	0.438287	1
23	264	147	256	159	55	84	0.241653	0	0.370277	2
24	616	176	616	173	56	57	0.0143084	0	0.443325	1
25	600	189	599	186	56	58	0.0158983	0	0.476071	2
26	659	161	658	160	56	57	0.00317965	0	0.405542	2
27	672	177	671	177	56	57	0.00158983	0	0.445844	2
28	241	103	233	115	56	86	0.241653	0	0.259446	2
29	599	157	600	153	56	58	0.027027	0	0.395466	1
30	657	191	656	190	56	58	0.00317965	0	0.481108	2
31	596	167	597	161	56	59	0.0588235	0	0.420655	1
32	789	218	781	220	57	69	0.0190779	0	0.549118	2
33	614	183	614	180	57	58	0.0143084	0	0.460957	1
34	635	153	635	150	57	59	0.0143084	0	0.38539	1
35	575	153	577	153	57	58	0.00317965	0	0.38539	1
36	671	161	671	160	57	58	0.00158983	0	0.405542	1
37	736	174	735	174	57	58	0.00158983	0	0.438287	2
38	781	154	780	154	57	60	0.00158983	0	0.387909	2
39	814	94	809	110	57	90	0.414944	0	0.236776	2
40	634	199	632	200	57	59	0.00476948	0	0.501259	2
41	810	106	799	106	58	63	0.0174881	0	0.267003	2
42	615	170	615	167	58	59	0.0143084	0	0.428212	1
43	802	213	804	211	58	60	0.00953895	0	0.536524	1
44	672	179	672	178	58	59	0.00158983	0	0.450882	1
45	513	217	513	216	58	59	0.00158983	0	0.546599	1
46	633	188	631	187	58	59	0.00476948	0	0.473552	2
47	649	177	647	177	58	60	0.00317965	0	0.445844	2
48	601	202	599	201	58	59	0.00476948	0	0.508816	2
49	517	193	520	190	58	62	0.0190779	0	0.486146	1
50	654	158	654	157	58	59	0.00158983	0	0.397985	1
51	625	174	625	171	58	59	0.0143084	0	0.438287	1
52	610	152	609	150	58	59	0.00794913	0	0.382872	2
53	599	185	598	183	59	60	0.00794913	0	0.465995	2
54	614	177	614	172	59	61	0.0397456	0	0.445844	1
55	296	173	296	173	59	62	0	0	0.435768	1
56	734	175	729	175	59	65	0.00794913	0	0.440806	2
57	776	168	774	173	59	65	0.0429253	0	0.423174	2
58	540	172	544	166	59	62	0.063593	0	0.433249	1
59	580	155	580	155	59	61	0	0	0.390428	1
60	625	153	624	152	59	60	0.00317965	0	0.38539	2
61	541	191	542	188	59	60	0.0158983	0	0.481108	1
62	679	158	677	154	59	63	0.0286169	0	0.397985	2
63	635	163	634	161	59	60	0.00794913	0	0.410579	2
64	514	217	514	216	60	61	0.00158983	0	0.546599	1
65	620	164	620	162	60	61	0.0063593	0	0.413098	1
66	635	147	632	145	60	63	0.0111288	0	0.370277	2
67	614	206	613	205	60	61	0.00317965	0	0.518892	2
68	601	152	600	151	60	61	0.00317965	0	0.382872	2
69	477	52	472	68	60	90	0.414944	0	0.130982	2
70	597	200	596	198	60	61	0.00794913	0	0.503778	2
71	673	179	668	179	60	70	0.00794913	0	0.450882	2
72	736	126	733	126	60	63	0.00476948	0	0.31738	2
73	263	112	253	121	60	83	0.144674	0	0.282116	2
74	505	232	505	231	60	61	0.00158983	0	0.584383	1
75	537	154	537	154	60	61	0	0	0.387909	1
76	655	197	652	196	60	62	0.0063593	0	0.496222	2
77	733	161	727	160	60	65	0.0111288	0	0.405542	2
78	485	34	481	49	60	90	0.36407	0	0.0856423	2
79	598	182	597	179	61	62	0.0158983	0	0.458438	2
80	806	212	802	212	61	70	0.0063593	0	0.534005	2
81	761	111	760	111	61	62	0.00158983	0	0.279597	2
82	787	153	786	153	61	62	0.00158983	0	0.38539	2
83	766	165	764	165	61	63	0.00317965	0	0.415617	2
84	794	102	777	103	61	67	0.0286169	0	0.256927	2
85	620	163	619	161	62	63	0.00794913	0	0.410579	2
86	619	222	616	219	62	64	0.0190779	0	0.559194	2
87	669	145	657	142	62	68	0.0333863	0	0.365239	2
88	775	154	775	154	62	63	0	0	0.387909	1
89	730	142	727	138	62	66	0.0302067	0	0.357683	2
90	600	152	597	151	62	64	0.0063593	0	0.382872	2
91	769	122	764	122	62	64	0.00794913	0	0.307305	2
92	659	146	651	143	62	66	0.027027	0	0.367758	2
93	531	234	531	237	62	68	0.0143084	0	0.589421	1
94	447	159	443	184	62	75	1	0	0.400504	2
95	737	152	734	151	62	64	0.0063593	0	0.382872	2
96	580	155	576	156	62	71	0.00794913	0	0.390428	2
97	593	175	589	170	63	66	0.0461049	0	0.440806	2
98	510	229	515	226	63	64	0.0222576	0	0.576826	1
99	786	151	784	151	63	64	0.00317965	0	0.380353	2
100	634	199	630	199	63	64	0.0063593	0	0.501259	2
101	521	191	543	183	63	77	0.136725	0	0.481108	1
102	594	191	590	185	63	65	0.063593	0	0.481108	2
103	622	178	620	177	63	64	0.00476948	0	0.448363	2
104	250	103	247	105	63	75	0.0111288	0	0.259446	2
105	759	109	758	109	63	64	0.00158983	0	0.274559	2
106	546	165	550	161	63	68	0.0317965	0	0.415617	1
107	624	132	626	131	63	64	0.00476948	0	0.332494	1
108	618	161	615	160	64	66	0.0063593	0	0.405542	2
109	637	151	635	150	64	65	0.00476948	0	0.380353	2
110	627	146	624	145	64	65	0.0063593	0	0.367758	2
111	796	107	774	106	64	71	0.036566	0	0.269521	2
112	605	177	603	176	64	65	0.00476948	0	0.445844	2
113	592	162	591	162	64	65	0.00158983	0	0.40806	2
114	787	186	787	181	64	70	0.0397456	0	0.468514	1
115	541	239	541	239	64	69	0	0	0.602015	1
116	469	115	465	114	64	67	0.00794913	0	0.289673	2
117	517	209	520	207	64	65	0.0111288	0	0.526448	1
118	681	178	679	177	65	66	0.00476948	0	0.448363	2
119	612	219	601	217	65	67	0.0238474	0	0.551637	2
120	781	159	781	158	65	66	0.00158983	0	0.400504	1
121	758	109	756	111	65	71	0.00953895	0	0.274559	2
122	775	119	774	119	65	66	0.00158983	0	0.299748	2
123	738	159	736	158	65	66	0.00476948	0	0.400504	2
124	539	183	547	179	65	69	0.0381558	0	0.460957	1
125	796	182	801	175	65	74	0.0858506	0	0.458438	1
126	539	154	542	154	65	69	0.00476948	0	0.387909	1
127	655	153	652	153	65	66	0.00476948	0	0.38539	2
128	623	145	621	144	66	67	0.00476948	0	0.365239	2
129	727	174	707	170	66	75	0.0572337	0	0.438287	2
130	633	151	631	150	66	67	0.00476948	0	0.380353	2
131	600	177	598	176	66	67	0.00476948	0	0.445844	2
132	610	170	607	170	66	68	0.00476948	0	0.428212	2
133	714	132	712	131	66	67	0.00476948	0	0.332494	2
134	668	164	665	166	66	70	0.0111288	0	0.413098	2
135	714	148	687	148	66	79	0.0429253	0	0.372796	2
136	615	160	614	160	67	69	0.00158983	0	0.403023	2
137	725	137	718	134	67	70	0.0254372	0	0.345088	2
138	782	155	782	154	67	68	0.00158983	0	0.390428	1
139	622	200	621	202	67	68	0.00794913	0	0.503778	2
140	623	187	622	188	67	68	0.00317965	0	0.471033	2
141	774	172	775	169	67	69	0.0158983	0	0.433249	1
142	752	124	749	124	67	68	0.00476948	0	0.312343	2
143	520	210	521	209	67	69	0.00317965	0	0.528967	1
144	605	156	604	156	67	69	0.00158983	0	0.392947	2
145	630	148	629	147	68	69	0.00317965	0	0.372796	2
146	707	89	703	88	68	69	0.00794913	0	0.224181	2
147	734	177	733	177	68	69	0.00158983	0	0.445844	2
148	562	186	572	186	68	70	0.0158983	0	0.468514	1
149	737	153	734	152	68	70	0.0063593	0	0.38539	2
150	647	143	644	143	68	69	0.00476948	0	0.360202	2
151	586	175	590	173	68	69	0.0127186	0	0.440806	1
152	791	164	797	157	68	76	0.0874404	0	0.413098	1
153	300	59	298	74	68	90	0.36089	0	0.148615	2
154	622	204	621	204	69	70	0.00158983	0	0.513854	2
155	621	188	619	187	69	72	0.00476948	0	0.473552	2
156	605	146	604	146	69	70	0.00158983	0	0.367758	2
157	750	123	747	122	69	70	0.0063593	0	0.309824	2
158	607	170	606	169	69	70	0.00317965	0	0.428212	2
159	590	159	589	159	69	70	0.00158983	0	0.400504	2
160	619	143	618	142	69	70	0.00317965	0	0.360202	2
161	467	110	466	110	69	70	0.00158983	0	0.277078	2
162	482	63	480	78	69	90	0.36089	0	0.15869	2
163	577	182	596	183	69	73	0.0317965	0	0.458438	1
164	630	147	630	146	70	71	0.00158983	0	0.370277	1
165	610	159	610	158	70	71	0.00158983	0	0.400504	1
166	734	174	732	173	70	71	0.00476948	0	0.438287	2
167	786	151	787	150	70	71	0.00317965	0	0.380353	1
168	775	168	776	166	70	71	0.00794913	0	0.423174	1
169	644	143	643	142	70	71	0.00317965	0	0.360202	2
170	340	264	336	262	70	71	0.0127186	0	0.664987	2
171	542	155	547	155	70	72	0.00794913	0	0.390428	1
172	549	178	556	175	70	74	0.0254372	0	0.448363	1
173	652	157	651	157	70	72	0.00158983	0	0.395466	2
174	736	119	727	117	70	73	0.0206677	0	0.299748	2
175	715	132	713	131	71	72	0.00476948	0	0.332494	2
176	602	146	599	144	71	74	0.0111288	0	0.367758	2
177	785	217	791	211	71	75	0.0667727	0	0.546599	1
178	620	140	620	139	71	72	0.00158983	0	0.352645	1
179	622	203	622	201	71	72	0.0063593	0	0.511335	1
180	804	213	804	212	71	75	0.00158983	0	0.536524	1
181	744	124	723	124	71	77	0.0333863	0	0.312343	2
182	620	157	620	154	71	74	0.0143084	0	0.395466	1
183	672	180	671	176	71	75	0.027027	0	0.453401	2
184	787	181	789	176	71	74	0.0429253	0	0.455919	1
185	463	108	460	107	71	73	0.0063593	0	0.27204	2
186	760	159	750	157	71	74	0.0222576	0	0.400504	2
187	696	125	694	127	71	72	0.00953895	0	0.314861	2
188	743	155	739	153	71	72	0.0127186	0	0.390428	2
189	632	147	633	145	72	74	0.00794913	0	0.370277	1
190	730	173	726	171	72	73	0.0127186	0	0.435768	2
191	610	160	610	158	72	73	0.0063593	0	0.403023	1
192	663	174	659	173	72	73	0.00794913	0	0.438287	2
193	724	146	722	145	72	73	0.00476948	0	0.367758	2
194	780	166	782	163	72	74	0.0174881	0	0.418136	1
195	785	151	785	150	72	73	0.00158983	0	0.380353	1
196	763	169	761	169	72	73	0.00317965	0	0.425693	2
197	570	172	566	172	72	73	0.0063593	0	0.433249	2
198	594	240	596	241	72	77	0.00476948	0	0.604534	1
199	618	117	613	116	72	74	0.00953895	0	0.29471	2
200	642	113	642	118	72	81	0.0397456	0	0.284635	1
201	711	133	698	137	73	79	0.0461049	0	0.335013	2
202	621	139	622	137	73	76	0.00794913	0	0.350126	1
203	532	159	533	159	73	75	0.00158983	0	0.400504	1
204	621	202	618	202	73	74	0.00476948	0	0.508816	2
205	650	137	650	135	73	74	0.0063593	0	0.345088	1
206	547	162	552	162	73	75	0.00794913	0	0.40806	1
207	796	203	796	202	73	74	0.00158983	0	0.511335	1
208	585	192	589	193	73	74	0.00794913	0	0.483627	1
209	646	148	646	143	73	76	0.0397456	0	0.372796	1
210	332	211	327	212	73	76	0.00953895	0	0.531486	2
211	633	173	632	172	73	74	0.00317965	0	0.435768	2
212	644	169	644	168	73	74	0.00158983	0	0.425693	1
213	601	184	608	183	74	76	0.0127186	0	0.463476	1
214	659	175	658	176	74	75	0.00317965	0	0.440806	2
215	610	157	609	155	74	75	0.00794913	0	0.395466	2
216	786	152	786	150	74	75	0.0063593	0	0.382872	1
217	567	171	564	171	74	75	0.00476948	0	0.43073	2
218	568	212	562	214	74	76	0.0158983	0	0.534005	2
219	689	52	686	66	74	90	0.316375	0	0.130982	2
220	451	115	449	113	74	75	0.00953895	0	0.289673	2
221	784	122	780	136	74	90	0.317965	0	0.307305	2
222	633	145	633	147	75	79	0.0063593	0	0.365239	1
223	760	107	750	109	75	77	0.0222576	0	0.269521	2
224	659	138	660	136	75	77	0.00794913	0	0.347607	1
225	595	189	598	188	75	76	0.0063593	0	0.476071	1
226	600	144	600	145	75	78	0.00158983	0	0.36272	1
227	645	168	646	168	75	77	0.00158983	0	0.423174	1
228	560	185	553	185	75	77	0.0111288	0	0.465995	2
229	562	158	568	157	75	79	0.0111288	0	0.397985	1
230	648	135	650	133	75	78	0.00953895	0	0.34005	1
231	619	153	618	152	75	76	0.00317965	0	0.38539	2
232	665	152	664	151	75	76	0.00317965	0	0.382872	2
233	571	198	560	201	75	79	0.0317965	0	0.498741	2
234	788	167	787	168	75	85	0.00317965	0	0.420655	2
235	32	168	33	173	75	85	0.0413355	0	0.423174	1
236	815	80	812	94	75	90	0.316375	0	0.201511	2
237	757	49	753	62	75	90	0.27504	0	0.123426	2
238	797	201	797	199	75	76	0.0063593	0	0.506297	1
239	806	68	804	73	75	81	0.0429253	0	0.171285	2
240	605	134	604	134	75	76	0.00158983	0	0.337531	2
241	710	156	697	162	75	82	0.0779014	0	0.392947	2
242	705	173	701	177	76	81	0.0317965	0	0.435768	2
243	608	156	606	156	76	77	0.00317965	0	0.392947	2
244	561	172	558	172	76	77	0.00476948	0	0.433249	2
245	551	212	552	212	76	77	0.00158983	0	0.534005	1
246	718	148	715	149	76	77	0.0063593	0	0.372796	2
247	318	269	319	269	76	79	0.00158983	0	0.677582	1
248	553	161	555	161	76	77	0.00317965	0	0.405542	1
249	793	189	794	192	76	79	0.0158983	0	0.476071	1
250	773	121	770	134	76	90	0.27345	0	0.304786	2
251	448	165	458	163	76	80	0.0222576	0	0.415617	1
252	467	112	465	125	76	90	0.27186	0	0.282116	2
253	183	155	181	168	76	90	0.27186	0	0.390428	2
254	535	62	532	74	77	90	0.233704	0	0.156171	2
255	623	138	622	142	77	83	0.027027	0	0.347607	2
256	787	146	793	146	77	88	0.00953895	0	0.367758	1
257	326	215	324	223	77	83	0.104928	0	0.541562	2
258	792	211	795	216	77	83	0.0445151	0	0.531486	1
259	612	183	616	182	77	78	0.00794913	0	0.460957	1
260	408	58	408	60	77	80	0.0063593	0	0.146096	1
261	564	216	563	217	77	79	0.00317965	0	0.544081	2
262	646	144	646	144	77	79	0	0	0.36272	1
263	664	150	665	150	77	81	0.00158983	0	0.377834	1
264	800	200	800	200	77	79	0	0	0.503778	1
265	446	110	441	111	77	79	0.00953895	0	0.277078	2
266	606	118	602	118	77	79	0.0063593	0	0.297229	2
267	662	136	663	135	78	79	0.00317965	0	0.342569	1
268	609	157	607	158	78	79	0.00476948	0	0.395466	2
269	562	171	559	170	78	79	0.0063593	0	0.43073	2
270	657	178	654	176	78	79	0.0111288	0	0.448363	2
271	745	109	712	117	78	85	0.154213	0	0.274559	2
272	757	114	754	125	78	90	0.197138	0	0.287154	2
273	647	170	647	170	78	79	0	0	0.428212	1
274	728	161	719	164	78	81	0.0286169	0	0.405542	2
275	658	160	657	159	78	81	0.00317965	0	0.403023	2
276	481	81	479	92	78	90	0.195548	0	0.20403	2
277	548	210	548	210	78	79	0	0	0.528967	1
278	556	158	557	158	78	79	0.00158983	0	0.397985	1
279	534	162	536	161	79	80	0.00476948	0	0.40806	1
280	609	203	608	204	79	80	0.00317965	0	0.511335	2
281	607	145	608	146	79	80	0.00317965	0	0.365239	1
282	652	132	652	132	79	80	0	0	0.332494	1
283	607	183	604	183	79	80	0.00476948	0	0.460957	2
284	718	148	714	148	79	80	0.0063593	0	0.372796	2
285	659	111	654	112	79	80	0.00953895	0	0.279597	2
286	561	181	542	183	79	89	0.036566	0	0.455919	2
287	621	150	621	152	79	82	0.0063593	0	0.377834	1
288	664	136	664	136	80	81	0	0	0.342569	1
289	696	137	693	137	80	81	0.00476948	0	0.345088	2
290	606	159	604	160	80	81	0.00476948	0	0.400504	2
291	651	169	650	169	80	81	0.00158983	0	0.425693	2
292	661	179	661	180	80	82	0.00158983	0	0.450882	1
293	633	146	632	147	80	83	0.00317965	0	0.367758	2
294	801	201	801	200	80	81	0.00158983	0	0.506297	1
295	648	146	646	146	80	82	0.00317965	0	0.367758	2
296	806	62	804	72	80	90	0.162162	0	0.156171	2
297	563	217	559	216	80	81	0.00794913	0	0.546599	2
298	791	198	792	200	80	82	0.00794913	0	0.498741	1
299	548	168	545	167	80	81	0.0063593	0	0.423174	2
300	599	169	597	170	80	81	0.00476948	0	0.425693	2
301	601	119	586	126	80	86	0.101749	0	0.299748	2
302	799	153	801	153	80	82	0.00317965	0	0.38539	1
303	799	168	798	168	80	81	0.00158983	0	0.423174	2
304	616	162	615	164	80	82	0.00794913	0	0.40806	2
305	496	85	494	93	81	90	0.104928	0	0.214106	2
306	607	205	606	206	81	82	0.00317965	0	0.516373	2
307	609	148	612	149	81	85	0.0063593	0	0.372796	1
308	406	61	404	69	81	90	0.104928	0	0.153652	2
309	654	242	654	244	81	83	0.0063593	0	0.609572	1
310	543	187	541	188	81	82	0.00476948	0	0.471033	2
311	599	146	600	146	81	82	0.00158983	0	0.367758	1
312	733	58	730	66	81	90	0.106518	0	0.146096	2
313	460	163	482	168	81	90	0.0747218	0	0.410579	1
314	799	397	797	405	81	90	0.104928	0	1	2
315	769	330	767	338	81	90	0.104928	0	0.831234	2
316	665	137	666	138	82	83	0.00317965	0	0.345088	1
317	314	231	320	233	82	85	0.0158983	0	0.581864	1
318	702	178	700	178	82	84	0.00317965	0	0.448363	2
319	604	162	603	162	82	84	0.00158983	0	0.40806	2
320	692	138	690	138	82	83	0.00317965	0	0.347607	2
321	589	178	589	177	82	83	0.00158983	0	0.448363	1
322	655	136	655	136	82	83	0	0	0.342569	1
323	797	169	796	168	82	85	0.00317965	0	0.425693	2
324	658	161	658	162	82	83	0.00158983	0	0.405542	1
325	665	149	665	150	82	83	0.00158983	0	0.375315	1
326	682	135	681	135	82	83	0.00158983	0	0.34005	2
327	785	24	784	31	82	90	0.0794913	0	0.0604534	2
328	795	24	793	31	82	90	0.0810811	0	0.0604534	2
329	768	55	766	62	82	90	0.0810811	0	0.138539	2
330	564	185	561	187	82	84	0.0111288	0	0.465995	2
331	548	217	536	213	83	87	0.0445151	0	0.546599	2
332	605	207	596	204	83	87	0.0286169	0	0.521411	2
333	801	154	803	154	83	84	0.00317965	0	0.387909	1
334	793	201	796	199	83	87	0.0111288	0	0.506297	1
335	601	148	601	148	83	85	0	0	0.372796	1
336	552	172	550	173	83	84	0.00476948	0	0.433249	2
337	622	154	623	154	83	84	0.00158983	0	0.387909	1
338	541	184	527	184	83	90	0.0222576	0	0.463476	2
339	612	176	602	173	83	89	0.0302067	0	0.443325	2
340	749	100	747	106	83	90	0.0604134	0	0.251889	2
341	631	190	632	192	83	84	0.00794913	0	0.478589	1
342	669	141	670	144	84	85	0.0158983	0	0.355164	1
343	633	150	633	150	84	85	0	0	0.377834	1
344	659	139	660	141	84	85	0.00794913	0	0.350126	1
345	255	117	255	118	84	85	0.00158983	0	0.29471	1
346	596	173	591	170	84	87	0.0222576	0	0.435768	2
347	685	135	685	134	84	85	0.00158983	0	0.34005	1
348	613	161	612	161	84	85	0.00158983	0	0.405542	2
349	623	143	624	144	84	87	0.00317965	0	0.360202	1
350	327	225	333	225	84	86	0.00953895	0	0.566751	1
351	650	152	653	155	84	88	0.0190779	0	0.382872	1
352	655	164	654	167	84	87	0.0158983	0	0.413098	2
353	702	152	700	153	84	85	0.00476948	0	0.382872	2
354	666	156	665	159	84	85	0.0158983	0	0.392947	2
355	682	148	681	147	84	85	0.00317965	0	0.372796	2
356	700	179	700	180	85	86	0.00158983	0	0.450882	1
357	551	219	550	220	85	86	0.00317965	0	0.551637	2
358	602	162	600	161	85	86	0.00476948	0	0.40806	2
359	543	171	541	171	85	86	0.00317965	0	0.43073	2
360	810	211	808	215	85	90	0.0286169	0	0.531486	2
361	655	187	665	184	85	88	0.0302067	0	0.471033	1
362	674	192	676	191	85	86	0.00476948	0	0.483627	1
363	805	155	804	157	85	90	0.00794913	0	0.390428	2
364	742	57	740	60	85	90	0.0174881	0	0.143577	2
365	628	100	622	99	85	86	0.0111288	0	0.251889	2
366	672	147	673	148	86	87	0.00317965	0	0.370277	1
367	636	150	637	150	86	87	0.00158983	0	0.377834	1
368	613	152	614	153	86	89	0.00317965	0	0.382872	1
369	326	235	337	231	86	90	0.0429253	0	0.59194	1
370	661	143	663	143	86	87	0.00317965	0	0.360202	1
371	707	118	689	118	86	89	0.0286169	0	0.297229	2
372	256	119	254	121	86	90	0.00953895	0	0.299748	2
373	797	169	798	170	86	90	0.00317965	0	0.425693	1
374	784	162	785	162	86	90	0.00158983	0	0.40806	1
375	667	158	668	159	86	87	0.00317965	0	0.397985	1
376	702	155	702	156	86	87	0.00158983	0	0.390428	1
377	463	184	477	189	86	90	0.0620032	0	0.463476	1
378	617	206	615	206	86	87	0.00317965	0	0.518892	2
379	342	266	345	271	86	90	0.0445151	0	0.670025	1
380	624	154	626	155	86	89	0.00476948	0	0.387909	1
381	295	186	293	188	86	90	0.00953895	0	0.468514	2
382	36	173	34	171	86	89	0.00953895	0	0.435768	2
383	601	161	598	160	87	88	0.0063593	0	0.405542	2
384	549	222	541	221	87	90	0.0143084	0	0.559194	2
385	701	180	700	179	87	88	0.00317965	0	0.453401	2
386	538	172	535	171	87	88	0.0063593	0	0.433249	2
387	691	174	688	175	87	89	0.0063593	0	0.438287	2
388	415	127	409	126	87	89	0.0111288	0	0.319899	2
389	232	117	226	118	87	90	0.0111288	0	0.29471	2
390	690	144	690	144	87	88	0	0	0.36272	1
391	626	170	626	169	87	89	0.00158983	0	0.428212	1
392	639	153	640	154	88	90	0.00317965	0	0.38539	1
393	677	149	678	149	88	89	0.00158983	0	0.375315	1
394	536	213	530	217	88	90	0.0349762	0	0.536524	2
395	628	145	628	145	88	89	0	0	0.365239	1
396	557	177	554	179	88	90	0.0111288	0	0.445844	2
397	667	147	671	148	88	90	0.00794913	0	0.370277	1
398	588	168	585	167	88	89	0.0063593	0	0.423174	2
399	610	197	604	197	88	90	0.00953895	0	0.496222	2
400	643	199	643	199	88	89	0	0	0.501259	1
401	609	163	608	164	88	89	0.00317965	0	0.410579	2
402	653	173	653	173	88	89	0	0	0.435768	1
403	593	203	591	205	89	90	0.00953895	0	0.511335	2
404	547	64	545	65	89	90	0.00476948	0	0.161209	2
405	590	156	586	156	89	90	0.0063593	0	0.392947	2
406	533	172	530	172	89	90	0.00476948	0	0.433249	2
407	661	190	662	191	89	90	0.00317965	0	0.478589	1
408	667	176	668	176	89	90	0.00158983	0	0.443325	1
409	701	181	699	182	89	90	0.00476948	0	0.455919	2
410	793	147	791	148	89	90	0.00476948	0	0.370277	2
411	670	166	670	167	89	90	0.00158983	0	0.418136	1
412	611	206	606	206	89	90	0.00794913	0	0.518892	2