
0	494	208	494	210	62	63	0.018018	0	0.459161	1
1	463	215	460	213	62	63	0.0315315	0	0.474614	2
2	274	173	273	173	62	64	0.0045045	0	0.381898	2
3	561	156	562	155	62	63	0.00900901	0	0.344371	1
4	361	370	363	368	62	64	0.027027	0	0.816777	1
5	573	194	572	193	63	64	0.00900901	0	0.428256	2
6	495	176	501	175	63	65	0.0315315	0	0.388521	1
7	508	177	509	176	63	64	0.00900901	0	0.390728	1
8	530	183	532	182	63	64	0.0135135	0	0.403974	1
9	381	364	381	363	63	65	0.0045045	0	0.803532	1
10	557	192	557	192	63	64	0	0	0.423841	1
11	573	170	568	167	63	68	0.0630631	0	0.375276	2
12	495	212	496	212	64	65	0.0045045	0	0.467991	1
13	458	212	453	213	64	66	0.027027	0	0.467991	2
14	576	147	578	144	64	66	0.0495495	0	0.324503	1
15	469	219	467	218	64	65	0.0135135	0	0.483444	2
16	558	154	560	153	64	65	0.0135135	0	0.339956	1
17	501	188	504	187	64	65	0.018018	0	0.415011	1
18	574	199	573	195	65	68	0.0765766	0	0.439294	2
19	33	377	35	376	65	70	0.0135135	0	0.83223	1
20	273	173	270	173	65	69	0.0135135	0	0.381898	2
21	478	212	484	212	65	66	0.027027	0	0.467991	1
22	352	329	346	329	65	66	0.027027	0	0.726269	2
23	530	179	531	176	65	66	0.045045	0	0.395143	1
24	455	168	457	167	65	67	0.0135135	0	0.370861	1
25	700	120	695	121	65	68	0.027027	0	0.264901	2
26	743	167	743	167	65	79	0	0	0.368653	1
27	548	108	547	108	65	67	0.0045045	0	0.238411	2
28	477	236	477	235	65	69	0.0045045	0	0.520971	1
29	365	371	364	372	65	72	0.00900901	0	0.818985	2
30	514	175	517	174	66	67	0.018018	0	0.386313	1
31	450	68	450	67	66	67	0.0045045	0	0.15011	1
32	374	367	373	366	66	67	0.00900901	0	0.810155	2
33	507	187	510	186	66	67	0.018018	0	0.412804	1
34	465	219	462	218	66	67	0.018018	0	0.483444	2
35	41	307	24	304	66	73	0.117117	0	0.677704	2
36	730	163	730	163	66	68	0	0	0.359823	1
37	583	194	583	193	66	67	0.0045045	0	0.428256	1
38	33	366	29	366	66	73	0.018018	0	0.807947	2
39	555	96	553	95	66	68	0.0135135	0	0.211921	2
40	24	453	24	452	66	72	0.0045045	0	1	1
41	350	320	337	316	67	70	0.130631	0	0.706402	2
42	531	164	532	162	67	68	0.0225225	0	0.362031	1
43	360	324	343	319	67	71	0.189189	0	0.715232	2
44	579	143	580	141	67	68	0.0225225	0	0.315673	1
45	492	86	491	85	67	68	0.00900901	0	0.189845	2
46	451	214	447	214	67	68	0.018018	0	0.472406	2
47	579	169	577	169	67	69	0.00900901	0	0.373068	2
48	566	158	565	158	67	68	0.0045045	0	0.348786	2
49	488	204	491	204	67	68	0.0135135	0	0.450331	1
50	472	247	471	246	67	69	0.00900901	0	0.545254	2
51	493	69	492	68	68	70	0.00900901	0	0.152318	2
52	337	328	331	324	68	70	0.0990991	0	0.724062	2
53	514	188	517	187	68	69	0.018018	0	0.415011	1
54	715	115	715	115	68	100	0	0	0.253863	1
55	453	152	453	153	68	70	0.0045045	0	0.335541	1
56	738	149	733	152	68	91	0.0630631	0	0.328918	2
57	450	67	450	66	68	72	0.0045045	0	0.147903	1
58	46	303	43	302	68	69	0.018018	0	0.668874	2
59	575	194	577	192	69	71	0.027027	0	0.428256	1
60	541	164	546	162	69	71	0.0405405	0	0.362031	1
61	562	170	561	170	69	70	0.0045045	0	0.375276	2
62	546	101	537	100	69	74	0.045045	0	0.222958	2
63	455	78	455	79	69	73	0.0045045	0	0.172185	1
64	259	164	254	161	69	73	0.0630631	0	0.362031	2
65	511	209	518	206	69	70	0.0720721	0	0.461369	1
66	448	212	444	211	69	70	0.0225225	0	0.467991	2
67	544	118	543	119	69	70	0.00900901	0	0.260486	2
68	584	221	588	215	69	75	0.18018	0	0.487859	1
69	169	193	166	192	70	71	0.018018	0	0.426049	2
70	499	211	500	209	70	71	0.0225225	0	0.465784	1
71	519	173	521	173	70	71	0.00900901	0	0.381898	1
72	271	143	270	142	70	71	0.00900901	0	0.315673	2
73	269	172	261	169	70	76	0.0765766	0	0.379691	2
74	514	187	517	186	70	71	0.018018	0	0.412804	1
75	531	183	534	184	70	71	0.018018	0	0.403974	1
76	42	305	39	304	70	71	0.018018	0	0.673289	2
77	705	119	704	118	70	71	0.00900901	0	0.262693	2
78	579	153	578	152	70	71	0.00900901	0	0.337748	2
79	682	101	681	102	70	72	0.00900901	0	0.222958	2
80	532	152	532	152	70	71	0	0	0.335541	1
81	590	137	587	137	70	71	0.0135135	0	0.302428	2
82	569	153	566	153	70	71	0.0135135	0	0.337748	2
83	495	192	499	190	70	72	0.036036	0	0.423841	1
84	244	44	244	44	70	100	0	0	0.0971302	1
85	36	376	35	375	71	75	0.00900901	0	0.830022	2
86	327	323	323	322	71	72	0.0225225	0	0.713024	2
87	51	369	49	366	71	72	0.0495495	0	0.81457	2
88	436	214	431	214	71	72	0.0225225	0	0.472406	2
89	566	171	561	173	71	74	0.0405405	0	0.377483	2
90	539	123	539	124	71	72	0.0045045	0	0.271523	1
91	157	24	157	24	71	100	0	0	0.0529801	1
92	463	245	456	244	71	72	0.036036	0	0.540839	2
93	461	167	461	167	71	72	0	0	0.368653	1
94	579	193	579	194	72	76	0.0045045	0	0.426049	1
95	531	207	545	212	72	76	0.175676	0	0.456954	1
96	523	177	524	178	72	73	0.00900901	0	0.390728	1
97	164	194	161	194	72	73	0.0135135	0	0.428256	2
98	698	125	687	124	72	76	0.0540541	0	0.275938	2
99	533	180	536	180	72	73	0.0135135	0	0.397351	1
100	502	208	512	208	72	74	0.045045	0	0.459161	1
101	546	167	550	167	72	74	0.018018	0	0.368653	1
102	578	172	576	173	72	73	0.0135135	0	0.379691	2
103	37	306	32	306	72	74	0.0225225	0	0.675497	2
104	687	123	672	121	72	76	0.0855856	0	0.271523	2
105	42	338	31	332	72	77	0.211712	0	0.746137	2
106	521	187	524	189	72	73	0.0315315	0	0.412804	1
107	510	192	512	193	72	73	0.0135135	0	0.423841	1
108	27	350	26	349	72	73	0.00900901	0	0.772627	2
109	264	24	264	24	72	99	0	0	0.0529801	1
110	650	71	650	70	72	100	0.0045045	0	0.156733	1
111	168	230	166	229	73	74	0.0135135	0	0.507726	2
112	318	320	313	317	73	74	0.0630631	0	0.706402	2
113	455	158	455	159	73	74	0.0045045	0	0.348786	1
114	432	214	423	215	73	75	0.045045	0	0.472406	2
115	541	128	546	129	73	77	0.027027	0	0.282561	1
116	267	139	266	138	73	74	0.00900901	0	0.306843	2
117	564	194	563	195	73	74	0.00900901	0	0.428256	2
118	48	365	45	363	73	74	0.0315315	0	0.80574	2
119	705	120	705	119	73	100	0.0045045	0	0.264901	1
120	570	115	568	115	73	84	0.00900901	0	0.253863	2
121	565	218	564	220	73	76	0.0225225	0	0.481236	2
122	152	220	145	218	73	77	0.0495495	0	0.485651	2
123	455	65	451	65	73	79	0.018018	0	0.143488	2
124	271	425	271	424	73	100	0.0045045	0	0.93819	1
125	802	67	795	67	73	85	0.0315315	0	0.147903	2
126	348	170	348	170	73	100	0	0	0.375276	1
127	25	452	24	453	73	81	0.00900901	0	0.997792	2
128	159	194	147	192	74	79	0.0720721	0	0.428256	2
129	541	181	545	181	74	75	0.018018	0	0.399558	1
130	569	207	568	207	74	75	0.0045045	0	0.456954	2
131	259	160	254	158	74	77	0.0405405	0	0.353201	2
132	249	161	228	166	74	89	0.207207	0	0.355408	2
133	493	88	492	87	74	87	0.00900901	0	0.19426	2
134	35	364	34	363	74	75	0.00900901	0	0.803532	2
135	448	83	448	82	74	99	0.0045045	0	0.183223	1
136	558	232	559	231	74	82	0.00900901	0	0.512141	1
137	495	70	494	69	75	78	0.00900901	0	0.154525	2
138	534	180	536	180	75	76	0.00900901	0	0.397351	1
139	307	317	301	317	75	76	0.027027	0	0.699779	2
140	156	235	146	232	75	80	0.0855856	0	0.518764	2
141	574	151	572	150	75	76	0.0135135	0	0.333333	2
142	166	233	156	230	75	79	0.0855856	0	0.514349	2
143	260	142	249	143	75	82	0.0540541	0	0.313466	2
144	535	99	515	98	75	85	0.0945946	0	0.218543	2
145	28	301	25	300	75	76	0.018018	0	0.664459	2
146	467	174	467	174	75	76	0	0	0.384106	1
147	434	249	433	248	75	76	0.00900901	0	0.549669	2
148	732	166	732	165	75	76	0.0045045	0	0.366446	1
149	600	222	603	222	76	79	0.0135135	0	0.490066	1
150	34	376	33	375	76	78	0.00900901	0	0.830022	2
151	546	180	549	180	76	77	0.0135135	0	0.397351	1
152	316	369	314	368	76	80	0.0135135	0	0.81457	2
153	465	139	459	141	76	86	0.045045	0	0.306843	2
154	37	358	33	356	76	77	0.036036	0	0.790287	2
155	733	194	733	193	76	77	0.0045045	0	0.428256	1
156	539	201	542	201	76	77	0.0135135	0	0.443709	1
157	581	192	584	190	77	80	0.0315315	0	0.423841	1
158	571	151	569	149	77	78	0.027027	0	0.333333	2
159	583	182	584	181	77	78	0.00900901	0	0.401766	1
160	535	181	537	181	77	78	0.00900901	0	0.399558	1
161	547	213	550	213	77	81	0.0135135	0	0.470199	1
162	260	171	251	173	77	82	0.0585586	0	0.377483	2
163	31	313	28	312	77	78	0.018018	0	0.690949	2
164	562	208	560	209	77	79	0.0135135	0	0.459161	2
165	431	248	422	244	77	79	0.112613	0	0.547461	2
166	728	155	727	155	77	78	0.0045045	0	0.342163	2
167	731	165	730	164	77	78	0.00900901	0	0.364238	2
168	595	164	594	164	77	78	0.0045045	0	0.362031	2
169	569	170	569	169	78	79	0.0045045	0	0.375276	1
170	548	128	550	127	78	79	0.0135135	0	0.282561	1
171	523	210	525	212	78	80	0.027027	0	0.463576	1
172	555	185	559	183	78	79	0.036036	0	0.408389	1
173	470	172	468	171	78	81	0.0135135	0	0.379691	2
174	595	143	595	143	78	79	0	0	0.315673	1
175	679	124	659	123	78	84	0.0945946	0	0.273731	2
176	406	209	380	207	78	83	0.135135	0	0.461369	2
177	266	138	257	140	78	83	0.0585586	0	0.304636	2
178	493	71	492	70	79	87	0.00900901	0	0.156733	2
179	538	181	539	181	79	80	0.0045045	0	0.399558	1
180	288	312	273	310	79	81	0.0855856	0	0.688742	2
181	299	316	264	309	79	84	0.378378	0	0.697572	2
182	28	313	25	313	79	80	0.0135135	0	0.690949	2
183	141	217	138	216	79	80	0.018018	0	0.479029	2
184	560	203	564	201	80	81	0.036036	0	0.448124	1
185	535	211	538	210	80	81	0.018018	0	0.465784	1
186	145	189	118	189	80	94	0.121622	0	0.417219	2
187	596	144	596	142	80	84	0.018018	0	0.317881	1
188	569	168	569	167	80	81	0.0045045	0	0.370861	1
189	564	184	567	183	80	81	0.018018	0	0.406181	1
190	552	128	554	127	80	81	0.0135135	0	0.282561	1
191	579	147	578	146	80	81	0.00900901	0	0.324503	2
192	607	222	608	221	80	83	0.00900901	0	0.490066	1
193	445	67	444	66	80	100	0.00900901	0	0.147903	2
194	721	158	695	172	80	100	1	0	0.348786	2
195	156	227	149	226	80	82	0.036036	0	0.501104	2
196	595	82	596	80	80	100	0.0225225	0	0.181015	1
197	709	167	684	180	80	100	0.873874	0	0.368653	2
198	559	166	560	164	80	81	0.0225225	0	0.366446	1
199	526	213	525	213	81	82	0.0045045	0	0.470199	2
200	143	232	140	231	81	82	0.018018	0	0.512141	2
201	392	238	390	239	81	82	0.0135135	0	0.525386	2
202	553	202	554	201	81	82	0.00900901	0	0.445916	1
203	737	160	737	159	81	83	0.0045045	0	0.353201	1
204	480	75	479	74	81	86	0.00900901	0	0.165563	2
205	567	202	569	202	82	83	0.00900901	0	0.445916	1
206	557	179	558	179	82	83	0.0045045	0	0.395143	1
207	569	182	571	180	82	83	0.027027	0	0.401766	1
208	266	310	236	304	82	87	0.297297	0	0.684327	2
209	469	174	466	176	82	87	0.0315315	0	0.384106	2
210	564	146	563	145	82	83	0.00900901	0	0.322296	2
211	537	199	538	198	82	83	0.00900901	0	0.439294	1
212	657	103	656	103	82	83	0.0045045	0	0.227373	2
213	526	214	527	214	83	85	0.0045045	0	0.472406	1
214	139	229	136	228	83	84	0.018018	0	0.505519	2
215	557	202	559	202	83	84	0.00900901	0	0.445916	1
216	249	173	245	173	83	86	0.018018	0	0.381898	2
217	571	170	571	169	83	84	0.0045045	0	0.375276	1
218	606	172	607	172	83	84	0.0045045	0	0.379691	1
219	468	71	467	70	83	87	0.00900901	0	0.156733	2
220	548	180	549	179	83	85	0.00900901	0	0.397351	1
221	146	245	118	239	83	95	0.288288	0	0.540839	2
222	135	196	106	199	83	98	0.171171	0	0.432671	2
223	795	279	797	278	83	100	0.0135135	0	0.615894	1
224	570	205	570	207	84	85	0.018018	0	0.452539	1
225	537	183	538	181	84	86	0.0225225	0	0.403974	1
226	560	179	561	178	84	85	0.00900901	0	0.395143	1
227	551	212	553	212	84	85	0.00900901	0	0.467991	1
228	611	222	611	222	84	85	0	0	0.490066	1
229	535	204	536	204	84	85	0.0045045	0	0.450331	1
230	571	179	572	177	84	85	0.0225225	0	0.395143	1
231	259	143	257	142	84	89	0.0135135	0	0.315673	2
232	464	162	463	163	84	86	0.00900901	0	0.357616	2
233	380	213	373	211	84	85	0.0495495	0	0.470199	2
234	248	146	240	145	84	89	0.0405405	0	0.322296	2
235	538	194	538	193	84	85	0.0045045	0	0.428256	1
236	735	163	735	164	84	86	0.0045045	0	0.359823	1
237	601	226	601	225	84	86	0.0045045	0	0.498896	1
238	657	102	658	100	84	100	0.0225225	0	0.225166	1
239	604	148	605	148	85	87	0.0045045	0	0.326711	1
240	572	166	572	165	85	86	0.0045045	0	0.366446	1
241	457	178	449	180	85	92	0.0540541	0	0.392936	2
242	610	171	615	175	85	94	0.0945946	0	0.377483	1
243	563	126	571	124	85	89	0.0540541	0	0.278146	1
244	551	201	553	202	85	86	0.0135135	0	0.443709	1
245	237	312	231	310	85	86	0.045045	0	0.688742	2
246	597	212	597	211	85	87	0.0045045	0	0.467991	1
247	571	211	572	211	86	87	0.0045045	0	0.465784	1
248	568	201	571	202	86	88	0.018018	0	0.443709	1
249	557	214	560	216	86	87	0.0315315	0	0.472406	1
250	563	178	564	178	86	87	0.0045045	0	0.392936	1
251	528	214	531	215	86	90	0.018018	0	0.472406	1
252	573	175	573	175	86	87	0	0	0.386313	1
253	525	90	525	89	86	87	0.0045045	0	0.198675	1
254	514	98	511	97	86	87	0.018018	0	0.216336	2
255	611	224	609	223	86	87	0.0135135	0	0.494481	2
256	584	175	587	174	86	87	0.018018	0	0.386313	1
257	24	453	25	452	86	100	0.00900901	0	1	1
258	539	181	541	180	87	89	0.0135135	0	0.399558	1
259	573	165	573	164	87	88	0.0045045	0	0.364238	1
260	550	210	550	211	87	88	0.0045045	0	0.463576	1
261	580	186	581	188	87	88	0.0225225	0	0.410596	1
262	538	193	540	192	87	89	0.0135135	0	0.426049	1
263	453	159	450	158	87	90	0.018018	0	0.350993	2
264	463	164	460	162	87	89	0.0315315	0	0.362031	2
265	480	74	480	73	87	89	0.0045045	0	0.163355	1
266	583	149	588	147	87	89	0.0405405	0	0.328918	1
267	461	148	454	149	87	92	0.036036	0	0.326711	2
268	645	123	620	121	87	93	0.130631	0	0.271523	2
269	493	70	494	70	88	93	0.0045045	0	0.154525	1
270	566	218	570	218	88	89	0.018018	0	0.481236	1
271	599	143	599	143	88	89	0	0	0.315673	1
272	570	151	570	150	88	89	0.0045045	0	0.333333	1
273	577	176	578	177	88	89	0.00900901	0	0.388521	1
274	601	173	600	172	88	89	0.00900901	0	0.381898	2
275	525	89	526	88	88	100	0.00900901	0	0.196468	1
276	604	225	605	224	88	89	0.00900901	0	0.496689	1
277	735	165	732	165	88	91	0.0135135	0	0.364238	2
278	508	97	502	95	88	90	0.045045	0	0.214128	2
279	244	174	241	173	88	89	0.018018	0	0.384106	2
280	243	314	239	315	88	89	0.0225225	0	0.693157	2
281	466	176	458	180	88	93	0.108108	0	0.388521	2
282	552	212	551	213	89	91	0.00900901	0	0.467991	2
283	574	164	575	163	89	93	0.00900901	0	0.362031	1
284	540	206	540	207	89	91	0.0045045	0	0.454746	1
285	117	216	115	216	89	90	0.00900901	0	0.476821	2
286	125	228	120	229	89	90	0.027027	0	0.503311	2
287	559	173	563	176	89	92	0.0585586	0	0.381898	1
288	216	303	203	301	89	91	0.0765766	0	0.668874	2
289	578	218	587	214	90	93	0.112613	0	0.481236	1
290	543	178	543	179	90	92	0.0045045	0	0.392936	1
291	235	176	231	175	90	92	0.0225225	0	0.388521	2
292	607	152	606	153	90	91	0.00900901	0	0.335541	2
293	574	204	580	204	90	93	0.027027	0	0.450331	1
294	573	124	576	125	90	92	0.018018	0	0.273731	1
295	579	178	580	179	90	91	0.00900901	0	0.392936	1
296	243	140	228	142	90	99	0.0855856	0	0.309051	2
297	562	209	563	208	90	91	0.00900901	0	0.461369	1
298	481	72	481	71	90	100	0.0045045	0	0.15894	1
299	234	318	218	326	90	92	0.36036	0	0.701987	2
300	609	163	609	164	90	92	0.0045045	0	0.359823	1
301	470	70	469	70	90	92	0.0045045	0	0.154525	2
302	562	186	563	187	90	91	0.00900901	0	0.410596	1
303	204	334	188	342	90	94	0.36036	0	0.737307	2
304	533	217	536	217	91	93	0.0135135	0	0.479029	1
305	449	160	447	161	91	92	0.0135135	0	0.353201	2
306	596	148	598	148	91	92	0.00900901	0	0.326711	1
307	114	216	112	216	91	92	0.00900901	0	0.476821	2
308	116	231	105	231	91	95	0.0495495	0	0.509934	2
309	500	96	495	96	91	93	0.0225225	0	0.211921	2
310	603	224	603	223	91	95	0.0045045	0	0.494481	1
311	743	197	739	193	91	94	0.0900901	0	0.434879	2
312	550	214	548	214	92	94	0.00900901	0	0.472406	2
313	577	182	579	182	92	93	0.00900901	0	0.401766	1
314	612	148	610	148	92	93	0.00900901	0	0.326711	2
315	206	359	206	357	92	94	0.018018	0	0.792494	1
316	565	206	567	206	92	93	0.00900901	0	0.454746	1
317	734	163	731	160	92	94	0.0540541	0	0.359823	2
318	457	164	452	165	92	95	0.027027	0	0.362031	2
319	540	207	540	207	92	93	0	0	0.456954	1
320	570	115	570	114	92	100	0.0045045	0	0.253863	1
321	230	175	227	174	93	94	0.018018	0	0.386313	2
322	579	128	586	128	93	96	0.0315315	0	0.282561	1
323	575	151	576	150	93	94	0.00900901	0	0.333333	1
324	107	213	102	213	93	95	0.0225225	0	0.470199	2
325	566	178	566	179	93	96	0.0045045	0	0.392936	1
326	588	150	589	149	93	94	0.00900901	0	0.331126	1
327	600	149	603	149	93	94	0.0135135	0	0.328918	1
328	206	304	185	302	93	96	0.112613	0	0.671082	2
329	603	178	604	177	93	94	0.00900901	0	0.392936	1
330	453	150	443	154	93	100	0.117117	0	0.331126	2
331	335	243	316	239	93	96	0.157658	0	0.536424	2
332	494	69	494	69	94	97	0	0	0.152318	1
333	590	213	593	214	94	96	0.018018	0	0.470199	1
334	537	217	538	214	94	95	0.045045	0	0.479029	1
335	582	184	588	182	94	97	0.045045	0	0.406181	1
336	582	203	587	204	94	97	0.027027	0	0.448124	1
337	544	181	539	183	94	100	0.0405405	0	0.399558	2
338	451	181	443	183	94	98	0.0540541	0	0.399558	2
339	492	97	489	96	94	95	0.018018	0	0.214128	2
340	592	172	593	171	94	95	0.00900901	0	0.379691	1
341	319	203	313	202	94	95	0.0315315	0	0.448124	2
342	612	122	608	121	94	95	0.0225225	0	0.269316	2
343	549	216	547	215	95	96	0.0135135	0	0.476821	2
344	579	168	581	167	95	97	0.0135135	0	0.370861	1
345	579	149	580	148	95	96	0.00900901	0	0.328918	1
346	606	179	607	179	95	96	0.0045045	0	0.395143	1
347	592	149	593	149	95	96	0.0045045	0	0.328918	1
348	731	159	730	158	95	96	0.00900901	0	0.350993	2
349	117	188	109	193	95	100	0.148649	0	0.415011	2
350	617	199	625	196	95	100	0.0765766	0	0.439294	1
351	473	85	472	85	95	97	0.0045045	0	0.187638	2
352	105	231	103	229	96	97	0.027027	0	0.509934	2
353	604	225	604	224	96	99	0.0045045	0	0.496689	1
354	224	174	222	174	96	97	0.00900901	0	0.384106	2
355	579	214	581	215	96	97	0.0135135	0	0.472406	1
356	310	206	304	206	96	97	0.027027	0	0.454746	2
357	102	215	99	214	96	97	0.018018	0	0.474614	2
358	537	215	535	217	96	100	0.027027	0	0.474614	2
359	487	96	478	96	96	99	0.0405405	0	0.211921	2
360	629	224	631	223	96	100	0.0135135	0	0.494481	1
361	451	165	447	167	96	98	0.036036	0	0.364238	2
362	173	298	145	294	96	100	0.198198	0	0.657837	2
363	589	71	588	70	96	100	0.00900901	0	0.156733	2
364	596	186	598	186	96	97	0.00900901	0	0.410596	1
365	694	74	694	73	96	100	0.0045045	0	0.163355	1
366	593	218	593	218	97	98	0	0	0.481236	1
367	733	153	730	153	97	100	0.0135135	0	0.337748	2
368	547	216	547	217	97	98	0.0045045	0	0.476821	1
369	564	178	563	179	97	99	0.00900901	0	0.392936	2
370	589	130	594	132	97	100	0.0405405	0	0.286976	1
371	612	150	619	153	97	100	0.0720721	0	0.331126	1
372	736	163	732	163	97	100	0.018018	0	0.359823	2
373	538	197	537	198	97	99	0.00900901	0	0.434879	2
374	658	90	658	89	97	100	0.0045045	0	0.198675	1
375	591	182	593	182	98	99	0.00900901	0	0.401766	1
376	221	175	219	176	98	99	0.0135135	0	0.386313	2
377	576	219	576	219	98	99	0	0	0.483444	1
378	301	210	289	209	98	100	0.0585586	0	0.463576	2
379	585	161	589	159	98	100	0.036036	0	0.355408	1
380	698	185	698	185	98	99	0	0	0.408389	1
381	548	218	548	218	99	100	0	0	0.481236	1
382	600	148	601	149	99	100	0.00900901	0	0.326711	1
383	495	72	494	71	99	100	0.00900901	0	0.15894	2
384	437	166	435	166	99	100	0.00900901	0	0.366446	2
385	102	229	100	229	99	100	0.00900901	0	0.505519	2
386	106	201	104	202	99	100	0.0135135	0	0.443709	2
387	574	185	574	185	99	100	0	0	0.408389	1
388	730	185	730	185	99	100	0	0	0.408389	1
389	631	210	631	209	99	100	0.0045045	0	0.463576	1
390	602	194	603	195	99	100	0.00900901	0	0.428256	1