
0	808	24	808	24	207	208	0	0	0.0562061	1
1	460	213	459	213	207	208	0.0142857	0	0.498829	2
2	542	203	541	202	207	208	0.0285714	0	0.47541	2
3	590	203	587	202	207	209	0.0571429	0	0.47541	2
4	772	254	771	254	207	215	0.0142857	0	0.594848	2
5	362	265	361	263	208	209	0.0714286	0	0.620609	2
6	389	238	389	237	208	209	0.0142857	0	0.557377	1
7	448	230	449	229	208	209	0.0285714	0	0.538642	1
8	444	241	444	240	208	209	0.0142857	0	0.564403	1
9	407	243	409	242	208	209	0.0428571	0	0.569087	1
10	536	215	535	214	208	209	0.0285714	0	0.503513	2
11	472	228	472	227	208	209	0.0142857	0	0.533958	1
12	400	202	401	202	209	210	0.0142857	0	0.473068	1
13	369	249	375	241	209	213	1	0	0.583138	1
14	410	223	426	223	209	215	0.228571	0	0.522248	1
15	598	210	598	208	209	210	0.0571429	0	0.491803	1
16	382	226	383	225	209	210	0.0285714	0	0.529274	1
17	459	213	458	212	209	210	0.0285714	0	0.498829	2
18	493	214	494	214	209	210	0.0142857	0	0.501171	1
19	379	247	380	245	209	210	0.0714286	0	0.578454	1
20	465	162	460	163	209	235	0.0857143	0	0.379391	2
21	115	336	127	336	209	245	0.171429	0	0.786885	1
22	516	227	518	225	210	212	0.0857143	0	0.531616	1
23	411	200	416	198	210	213	0.128571	0	0.468384	1
24	456	200	452	199	210	219	0.0714286	0	0.468384	2
25	443	240	443	237	210	213	0.128571	0	0.562061	1
26	361	261	363	258	210	212	0.157143	0	0.611241	1
27	391	237	392	233	210	211	0.242857	0	0.555035	1
28	555	217	554	216	210	211	0.0285714	0	0.508197	2
29	461	226	461	225	210	211	0.0142857	0	0.529274	1
30	471	188	472	186	210	214	0.0714286	0	0.440281	1
31	513	217	515	216	210	212	0.0428571	0	0.508197	1
32	475	178	476	176	210	213	0.0714286	0	0.416862	1
33	618	165	619	166	210	219	0.0285714	0	0.386417	1
34	457	190	457	188	210	214	0.0571429	0	0.444965	1
35	539	225	533	223	210	214	0.142857	0	0.526932	2
36	553	198	553	196	210	211	0.0571429	0	0.4637	1
37	413	244	414	244	211	212	0.0142857	0	0.571429	1
38	488	207	489	206	211	212	0.0285714	0	0.484778	1
39	401	206	406	205	211	213	0.0857143	0	0.482436	1
40	597	208	594	207	211	214	0.0571429	0	0.487119	2
41	456	215	455	214	211	212	0.0285714	0	0.503513	2
42	453	244	452	242	211	213	0.0714286	0	0.571429	2
43	549	183	550	182	211	214	0.0285714	0	0.428571	1
44	561	179	562	177	211	230	0.0714286	0	0.419204	1
45	661	200	659	199	212	214	0.0428571	0	0.468384	2
46	528	213	527	213	212	213	0.0142857	0	0.498829	2
47	479	203	480	202	212	214	0.0285714	0	0.47541	1
48	499	207	504	207	212	218	0.0714286	0	0.484778	1
49	477	164	472	165	212	245	0.0857143	0	0.384075	2
50	359	243	367	241	212	215	0.171429	0	0.569087	1
51	417	209	423	208	212	214	0.1	0	0.489461	1
52	490	205	490	204	213	214	0.0142857	0	0.480094	1
53	415	245	415	246	213	214	0.0142857	0	0.57377	1
54	316	247	315	247	213	218	0.0142857	0	0.578454	2
55	649	201	648	200	213	214	0.0285714	0	0.470726	2
56	456	216	455	215	213	215	0.0285714	0	0.505855	2
57	488	225	487	227	213	215	0.0714286	0	0.526932	2
58	473	223	473	223	213	214	0	0	0.522248	1
59	465	240	465	239	213	215	0.0142857	0	0.562061	1
60	437	268	434	270	213	220	0.1	0	0.627635	2
61	463	226	463	225	213	214	0.0142857	0	0.529274	1
62	571	200	571	198	214	215	0.0571429	0	0.468384	1
63	411	205	422	208	214	218	0.285714	0	0.480094	1
64	371	257	375	256	214	215	0.0714286	0	0.601874	1
65	551	199	549	198	214	215	0.0428571	0	0.466042	2
66	322	209	322	209	214	218	0	0	0.489461	1
67	638	193	632	192	214	216	0.1	0	0.451991	2
68	454	242	454	237	214	220	0.357143	0	0.566745	1
69	504	216	510	216	214	219	0.0857143	0	0.505855	1
70	541	193	539	192	214	216	0.0428571	0	0.451991	2
71	561	193	560	193	214	216	0.0142857	0	0.451991	2
72	490	204	490	204	215	216	0	0	0.477752	1
73	656	200	646	201	215	219	0.157143	0	0.468384	2
74	809	24	806	24	215	223	0.0428571	0	0.0562061	2
75	472	186	471	189	215	217	0.142857	0	0.435597	2
76	595	205	593	206	215	216	0.0428571	0	0.480094	2
77	646	194	641	194	215	217	0.0714286	0	0.454333	2
78	551	182	549	182	215	219	0.0285714	0	0.42623	2
79	411	217	413	218	215	216	0.0428571	0	0.508197	1
80	443	237	442	233	215	219	0.242857	0	0.555035	2
81	427	206	447	208	215	222	0.342857	0	0.482436	1
82	480	202	480	203	215	216	0.0142857	0	0.473068	1
83	372	235	376	234	216	218	0.0714286	0	0.550351	1
84	549	198	547	197	216	217	0.0428571	0	0.4637	2
85	427	218	435	219	216	218	0.128571	0	0.510539	1
86	383	255	387	253	216	217	0.114286	0	0.59719	1
87	457	209	456	209	216	219	0.0142857	0	0.489461	2
88	441	226	440	225	216	217	0.0285714	0	0.529274	2
89	772	246	763	246	216	222	0.128571	0	0.576112	2
90	459	222	458	222	216	217	0.0142857	0	0.519906	2
91	532	224	527	226	216	221	0.128571	0	0.52459	2
92	487	229	485	230	216	218	0.0428571	0	0.5363	2
93	762	257	753	255	217	223	0.185714	0	0.601874	2
94	490	208	491	209	217	218	0.0285714	0	0.487119	1
95	397	215	407	216	217	222	0.157143	0	0.503513	1
96	407	213	408	212	217	218	0.0285714	0	0.498829	1
97	576	187	575	186	217	218	0.0285714	0	0.437939	2
98	629	189	629	189	217	218	0	0	0.442623	1
99	560	202	559	201	217	218	0.0285714	0	0.473068	2
100	472	226	471	226	217	218	0.0142857	0	0.529274	2
101	525	214	525	216	217	218	0.0571429	0	0.501171	1
102	380	224	387	224	217	221	0.1	0	0.52459	1
103	604	197	602	197	217	219	0.0285714	0	0.461358	2
104	484	198	484	199	217	218	0.0142857	0	0.4637	1
105	573	200	573	198	217	218	0.0571429	0	0.468384	1
106	472	191	472	191	218	219	0	0	0.447307	1
107	547	193	545	193	218	219	0.0285714	0	0.451991	2
108	308	235	310	234	218	225	0.0428571	0	0.550351	1
109	588	189	589	189	218	220	0.0142857	0	0.442623	1
110	391	252	392	253	218	219	0.0285714	0	0.590164	1
111	639	194	635	194	218	219	0.0571429	0	0.454333	2
112	416	253	417	252	219	220	0.0285714	0	0.592506	1
113	423	211	431	211	219	222	0.114286	0	0.494145	1
114	493	210	495	211	219	220	0.0428571	0	0.491803	1
115	577	187	581	186	219	223	0.0714286	0	0.437939	1
116	410	212	417	212	219	222	0.1	0	0.496487	1
117	565	194	565	193	219	220	0.0142857	0	0.454333	1
118	315	249	314	248	219	223	0.0285714	0	0.583138	2
119	489	192	490	192	219	222	0.0142857	0	0.449649	1
120	321	209	321	209	219	221	0	0	0.489461	1
121	610	176	610	176	219	222	0	0	0.412178	1
122	358	187	360	186	219	223	0.0428571	0	0.437939	1
123	316	259	316	257	219	226	0.0571429	0	0.606557	1
124	537	183	539	182	219	231	0.0428571	0	0.428571	1
125	528	202	529	201	219	223	0.0285714	0	0.473068	1
126	474	190	474	189	220	222	0.0142857	0	0.444965	1
127	545	194	543	194	220	223	0.0285714	0	0.454333	2
128	526	216	526	214	220	222	0.0571429	0	0.505855	1
129	392	255	393	256	220	221	0.0285714	0	0.59719	1
130	580	202	581	201	220	221	0.0285714	0	0.473068	1
131	609	215	608	214	220	222	0.0285714	0	0.503513	2
132	454	192	452	192	220	222	0.0285714	0	0.449649	2
133	307	213	308	212	220	224	0.0285714	0	0.498829	1
134	629	188	629	187	220	221	0.0142857	0	0.440281	1
135	453	214	452	213	220	221	0.0285714	0	0.501171	2
136	444	234	450	233	220	226	0.1	0	0.548009	1
137	452	202	451	201	220	221	0.0285714	0	0.473068	2
138	485	202	486	202	220	222	0.0142857	0	0.473068	1
139	332	209	334	207	220	222	0.0857143	0	0.489461	1
140	619	197	619	195	220	222	0.0571429	0	0.461358	1
141	562	203	564	202	220	221	0.0428571	0	0.47541	1
142	600	184	601	183	220	223	0.0285714	0	0.430913	1
143	75	427	83	427	220	245	0.114286	0	1	1
144	330	237	332	236	221	225	0.0428571	0	0.555035	1
145	319	199	320	199	221	224	0.0142857	0	0.466042	1
146	590	188	594	187	221	224	0.0714286	0	0.440281	1
147	454	238	458	238	221	225	0.0571429	0	0.557377	1
148	624	176	625	175	221	224	0.0285714	0	0.412178	1
149	602	198	601	198	221	222	0.0142857	0	0.4637	2
150	498	212	500	212	221	222	0.0285714	0	0.496487	1
151	568	192	578	192	221	226	0.142857	0	0.449649	1
152	510	210	526	207	221	227	0.357143	0	0.491803	1
153	465	175	463	173	221	227	0.0857143	0	0.409836	2
154	395	259	398	261	222	224	0.1	0	0.606557	1
155	559	200	560	199	222	224	0.0285714	0	0.468384	1
156	583	201	585	200	222	223	0.0428571	0	0.470726	1
157	630	188	631	187	222	224	0.0285714	0	0.440281	1
158	559	189	558	188	222	224	0.0285714	0	0.442623	2
159	764	257	747	250	222	232	0.942857	0	0.601874	2
160	641	205	639	205	222	223	0.0285714	0	0.480094	2
161	396	240	398	241	222	223	0.0428571	0	0.562061	1
162	334	194	339	192	222	227	0.128571	0	0.454333	1
163	337	223	338	223	223	224	0.0142857	0	0.522248	1
164	435	212	439	211	223	224	0.0714286	0	0.496487	1
165	491	192	493	191	223	225	0.0428571	0	0.449649	1
166	469	191	469	191	223	224	0	0	0.447307	1
167	609	215	609	215	223	224	0	0	0.503513	1
168	611	175	612	174	223	225	0.0285714	0	0.409836	1
169	411	255	415	254	223	224	0.0714286	0	0.59719	1
170	752	238	746	234	223	227	0.314286	0	0.557377	2
171	618	185	620	186	223	226	0.0428571	0	0.433255	1
172	482	202	485	202	223	225	0.0428571	0	0.473068	1
173	483	227	483	226	223	224	0.0142857	0	0.531616	1
174	321	210	321	210	223	224	0	0	0.491803	1
175	395	225	422	226	223	232	0.4	0	0.526932	1
176	336	205	338	202	223	225	0.157143	0	0.480094	1
177	452	191	449	190	223	227	0.0571429	0	0.447307	2
178	346	179	351	177	223	228	0.128571	0	0.419204	1
179	554	165	561	167	223	233	0.157143	0	0.386417	1
180	620	195	620	195	223	224	0	0	0.456674	1
181	751	255	745	252	224	227	0.214286	0	0.59719	2
182	416	216	427	216	224	227	0.157143	0	0.505855	1
183	583	188	589	188	224	227	0.0857143	0	0.440281	1
184	545	194	546	193	224	225	0.0285714	0	0.454333	1
185	587	201	591	201	224	226	0.0571429	0	0.470726	1
186	359	185	364	183	224	228	0.128571	0	0.433255	1
187	309	222	312	220	224	228	0.1	0	0.519906	1
188	479	188	485	188	224	227	0.0857143	0	0.440281	1
189	534	169	549	168	224	239	0.228571	0	0.395785	1
190	553	155	556	154	224	231	0.0571429	0	0.362998	1
191	760	245	758	244	224	225	0.0428571	0	0.57377	2
192	320	197	325	197	225	230	0.0714286	0	0.461358	1
193	401	262	407	264	225	228	0.142857	0	0.613583	1
194	356	221	357	220	225	227	0.0285714	0	0.517564	1
195	509	209	510	208	225	226	0.0285714	0	0.489461	1
196	627	175	632	174	225	231	0.0857143	0	0.409836	1
197	470	191	470	190	225	227	0.0142857	0	0.447307	1
198	358	211	360	210	225	226	0.0428571	0	0.494145	1
199	317	207	324	206	225	232	0.114286	0	0.484778	1
200	419	254	421	254	225	226	0.0285714	0	0.594848	1
201	631	189	636	188	225	231	0.0857143	0	0.442623	1
202	327	211	330	210	225	227	0.0571429	0	0.494145	1
203	598	188	600	187	225	227	0.0428571	0	0.440281	1
204	562	199	566	198	225	230	0.0714286	0	0.466042	1
205	499	206	500	205	225	226	0.0285714	0	0.482436	1
206	635	208	631	210	225	231	0.114286	0	0.487119	2
207	533	201	538	200	225	230	0.0857143	0	0.470726	1
208	409	247	412	247	225	226	0.0428571	0	0.578454	1
209	315	278	315	277	225	228	0.0142857	0	0.651054	1
210	560	188	563	187	225	231	0.0571429	0	0.440281	1
211	683	250	684	247	225	228	0.142857	0	0.58548	1
212	505	219	507	218	225	226	0.0428571	0	0.512881	1
213	332	237	334	236	226	228	0.0428571	0	0.555035	1
214	807	24	807	24	226	227	0	0	0.0562061	1
215	613	175	617	174	226	231	0.0714286	0	0.409836	1
216	311	234	317	234	226	231	0.0857143	0	0.548009	1
217	575	211	577	210	226	227	0.0428571	0	0.494145	1
218	534	234	537	237	226	232	0.171429	0	0.548009	1
219	617	214	616	214	226	227	0.0142857	0	0.501171	2
220	548	194	551	193	226	229	0.0571429	0	0.454333	1
221	434	219	437	219	226	227	0.0428571	0	0.512881	1
222	487	203	492	202	226	228	0.0857143	0	0.47541	1
223	613	196	616	197	226	229	0.0571429	0	0.459016	1
224	285	54	293	54	227	245	0.114286	0	0.126464	1
225	579	195	580	194	227	228	0.0285714	0	0.456674	1
226	296	54	305	55	227	245	0.142857	0	0.126464	1
227	286	82	294	83	227	245	0.128571	0	0.192037	1
228	297	81	305	82	227	245	0.128571	0	0.189696	1
229	493	217	495	216	227	228	0.0428571	0	0.508197	1
230	425	254	427	253	227	228	0.0428571	0	0.594848	1
231	447	212	450	212	227	228	0.0428571	0	0.496487	1
232	600	197	601	197	227	228	0.0142857	0	0.461358	1
233	594	213	596	214	227	228	0.0428571	0	0.498829	1
234	409	243	422	242	227	232	0.2	0	0.569087	1
235	330	220	331	219	227	228	0.0285714	0	0.515222	1
236	615	186	617	184	227	230	0.0857143	0	0.435597	1
237	357	208	364	209	228	235	0.114286	0	0.487119	1
238	358	221	382	220	228	241	0.357143	0	0.517564	1
239	744	252	737	250	228	232	0.157143	0	0.590164	2
240	503	229	505	228	228	229	0.0428571	0	0.5363	1
241	808	24	817	26	228	245	0.185714	0	0.0562061	1
242	460	237	461	235	228	231	0.0714286	0	0.555035	1
243	745	234	724	231	228	237	0.428571	0	0.548009	2
244	487	190	493	190	228	230	0.0857143	0	0.444965	1
245	331	256	342	253	228	235	0.285714	0	0.599532	1
246	332	209	333	209	228	229	0.0142857	0	0.489461	1
247	342	193	345	192	228	233	0.0571429	0	0.451991	1
248	600	187	600	187	228	230	0	0	0.437939	1
249	448	192	447	192	228	229	0.0142857	0	0.449649	2
250	526	206	528	205	228	229	0.0428571	0	0.482436	1
251	463	175	466	180	228	244	0.4	0	0.409836	1
252	312	216	316	216	229	233	0.0571429	0	0.505855	1
253	431	210	431	209	229	230	0.0142857	0	0.491803	1
254	503	218	505	218	229	230	0.0285714	0	0.510539	1
255	450	207	447	206	229	230	0.0571429	0	0.484778	2
256	408	265	419	263	229	235	0.214286	0	0.620609	1
257	582	210	583	209	229	230	0.0285714	0	0.491803	1
258	604	198	604	198	229	230	0	0	0.4637	1
259	367	184	394	182	229	245	0.442857	0	0.430913	1
260	452	217	452	216	229	230	0.0142857	0	0.508197	1
261	599	216	600	216	229	230	0.0142857	0	0.505855	1
262	470	224	474	222	229	230	0.114286	0	0.52459	1
263	318	258	321	258	229	232	0.0428571	0	0.604215	1
264	681	249	684	249	229	240	0.0428571	0	0.583138	1
265	316	278	316	277	229	230	0.0142857	0	0.651054	1
266	331	219	333	218	229	231	0.0428571	0	0.512881	1
267	610	219	609	220	229	231	0.0285714	0	0.512881	2
268	590	196	592	197	230	234	0.0428571	0	0.459016	1
269	508	228	508	227	230	231	0.0142857	0	0.533958	1
270	492	213	494	212	230	231	0.0428571	0	0.498829	1
271	536	212	539	210	230	233	0.1	0	0.496487	1
272	552	194	554	192	230	231	0.0857143	0	0.454333	1
273	552	183	554	184	230	233	0.0428571	0	0.428571	1
274	604	229	604	228	230	233	0.0142857	0	0.5363	1
275	509	197	512	196	230	232	0.0571429	0	0.461358	1
276	445	193	443	193	230	231	0.0285714	0	0.451991	2
277	454	213	453	212	231	233	0.0285714	0	0.498829	2
278	327	196	331	196	231	234	0.0571429	0	0.459016	1
279	520	209	521	208	231	232	0.0285714	0	0.489461	1
280	506	217	507	217	231	232	0.0142857	0	0.508197	1
281	625	185	635	185	231	239	0.142857	0	0.433255	1
282	567	199	567	198	231	232	0.0142857	0	0.466042	1
283	316	277	322	275	231	241	0.142857	0	0.648712	1
284	428	212	430	212	231	234	0.0285714	0	0.496487	1
285	334	241	335	241	231	232	0.0142857	0	0.564403	1
286	564	177	566	176	231	233	0.0428571	0	0.41452	1
287	441	233	441	233	231	232	0	0	0.545667	1
288	600	206	601	207	231	234	0.0285714	0	0.482436	1
289	485	190	490	190	231	232	0.0714286	0	0.444965	1
290	540	200	541	199	231	232	0.0285714	0	0.468384	1
291	568	164	571	164	231	235	0.0428571	0	0.384075	1
292	471	190	470	190	232	233	0.0142857	0	0.444965	2
293	467	202	465	202	232	233	0.0285714	0	0.473068	2
294	462	236	464	236	232	237	0.0285714	0	0.552693	1
295	637	195	639	195	232	235	0.0285714	0	0.456674	1
296	637	184	644	185	232	238	0.114286	0	0.430913	1
297	440	211	440	209	232	233	0.0571429	0	0.494145	1
298	628	166	650	169	232	245	0.442857	0	0.388759	1
299	316	239	332	242	232	241	0.357143	0	0.559719	1
300	568	208	571	208	232	235	0.0428571	0	0.487119	1
301	615	235	615	234	232	233	0.0142857	0	0.550351	1
302	457	196	457	195	232	233	0.0142857	0	0.459016	1
303	338	209	339	209	232	233	0.0142857	0	0.489461	1
304	540	182	555	182	232	242	0.214286	0	0.42623	1
305	554	155	572	156	232	245	0.271429	0	0.362998	1
306	342	223	344	222	232	233	0.0428571	0	0.522248	1
307	746	240	735	239	232	236	0.171429	0	0.562061	2
308	735	249	730	249	233	235	0.0714286	0	0.583138	2
309	327	206	334	207	233	237	0.114286	0	0.482436	1
310	422	227	441	230	233	245	0.4	0	0.531616	1
311	522	208	522	208	233	234	0	0	0.487119	1
312	359	231	360	231	233	234	0.0142857	0	0.540984	1
313	498	196	500	196	233	234	0.0285714	0	0.459016	1
314	515	197	516	197	233	234	0.0142857	0	0.461358	1
315	619	209	620	208	233	234	0.0285714	0	0.489461	1
316	496	220	498	221	233	234	0.0428571	0	0.515222	1
317	324	258	330	259	233	237	0.1	0	0.604215	1
318	488	182	506	185	233	237	0.385714	0	0.42623	1
319	579	212	579	212	233	235	0	0	0.496487	1
320	559	208	560	206	233	235	0.0714286	0	0.487119	1
321	566	196	569	196	233	235	0.0428571	0	0.459016	1
322	522	260	522	260	233	234	0	0	0.608899	1
323	338	242	343	243	233	237	0.0857143	0	0.566745	1
324	424	242	431	241	233	239	0.114286	0	0.566745	1
325	539	237	538	240	233	238	0.142857	0	0.555035	2
326	319	217	328	217	234	239	0.128571	0	0.508197	1
327	540	212	542	213	234	237	0.0428571	0	0.496487	1
328	568	178	571	178	234	236	0.0428571	0	0.416862	1
329	442	212	444	211	234	236	0.0428571	0	0.496487	1
330	455	197	455	197	234	236	0	0	0.461358	1
331	614	218	614	217	234	236	0.0142857	0	0.510539	1
332	345	194	354	194	234	239	0.128571	0	0.454333	1
333	749	290	750	290	234	237	0.0142857	0	0.679157	1
334	332	216	339	217	234	238	0.114286	0	0.505855	1
335	603	229	605	228	234	236	0.0428571	0	0.5363	1
336	471	222	470	222	234	235	0.0142857	0	0.519906	2
337	588	210	590	211	234	237	0.0428571	0	0.491803	1
338	600	187	600	187	234	235	0	0	0.437939	1
339	511	225	513	227	235	236	0.0857143	0	0.526932	1
340	594	200	595	201	235	237	0.0285714	0	0.468384	1
341	347	232	349	232	235	237	0.0285714	0	0.543326	1
342	634	210	635	209	235	236	0.0285714	0	0.491803	1
343	363	233	365	233	235	236	0.0285714	0	0.545667	1
344	439	201	439	201	235	237	0	0	0.470726	1
345	466	194	467	195	235	239	0.0285714	0	0.454333	1
346	501	223	504	224	235	236	0.0571429	0	0.522248	1
347	518	198	519	197	235	236	0.0285714	0	0.4637	1
348	557	191	558	190	235	236	0.0285714	0	0.447307	1
349	523	217	524	216	235	236	0.0285714	0	0.508197	1
350	617	203	618	202	235	236	0.0285714	0	0.47541	1
351	347	222	350	221	235	237	0.0571429	0	0.519906	1
352	333	197	354	194	235	245	0.428571	0	0.461358	1
353	423	263	426	262	236	237	0.0571429	0	0.615925	1
354	530	206	531	206	236	237	0.0142857	0	0.482436	1
355	460	166	460	167	236	245	0.0142857	0	0.388759	1
356	483	228	485	229	236	238	0.0428571	0	0.533958	1
357	579	212	581	213	236	239	0.0428571	0	0.496487	1
358	367	210	374	211	236	239	0.114286	0	0.491803	1
359	571	165	583	164	236	245	0.185714	0	0.386417	1
360	637	199	639	200	236	238	0.0428571	0	0.466042	1
361	601	190	602	192	236	238	0.0714286	0	0.444965	1
362	551	210	554	210	236	239	0.0428571	0	0.491803	1
363	624	212	626	212	236	238	0.0285714	0	0.496487	1
364	381	204	382	204	236	237	0.0142857	0	0.477752	1
365	569	200	574	200	236	240	0.0714286	0	0.468384	1
366	557	200	562	200	236	240	0.0714286	0	0.468384	1
367	517	231	519	235	237	238	0.257143	0	0.540984	1
368	367	234	367	234	237	238	0	0	0.548009	1
369	520	197	521	196	237	238	0.0285714	0	0.461358	1
370	523	260	526	261	237	241	0.0571429	0	0.608899	1
371	574	179	576	179	237	239	0.0285714	0	0.419204	1
372	450	181	452	182	237	244	0.0428571	0	0.423888	1
373	566	189	569	188	237	239	0.0571429	0	0.442623	1
374	615	218	615	218	237	238	0	0	0.510539	1
375	726	241	720	240	237	241	0.1	0	0.564403	2
376	462	204	462	204	237	238	0	0	0.477752	1
377	548	192	551	192	237	240	0.0428571	0	0.449649	1
378	352	232	353	231	238	239	0.0285714	0	0.543326	1
379	430	262	439	265	238	244	0.257143	0	0.613583	1
380	597	202	598	202	238	239	0.0142857	0	0.473068	1
381	530	208	529	206	238	239	0.0714286	0	0.487119	2
382	452	212	453	212	238	239	0.0142857	0	0.496487	1
383	381	203	381	203	238	240	0	0	0.47541	1
384	330	261	340	258	238	242	0.271429	0	0.611241	1
385	353	222	354	221	238	239	0.0285714	0	0.519906	1
386	342	227	349	227	238	241	0.1	0	0.531616	1
387	541	207	541	207	238	239	0	0	0.484778	1
388	507	228	509	230	238	239	0.0857143	0	0.533958	1
389	549	236	549	235	238	239	0.0142857	0	0.552693	1
390	723	233	720	232	238	241	0.0571429	0	0.545667	2
391	348	243	349	243	238	239	0.0142857	0	0.569087	1
392	723	253	720	254	238	239	0.0571429	0	0.592506	2
393	577	189	583	189	238	242	0.0857143	0	0.442623	1
394	444	234	444	234	238	239	0	0	0.548009	1
395	520	239	520	243	239	240	0.228571	0	0.559719	1
396	485	228	492	229	239	242	0.114286	0	0.533958	1
397	338	209	351	205	239	245	0.414286	0	0.489461	1
398	643	203	644	202	239	240	0.0285714	0	0.47541	1
399	517	193	522	196	239	240	0.2	0	0.451991	1
400	601	212	605	213	239	243	0.0714286	0	0.496487	1
401	645	191	647	191	239	240	0.0285714	0	0.447307	1
402	459	232	464	231	239	245	0.0857143	0	0.543326	1
403	421	249	433	248	239	245	0.185714	0	0.583138	1
404	600	202	602	201	240	244	0.0428571	0	0.473068	1
405	358	223	366	222	240	245	0.128571	0	0.522248	1
406	470	195	471	194	240	241	0.0285714	0	0.456674	1
407	578	179	584	178	240	245	0.1	0	0.419204	1
408	331	218	340	217	240	245	0.142857	0	0.510539	1
409	446	218	447	218	240	241	0.0142857	0	0.510539	1
410	552	169	558	168	240	245	0.1	0	0.395785	1
411	496	222	498	222	240	241	0.0285714	0	0.519906	1
412	436	243	438	242	240	241	0.0428571	0	0.569087	1
413	637	187	646	185	240	244	0.185714	0	0.437939	1
414	567	188	573	186	240	244	0.142857	0	0.440281	1
415	629	177	640	176	240	245	0.171429	0	0.41452	1
416	510	235	521	240	240	244	0.514286	0	0.550351	1
417	352	212	358	210	240	243	0.142857	0	0.496487	1
418	352	243	355	242	240	241	0.0571429	0	0.569087	1
419	456	213	458	213	240	241	0.0285714	0	0.498829	1
420	530	251	531	250	240	241	0.0285714	0	0.587822	1
421	358	193	373	191	240	245	0.271429	0	0.451991	1
422	580	217	581	217	240	241	0.0142857	0	0.508197	1
423	475	225	477	225	240	242	0.0285714	0	0.526932	1
424	460	201	460	201	240	241	0	0	0.470726	1
425	518	218	523	218	240	241	0.0714286	0	0.510539	1
426	446	234	447	234	240	241	0.0142857	0	0.548009	1
427	542	208	542	208	240	241	0	0	0.487119	1
428	592	216	593	216	241	242	0.0142857	0	0.505855	1
429	520	249	522	251	241	242	0.0857143	0	0.583138	1
430	479	241	482	241	241	243	0.0428571	0	0.564403	1
431	720	251	719	248	241	242	0.142857	0	0.587822	2
432	643	212	645	212	241	242	0.0285714	0	0.496487	1
433	648	198	658	197	241	245	0.157143	0	0.4637	1
434	384	203	386	202	241	243	0.0428571	0	0.47541	1
435	360	232	363	231	241	244	0.0571429	0	0.543326	1
436	578	201	582	200	241	244	0.0714286	0	0.470726	1
437	445	208	451	208	241	243	0.0857143	0	0.487119	1
438	688	251	689	250	241	244	0.0285714	0	0.587822	1
439	730	242	729	239	241	242	0.142857	0	0.566745	2
440	384	213	393	213	242	245	0.128571	0	0.498829	1
441	474	194	476	193	242	245	0.0428571	0	0.454333	1
442	337	237	345	236	242	245	0.128571	0	0.555035	1
443	449	220	451	220	242	244	0.0285714	0	0.515222	1
444	472	204	474	203	242	243	0.0428571	0	0.477752	1
445	351	226	357	225	242	245	0.1	0	0.529274	1
446	440	243	444	243	242	244	0.0571429	0	0.569087	1
447	719	232	718	230	242	243	0.0714286	0	0.543326	2
448	356	243	358	242	242	243	0.0428571	0	0.569087	1
449	325	276	328	273	242	243	0.171429	0	0.64637	1
450	555	193	557	193	242	244	0.0285714	0	0.451991	1
451	651	186	657	185	242	245	0.1	0	0.435597	1
452	385	223	394	223	242	245	0.128571	0	0.522248	1
453	529	220	533	222	242	243	0.114286	0	0.515222	1
454	594	215	595	214	243	244	0.0285714	0	0.503513	1
455	553	236	554	235	243	244	0.0285714	0	0.552693	1
456	496	229	499	228	243	244	0.0571429	0	0.5363	1
457	718	247	717	244	243	245	0.142857	0	0.578454	2
458	526	252	529	252	243	244	0.0428571	0	0.590164	1
459	649	214	652	215	243	245	0.0571429	0	0.501171	1
460	533	192	533	188	243	244	0.228571	0	0.449649	1
461	584	188	587	188	243	245	0.0428571	0	0.440281	1
462	345	258	349	256	243	244	0.114286	0	0.604215	1
463	482	227	483	227	243	244	0.0142857	0	0.531616	1
464	728	247	727	243	243	245	0.242857	0	0.578454	2
465	632	200	635	199	243	245	0.0571429	0	0.468384	1
466	556	183	557	182	243	245	0.0285714	0	0.428571	1
467	510	224	512	224	244	245	0.0285714	0	0.52459	1
468	478	203	478	202	244	245	0.0142857	0	0.47541	1
469	639	210	641	210	244	245	0.0285714	0	0.491803	1
470	377	223	379	222	244	245	0.0428571	0	0.522248	1
471	510	188	511	187	244	245	0.0285714	0	0.440281	1
472	361	243	361	242	244	245	0.0142857	0	0.569087	1
473	365	209	367	208	244	245	0.0428571	0	0.489461	1
474	605	212	604	211	244	245	0.0285714	0	0.496487	2
475	531	237	534	238	244	245	0.0571429	0	0.555035	1
476	571	170	571	169	244	245	0.0142857	0	0.398126	1