
0	134	421	134	420	17	21	0.0136986	0	0.925275	1
1	277	440	276	439	17	55	0.0273973	0	0.967033	2
2	243	202	242	198	18	21	0.232877	0	0.443956	2
3	360	211	360	210	18	19	0.0136986	0	0.463736	1
4	350	218	349	217	18	20	0.0273973	0	0.479121	2
5	391	25	389	24	18	50	0.0410959	0	0.0549451	2
6	306	228	308	222	19	21	0.520548	0	0.501099	1
7	288	253	290	251	20	25	0.0821918	0	0.556044	1
8	47	289	48	291	20	22	0.0684932	0	0.635165	1
9	248	224	248	223	20	21	0.0136986	0	0.492308	1
10	374	205	374	202	20	21	0.123288	0	0.450549	1
11	251	242	250	241	20	21	0.0273973	0	0.531868	2
12	252	196	252	196	20	21	0	0	0.430769	1
13	334	240	335	241	21	23	0.0273973	0	0.527473	1
14	255	258	255	258	22	23	0	0	0.567033	1
15	309	221	310	219	22	23	0.0684932	0	0.485714	1
16	376	201	376	199	22	24	0.0547945	0	0.441758	1
17	132	421	131	421	22	29	0.0136986	0	0.925275	2
18	244	198	245	196	22	26	0.0684932	0	0.435165	1
19	41	393	40	393	22	29	0.0136986	0	0.863736	2
20	249	224	249	224	22	23	0	0	0.492308	1
21	353	216	354	216	22	23	0.0136986	0	0.474725	1
22	50	292	54	291	23	25	0.0684932	0	0.641758	1
23	235	229	235	229	23	27	0	0	0.503297	1
24	226	240	225	239	23	24	0.0273973	0	0.527473	2
25	256	196	254	196	23	27	0.0273973	0	0.430769	2
26	104	392	104	392	23	55	0	0	0.861538	1
27	254	260	247	264	24	27	0.315068	0	0.571429	2
28	313	217	320	213	24	27	0.315068	0	0.476923	1
29	101	404	100	405	24	40	0.0273973	0	0.887912	2
30	254	223	253	224	24	25	0.0273973	0	0.49011	2
31	637	145	639	145	24	28	0.0273973	0	0.318681	1
32	29	396	28	395	24	55	0.0273973	0	0.87033	2
33	58	430	55	430	24	43	0.0410959	0	0.945055	2
34	266	235	264	233	25	26	0.0821918	0	0.516484	2
35	227	240	225	240	25	27	0.0273973	0	0.527473	2
36	376	201	376	200	25	27	0.0136986	0	0.441758	1
37	364	224	364	223	25	26	0.0136986	0	0.492308	1
38	58	291	64	290	26	28	0.0958904	0	0.63956	1
39	215	233	214	235	26	29	0.0684932	0	0.512088	2
40	206	260	206	260	26	27	0	0	0.571429	1
41	336	244	336	244	26	28	0	0	0.536264	1
42	254	225	253	225	26	27	0.0136986	0	0.494505	2
43	350	208	350	208	27	28	0	0	0.457143	1
44	259	235	258	235	27	28	0.0136986	0	0.516484	2
45	242	196	243	200	27	43	0.232877	0	0.430769	1
46	245	265	245	265	28	29	0	0	0.582418	1
47	209	261	209	262	28	30	0.0136986	0	0.573626	1
48	378	201	379	200	28	29	0.0273973	0	0.441758	1
49	59	328	59	328	28	29	0	0	0.720879	1
50	235	230	235	229	28	29	0.0136986	0	0.505495	1
51	742	79	742	79	28	33	0	0	0.173626	1
52	323	214	325	213	28	29	0.0410959	0	0.47033	1
53	226	242	226	241	28	29	0.0136986	0	0.531868	1
54	516	152	517	152	28	31	0.0136986	0	0.334066	1
55	264	233	264	233	29	30	0	0	0.512088	1
56	68	291	70	290	29	30	0.0410959	0	0.63956	1
57	364	214	364	213	29	30	0.0136986	0	0.47033	1
58	827	108	826	107	29	50	0.0273973	0	0.237363	2
59	438	453	437	452	29	55	0.0273973	0	0.995604	2
60	245	267	248	268	30	36	0.0547945	0	0.586813	1
61	135	413	133	413	30	35	0.0273973	0	0.907692	2
62	214	236	226	238	30	42	0.219178	0	0.518681	1
63	409	256	400	257	30	37	0.136986	0	0.562637	2
64	324	277	317	274	30	32	0.219178	0	0.608791	2
65	236	228	235	229	30	32	0.0273973	0	0.501099	2
66	333	218	337	216	30	32	0.109589	0	0.479121	1
67	323	215	334	212	30	34	0.273973	0	0.472527	1
68	262	252	262	251	30	32	0.0136986	0	0.553846	1
69	659	125	667	124	30	34	0.123288	0	0.274725	1
70	399	258	393	260	30	36	0.136986	0	0.567033	2
71	253	234	254	234	30	32	0.0136986	0	0.514286	1
72	209	264	208	264	31	32	0.0136986	0	0.58022	2
73	265	233	267	232	31	32	0.0410959	0	0.512088	1
74	74	290	77	290	31	32	0.0410959	0	0.637363	1
75	364	212	363	210	31	32	0.0684932	0	0.465934	2
76	136	455	135	454	32	36	0.0273973	0	1	2
77	343	246	345	246	32	33	0.0273973	0	0.540659	1
78	519	152	524	154	32	40	0.123288	0	0.334066	1
79	57	328	57	327	32	33	0.0136986	0	0.720879	1
80	81	290	102	290	33	38	0.287671	0	0.637363	1
81	208	265	207	265	33	34	0.0136986	0	0.582418	2
82	321	248	322	247	33	34	0.0273973	0	0.545055	1
83	385	199	387	199	33	34	0.0273973	0	0.437363	1
84	378	247	378	247	33	34	0	0	0.542857	1
85	256	202	256	203	33	34	0.0136986	0	0.443956	1
86	133	422	131	421	33	36	0.0410959	0	0.927473	2
87	359	211	357	211	34	35	0.0273973	0	0.463736	2
88	347	248	346	248	34	35	0.0136986	0	0.545055	2
89	345	211	347	210	35	36	0.0410959	0	0.463736	1
90	262	265	264	266	35	43	0.0410959	0	0.582418	1
91	206	268	206	267	35	37	0.0136986	0	0.589011	1
92	327	247	330	246	35	36	0.0547945	0	0.542857	1
93	391	198	393	197	35	36	0.0410959	0	0.435165	1
94	668	124	679	125	35	40	0.164384	0	0.272527	1
95	87	325	93	330	35	38	0.424658	0	0.714286	1
96	255	204	254	204	35	36	0.0136986	0	0.448352	2
97	282	455	281	454	35	36	0.0273973	0	1	2
98	557	362	557	361	35	55	0.0136986	0	0.795604	1
99	268	239	268	239	36	37	0	0	0.525275	1
100	209	252	211	252	36	38	0.0273973	0	0.553846	1
101	222	265	226	269	36	42	0.273973	0	0.582418	1
102	132	414	130	414	37	41	0.0273973	0	0.90989	2
103	259	229	259	229	37	38	0	0	0.503297	1
104	135	454	135	453	37	55	0.0136986	0	0.997802	1
105	370	214	369	214	37	38	0.0136986	0	0.47033	2
106	249	267	251	267	37	38	0.0273973	0	0.586813	1
107	281	455	281	454	37	38	0.0136986	0	1	1
108	569	450	569	449	37	55	0.0136986	0	0.989011	1
109	278	236	277	236	37	38	0.0136986	0	0.518681	2
110	126	393	119	392	37	55	0.109589	0	0.863736	2
111	397	257	380	253	38	45	0.452055	0	0.564835	2
112	208	265	211	266	38	40	0.0547945	0	0.582418	1
113	397	195	397	193	38	39	0.0547945	0	0.428571	1
114	345	245	346	244	38	39	0.0273973	0	0.538462	1
115	346	212	348	210	38	39	0.0821918	0	0.465934	1
116	775	82	776	81	38	53	0.0273973	0	0.18022	1
117	269	236	269	235	39	40	0.0136986	0	0.518681	1
118	212	252	213	252	39	40	0.0136986	0	0.553846	1
119	106	291	122	289	39	42	0.273973	0	0.63956	1
120	92	332	93	332	39	40	0.0136986	0	0.72967	1
121	262	222	261	222	39	40	0.0136986	0	0.487912	2
122	560	286	554	288	39	43	0.136986	0	0.628571	2
123	111	411	110	410	39	45	0.0273973	0	0.903297	2
124	400	197	400	194	40	42	0.123288	0	0.432967	1
125	206	455	207	453	40	55	0.0684932	0	1	1
126	251	211	249	211	40	41	0.0273973	0	0.463736	2
127	788	77	789	75	40	55	0.0684932	0	0.169231	1
128	252	269	251	270	41	44	0.0273973	0	0.591209	2
129	100	405	102	403	41	49	0.0821918	0	0.89011	1
130	685	126	726	127	41	55	0.575342	0	0.276923	1
131	216	268	219	270	41	42	0.0958904	0	0.589011	1
132	351	209	350	209	41	42	0.0136986	0	0.459341	2
133	530	158	529	157	41	42	0.0273973	0	0.347253	2
134	95	333	97	331	41	42	0.0821918	0	0.731868	1
135	290	353	291	352	41	42	0.0273973	0	0.775824	1
136	129	414	127	413	42	55	0.0410959	0	0.90989	2
137	345	235	341	235	42	43	0.0547945	0	0.516484	2
138	250	213	249	213	42	43	0.0136986	0	0.468132	2
139	366	205	365	204	42	43	0.0273973	0	0.450549	2
140	351	210	350	210	43	45	0.0136986	0	0.461538	2
141	528	157	526	157	43	46	0.0273973	0	0.345055	2
142	127	289	184	285	43	53	1	0	0.635165	1
143	102	318	102	317	43	44	0.0136986	0	0.698901	1
144	231	452	233	450	43	55	0.0821918	0	0.993407	1
145	235	245	244	246	43	47	0.136986	0	0.538462	1
146	227	269	230	268	44	45	0.0547945	0	0.591209	1
147	364	244	365	245	44	45	0.0273973	0	0.536264	1
148	249	214	247	214	44	45	0.0273973	0	0.47033	2
149	56	431	57	429	44	55	0.0684932	0	0.947253	1
150	390	224	392	222	44	45	0.0821918	0	0.492308	1
151	364	235	369	236	45	47	0.0821918	0	0.516484	1
152	251	271	253	270	45	47	0.0410959	0	0.595604	1
153	365	215	364	214	45	46	0.0273973	0	0.472527	2
154	269	244	268	242	45	46	0.0684932	0	0.536264	2
155	101	318	102	316	45	55	0.0684932	0	0.698901	1
156	261	267	260	268	45	46	0.0273973	0	0.586813	2
157	174	417	175	415	45	55	0.0684932	0	0.916484	1
158	367	245	368	244	46	47	0.0273973	0	0.538462	1
159	379	254	371	257	46	50	0.232877	0	0.558242	2
160	234	268	238	271	46	48	0.178082	0	0.589011	1
161	393	222	393	220	46	47	0.0547945	0	0.487912	1
162	352	223	351	223	46	48	0.0136986	0	0.49011	2
163	137	413	136	412	46	55	0.0273973	0	0.907692	2
164	547	271	543	270	46	48	0.0684932	0	0.595604	2
165	526	159	524	160	47	49	0.0410959	0	0.349451	2
166	281	455	281	454	47	55	0.0136986	0	1	1
167	379	229	381	229	47	48	0.0273973	0	0.503297	1
168	371	236	375	234	48	51	0.109589	0	0.518681	1
169	257	271	260	269	48	50	0.0958904	0	0.595604	1
170	265	232	265	232	48	49	0	0	0.50989	1
171	396	192	393	189	48	51	0.164384	0	0.421978	2
172	87	403	88	402	48	55	0.0273973	0	0.885714	1
173	246	247	248	247	48	49	0.0273973	0	0.542857	1
174	244	235	246	235	48	49	0.0273973	0	0.516484	1
175	364	215	364	213	49	50	0.0547945	0	0.472527	1
176	254	208	256	206	49	50	0.0821918	0	0.457143	1
177	540	270	538	269	49	50	0.0410959	0	0.593407	2
178	352	223	351	222	49	50	0.0273973	0	0.49011	2
179	355	244	358	243	49	50	0.0547945	0	0.536264	1
180	299	275	299	273	49	51	0.0547945	0	0.604396	1
181	239	273	241	273	49	50	0.0273973	0	0.6	1
182	525	160	518	161	50	55	0.109589	0	0.351648	2
183	373	247	374	246	50	51	0.0273973	0	0.542857	1
184	388	220	390	218	50	51	0.0821918	0	0.483516	1
185	349	256	349	255	50	51	0.0136986	0	0.562637	1
186	368	441	368	440	50	55	0.0136986	0	0.969231	1
187	242	276	244	276	51	52	0.0273973	0	0.606593	1
188	260	205	270	201	51	55	0.356164	0	0.450549	1
189	365	211	366	209	51	52	0.0684932	0	0.463736	1
190	367	257	363	256	51	52	0.0684932	0	0.564835	2
191	537	268	535	267	51	52	0.0410959	0	0.589011	2
192	386	228	395	224	51	54	0.342466	0	0.501099	1
193	34	405	33	404	51	55	0.0273973	0	0.89011	2
194	375	246	375	245	52	53	0.0136986	0	0.540659	1
195	187	323	190	322	52	53	0.0547945	0	0.70989	1
196	296	274	296	274	52	53	0	0	0.602198	1
197	46	421	45	421	52	55	0.0136986	0	0.925275	2
198	289	238	288	237	52	53	0.0273973	0	0.523077	2
199	539	264	537	264	53	54	0.0273973	0	0.58022	2
200	358	256	353	255	53	54	0.0821918	0	0.562637	2
201	248	280	256	280	53	55	0.109589	0	0.615385	1
202	241	227	239	227	53	54	0.0273973	0	0.498901	2
203	263	243	266	244	53	54	0.0547945	0	0.534066	1
204	731	76	730	76	53	55	0.0136986	0	0.167033	2
205	376	246	376	245	54	55	0.0136986	0	0.540659	1
206	196	321	201	319	54	55	0.123288	0	0.705495	1
207	286	233	284	232	54	55	0.0410959	0	0.512088	2
208	235	214	231	215	54	55	0.0684932	0	0.47033	2
209	338	242	338	242	54	55	0	0	0.531868	1