
0	788	263	787	257	2	3	0.110448	0	0.599089	2
1	748	300	747	298	2	3	0.0149254	0	0.683371	2
2	795	309	784	291	2	22	1	0	0.703872	2
3	610	304	608	303	2	3	0.00895522	0	0.692483	2
4	806	323	802	306	2	11	0.874627	0	0.735763	2
5	626	285	629	279	2	7	0.116418	0	0.649203	1
6	592	259	589	258	2	3	0.0119403	0	0.589977	2
7	789	273	789	271	2	4	0.0119403	0	0.621868	1
8	469	270	492	261	3	12	0.310448	0	0.615034	1
9	564	277	562	276	3	4	0.00895522	0	0.630979	2
10	580	237	578	233	3	7	0.0537313	0	0.539863	2
11	748	287	749	276	3	8	0.364179	0	0.653759	1
12	461	310	463	308	3	4	0.0179104	0	0.70615	1
13	266	325	267	324	3	4	0.00597015	0	0.740319	1
14	801	269	799	264	3	4	0.080597	0	0.612756	2
15	469	280	478	276	3	8	0.0746269	0	0.637813	1
16	504	252	507	250	3	4	0.0208955	0	0.574032	1
17	613	258	613	248	3	9	0.298507	0	0.587699	1
18	538	265	537	263	3	4	0.0149254	0	0.603645	2
19	544	300	542	299	3	4	0.00895522	0	0.683371	2
20	45	312	26	308	3	10	0.104478	0	0.710706	2
21	428	320	429	318	3	4	0.0149254	0	0.728929	1
22	773	191	733	182	3	12	0.361194	0	0.43508	2
23	676	126	672	124	3	6	0.0238806	0	0.287016	2
24	372	165	380	159	4	12	0.131343	0	0.375854	1
25	544	279	544	278	4	6	0.00298507	0	0.635535	1
26	367	202	366	201	4	5	0.00597015	0	0.460137	2
27	500	306	510	304	4	14	0.041791	0	0.697039	1
28	786	253	787	242	4	8	0.364179	0	0.57631	1
29	370	269	370	269	4	5	0	0	0.612756	1
30	601	304	602	301	4	5	0.0298507	0	0.692483	1
31	56	373	40	370	4	14	0.0746269	0	0.849658	2
32	598	270	595	268	4	5	0.0208955	0	0.615034	2
33	633	245	629	243	4	5	0.0238806	0	0.558087	2
34	377	199	376	198	4	5	0.00597015	0	0.453303	2
35	748	295	749	286	4	8	0.244776	0	0.671982	1
36	507	234	509	233	4	6	0.00895522	0	0.53303	1
37	36	329	25	328	4	9	0.0358209	0	0.749431	2
38	643	122	642	120	4	7	0.0149254	0	0.277904	2
39	371	283	371	282	4	5	0.00298507	0	0.644647	1
40	551	263	549	261	4	5	0.0179104	0	0.599089	2
41	640	230	627	225	4	7	0.113433	0	0.523918	2
42	738	291	738	283	5	9	0.191045	0	0.66287	1
43	561	278	560	276	5	7	0.0149254	0	0.633257	2
44	738	83	736	81	5	8	0.0179104	0	0.189066	2
45	804	269	804	268	5	6	0.00298507	0	0.612756	1
46	663	274	658	269	5	8	0.0895522	0	0.624146	2
47	539	298	538	296	5	6	0.0149254	0	0.678815	2
48	364	372	363	371	5	6	0.00597015	0	0.84738	2
49	790	269	792	264	5	23	0.080597	0	0.612756	1
50	555	250	554	246	5	6	0.0507463	0	0.569476	2
51	365	299	367	296	5	8	0.0328358	0	0.681093	1
52	538	262	537	261	5	6	0.00597015	0	0.596811	2
53	511	250	513	249	5	6	0.00895522	0	0.569476	1
54	259	339	259	337	5	6	0.0119403	0	0.77221	1
55	738	281	738	272	5	9	0.241791	0	0.640091	1
56	266	324	262	321	5	6	0.038806	0	0.738041	2
57	283	297	288	302	5	11	0.0895522	0	0.676538	1
58	651	225	651	226	5	6	0.00298507	0	0.512528	1
59	602	257	602	253	5	7	0.0477612	0	0.585421	1
60	372	409	369	405	5	12	0.0567164	0	0.931663	2
61	625	244	621	242	6	7	0.0238806	0	0.555809	2
62	565	262	562	260	6	7	0.0208955	0	0.596811	2
63	503	254	503	255	6	7	0.00298507	0	0.578588	1
64	367	201	366	200	6	7	0.00597015	0	0.457859	2
65	464	310	465	310	6	7	0.00298507	0	0.70615	1
66	605	300	607	299	6	7	0.00895522	0	0.683371	1
67	652	124	649	123	6	7	0.0119403	0	0.28246	2
68	799	258	800	259	6	17	0.00597015	0	0.587699	1
69	358	285	359	285	6	8	0.00298507	0	0.649203	1
70	115	254	118	249	6	14	0.0835821	0	0.578588	1
71	643	236	610	229	6	16	0.244776	0	0.537585	2
72	556	318	561	311	7	20	0.161194	0	0.724374	1
73	804	268	804	265	7	16	0.0268657	0	0.610478	1
74	544	278	543	277	7	8	0.00597015	0	0.633257	2
75	539	296	538	294	7	8	0.0149254	0	0.67426	2
76	651	222	656	221	7	9	0.0179104	0	0.505695	1
77	623	300	624	297	7	9	0.0298507	0	0.683371	1
78	262	338	264	338	7	8	0.00597015	0	0.769932	1
79	651	140	642	140	7	13	0.0268657	0	0.318907	2
80	370	255	372	255	7	9	0.00597015	0	0.580866	1
81	651	81	651	80	7	10	0.00298507	0	0.18451	1
82	738	317	738	315	7	8	0.0119403	0	0.722096	1
83	590	310	589	305	7	8	0.0776119	0	0.70615	2
84	591	85	578	80	7	40	0.113433	0	0.193622	2
85	258	322	257	322	7	10	0.00298507	0	0.733485	2
86	540	257	539	256	8	9	0.00597015	0	0.585421	2
87	558	239	554	236	8	10	0.038806	0	0.544419	2
88	507	254	509	254	8	9	0.00597015	0	0.578588	1
89	366	200	365	199	8	9	0.00597015	0	0.455581	2
90	577	233	577	232	8	9	0.00298507	0	0.530752	1
91	640	221	641	220	8	9	0.00597015	0	0.503417	1
92	623	223	617	221	8	10	0.0298507	0	0.507973	2
93	601	295	600	294	8	9	0.00597015	0	0.671982	2
94	266	319	266	319	8	9	0	0	0.726651	1
95	660	247	674	244	8	11	0.0686567	0	0.562642	1
96	652	130	643	127	8	12	0.0537313	0	0.296128	2
97	591	292	590	292	8	9	0.00298507	0	0.665148	2
98	276	323	276	323	8	9	0	0	0.735763	1
99	379	196	380	195	8	11	0.00597015	0	0.446469	1
100	451	330	450	327	8	12	0.0298507	0	0.751708	2
101	776	70	773	68	8	17	0.0208955	0	0.159453	2
102	515	265	514	262	8	14	0.0298507	0	0.603645	2
103	748	283	747	281	9	10	0.0149254	0	0.644647	2
104	540	276	537	273	9	12	0.0358209	0	0.628702	2
105	788	240	787	239	9	10	0.00597015	0	0.546697	2
106	535	294	533	292	9	10	0.0179104	0	0.669704	2
107	748	273	747	271	9	10	0.0149254	0	0.621868	2
108	281	288	291	289	9	14	0.0328358	0	0.656036	1
109	466	312	466	312	9	10	0	0	0.710706	1
110	266	340	266	341	9	10	0.00298507	0	0.774487	1
111	353	296	352	295	9	11	0.00597015	0	0.67426	2
112	368	275	371	276	9	12	0.0119403	0	0.626424	1
113	519	252	520	250	9	11	0.0149254	0	0.574032	1
114	621	231	611	230	9	12	0.0328358	0	0.526196	2
115	50	381	47	379	9	13	0.0208955	0	0.867882	2
116	587	237	587	237	9	10	0	0	0.539863	1
117	732	320	733	310	9	14	0.301493	0	0.728929	1
118	371	184	371	183	9	10	0.00298507	0	0.419134	1
119	652	269	644	268	9	10	0.0268657	0	0.612756	2
120	658	143	653	142	9	12	0.0179104	0	0.32574	2
121	370	297	369	296	10	14	0.00597015	0	0.676538	2
122	736	80	733	79	10	16	0.0119403	0	0.182232	2
123	660	221	665	220	10	12	0.0179104	0	0.503417	1
124	577	233	577	233	10	11	0	0	0.530752	1
125	615	248	615	247	10	12	0.00298507	0	0.56492	1
126	485	304	488	302	10	11	0.0208955	0	0.692483	1
127	539	256	537	255	10	11	0.00895522	0	0.583144	2
128	473	302	475	300	10	11	0.0179104	0	0.687927	1
129	378	281	378	282	10	11	0.00298507	0	0.640091	1
130	645	220	670	231	10	20	0.435821	0	0.501139	1
131	724	84	720	82	10	21	0.0238806	0	0.191344	2
132	616	298	616	294	10	15	0.0477612	0	0.678815	1
133	596	288	595	286	10	11	0.0149254	0	0.656036	2
134	400	396	405	399	11	14	0.041791	0	0.90205	1
135	284	273	286	272	11	12	0.00895522	0	0.621868	1
136	551	236	544	233	11	16	0.0477612	0	0.537585	2
137	745	280	745	278	11	12	0.0119403	0	0.637813	1
138	280	323	281	322	11	13	0.00597015	0	0.735763	1
139	788	240	789	242	11	14	0.0149254	0	0.546697	1
140	748	270	749	268	11	12	0.0149254	0	0.615034	1
141	38	300	35	299	11	12	0.0119403	0	0.683371	2
142	548	273	544	271	11	14	0.0238806	0	0.621868	2
143	782	132	782	130	11	16	0.0119403	0	0.300683	1
144	265	342	267	337	11	20	0.080597	0	0.779043	1
145	262	323	266	324	11	12	0.0149254	0	0.735763	1
146	467	312	482	310	11	15	0.0567164	0	0.710706	1
147	615	220	611	220	11	12	0.0119403	0	0.501139	2
148	372	266	379	266	11	14	0.0208955	0	0.605923	1
149	372	184	373	184	11	12	0.00298507	0	0.419134	1
150	625	252	626	250	11	13	0.0149254	0	0.574032	1
151	652	82	652	81	11	14	0.00298507	0	0.186788	1
152	601	250	601	249	11	12	0.00298507	0	0.569476	1
153	567	240	566	238	11	13	0.0149254	0	0.546697	2
154	291	242	285	240	11	40	0.0298507	0	0.551253	2
155	385	234	426	217	12	29	0.985075	0	0.53303	1
156	648	252	657	251	12	14	0.0298507	0	0.574032	1
157	386	281	390	278	12	16	0.038806	0	0.640091	1
158	678	246	688	246	12	16	0.0298507	0	0.560364	1
159	579	235	578	236	12	13	0.00597015	0	0.535308	2
160	518	251	517	250	12	13	0.00597015	0	0.571754	2
161	391	395	393	396	12	13	0.00895522	0	0.899772	1
162	735	278	738	273	12	14	0.0835821	0	0.633257	1
163	797	297	777	299	12	26	0.0716418	0	0.676538	2
164	478	299	485	299	12	14	0.0208955	0	0.681093	1
165	491	305	494	305	12	13	0.00895522	0	0.694761	1
166	630	74	621	71	12	40	0.0537313	0	0.168565	2
167	675	215	683	215	12	16	0.0238806	0	0.489749	1
168	39	313	33	312	12	14	0.0208955	0	0.712984	2
169	387	265	386	265	12	14	0.00298507	0	0.603645	2
170	594	285	587	283	12	14	0.0328358	0	0.649203	2
171	512	273	512	272	12	13	0.00298507	0	0.621868	1
172	289	274	291	274	13	14	0.00597015	0	0.624146	1
173	747	277	757	266	13	20	0.391045	0	0.630979	1
174	749	267	755	260	13	18	0.164179	0	0.6082	1
175	384	164	446	165	13	36	0.18806	0	0.373576	1
176	498	262	501	261	13	14	0.0119403	0	0.596811	1
177	520	213	521	211	13	14	0.0149254	0	0.485194	1
178	602	241	594	237	13	16	0.0716418	0	0.548975	2
179	33	299	30	298	13	14	0.0119403	0	0.681093	2
180	809	107	807	105	13	17	0.0179104	0	0.243736	2
181	615	247	616	245	13	17	0.0149254	0	0.562642	1
182	624	313	623	311	13	14	0.0149254	0	0.712984	2
183	628	288	628	288	13	14	0	0	0.656036	1
184	643	126	631	123	13	20	0.0626866	0	0.287016	2
185	670	224	675	226	13	16	0.0268657	0	0.510251	1
186	749	302	761	295	13	22	0.18209	0	0.687927	1
187	542	286	538	284	13	14	0.0238806	0	0.651481	2
188	652	138	650	137	13	14	0.00895522	0	0.314351	2
189	525	280	522	277	13	14	0.0358209	0	0.637813	2
190	649	94	649	92	13	15	0.0119403	0	0.214123	1
191	784	65	778	62	13	21	0.0447761	0	0.148064	2
192	491	319	492	320	13	15	0.00597015	0	0.726651	1
193	518	291	516	291	13	14	0.00597015	0	0.66287	2
194	410	408	411	409	13	15	0.00597015	0	0.929385	1
195	31	323	28	322	13	14	0.0119403	0	0.735763	2
196	550	249	545	245	13	16	0.0626866	0	0.567198	2
197	733	94	728	91	13	40	0.041791	0	0.214123	2
198	625	250	625	249	14	15	0.00298507	0	0.569476	1
199	517	251	517	249	14	15	0.0119403	0	0.571754	1
200	395	398	392	395	14	18	0.0358209	0	0.906606	2
201	372	397	370	397	14	16	0.00597015	0	0.904328	2
202	496	306	498	306	14	15	0.00597015	0	0.697039	1
203	277	327	276	327	14	16	0.00298507	0	0.744875	2
204	801	228	802	230	14	15	0.0149254	0	0.519362	1
205	493	289	496	289	14	15	0.00895522	0	0.658314	1
206	639	149	617	148	14	26	0.0686567	0	0.339408	2
207	297	273	299	272	15	16	0.00895522	0	0.621868	1
208	523	211	531	206	15	21	0.0985075	0	0.480638	1
209	407	399	403	395	15	18	0.0597015	0	0.908884	2
210	661	248	679	247	15	21	0.0567164	0	0.56492	1
211	535	276	531	273	15	17	0.038806	0	0.628702	2
212	288	284	294	283	15	17	0.0208955	0	0.646925	1
213	535	296	532	294	15	20	0.0208955	0	0.67426	2
214	789	244	791	251	15	18	0.152239	0	0.555809	1
215	287	326	292	325	15	16	0.0179104	0	0.742597	1
216	558	241	550	237	15	20	0.0716418	0	0.548975	2
217	28	298	24	294	15	17	0.0597015	0	0.678815	2
218	42	380	27	377	15	17	0.0716418	0	0.865604	2
219	529	261	527	260	15	16	0.00895522	0	0.594533	2
220	120	248	140	245	15	30	0.0865672	0	0.56492	1
221	510	304	509	303	15	16	0.00597015	0	0.692483	2
222	645	138	640	137	15	17	0.0179104	0	0.314351	2
223	504	260	511	258	15	17	0.0328358	0	0.592255	1
224	555	275	550	269	15	19	0.122388	0	0.626424	2
225	661	119	660	119	15	16	0.00298507	0	0.271071	2
226	582	284	579	284	15	16	0.00895522	0	0.646925	2
227	653	80	652	80	15	29	0.00298507	0	0.182232	2
228	388	193	391	191	15	16	0.0208955	0	0.439636	1
229	621	306	619	301	15	16	0.080597	0	0.697039	2
230	825	126	822	124	15	27	0.0208955	0	0.287016	2
231	514	292	512	291	15	17	0.00895522	0	0.665148	2
232	32	312	24	306	15	19	0.131343	0	0.710706	2
233	33	358	26	353	15	17	0.0955224	0	0.81549	2
234	631	290	631	290	15	17	0	0	0.660592	1
235	676	122	674	121	15	22	0.00895522	0	0.277904	2
236	358	289	364	288	15	16	0.0208955	0	0.658314	1
237	300	248	299	246	15	29	0.0149254	0	0.56492	2
238	803	308	805	303	15	22	0.080597	0	0.701595	1
239	29	329	25	327	15	17	0.0238806	0	0.749431	2
240	626	248	626	247	16	18	0.00298507	0	0.56492	1
241	519	248	521	246	16	17	0.0179104	0	0.56492	1
242	498	289	501	288	16	17	0.0119403	0	0.658314	1
243	417	405	413	402	16	18	0.038806	0	0.922551	2
244	485	310	492	308	16	17	0.0328358	0	0.70615	1
245	392	244	425	235	16	27	0.340299	0	0.555809	1
246	497	327	496	326	16	17	0.00597015	0	0.744875	2
247	608	268	607	269	16	17	0.00597015	0	0.610478	2
248	766	272	767	269	16	18	0.0298507	0	0.61959	1
249	287	315	290	314	16	17	0.0119403	0	0.71754	1
250	599	217	591	215	16	19	0.0358209	0	0.494305	2
251	819	113	811	111	16	40	0.0358209	0	0.257403	2
252	732	79	728	77	17	29	0.0238806	0	0.179954	2
253	676	226	685	230	17	22	0.0746269	0	0.514806	1
254	369	296	368	295	17	18	0.00597015	0	0.67426	2
255	689	246	690	245	17	18	0.00597015	0	0.560364	1
256	379	283	379	282	17	18	0.00298507	0	0.644647	1
257	367	355	343	345	17	23	0.370149	0	0.808656	2
258	592	237	589	235	17	19	0.0208955	0	0.539863	2
259	778	127	775	126	17	34	0.0119403	0	0.289294	2
260	684	216	692	221	17	22	0.0985075	0	0.492027	1
261	300	323	314	322	17	22	0.0447761	0	0.735763	1
262	394	193	402	193	17	20	0.0238806	0	0.439636	1
263	536	284	537	281	17	20	0.0298507	0	0.646925	1
264	277	328	280	324	17	19	0.0567164	0	0.747153	1
265	669	216	676	220	17	21	0.0686567	0	0.492027	1
266	804	294	799	293	17	34	0.0179104	0	0.669704	2
267	632	103	628	103	17	29	0.0119403	0	0.234624	2
268	750	310	753	305	17	20	0.0835821	0	0.70615	1
269	560	325	561	322	17	19	0.0298507	0	0.740319	1
270	646	148	642	147	17	18	0.0149254	0	0.33713	2
271	747	94	742	93	17	40	0.0179104	0	0.214123	2
272	302	273	306	272	18	19	0.0149254	0	0.621868	1
273	298	283	302	282	18	19	0.0149254	0	0.644647	1
274	531	272	531	271	18	19	0.00298507	0	0.61959	1
275	631	289	630	284	18	22	0.0776119	0	0.658314	2
276	536	236	534	235	18	19	0.00895522	0	0.537585	2
277	519	261	520	259	18	19	0.0149254	0	0.594533	1
278	376	400	375	400	18	19	0.00298507	0	0.911162	2
279	400	274	408	271	18	20	0.0507463	0	0.624146	1
280	501	307	513	310	18	21	0.0626866	0	0.699317	1
281	675	237	684	240	18	22	0.0537313	0	0.539863	1
282	343	346	339	344	18	19	0.0238806	0	0.788155	2
283	520	284	520	282	18	19	0.0119403	0	0.646925	1
284	383	200	393	197	18	22	0.0567164	0	0.455581	1
285	810	102	809	101	18	20	0.00597015	0	0.232346	2
286	366	397	364	397	18	20	0.00597015	0	0.904328	2
287	295	308	306	307	18	21	0.0358209	0	0.701595	1
288	521	271	522	270	18	19	0.00597015	0	0.617312	1
289	571	236	569	235	19	20	0.00895522	0	0.537585	2
290	693	245	694	245	19	20	0.00298507	0	0.558087	1
291	757	258	761	253	19	23	0.0865672	0	0.587699	1
292	794	252	797	250	19	21	0.0208955	0	0.574032	1
293	550	307	549	306	19	20	0.00597015	0	0.699317	2
294	803	262	804	261	19	21	0.00597015	0	0.596811	1
295	381	281	388	278	19	21	0.0477612	0	0.640091	1
296	590	249	588	248	19	20	0.00895522	0	0.567198	2
297	26	292	24	291	19	20	0.00895522	0	0.665148	2
298	614	285	612	281	19	21	0.0537313	0	0.649203	2
299	518	247	519	245	19	20	0.0149254	0	0.562642	1
300	31	323	33	321	19	22	0.0179104	0	0.735763	1
301	578	248	575	247	19	20	0.0119403	0	0.56492	2
302	715	95	714	94	19	29	0.00597015	0	0.216401	2
303	547	42	543	41	19	40	0.0149254	0	0.095672	2
304	237	432	233	431	19	40	0.0149254	0	0.984055	2
305	307	280	311	279	20	21	0.0149254	0	0.637813	1
306	520	257	519	255	20	21	0.0149254	0	0.585421	2
307	589	234	587	232	20	23	0.0179104	0	0.53303	2
308	532	267	532	264	20	21	0.0268657	0	0.6082	1
309	314	270	323	270	20	22	0.0268657	0	0.615034	1
310	502	328	501	327	20	21	0.00597015	0	0.747153	2
311	336	343	317	338	20	25	0.131343	0	0.781321	2
312	591	213	588	210	20	21	0.0358209	0	0.485194	2
313	599	260	598	258	20	21	0.0149254	0	0.592255	2
314	562	321	562	319	20	21	0.0119403	0	0.731207	1
315	542	264	542	262	20	21	0.0119403	0	0.601367	1
316	397	259	402	260	20	21	0.0179104	0	0.589977	1
317	759	265	761	263	21	23	0.0179104	0	0.603645	1
318	562	309	566	308	21	25	0.0149254	0	0.703872	1
319	532	295	532	294	21	22	0.00298507	0	0.671982	1
320	693	239	697	240	21	25	0.0149254	0	0.544419	1
321	551	234	550	233	21	22	0.00597015	0	0.53303	2
322	629	123	600	125	21	35	0.0985075	0	0.280182	2
323	405	195	408	195	21	23	0.00895522	0	0.444191	1
324	531	236	528	233	21	23	0.0358209	0	0.537585	2
325	587	246	585	245	21	22	0.00895522	0	0.560364	2
326	406	284	408	285	21	24	0.00895522	0	0.646925	1
327	617	296	614	297	21	22	0.0119403	0	0.67426	2
328	375	287	391	279	21	24	0.238806	0	0.653759	1
329	133	222	134	222	21	22	0.00298507	0	0.505695	1
330	749	295	751	295	21	22	0.00597015	0	0.671982	1
331	574	291	571	290	21	22	0.0119403	0	0.66287	2
332	769	266	770	265	21	24	0.00597015	0	0.605923	1
333	139	242	155	243	21	30	0.0507463	0	0.551253	1
334	404	294	404	294	21	24	0	0	0.669704	1
335	533	205	535	205	22	24	0.00597015	0	0.46697	1
336	702	253	705	250	22	26	0.0358209	0	0.57631	1
337	579	277	577	276	22	23	0.00895522	0	0.630979	2
338	516	250	516	249	22	23	0.00298507	0	0.569476	1
339	525	309	527	309	22	23	0.00597015	0	0.703872	1
340	537	280	536	278	22	24	0.0149254	0	0.637813	2
341	799	251	800	251	22	23	0.00298507	0	0.571754	1
342	534	262	534	259	22	25	0.0268657	0	0.596811	1
343	316	280	320	281	22	23	0.0149254	0	0.637813	1
344	393	278	398	276	22	23	0.0268657	0	0.633257	1
345	358	388	346	385	22	23	0.0626866	0	0.883827	2
346	806	264	806	263	22	23	0.00298507	0	0.601367	1
347	517	261	518	259	22	25	0.0149254	0	0.594533	1
348	515	311	515	310	22	23	0.00298507	0	0.708428	1
349	564	318	565	317	22	23	0.00597015	0	0.724374	1
350	827	81	824	80	22	37	0.0119403	0	0.18451	2
351	549	310	550	309	22	23	0.00597015	0	0.70615	1
352	612	282	609	283	22	26	0.0119403	0	0.642369	2
353	296	318	301	315	22	23	0.041791	0	0.724374	1
354	589	207	586	205	22	24	0.0208955	0	0.471526	2
355	633	274	631	274	22	23	0.00597015	0	0.624146	2
356	369	389	357	386	22	23	0.0626866	0	0.886105	2
357	598	257	596	255	22	23	0.0179104	0	0.585421	2
358	505	320	505	319	22	23	0.00298507	0	0.728929	1
359	413	271	416	268	22	24	0.0358209	0	0.617312	1
360	646	117	645	116	22	34	0.00597015	0	0.266515	2
361	680	225	687	223	23	29	0.0328358	0	0.512528	1
362	694	224	700	221	23	28	0.0447761	0	0.510251	1
363	683	246	688	243	23	28	0.041791	0	0.560364	1
364	757	289	763	288	23	27	0.0208955	0	0.658314	1
365	374	401	372	400	23	25	0.00895522	0	0.91344	2
366	552	241	550	240	23	24	0.00895522	0	0.548975	2
367	330	272	339	274	23	25	0.038806	0	0.61959	1
368	132	229	133	231	23	25	0.0149254	0	0.52164	1
369	577	294	576	294	23	24	0.00298507	0	0.669704	2
370	597	271	592	276	23	27	0.0895522	0	0.617312	2
371	612	299	610	297	23	28	0.0179104	0	0.681093	2
372	567	232	564	232	23	25	0.00895522	0	0.528474	2
373	538	216	540	217	23	24	0.00895522	0	0.492027	1
374	783	290	781	290	23	24	0.00597015	0	0.660592	2
375	520	221	521	221	23	24	0.00298507	0	0.503417	1
376	544	258	546	257	23	27	0.00895522	0	0.587699	1
377	621	280	619	279	23	25	0.00895522	0	0.637813	2
378	539	295	538	294	23	26	0.00597015	0	0.671982	2
379	576	273	574	272	24	25	0.00895522	0	0.621868	2
380	527	309	528	309	24	25	0.00298507	0	0.703872	1
381	519	249	518	248	24	25	0.00597015	0	0.567198	2
382	807	264	809	263	24	28	0.00895522	0	0.601367	1
383	567	318	569	319	24	28	0.00895522	0	0.724374	1
384	588	232	585	232	24	27	0.00895522	0	0.528474	2
385	346	385	335	384	24	25	0.0358209	0	0.876993	2
386	516	311	515	307	24	29	0.0507463	0	0.708428	2
387	325	283	346	283	24	28	0.0626866	0	0.644647	1
388	531	229	529	228	24	25	0.00895522	0	0.52164	2
389	776	276	772	273	24	29	0.038806	0	0.628702	2
390	545	204	546	204	24	25	0.00298507	0	0.464692	1
391	528	290	529	289	24	25	0.00597015	0	0.660592	1
392	401	275	405	273	24	25	0.0238806	0	0.626424	1
393	335	384	313	382	24	26	0.0776119	0	0.874715	2
394	749	265	752	264	24	25	0.0119403	0	0.603645	1
395	506	319	505	316	24	29	0.0298507	0	0.726651	2
396	550	301	551	302	25	27	0.00597015	0	0.685649	1
397	536	207	538	208	25	27	0.00895522	0	0.471526	1
398	566	245	563	244	25	26	0.0119403	0	0.558087	2
399	575	293	573	292	25	27	0.00895522	0	0.667426	2
400	499	295	494	294	25	27	0.0179104	0	0.671982	2
401	403	295	404	291	25	27	0.0507463	0	0.671982	1
402	793	264	792	264	25	26	0.00298507	0	0.601367	2
403	327	308	333	306	25	26	0.0298507	0	0.701595	1
404	517	321	514	320	25	27	0.0119403	0	0.731207	2
405	545	233	542	232	25	26	0.0119403	0	0.530752	2
406	571	211	567	210	25	27	0.0149254	0	0.480638	2
407	418	267	434	260	25	31	0.19403	0	0.6082	1
408	599	290	598	290	25	27	0.00298507	0	0.660592	2
409	510	280	509	278	25	26	0.0149254	0	0.637813	2
410	530	309	529	308	26	28	0.00597015	0	0.703872	2
411	573	272	568	272	26	29	0.0149254	0	0.61959	2
412	567	308	567	301	26	40	0.146269	0	0.701595	1
413	524	227	520	227	26	27	0.0119403	0	0.517084	2
414	518	259	519	258	26	27	0.00597015	0	0.589977	1
415	534	260	537	261	26	29	0.0119403	0	0.592255	1
416	546	205	547	205	26	27	0.00298507	0	0.46697	1
417	410	277	410	275	26	27	0.0119403	0	0.630979	1
418	312	339	283	342	26	31	0.113433	0	0.77221	2
419	753	303	780	290	26	36	0.585075	0	0.690205	1
420	342	319	357	326	26	30	0.191045	0	0.726651	1
421	699	240	700	238	26	27	0.0149254	0	0.546697	1
422	540	271	540	271	26	27	0	0	0.617312	1
423	552	310	553	309	26	28	0.00597015	0	0.70615	1
424	336	296	341	296	26	27	0.0149254	0	0.67426	1
425	407	232	410	228	26	28	0.0567164	0	0.528474	1
426	344	275	380	275	26	32	0.107463	0	0.626424	1
427	324	384	314	386	26	27	0.041791	0	0.874715	2
428	689	233	690	232	26	27	0.00597015	0	0.530752	1
429	135	231	137	231	26	27	0.00597015	0	0.526196	1
430	517	248	518	247	27	28	0.00597015	0	0.56492	1
431	777	265	779	264	27	28	0.00895522	0	0.603645	1
432	536	296	536	296	27	28	0	0	0.67426	1
433	794	265	795	264	27	29	0.00597015	0	0.603645	1
434	610	284	610	284	27	28	0	0	0.646925	1
435	339	306	344	306	27	28	0.0149254	0	0.697039	1
436	116	439	108	437	27	40	0.0358209	0	1	2
437	499	327	499	326	27	29	0.00298507	0	0.744875	1
438	517	226	513	226	28	29	0.0119403	0	0.514806	2
439	544	208	547	204	28	32	0.0567164	0	0.473804	1
440	531	281	531	280	28	30	0.00298507	0	0.640091	1
441	522	257	527	255	28	32	0.0268657	0	0.585421	1
442	304	390	299	393	28	30	0.041791	0	0.888383	2
443	536	271	539	269	28	31	0.0208955	0	0.617312	1
444	571	256	570	255	28	29	0.00597015	0	0.583144	2
445	811	102	810	102	28	29	0.00298507	0	0.232346	2
446	546	258	547	258	28	29	0.00298507	0	0.587699	1
447	705	239	707	238	28	29	0.00895522	0	0.544419	1
448	494	296	489	296	28	40	0.0149254	0	0.67426	2
449	571	242	568	242	28	29	0.00895522	0	0.551253	2
450	695	231	698	230	28	30	0.0119403	0	0.526196	1
451	766	290	787	283	28	35	0.208955	0	0.660592	1
452	568	208	567	207	28	30	0.00597015	0	0.473804	2
453	537	232	534	232	28	29	0.00895522	0	0.528474	2
454	566	229	563	229	28	29	0.00895522	0	0.52164	2
455	597	290	597	290	28	30	0	0	0.660592	1
456	408	283	409	278	28	29	0.0776119	0	0.644647	1
457	778	290	779	288	28	29	0.0149254	0	0.660592	1
458	611	235	610	231	28	31	0.0507463	0	0.535308	2
459	590	69	584	68	28	40	0.0208955	0	0.157175	2
460	428	233	457	225	28	40	0.277612	0	0.530752	1
461	524	236	521	236	28	29	0.00895522	0	0.537585	2
462	594	277	592	274	28	36	0.0328358	0	0.630979	2
463	514	278	515	273	28	29	0.0776119	0	0.633257	1
464	508	236	494	240	28	34	0.0895522	0	0.537585	2
465	136	232	139	231	28	29	0.0119403	0	0.528474	1
466	504	280	497	278	28	38	0.0328358	0	0.637813	2
467	702	220	714	220	29	35	0.0358209	0	0.501139	1
468	570	319	568	310	29	38	0.247761	0	0.726651	2
469	419	195	420	196	29	30	0.00597015	0	0.444191	1
470	353	285	371	284	29	32	0.0567164	0	0.649203	1
471	346	344	345	344	29	32	0.00298507	0	0.783599	2
472	303	329	286	331	29	32	0.0626866	0	0.749431	2
473	558	267	558	267	29	30	0	0	0.6082	1
474	512	251	510	251	29	30	0.00597015	0	0.571754	2
475	615	148	610	147	29	31	0.0179104	0	0.33713	2
476	541	242	538	242	29	30	0.00895522	0	0.551253	2
477	768	262	780	261	29	33	0.038806	0	0.596811	1
478	610	294	609	289	29	30	0.0776119	0	0.669704	2
479	583	235	573	239	29	34	0.0776119	0	0.535308	2
480	521	246	522	245	30	31	0.00597015	0	0.560364	1
481	729	77	726	76	30	40	0.0119403	0	0.175399	2
482	688	222	712	219	30	39	0.0985075	0	0.505695	1
483	569	256	566	255	30	32	0.0119403	0	0.583144	2
484	568	273	564	272	30	32	0.0149254	0	0.621868	2
485	428	216	447	210	30	38	0.164179	0	0.492027	1
486	559	231	557	232	30	31	0.00895522	0	0.526196	2
487	710	237	712	238	30	33	0.00895522	0	0.539863	1
488	540	260	543	258	30	32	0.0208955	0	0.592255	1
489	811	102	809	101	30	32	0.00895522	0	0.232346	2
490	809	259	807	259	30	31	0.00597015	0	0.589977	2
491	567	243	563	244	30	32	0.0149254	0	0.553531	2
492	509	228	505	229	30	31	0.0149254	0	0.519362	2
493	408	286	408	286	30	31	0	0	0.651481	1
494	143	231	149	231	30	32	0.0179104	0	0.526196	1
495	780	287	782	286	30	31	0.00895522	0	0.653759	1
496	518	308	521	307	30	31	0.0119403	0	0.701595	1
497	569	233	565	234	30	32	0.0149254	0	0.530752	2
498	533	232	529	232	30	31	0.0119403	0	0.528474	2
499	416	275	419	272	30	31	0.0358209	0	0.626424	1
500	548	217	551	215	30	32	0.0208955	0	0.494305	1
501	519	236	516	237	30	31	0.0119403	0	0.537585	2
502	771	271	783	270	30	33	0.038806	0	0.617312	1
503	620	279	618	278	30	34	0.00895522	0	0.635535	2
504	653	80	654	79	30	40	0.00597015	0	0.182232	1
505	602	144	598	144	30	32	0.0119403	0	0.328018	2
506	594	243	596	241	30	31	0.0179104	0	0.553531	1
507	419	239	425	236	30	33	0.0447761	0	0.544419	1
508	661	125	663	124	30	33	0.00895522	0	0.284738	1
509	300	246	296	246	30	40	0.0119403	0	0.560364	2
510	810	235	807	235	30	35	0.00895522	0	0.535308	2
511	710	247	713	249	30	33	0.0208955	0	0.562642	1
512	299	394	296	394	31	33	0.00895522	0	0.897494	2
513	699	230	707	230	31	35	0.0238806	0	0.523918	1
514	516	258	515	263	31	32	0.0776119	0	0.587699	2
515	742	79	739	78	31	40	0.0119403	0	0.179954	2
516	581	271	575	272	31	33	0.0208955	0	0.617312	2
517	598	290	598	289	31	33	0.00298507	0	0.660592	1
518	302	339	264	334	31	37	0.18806	0	0.77221	2
519	787	265	791	264	31	33	0.0149254	0	0.603645	1
520	417	225	441	221	31	40	0.119403	0	0.512528	1
521	421	196	429	197	31	34	0.0268657	0	0.446469	1
522	146	245	152	244	31	32	0.0208955	0	0.558087	1
523	565	209	566	207	31	32	0.0149254	0	0.476082	1
524	537	221	539	220	31	32	0.00895522	0	0.503417	1
525	517	273	516	273	32	34	0.00298507	0	0.621868	2
526	511	240	507	240	32	33	0.0119403	0	0.546697	2
527	409	285	408	283	32	33	0.0149254	0	0.649203	2
528	531	281	532	278	32	35	0.0298507	0	0.640091	1
529	544	270	547	267	32	36	0.0358209	0	0.615034	1
530	810	257	808	257	32	33	0.00597015	0	0.585421	2
531	530	307	538	301	32	36	0.131343	0	0.699317	1
532	555	233	553	234	32	33	0.00895522	0	0.530752	2
533	611	231	601	223	32	40	0.220896	0	0.526196	2
534	785	290	787	292	32	33	0.0179104	0	0.660592	1
535	607	275	606	271	32	33	0.0507463	0	0.626424	2
536	377	322	401	317	32	35	0.146269	0	0.733485	1
537	673	122	673	122	32	34	0	0	0.277904	1
538	696	239	699	239	32	34	0.00895522	0	0.544419	1
539	554	258	555	257	33	34	0.00597015	0	0.587699	1
540	529	256	529	255	33	34	0.00298507	0	0.583144	1
541	543	207	551	207	33	39	0.0238806	0	0.471526	1
542	809	102	808	101	33	34	0.00597015	0	0.232346	2
543	280	333	273	331	33	34	0.0328358	0	0.758542	2
544	168	201	190	197	33	40	0.113433	0	0.457859	1
545	544	259	545	255	33	37	0.0507463	0	0.589977	1
546	553	206	557	204	33	35	0.0238806	0	0.469248	1
547	566	245	562	246	33	35	0.0149254	0	0.558087	2
548	384	279	398	276	33	35	0.0686567	0	0.635535	1
549	540	226	544	224	33	36	0.0238806	0	0.514806	1
550	563	235	560	235	33	34	0.00895522	0	0.535308	2
551	310	347	291	343	33	36	0.104478	0	0.790433	2
552	521	308	521	306	33	34	0.0119403	0	0.701595	1
553	715	250	725	251	34	40	0.0328358	0	0.569476	1
554	295	392	289	388	34	35	0.0656716	0	0.892938	2
555	515	239	500	240	34	37	0.0477612	0	0.544419	2
556	808	256	807	256	34	36	0.00298507	0	0.583144	2
557	285	390	279	387	34	35	0.0447761	0	0.888383	2
558	606	271	601	269	34	37	0.0268657	0	0.617312	2
559	598	289	593	290	34	37	0.0179104	0	0.658314	2
560	590	238	587	238	34	36	0.00895522	0	0.542141	2
561	810	266	813	265	34	37	0.0119403	0	0.605923	1
562	24	316	25	314	34	35	0.0149254	0	0.719818	1
563	448	192	451	192	34	35	0.00895522	0	0.437358	1
564	511	314	510	313	34	35	0.00597015	0	0.715262	2
565	597	114	590	113	34	40	0.0238806	0	0.259681	2
566	24	297	31	293	34	37	0.0686567	0	0.676538	1
567	431	253	436	251	34	36	0.0268657	0	0.57631	1
568	789	294	790	293	34	36	0.00597015	0	0.669704	1
569	812	297	811	297	34	36	0.00298507	0	0.676538	2
570	563	267	561	261	34	35	0.113433	0	0.6082	2
571	525	246	525	245	35	36	0.00298507	0	0.560364	1
572	783	264	790	263	35	38	0.0238806	0	0.601367	1
573	809	101	808	100	35	36	0.00597015	0	0.230068	2
574	690	251	691	250	35	36	0.00597015	0	0.571754	1
575	701	240	703	240	35	36	0.00597015	0	0.546697	1
576	156	242	179	240	35	40	0.080597	0	0.551253	1
577	266	329	243	326	35	39	0.0955224	0	0.749431	2
578	714	240	717	240	35	37	0.00895522	0	0.546697	1
579	618	277	617	274	35	36	0.0298507	0	0.630979	2
580	428	277	430	277	35	37	0.00597015	0	0.630979	1
581	606	115	599	114	35	40	0.0238806	0	0.261959	2
582	420	264	427	261	35	37	0.0477612	0	0.601367	1
583	507	323	506	322	35	40	0.00597015	0	0.735763	2
584	528	300	527	298	35	36	0.0149254	0	0.683371	2
585	574	280	574	282	35	37	0.0119403	0	0.637813	1
586	656	109	656	108	35	38	0.00298507	0	0.248292	1
587	521	236	515	235	35	36	0.0208955	0	0.537585	2
588	791	98	788	96	35	40	0.0208955	0	0.223235	2
589	711	230	718	228	36	38	0.0328358	0	0.523918	1
590	718	220	721	219	36	37	0.0119403	0	0.501139	1
591	25	312	35	308	36	40	0.0776119	0	0.710706	1
592	532	283	532	282	36	37	0.00298507	0	0.644647	1
593	599	126	594	126	36	40	0.0149254	0	0.287016	2
594	556	204	560	204	36	39	0.0119403	0	0.464692	1
595	272	382	248	375	36	38	0.21791	0	0.870159	2
596	406	279	432	279	36	40	0.0776119	0	0.635535	1
597	403	323	407	325	36	37	0.0238806	0	0.735763	1
598	534	259	534	258	36	37	0.00298507	0	0.589977	1
599	802	266	802	267	36	37	0.00298507	0	0.605923	1
600	250	332	229	330	36	40	0.0746269	0	0.756264	2
601	771	125	770	124	36	37	0.00597015	0	0.284738	2
602	601	138	595	138	36	39	0.0179104	0	0.314351	2
603	797	256	797	258	36	37	0.0119403	0	0.583144	1
604	807	237	806	237	36	37	0.00298507	0	0.539863	2
605	699	230	705	228	36	38	0.0298507	0	0.523918	1
606	545	266	545	265	37	38	0.00298507	0	0.605923	1
607	805	292	807	292	37	38	0.00597015	0	0.665148	1
608	511	238	506	238	37	38	0.0149254	0	0.542141	2
609	530	314	531	313	37	38	0.00597015	0	0.715262	1
610	809	255	811	255	37	38	0.00597015	0	0.580866	1
611	794	292	795	291	37	39	0.00597015	0	0.665148	1
612	552	222	554	222	37	38	0.00597015	0	0.505695	1
613	538	301	534	304	37	40	0.038806	0	0.685649	2
614	579	235	574	237	37	39	0.0268657	0	0.535308	2
615	439	262	439	261	37	38	0.00298507	0	0.596811	1
616	516	304	514	304	37	39	0.00597015	0	0.692483	2
617	448	165	455	164	37	40	0.0238806	0	0.375854	1
618	696	241	698	240	37	38	0.00895522	0	0.548975	1
619	527	298	525	298	37	39	0.00597015	0	0.678815	2
620	542	237	540	236	37	38	0.00895522	0	0.539863	2
621	555	255	554	254	37	38	0.00597015	0	0.580866	2
622	788	76	787	76	37	40	0.00298507	0	0.173121	2
623	569	228	564	230	37	39	0.0268657	0	0.519362	2
624	401	343	401	343	37	40	0	0	0.781321	1
625	827	80	825	81	38	40	0.00895522	0	0.182232	2
626	696	253	699	254	38	39	0.0119403	0	0.57631	1
627	33	291	40	289	38	40	0.0328358	0	0.66287	1
628	708	238	709	237	38	39	0.00597015	0	0.542141	1
629	496	242	488	244	38	40	0.0358209	0	0.551253	2
630	720	239	721	239	38	39	0.00298507	0	0.544419	1
631	724	218	728	217	38	39	0.0149254	0	0.496583	1
632	505	227	502	226	38	39	0.0119403	0	0.517084	2
633	428	260	433	259	38	39	0.0179104	0	0.592255	1
634	600	273	598	276	38	40	0.0328358	0	0.621868	2
635	806	267	808	271	38	40	0.0537313	0	0.6082	1
636	254	335	249	335	38	39	0.0149254	0	0.763098	2
637	457	192	458	192	38	39	0.00298507	0	0.437358	1
638	672	126	671	126	38	40	0.00298507	0	0.287016	2
639	805	239	805	240	38	39	0.00298507	0	0.544419	1
640	774	126	773	126	38	40	0.00298507	0	0.287016	2
641	627	89	626	89	38	40	0.00298507	0	0.202733	2
642	435	239	440	238	38	40	0.0179104	0	0.544419	1
643	566	215	569	216	38	40	0.0119403	0	0.489749	1
644	514	240	510	240	39	40	0.0119403	0	0.546697	2
645	502	240	497	240	39	40	0.0149254	0	0.546697	2
646	548	255	548	254	39	40	0.00298507	0	0.580866	1
647	450	211	453	210	39	40	0.0119403	0	0.480638	1
648	545	265	545	264	39	40	0.00298507	0	0.603645	1
649	531	313	530	313	39	40	0.00298507	0	0.712984	2
650	722	228	725	227	39	40	0.0119403	0	0.519362	1
651	535	258	535	257	39	40	0.00298507	0	0.587699	1
652	812	259	813	261	39	40	0.0149254	0	0.589977	1
653	554	219	555	219	39	40	0.00298507	0	0.498861	1
654	443	262	445	261	39	40	0.00895522	0	0.596811	1
655	233	340	228	341	39	40	0.0179104	0	0.774487	2
656	596	197	594	196	39	40	0.00895522	0	0.448747	2
657	519	261	518	261	39	40	0.00298507	0	0.594533	2
658	235	373	222	370	39	40	0.0656716	0	0.849658	2
659	233	358	230	357	39	40	0.0119403	0	0.81549	2
660	537	276	537	275	39	40	0.00298507	0	0.628702	1
661	553	245	553	244	39	40	0.00298507	0	0.558087	1
662	785	133	784	133	39	40	0.00298507	0	0.302961	2
663	205	423	205	423	39	40	0	0	0.963554	1
664	794	309	799	309	39	40	0.0149254	0	0.703872	1
665	592	151	591	151	39	40	0.00298507	0	0.343964	2