
0	137	266	137	266	87	88	0	0	0.599099	1
1	291	229	287	228	87	88	0.0442478	0	0.515766	2
2	366	70	368	70	87	89	0.0176991	0	0.157658	1
3	383	154	383	154	87	88	0	0	0.346847	1
4	425	24	421	28	87	125	0.176991	0	0.0540541	2
5	402	263	402	263	87	89	0	0	0.592342	1
6	330	263	329	261	88	89	0.0442478	0	0.592342	2
7	129	240	129	240	88	89	0	0	0.540541	1
8	130	290	129	289	88	90	0.0176991	0	0.653153	2
9	587	79	581	83	88	125	0.19469	0	0.177928	2
10	146	238	145	237	88	89	0.0176991	0	0.536036	2
11	192	352	191	355	88	90	0.0884956	0	0.792793	2
12	293	175	295	176	88	93	0.0265487	0	0.394144	1
13	348	275	347	274	88	89	0.0176991	0	0.619369	2
14	379	132	379	132	88	89	0	0	0.297297	1
15	361	236	359	233	89	90	0.0973451	0	0.531532	2
16	381	164	381	164	89	90	0	0	0.369369	1
17	441	345	438	345	89	93	0.0265487	0	0.777027	2
18	312	213	310	211	89	90	0.0530973	0	0.47973	2
19	371	232	363	225	89	93	0.504425	0	0.522523	2
20	696	75	693	76	89	104	0.0353982	0	0.168919	2
21	589	112	583	116	89	125	0.19469	0	0.252252	2
22	414	36	410	39	89	125	0.115044	0	0.0810811	2
23	329	259	329	256	90	91	0.079646	0	0.583333	1
24	303	201	301	200	90	91	0.0265487	0	0.452703	2
25	141	243	143	236	90	93	0.451327	0	0.547297	1
26	348	291	347	291	90	92	0.00884956	0	0.655405	2
27	316	166	319	166	90	92	0.0265487	0	0.373874	1
28	399	228	399	228	90	91	0	0	0.513514	1
29	313	155	314	158	90	92	0.0884956	0	0.349099	1
30	274	230	274	230	90	91	0	0	0.518018	1
31	323	177	324	177	90	91	0.00884956	0	0.398649	1
32	403	265	402	264	90	93	0.0176991	0	0.596847	2
33	390	154	390	153	90	92	0.00884956	0	0.346847	1
34	369	70	370	70	90	91	0.00884956	0	0.157658	1
35	291	248	294	245	90	92	0.106195	0	0.558559	1
36	342	266	341	265	90	91	0.0176991	0	0.599099	2
37	663	281	657	284	90	125	0.132743	0	0.632883	2
38	174	396	176	395	90	94	0.0265487	0	0.891892	1
39	358	231	355	228	91	92	0.106195	0	0.52027	2
40	277	217	276	217	91	92	0.00884956	0	0.488739	2
41	132	244	132	240	91	93	0.141593	0	0.54955	1
42	332	234	331	232	91	92	0.0442478	0	0.527027	2
43	445	365	446	364	91	92	0.0176991	0	0.822072	1
44	622	281	617	284	91	125	0.123894	0	0.632883	2
45	213	381	215	376	92	96	0.238938	0	0.858108	1
46	515	444	505	443	92	106	0.0973451	0	1	2
47	382	166	382	166	92	93	0	0	0.373874	1
48	399	228	398	227	92	93	0.0176991	0	0.513514	2
49	485	160	488	163	92	96	0.106195	0	0.36036	1
50	297	166	302	166	92	95	0.0442478	0	0.373874	1
51	330	253	330	249	92	93	0.141593	0	0.56982	1
52	473	159	457	162	92	104	0.221239	0	0.358108	2
53	561	24	558	26	92	114	0.0619469	0	0.0540541	2
54	342	263	339	257	92	96	0.345133	0	0.592342	2
55	318	176	318	176	92	93	0	0	0.396396	1
56	413	238	404	233	92	96	0.300885	0	0.536036	2
57	698	49	692	52	92	125	0.132743	0	0.11036	2
58	353	227	349	225	93	94	0.0707965	0	0.511261	2
59	349	291	342	286	93	97	0.283186	0	0.655405	2
60	315	159	325	160	93	98	0.0973451	0	0.358108	1
61	273	231	271	231	93	94	0.0176991	0	0.52027	2
62	367	199	365	196	93	94	0.0973451	0	0.448198	2
63	143	216	141	213	93	95	0.0973451	0	0.486486	2
64	331	232	330	232	93	95	0.00884956	0	0.522523	2
65	283	233	283	232	93	94	0.00884956	0	0.524775	1
66	274	219	273	219	93	94	0.00884956	0	0.493243	2
67	328	173	329	172	93	94	0.0176991	0	0.38964	1
68	806	267	801	265	93	98	0.079646	0	0.601351	2
69	603	73	607	72	93	97	0.0442478	0	0.164414	1
70	154	248	152	245	93	94	0.0973451	0	0.558559	2
71	359	255	356	253	93	95	0.0619469	0	0.574324	2
72	601	182	599	181	93	94	0.0265487	0	0.40991	2
73	276	285	281	279	94	97	0.362832	0	0.641892	1
74	143	235	143	233	94	96	0.0353982	0	0.529279	1
75	297	176	298	176	94	95	0.00884956	0	0.396396	1
76	330	248	330	245	94	95	0.079646	0	0.558559	1
77	439	348	440	349	94	95	0.0176991	0	0.783784	1
78	383	167	382	167	94	95	0.00884956	0	0.376126	2
79	397	226	389	224	94	96	0.106195	0	0.509009	2
80	385	222	384	222	94	95	0.00884956	0	0.5	2
81	359	224	356	223	94	95	0.0353982	0	0.504505	2
82	503	236	500	236	94	97	0.0265487	0	0.531532	2
83	202	391	202	390	94	95	0.00884956	0	0.880631	1
84	511	431	511	436	94	102	0.221239	0	0.970721	1
85	279	196	280	194	94	95	0.0442478	0	0.441441	1
86	143	225	143	223	94	95	0.0353982	0	0.506757	1
87	322	177	322	176	95	96	0.00884956	0	0.398649	1
88	271	231	267	231	95	99	0.0353982	0	0.52027	2
89	363	192	361	189	95	96	0.0973451	0	0.432432	2
90	294	227	293	226	95	96	0.0176991	0	0.511261	2
91	541	25	536	27	95	125	0.079646	0	0.0563063	2
92	817	271	801	269	95	107	0.176991	0	0.61036	2
93	272	219	270	219	95	99	0.0176991	0	0.493243	2
94	315	225	319	224	95	97	0.0442478	0	0.506757	1
95	380	73	386	72	95	98	0.0619469	0	0.164414	1
96	197	403	196	403	95	96	0.00884956	0	0.907658	2
97	137	271	137	270	96	97	0.00884956	0	0.61036	1
98	330	243	330	241	96	97	0.0353982	0	0.547297	1
99	301	175	303	175	96	97	0.0176991	0	0.394144	1
100	441	350	439	350	96	97	0.0176991	0	0.788288	2
101	337	173	336	173	96	98	0.00884956	0	0.38964	2
102	381	167	381	166	96	97	0.00884956	0	0.376126	1
103	140	211	138	209	96	97	0.0530973	0	0.475225	2
104	372	249	369	252	96	97	0.106195	0	0.560811	2
105	215	354	217	353	96	97	0.0265487	0	0.797297	1
106	304	223	304	222	96	97	0.00884956	0	0.502252	1
107	340	243	340	240	96	97	0.079646	0	0.547297	1
108	567	378	565	378	96	109	0.0176991	0	0.851351	2
109	506	246	503	246	96	99	0.0265487	0	0.554054	2
110	131	289	131	288	96	98	0.00884956	0	0.650901	1
111	802	235	791	237	96	111	0.132743	0	0.529279	2
112	176	220	175	221	96	111	0.0176991	0	0.495495	2
113	347	28	346	28	96	99	0.00884956	0	0.0630631	2
114	143	232	144	227	97	100	0.230088	0	0.522523	1
115	420	301	405	297	97	103	0.274336	0	0.677928	2
116	358	254	356	253	97	98	0.0265487	0	0.572072	2
117	347	224	346	224	97	98	0.00884956	0	0.504505	2
118	284	231	282	232	97	98	0.0265487	0	0.52027	2
119	424	340	422	341	97	98	0.0265487	0	0.765766	2
120	359	190	356	188	97	98	0.0619469	0	0.427928	2
121	125	236	126	233	97	101	0.0884956	0	0.531532	1
122	489	164	476	167	97	101	0.19469	0	0.369369	2
123	139	260	138	258	97	98	0.0442478	0	0.585586	2
124	530	25	524	28	97	125	0.132743	0	0.0563063	2
125	400	231	393	229	97	98	0.0973451	0	0.52027	2
126	333	253	331	251	97	98	0.0530973	0	0.56982	2
127	331	239	331	236	98	99	0.079646	0	0.538288	1
128	436	349	431	349	98	99	0.0442478	0	0.786036	2
129	340	286	335	283	98	100	0.123894	0	0.644144	2
130	509	366	557	364	98	112	0.460177	0	0.824324	1
131	137	208	133	206	98	100	0.0707965	0	0.468468	2
132	614	75	624	75	98	104	0.0884956	0	0.168919	1
133	491	231	489	230	98	100	0.0265487	0	0.52027	2
134	305	222	301	222	98	101	0.0353982	0	0.5	2
135	224	355	228	355	98	99	0.0353982	0	0.79955	1
136	355	288	354	288	98	99	0.00884956	0	0.648649	2
137	385	196	382	196	98	99	0.0265487	0	0.441441	2
138	348	234	347	233	98	99	0.0176991	0	0.527027	2
139	501	236	499	235	98	100	0.0265487	0	0.531532	2
140	163	217	162	217	98	103	0.00884956	0	0.488739	2
141	298	274	305	273	99	100	0.0707965	0	0.617117	1
142	347	223	347	222	99	100	0.00884956	0	0.502252	1
143	280	234	276	234	99	100	0.0353982	0	0.527027	2
144	310	169	314	169	99	101	0.0353982	0	0.380631	1
145	336	173	336	173	99	100	0	0	0.38964	1
146	135	238	136	234	99	101	0.150442	0	0.536036	1
147	244	337	244	336	99	100	0.00884956	0	0.759009	1
148	387	164	393	162	99	100	0.0884956	0	0.369369	1
149	355	273	354	271	99	100	0.0442478	0	0.614865	2
150	536	280	533	282	99	125	0.0619469	0	0.630631	2
151	827	287	826	286	99	101	0.0176991	0	0.646396	2
152	331	236	331	234	100	101	0.0353982	0	0.531532	1
153	479	227	475	227	100	106	0.0353982	0	0.511261	2
154	344	239	345	237	100	101	0.0442478	0	0.538288	1
155	355	287	355	284	100	104	0.079646	0	0.646396	1
156	355	252	353	250	100	101	0.0530973	0	0.567568	2
157	268	224	268	224	100	101	0	0	0.504505	1
158	353	182	351	180	100	101	0.0530973	0	0.40991	2
159	330	248	329	247	100	101	0.0176991	0	0.558559	2
160	423	349	417	347	100	101	0.0884956	0	0.786036	2
161	331	160	338	159	100	102	0.0707965	0	0.36036	1
162	379	198	376	198	100	101	0.0265487	0	0.445946	2
163	510	285	508	282	100	101	0.0973451	0	0.641892	2
164	801	269	800	268	100	102	0.0176991	0	0.605856	2
165	198	403	198	402	100	101	0.00884956	0	0.907658	1
166	150	264	150	264	100	101	0	0	0.594595	1
167	130	270	130	270	100	101	0	0	0.608108	1
168	374	216	370	214	100	101	0.0707965	0	0.486486	2
169	505	246	504	246	100	101	0.00884956	0	0.554054	2
170	266	234	265	234	100	101	0.00884956	0	0.527027	2
171	462	140	455	140	100	104	0.0619469	0	0.315315	2
172	334	282	332	279	101	103	0.0973451	0	0.635135	2
173	147	225	148	224	101	102	0.0176991	0	0.506757	1
174	311	238	317	239	101	104	0.0619469	0	0.536036	1
175	132	205	133	206	101	107	0.0176991	0	0.461712	1
176	349	221	348	220	101	102	0.0176991	0	0.497748	2
177	361	231	360	231	101	102	0.00884956	0	0.52027	2
178	235	353	240	350	101	102	0.123894	0	0.795045	1
179	529	36	528	37	101	113	0.0176991	0	0.0810811	2
180	509	360	557	357	101	114	0.504425	0	0.810811	1
181	332	230	331	229	102	103	0.0176991	0	0.518018	2
182	473	177	470	174	102	104	0.106195	0	0.398649	2
183	131	270	132	270	102	107	0.00884956	0	0.608108	1
184	343	230	343	228	102	103	0.0353982	0	0.518018	1
185	368	216	364	218	102	103	0.0707965	0	0.486486	2
186	507	297	501	291	102	108	0.371681	0	0.668919	2
187	592	180	590	180	102	104	0.0176991	0	0.405405	2
188	303	223	301	223	102	103	0.0176991	0	0.502252	2
189	436	358	435	356	102	104	0.0442478	0	0.806306	2
190	347	192	341	191	102	104	0.0619469	0	0.432432	2
191	294	186	291	185	102	104	0.0353982	0	0.418919	2
192	147	234	152	232	102	104	0.079646	0	0.527027	1
193	319	168	330	168	102	105	0.0973451	0	0.378378	1
194	157	192	158	197	102	104	0.230088	0	0.432432	1
195	423	345	414	340	103	106	0.300885	0	0.777027	2
196	345	274	345	271	103	105	0.079646	0	0.617117	1
197	333	182	336	182	103	104	0.0265487	0	0.40991	1
198	152	266	151	265	103	104	0.0176991	0	0.599099	2
199	359	232	358	232	103	104	0.00884956	0	0.522523	2
200	152	223	155	222	103	104	0.0353982	0	0.502252	1
201	522	379	572	374	103	116	0.663717	0	0.853604	1
202	504	31	503	32	103	118	0.0176991	0	0.0698198	2
203	269	219	267	219	103	105	0.0176991	0	0.493243	2
204	414	164	422	167	103	107	0.150442	0	0.369369	1
205	341	215	341	213	103	104	0.0353982	0	0.484234	1
206	503	285	500	285	103	105	0.0265487	0	0.641892	2
207	341	29	342	29	103	109	0.00884956	0	0.0653153	1
208	517	427	518	427	103	104	0.00884956	0	0.961712	1
209	419	187	418	187	103	104	0.00884956	0	0.421171	2
210	362	251	362	247	103	105	0.141593	0	0.565315	1
211	526	393	552	389	103	110	0.371681	0	0.885135	1
212	512	437	519	435	103	107	0.0973451	0	0.984234	1
213	246	350	250	352	103	104	0.0707965	0	0.788288	1
214	351	24	351	24	103	106	0	0	0.0540541	1
215	303	193	301	193	103	104	0.0176991	0	0.434685	2
216	336	260	335	258	103	106	0.0442478	0	0.585586	2
217	333	278	333	277	104	105	0.00884956	0	0.626126	1
218	332	230	331	230	104	105	0.00884956	0	0.518018	2
219	266	243	265	245	104	105	0.0442478	0	0.547297	2
220	346	233	345	232	104	105	0.0176991	0	0.524775	2
221	361	200	358	200	104	105	0.0265487	0	0.45045	2
222	400	296	372	289	104	110	0.681416	0	0.666667	2
223	489	233	488	233	104	105	0.00884956	0	0.524775	2
224	321	227	323	225	104	105	0.0530973	0	0.511261	1
225	130	232	132	231	104	113	0.0265487	0	0.522523	1
226	539	382	551	379	104	108	0.185841	0	0.86036	1
227	343	178	340	178	105	106	0.0265487	0	0.400901	2
228	149	228	153	224	105	107	0.176991	0	0.513514	1
229	159	222	161	220	105	106	0.0530973	0	0.5	1
230	469	173	463	172	105	108	0.0619469	0	0.38964	2
231	356	283	358	278	105	110	0.238938	0	0.637387	1
232	141	257	141	256	105	106	0.00884956	0	0.578829	1
233	458	162	458	161	105	106	0.00884956	0	0.364865	1
234	280	232	279	236	105	108	0.150442	0	0.522523	2
235	694	78	691	79	105	125	0.0353982	0	0.175676	2
236	420	186	420	186	105	109	0	0	0.418919	1
237	589	184	602	180	105	120	0.256637	0	0.414414	1
238	597	34	595	34	105	113	0.0176991	0	0.0765766	2
239	705	78	702	79	105	125	0.0353982	0	0.175676	2
240	628	30	627	31	105	119	0.0176991	0	0.0675676	2
241	626	77	641	80	105	115	0.212389	0	0.173423	1
242	434	70	434	70	105	108	0	0	0.157658	1
243	516	30	513	32	105	125	0.0619469	0	0.0675676	2
244	45	364	42	366	105	125	0.0619469	0	0.81982	2
245	796	27	804	30	105	118	0.150442	0	0.0608108	1
246	521	427	531	424	105	108	0.168142	0	0.961712	1
247	339	191	336	191	105	106	0.0265487	0	0.43018	2
248	341	243	336	246	105	116	0.123894	0	0.547297	2
249	349	157	355	156	105	107	0.0619469	0	0.353604	1
250	345	272	345	270	106	109	0.0353982	0	0.612613	1
251	338	232	335	232	106	110	0.0265487	0	0.522523	2
252	333	279	333	279	106	107	0	0	0.628378	1
253	488	234	487	234	106	107	0.00884956	0	0.527027	2
254	356	250	356	250	106	107	0	0	0.563063	1
255	330	173	329	173	106	107	0.00884956	0	0.38964	2
256	158	210	159	207	106	107	0.0884956	0	0.472973	1
257	665	25	664	25	106	109	0.00884956	0	0.0563063	2
258	447	30	446	31	106	115	0.0176991	0	0.0675676	2
259	274	250	279	249	107	108	0.0530973	0	0.563063	1
260	163	219	164	215	107	109	0.150442	0	0.493243	1
261	475	229	473	229	107	108	0.0176991	0	0.515766	2
262	141	260	141	260	107	108	0	0	0.585586	1
263	342	188	339	187	107	108	0.0353982	0	0.423423	2
264	333	253	333	254	107	113	0.00884956	0	0.56982	1
265	488	280	462	282	107	117	0.265487	0	0.630631	2
266	266	228	265	228	107	108	0.00884956	0	0.513514	2
267	348	240	347	239	107	108	0.0176991	0	0.540541	2
268	351	24	351	24	107	108	0	0	0.0540541	1
269	289	193	281	194	107	110	0.079646	0	0.434685	2
270	292	219	291	219	107	108	0.00884956	0	0.493243	2
271	269	218	268	218	108	109	0.00884956	0	0.490991	2
272	153	222	153	219	108	109	0.079646	0	0.5	1
273	458	160	459	156	108	116	0.150442	0	0.36036	1
274	422	168	429	163	108	113	0.283186	0	0.378378	1
275	333	278	333	277	108	109	0.00884956	0	0.626126	1
276	358	158	359	158	108	109	0.00884956	0	0.355856	1
277	484	236	479	240	108	112	0.185841	0	0.531532	2
278	137	206	141	205	108	109	0.0442478	0	0.463964	1
279	163	226	163	223	108	109	0.079646	0	0.509009	1
280	133	270	133	268	108	110	0.0353982	0	0.608108	1
281	797	269	789	273	108	115	0.212389	0	0.605856	2
282	340	218	341	217	108	109	0.0176991	0	0.490991	1
283	280	207	277	206	108	109	0.0353982	0	0.466216	2
284	296	234	296	234	108	109	0	0	0.527027	1
285	474	242	470	245	108	112	0.115044	0	0.545045	2
286	328	192	324	192	108	109	0.0353982	0	0.432432	2
287	160	205	173	198	108	113	0.548673	0	0.461712	1
288	462	175	459	176	109	111	0.0353982	0	0.394144	2
289	472	230	470	231	109	111	0.0265487	0	0.518018	2
290	499	288	499	288	109	111	0	0	0.648649	1
291	348	232	348	231	109	110	0.00884956	0	0.522523	1
292	430	81	436	81	109	111	0.0530973	0	0.182432	1
293	379	337	375	338	109	111	0.0442478	0	0.759009	2
294	348	247	347	246	109	111	0.0176991	0	0.556306	2
295	325	232	325	232	109	112	0	0	0.522523	1
296	347	271	347	270	110	112	0.00884956	0	0.61036	1
297	165	213	170	207	110	113	0.362832	0	0.47973	1
298	333	278	331	277	110	111	0.0265487	0	0.626126	2
299	155	217	156	214	110	111	0.0884956	0	0.488739	1
300	264	232	261	232	110	111	0.0265487	0	0.522523	2
301	343	30	343	30	110	113	0	0	0.0675676	1
302	363	160	371	160	110	113	0.0707965	0	0.36036	1
303	280	209	278	210	110	111	0.0265487	0	0.470721	2
304	419	190	418	191	110	119	0.0176991	0	0.427928	2
305	342	219	342	219	110	111	0	0	0.493243	1
306	280	245	283	245	110	111	0.0265487	0	0.551802	1
307	354	24	354	24	110	112	0	0	0.0540541	1
308	153	255	153	253	110	111	0.0353982	0	0.574324	1
309	145	207	149	207	110	111	0.0353982	0	0.466216	1
310	327	242	327	243	110	113	0.00884956	0	0.545045	1
311	510	61	507	62	110	125	0.0353982	0	0.137387	2
312	151	271	151	268	110	111	0.079646	0	0.61036	1
313	466	218	450	217	110	117	0.150442	0	0.490991	2
314	337	232	337	234	111	114	0.0353982	0	0.522523	1
315	134	269	134	268	111	113	0.00884956	0	0.605856	1
316	349	232	349	232	111	112	0	0	0.522523	1
317	299	230	300	229	111	112	0.0176991	0	0.518018	1
318	315	189	310	188	111	112	0.0530973	0	0.425676	2
319	368	288	363	286	111	112	0.079646	0	0.648649	2
320	362	300	341	292	111	115	0.752212	0	0.675676	2
321	445	159	446	157	111	113	0.0442478	0	0.358108	1
322	325	212	325	213	111	112	0.00884956	0	0.477477	1
323	340	174	337	175	111	125	0.0353982	0	0.391892	2
324	457	175	453	174	112	114	0.0442478	0	0.394144	2
325	276	211	273	214	112	114	0.106195	0	0.475225	2
326	330	276	330	281	112	115	0.221239	0	0.621622	1
327	260	233	256	232	112	114	0.0442478	0	0.524775	2
328	292	250	293	253	112	113	0.0884956	0	0.563063	1
329	469	233	467	234	112	113	0.0265487	0	0.524775	2
330	375	338	369	333	112	114	0.274336	0	0.761261	2
331	324	180	320	180	112	113	0.0353982	0	0.405405	2
332	140	217	142	219	112	113	0.0530973	0	0.488739	1
333	499	290	498	290	112	116	0.00884956	0	0.653153	2
334	465	202	457	200	112	116	0.106195	0	0.454955	2
335	282	248	295	258	112	123	1	0	0.558559	1
336	156	251	157	249	112	113	0.0442478	0	0.565315	1
337	171	245	174	241	112	113	0.168142	0	0.551802	1
338	377	275	376	275	112	113	0.00884956	0	0.619369	2
339	348	245	346	248	112	116	0.0973451	0	0.551802	2
340	345	208	344	208	112	114	0.00884956	0	0.468468	2
341	337	70	334	70	112	125	0.0265487	0	0.157658	2
342	160	210	162	209	113	114	0.0265487	0	0.472973	1
343	318	229	319	230	113	114	0.0176991	0	0.515766	1
344	350	233	350	233	113	114	0	0	0.524775	1
345	310	219	306	219	113	114	0.0353982	0	0.493243	2
346	324	213	324	214	113	114	0.00884956	0	0.47973	1
347	364	236	366	235	113	114	0.0265487	0	0.531532	1
348	306	189	302	189	113	114	0.0353982	0	0.425676	2
349	356	283	351	281	113	114	0.079646	0	0.637387	2
350	140	209	142	211	113	115	0.0530973	0	0.470721	1
351	330	188	324	188	113	115	0.0530973	0	0.423423	2
352	363	177	365	177	113	114	0.0176991	0	0.398649	1
353	267	197	264	198	113	118	0.0353982	0	0.443694	2
354	173	251	176	252	113	116	0.0353982	0	0.565315	1
355	665	25	662	26	113	125	0.0353982	0	0.0563063	2
356	425	173	430	171	113	115	0.079646	0	0.38964	1
357	283	223	280	223	114	115	0.0265487	0	0.502252	2
358	294	255	293	256	114	115	0.0176991	0	0.574324	2
359	174	208	181	208	114	117	0.0619469	0	0.468468	1
360	143	221	144	223	114	117	0.0442478	0	0.497748	1
361	468	236	466	236	114	115	0.0176991	0	0.531532	2
362	313	186	306	187	114	116	0.0707965	0	0.418919	2
363	349	24	348	24	114	115	0.00884956	0	0.0540541	2
364	362	281	362	281	114	115	0	0	0.632883	1
365	135	270	137	269	114	117	0.0265487	0	0.608108	1
366	333	256	332	259	114	117	0.0884956	0	0.576577	2
367	431	162	438	162	114	125	0.0619469	0	0.364865	1
368	529	39	526	39	114	125	0.0265487	0	0.0878378	2
369	177	198	180	199	114	116	0.0353982	0	0.445946	1
370	329	175	326	175	114	125	0.0265487	0	0.394144	2
371	176	240	177	242	114	116	0.0442478	0	0.540541	1
372	337	34	335	34	114	121	0.0176991	0	0.0765766	2
373	448	187	444	186	114	116	0.0442478	0	0.421171	2
374	354	323	345	325	114	116	0.115044	0	0.727477	2
375	595	37	591	37	114	125	0.0353982	0	0.0833333	2
376	260	215	259	215	114	115	0.00884956	0	0.484234	2
377	258	226	255	226	115	117	0.0265487	0	0.509009	2
378	452	174	445	172	115	118	0.0973451	0	0.391892	2
379	166	208	171	208	115	117	0.0442478	0	0.468468	1
380	362	235	366	237	115	117	0.0707965	0	0.529279	1
381	557	27	555	27	115	125	0.0176991	0	0.0608108	2
382	320	230	322	229	115	117	0.0265487	0	0.518018	1
383	350	235	350	235	115	116	0	0	0.529279	1
384	299	190	295	189	115	116	0.0442478	0	0.427928	2
385	256	236	253	235	115	117	0.0353982	0	0.531532	2
386	330	235	330	235	115	116	0	0	0.529279	1
387	351	282	346	281	115	116	0.0530973	0	0.635135	2
388	328	219	328	219	115	116	0	0	0.493243	1
389	568	27	566	27	115	125	0.0176991	0	0.0608108	2
390	351	183	348	183	115	125	0.0265487	0	0.412162	2
391	278	224	276	224	116	117	0.0176991	0	0.504505	2
392	584	442	584	441	116	122	0.00884956	0	0.995495	1
393	463	236	460	235	116	117	0.0353982	0	0.531532	2
394	296	259	296	261	116	117	0.0353982	0	0.583333	1
395	362	279	361	278	116	117	0.0176991	0	0.628378	2
396	790	274	781	274	116	122	0.079646	0	0.617117	2
397	350	25	349	25	116	118	0.00884956	0	0.0563063	2
398	449	157	449	157	116	117	0	0	0.353604	1
399	645	79	658	76	116	125	0.19469	0	0.177928	1
400	321	189	317	189	116	117	0.0353982	0	0.425676	2
401	260	213	258	212	116	118	0.0265487	0	0.47973	2
402	653	31	651	30	116	118	0.0265487	0	0.0698198	2
403	166	244	168	242	116	117	0.0530973	0	0.54955	1
404	335	292	330	290	116	117	0.079646	0	0.657658	2
405	466	291	455	291	116	122	0.0973451	0	0.655405	2
406	341	226	341	224	117	118	0.0353982	0	0.509009	1
407	466	163	467	164	117	120	0.0176991	0	0.367117	1
408	444	186	439	185	117	119	0.0530973	0	0.418919	2
409	178	246	179	247	117	118	0.0176991	0	0.554054	1
410	335	239	335	239	117	118	0	0	0.538288	1
411	303	191	280	197	117	125	0.522124	0	0.43018	2
412	279	234	276	234	117	118	0.0265487	0	0.527027	2
413	310	223	307	224	117	118	0.0353982	0	0.502252	2
414	293	191	289	191	117	118	0.0353982	0	0.43018	2
415	182	198	182	198	117	118	0	0	0.445946	1
416	359	32	358	32	117	122	0.00884956	0	0.0720721	2
417	137	258	136	257	117	119	0.0176991	0	0.581081	2
418	457	179	446	180	117	122	0.106195	0	0.403153	2
419	351	286	346	285	117	118	0.0530973	0	0.644144	2
420	590	430	608	425	117	125	0.380531	0	0.968468	1
421	296	266	297	267	118	119	0.0176991	0	0.599099	1
422	252	226	251	225	118	119	0.0176991	0	0.509009	2
423	173	210	181	202	118	125	0.637168	0	0.472973	1
424	459	236	455	235	118	119	0.0442478	0	0.531532	2
425	323	229	323	227	118	120	0.0353982	0	0.515766	1
426	452	157	453	157	118	119	0.00884956	0	0.353604	1
427	351	232	351	231	118	119	0.00884956	0	0.522523	1
428	369	239	371	241	118	119	0.0530973	0	0.538288	1
429	362	278	363	280	118	122	0.0442478	0	0.626126	1
430	334	277	329	275	118	119	0.079646	0	0.623874	2
431	139	267	140	266	118	119	0.0176991	0	0.601351	1
432	326	289	321	287	118	119	0.079646	0	0.650901	2
433	346	250	345	247	118	125	0.0884956	0	0.563063	2
434	462	153	463	155	118	120	0.0442478	0	0.344595	1
435	333	259	333	259	118	119	0	0	0.583333	1
436	135	216	134	215	118	119	0.0176991	0	0.486486	2
437	595	420	602	422	118	122	0.0973451	0	0.945946	1
438	167	222	168	222	119	120	0.00884956	0	0.5	1
439	184	208	185	206	119	120	0.0442478	0	0.468468	1
440	442	174	440	173	119	120	0.0265487	0	0.391892	2
441	194	211	194	210	119	120	0.00884956	0	0.475225	1
442	305	223	302	223	119	120	0.0265487	0	0.502252	2
443	334	241	335	241	119	120	0.00884956	0	0.542793	1
444	264	197	263	197	119	121	0.00884956	0	0.443694	2
445	504	34	502	34	119	125	0.0176991	0	0.0765766	2
446	306	189	302	189	119	120	0.0353982	0	0.425676	2
447	182	198	182	193	119	121	0.221239	0	0.445946	1
448	649	30	647	29	119	122	0.0265487	0	0.0675676	2
449	147	214	147	213	119	120	0.00884956	0	0.481982	1
450	342	24	340	24	119	122	0.0176991	0	0.0540541	2
451	299	268	300	267	120	121	0.0176991	0	0.603604	1
452	271	216	269	218	120	121	0.0530973	0	0.486486	2
453	351	230	350	228	120	122	0.0442478	0	0.518018	2
454	341	229	340	228	120	121	0.0176991	0	0.515766	2
455	453	235	449	234	120	121	0.0442478	0	0.529279	2
456	626	32	624	32	120	125	0.0176991	0	0.0720721	2
457	418	191	417	191	120	121	0.00884956	0	0.43018	2
458	439	185	435	185	120	122	0.0353982	0	0.416667	2
459	336	329	328	325	120	122	0.212389	0	0.740991	2
460	348	219	347	217	120	121	0.0442478	0	0.493243	2
461	455	253	451	254	120	122	0.0442478	0	0.56982	2
462	438	212	428	212	120	123	0.0884956	0	0.477477	2
463	283	194	276	195	120	122	0.0707965	0	0.436937	2
464	333	259	333	258	120	121	0.00884956	0	0.583333	1
465	143	266	147	267	120	122	0.0442478	0	0.599099	1
466	344	344	342	341	120	121	0.0973451	0	0.774775	2
467	408	186	413	186	120	122	0.0442478	0	0.418919	1
468	454	283	449	282	120	122	0.0530973	0	0.637387	2
469	319	286	314	284	120	121	0.079646	0	0.644144	2
470	133	262	133	261	120	122	0.00884956	0	0.59009	1
471	171	222	172	222	121	124	0.00884956	0	0.5	1
472	189	204	190	202	121	122	0.0442478	0	0.459459	1
473	299	223	295	223	121	122	0.0353982	0	0.502252	2
474	336	241	335	240	121	123	0.0176991	0	0.542793	2
475	329	274	328	274	121	122	0.00884956	0	0.617117	2
476	438	174	436	174	121	122	0.0176991	0	0.391892	2
477	320	225	320	224	121	122	0.00884956	0	0.506757	1
478	606	177	609	172	121	125	0.247788	0	0.398649	1
479	330	218	332	215	121	123	0.0973451	0	0.490991	1
480	827	289	826	289	121	125	0.00884956	0	0.650901	2
481	352	239	351	238	121	122	0.0176991	0	0.538288	2
482	300	192	290	193	121	125	0.0973451	0	0.432432	2
483	331	296	310	292	121	125	0.327434	0	0.666667	2
484	251	229	250	228	122	123	0.0176991	0	0.515766	2
485	268	221	267	222	122	123	0.0176991	0	0.497748	2
486	340	227	337	226	122	124	0.0353982	0	0.511261	2
487	444	234	435	236	122	124	0.115044	0	0.527027	2
488	281	233	280	233	122	123	0.00884956	0	0.524775	2
489	310	284	305	283	122	123	0.0530973	0	0.63964	2
490	335	34	333	34	122	125	0.0176991	0	0.0765766	2
491	183	192	185	187	122	125	0.238938	0	0.432432	1
492	349	228	347	227	123	124	0.0265487	0	0.513514	2
493	436	174	433	174	123	124	0.0265487	0	0.391892	2
494	364	280	361	280	123	125	0.0265487	0	0.630631	2
495	367	264	369	263	123	124	0.0265487	0	0.594595	1
496	360	249	360	248	123	124	0.00884956	0	0.560811	1
497	432	185	426	185	123	125	0.0530973	0	0.416667	2
498	451	154	451	153	123	125	0.00884956	0	0.346847	1
499	465	164	464	163	123	124	0.0176991	0	0.369369	2
500	331	280	329	277	123	124	0.0973451	0	0.630631	2
501	355	32	354	32	123	125	0.00884956	0	0.0720721	2
502	779	275	776	276	123	125	0.0353982	0	0.619369	2
503	145	263	143	263	123	124	0.0176991	0	0.592342	2
504	449	282	446	281	123	124	0.0353982	0	0.635135	2
505	320	277	310	276	123	125	0.0973451	0	0.623874	2
506	251	213	249	213	123	125	0.0176991	0	0.47973	2
507	464	130	464	130	123	125	0	0	0.292793	1
508	604	421	607	418	123	124	0.106195	0	0.948198	1
509	652	57	651	56	123	125	0.0176991	0	0.128378	2
510	395	35	393	34	123	125	0.0265487	0	0.0788288	2
511	345	28	344	27	123	125	0.0176991	0	0.0630631	2
512	271	234	271	233	124	125	0.00884956	0	0.527027	1
513	250	229	250	229	124	125	0	0	0.515766	1
514	264	222	263	221	124	125	0.0176991	0	0.5	2
515	335	240	332	239	124	125	0.0353982	0	0.540541	2
516	347	215	345	214	124	125	0.0265487	0	0.484234	2
517	365	238	366	236	124	125	0.0442478	0	0.536036	1
518	320	323	312	320	124	125	0.150442	0	0.727477	2
519	781	294	779	295	124	125	0.0265487	0	0.662162	2
520	160	223	161	224	124	125	0.0176991	0	0.502252	1
521	299	284	293	283	124	125	0.0619469	0	0.63964	2
522	426	212	422	212	124	125	0.0353982	0	0.477477	2
523	473	75	472	75	124	125	0.00884956	0	0.168919	2
524	399	192	399	192	124	125	0	0	0.432432	1