
0	541	27	534	24	37	50	0.0808081	0	0.062212	2
1	591	217	590	216	38	39	0.010101	0	0.5	2
2	482	24	481	24	38	39	0.00505051	0	0.0552995	2
3	795	33	790	31	38	50	0.0454545	0	0.0760369	2
4	561	191	559	177	38	46	1	0	0.440092	2
5	504	229	505	223	38	41	0.186869	0	0.52765	1
6	48	28	30	24	38	65	0.171717	0	0.0645161	2
7	514	229	514	223	38	40	0.181818	0	0.52765	1
8	580	247	579	251	39	50	0.0858586	0	0.569124	2
9	35	28	31	26	39	44	0.040404	0	0.0645161	2
10	588	210	586	209	40	41	0.0151515	0	0.483871	2
11	303	193	300	192	40	42	0.020202	0	0.4447	2
12	259	54	242	51	40	65	0.131313	0	0.124424	2
13	574	211	574	209	41	42	0.020202	0	0.486175	1
14	480	262	487	260	41	42	0.0555556	0	0.603687	1
15	517	220	517	218	41	42	0.020202	0	0.506912	1
16	587	208	585	204	42	46	0.0909091	0	0.479263	2
17	792	227	788	228	42	46	0.0252525	0	0.523041	2
18	564	214	563	213	42	43	0.010101	0	0.493088	2
19	588	94	586	94	42	43	0.010101	0	0.21659	2
20	528	347	522	350	42	47	0.0757576	0	0.799539	2
21	368	25	366	24	42	47	0.0151515	0	0.0576037	2
22	403	146	396	142	42	57	0.116162	0	0.336406	2
23	575	209	575	208	43	44	0.00505051	0	0.481567	1
24	570	25	567	24	43	49	0.020202	0	0.0576037	2
25	568	199	568	197	43	44	0.020202	0	0.458525	1
26	486	252	485	251	43	44	0.010101	0	0.580645	2
27	479	24	478	24	43	45	0.00505051	0	0.0552995	2
28	792	208	792	208	43	44	0	0	0.479263	1
29	499	190	499	187	43	44	0.0454545	0	0.437788	1
30	422	133	419	130	43	50	0.0606061	0	0.306452	2
31	299	192	297	191	43	44	0.0151515	0	0.442396	2
32	152	27	145	24	44	54	0.0808081	0	0.062212	2
33	657	133	653	135	44	47	0.040404	0	0.306452	2
34	525	360	521	357	44	48	0.0656566	0	0.829493	2
35	520	24	519	24	44	46	0.00505051	0	0.0552995	2
36	492	267	488	265	44	52	0.040404	0	0.615207	2
37	571	180	570	179	44	46	0.010101	0	0.414747	2
38	573	205	572	204	45	48	0.010101	0	0.47235	2
39	536	204	536	203	45	46	0.00505051	0	0.470046	1
40	296	27	289	24	45	57	0.0808081	0	0.062212	2
41	698	188	702	183	45	48	0.146465	0	0.43318	1
42	531	371	521	365	45	52	0.232323	0	0.854839	2
43	793	209	789	211	45	48	0.040404	0	0.481567	2
44	502	261	505	258	45	53	0.0606061	0	0.601382	1
45	572	218	572	218	45	46	0	0	0.502304	1
46	558	219	558	218	45	46	0.00505051	0	0.504608	1
47	297	190	295	189	45	46	0.0151515	0	0.437788	2
48	584	233	581	232	45	49	0.020202	0	0.536866	2
49	511	314	509	314	46	47	0.010101	0	0.723502	2
50	700	226	703	224	46	48	0.0353535	0	0.520737	1
51	573	233	571	233	46	47	0.010101	0	0.536866	2
52	391	172	390	169	46	48	0.0505051	0	0.396313	2
53	551	228	551	227	46	48	0.00505051	0	0.525346	1
54	692	270	675	268	46	66	0.106061	0	0.62212	2
55	721	32	714	28	46	61	0.116162	0	0.0737327	2
56	537	202	537	201	47	48	0.00505051	0	0.465438	1
57	786	230	786	224	47	55	0.181818	0	0.529954	1
58	559	177	553	173	47	54	0.111111	0	0.407834	2
59	508	360	501	359	47	50	0.040404	0	0.829493	2
60	572	218	572	217	47	48	0.00505051	0	0.502304	1
61	570	268	564	265	47	57	0.0757576	0	0.617512	2
62	383	203	386	201	47	54	0.0353535	0	0.467742	1
63	286	173	285	171	47	53	0.0252525	0	0.398618	2
64	502	314	498	313	48	49	0.0252525	0	0.723502	2
65	708	193	709	192	48	49	0.010101	0	0.4447	1
66	187	359	183	359	48	50	0.020202	0	0.827189	2
67	652	136	646	133	48	52	0.0757576	0	0.313364	2
68	251	27	244	24	48	59	0.0808081	0	0.062212	2
69	539	201	541	198	49	51	0.0555556	0	0.463134	1
70	573	205	572	206	49	51	0.010101	0	0.47235	2
71	521	381	518	379	49	52	0.0353535	0	0.87788	2
72	705	223	707	221	49	51	0.030303	0	0.513825	1
73	520	358	511	356	49	52	0.0656566	0	0.824885	2
74	570	217	569	218	49	51	0.010101	0	0.5	2
75	811	217	812	219	49	53	0.0252525	0	0.5	1
76	579	192	577	191	49	50	0.0151515	0	0.442396	2
77	571	236	569	235	49	50	0.0151515	0	0.543779	2
78	796	214	796	214	49	50	0	0	0.493088	1
79	306	186	306	184	49	57	0.020202	0	0.428571	1
80	497	309	473	304	50	56	0.247475	0	0.711982	2
81	712	190	717	189	50	53	0.030303	0	0.437788	1
82	567	195	567	195	50	51	0	0	0.449309	1
83	568	176	567	175	50	51	0.010101	0	0.40553	2
84	540	214	548	213	50	52	0.0454545	0	0.493088	1
85	193	373	177	367	50	60	0.262626	0	0.859447	2
86	656	167	655	166	50	51	0.010101	0	0.384793	2
87	512	346	505	345	50	52	0.040404	0	0.797235	2
88	797	228	796	227	50	51	0.010101	0	0.525346	2
89	583	255	580	256	51	58	0.020202	0	0.587558	2
90	534	25	532	24	51	54	0.0151515	0	0.0576037	2
91	709	239	729	233	51	56	0.282828	0	0.550691	1
92	697	237	693	235	51	57	0.040404	0	0.546083	2
93	581	183	579	183	51	52	0.010101	0	0.421659	2
94	790	30	769	31	51	67	0.111111	0	0.0691244	2
95	499	359	497	358	51	52	0.0151515	0	0.827189	2
96	388	166	389	160	51	59	0.186869	0	0.382488	1
97	233	45	229	41	51	56	0.10101	0	0.103687	2
98	303	33	298	33	51	59	0.0252525	0	0.0760369	2
99	85	434	73	432	51	65	0.0808081	0	1	2
100	542	197	543	196	52	53	0.010101	0	0.453917	1
101	568	179	566	177	52	54	0.030303	0	0.412442	2
102	57	25	54	24	52	56	0.020202	0	0.0576037	2
103	567	197	566	196	52	54	0.010101	0	0.453917	2
104	711	223	713	223	52	53	0.010101	0	0.513825	1
105	653	167	641	159	52	58	0.383838	0	0.384793	2
106	430	27	420	26	52	65	0.0555556	0	0.062212	2
107	573	221	571	222	52	53	0.0151515	0	0.509217	2
108	542	215	546	214	53	54	0.0252525	0	0.495392	1
109	496	359	494	358	53	54	0.0151515	0	0.827189	2
110	552	213	555	211	53	54	0.0353535	0	0.490783	1
111	488	266	433	268	53	75	0.29798	0	0.612903	2
112	563	74	553	73	53	65	0.0555556	0	0.170507	2
113	581	186	578	186	53	56	0.0151515	0	0.428571	2
114	825	375	770	376	53	75	0.282828	0	0.864055	2
115	302	159	303	157	53	56	0.0252525	0	0.366359	1
116	294	181	299	178	53	60	0.0707071	0	0.417051	1
117	28	27	24	26	53	59	0.0252525	0	0.062212	2
118	545	196	546	195	54	55	0.010101	0	0.451613	1
119	713	193	721	190	54	57	0.0858586	0	0.4447	1
120	161	363	160	364	54	56	0.010101	0	0.836406	2
121	803	214	804	212	54	55	0.0252525	0	0.493088	1
122	97	30	41	33	54	75	0.328283	0	0.0691244	2
123	580	200	578	199	54	56	0.0151515	0	0.460829	2
124	567	223	565	223	54	55	0.010101	0	0.513825	2
125	717	224	729	225	54	58	0.0656566	0	0.516129	1
126	580	211	580	210	54	55	0.00505051	0	0.486175	1
127	518	26	509	26	54	65	0.0454545	0	0.0599078	2
128	820	364	765	365	54	75	0.282828	0	0.83871	2
129	566	175	565	174	55	56	0.010101	0	0.403226	2
130	565	197	564	197	55	56	0.00505051	0	0.453917	2
131	553	172	552	171	55	56	0.010101	0	0.396313	2
132	527	265	515	265	55	66	0.0606061	0	0.610599	2
133	721	210	722	209	55	56	0.010101	0	0.483871	1
134	174	330	171	328	55	56	0.0353535	0	0.760369	2
135	387	199	387	197	55	56	0.020202	0	0.458525	1
136	32	242	26	240	55	62	0.0505051	0	0.557604	2
137	643	128	642	126	55	56	0.0252525	0	0.294931	2
138	277	46	269	45	55	65	0.0454545	0	0.105991	2
139	549	195	551	194	56	57	0.0151515	0	0.449309	1
140	571	211	572	209	56	57	0.0252525	0	0.486175	1
141	27	228	25	227	56	58	0.0151515	0	0.525346	2
142	149	342	148	342	56	57	0.00505051	0	0.788018	2
143	792	195	794	193	56	57	0.030303	0	0.449309	1
144	806	211	818	203	56	66	0.383838	0	0.486175	1
145	566	223	567	221	56	58	0.0252525	0	0.513825	1
146	290	167	291	167	56	59	0.00505051	0	0.384793	1
147	575	172	573	170	56	59	0.030303	0	0.396313	2
148	559	175	558	174	57	58	0.010101	0	0.403226	2
149	516	380	513	378	57	59	0.0353535	0	0.875576	2
150	144	25	136	25	57	65	0.040404	0	0.0576037	2
151	730	235	728	235	57	59	0.010101	0	0.541475	2
152	469	307	459	304	57	59	0.0959596	0	0.707373	2
153	726	209	741	207	57	63	0.0959596	0	0.481567	1
154	499	364	498	364	57	58	0.00505051	0	0.83871	2
155	388	197	393	203	57	64	0.207071	0	0.453917	1
156	801	225	801	224	57	58	0.00505051	0	0.518433	1
157	229	39	226	36	57	61	0.0606061	0	0.0898618	2
158	169	328	165	326	57	58	0.040404	0	0.75576	2
159	54	25	26	25	57	68	0.141414	0	0.0576037	2
160	549	171	548	170	57	58	0.010101	0	0.394009	2
161	548	67	538	68	57	66	0.0555556	0	0.154378	2
162	154	101	151	100	57	62	0.020202	0	0.232719	2
163	553	194	555	193	58	59	0.0151515	0	0.447005	1
164	694	235	696	234	58	59	0.0151515	0	0.541475	1
165	563	199	563	199	58	59	0	0	0.458525	1
166	308	185	308	184	58	61	0.00505051	0	0.426267	1
167	573	210	574	208	58	59	0.0252525	0	0.483871	1
168	289	24	288	24	58	59	0.00505051	0	0.0552995	2
169	575	188	574	188	58	59	0.00505051	0	0.43318	2
170	732	188	741	187	58	62	0.0505051	0	0.43318	1
171	206	42	202	41	58	62	0.0252525	0	0.0967742	2
172	487	376	486	376	58	59	0.00505051	0	0.866359	2
173	56	204	27	206	58	68	0.166667	0	0.470046	2
174	231	49	224	49	58	65	0.0353535	0	0.112903	2
175	528	75	519	75	58	60	0.0454545	0	0.172811	2
176	639	134	637	133	58	59	0.0151515	0	0.308756	2
177	580	256	580	255	59	60	0.00505051	0	0.589862	1
178	802	225	806	220	59	62	0.146465	0	0.518433	1
179	529	24	523	25	59	65	0.0353535	0	0.0552995	2
180	147	345	145	345	59	60	0.010101	0	0.794931	2
181	592	201	590	200	59	62	0.0151515	0	0.463134	2
182	548	171	548	170	59	60	0.00505051	0	0.394009	1
183	159	132	152	132	59	65	0.0353535	0	0.304147	2
184	164	325	143	319	59	65	0.287879	0	0.748848	2
185	731	225	734	225	59	63	0.0151515	0	0.518433	1
186	176	306	175	305	59	60	0.010101	0	0.705069	2
187	341	434	339	431	59	62	0.0555556	0	1	2
188	397	182	398	183	59	61	0.010101	0	0.419355	1
189	559	173	559	172	60	61	0.00505051	0	0.398618	1
190	562	193	563	193	60	61	0.00505051	0	0.4447	1
191	575	188	573	187	60	61	0.0151515	0	0.43318	2
192	240	27	236	26	60	64	0.0252525	0	0.062212	2
193	459	353	453	353	60	61	0.030303	0	0.813364	2
194	729	235	726	235	60	62	0.0151515	0	0.541475	2
195	416	123	405	124	60	66	0.0606061	0	0.28341	2
196	509	376	503	372	60	61	0.111111	0	0.866359	2
197	727	180	719	179	60	71	0.0454545	0	0.414747	2
198	725	192	730	192	60	67	0.0252525	0	0.442396	1
199	702	233	708	232	60	61	0.0353535	0	0.536866	1
200	576	206	578	205	60	61	0.0151515	0	0.474654	1
201	288	24	283	25	60	65	0.030303	0	0.0552995	2
202	326	263	275	267	60	75	0.338384	0	0.605991	2
203	634	125	631	123	60	61	0.0353535	0	0.288018	2
204	359	24	351	24	60	66	0.040404	0	0.0552995	2
205	562	206	563	204	60	61	0.0252525	0	0.474654	1
206	580	256	580	255	61	62	0.00505051	0	0.589862	1
207	147	347	142	348	61	64	0.030303	0	0.799539	2
208	293	186	293	185	61	63	0.00505051	0	0.428571	1
209	620	24	615	25	61	65	0.030303	0	0.0552995	2
210	588	212	591	211	61	63	0.020202	0	0.488479	1
211	409	160	406	158	61	64	0.0353535	0	0.368664	2
212	173	305	171	305	61	62	0.010101	0	0.702765	2
213	642	160	636	157	61	64	0.0757576	0	0.368664	2
214	560	172	559	171	62	63	0.010101	0	0.396313	2
215	575	265	568	266	62	66	0.040404	0	0.610599	2
216	550	210	552	211	62	64	0.0151515	0	0.483871	1
217	225	35	221	35	62	65	0.020202	0	0.0806452	2
218	827	27	823	28	62	65	0.0252525	0	0.062212	2
219	460	380	452	381	62	66	0.0454545	0	0.875576	2
220	399	185	398	190	62	65	0.131313	0	0.426267	2
221	550	170	549	169	62	63	0.010101	0	0.391705	2
222	494	24	490	24	62	65	0.020202	0	0.0552995	2
223	802	190	802	190	62	64	0	0	0.437788	1
224	714	27	701	29	62	67	0.0858586	0	0.062212	2
225	510	75	500	75	62	64	0.0505051	0	0.172811	2
226	576	216	578	215	62	63	0.0151515	0	0.497696	1
227	722	222	733	222	62	65	0.0555556	0	0.511521	1
228	562	266	555	266	62	66	0.0353535	0	0.612903	2
229	582	254	584	252	63	64	0.030303	0	0.585253	1
230	566	196	566	195	63	64	0.00505051	0	0.451613	1
231	809	218	811	216	63	64	0.030303	0	0.502304	1
232	200	42	197	42	63	65	0.0151515	0	0.0967742	2
233	158	99	155	99	63	65	0.0151515	0	0.228111	2
234	148	102	102	105	63	73	0.277778	0	0.235023	2
235	579	196	577	195	63	64	0.0151515	0	0.451613	2
236	438	301	426	301	63	65	0.0606061	0	0.693548	2
237	313	173	311	173	63	65	0.010101	0	0.398618	2
238	563	169	562	168	64	65	0.010101	0	0.389401	2
239	148	334	144	335	64	65	0.0252525	0	0.769585	2
240	591	212	591	212	64	65	0	0	0.488479	1
241	292	184	291	184	64	65	0.00505051	0	0.423963	2
242	302	183	301	183	64	65	0.00505051	0	0.421659	2
243	735	208	726	209	64	69	0.0505051	0	0.479263	2
244	801	216	788	214	64	68	0.0858586	0	0.497696	2
245	553	169	551	168	64	65	0.0151515	0	0.389401	2
246	577	214	578	214	64	66	0.00505051	0	0.493088	1
247	448	308	434	307	64	66	0.0757576	0	0.709677	2
248	587	250	587	249	65	66	0.00505051	0	0.576037	1
249	583	229	582	228	65	66	0.010101	0	0.52765	2
250	578	193	576	193	65	66	0.010101	0	0.4447	2
251	739	237	740	239	65	66	0.0252525	0	0.546083	1
252	816	214	799	212	65	70	0.106061	0	0.493088	2
253	807	199	802	197	65	67	0.0454545	0	0.458525	2
254	822	189	812	186	66	68	0.0959596	0	0.435484	2
255	152	99	107	103	66	73	0.308081	0	0.228111	2
256	218	38	176	40	66	74	0.232323	0	0.0875576	2
257	743	227	741	227	66	67	0.010101	0	0.523041	2
258	73	209	30	212	66	75	0.262626	0	0.481567	2
259	555	246	532	249	66	69	0.161616	0	0.56682	2
260	561	169	554	169	66	67	0.0353535	0	0.389401	2
261	694	106	650	107	66	75	0.227273	0	0.24424	2
262	573	163	555	158	66	69	0.217172	0	0.375576	2
263	330	362	289	365	66	75	0.252525	0	0.834101	2
264	796	375	755	375	66	75	0.207071	0	0.864055	2
265	748	197	734	197	66	69	0.0707071	0	0.453917	2
266	592	213	579	213	66	68	0.0656566	0	0.490783	2
267	623	155	587	150	66	72	0.308081	0	0.357143	2
268	749	208	735	208	66	70	0.0707071	0	0.479263	2
269	150	216	108	219	66	75	0.257576	0	0.497696	2
270	331	352	289	355	66	75	0.257576	0	0.81106	2
271	288	183	265	184	66	69	0.121212	0	0.421659	2
272	639	24	596	25	66	75	0.222222	0	0.0552995	2
273	65	33	25	36	66	73	0.247475	0	0.0760369	2
274	520	25	478	26	66	74	0.217172	0	0.0576037	2
275	171	66	127	69	66	75	0.267677	0	0.152074	2
276	310	372	269	375	66	75	0.252525	0	0.857143	2
277	428	103	385	105	66	75	0.237374	0	0.237327	2
278	745	187	731	187	66	69	0.0707071	0	0.430876	2
279	442	104	399	106	66	75	0.237374	0	0.239631	2
280	802	188	786	180	66	72	0.40404	0	0.43318	2
281	151	133	112	137	66	72	0.277778	0	0.306452	2
282	728	107	684	108	66	75	0.227273	0	0.246544	2
283	751	374	710	374	66	75	0.207071	0	0.861751	2
284	203	102	160	105	66	75	0.262626	0	0.235023	2
285	68	431	26	436	66	75	0.338384	0	0.993088	2
286	127	24	90	27	67	75	0.232323	0	0.0552995	2
287	815	197	804	194	67	69	0.10101	0	0.453917	2
288	317	179	287	180	67	72	0.156566	0	0.412442	2
289	228	167	197	169	67	73	0.176768	0	0.384793	2
290	577	217	563	217	67	70	0.0707071	0	0.5	2
291	401	119	365	117	67	75	0.20202	0	0.274194	2
292	540	182	521	183	67	70	0.10101	0	0.419355	2
293	132	340	115	342	67	69	0.106061	0	0.78341	2
294	563	265	538	260	67	69	0.252525	0	0.610599	2
295	413	45	386	46	67	71	0.141414	0	0.103687	2
296	263	366	229	368	67	75	0.191919	0	0.843318	2
297	147	70	110	73	67	75	0.232323	0	0.16129	2
298	98	25	62	28	67	74	0.227273	0	0.0576037	2
299	585	249	578	250	67	68	0.040404	0	0.573733	2
300	744	362	710	362	67	75	0.171717	0	0.834101	2
301	152	219	117	222	67	75	0.222222	0	0.504608	2
302	454	360	444	360	67	68	0.0505051	0	0.829493	2
303	568	244	560	244	67	68	0.040404	0	0.562212	2
304	783	365	749	365	67	75	0.171717	0	0.841014	2
305	304	175	283	177	67	71	0.126263	0	0.403226	2
306	212	165	176	167	67	75	0.20202	0	0.380184	2
307	766	368	732	368	67	75	0.171717	0	0.847926	2
308	546	215	537	215	67	68	0.0454545	0	0.495392	2
309	746	49	728	49	67	69	0.0909091	0	0.112903	2
310	188	33	151	35	67	74	0.207071	0	0.0760369	2
311	260	44	236	45	67	70	0.126263	0	0.101382	2
312	201	218	166	221	67	75	0.222222	0	0.502304	2
313	492	53	457	54	67	74	0.181818	0	0.12212	2
314	230	216	194	218	67	75	0.20202	0	0.497696	2
315	551	184	543	184	67	68	0.040404	0	0.423963	2
316	559	209	551	210	67	68	0.0454545	0	0.481567	2
317	325	415	309	415	67	69	0.0808081	0	0.956221	2
318	735	239	724	237	67	73	0.0757576	0	0.550691	2
319	161	102	125	105	67	75	0.227273	0	0.235023	2
320	364	68	327	70	67	75	0.207071	0	0.156682	2
321	561	188	553	187	67	68	0.0454545	0	0.43318	2
322	360	25	323	27	67	75	0.207071	0	0.0576037	2
323	580	235	573	236	67	68	0.040404	0	0.541475	2
324	740	227	738	225	68	69	0.030303	0	0.523041	2
325	724	193	722	194	68	75	0.0151515	0	0.4447	2
326	730	227	725	227	68	69	0.0252525	0	0.523041	2
327	387	313	364	309	68	70	0.19697	0	0.721198	2
328	542	174	535	174	68	69	0.0353535	0	0.400922	2
329	795	195	788	191	68	71	0.116162	0	0.449309	2
330	224	51	207	52	68	71	0.0909091	0	0.117512	2
331	788	216	787	214	69	70	0.0252525	0	0.497696	2
332	530	217	525	217	69	70	0.0252525	0	0.5	2
333	737	236	740	237	69	70	0.020202	0	0.543779	1
334	575	213	571	214	69	72	0.0252525	0	0.490783	2
335	546	206	541	210	69	72	0.106061	0	0.474654	2
336	379	348	371	350	69	70	0.0606061	0	0.801843	2
337	392	27	374	28	69	75	0.0959596	0	0.062212	2
338	801	178	797	170	69	75	0.343434	0	0.410138	2
339	578	255	579	256	70	75	0.010101	0	0.587558	1
340	533	178	529	179	70	72	0.0252525	0	0.410138	2
341	739	226	740	226	70	71	0.00505051	0	0.520737	1
342	724	210	731	212	70	75	0.0555556	0	0.483871	1
343	722	48	709	48	70	75	0.0656566	0	0.110599	2
344	799	194	798	191	70	72	0.0505051	0	0.447005	2
345	561	245	559	245	70	71	0.010101	0	0.564516	2
346	554	157	552	157	70	71	0.010101	0	0.361751	2
347	791	30	778	29	70	75	0.0707071	0	0.0691244	2
348	723	226	729	227	70	75	0.0353535	0	0.520737	1
349	306	416	300	416	70	72	0.030303	0	0.958525	2
350	540	216	538	222	70	74	0.191919	0	0.497696	2
351	500	25	489	25	70	74	0.0555556	0	0.0576037	2
352	109	345	99	340	70	75	0.176768	0	0.794931	2
353	798	213	798	207	71	75	0.181818	0	0.490783	1
354	299	432	294	432	71	74	0.0252525	0	0.995392	2
355	561	211	560	213	71	73	0.0252525	0	0.486175	2
356	569	245	570	244	71	73	0.010101	0	0.564516	1
357	518	76	509	76	71	75	0.0454545	0	0.175115	2
358	271	180	270	180	71	72	0.00505051	0	0.414747	2
359	735	208	737	208	71	72	0.010101	0	0.479263	1
360	473	24	464	24	71	75	0.0454545	0	0.0552995	2
361	706	31	699	31	72	75	0.0353535	0	0.0714286	2
362	552	159	552	159	72	73	0	0	0.366359	1
363	560	247	559	247	72	73	0.00505051	0	0.569124	2
364	744	239	739	239	72	74	0.0252525	0	0.550691	2
365	379	47	372	47	72	75	0.0353535	0	0.108295	2
366	196	31	189	31	72	75	0.0353535	0	0.0714286	2
367	553	223	552	227	72	75	0.0858586	0	0.513825	2
368	518	187	517	188	72	73	0.010101	0	0.430876	2
369	452	25	446	25	72	75	0.030303	0	0.0576037	2
370	579	26	572	26	72	75	0.0353535	0	0.0599078	2
371	314	25	307	25	72	75	0.0353535	0	0.0576037	2
372	554	201	554	204	72	73	0.0454545	0	0.463134	1
373	529	180	529	180	73	74	0	0	0.414747	1
374	571	215	569	214	73	75	0.0151515	0	0.495392	2
375	533	208	532	211	73	75	0.0505051	0	0.479263	2
376	540	157	539	157	73	74	0.00505051	0	0.361751	2
377	353	157	351	157	73	74	0.010101	0	0.361751	2
378	519	204	519	205	73	75	0.00505051	0	0.470046	1
379	739	207	741	207	73	75	0.010101	0	0.476959	1
380	430	24	425	24	73	75	0.0252525	0	0.0552995	2
381	800	191	802	188	73	75	0.0555556	0	0.440092	1
382	790	195	791	193	73	74	0.0252525	0	0.449309	1
383	519	175	519	174	73	75	0.00505051	0	0.403226	1
384	414	24	409	24	73	75	0.0252525	0	0.0552995	2
385	309	80	306	81	73	74	0.020202	0	0.184332	2
386	262	182	261	182	73	74	0.00505051	0	0.419355	2
387	284	106	281	107	74	75	0.020202	0	0.24424	2
388	201	168	199	168	74	75	0.010101	0	0.387097	2
389	571	243	570	242	74	75	0.010101	0	0.559908	2
390	560	247	560	245	74	75	0.020202	0	0.569124	1
391	560	210	558	210	74	75	0.010101	0	0.483871	2
392	364	25	361	25	74	75	0.0151515	0	0.0576037	2
393	788	178	787	177	74	75	0.010101	0	0.410138	2