
0	657	148	653	149	117	120	0.0236967	0	0.325275	2
1	643	167	643	167	117	119	0	0	0.367033	1
2	24	280	26	292	117	132	0.691943	0	0.615385	1
3	557	226	553	232	118	123	0.189573	0	0.496703	2
4	627	149	626	148	118	119	0.00947867	0	0.327473	2
5	610	156	609	155	118	119	0.00947867	0	0.342857	2
6	631	171	630	172	118	119	0.00947867	0	0.375824	2
7	787	171	787	172	118	119	0.00473934	0	0.375824	1
8	761	131	761	131	118	119	0	0	0.287912	1
9	670	140	659	141	118	124	0.056872	0	0.307692	2
10	643	127	642	126	118	119	0.00947867	0	0.279121	2
11	120	441	124	451	118	133	0.492891	0	0.969231	1
12	751	100	743	109	118	125	0.421801	0	0.21978	2
13	600	35	603	48	118	155	0.815166	0	0.0769231	1
14	40	440	40	441	119	121	0.00473934	0	0.967033	1
15	24	260	24	267	119	127	0.232227	0	0.571429	1
16	681	128	680	129	119	120	0.00947867	0	0.281319	2
17	669	128	669	127	119	120	0.00473934	0	0.281319	1
18	616	165	614	165	119	121	0.00947867	0	0.362637	2
19	644	167	641	169	120	123	0.0331754	0	0.367033	2
20	608	152	608	151	120	121	0.00473934	0	0.334066	1
21	367	323	366	328	120	126	0.123223	0	0.70989	2
22	629	176	628	177	120	121	0.00947867	0	0.386813	2
23	788	177	789	179	120	121	0.0236967	0	0.389011	1
24	784	162	780	164	120	122	0.0379147	0	0.356044	2
25	619	134	617	134	120	122	0.00947867	0	0.294505	2
26	642	125	641	124	120	121	0.00947867	0	0.274725	2
27	762	135	762	133	120	122	0.0189573	0	0.296703	1
28	625	165	624	165	120	121	0.00473934	0	0.362637	2
29	534	166	536	164	120	122	0.028436	0	0.364835	1
30	557	256	556	260	120	126	0.0805687	0	0.562637	2
31	798	185	798	188	120	125	0.042654	0	0.406593	1
32	753	79	751	80	120	121	0.014218	0	0.173626	2
33	618	154	617	153	120	121	0.00947867	0	0.338462	2
34	679	133	679	132	121	124	0.00473934	0	0.292308	1
35	628	141	627	139	121	122	0.0236967	0	0.30989	2
36	212	24	214	35	121	155	0.582938	0	0.0527473	1
37	580	47	579	47	121	123	0.00473934	0	0.103297	2
38	793	162	792	163	121	122	0.00947867	0	0.356044	2
39	629	178	631	179	122	123	0.014218	0	0.391209	1
40	338	303	334	308	122	126	0.137441	0	0.665934	2
41	610	152	609	151	122	123	0.00947867	0	0.334066	2
42	783	174	782	174	122	123	0.00473934	0	0.382418	2
43	649	147	646	146	122	123	0.0189573	0	0.323077	2
44	42	440	43	447	122	134	0.236967	0	0.967033	1
45	614	163	612	163	122	124	0.00947867	0	0.358242	2
46	758	102	754	102	122	124	0.0189573	0	0.224176	2
47	640	124	638	123	122	123	0.014218	0	0.272527	2
48	635	142	634	141	123	125	0.00947867	0	0.312088	2
49	617	136	616	136	123	124	0.00473934	0	0.298901	2
50	547	210	539	211	123	130	0.042654	0	0.461538	2
51	696	131	697	135	123	129	0.0805687	0	0.287912	1
52	763	133	763	134	123	126	0.00473934	0	0.292308	1
53	722	239	724	247	123	155	0.312796	0	0.525275	1
54	629	152	628	152	123	124	0.00473934	0	0.334066	2
55	787	184	785	184	123	125	0.00947867	0	0.404396	2
56	596	137	597	136	123	124	0.00947867	0	0.301099	1
57	323	266	322	266	123	124	0.00473934	0	0.584615	2
58	375	204	386	211	123	137	0.28436	0	0.448352	1
59	774	147	772	145	124	125	0.028436	0	0.323077	2
60	640	160	638	160	124	125	0.00947867	0	0.351648	2
61	333	268	330	268	124	126	0.014218	0	0.589011	2
62	610	152	609	153	124	126	0.00947867	0	0.334066	2
63	552	234	546	234	124	127	0.028436	0	0.514286	2
64	619	174	616	176	124	126	0.0331754	0	0.382418	2
65	660	157	655	156	124	127	0.028436	0	0.345055	2
66	580	47	580	53	124	136	0.170616	0	0.103297	1
67	332	293	324	297	124	128	0.113744	0	0.643956	2
68	637	123	635	122	124	125	0.014218	0	0.27033	2
69	724	142	723	145	124	127	0.0473934	0	0.312088	2
70	650	157	649	157	124	125	0.00473934	0	0.345055	2
71	765	94	766	101	124	155	0.236967	0	0.206593	1
72	648	142	645	142	124	125	0.014218	0	0.312088	2
73	637	183	626	188	125	131	0.170616	0	0.402198	2
74	768	180	769	180	125	126	0.00473934	0	0.395604	1
75	577	257	572	255	125	126	0.042654	0	0.564835	2
76	321	267	307	266	125	131	0.07109	0	0.586813	2
77	767	163	766	163	125	126	0.00473934	0	0.358242	2
78	609	162	608	162	125	126	0.00473934	0	0.356044	2
79	608	138	605	139	125	126	0.0189573	0	0.303297	2
80	783	159	780	159	125	126	0.014218	0	0.349451	2
81	658	141	651	143	125	128	0.0521327	0	0.30989	2
82	682	148	678	148	125	130	0.0189573	0	0.325275	2
83	627	173	623	179	125	128	0.189573	0	0.38022	2
84	681	123	680	124	125	129	0.00947867	0	0.27033	2
85	682	133	682	134	125	127	0.00473934	0	0.292308	1
86	743	82	741	82	125	126	0.00947867	0	0.18022	2
87	670	132	669	134	125	130	0.0236967	0	0.29011	2
88	785	181	780	181	126	127	0.0236967	0	0.397802	2
89	769	145	768	145	126	127	0.00473934	0	0.318681	2
90	637	162	633	163	126	128	0.0236967	0	0.356044	2
91	640	125	635	126	126	128	0.028436	0	0.274725	2
92	557	249	552	249	126	127	0.0236967	0	0.547253	2
93	547	248	538	246	126	129	0.0616114	0	0.545055	2
94	561	231	555	231	126	129	0.028436	0	0.507692	2
95	743	111	742	113	126	128	0.0236967	0	0.243956	2
96	573	70	574	71	126	129	0.00947867	0	0.153846	1
97	753	128	753	130	126	128	0.0189573	0	0.281319	1
98	414	29	415	36	126	155	0.236967	0	0.0637363	1
99	607	152	606	152	127	128	0.00473934	0	0.334066	2
100	626	138	625	138	127	128	0.00473934	0	0.303297	2
101	610	141	607	141	127	128	0.014218	0	0.30989	2
102	597	174	597	175	127	128	0.00473934	0	0.382418	1
103	327	267	313	266	127	132	0.07109	0	0.586813	2
104	636	142	635	142	127	128	0.00473934	0	0.312088	2
105	782	168	779	168	127	128	0.014218	0	0.369231	2
106	645	152	643	152	127	128	0.00947867	0	0.334066	2
107	320	286	317	284	127	129	0.0331754	0	0.628571	2
108	758	140	758	141	127	128	0.00473934	0	0.307692	1
109	614	180	612	183	127	129	0.0521327	0	0.395604	2
110	737	83	728	84	127	130	0.0473934	0	0.182418	2
111	779	158	777	158	127	128	0.00947867	0	0.347253	2
112	425	136	427	142	127	155	0.180095	0	0.298901	1
113	771	147	767	147	128	130	0.0189573	0	0.323077	2
114	649	162	647	162	128	129	0.00947867	0	0.356044	2
115	721	146	720	147	128	130	0.00947867	0	0.320879	2
116	626	140	625	139	129	130	0.00947867	0	0.307692	2
117	630	164	628	164	129	130	0.00947867	0	0.36044	2
118	608	154	607	154	129	130	0.00473934	0	0.338462	2
119	615	47	613	49	129	133	0.028436	0	0.103297	2
120	635	128	633	128	129	130	0.00947867	0	0.281319	2
121	598	141	594	141	129	130	0.0189573	0	0.30989	2
122	762	137	762	138	129	130	0.00473934	0	0.301099	1
123	752	133	752	134	129	131	0.00473934	0	0.292308	1
124	553	100	548	100	129	132	0.0236967	0	0.21978	2
125	447	27	447	31	129	155	0.0758294	0	0.0593407	1
126	692	145	690	143	129	131	0.028436	0	0.318681	2
127	550	215	538	210	129	135	0.175355	0	0.472527	2
128	609	165	608	165	129	130	0.00473934	0	0.362637	2
129	556	160	566	164	129	133	0.123223	0	0.351648	1
130	747	108	746	109	129	131	0.00947867	0	0.237363	2
131	678	124	674	124	130	132	0.0189573	0	0.272527	2
132	763	179	755	176	130	132	0.0805687	0	0.393407	2
133	539	236	536	235	130	131	0.0189573	0	0.518681	2
134	556	257	552	254	130	133	0.0616114	0	0.564835	2
135	321	314	290	308	130	139	0.317536	0	0.69011	2
136	317	284	311	282	130	132	0.0473934	0	0.624176	2
137	555	225	551	227	130	132	0.0379147	0	0.494505	2
138	529	218	507	207	130	144	0.677725	0	0.479121	2
139	578	149	579	150	130	131	0.00947867	0	0.327473	1
140	390	130	380	134	130	155	0.123223	0	0.285714	2
141	635	138	634	138	130	131	0.00473934	0	0.303297	2
142	628	53	626	55	130	137	0.028436	0	0.116484	2
143	570	68	571	69	130	134	0.00947867	0	0.149451	1
144	624	137	623	136	131	132	0.00947867	0	0.301099	2
145	605	157	602	159	131	133	0.0331754	0	0.345055	2
146	327	315	326	314	131	132	0.00947867	0	0.692308	2
147	680	140	680	141	131	133	0.00473934	0	0.307692	1
148	380	177	386	177	131	134	0.028436	0	0.389011	1
149	537	203	522	189	131	145	1	0	0.446154	2
150	680	150	680	150	131	132	0	0	0.32967	1
151	627	167	625	167	131	132	0.00947867	0	0.367033	2
152	727	83	723	82	131	132	0.0236967	0	0.182418	2
153	720	148	719	149	131	133	0.00947867	0	0.325275	2
154	755	158	747	157	131	134	0.042654	0	0.347253	2
155	639	152	637	152	131	132	0.00947867	0	0.334066	2
156	774	168	768	168	131	133	0.028436	0	0.369231	2
157	556	177	556	177	131	132	0	0	0.389011	1
158	623	188	622	189	132	135	0.00947867	0	0.413187	2
159	773	184	764	184	132	134	0.042654	0	0.404396	2
160	622	147	621	146	132	133	0.00947867	0	0.323077	2
161	526	242	523	243	132	133	0.0189573	0	0.531868	2
162	303	265	299	264	132	133	0.0236967	0	0.582418	2
163	631	177	629	176	132	134	0.014218	0	0.389011	2
164	534	231	530	232	132	133	0.0236967	0	0.507692	2
165	603	168	601	169	132	133	0.014218	0	0.369231	2
166	311	298	307	295	132	133	0.0616114	0	0.654945	2
167	719	125	705	120	132	139	0.184834	0	0.274725	2
168	635	144	633	144	133	134	0.00947867	0	0.316484	2
169	327	315	316	310	133	136	0.170616	0	0.692308	2
170	751	176	737	173	133	140	0.109005	0	0.386813	2
171	621	161	620	161	133	134	0.00473934	0	0.353846	2
172	721	84	717	84	133	134	0.0189573	0	0.184615	2
173	529	260	525	261	133	134	0.0236967	0	0.571429	2
174	682	153	684	154	133	134	0.014218	0	0.336264	1
175	674	124	675	124	133	134	0.00473934	0	0.272527	1
176	696	139	695	139	133	134	0.00473934	0	0.305495	2
177	728	138	727	137	133	134	0.00947867	0	0.303297	2
178	542	249	535	248	133	135	0.0379147	0	0.547253	2
179	617	125	611	124	133	135	0.0331754	0	0.274725	2
180	536	96	515	94	133	143	0.118483	0	0.210989	2
181	707	132	705	130	133	134	0.028436	0	0.29011	2
182	626	66	626	65	133	139	0.00473934	0	0.145055	1
183	602	159	600	159	134	135	0.00947867	0	0.349451	2
184	612	50	611	49	134	139	0.00947867	0	0.10989	2
185	123	451	123	454	134	155	0.042654	0	0.991209	1
186	622	146	621	145	134	135	0.00947867	0	0.320879	2
187	585	148	584	147	134	135	0.00947867	0	0.325275	2
188	602	169	601	169	134	135	0.00473934	0	0.371429	2
189	521	247	519	248	134	136	0.014218	0	0.542857	2
190	723	152	719	151	134	135	0.0236967	0	0.334066	2
191	546	231	544	230	134	135	0.014218	0	0.507692	2
192	534	238	531	239	134	135	0.0189573	0	0.523077	2
193	760	174	757	174	134	135	0.014218	0	0.382418	2
194	314	324	309	325	134	135	0.028436	0	0.712088	2
195	299	263	295	261	134	135	0.0379147	0	0.578022	2
196	525	263	523	261	135	139	0.028436	0	0.578022	2
197	622	165	620	165	135	136	0.00947867	0	0.362637	2
198	774	185	772	183	135	136	0.028436	0	0.406593	2
199	388	177	407	174	135	142	0.132701	0	0.389011	1
200	686	157	681	156	135	138	0.028436	0	0.345055	2
201	764	160	762	160	135	136	0.00947867	0	0.351648	2
202	525	228	518	227	135	138	0.0379147	0	0.501099	2
203	714	84	711	84	135	136	0.014218	0	0.184615	2
204	29	289	24	290	135	137	0.028436	0	0.635165	2
205	310	299	300	302	135	137	0.0900474	0	0.657143	2
206	691	143	689	143	135	138	0.00947867	0	0.314286	2
207	723	141	721	140	135	136	0.014218	0	0.30989	2
208	476	134	480	132	135	141	0.0379147	0	0.294505	1
209	661	138	667	137	135	140	0.0331754	0	0.303297	1
210	397	34	397	36	135	155	0.0189573	0	0.0747253	1
211	598	159	595	157	136	138	0.0331754	0	0.349451	2
212	580	148	578	146	136	137	0.028436	0	0.325275	2
213	623	192	620	190	136	141	0.0331754	0	0.421978	2
214	308	325	307	326	136	137	0.00947867	0	0.714286	2
215	621	138	619	137	136	137	0.014218	0	0.303297	2
216	288	261	283	260	136	137	0.028436	0	0.573626	2
217	648	162	657	159	136	140	0.0853081	0	0.356044	1
218	679	125	680	125	136	137	0.00473934	0	0.274725	1
219	536	210	534	209	136	137	0.014218	0	0.461538	2
220	754	144	753	143	136	137	0.00947867	0	0.316484	2
221	618	128	612	128	136	138	0.028436	0	0.281319	2
222	288	274	284	273	136	137	0.0236967	0	0.602198	2
223	621	148	619	146	136	137	0.028436	0	0.325275	2
224	569	191	582	192	136	142	0.0663507	0	0.41978	1
225	541	101	534	100	136	139	0.0379147	0	0.221978	2
226	532	220	524	217	136	139	0.0805687	0	0.483516	2
227	632	173	629	171	136	137	0.0331754	0	0.38022	2
228	519	247	518	247	137	139	0.00473934	0	0.542857	2
229	310	308	302	308	137	138	0.0379147	0	0.676923	2
230	609	178	606	177	137	139	0.0189573	0	0.391209	2
231	607	155	604	154	137	138	0.0189573	0	0.340659	2
232	581	54	580	55	137	151	0.00947867	0	0.118681	2
233	599	169	597	168	137	138	0.014218	0	0.371429	2
234	708	138	705	137	137	138	0.0189573	0	0.303297	2
235	639	161	640	162	137	138	0.00947867	0	0.353846	1
236	702	89	698	89	137	138	0.0189573	0	0.195604	2
237	751	160	743	156	137	140	0.113744	0	0.351648	2
238	749	133	746	130	137	141	0.056872	0	0.292308	2
239	681	128	681	128	138	139	0	0	0.281319	1
240	752	142	751	141	138	139	0.00947867	0	0.312088	2
241	578	144	576	139	138	140	0.127962	0	0.316484	2
242	627	56	626	55	138	147	0.00947867	0	0.123077	2
243	773	180	775	178	138	144	0.028436	0	0.395604	1
244	308	328	308	327	138	140	0.00473934	0	0.720879	1
245	280	260	240	254	138	148	0.36019	0	0.571429	2
246	526	207	522	199	138	143	0.322275	0	0.454945	2
247	486	145	485	147	138	139	0.0236967	0	0.318681	2
248	619	146	616	144	138	139	0.0331754	0	0.320879	2
249	537	216	534	212	138	140	0.0900474	0	0.474725	2
250	617	162	614	160	138	139	0.0331754	0	0.356044	2
251	717	148	714	147	138	139	0.0189573	0	0.325275	2
252	572	159	570	158	138	139	0.014218	0	0.349451	2
253	636	175	634	173	138	139	0.028436	0	0.384615	2
254	288	280	283	281	138	139	0.028436	0	0.615385	2
255	729	137	729	135	138	144	0.0189573	0	0.301099	1
256	681	157	682	154	139	142	0.0473934	0	0.345055	1
257	542	226	540	224	139	140	0.028436	0	0.496703	2
258	624	168	621	167	139	140	0.0189573	0	0.369231	2
259	294	261	289	262	139	141	0.028436	0	0.573626	2
260	741	144	738	143	139	140	0.0189573	0	0.316484	2
261	763	165	762	168	139	141	0.0473934	0	0.362637	2
262	528	239	526	239	139	140	0.00947867	0	0.525275	2
263	578	202	582	201	139	147	0.0236967	0	0.443956	1
264	271	274	266	276	139	140	0.042654	0	0.602198	2
265	600	124	597	124	139	140	0.014218	0	0.272527	2
266	375	24	374	24	139	140	0.00473934	0	0.0527473	2
267	750	141	749	140	140	141	0.00947867	0	0.30989	2
268	290	309	277	303	140	144	0.232227	0	0.679121	2
269	613	50	612	50	140	147	0.00473934	0	0.10989	2
270	684	128	684	128	140	141	0	0	0.281319	1
271	626	69	626	68	140	147	0.00473934	0	0.151648	1
272	611	136	607	135	140	141	0.0236967	0	0.298901	2
273	715	141	711	141	140	141	0.0189573	0	0.30989	2
274	604	146	601	147	140	141	0.0189573	0	0.320879	2
275	611	161	609	160	140	141	0.014218	0	0.353846	2
276	684	144	683	143	140	141	0.00947867	0	0.316484	2
277	534	99	526	98	140	143	0.042654	0	0.217582	2
278	701	118	694	117	140	143	0.0379147	0	0.259341	2
279	139	205	143	202	140	142	0.0616114	0	0.450549	1
280	568	159	551	160	140	147	0.0853081	0	0.349451	2
281	537	225	534	226	141	142	0.0189573	0	0.494505	2
282	577	138	577	137	141	142	0.00473934	0	0.303297	1
283	736	172	732	171	141	142	0.0236967	0	0.378022	2
284	299	284	291	283	141	143	0.042654	0	0.624176	2
285	308	327	306	325	141	142	0.028436	0	0.718681	2
286	533	210	531	209	141	142	0.014218	0	0.461538	2
287	596	157	596	155	141	142	0.0189573	0	0.345055	1
288	616	147	612	148	141	143	0.0236967	0	0.323077	2
289	736	158	731	154	141	145	0.0995261	0	0.347253	2
290	577	169	578	167	141	144	0.0236967	0	0.371429	1
291	739	141	738	139	141	144	0.0236967	0	0.30989	2
292	594	123	590	123	141	142	0.0189573	0	0.27033	2
293	276	300	265	297	141	144	0.0947867	0	0.659341	2
294	746	164	740	163	141	146	0.0331754	0	0.36044	2
295	524	230	521	229	141	142	0.0189573	0	0.505495	2
296	394	197	395	199	141	142	0.0236967	0	0.432967	1
297	763	143	758	142	141	145	0.028436	0	0.314286	2
298	696	132	693	132	141	142	0.014218	0	0.29011	2
299	375	24	375	24	141	142	0	0	0.0527473	1
300	621	188	622	191	142	149	0.0473934	0	0.413187	1
301	260	274	257	274	142	143	0.014218	0	0.602198	2
302	754	162	750	161	142	145	0.0236967	0	0.356044	2
303	764	170	762	169	142	144	0.014218	0	0.373626	2
304	681	131	685	132	142	144	0.0236967	0	0.287912	1
305	605	134	602	134	142	143	0.014218	0	0.294505	2
306	587	136	584	135	142	143	0.0189573	0	0.298901	2
307	749	129	742	132	142	151	0.0758294	0	0.283516	2
308	599	188	599	188	143	145	0	0	0.413187	1
309	533	228	530	229	143	144	0.0189573	0	0.501099	2
310	600	154	601	153	143	144	0.00947867	0	0.338462	1
311	731	170	729	168	143	144	0.028436	0	0.373626	2
312	748	140	747	139	143	144	0.00947867	0	0.307692	2
313	606	176	605	174	143	145	0.0236967	0	0.386813	2
314	641	161	642	159	143	144	0.0236967	0	0.353846	1
315	574	136	568	136	143	148	0.028436	0	0.298901	2
316	413	174	429	173	143	147	0.0805687	0	0.382418	1
317	584	192	586	192	143	148	0.00947867	0	0.421978	1
318	517	211	515	206	143	153	0.127962	0	0.463736	2
319	704	133	701	133	143	144	0.014218	0	0.292308	2
320	778	98	778	100	143	155	0.0189573	0	0.215385	1
321	375	24	375	26	143	155	0.0189573	0	0.0527473	1
322	492	54	492	56	143	155	0.0189573	0	0.118681	1
323	523	199	520	193	144	153	0.184834	0	0.437363	2
324	511	234	508	232	144	145	0.0331754	0	0.514286	2
325	522	100	517	99	144	146	0.028436	0	0.21978	2
326	586	123	580	124	144	146	0.0331754	0	0.27033	2
327	280	265	271	268	144	146	0.0853081	0	0.582418	2
328	597	133	587	133	144	147	0.0473934	0	0.292308	2
329	611	151	607	150	144	145	0.0236967	0	0.331868	2
330	252	276	250	277	144	145	0.014218	0	0.606593	2
331	661	52	659	53	144	153	0.014218	0	0.114286	2
332	687	51	686	53	144	155	0.0236967	0	0.112088	2
333	609	184	612	187	144	151	0.056872	0	0.404396	1
334	689	79	689	80	144	150	0.00473934	0	0.173626	1
335	732	174	731	171	145	147	0.0473934	0	0.382418	2
336	689	152	690	152	145	146	0.00473934	0	0.334066	1
337	760	169	755	169	145	147	0.0236967	0	0.371429	2
338	272	305	264	304	145	146	0.042654	0	0.67033	2
339	672	181	672	182	145	149	0.00473934	0	0.397802	1
340	597	154	597	153	145	146	0.00473934	0	0.338462	1
341	604	139	601	138	145	146	0.0189573	0	0.305495	2
342	272	291	266	292	145	146	0.0331754	0	0.63956	2
343	632	190	632	192	145	151	0.0189573	0	0.417582	1
344	673	84	668	83	145	146	0.028436	0	0.184615	2
345	700	72	700	74	145	154	0.0189573	0	0.158242	1
346	146	198	147	197	145	146	0.00947867	0	0.435165	1
347	751	159	749	158	146	148	0.014218	0	0.349451	2
348	598	188	603	191	146	152	0.0663507	0	0.413187	1
349	590	177	590	177	146	147	0	0	0.389011	1
350	575	171	574	172	146	147	0.00947867	0	0.375824	2
351	752	137	751	137	146	147	0.00473934	0	0.301099	2
352	772	177	757	177	146	153	0.07109	0	0.389011	2
353	736	138	735	137	146	147	0.00947867	0	0.303297	2
354	606	174	606	173	146	148	0.00473934	0	0.382418	1
355	522	189	521	184	146	151	0.123223	0	0.415385	2
356	497	175	514	170	146	155	0.199052	0	0.384615	1
357	694	129	695	129	146	147	0.00473934	0	0.283516	1
358	726	147	725	147	146	148	0.00473934	0	0.323077	2
359	726	136	723	136	146	149	0.014218	0	0.298901	2
360	598	138	595	138	147	148	0.014218	0	0.303297	2
361	506	225	506	223	147	148	0.0189573	0	0.494505	1
362	739	156	735	156	147	149	0.0189573	0	0.342857	2
363	247	277	243	276	147	148	0.0236967	0	0.608791	2
364	512	238	511	237	147	148	0.00947867	0	0.523077	2
365	268	269	260	272	147	148	0.0805687	0	0.591209	2
366	677	113	675	114	147	148	0.014218	0	0.248352	2
367	252	303	247	294	147	148	0.407583	0	0.665934	2
368	241	267	204	262	147	155	0.293839	0	0.586813	2
369	151	198	161	195	147	151	0.0900474	0	0.435165	1
370	510	200	511	194	147	154	0.175355	0	0.43956	1
371	218	445	219	445	147	148	0.00473934	0	0.978022	1
372	625	56	623	58	148	155	0.028436	0	0.123077	2
373	258	304	242	301	148	152	0.118483	0	0.668132	2
374	751	138	750	138	148	149	0.00473934	0	0.303297	2
375	754	171	750	172	148	150	0.0236967	0	0.375824	2
376	696	130	697	129	148	149	0.00947867	0	0.285714	1
377	734	137	733	136	148	149	0.00947867	0	0.301099	2
378	627	69	626	71	148	155	0.0236967	0	0.151648	2
379	583	133	580	133	148	149	0.014218	0	0.292308	2
380	658	99	651	98	148	149	0.0379147	0	0.217582	2
381	431	174	439	174	148	150	0.0379147	0	0.382418	1
382	594	161	595	160	148	150	0.00947867	0	0.353846	1
383	570	62	570	61	148	150	0.00473934	0	0.136264	1
384	573	160	570	160	148	149	0.014218	0	0.351648	2
385	516	101	513	101	148	149	0.014218	0	0.221978	2
386	570	138	568	140	149	150	0.028436	0	0.303297	2
387	725	169	724	169	149	150	0.00473934	0	0.371429	2
388	427	214	428	212	149	151	0.0236967	0	0.47033	1
389	219	445	223	445	149	154	0.0189573	0	0.978022	1
390	239	275	230	272	149	151	0.0853081	0	0.604396	2
391	235	254	205	249	149	155	0.260664	0	0.558242	2
392	251	262	230	259	149	153	0.14218	0	0.575824	2
393	582	200	583	199	149	153	0.00947867	0	0.43956	1
394	582	143	580	144	149	150	0.014218	0	0.314286	2
395	724	148	722	149	149	151	0.014218	0	0.325275	2
396	676	116	664	117	149	154	0.0616114	0	0.254945	2
397	621	195	622	194	150	155	0.00947867	0	0.428571	1
398	753	136	752	137	150	152	0.00947867	0	0.298901	2
399	570	166	567	166	150	151	0.014218	0	0.364835	2
400	733	138	732	137	150	152	0.00947867	0	0.303297	2
401	667	167	666	167	150	155	0.00473934	0	0.367033	2
402	601	150	601	150	150	151	0	0	0.32967	1
403	723	137	722	137	150	152	0.00473934	0	0.301099	2
404	736	162	735	161	150	151	0.00947867	0	0.356044	2
405	253	280	243	284	150	152	0.123223	0	0.615385	2
406	578	133	571	133	150	152	0.0331754	0	0.292308	2
407	655	84	650	84	150	151	0.0236967	0	0.184615	2
408	698	129	700	127	150	152	0.028436	0	0.283516	1
409	737	152	735	151	150	151	0.014218	0	0.334066	2
410	591	141	589	142	150	151	0.014218	0	0.30989	2
411	645	110	636	111	150	152	0.0473934	0	0.241758	2
412	243	293	232	292	150	152	0.056872	0	0.643956	2
413	498	96	487	96	150	154	0.0521327	0	0.210989	2
414	505	222	504	221	150	152	0.00947867	0	0.487912	2
415	722	169	723	166	151	154	0.0473934	0	0.371429	1
416	746	173	743	172	151	152	0.0189573	0	0.38022	2
417	570	60	569	58	151	153	0.0236967	0	0.131868	2
418	507	103	496	102	151	155	0.056872	0	0.226374	2
419	568	143	564	145	151	152	0.0379147	0	0.314286	2
420	671	147	671	144	151	152	0.042654	0	0.323077	1
421	645	74	644	74	151	155	0.00473934	0	0.162637	2
422	572	180	569	180	152	153	0.014218	0	0.395604	2
423	603	150	603	149	152	153	0.00473934	0	0.32967	1
424	575	144	571	143	152	153	0.0236967	0	0.316484	2
425	645	85	640	84	152	153	0.028436	0	0.186813	2
426	588	51	587	51	152	155	0.00473934	0	0.112088	2
427	447	174	457	175	152	155	0.0521327	0	0.382418	1
428	95	455	95	454	152	153	0.00473934	0	1	1
429	658	100	650	99	152	155	0.042654	0	0.21978	2
430	614	184	614	183	152	155	0.00473934	0	0.404396	1
431	738	159	739	157	152	154	0.0236967	0	0.349451	1
432	166	193	173	193	152	154	0.0331754	0	0.424176	1
433	225	273	208	271	152	155	0.0995261	0	0.6	2
434	742	134	743	133	152	155	0.00947867	0	0.294505	1
435	522	184	522	183	152	153	0.00473934	0	0.404396	1
436	719	432	719	432	152	155	0	0	0.949451	1
437	752	139	753	139	153	155	0.00473934	0	0.305495	1
438	238	300	231	300	153	154	0.0331754	0	0.659341	2
439	604	191	604	190	153	155	0.00473934	0	0.41978	1
440	531	221	535	215	153	155	0.189573	0	0.485714	1
441	212	322	211	321	153	154	0.00947867	0	0.707692	2
442	569	133	566	133	153	154	0.014218	0	0.292308	2
443	702	58	702	58	153	155	0	0	0.127473	1
444	525	207	525	205	153	154	0.0189573	0	0.454945	1
445	677	172	683	169	153	154	0.07109	0	0.378022	1
446	552	191	548	193	153	155	0.0379147	0	0.41978	2
447	165	225	166	225	153	154	0.00473934	0	0.494505	1
448	582	158	582	158	153	154	0	0	0.347253	1
449	523	191	524	189	154	155	0.0236967	0	0.41978	1
450	226	259	222	257	154	155	0.0379147	0	0.569231	2
451	604	151	603	151	154	155	0.00473934	0	0.331868	2
452	756	176	754	176	154	155	0.00947867	0	0.386813	2
453	514	206	514	204	154	155	0.0189573	0	0.452747	1
454	564	148	559	150	154	155	0.042654	0	0.325275	2
455	208	297	203	296	154	155	0.028436	0	0.652747	2
456	569	179	567	181	154	155	0.028436	0	0.393407	2
457	570	57	569	56	154	155	0.00947867	0	0.125275	2
458	742	170	740	169	154	155	0.014218	0	0.373626	2
459	233	290	226	292	154	155	0.0521327	0	0.637363	2
460	228	277	223	275	154	155	0.042654	0	0.608791	2
461	523	181	523	179	154	155	0.0189573	0	0.397802	1
462	221	294	215	296	154	155	0.0473934	0	0.646154	2