
0	666	146	665	147	97	102	0.0246914	0	0.328829	2
1	511	196	510	194	97	100	0.0617284	0	0.441441	2
2	827	136	826	136	97	108	0.0123457	0	0.306306	2
3	426	36	423	36	97	135	0.037037	0	0.0810811	2
4	318	150	316	149	98	100	0.037037	0	0.337838	2
5	500	197	499	197	99	101	0.0123457	0	0.443694	2
6	797	93	794	94	99	104	0.0493827	0	0.209459	2
7	447	180	445	179	99	100	0.037037	0	0.405405	2
8	455	24	454	24	99	114	0.0123457	0	0.0540541	2
9	476	159	475	158	99	100	0.0246914	0	0.358108	2
10	747	131	745	131	99	100	0.0246914	0	0.295045	2
11	255	242	254	242	99	100	0.0123457	0	0.545045	2
12	458	206	456	205	99	101	0.037037	0	0.463964	2
13	448	196	446	195	99	101	0.037037	0	0.441441	2
14	447	206	446	205	100	101	0.0246914	0	0.463964	2
15	435	186	432	181	100	103	0.345679	0	0.418919	2
16	540	24	539	24	100	112	0.0123457	0	0.0540541	2
17	793	142	791	142	100	104	0.0246914	0	0.31982	2
18	444	179	441	177	101	102	0.0864198	0	0.403153	2
19	244	291	299	293	101	134	0.728395	0	0.655405	1
20	401	185	402	179	101	104	0.45679	0	0.416667	1
21	296	444	293	444	101	135	0.037037	0	1	2
22	224	301	236	298	101	109	0.259259	0	0.677928	1
23	784	106	782	106	101	108	0.0246914	0	0.238739	2
24	41	282	39	283	101	104	0.037037	0	0.635135	2
25	624	190	619	189	101	110	0.0740741	0	0.427928	2
26	458	208	457	208	102	103	0.0123457	0	0.468468	2
27	448	202	448	199	102	103	0.111111	0	0.454955	1
28	500	199	500	198	102	104	0.0123457	0	0.448198	1
29	400	24	400	24	102	108	0	0	0.0540541	1
30	253	216	253	219	102	105	0.111111	0	0.486486	1
31	496	187	491	183	102	106	0.259259	0	0.421171	2
32	485	168	485	165	102	105	0.111111	0	0.378378	1
33	795	109	794	108	103	104	0.0246914	0	0.245495	2
34	635	133	635	133	103	106	0	0	0.29955	1
35	526	160	523	154	103	107	0.481481	0	0.36036	2
36	548	24	548	24	103	104	0	0	0.0540541	1
37	442	209	440	208	103	104	0.037037	0	0.470721	2
38	250	357	248	356	104	105	0.037037	0	0.804054	2
39	458	208	458	206	104	106	0.0493827	0	0.468468	1
40	669	159	669	159	104	105	0	0	0.358108	1
41	436	180	435	179	104	105	0.0246914	0	0.405405	2
42	744	91	743	90	105	119	0.0246914	0	0.204955	2
43	794	108	794	108	105	107	0	0	0.243243	1
44	439	205	436	204	105	111	0.0493827	0	0.461712	2
45	441	195	439	194	105	106	0.037037	0	0.439189	2
46	309	148	309	147	105	109	0.0123457	0	0.333333	1
47	403	178	405	175	105	107	0.135802	0	0.400901	1
48	501	198	499	197	105	106	0.037037	0	0.445946	2
49	456	196	455	194	105	106	0.0617284	0	0.441441	2
50	536	65	534	65	105	135	0.0246914	0	0.146396	2
51	742	132	744	130	105	109	0.0740741	0	0.297297	1
52	630	203	630	202	105	111	0.0123457	0	0.457207	1
53	44	284	48	283	105	109	0.0617284	0	0.63964	1
54	632	174	627	175	105	112	0.0740741	0	0.391892	2
55	249	348	252	349	106	114	0.0493827	0	0.783784	1
56	484	172	484	170	106	108	0.0493827	0	0.387387	1
57	670	158	670	157	106	107	0.0123457	0	0.355856	1
58	253	221	259	222	106	109	0.0864198	0	0.497748	1
59	820	175	819	175	106	108	0.0123457	0	0.394144	2
60	458	205	454	202	107	109	0.160494	0	0.461712	2
61	642	127	643	126	107	108	0.0246914	0	0.286036	1
62	448	199	445	199	107	109	0.037037	0	0.448198	2
63	253	337	260	339	107	115	0.135802	0	0.759009	1
64	244	358	244	357	107	113	0.0123457	0	0.806306	1
65	540	180	536	178	107	111	0.0987654	0	0.405405	2
66	494	196	491	195	107	108	0.0493827	0	0.441441	2
67	530	174	530	173	107	108	0.0123457	0	0.391892	1
68	321	150	321	150	107	109	0	0	0.337838	1
69	470	151	469	154	107	111	0.123457	0	0.34009	2
70	502	180	497	178	107	111	0.111111	0	0.405405	2
71	549	24	549	24	107	108	0	0	0.0540541	1
72	792	108	792	107	108	110	0.0123457	0	0.243243	1
73	610	208	615	207	108	112	0.0740741	0	0.468468	1
74	517	151	514	148	108	110	0.148148	0	0.34009	2
75	620	213	621	213	108	110	0.0123457	0	0.47973	1
76	357	151	350	151	108	112	0.0864198	0	0.34009	2
77	425	174	423	173	108	109	0.037037	0	0.391892	2
78	795	94	794	94	109	110	0.0123457	0	0.211712	2
79	813	161	809	159	109	116	0.0987654	0	0.362613	2
80	646	127	647	127	109	110	0.0123457	0	0.286036	1
81	401	24	400	24	109	111	0.0123457	0	0.0540541	2
82	488	193	485	189	109	110	0.234568	0	0.434685	2
83	485	169	483	167	109	110	0.0740741	0	0.380631	2
84	809	190	807	191	109	112	0.037037	0	0.427928	2
85	536	207	534	207	109	110	0.0246914	0	0.466216	2
86	821	90	817	91	109	134	0.0617284	0	0.202703	2
87	407	175	408	173	109	112	0.0617284	0	0.394144	1
88	392	248	383	251	109	117	0.222222	0	0.558559	2
89	232	340	247	336	109	114	0.382716	0	0.765766	1
90	380	242	361	248	109	121	0.679012	0	0.545045	2
91	451	203	447	202	110	111	0.0617284	0	0.457207	2
92	311	149	310	149	110	112	0.0123457	0	0.335586	2
93	433	193	431	193	110	111	0.0246914	0	0.434685	2
94	436	178	430	176	110	114	0.123457	0	0.400901	2
95	821	176	816	176	110	120	0.0617284	0	0.396396	2
96	263	223	269	222	110	112	0.0864198	0	0.502252	1
97	547	208	545	207	110	111	0.037037	0	0.468468	2
98	321	146	319	144	110	116	0.0740741	0	0.328829	2
99	782	106	772	105	110	135	0.135802	0	0.238739	2
100	794	94	794	92	111	117	0.0493827	0	0.211712	1
101	771	92	770	90	111	119	0.0617284	0	0.207207	2
102	793	107	792	105	111	114	0.0617284	0	0.240991	2
103	616	188	613	187	111	114	0.0493827	0	0.423423	2
104	424	170	422	168	111	113	0.0740741	0	0.382883	2
105	534	209	534	210	111	114	0.0123457	0	0.470721	1
106	526	184	524	182	111	112	0.0740741	0	0.414414	2
107	624	214	638	210	111	120	0.37037	0	0.481982	1
108	478	167	474	165	111	112	0.0987654	0	0.376126	2
109	438	204	437	203	112	113	0.0246914	0	0.459459	2
110	534	176	518	180	112	123	0.395062	0	0.396396	2
111	418	183	416	180	112	115	0.135802	0	0.412162	2
112	524	172	522	171	112	113	0.037037	0	0.387387	2
113	481	177	477	178	112	114	0.0617284	0	0.398649	2
114	667	162	665	162	112	114	0.0246914	0	0.364865	2
115	827	136	826	135	112	114	0.0246914	0	0.306306	2
116	397	207	398	206	112	114	0.0246914	0	0.466216	1
117	442	186	436	184	112	115	0.123457	0	0.418919	2
118	653	167	648	165	112	113	0.111111	0	0.376126	2
119	375	220	373	220	112	114	0.0246914	0	0.495495	2
120	491	183	484	181	112	115	0.135802	0	0.412162	2
121	461	175	461	174	112	113	0.0123457	0	0.394144	1
122	588	61	586	61	112	135	0.0246914	0	0.137387	2
123	309	148	309	147	113	116	0.0123457	0	0.333333	1
124	471	166	469	165	113	114	0.037037	0	0.373874	2
125	782	92	780	91	113	118	0.037037	0	0.207207	2
126	808	192	808	191	113	114	0.0123457	0	0.432432	1
127	616	207	624	205	113	118	0.148148	0	0.466216	1
128	512	178	511	177	113	114	0.0246914	0	0.400901	2
129	246	296	281	300	113	135	0.62963	0	0.666667	1
130	607	155	589	154	113	124	0.234568	0	0.349099	2
131	753	130	753	128	113	119	0.0493827	0	0.292793	1
132	309	158	311	158	113	115	0.0246914	0	0.355856	1
133	383	226	381	225	114	115	0.037037	0	0.509009	2
134	437	204	436	203	114	116	0.0246914	0	0.459459	2
135	644	126	670	126	114	123	0.320988	0	0.283784	1
136	420	168	419	165	114	116	0.123457	0	0.378378	2
137	644	162	639	162	114	116	0.0617284	0	0.364865	2
138	646	141	633	141	114	118	0.160494	0	0.317568	2
139	633	257	635	259	114	117	0.0740741	0	0.578829	1
140	609	258	621	256	114	118	0.197531	0	0.581081	1
141	328	163	328	164	114	116	0.0123457	0	0.367117	1
142	625	189	623	187	114	116	0.0740741	0	0.425676	2
143	249	326	251	325	114	115	0.037037	0	0.734234	1
144	279	222	288	221	114	116	0.123457	0	0.5	1
145	395	261	389	260	115	117	0.0864198	0	0.587838	2
146	795	108	795	107	115	117	0.0123457	0	0.243243	1
147	371	220	362	219	115	118	0.123457	0	0.495495	2
148	244	357	244	356	115	117	0.0123457	0	0.804054	1
149	810	192	811	191	115	116	0.0246914	0	0.432432	1
150	476	199	476	199	115	120	0	0	0.448198	1
151	534	211	519	214	115	123	0.296296	0	0.475225	2
152	614	193	611	190	115	119	0.148148	0	0.434685	2
153	474	189	473	188	115	116	0.0246914	0	0.425676	2
154	250	347	250	346	115	116	0.0123457	0	0.781532	1
155	660	131	664	131	115	116	0.0493827	0	0.295045	1
156	672	163	659	165	115	135	0.209877	0	0.367117	2
157	800	188	798	186	115	117	0.0740741	0	0.423423	2
158	397	206	394	204	115	119	0.0864198	0	0.463964	2
159	809	110	812	111	115	117	0.0493827	0	0.247748	1
160	621	173	615	172	115	118	0.0864198	0	0.38964	2
161	431	169	430	168	115	119	0.0246914	0	0.380631	2
162	378	226	365	226	116	120	0.160494	0	0.509009	2
163	261	340	262	339	116	117	0.0246914	0	0.765766	1
164	734	131	733	130	116	118	0.0246914	0	0.295045	2
165	414	178	411	175	116	119	0.148148	0	0.400901	2
166	312	157	310	157	116	122	0.0246914	0	0.353604	2
167	456	24	455	24	116	118	0.0123457	0	0.0540541	2
168	519	180	515	180	116	118	0.0493827	0	0.405405	2
169	434	187	426	188	116	122	0.111111	0	0.421171	2
170	341	148	337	148	116	118	0.0493827	0	0.333333	2
171	636	231	663	235	116	133	0.530864	0	0.52027	1
172	256	329	277	328	116	124	0.271605	0	0.740991	1
173	518	170	516	170	116	117	0.0246914	0	0.382883	2
174	308	147	309	147	117	126	0.0123457	0	0.331081	1
175	807	160	804	160	117	119	0.037037	0	0.36036	2
176	437	204	435	203	117	119	0.037037	0	0.459459	2
177	290	224	293	224	117	119	0.037037	0	0.504505	1
178	254	350	255	349	117	118	0.0246914	0	0.788288	1
179	421	165	421	164	117	118	0.0123457	0	0.371622	1
180	624	216	643	220	117	131	0.432099	0	0.486486	1
181	528	195	521	196	117	121	0.0987654	0	0.439189	2
182	812	192	808	193	117	120	0.0617284	0	0.432432	2
183	318	146	319	146	117	126	0.0123457	0	0.328829	1
184	429	178	425	178	117	121	0.0493827	0	0.400901	2
185	522	205	513	208	117	121	0.222222	0	0.461712	2
186	795	92	793	93	118	135	0.037037	0	0.207207	2
187	794	108	792	109	118	135	0.037037	0	0.243243	2
188	359	232	355	232	118	119	0.0493827	0	0.522523	2
189	263	339	266	338	118	119	0.0493827	0	0.763514	1
190	245	356	251	353	118	120	0.185185	0	0.801802	1
191	757	91	755	91	118	128	0.0246914	0	0.204955	2
192	62	279	66	277	118	120	0.0987654	0	0.628378	1
193	515	170	511	171	118	120	0.0617284	0	0.382883	2
194	827	135	826	134	118	122	0.0246914	0	0.304054	2
195	741	106	735	106	118	128	0.0740741	0	0.238739	2
196	805	114	819	116	118	128	0.222222	0	0.256757	1
197	253	315	257	314	118	120	0.0617284	0	0.709459	1
198	473	156	476	154	118	123	0.0864198	0	0.351351	1
199	627	205	629	206	119	121	0.037037	0	0.461712	1
200	784	90	782	90	119	123	0.0246914	0	0.202703	2
201	726	130	724	130	119	120	0.0246914	0	0.292793	2
202	514	182	512	182	119	120	0.0246914	0	0.40991	2
203	455	24	453	25	119	135	0.037037	0	0.0540541	2
204	378	245	351	247	119	126	0.382716	0	0.551802	2
205	627	143	560	143	119	135	0.82716	0	0.322072	2
206	411	165	409	165	119	122	0.0246914	0	0.371622	2
207	614	172	609	172	119	122	0.0617284	0	0.387387	2
208	291	406	289	407	119	135	0.037037	0	0.914414	2
209	744	91	742	92	120	135	0.037037	0	0.204955	2
210	773	91	771	92	120	129	0.037037	0	0.204955	2
211	433	204	428	205	120	122	0.0740741	0	0.459459	2
212	353	233	341	233	120	123	0.148148	0	0.524775	2
213	803	161	791	166	120	132	0.45679	0	0.362613	2
214	271	339	285	338	120	123	0.185185	0	0.763514	1
215	296	224	309	229	120	125	0.469136	0	0.504505	1
216	427	168	426	167	120	121	0.0246914	0	0.378378	2
217	614	189	602	188	120	124	0.160494	0	0.425676	2
218	392	210	388	209	120	124	0.0617284	0	0.472973	2
219	734	133	732	134	120	132	0.037037	0	0.29955	2
220	413	176	412	175	120	124	0.0246914	0	0.396396	2
221	282	311	290	315	120	124	0.296296	0	0.70045	1
222	557	64	555	65	120	135	0.037037	0	0.144144	2
223	328	165	325	166	120	121	0.0493827	0	0.371622	2
224	798	191	797	194	120	123	0.123457	0	0.43018	2
225	552	160	550	161	120	135	0.037037	0	0.36036	2
226	460	166	461	165	120	121	0.0246914	0	0.373874	1
227	366	264	349	264	121	126	0.209877	0	0.594595	2
228	456	153	452	150	121	123	0.160494	0	0.344595	2
229	285	302	286	302	121	122	0.0123457	0	0.68018	1
230	639	213	651	217	121	130	0.345679	0	0.47973	1
231	723	131	720	131	121	128	0.037037	0	0.295045	2
232	444	163	431	158	121	132	0.469136	0	0.367117	2
233	511	172	508	173	121	123	0.0493827	0	0.387387	2
234	623	156	618	155	121	122	0.0740741	0	0.351351	2
235	365	231	348	232	121	126	0.222222	0	0.52027	2
236	351	409	349	410	121	135	0.037037	0	0.921171	2
237	823	173	821	174	121	135	0.037037	0	0.38964	2
238	785	316	783	317	121	135	0.037037	0	0.711712	2
239	366	398	364	399	121	135	0.037037	0	0.896396	2
240	679	187	668	192	121	135	0.444444	0	0.421171	2
241	358	247	348	246	122	124	0.135802	0	0.556306	2
242	263	320	265	319	122	123	0.037037	0	0.720721	1
243	692	128	694	128	122	123	0.0246914	0	0.288288	1
244	278	276	292	280	122	129	0.37037	0	0.621622	1
245	425	169	423	169	122	128	0.0246914	0	0.380631	2
246	633	167	629	166	122	123	0.0617284	0	0.376126	2
247	350	221	339	220	122	125	0.148148	0	0.497748	2
248	484	182	486	186	122	126	0.222222	0	0.40991	1
249	519	197	518	197	122	123	0.0123457	0	0.443694	2
250	426	205	423	205	123	124	0.037037	0	0.461712	2
251	414	164	413	164	123	125	0.0123457	0	0.369369	2
252	288	304	289	304	123	124	0.0123457	0	0.684685	1
253	308	157	307	156	123	125	0.0246914	0	0.353604	2
254	350	256	342	256	123	125	0.0987654	0	0.576577	2
255	403	165	402	165	123	126	0.0123457	0	0.371622	2
256	337	233	326	232	124	127	0.148148	0	0.524775	2
257	510	174	505	175	124	129	0.0740741	0	0.391892	2
258	801	193	798	195	124	128	0.0864198	0	0.434685	2
259	633	207	636	207	124	127	0.037037	0	0.466216	1
260	672	126	671	127	124	135	0.0246914	0	0.283784	2
261	292	336	295	335	124	125	0.0493827	0	0.756757	1
262	518	214	515	213	124	125	0.0493827	0	0.481982	2
263	699	134	700	133	124	125	0.0246914	0	0.301802	1
264	809	153	818	153	124	128	0.111111	0	0.344595	1
265	827	286	826	287	124	135	0.0246914	0	0.644144	2
266	489	161	493	161	124	127	0.0493827	0	0.362613	1
267	609	178	606	179	124	125	0.0493827	0	0.400901	2
268	378	33	376	34	124	135	0.037037	0	0.0743243	2
269	637	247	639	248	125	126	0.037037	0	0.556306	1
270	271	319	276	320	125	127	0.0740741	0	0.718468	1
271	420	206	415	204	125	127	0.111111	0	0.463964	2
272	345	246	337	247	125	127	0.111111	0	0.554054	2
273	681	126	680	127	125	135	0.0246914	0	0.283784	2
274	297	303	308	308	125	133	0.444444	0	0.682432	1
275	588	156	583	158	125	128	0.111111	0	0.351351	2
276	387	209	386	208	125	126	0.0246914	0	0.470721	2
277	649	257	655	259	125	127	0.123457	0	0.578829	1
278	441	147	438	147	125	127	0.037037	0	0.331081	2
279	482	150	484	151	125	127	0.037037	0	0.337838	1
280	517	201	516	201	125	126	0.0123457	0	0.452703	2
281	805	178	801	178	125	128	0.0493827	0	0.400901	2
282	342	222	313	222	126	134	0.358025	0	0.5	2
283	515	213	511	214	126	132	0.0617284	0	0.47973	2
284	303	336	306	335	126	128	0.0493827	0	0.756757	1
285	313	228	314	229	126	127	0.0246914	0	0.513514	1
286	321	251	323	251	126	128	0.0246914	0	0.565315	1
287	703	134	708	133	126	127	0.0740741	0	0.301802	1
288	597	185	597	186	126	127	0.0123457	0	0.416667	1
289	783	93	782	93	127	134	0.0123457	0	0.209459	2
290	645	251	652	251	127	133	0.0864198	0	0.565315	1
291	310	148	310	148	127	128	0	0	0.333333	1
292	426	205	425	203	127	130	0.0617284	0	0.461712	2
293	294	339	295	338	127	128	0.0246914	0	0.763514	1
294	322	149	322	149	127	128	0	0	0.335586	1
295	538	24	537	24	127	135	0.0123457	0	0.0540541	2
296	305	348	313	348	127	134	0.0987654	0	0.783784	1
297	404	24	403	24	127	135	0.0123457	0	0.0540541	2
298	391	191	394	191	127	128	0.037037	0	0.43018	1
299	488	188	488	189	127	128	0.0123457	0	0.423423	1
300	451	170	447	168	127	129	0.0987654	0	0.382883	2
301	324	232	321	232	128	129	0.037037	0	0.522523	2
302	413	203	411	200	128	130	0.135802	0	0.457207	2
303	638	210	641	211	128	131	0.0493827	0	0.472973	1
304	280	323	285	330	128	132	0.666667	0	0.727477	1
305	547	24	546	24	128	135	0.0123457	0	0.0540541	2
306	691	129	690	129	128	135	0.0123457	0	0.290541	2
307	311	358	311	358	128	135	0	0	0.806306	1
308	341	238	319	238	128	134	0.271605	0	0.536036	2
309	311	158	312	160	128	129	0.0617284	0	0.355856	1
310	464	176	451	177	128	132	0.17284	0	0.396396	2
311	599	182	594	179	128	133	0.17284	0	0.40991	2
312	379	186	379	195	128	129	1	0	0.418919	1
313	328	248	323	246	129	130	0.111111	0	0.558559	2
314	755	91	754	91	129	135	0.0123457	0	0.204955	2
315	300	339	303	337	129	131	0.0864198	0	0.763514	1
316	319	190	318	190	129	130	0.0123457	0	0.427928	2
317	503	189	501	188	129	130	0.037037	0	0.425676	2
318	314	150	317	149	129	132	0.0493827	0	0.337838	1
319	705	134	720	136	129	133	0.234568	0	0.301802	1
320	582	159	580	158	129	130	0.037037	0	0.358108	2
321	310	334	314	332	129	135	0.0987654	0	0.752252	1
322	736	105	735	105	129	135	0.0123457	0	0.236486	2
323	424	169	423	168	129	130	0.0246914	0	0.380631	2
324	299	322	303	322	129	135	0.0493827	0	0.725225	1
325	794	183	789	183	129	131	0.0617284	0	0.412162	2
326	658	265	657	264	129	131	0.0246914	0	0.596847	2
327	772	92	772	91	130	134	0.0123457	0	0.207207	1
328	504	176	501	175	130	133	0.0493827	0	0.396396	2
329	439	178	438	176	130	132	0.0617284	0	0.400901	2
330	799	199	798	199	130	131	0.0123457	0	0.448198	2
331	376	191	366	191	130	135	0.123457	0	0.43018	2
332	297	348	298	348	130	131	0.0123457	0	0.783784	1
333	294	282	294	283	130	135	0.0123457	0	0.635135	1
334	587	196	585	195	130	132	0.037037	0	0.441441	2
335	311	162	312	161	130	131	0.0246914	0	0.364865	1
336	107	329	109	326	130	133	0.135802	0	0.740991	1
337	320	245	312	245	131	133	0.0987654	0	0.551802	2
338	314	233	301	232	131	135	0.17284	0	0.524775	2
339	501	187	500	186	131	132	0.0246914	0	0.421171	2
340	427	202	427	201	131	132	0.0123457	0	0.454955	1
341	653	217	655	218	131	133	0.037037	0	0.488739	1
342	312	255	295	260	131	135	0.518519	0	0.574324	2
343	423	168	422	168	131	132	0.0123457	0	0.378378	2
344	788	197	784	201	131	135	0.246914	0	0.443694	2
345	582	158	580	157	131	132	0.037037	0	0.355856	2
346	644	212	647	216	132	135	0.234568	0	0.477477	1
347	304	337	303	337	132	135	0.0123457	0	0.759009	2
348	385	171	381	172	132	135	0.0617284	0	0.385135	2
349	799	200	797	200	132	134	0.0246914	0	0.45045	2
350	387	204	385	204	132	134	0.0246914	0	0.459459	2
351	504	196	503	196	132	133	0.0123457	0	0.441441	2
352	415	185	418	185	133	134	0.037037	0	0.416667	1
353	510	214	507	214	133	135	0.037037	0	0.481982	2
354	580	192	577	192	133	135	0.037037	0	0.432432	2
355	789	167	786	169	133	135	0.0864198	0	0.376126	2
356	431	157	430	156	133	134	0.0246914	0	0.353604	2
357	517	197	514	197	133	135	0.037037	0	0.443694	2
358	782	107	781	107	133	135	0.0123457	0	0.240991	2
359	423	167	421	167	133	134	0.0246914	0	0.376126	2
360	584	177	581	178	133	135	0.0493827	0	0.398649	2
361	657	267	658	266	133	134	0.0246914	0	0.601351	1
362	500	176	498	176	134	135	0.0246914	0	0.396396	2
363	652	252	652	253	134	135	0.0123457	0	0.567568	1
364	325	150	326	149	134	135	0.0246914	0	0.337838	1
365	500	187	499	187	134	135	0.0123457	0	0.421171	2
366	304	311	303	310	134	135	0.0246914	0	0.70045	2
367	413	198	417	199	134	135	0.0617284	0	0.445946	1
368	313	162	315	161	134	135	0.037037	0	0.364865	1
369	447	169	442	170	134	135	0.0740741	0	0.380631	2
370	656	220	656	221	134	135	0.0123457	0	0.495495	1
371	504	197	503	198	134	135	0.0246914	0	0.443694	2
372	560	165	557	165	134	135	0.037037	0	0.371622	2
373	592	178	590	179	134	135	0.037037	0	0.400901	2