
0	307	24	307	25	222	230	0.00358423	0	0.0530973	1
1	699	151	698	151	222	223	0.00358423	0	0.334071	2
2	184	24	183	24	222	223	0.00358423	0	0.0530973	2
3	164	24	164	24	222	225	0	0	0.0530973	1
4	441	24	432	24	222	260	0.0322581	0	0.0530973	2
5	584	155	583	153	223	225	0.0179211	0	0.34292	2
6	355	43	353	44	223	227	0.0107527	0	0.0951327	2
7	529	162	530	160	224	225	0.0179211	0	0.358407	1
8	578	59	568	58	224	260	0.0394265	0	0.130531	2
9	429	167	434	171	224	230	0.0752688	0	0.369469	1
10	740	200	737	199	224	238	0.0143369	0	0.442478	2
11	80	282	70	281	224	260	0.0394265	0	0.623894	2
12	566	78	564	80	225	227	0.0215054	0	0.172566	2
13	356	64	355	64	225	226	0.00358423	0	0.141593	2
14	539	142	541	138	225	230	0.0645161	0	0.314159	1
15	698	150	698	151	225	226	0.00358423	0	0.331858	1
16	79	26	79	27	225	239	0.00358423	0	0.0575221	1
17	418	172	422	173	225	229	0.0179211	0	0.380531	1
18	690	139	691	140	225	227	0.00716846	0	0.307522	1
19	651	381	650	381	225	226	0.00358423	0	0.84292	2
20	414	158	415	158	225	228	0.00358423	0	0.349558	1
21	132	69	122	68	225	260	0.0394265	0	0.152655	2
22	612	172	613	168	225	228	0.0609319	0	0.380531	1
23	168	24	168	24	226	230	0	0	0.0530973	1
24	530	160	531	158	226	227	0.0179211	0	0.353982	1
25	116	24	116	24	226	227	0	0	0.0530973	1
26	583	154	582	153	226	227	0.00716846	0	0.340708	2
27	354	66	352	64	227	228	0.0215054	0	0.146018	2
28	556	180	555	177	227	228	0.0358423	0	0.39823	2
29	578	80	574	79	227	229	0.0179211	0	0.176991	2
30	651	381	646	383	227	231	0.0322581	0	0.84292	2
31	101	56	101	56	227	230	0	0	0.123894	1
32	564	82	557	83	228	231	0.0286738	0	0.181416	2
33	285	37	285	39	228	237	0.0143369	0	0.0818584	1
34	288	27	287	28	228	242	0.00716846	0	0.0597345	2
35	352	45	350	46	228	232	0.0107527	0	0.0995575	2
36	116	24	117	25	228	237	0.00716846	0	0.0530973	1
37	541	117	541	116	228	231	0.00358423	0	0.25885	1
38	545	173	544	172	228	230	0.00716846	0	0.382743	2
39	351	87	339	87	228	236	0.0430108	0	0.192478	2
40	168	74	167	74	229	230	0.00358423	0	0.163717	2
41	555	175	555	173	229	230	0.0143369	0	0.387168	1
42	356	66	354	65	229	230	0.0107527	0	0.146018	2
43	694	145	694	145	229	230	0	0	0.320796	1
44	204	238	205	238	229	231	0.00358423	0	0.526549	1
45	527	203	528	203	229	232	0.00358423	0	0.449115	1
46	296	47	294	47	229	244	0.00716846	0	0.103982	2
47	530	178	533	178	230	233	0.0107527	0	0.393805	1
48	193	24	192	24	230	232	0.00358423	0	0.0530973	2
49	262	140	259	142	230	236	0.0250896	0	0.309735	2
50	642	350	630	347	230	232	0.0752688	0	0.774336	2
51	215	185	210	187	231	234	0.0322581	0	0.409292	2
52	557	174	556	172	231	232	0.0179211	0	0.384956	2
53	353	64	350	62	231	232	0.0250896	0	0.141593	2
54	693	145	692	145	231	232	0.00358423	0	0.320796	2
55	169	29	168	28	231	232	0.00716846	0	0.0641593	2
56	690	399	686	399	231	232	0.0143369	0	0.882743	2
57	309	25	302	26	231	255	0.0286738	0	0.0553097	2
58	268	417	273	416	231	241	0.0215054	0	0.922566	1
59	546	200	546	204	231	234	0.0573477	0	0.442478	1
60	416	156	418	156	231	234	0.00716846	0	0.345133	1
61	542	157	544	157	231	232	0.00716846	0	0.347345	1
62	716	173	714	173	231	237	0.00716846	0	0.382743	2
63	554	83	549	83	232	234	0.0179211	0	0.183628	2
64	205	240	206	242	232	236	0.0179211	0	0.530973	1
65	163	70	162	70	232	234	0.00358423	0	0.154867	2
66	645	452	645	451	232	237	0.00358423	0	1	1
67	208	41	207	41	232	234	0.00358423	0	0.090708	2
68	435	173	442	172	232	234	0.0286738	0	0.382743	1
69	614	160	614	154	232	240	0.129032	0	0.353982	1
70	522	190	522	191	232	233	0.00358423	0	0.420354	1
71	558	170	560	169	233	234	0.0107527	0	0.376106	1
72	657	251	650	247	233	235	0.0824373	0	0.55531	2
73	262	388	258	388	233	235	0.0143369	0	0.858407	2
74	349	63	346	62	233	235	0.0143369	0	0.139381	2
75	624	347	620	346	233	234	0.0179211	0	0.767699	2
76	542	119	544	119	233	236	0.00716846	0	0.263274	1
77	172	43	171	43	233	236	0.00358423	0	0.0951327	2
78	624	166	624	159	233	240	0.175627	0	0.367257	1
79	172	75	171	74	233	239	0.00716846	0	0.165929	2
80	97	54	98	54	233	234	0.00358423	0	0.119469	1
81	528	202	530	201	233	234	0.0107527	0	0.446903	1
82	193	24	194	25	233	235	0.00716846	0	0.0530973	1
83	147	24	147	24	234	237	0	0	0.0530973	1
84	698	152	699	153	234	236	0.00716846	0	0.336283	1
85	560	179	561	178	234	235	0.00716846	0	0.396018	1
86	95	24	96	24	234	240	0.00358423	0	0.0530973	1
87	518	167	520	165	235	237	0.0215054	0	0.369469	1
88	562	168	564	167	235	236	0.0107527	0	0.371681	1
89	556	156	556	155	235	236	0.00358423	0	0.345133	1
90	288	373	233	365	235	248	0.426523	0	0.825221	2
91	545	205	546	205	235	236	0.00358423	0	0.45354	1
92	420	157	432	153	235	245	0.100358	0	0.347345	1
93	209	187	207	186	235	236	0.0107527	0	0.413717	2
94	264	154	262	153	235	239	0.0107527	0	0.340708	2
95	617	345	613	344	235	236	0.0179211	0	0.763274	2
96	150	42	148	41	235	241	0.0107527	0	0.0929204	2
97	302	410	280	401	235	240	0.369176	0	0.90708	2
98	544	83	539	82	236	237	0.0215054	0	0.183628	2
99	345	62	343	62	236	237	0.00716846	0	0.137168	2
100	602	326	602	325	236	237	0.00358423	0	0.721239	1
101	257	385	250	384	236	238	0.0286738	0	0.85177	2
102	167	26	167	25	236	237	0.00358423	0	0.0575221	1
103	726	179	727	183	236	244	0.0609319	0	0.396018	1
104	158	73	152	72	236	242	0.0250896	0	0.161504	2
105	612	195	611	194	236	237	0.00716846	0	0.431416	2
106	273	372	190	358	236	254	1	0	0.823009	2
107	208	43	207	42	236	239	0.00716846	0	0.0951327	2
108	438	259	437	259	236	238	0.00358423	0	0.573009	2
109	566	169	568	167	237	238	0.0215054	0	0.373894	1
110	223	42	222	41	237	242	0.00716846	0	0.0929204	2
111	553	155	551	153	237	238	0.0215054	0	0.34292	2
112	602	260	600	260	237	240	0.00716846	0	0.575221	2
113	607	345	602	342	237	238	0.0501792	0	0.763274	2
114	546	206	549	203	237	240	0.0430108	0	0.455752	1
115	543	125	544	124	237	238	0.00716846	0	0.276549	1
116	206	185	204	183	237	238	0.0215054	0	0.409292	2
117	530	187	529	186	237	238	0.00716846	0	0.413717	2
118	541	181	543	179	237	238	0.0215054	0	0.400442	1
119	106	54	106	53	237	238	0.00358423	0	0.119469	1
120	535	81	530	80	238	239	0.0215054	0	0.179204	2
121	148	24	148	24	238	239	0	0	0.0530973	1
122	341	62	330	63	238	243	0.0430108	0	0.137168	2
123	164	26	164	26	238	239	0	0	0.0575221	1
124	715	174	715	174	238	240	0	0	0.384956	1
125	284	39	280	38	238	245	0.0179211	0	0.0862832	2
126	555	165	555	164	238	239	0.00358423	0	0.365044	1
127	118	24	118	24	238	240	0	0	0.0530973	1
128	531	131	530	129	238	241	0.0179211	0	0.289823	2
129	598	157	597	156	238	239	0.00716846	0	0.347345	2
130	250	147	249	147	238	239	0.00358423	0	0.325221	2
131	193	25	193	25	238	239	0	0	0.0553097	1
132	174	29	174	29	238	239	0	0	0.0641593	1
133	647	451	647	451	238	239	0	0	0.997788	1
134	542	383	539	383	238	245	0.0107527	0	0.847345	2
135	510	158	506	157	238	246	0.0179211	0	0.349558	2
136	597	341	591	339	239	240	0.0358423	0	0.754425	2
137	604	396	597	395	239	254	0.0286738	0	0.876106	2
138	438	260	451	253	239	247	0.222222	0	0.575221	1
139	184	46	183	45	239	242	0.00716846	0	0.10177	2
140	206	224	203	217	239	242	0.18638	0	0.495575	2
141	193	200	191	198	239	240	0.0215054	0	0.442478	2
142	261	122	258	121	239	240	0.0143369	0	0.269912	2
143	205	26	204	25	239	241	0.00716846	0	0.0575221	2
144	736	191	735	192	239	242	0.00716846	0	0.422566	2
145	97	52	95	51	239	244	0.0107527	0	0.115044	2
146	272	24	271	24	239	241	0.00358423	0	0.0530973	2
147	168	75	157	74	240	253	0.0430108	0	0.165929	2
148	574	166	576	164	240	241	0.0215054	0	0.367257	1
149	548	118	547	115	240	244	0.0358423	0	0.261062	2
150	165	25	164	24	240	243	0.00716846	0	0.0553097	2
151	548	155	547	152	240	242	0.0358423	0	0.34292	2
152	622	391	621	391	240	241	0.00358423	0	0.865044	2
153	343	27	338	27	240	249	0.0179211	0	0.0597345	2
154	565	199	567	200	240	241	0.0107527	0	0.440265	1
155	602	148	600	146	240	241	0.0215054	0	0.327434	2
156	555	168	555	166	240	241	0.0143369	0	0.371681	1
157	180	71	170	68	240	260	0.0681004	0	0.15708	2
158	260	154	254	153	240	242	0.0250896	0	0.340708	2
159	539	184	540	183	240	243	0.00716846	0	0.40708	1
160	570	154	569	152	240	241	0.0179211	0	0.340708	2
161	78	28	72	26	240	253	0.0358423	0	0.0619469	2
162	388	61	379	58	240	260	0.0645161	0	0.134956	2
163	397	198	400	196	240	241	0.0250896	0	0.438053	1
164	190	72	181	69	240	260	0.0645161	0	0.159292	2
165	585	338	579	339	241	242	0.0250896	0	0.747788	2
166	620	160	618	160	241	242	0.00716846	0	0.353982	2
167	406	206	406	206	241	242	0	0	0.455752	1
168	351	59	351	58	241	242	0.00358423	0	0.130531	1
169	577	379	572	378	241	242	0.0215054	0	0.838496	2
170	193	25	192	24	241	243	0.00716846	0	0.0553097	2
171	204	178	201	176	242	244	0.0250896	0	0.393805	2
172	585	400	580	400	242	245	0.0179211	0	0.884956	2
173	602	148	599	147	242	245	0.0143369	0	0.327434	2
174	573	162	575	161	242	244	0.0107527	0	0.358407	1
175	546	142	544	144	242	243	0.0215054	0	0.314159	2
176	196	51	195	51	242	245	0.00358423	0	0.112832	2
177	716	174	717	178	242	245	0.0609319	0	0.384956	1
178	204	25	202	24	242	244	0.0107527	0	0.0553097	2
179	150	40	145	39	242	247	0.0215054	0	0.0884956	2
180	568	201	575	199	242	244	0.0394265	0	0.44469	1
181	273	416	270	414	242	243	0.0250896	0	0.920354	2
182	456	177	455	177	242	243	0.00358423	0	0.391593	2
183	323	88	298	86	242	252	0.103943	0	0.19469	2
184	713	286	704	283	242	260	0.0645161	0	0.632743	2
185	513	114	504	112	242	260	0.046595	0	0.252212	2
186	221	39	217	40	243	249	0.0179211	0	0.0862832	2
187	156	75	149	75	243	252	0.0250896	0	0.165929	2
188	617	160	614	156	243	250	0.0681004	0	0.353982	2
189	568	234	566	233	243	244	0.0107527	0	0.517699	2
190	97	24	94	24	243	247	0.0107527	0	0.0530973	2
191	251	152	248	151	243	244	0.0143369	0	0.336283	2
192	283	27	278	27	243	246	0.0179211	0	0.0597345	2
193	531	131	529	130	243	244	0.0107527	0	0.289823	2
194	741	199	738	205	243	248	0.139785	0	0.440265	2
195	184	47	180	48	243	249	0.0179211	0	0.103982	2
196	554	153	552	151	243	245	0.0215054	0	0.338496	2
197	350	61	348	61	243	245	0.00716846	0	0.134956	2
198	128	40	122	40	243	254	0.0215054	0	0.0884956	2
199	203	216	200	214	243	244	0.0250896	0	0.477876	2
200	206	44	200	44	243	252	0.0215054	0	0.0973451	2
201	529	83	524	83	243	244	0.0179211	0	0.183628	2
202	164	28	162	28	244	247	0.00716846	0	0.0619469	2
203	328	62	318	61	244	248	0.0394265	0	0.137168	2
204	117	24	116	24	244	246	0.00358423	0	0.0530973	2
205	549	173	549	171	244	249	0.0143369	0	0.382743	1
206	271	48	268	47	244	247	0.0143369	0	0.106195	2
207	405	206	406	201	244	248	0.09319	0	0.455752	1
208	548	132	551	129	244	249	0.0430108	0	0.292035	1
209	517	97	518	100	244	245	0.0358423	0	0.214602	1
210	562	252	558	252	244	245	0.0143369	0	0.557522	2
211	190	26	188	26	244	247	0.00716846	0	0.0575221	2
212	698	156	697	156	244	245	0.00358423	0	0.345133	2
213	422	193	426	191	244	245	0.0286738	0	0.426991	1
214	573	129	579	129	244	250	0.0215054	0	0.285398	1
215	201	178	198	178	245	247	0.0107527	0	0.393805	2
216	572	246	569	241	245	247	0.100358	0	0.544248	2
217	549	115	549	113	245	246	0.0143369	0	0.254425	1
218	567	204	573	203	245	248	0.0250896	0	0.451327	1
219	577	379	566	378	245	247	0.0430108	0	0.838496	2
220	597	385	596	384	245	246	0.00716846	0	0.85177	2
221	204	25	202	24	245	247	0.0107527	0	0.0553097	2
222	555	162	554	161	245	246	0.00716846	0	0.358407	2
223	565	153	566	152	245	246	0.00716846	0	0.338496	1
224	290	49	283	47	245	253	0.0394265	0	0.108407	2
225	581	199	605	193	245	253	0.215054	0	0.440265	1
226	576	162	578	161	245	246	0.0107527	0	0.358407	1
227	579	400	578	400	246	247	0.00358423	0	0.884956	2
228	434	152	446	153	246	254	0.046595	0	0.336283	1
229	282	38	278	37	246	252	0.0179211	0	0.0840708	2
230	194	51	193	51	246	249	0.00358423	0	0.112832	2
231	551	150	550	149	246	247	0.00716846	0	0.331858	2
232	114	56	114	57	246	248	0.00358423	0	0.123894	1
233	341	57	338	58	246	249	0.0143369	0	0.126106	2
234	597	148	587	147	246	249	0.0394265	0	0.327434	2
235	718	180	716	182	246	249	0.0215054	0	0.39823	2
236	96	51	93	51	246	251	0.0107527	0	0.112832	2
237	520	82	516	82	246	254	0.0143369	0	0.181416	2
238	465	169	466	170	246	247	0.00716846	0	0.373894	1
239	145	24	143	24	246	249	0.00716846	0	0.0530973	2
240	495	81	491	81	247	248	0.0143369	0	0.179204	2
241	590	163	593	163	247	248	0.0107527	0	0.360619	1
242	596	384	591	382	247	260	0.0322581	0	0.849558	2
243	530	188	532	188	247	248	0.00716846	0	0.415929	1
244	567	152	568	153	247	248	0.00716846	0	0.336283	1
245	278	27	276	27	247	249	0.00716846	0	0.0597345	2
246	378	26	372	24	247	260	0.0358423	0	0.0575221	2
247	214	54	209	51	247	260	0.0501792	0	0.119469	2
248	197	184	193	185	248	250	0.0179211	0	0.40708	2
249	163	29	160	28	248	250	0.0143369	0	0.0641593	2
250	188	27	185	25	248	251	0.0250896	0	0.0597345	2
251	552	113	555	111	248	251	0.0250896	0	0.25	1
252	552	157	551	156	248	249	0.00716846	0	0.347345	2
253	255	37	252	35	248	251	0.0250896	0	0.0818584	2
254	564	115	564	114	248	250	0.00358423	0	0.254425	1
255	269	50	266	49	248	254	0.0143369	0	0.110619	2
256	235	140	231	138	248	249	0.0286738	0	0.309735	2
257	549	146	548	145	248	249	0.00716846	0	0.323009	2
258	315	62	305	60	249	253	0.0501792	0	0.137168	2
259	546	189	545	188	249	250	0.00716846	0	0.418142	2
260	538	269	525	265	249	256	0.103943	0	0.595133	2
261	226	366	165	354	249	260	0.734767	0	0.809735	2
262	584	395	579	392	249	260	0.0501792	0	0.873894	2
263	533	190	532	191	249	250	0.00716846	0	0.420354	2
264	113	58	113	57	249	252	0.00358423	0	0.128319	1
265	564	162	564	161	249	251	0.00358423	0	0.358407	1
266	218	41	214	38	250	260	0.046595	0	0.090708	2
267	551	154	551	153	250	251	0.00358423	0	0.340708	1
268	722	188	722	189	250	251	0.00358423	0	0.415929	1
269	258	24	257	24	250	251	0.00358423	0	0.0530973	2
270	550	171	550	170	250	251	0.00358423	0	0.378319	1
271	209	26	208	26	250	254	0.00358423	0	0.0575221	2
272	460	249	471	251	250	256	0.0537634	0	0.550885	1
273	549	143	549	142	250	251	0.00358423	0	0.316372	1
274	93	24	93	24	250	252	0	0	0.0530973	1
275	419	192	422	191	250	251	0.0143369	0	0.424779	1
276	496	78	496	78	250	251	0	0	0.172566	1
277	341	58	340	57	250	253	0.00716846	0	0.128319	2
278	187	47	186	47	250	254	0.00358423	0	0.103982	2
279	456	267	457	267	250	254	0.00358423	0	0.590708	1
280	337	26	336	25	250	254	0.00716846	0	0.0575221	2
281	222	416	218	409	250	254	0.189964	0	0.920354	2
282	227	139	224	139	250	251	0.0107527	0	0.307522	2
283	187	175	161	166	250	260	0.383513	0	0.387168	2
284	369	55	367	55	250	252	0.00716846	0	0.121681	2
285	232	116	230	116	250	251	0.00716846	0	0.256637	2
286	535	394	531	392	250	260	0.0286738	0	0.871681	2
287	161	29	160	28	251	253	0.00716846	0	0.0641593	2
288	534	194	534	193	251	257	0.00358423	0	0.429204	1
289	477	81	471	80	251	252	0.0250896	0	0.179204	2
290	233	384	229	382	251	260	0.0286738	0	0.849558	2
291	614	156	610	153	251	253	0.046595	0	0.345133	2
292	456	214	475	212	251	260	0.0824373	0	0.473451	1
293	142	24	141	24	251	252	0.00358423	0	0.0530973	2
294	114	24	114	24	251	252	0	0	0.0530973	1
295	191	209	190	209	251	252	0.00358423	0	0.462389	2
296	691	153	695	159	251	260	0.143369	0	0.338496	1
297	599	162	600	161	252	253	0.00716846	0	0.358407	1
298	249	35	248	34	252	254	0.00716846	0	0.0774336	2
299	551	141	550	140	252	253	0.00716846	0	0.311947	2
300	496	78	493	76	252	260	0.0250896	0	0.172566	2
301	555	111	559	109	252	256	0.0286738	0	0.245575	1
302	307	41	303	38	252	260	0.046595	0	0.090708	2
303	552	152	551	150	252	253	0.0179211	0	0.336283	2
304	93	51	90	48	252	260	0.0430108	0	0.112832	2
305	257	25	255	24	252	254	0.0107527	0	0.0553097	2
306	186	26	184	25	252	256	0.0107527	0	0.0575221	2
307	570	157	571	155	252	254	0.0179211	0	0.347345	1
308	188	228	187	227	252	253	0.00716846	0	0.504425	2
309	227	150	222	150	252	254	0.0179211	0	0.331858	2
310	162	54	158	51	252	260	0.046595	0	0.119469	2
311	722	190	720	190	252	254	0.00716846	0	0.420354	2
312	142	24	140	24	253	256	0.00716846	0	0.0530973	2
313	147	75	145	74	253	257	0.0107527	0	0.165929	2
314	93	24	92	24	253	256	0.00358423	0	0.0530973	2
315	558	175	559	176	253	254	0.00716846	0	0.387168	1
316	581	146	581	145	253	254	0.00358423	0	0.323009	1
317	573	190	575	190	253	257	0.00716846	0	0.420354	1
318	318	27	315	25	253	260	0.0250896	0	0.0597345	2
319	201	42	198	40	253	260	0.0250896	0	0.0929204	2
320	155	43	151	41	253	260	0.0286738	0	0.0951327	2
321	419	195	418	196	253	260	0.00716846	0	0.431416	2
322	175	39	172	37	253	260	0.0250896	0	0.0862832	2
323	448	203	446	201	253	257	0.0215054	0	0.449115	2
324	366	55	361	53	253	260	0.0322581	0	0.121681	2
325	157	75	153	73	254	259	0.0286738	0	0.165929	2
326	157	24	155	24	254	256	0.00716846	0	0.0530973	2
327	609	154	606	155	254	255	0.0143369	0	0.340708	2
328	304	60	301	61	254	255	0.0143369	0	0.132743	2
329	168	25	167	25	254	256	0.00358423	0	0.0553097	2
330	72	25	71	24	254	256	0.00716846	0	0.0553097	2
331	282	48	279	47	254	257	0.0143369	0	0.106195	2
332	281	31	279	31	254	256	0.00716846	0	0.0685841	2
333	340	58	336	57	254	259	0.0179211	0	0.128319	2
334	546	144	545	142	254	257	0.0179211	0	0.318584	2
335	559	144	559	143	254	255	0.00358423	0	0.318584	1
336	172	414	169	408	255	259	0.139785	0	0.915929	2
337	559	177	558	175	255	256	0.0179211	0	0.391593	2
338	210	27	209	25	255	258	0.0179211	0	0.0597345	2
339	597	396	595	393	255	260	0.0394265	0	0.876106	2
340	291	56	289	55	255	256	0.0107527	0	0.123894	2
341	612	195	614	195	255	256	0.00716846	0	0.431416	1
342	445	154	443	148	255	260	0.136201	0	0.340708	2
343	255	25	253	24	255	256	0.0107527	0	0.0553097	2
344	582	144	583	141	255	257	0.0358423	0	0.318584	1
345	442	177	442	171	255	260	0.129032	0	0.391593	1
346	564	120	567	118	255	259	0.0250896	0	0.265487	1
347	247	35	245	33	255	257	0.0215054	0	0.0774336	2
348	509	76	507	73	255	260	0.0394265	0	0.168142	2
349	605	47	603	44	255	260	0.0394265	0	0.103982	2
350	606	165	608	164	255	256	0.0107527	0	0.365044	1
351	115	55	115	52	255	260	0.0322581	0	0.121681	1
352	187	40	184	37	255	260	0.0430108	0	0.0884956	2
353	577	385	574	382	255	260	0.0430108	0	0.85177	2
354	304	63	301	63	256	257	0.0107527	0	0.139381	2
355	459	266	461	264	256	257	0.0215054	0	0.588496	1
356	300	28	298	25	256	260	0.0394265	0	0.0619469	2
357	601	150	588	144	256	260	0.175627	0	0.331858	2
358	448	193	449	187	256	260	0.132616	0	0.426991	1
359	559	175	558	173	257	258	0.0179211	0	0.387168	2
360	617	195	624	193	257	260	0.0394265	0	0.431416	1
361	161	28	159	26	257	260	0.0215054	0	0.0619469	2
362	287	62	284	61	257	258	0.0143369	0	0.137168	2
363	473	251	480	251	257	260	0.0250896	0	0.55531	1
364	522	267	522	264	257	260	0.0322581	0	0.590708	1
365	216	150	212	149	257	258	0.0179211	0	0.331858	2
366	445	77	441	77	257	258	0.0143369	0	0.170354	2
367	610	162	613	159	257	259	0.0430108	0	0.358407	1
368	257	47	255	45	257	260	0.0215054	0	0.103982	2
369	562	108	564	107	257	260	0.0107527	0	0.238938	1
370	298	64	292	62	258	260	0.0358423	0	0.141593	2
371	546	145	547	144	258	260	0.00716846	0	0.320796	1
372	143	73	142	72	258	260	0.00716846	0	0.161504	2
373	279	47	277	45	258	260	0.0215054	0	0.103982	2
374	570	132	568	130	258	259	0.0215054	0	0.292035	2
375	556	143	556	143	258	259	0	0	0.316372	1
376	445	201	445	197	258	260	0.0573477	0	0.44469	1
377	573	152	573	152	258	259	0	0	0.336283	1
378	141	38	140	37	258	260	0.00716846	0	0.0840708	2
379	41	56	40	55	258	260	0.00716846	0	0.123894	2
380	305	75	304	74	259	260	0.00716846	0	0.165929	2
381	130	37	129	36	259	260	0.00716846	0	0.0818584	2
382	172	26	171	25	259	260	0.00716846	0	0.0575221	2
383	282	61	279	60	259	260	0.0143369	0	0.134956	2
384	208	28	207	27	259	260	0.00716846	0	0.0619469	2
385	568	141	567	140	259	260	0.00716846	0	0.311947	2