
0	489	381	487	381	12	13	0.0215054	0	0.879908	2
1	678	92	676	92	12	13	0.0215054	0	0.212471	2
2	802	256	801	255	12	14	0.0215054	0	0.591224	2
3	719	41	717	38	12	17	0.11828	0	0.0946882	2
4	799	222	798	222	12	14	0.0107527	0	0.512702	2
5	29	428	84	422	12	45	0.978495	0	0.988453	1
6	475	358	460	361	13	19	0.258065	0	0.82679	2
7	600	193	599	192	13	14	0.0215054	0	0.445727	2
8	688	90	687	88	13	15	0.0537634	0	0.207852	2
9	546	238	546	237	13	14	0.0107527	0	0.549654	1
10	510	215	510	213	13	14	0.0430108	0	0.496536	1
11	489	382	491	382	14	15	0.0215054	0	0.882217	1
12	527	189	527	187	14	15	0.0430108	0	0.43649	1
13	689	110	686	109	14	15	0.0430108	0	0.254042	2
14	529	206	528	205	14	15	0.0215054	0	0.475751	2
15	589	249	587	247	14	17	0.0645161	0	0.575058	2
16	799	242	797	241	14	16	0.0322581	0	0.558891	2
17	496	230	497	229	15	16	0.0215054	0	0.531178	1
18	602	193	601	192	15	16	0.0215054	0	0.445727	2
19	497	256	496	255	15	16	0.0215054	0	0.591224	2
20	779	54	778	53	15	20	0.0215054	0	0.124711	2
21	476	335	458	331	15	20	0.365591	0	0.773672	2
22	735	250	745	251	15	20	0.11828	0	0.577367	1
23	462	370	458	369	15	16	0.0537634	0	0.854503	2
24	808	221	804	223	15	19	0.0860215	0	0.510393	2
25	801	254	800	253	15	16	0.0215054	0	0.586605	2
26	585	196	585	193	15	16	0.0967742	0	0.452656	1
27	607	283	606	282	15	16	0.0215054	0	0.65358	2
28	466	333	464	333	15	16	0.0215054	0	0.769053	2
29	598	248	597	247	15	19	0.0215054	0	0.572748	2
30	596	218	595	217	15	16	0.0215054	0	0.503464	2
31	239	159	239	154	15	21	0.268817	0	0.367206	1
32	798	224	797	225	15	17	0.0215054	0	0.517321	2
33	483	271	481	269	15	18	0.0645161	0	0.625866	2
34	530	202	532	199	16	18	0.11828	0	0.466513	1
35	568	229	568	227	16	17	0.0430108	0	0.528868	1
36	497	239	497	237	16	17	0.0430108	0	0.551963	1
37	537	180	538	177	16	18	0.107527	0	0.415704	1
38	551	182	552	181	16	17	0.0215054	0	0.420323	1
39	454	330	451	329	16	17	0.0430108	0	0.762125	2
40	459	371	457	373	17	20	0.0645161	0	0.856813	2
41	592	233	592	232	17	18	0.0107527	0	0.538106	1
42	565	199	565	197	17	18	0.0430108	0	0.459584	1
43	601	191	600	189	17	18	0.0537634	0	0.441109	2
44	491	381	487	379	17	18	0.0860215	0	0.879908	2
45	613	193	612	193	17	18	0.0107527	0	0.445727	2
46	796	243	795	243	17	19	0.0107527	0	0.561201	2
47	672	94	665	92	17	19	0.11828	0	0.21709	2
48	585	202	585	201	17	18	0.0107527	0	0.466513	1
49	795	211	792	211	17	21	0.0322581	0	0.487298	2
50	165	282	162	279	17	27	0.129032	0	0.65127	2
51	508	249	509	247	17	18	0.0537634	0	0.575058	1
52	406	196	404	195	17	21	0.0322581	0	0.452656	2
53	552	181	552	180	18	19	0.0107527	0	0.418014	1
54	568	230	568	228	18	19	0.0430108	0	0.531178	1
55	784	206	767	207	18	28	0.193548	0	0.475751	2
56	499	237	500	235	18	19	0.0537634	0	0.547344	1
57	449	328	436	325	18	21	0.236559	0	0.757506	2
58	560	207	560	206	18	19	0.0107527	0	0.47806	1
59	696	184	692	185	18	22	0.0537634	0	0.424942	2
60	579	190	578	189	18	19	0.0215054	0	0.438799	2
61	495	87	492	86	18	19	0.0430108	0	0.200924	2
62	395	197	396	193	18	21	0.182796	0	0.454965	1
63	30	433	60	431	18	36	0.365591	0	1	1
64	593	232	592	232	19	20	0.0107527	0	0.535797	2
65	611	194	610	193	19	21	0.0215054	0	0.448037	2
66	566	196	566	195	19	20	0.0107527	0	0.452656	1
67	724	198	728	196	19	22	0.0860215	0	0.457275	1
68	458	175	461	171	19	24	0.204301	0	0.404157	1
69	579	217	578	212	19	21	0.27957	0	0.501155	2
70	569	238	568	237	19	20	0.0215054	0	0.549654	2
71	510	233	511	230	19	20	0.107527	0	0.538106	1
72	604	225	601	221	19	21	0.204301	0	0.51963	2
73	446	339	432	335	19	23	0.322581	0	0.78291	2
74	687	88	680	87	19	50	0.0860215	0	0.203233	2
75	395	215	396	209	19	22	0.397849	0	0.496536	1
76	545	232	545	231	19	20	0.0107527	0	0.535797	1
77	570	225	570	223	20	21	0.0430108	0	0.51963	1
78	583	187	582	185	20	22	0.0537634	0	0.431871	2
79	669	170	668	167	20	23	0.107527	0	0.39261	2
80	364	234	363	233	20	21	0.0215054	0	0.540416	2
81	524	207	526	205	20	21	0.0645161	0	0.47806	1
82	556	209	555	208	20	21	0.0215054	0	0.482679	2
83	361	266	367	265	20	27	0.0752688	0	0.614319	1
84	602	269	596	270	20	24	0.0752688	0	0.621247	2
85	541	192	542	190	20	21	0.0537634	0	0.443418	1
86	476	380	467	379	20	21	0.107527	0	0.877598	2
87	597	249	596	249	20	21	0.0107527	0	0.575058	2
88	364	86	357	85	20	50	0.0860215	0	0.198614	2
89	362	286	362	284	20	22	0.0430108	0	0.660508	1
90	530	244	530	243	20	21	0.0107527	0	0.56351	1
91	353	89	347	88	20	50	0.0752688	0	0.205543	2
92	663	91	653	89	20	23	0.150538	0	0.210162	2
93	592	234	586	232	21	24	0.107527	0	0.540416	2
94	746	250	745	250	21	26	0.0107527	0	0.577367	2
95	567	195	566	193	21	22	0.0537634	0	0.450346	2
96	616	269	613	268	21	23	0.0430108	0	0.621247	2
97	102	353	97	352	21	27	0.0645161	0	0.815242	2
98	573	233	572	231	21	22	0.0537634	0	0.538106	2
99	512	228	513	225	21	22	0.107527	0	0.526559	1
100	605	286	602	286	21	32	0.0322581	0	0.660508	2
101	487	85	484	84	21	22	0.0430108	0	0.196305	2
102	324	373	321	372	21	40	0.0430108	0	0.861432	2
103	572	221	572	218	22	23	0.0967742	0	0.510393	1
104	528	205	532	202	22	24	0.139785	0	0.473441	1
105	578	210	577	208	22	23	0.0537634	0	0.484988	2
106	783	217	768	217	22	28	0.16129	0	0.501155	2
107	601	256	599	256	22	23	0.0215054	0	0.591224	2
108	518	208	519	207	22	23	0.0215054	0	0.48037	1
109	611	199	611	197	22	25	0.0430108	0	0.459584	1
110	677	198	674	197	22	23	0.0430108	0	0.457275	2
111	363	234	361	235	22	25	0.0322581	0	0.540416	2
112	406	195	406	194	22	23	0.0107527	0	0.450346	1
113	435	324	419	322	22	25	0.215054	0	0.748268	2
114	794	247	792	247	22	24	0.0215054	0	0.570439	2
115	495	86	491	83	22	29	0.139785	0	0.198614	2
116	598	219	596	215	22	25	0.193548	0	0.505774	2
117	688	203	688	203	22	23	0	0	0.468822	1
118	678	169	669	164	22	28	0.365591	0	0.3903	2
119	439	178	447	177	22	29	0.0967742	0	0.411085	1
120	240	152	243	154	22	36	0.0752688	0	0.351039	1
121	536	183	538	182	22	23	0.0322581	0	0.422633	1
122	538	201	542	198	22	24	0.139785	0	0.464203	1
123	289	381	285	381	22	46	0.0430108	0	0.879908	2
124	568	193	567	192	23	24	0.0215054	0	0.445727	2
125	396	207	397	199	23	27	0.698925	0	0.47806	1
126	587	181	584	178	23	26	0.129032	0	0.418014	2
127	731	195	744	189	23	30	0.526882	0	0.450346	1
128	580	246	580	244	23	24	0.0430108	0	0.568129	1
129	693	193	686	191	23	27	0.11828	0	0.445727	2
130	584	191	583	189	23	24	0.0537634	0	0.441109	2
131	651	35	644	35	23	50	0.0752688	0	0.0808314	2
132	577	216	577	214	24	25	0.0430108	0	0.498845	1
133	578	206	577	205	24	25	0.0215054	0	0.475751	2
134	570	228	570	227	24	25	0.0107527	0	0.526559	1
135	665	167	664	166	24	25	0.0215054	0	0.385681	2
136	94	323	92	322	24	25	0.0322581	0	0.745958	2
137	567	178	569	177	24	25	0.0322581	0	0.411085	1
138	522	228	522	226	24	25	0.0430108	0	0.526559	1
139	483	59	480	60	24	27	0.0430108	0	0.136259	2
140	482	84	480	84	24	31	0.0215054	0	0.193995	2
141	399	187	400	181	24	29	0.397849	0	0.431871	1
142	612	268	609	268	24	25	0.0322581	0	0.618938	2
143	804	49	796	50	24	50	0.0967742	0	0.113164	2
144	610	187	610	185	24	25	0.0430108	0	0.431871	1
145	776	78	775	78	24	26	0.0107527	0	0.180139	2
146	827	123	822	124	24	50	0.0645161	0	0.284065	2
147	566	191	565	190	25	26	0.0215054	0	0.441109	2
148	596	273	595	273	25	27	0.0107527	0	0.630485	2
149	461	169	466	166	25	29	0.150538	0	0.3903	1
150	536	203	546	203	25	28	0.107527	0	0.468822	1
151	792	248	789	250	25	28	0.0752688	0	0.572748	2
152	455	179	457	178	25	27	0.0322581	0	0.413395	1
153	667	193	665	192	25	26	0.0322581	0	0.445727	2
154	506	226	507	226	25	26	0.0107527	0	0.52194	1
155	433	352	421	350	25	27	0.172043	0	0.812933	2
156	579	214	579	213	26	27	0.0107527	0	0.494226	1
157	577	204	577	203	26	27	0.0107527	0	0.471132	1
158	598	216	597	216	26	27	0.0107527	0	0.498845	2
159	93	323	83	321	26	30	0.150538	0	0.745958	2
160	582	231	579	231	26	27	0.0322581	0	0.533487	2
161	601	178	602	177	26	28	0.0215054	0	0.411085	1
162	361	236	360	239	26	28	0.107527	0	0.545035	2
163	775	245	764	244	26	29	0.129032	0	0.56582	2
164	525	225	532	224	26	28	0.0860215	0	0.51963	1
165	608	205	607	205	26	28	0.0107527	0	0.473441	2
166	455	368	436	369	26	28	0.215054	0	0.849885	2
167	416	363	409	367	26	28	0.247312	0	0.838337	2
168	427	327	421	326	26	27	0.0752688	0	0.755196	2
169	601	245	600	247	26	27	0.0537634	0	0.56582	2
170	583	178	583	177	27	28	0.0107527	0	0.411085	1
171	407	193	410	194	27	32	0.0430108	0	0.445727	1
172	628	206	628	205	27	29	0.0107527	0	0.475751	1
173	503	220	498	221	27	50	0.0645161	0	0.508083	2
174	736	202	744	200	27	31	0.129032	0	0.466513	1
175	552	199	561	199	27	29	0.0967742	0	0.459584	1
176	368	225	361	230	27	42	0.344086	0	0.51963	2
177	581	212	581	211	28	29	0.0107527	0	0.489607	1
178	597	217	596	217	28	29	0.0107527	0	0.501155	2
179	597	273	597	272	28	29	0.0107527	0	0.630485	1
180	526	239	529	238	28	29	0.0430108	0	0.551963	1
181	94	352	88	350	28	30	0.107527	0	0.812933	2
182	667	193	665	192	28	29	0.0322581	0	0.445727	2
183	368	267	368	268	28	29	0.0107527	0	0.616628	1
184	572	234	568	233	28	29	0.0537634	0	0.540416	2
185	684	187	653	183	28	41	0.505376	0	0.431871	2
186	577	223	577	222	28	29	0.0107527	0	0.515012	1
187	588	198	587	198	28	29	0.0107527	0	0.457275	2
188	573	179	574	179	28	29	0.0107527	0	0.413395	1
189	577	202	577	201	28	29	0.0107527	0	0.466513	1
190	420	117	415	120	28	35	0.150538	0	0.270208	2
191	97	363	91	361	28	30	0.107527	0	0.838337	2
192	163	280	162	280	28	29	0.0107527	0	0.646651	2
193	606	195	604	194	28	29	0.0322581	0	0.450346	2
194	490	266	491	265	28	29	0.0215054	0	0.614319	1
195	400	203	402	203	28	32	0.0215054	0	0.468822	1
196	410	371	408	372	29	30	0.0322581	0	0.856813	2
197	611	205	611	203	29	30	0.0430108	0	0.473441	1
198	604	174	603	173	29	32	0.0215054	0	0.401848	2
199	362	236	361	235	29	31	0.0215054	0	0.545035	2
200	593	180	594	180	29	30	0.0107527	0	0.415704	1
201	790	248	788	247	29	30	0.0322581	0	0.572748	2
202	765	218	761	217	29	30	0.0537634	0	0.503464	2
203	765	206	761	205	29	30	0.0537634	0	0.475751	2
204	459	178	460	178	29	30	0.0107527	0	0.411085	1
205	390	195	393	195	29	33	0.0322581	0	0.450346	1
206	555	225	558	224	29	30	0.0430108	0	0.51963	1
207	534	239	539	239	30	32	0.0537634	0	0.551963	1
208	663	193	659	192	30	31	0.0537634	0	0.445727	2
209	531	268	530	269	30	33	0.0215054	0	0.618938	2
210	467	165	477	161	30	36	0.27957	0	0.381062	1
211	658	161	654	161	30	32	0.0430108	0	0.371824	2
212	587	236	588	236	30	33	0.0107527	0	0.545035	1
213	761	247	757	248	30	31	0.0537634	0	0.570439	2
214	370	269	370	269	30	31	0	0	0.621247	1
215	554	200	563	200	30	32	0.0967742	0	0.461894	1
216	598	218	598	217	30	33	0.0107527	0	0.503464	1
217	584	179	585	178	30	31	0.0215054	0	0.413395	1
218	577	223	577	223	30	31	0	0	0.515012	1
219	554	245	554	244	30	31	0.0107527	0	0.56582	1
220	366	279	366	279	30	33	0	0	0.644342	1
221	573	266	567	265	30	31	0.0752688	0	0.614319	2
222	522	224	525	225	30	31	0.0430108	0	0.517321	1
223	297	221	301	222	30	39	0.0537634	0	0.510393	1
224	495	267	505	264	30	32	0.204301	0	0.616628	1
225	410	374	406	371	31	33	0.139785	0	0.863741	2
226	86	348	83	346	31	32	0.0752688	0	0.803695	2
227	580	211	580	211	31	32	0	0	0.487298	1
228	611	202	611	201	31	32	0.0107527	0	0.466513	1
229	747	189	778	193	31	43	0.505376	0	0.43649	1
230	759	216	755	215	31	32	0.0537634	0	0.498845	2
231	78	329	67	326	31	35	0.215054	0	0.759815	2
232	593	249	593	248	31	32	0.0107527	0	0.575058	1
233	597	270	586	269	31	33	0.129032	0	0.623557	2
234	79	319	59	315	31	38	0.387097	0	0.736721	2
235	513	254	526	253	31	33	0.150538	0	0.586605	1
236	162	276	161	275	31	33	0.0215054	0	0.637413	2
237	235	193	235	193	31	40	0	0	0.445727	1
238	755	249	751	250	32	34	0.0537634	0	0.575058	2
239	530	226	532	226	32	33	0.0215054	0	0.52194	1
240	361	235	355	237	32	41	0.107527	0	0.542725	2
241	562	180	559	180	32	34	0.0322581	0	0.415704	2
242	657	192	652	191	32	33	0.0645161	0	0.443418	2
243	565	267	560	270	32	34	0.150538	0	0.616628	2
244	570	190	570	189	32	33	0.0107527	0	0.438799	1
245	569	256	565	256	32	33	0.0430108	0	0.591224	2
246	637	118	634	117	32	33	0.0430108	0	0.272517	2
247	483	84	483	84	32	34	0	0	0.193995	1
248	392	325	378	322	32	34	0.247312	0	0.750577	2
249	578	212	578	212	33	34	0	0	0.489607	1
250	652	162	629	155	33	42	0.774194	0	0.374134	2
251	456	179	469	178	33	39	0.150538	0	0.413395	1
252	585	251	585	250	33	34	0.0107527	0	0.579677	1
253	551	232	547	231	33	34	0.0537634	0	0.535797	2
254	593	194	593	192	33	34	0.0430108	0	0.448037	1
255	373	359	359	363	33	36	0.322581	0	0.829099	2
256	83	334	81	334	34	35	0.0215054	0	0.771363	2
257	583	226	584	225	34	35	0.0215054	0	0.52194	1
258	532	243	535	243	34	35	0.0322581	0	0.561201	1
259	532	227	532	226	34	35	0.0107527	0	0.524249	1
260	608	254	620	256	34	39	0.172043	0	0.586605	1
261	652	189	648	188	34	35	0.0537634	0	0.43649	2
262	572	202	571	200	34	35	0.0537634	0	0.466513	2
263	769	250	761	248	34	35	0.129032	0	0.577367	2
264	365	280	364	280	34	35	0.0107527	0	0.646651	2
265	525	268	525	267	34	36	0.0107527	0	0.618938	1
266	749	216	737	214	34	38	0.172043	0	0.498845	2
267	447	197	447	196	34	36	0.0107527	0	0.454965	1
268	377	350	371	350	34	35	0.0645161	0	0.808314	2
269	425	114	423	114	34	35	0.0215054	0	0.263279	2
270	690	200	685	200	34	50	0.0537634	0	0.461894	2
271	761	199	768	199	34	37	0.0752688	0	0.459584	1
272	583	211	584	210	35	36	0.0215054	0	0.487298	1
273	749	249	736	245	35	38	0.311828	0	0.575058	2
274	588	251	593	250	35	39	0.0645161	0	0.579677	1
275	599	246	610	243	35	42	0.215054	0	0.568129	1
276	559	180	561	180	35	37	0.0215054	0	0.415704	1
277	544	231	539	231	35	36	0.0537634	0	0.533487	2
278	570	285	569	285	35	36	0.0107527	0	0.658199	2
279	747	203	744	202	35	36	0.0430108	0	0.468822	2
280	614	195	614	195	35	36	0	0	0.450346	1
281	401	203	400	207	35	37	0.182796	0	0.468822	2
282	406	185	406	190	35	38	0.268817	0	0.427252	1
283	461	192	473	191	35	40	0.139785	0	0.443418	1
284	800	39	794	39	35	50	0.0645161	0	0.0900693	2
285	782	240	785	239	35	36	0.0430108	0	0.554273	1
286	481	84	478	84	35	37	0.0322581	0	0.193995	2
287	599	176	599	175	36	37	0.0107527	0	0.406467	1
288	573	189	573	188	36	37	0.0107527	0	0.43649	1
289	586	222	588	221	36	37	0.0322581	0	0.512702	1
290	648	192	645	193	36	37	0.0430108	0	0.443418	2
291	609	173	611	172	36	37	0.0322581	0	0.399538	1
292	589	175	589	174	36	38	0.0107527	0	0.404157	1
293	619	175	620	174	36	37	0.0215054	0	0.404157	1
294	774	239	777	239	36	37	0.0322581	0	0.551963	1
295	556	221	560	220	36	37	0.0537634	0	0.510393	1
296	241	183	240	180	36	44	0.107527	0	0.422633	2
297	596	90	591	90	36	37	0.0537634	0	0.207852	2
298	62	431	65	430	37	39	0.0430108	0	0.995381	1
299	631	208	632	206	37	39	0.0537634	0	0.48037	1
300	592	199	593	198	37	38	0.0215054	0	0.459584	1
301	741	203	712	211	37	47	1	0	0.468822	2
302	480	162	486	163	37	40	0.0752688	0	0.374134	1
303	791	242	793	243	37	38	0.0322581	0	0.558891	1
304	449	195	451	194	37	38	0.0322581	0	0.450346	1
305	311	216	312	215	37	39	0.0215054	0	0.498845	1
306	595	189	597	188	37	38	0.0322581	0	0.43649	1
307	67	349	64	349	37	38	0.0322581	0	0.806005	2
308	339	319	332	319	37	38	0.0752688	0	0.736721	2
309	768	228	781	230	37	43	0.182796	0	0.526559	1
310	243	155	243	152	37	43	0.0967742	0	0.357968	1
311	485	46	484	46	37	41	0.0107527	0	0.106236	2
312	601	175	601	175	38	39	0	0	0.404157	1
313	574	188	574	187	38	39	0.0107527	0	0.43418	1
314	592	222	595	220	38	39	0.0752688	0	0.512702	1
315	649	193	645	192	38	39	0.0537634	0	0.445727	2
316	570	203	570	203	38	39	0	0	0.468822	1
317	612	167	613	165	38	39	0.0537634	0	0.385681	1
318	564	181	564	181	38	39	0	0	0.418014	1
319	547	236	549	236	38	39	0.0215054	0	0.545035	1
320	576	244	575	244	38	39	0.0107527	0	0.56351	2
321	592	209	595	207	38	39	0.0752688	0	0.482679	1
322	764	199	783	204	38	50	0.473118	0	0.459584	1
323	660	194	648	191	38	41	0.225806	0	0.448037	2
324	493	200	493	199	38	44	0.0107527	0	0.461894	1
325	781	238	784	237	38	39	0.0430108	0	0.549654	1
326	603	202	603	201	38	39	0.0107527	0	0.466513	1
327	556	274	552	272	38	39	0.0860215	0	0.632794	2
328	616	201	616	201	38	39	0	0	0.464203	1
329	795	245	795	246	39	45	0.0107527	0	0.56582	1
330	593	197	593	195	39	40	0.0430108	0	0.454965	1
331	599	236	601	235	39	40	0.0322581	0	0.545035	1
332	357	368	354	368	39	40	0.0322581	0	0.849885	2
333	57	318	41	315	39	43	0.268817	0	0.734411	2
334	623	171	624	169	39	40	0.0537634	0	0.394919	1
335	731	244	710	249	39	45	0.494624	0	0.56351	2
336	591	176	592	176	39	41	0.0107527	0	0.406467	1
337	526	269	513	273	39	42	0.311828	0	0.621247	2
338	647	211	645	211	39	44	0.0215054	0	0.487298	2
339	491	186	493	185	39	41	0.0322581	0	0.429561	1
340	574	187	574	186	40	41	0.0107527	0	0.431871	1
341	602	176	602	176	40	41	0	0	0.406467	1
342	555	243	558	242	40	41	0.0430108	0	0.561201	1
343	632	206	633	204	40	41	0.0537634	0	0.475751	1
344	621	255	642	251	40	50	0.397849	0	0.588915	1
345	313	228	313	227	40	41	0.0107527	0	0.526559	1
346	302	223	304	223	40	43	0.0215054	0	0.515012	1
347	575	246	574	245	40	41	0.0215054	0	0.568129	2
348	570	221	572	221	40	41	0.0215054	0	0.510393	1
349	556	233	559	232	40	41	0.0430108	0	0.538106	1
350	595	250	598	247	40	41	0.129032	0	0.577367	1
351	614	165	615	163	40	41	0.0537634	0	0.381062	1
352	313	216	314	213	40	42	0.107527	0	0.498845	1
353	600	222	603	220	40	41	0.0752688	0	0.512702	1
354	67	429	70	429	40	42	0.0322581	0	0.990762	1
355	481	85	476	84	40	47	0.0645161	0	0.196305	2
356	403	192	400	190	40	44	0.0752688	0	0.443418	2
357	461	193	474	192	40	42	0.150538	0	0.445727	1
358	190	433	186	433	40	50	0.0430108	0	1	2
359	618	193	618	193	41	42	0	0	0.445727	1
360	622	204	622	203	41	42	0.0107527	0	0.471132	1
361	602	206	604	204	41	42	0.0645161	0	0.475751	1
362	488	164	490	163	41	42	0.0322581	0	0.378753	1
363	761	247	769	246	41	43	0.0967742	0	0.570439	1
364	594	194	595	193	41	42	0.0215054	0	0.448037	1
365	604	234	608	231	41	43	0.139785	0	0.540416	1
366	542	231	542	230	41	42	0.0107527	0	0.533487	1
367	521	288	520	288	41	42	0.0107527	0	0.665127	2
368	589	234	589	234	41	42	0	0	0.540416	1
369	774	52	773	51	41	42	0.0215054	0	0.120092	2
370	236	194	235	193	41	42	0.0215054	0	0.448037	2
371	518	231	512	230	41	42	0.0752688	0	0.533487	2
372	369	269	368	269	41	42	0.0107527	0	0.621247	2
373	539	272	528	272	41	42	0.11828	0	0.628176	2
374	316	229	315	229	42	43	0.0107527	0	0.528868	2
375	600	243	603	241	42	43	0.0752688	0	0.561201	1
376	634	204	635	202	42	44	0.0537634	0	0.471132	1
377	561	242	563	241	42	44	0.0322581	0	0.558891	1
378	593	177	592	177	42	43	0.0107527	0	0.408776	2
379	573	222	575	222	42	43	0.0215054	0	0.512702	1
380	607	217	612	212	42	44	0.322581	0	0.501155	1
381	560	205	566	204	42	46	0.0752688	0	0.473441	1
382	592	208	592	207	42	43	0.0107527	0	0.48037	1
383	476	177	478	177	42	44	0.0215054	0	0.408776	1
384	305	360	298	363	42	43	0.172043	0	0.831409	2
385	566	182	567	182	42	43	0.0107527	0	0.420323	1
386	622	203	622	202	43	44	0.0107527	0	0.468822	1
387	577	186	577	186	43	44	0	0	0.429561	1
388	773	50	772	49	43	44	0.0215054	0	0.115473	2
389	516	276	514	276	43	44	0.0215054	0	0.637413	2
390	492	163	495	160	43	46	0.129032	0	0.376443	1
391	613	241	615	240	43	44	0.0322581	0	0.556582	1
392	606	202	608	200	43	44	0.0645161	0	0.466513	1
393	315	212	314	210	43	44	0.0537634	0	0.489607	2
394	565	262	570	261	43	44	0.0645161	0	0.605081	1
395	37	325	33	325	43	44	0.0430108	0	0.750577	2
396	585	196	586	197	43	44	0.0215054	0	0.452656	1
397	619	167	619	165	43	44	0.0430108	0	0.385681	1
398	598	192	599	190	43	44	0.0537634	0	0.443418	1
399	303	233	306	232	43	45	0.0430108	0	0.538106	1
400	597	217	599	215	43	44	0.0645161	0	0.501155	1
401	632	180	633	178	43	44	0.0537634	0	0.415704	1
402	48	346	43	345	43	44	0.0645161	0	0.799076	2
403	363	236	358	238	43	45	0.0967742	0	0.545035	2
404	542	231	539	231	43	50	0.0322581	0	0.533487	2
405	303	386	300	387	43	46	0.0430108	0	0.891455	2
406	448	64	444	64	43	50	0.0430108	0	0.147806	2
407	520	288	518	288	43	45	0.0215054	0	0.665127	2
408	600	178	599	177	44	45	0.0215054	0	0.411085	2
409	605	243	608	243	44	45	0.0322581	0	0.561201	1
410	780	193	785	194	44	50	0.0645161	0	0.445727	1
411	372	272	369	273	44	46	0.0430108	0	0.628176	2
412	579	223	583	222	44	46	0.0537634	0	0.515012	1
413	37	315	25	316	44	47	0.139785	0	0.727483	2
414	325	183	325	182	44	45	0.0107527	0	0.422633	1
415	497	178	498	178	44	47	0.0107527	0	0.411085	1
416	560	255	561	253	44	45	0.0537634	0	0.588915	1
417	447	233	444	233	44	50	0.0322581	0	0.538106	2
418	597	200	598	199	45	46	0.0215054	0	0.461894	1
419	317	228	323	228	45	49	0.0645161	0	0.526559	1
420	577	187	576	186	45	48	0.0215054	0	0.431871	2
421	585	197	586	197	45	46	0.0107527	0	0.454965	1
422	31	325	29	324	45	46	0.0322581	0	0.750577	2
423	636	201	637	200	45	46	0.0215054	0	0.464203	1
424	633	161	642	164	45	49	0.193548	0	0.371824	1
425	611	199	613	198	45	46	0.0322581	0	0.459584	1
426	581	212	582	211	45	46	0.0215054	0	0.489607	1
427	356	252	347	253	45	48	0.107527	0	0.581986	2
428	589	176	587	176	45	46	0.0215054	0	0.406467	2
429	623	161	624	160	45	46	0.0215054	0	0.371824	1
430	311	386	310	385	45	46	0.0215054	0	0.891455	2
431	494	200	494	199	45	46	0.0107527	0	0.461894	1
432	810	87	807	87	45	50	0.0322581	0	0.200924	2
433	275	68	272	68	45	50	0.0322581	0	0.157044	2
434	613	233	615	233	45	46	0.0215054	0	0.538106	1
435	403	187	397	185	45	50	0.107527	0	0.431871	2
436	637	179	638	178	45	46	0.0215054	0	0.413395	1
437	197	81	194	81	45	50	0.0322581	0	0.187067	2
438	240	179	240	178	45	50	0.0107527	0	0.413395	1
439	603	189	605	187	45	46	0.0645161	0	0.43649	1
440	369	247	359	252	45	48	0.376344	0	0.570439	2
441	768	48	764	48	46	50	0.0430108	0	0.110855	2
442	307	228	306	228	46	47	0.0107527	0	0.526559	2
443	614	244	617	244	46	47	0.0322581	0	0.56351	1
444	579	266	581	268	46	47	0.0645161	0	0.614319	1
445	321	181	321	181	46	50	0	0	0.418014	1
446	291	369	288	368	46	47	0.0430108	0	0.852194	2
447	565	253	572	253	46	48	0.0752688	0	0.584296	1
448	312	208	314	207	46	50	0.0322581	0	0.48037	1
449	711	253	706	253	46	49	0.0537634	0	0.584296	2
450	602	228	602	228	46	47	0	0	0.526559	1
451	478	174	480	173	46	50	0.0322581	0	0.401848	1
452	463	83	460	83	46	50	0.0322581	0	0.191686	2
453	511	275	494	274	46	48	0.193548	0	0.635104	2
454	493	237	479	237	46	48	0.150538	0	0.547344	2
455	435	230	433	230	46	50	0.0215054	0	0.531178	2
456	254	67	251	67	46	50	0.0322581	0	0.154734	2
457	600	199	600	198	47	48	0.0107527	0	0.459584	1
458	567	205	570	205	47	49	0.0322581	0	0.473441	1
459	586	221	588	220	47	48	0.0322581	0	0.510393	1
460	585	210	586	210	47	48	0.0107527	0	0.484988	1
461	590	197	590	196	47	48	0.0107527	0	0.454965	1
462	598	177	598	175	47	50	0.0430108	0	0.408776	1
463	494	160	494	158	47	48	0.0430108	0	0.369515	1
464	88	422	90	424	47	50	0.0645161	0	0.974596	1
465	608	187	609	186	47	48	0.0215054	0	0.431871	1
466	474	45	472	45	47	50	0.0215054	0	0.103926	2
467	331	181	332	181	47	49	0.0107527	0	0.418014	1
468	806	40	804	40	47	50	0.0215054	0	0.0923788	2
469	627	160	632	161	47	49	0.0645161	0	0.369515	1
470	319	373	317	373	47	50	0.0215054	0	0.861432	2
471	548	66	546	66	47	50	0.0215054	0	0.152425	2
472	305	229	305	229	48	50	0	0	0.528868	1
473	620	246	623	247	48	49	0.0430108	0	0.568129	1
474	498	178	499	177	48	49	0.0215054	0	0.411085	1
475	711	211	707	209	48	50	0.0860215	0	0.487298	2
476	795	252	796	252	48	50	0.0107527	0	0.581986	1
477	580	264	578	264	48	49	0.0215054	0	0.6097	2
478	561	265	566	264	48	49	0.0645161	0	0.612009	1
479	621	227	622	227	48	49	0.0107527	0	0.524249	1
480	638	201	639	202	48	49	0.0215054	0	0.464203	1
481	133	234	127	235	48	50	0.0752688	0	0.540416	2
482	351	238	345	238	48	50	0.0645161	0	0.549654	2
483	341	300	339	300	48	50	0.0215054	0	0.692841	2
484	169	380	167	380	48	50	0.0215054	0	0.877598	2
485	371	43	369	43	48	50	0.0215054	0	0.0993072	2
486	602	198	603	197	49	50	0.0215054	0	0.457275	1
487	627	199	629	199	49	50	0.0215054	0	0.459584	1
488	241	59	240	59	49	50	0.0107527	0	0.136259	2
489	588	208	589	208	49	50	0.0107527	0	0.48037	1
490	580	182	580	180	49	50	0.0430108	0	0.420323	1
491	492	157	491	156	49	50	0.0215054	0	0.362587	2
492	343	251	340	251	49	50	0.0322581	0	0.579677	2
493	594	221	597	221	49	50	0.0322581	0	0.510393	1
494	241	356	234	358	49	50	0.11828	0	0.822171	2
495	395	197	393	200	49	50	0.11828	0	0.454965	2
496	472	237	464	238	49	50	0.0967742	0	0.547344	2
497	580	193	580	192	49	50	0.0107527	0	0.445727	1
498	645	187	646	187	49	50	0.0107527	0	0.431871	1
499	617	194	618	194	49	50	0.0107527	0	0.448037	1