
0	415	199	410	197	82	84	0.0267062	0	0.437363	2
1	306	181	307	181	82	84	0.00296736	0	0.397802	1
2	331	182	331	179	83	84	0.0267062	0	0.4	1
3	322	192	325	189	83	85	0.0356083	0	0.421978	1
4	320	157	320	155	83	85	0.0118694	0	0.345055	1
5	167	88	165	87	83	84	0.00890208	0	0.193407	2
6	341	191	342	190	84	85	0.00593472	0	0.41978	1
7	144	54	143	53	84	87	0.00593472	0	0.118681	2
8	176	204	176	204	84	85	0	0	0.448352	1
9	175	76	174	76	84	86	0.00296736	0	0.167033	2
10	121	52	120	52	84	87	0.00296736	0	0.114286	2
11	390	189	390	187	84	85	0.0118694	0	0.415385	1
12	313	213	314	212	85	86	0.00593472	0	0.468132	1
13	333	159	333	156	85	86	0.0267062	0	0.349451	1
14	334	179	334	176	85	86	0.0267062	0	0.393407	1
15	247	247	244	248	85	87	0.0118694	0	0.542857	2
16	272	53	272	52	85	87	0.00296736	0	0.116484	1
17	164	89	162	88	85	86	0.00890208	0	0.195604	2
18	327	411	328	409	85	87	0.0148368	0	0.903297	1
19	268	152	269	153	85	87	0.00593472	0	0.334066	1
20	167	183	167	184	85	86	0.00296736	0	0.402198	1
21	331	393	347	398	85	93	0.121662	0	0.863736	1
22	262	58	262	57	85	98	0.00296736	0	0.127473	1
23	292	413	304	409	85	93	0.0830861	0	0.907692	1
24	194	189	193	188	85	87	0.00593472	0	0.415385	2
25	261	262	261	261	85	86	0.00296736	0	0.575824	1
26	177	206	177	207	86	89	0.00296736	0	0.452747	1
27	362	160	362	160	86	87	0	0	0.351648	1
28	405	192	398	191	86	88	0.0237389	0	0.421978	2
29	190	171	190	171	86	87	0	0	0.375824	1
30	331	349	339	351	86	90	0.0356083	0	0.767033	1
31	344	190	347	188	86	87	0.0207715	0	0.417582	1
32	147	87	146	87	86	87	0.00296736	0	0.191209	2
33	158	46	158	46	86	89	0	0	0.101099	1
34	246	268	247	271	86	89	0.0296736	0	0.589011	1
35	182	52	181	52	86	92	0.00296736	0	0.114286	2
36	419	194	415	193	86	87	0.0148368	0	0.426374	2
37	184	87	183	86	86	102	0.00593472	0	0.191209	2
38	333	186	334	184	86	87	0.0148368	0	0.408791	1
39	178	193	178	193	86	87	0	0	0.424176	1
40	334	155	336	153	87	89	0.0178042	0	0.340659	1
41	203	151	203	149	87	88	0.0118694	0	0.331868	1
42	331	174	332	173	87	88	0.00593472	0	0.382418	1
43	261	264	253	269	87	96	0.0979228	0	0.58022	2
44	341	174	342	173	87	88	0.00593472	0	0.382418	1
45	324	396	324	396	87	88	0	0	0.87033	1
46	175	76	176	76	87	96	0.00296736	0	0.167033	1
47	101	51	101	51	88	91	0	0	0.112088	1
48	365	161	367	161	88	89	0.00593472	0	0.353846	1
49	190	172	193	169	88	91	0.0356083	0	0.378022	1
50	324	423	323	423	88	91	0.00296736	0	0.92967	2
51	270	156	270	156	88	89	0	0	0.342857	1
52	272	53	272	52	88	93	0.00296736	0	0.116484	1
53	329	410	333	411	88	92	0.0148368	0	0.901099	1
54	324	211	328	209	88	89	0.0237389	0	0.463736	1
55	422	195	419	195	88	89	0.00890208	0	0.428571	2
56	146	85	145	84	88	89	0.00593472	0	0.186813	2
57	408	195	404	194	88	89	0.0148368	0	0.428571	2
58	681	214	683	217	88	96	0.0326409	0	0.47033	1
59	324	381	326	382	88	89	0.00890208	0	0.837363	1
60	328	198	330	196	88	89	0.0178042	0	0.435165	1
61	139	54	138	54	88	92	0.00296736	0	0.118681	2
62	403	171	395	171	88	90	0.0237389	0	0.375824	2
63	323	350	323	352	88	89	0.0118694	0	0.769231	1
64	448	104	443	105	88	115	0.0178042	0	0.228571	2
65	100	106	100	106	89	92	0	0	0.232967	1
66	111	52	111	51	89	92	0.00296736	0	0.114286	1
67	203	149	202	148	89	90	0.00593472	0	0.327473	2
68	310	187	311	186	89	90	0.00593472	0	0.410989	1
69	324	143	323	139	89	92	0.0504451	0	0.314286	2
70	324	397	324	396	89	90	0.00296736	0	0.872527	1
71	247	270	241	270	90	95	0.0178042	0	0.593407	2
72	393	192	390	192	90	91	0.00890208	0	0.421978	2
73	332	180	334	179	90	91	0.00890208	0	0.395604	1
74	265	232	260	235	90	92	0.041543	0	0.50989	2
75	349	355	356	352	90	92	0.0474777	0	0.78022	1
76	334	207	342	202	90	92	0.0979228	0	0.454945	1
77	159	47	159	46	90	92	0.00296736	0	0.103297	1
78	178	208	181	204	90	93	0.0563798	0	0.457143	1
79	316	210	316	209	90	91	0.00296736	0	0.461538	1
80	142	85	140	84	90	92	0.00890208	0	0.186813	2
81	271	156	272	155	90	91	0.00593472	0	0.342857	1
82	339	153	345	153	90	92	0.0178042	0	0.336264	1
83	330	384	339	384	90	93	0.0267062	0	0.843956	1
84	80	190	80	191	90	120	0.00296736	0	0.417582	1
85	186	143	186	144	90	120	0.00296736	0	0.314286	1
86	201	147	200	146	91	93	0.00593472	0	0.323077	2
87	389	162	387	161	91	92	0.00890208	0	0.356044	2
88	326	393	330	393	91	92	0.0118694	0	0.863736	1
89	85	71	85	70	91	94	0.00296736	0	0.156044	1
90	148	50	148	49	91	92	0.00296736	0	0.10989	1
91	156	90	155	89	91	92	0.00593472	0	0.197802	2
92	591	455	590	454	91	93	0.00593472	0	1	2
93	195	169	196	167	92	93	0.0148368	0	0.371429	1
94	101	52	101	52	92	101	0	0	0.114286	1
95	324	421	325	421	92	95	0.00296736	0	0.925275	1
96	694	232	692	235	92	96	0.0326409	0	0.50989	2
97	351	175	354	175	92	93	0.00890208	0	0.384615	1
98	415	200	416	201	92	95	0.00593472	0	0.43956	1
99	182	178	183	177	92	93	0.00593472	0	0.391209	1
100	272	168	287	163	92	97	0.118694	0	0.369231	1
101	259	236	252	236	93	95	0.0207715	0	0.518681	2
102	360	353	368	350	93	95	0.0504451	0	0.775824	1
103	63	47	62	48	93	120	0.00593472	0	0.103297	2
104	101	108	102	108	93	97	0.00296736	0	0.237363	1
105	322	140	323	141	93	96	0.00593472	0	0.307692	1
106	392	184	389	183	93	94	0.0118694	0	0.404396	2
107	155	90	154	90	93	94	0.00296736	0	0.197802	2
108	274	147	274	146	93	94	0.00296736	0	0.323077	1
109	139	85	138	84	93	96	0.00593472	0	0.186813	2
110	142	53	141	53	93	96	0.00296736	0	0.116484	2
111	184	190	189	188	93	95	0.0267062	0	0.417582	1
112	322	151	328	153	93	98	0.0296736	0	0.331868	1
113	328	116	330	117	93	97	0.00890208	0	0.254945	1
114	317	163	317	163	93	95	0	0	0.358242	1
115	379	189	375	187	93	94	0.0237389	0	0.415385	2
116	162	48	163	48	93	95	0.00296736	0	0.105495	1
117	185	55	185	55	93	104	0	0	0.120879	1
118	153	58	152	58	93	94	0.00296736	0	0.127473	2
119	348	205	349	206	94	95	0.00593472	0	0.450549	1
120	345	156	348	156	94	95	0.00890208	0	0.342857	1
121	273	53	273	51	94	101	0.0118694	0	0.116484	1
122	349	401	349	401	94	95	0	0	0.881319	1
123	255	246	244	244	94	97	0.0445104	0	0.540659	2
124	197	167	198	166	94	95	0.00593472	0	0.367033	1
125	358	176	361	176	94	95	0.00890208	0	0.386813	1
126	187	202	191	200	94	95	0.0237389	0	0.443956	1
127	201	178	209	173	94	98	0.0979228	0	0.391209	1
128	240	253	238	252	94	95	0.00890208	0	0.556044	2
129	185	177	186	175	94	95	0.0148368	0	0.389011	1
130	210	164	209	165	94	95	0.00593472	0	0.36044	2
131	232	280	229	284	94	101	0.0563798	0	0.615385	2
132	709	362	724	358	94	101	0.0919881	0	0.795604	1
133	203	50	202	51	94	119	0.00593472	0	0.10989	2
134	201	148	201	148	95	98	0	0	0.325275	1
135	389	183	382	181	95	97	0.0326409	0	0.402198	2
136	349	192	351	192	95	96	0.00593472	0	0.421978	1
137	188	44	187	45	95	118	0.00593472	0	0.0967033	2
138	708	396	712	395	95	99	0.0148368	0	0.87033	1
139	279	146	281	146	95	97	0.00593472	0	0.320879	1
140	708	406	715	407	95	101	0.0237389	0	0.892308	1
141	152	54	151	53	95	96	0.00593472	0	0.118681	2
142	591	455	590	454	95	106	0.00593472	0	1	2
143	704	265	704	265	95	96	0	0	0.582418	1
144	312	113	312	112	95	96	0.00296736	0	0.248352	1
145	322	173	323	173	95	96	0.00296736	0	0.38022	1
146	350	207	351	208	96	97	0.00593472	0	0.454945	1
147	372	350	416	343	96	104	0.275964	0	0.769231	1
148	238	271	231	272	96	98	0.0237389	0	0.595604	2
149	166	47	167	46	96	99	0.00593472	0	0.103297	1
150	197	200	210	196	96	101	0.0860534	0	0.43956	1
151	200	165	202	164	96	97	0.00890208	0	0.362637	1
152	248	234	239	233	96	98	0.0296736	0	0.514286	2
153	326	422	326	421	96	98	0.00296736	0	0.927473	1
154	370	235	365	230	96	102	0.0890208	0	0.516484	2
155	87	72	88	72	96	103	0.00296736	0	0.158242	1
156	172	86	175	86	96	102	0.00890208	0	0.189011	1
157	260	102	260	103	96	120	0.00296736	0	0.224176	1
158	183	203	187	202	96	97	0.0148368	0	0.446154	1
159	253	268	251	269	97	98	0.00890208	0	0.589011	2
160	326	173	328	173	97	99	0.00593472	0	0.38022	1
161	150	56	149	56	97	98	0.00296736	0	0.123077	2
162	692	235	690	234	97	98	0.00890208	0	0.516484	2
163	151	90	147	90	97	100	0.0118694	0	0.197802	2
164	138	85	137	84	97	99	0.00593472	0	0.186813	2
165	173	75	177	75	97	107	0.0118694	0	0.164835	1
166	184	73	184	74	97	102	0.00296736	0	0.16044	1
167	277	156	279	156	97	99	0.00593472	0	0.342857	1
168	140	54	138	54	97	100	0.00593472	0	0.118681	2
169	240	261	235	261	97	99	0.0148368	0	0.573626	2
170	240	243	205	253	98	112	0.400593	0	0.534066	2
171	183	199	185	197	98	99	0.0178042	0	0.437363	1
172	335	410	346	404	98	101	0.139466	0	0.901099	1
173	96	110	98	111	98	113	0.00890208	0	0.241758	1
174	291	135	294	136	98	102	0.0118694	0	0.296703	1
175	362	379	376	375	98	100	0.0890208	0	0.832967	1
176	319	123	318	122	98	99	0.00593472	0	0.27033	2
177	124	53	123	52	98	101	0.00593472	0	0.116484	2
178	303	176	305	174	99	101	0.0178042	0	0.386813	1
179	247	270	239	270	99	101	0.0237389	0	0.593407	2
180	200	150	201	150	99	101	0.00296736	0	0.32967	1
181	149	53	149	53	99	101	0	0	0.116484	1
182	228	273	225	273	99	101	0.00890208	0	0.6	2
183	334	89	341	88	99	102	0.0237389	0	0.195604	1
184	370	178	366	177	99	100	0.0148368	0	0.391209	2
185	214	173	217	172	99	100	0.0118694	0	0.38022	1
186	261	57	261	59	99	120	0.0118694	0	0.125275	1
187	363	156	365	155	99	100	0.00890208	0	0.342857	1
188	320	204	319	205	99	100	0.00593472	0	0.448352	2
189	211	163	218	161	99	101	0.0326409	0	0.358242	1
190	263	86	263	87	99	111	0.00296736	0	0.189011	1
191	235	231	202	242	99	113	0.456973	0	0.507692	2
192	112	64	112	64	100	108	0	0	0.140659	1
193	328	175	328	175	100	101	0	0	0.384615	1
194	28	55	28	55	100	106	0	0	0.120879	1
195	382	180	385	178	100	102	0.0207715	0	0.395604	1
196	169	47	171	46	100	104	0.00890208	0	0.103297	1
197	715	396	730	389	100	105	0.189911	0	0.87033	1
198	385	157	388	152	100	104	0.0830861	0	0.345055	1
199	210	147	211	147	100	101	0.00296736	0	0.323077	1
200	696	271	698	271	100	104	0.00593472	0	0.595604	1
201	323	131	322	130	100	102	0.00593472	0	0.287912	2
202	368	155	370	154	101	102	0.00890208	0	0.340659	1
203	219	172	226	169	101	103	0.0474777	0	0.378022	1
204	365	182	352	180	101	104	0.0504451	0	0.4	2
205	67	57	66	58	101	120	0.00593472	0	0.125275	2
206	108	105	109	106	101	114	0.00593472	0	0.230769	1
207	295	167	296	165	101	102	0.0148368	0	0.367033	1
208	396	392	405	397	101	104	0.10089	0	0.861538	1
209	234	270	226	272	102	104	0.0356083	0	0.593407	2
210	212	196	214	196	102	103	0.00593472	0	0.430769	1
211	151	52	151	52	102	104	0	0	0.114286	1
212	274	51	274	51	102	111	0	0	0.112088	1
213	337	191	327	188	102	104	0.0563798	0	0.41978	2
214	99	52	100	53	102	111	0.00593472	0	0.114286	1
215	373	167	375	165	102	103	0.0178042	0	0.367033	1
216	221	160	247	156	102	110	0.124629	0	0.351648	1
217	717	405	725	401	102	104	0.0712166	0	0.89011	1
218	389	50	388	51	102	120	0.00593472	0	0.10989	2
219	633	153	631	152	102	104	0.00890208	0	0.336264	2
220	124	56	125	57	102	110	0.00593472	0	0.123077	1
221	461	142	461	144	102	120	0.0118694	0	0.312088	1
222	348	192	343	190	102	103	0.0267062	0	0.421978	2
223	401	208	405	206	102	111	0.0237389	0	0.457143	1
224	188	199	199	206	103	120	0.178042	0	0.437363	1
225	293	53	292	53	103	109	0.00296736	0	0.116484	2
226	388	176	389	175	103	104	0.00593472	0	0.386813	1
227	208	173	211	172	103	104	0.0118694	0	0.38022	1
228	372	154	372	154	103	104	0	0	0.338462	1
229	186	73	186	74	103	109	0.00296736	0	0.16044	1
230	209	150	210	152	103	105	0.0148368	0	0.32967	1
231	317	114	316	115	103	120	0.00593472	0	0.250549	2
232	417	200	426	201	103	112	0.0296736	0	0.43956	1
233	176	114	176	116	103	120	0.0118694	0	0.250549	1
234	267	75	267	77	103	113	0.0118694	0	0.164835	1
235	730	365	782	357	104	119	0.344214	0	0.802198	1
236	217	161	220	159	104	105	0.0207715	0	0.353846	1
237	89	72	91	73	104	120	0.00890208	0	0.158242	1
238	348	90	351	89	104	105	0.0118694	0	0.197802	1
239	321	125	320	124	104	105	0.00593472	0	0.274725	2
240	377	165	378	164	104	105	0.00593472	0	0.362637	1
241	337	190	310	187	104	109	0.106825	0	0.417582	2
242	156	83	157	84	104	113	0.00593472	0	0.182418	1
243	330	147	328	147	104	105	0.00593472	0	0.323077	2
244	806	27	806	28	104	120	0.00296736	0	0.0593407	1
245	415	353	527	338	104	120	1	0	0.775824	1
246	152	52	154	53	105	114	0.00890208	0	0.114286	1
247	349	178	322	173	105	115	0.154303	0	0.391209	2
248	359	166	360	165	105	106	0.00593472	0	0.364835	1
249	222	275	216	279	105	107	0.0652819	0	0.604396	2
250	423	343	476	334	105	113	0.397626	0	0.753846	1
251	115	75	116	76	105	112	0.00593472	0	0.164835	1
252	365	207	369	207	105	106	0.0118694	0	0.454945	1
253	217	195	221	193	105	106	0.0237389	0	0.428571	1
254	321	187	310	185	105	107	0.0445104	0	0.410989	2
255	141	90	140	90	105	106	0.00296736	0	0.197802	2
256	162	48	165	49	105	120	0.0118694	0	0.105495	1
257	202	194	204	193	105	115	0.00890208	0	0.426374	1
258	38	49	37	50	105	117	0.00593472	0	0.107692	2
259	290	143	288	143	105	107	0.00593472	0	0.314286	2
260	190	54	190	55	105	115	0.00296736	0	0.118681	1
261	40	76	41	77	105	120	0.00593472	0	0.167033	1
262	115	190	115	191	105	120	0.00296736	0	0.417582	1
263	538	425	538	426	105	120	0.00296736	0	0.934066	1
264	393	174	394	174	106	107	0.00296736	0	0.382418	1
265	221	262	217	264	106	107	0.0237389	0	0.575824	2
266	224	176	233	176	106	109	0.0267062	0	0.386813	1
267	233	187	244	187	106	109	0.0326409	0	0.410989	1
268	381	164	383	164	106	107	0.00593472	0	0.36044	1
269	356	88	365	87	106	109	0.0296736	0	0.193407	1
270	224	158	245	157	106	112	0.0652819	0	0.347253	1
271	27	52	27	51	107	110	0.00296736	0	0.114286	1
272	325	175	324	174	107	108	0.00593472	0	0.384615	2
273	360	166	382	162	107	120	0.11276	0	0.364835	1
274	209	177	209	178	107	111	0.00296736	0	0.389011	1
275	375	206	380	204	107	108	0.0267062	0	0.452747	1
276	212	154	209	157	107	114	0.0356083	0	0.338462	2
277	397	410	425	398	107	111	0.510386	0	0.901099	1
278	216	280	213	278	108	109	0.0207715	0	0.615385	2
279	370	207	370	206	108	109	0.00296736	0	0.454945	1
280	386	151	386	149	108	109	0.0118694	0	0.331868	1
281	206	281	198	280	108	110	0.0267062	0	0.617582	2
282	360	206	359	206	108	110	0.00296736	0	0.452747	2
283	338	105	338	105	108	120	0	0	0.230769	1
284	230	324	230	324	108	120	0	0	0.712088	1
285	389	165	392	164	108	109	0.0118694	0	0.362637	1
286	386	202	394	199	109	111	0.0504451	0	0.443956	1
287	323	173	320	172	109	110	0.0118694	0	0.38022	2
288	658	246	655	247	109	110	0.0118694	0	0.540659	2
289	396	147	397	146	109	111	0.00593472	0	0.323077	1
290	373	206	381	205	110	113	0.0267062	0	0.452747	1
291	306	187	301	186	110	111	0.0178042	0	0.410989	2
292	212	278	206	281	110	112	0.0445104	0	0.610989	2
293	294	55	294	55	110	112	0	0	0.120879	1
294	221	201	212	201	110	118	0.0267062	0	0.441758	2
295	754	404	765	401	110	115	0.0593472	0	0.887912	1
296	235	175	241	169	110	113	0.124629	0	0.384615	1
297	380	196	385	195	110	112	0.0178042	0	0.430769	1
298	452	388	457	390	110	111	0.0267062	0	0.852747	1
299	246	175	253	171	110	113	0.0682493	0	0.384615	1
300	221	189	218	190	110	114	0.0118694	0	0.415385	2
301	362	207	361	206	111	112	0.00593472	0	0.454945	2
302	28	51	27	51	111	117	0.00296736	0	0.112088	2
303	318	171	315	170	111	112	0.0118694	0	0.375824	2
304	126	57	125	57	111	115	0.00296736	0	0.125275	2
305	194	281	180	287	111	116	0.148368	0	0.617582	2
306	754	394	760	392	111	113	0.0296736	0	0.865934	1
307	399	147	403	146	112	115	0.0148368	0	0.323077	1
308	399	202	412	201	112	120	0.041543	0	0.443956	1
309	246	190	247	188	112	113	0.0148368	0	0.417582	1
310	457	339	516	333	112	120	0.281899	0	0.745055	1
311	390	167	392	167	112	113	0.00593472	0	0.367033	1
312	206	179	203	179	112	113	0.00890208	0	0.393407	2
313	379	160	379	158	112	113	0.0118694	0	0.351648	1
314	274	53	273	52	112	113	0.00593472	0	0.116484	2
315	389	149	390	148	112	113	0.00593472	0	0.327473	1
316	213	168	204	165	112	117	0.0534125	0	0.369231	2
317	203	254	201	255	113	114	0.00890208	0	0.558242	2
318	362	205	366	203	113	115	0.0237389	0	0.450549	1
319	391	197	394	197	113	114	0.00890208	0	0.432967	1
320	204	286	183	299	113	120	0.563798	0	0.628571	2
321	315	181	312	181	113	114	0.00890208	0	0.397802	2
322	294	56	293	56	113	120	0.00296736	0	0.123077	2
323	404	166	405	165	113	114	0.00593472	0	0.364835	1
324	100	53	99	53	113	120	0.00296736	0	0.116484	2
325	256	153	258	152	113	114	0.00890208	0	0.336264	1
326	178	57	179	57	113	117	0.00296736	0	0.125275	1
327	456	415	456	415	113	114	0	0	0.912088	1
328	201	245	199	246	114	116	0.00890208	0	0.538462	2
329	389	166	390	165	114	116	0.00593472	0	0.364835	1
330	99	111	99	111	114	120	0	0	0.243956	1
331	384	203	388	201	114	115	0.0237389	0	0.446154	1
332	322	136	321	139	114	118	0.0296736	0	0.298901	2
333	36	89	36	89	114	119	0	0	0.195604	1
334	404	189	410	185	114	119	0.0652819	0	0.415385	1
335	184	191	183	191	114	120	0.00296736	0	0.41978	2
336	284	184	279	183	114	115	0.0178042	0	0.404396	2
337	391	183	392	182	114	115	0.00593472	0	0.402198	1
338	481	328	488	326	114	115	0.0326409	0	0.720879	1
339	200	256	199	256	115	116	0.00296736	0	0.562637	2
340	207	157	203	155	115	117	0.0237389	0	0.345055	2
341	154	53	154	52	115	120	0.00296736	0	0.116484	1
342	109	109	109	109	115	120	0	0	0.23956	1
343	315	53	314	52	115	120	0.00593472	0	0.116484	2
344	779	368	790	366	115	119	0.0445104	0	0.808791	1
345	410	173	410	171	115	116	0.0118694	0	0.38022	1
346	115	57	114	57	115	117	0.00296736	0	0.125275	2
347	469	393	472	390	115	116	0.0356083	0	0.863736	1
348	319	172	316	171	116	117	0.0118694	0	0.378022	2
349	406	145	414	145	116	119	0.0237389	0	0.318681	1
350	371	202	375	200	116	117	0.0237389	0	0.443956	1
351	126	56	126	55	116	119	0.00296736	0	0.123077	1
352	278	182	274	181	116	117	0.0148368	0	0.4	2
353	402	161	403	160	116	117	0.00593472	0	0.353846	1
354	772	389	794	387	116	120	0.0771513	0	0.854945	1
355	462	401	480	392	116	119	0.293769	0	0.881319	1
356	395	178	397	176	116	119	0.0178042	0	0.391209	1
357	190	56	190	55	116	120	0.00296736	0	0.123077	1
358	498	332	527	329	116	120	0.11276	0	0.72967	1
359	144	60	144	59	116	119	0.00296736	0	0.131868	1
360	428	202	430	200	116	117	0.0178042	0	0.443956	1
361	158	85	158	85	116	120	0	0	0.186813	1
362	106	72	106	72	116	120	0	0	0.158242	1
363	417	158	423	158	116	118	0.0178042	0	0.347253	1
364	494	438	494	438	116	120	0	0	0.962637	1
365	143	73	143	72	116	120	0.00296736	0	0.16044	1
366	495	322	495	322	117	120	0	0	0.707692	1
367	394	86	398	86	117	118	0.0118694	0	0.189011	1
368	33	50	32	50	118	120	0.00296736	0	0.10989	2
369	313	173	309	174	118	119	0.0148368	0	0.38022	2
370	202	157	196	155	118	120	0.0296736	0	0.345055	2
371	403	161	403	160	118	119	0.00296736	0	0.353846	1
372	271	183	263	184	118	120	0.0267062	0	0.402198	2
373	208	189	206	188	118	119	0.00890208	0	0.415385	2
374	178	58	178	58	118	120	0	0	0.127473	1
375	268	161	269	159	118	119	0.0148368	0	0.353846	1
376	802	379	804	381	118	120	0.0178042	0	0.832967	1
377	518	382	530	383	118	120	0.0385757	0	0.83956	1
378	253	168	247	168	118	119	0.0178042	0	0.369231	2
379	143	88	142	88	118	120	0.00296736	0	0.193407	2
380	312	149	309	150	118	120	0.0118694	0	0.327473	2
381	177	271	174	275	118	120	0.0563798	0	0.595604	2
382	113	56	112	55	118	120	0.00593472	0	0.123077	2
383	179	289	177	293	118	119	0.0534125	0	0.635165	2
384	323	141	322	141	119	120	0.00296736	0	0.30989	2
385	401	87	405	86	119	120	0.0148368	0	0.191209	1
386	771	336	772	337	119	120	0.00593472	0	0.738462	1
387	188	45	187	44	119	120	0.00593472	0	0.0989011	2
388	197	252	196	253	119	120	0.00593472	0	0.553846	2