
0	591	181	591	179	43	44	0.0327869	0	0.418981	1
1	514	188	515	188	43	44	0.00819672	0	0.435185	1
2	607	178	606	177	43	44	0.0163934	0	0.412037	2
3	655	161	654	161	43	44	0.00819672	0	0.372685	2
4	806	170	804	172	43	47	0.0491803	0	0.393519	2
5	792	72	793	73	43	50	0.0163934	0	0.166667	1
6	600	249	598	249	44	46	0.0163934	0	0.576389	2
7	576	175	576	174	44	45	0.00819672	0	0.405093	1
8	799	191	797	192	44	47	0.0245902	0	0.44213	2
9	725	117	720	117	44	46	0.0409836	0	0.270833	2
10	634	174	632	173	44	45	0.0245902	0	0.402778	2
11	389	171	387	171	44	65	0.0163934	0	0.395833	2
12	64	24	60	27	44	80	0.106557	0	0.0555556	2
13	639	164	638	162	44	46	0.0409836	0	0.37963	2
14	600	155	600	154	45	46	0.00819672	0	0.358796	1
15	655	155	653	155	45	47	0.0163934	0	0.358796	2
16	620	184	619	183	45	46	0.0163934	0	0.425926	2
17	591	178	591	174	45	47	0.131148	0	0.412037	1
18	604	174	603	172	45	46	0.0409836	0	0.402778	2
19	519	189	523	187	45	46	0.0655738	0	0.4375	1
20	530	183	531	182	45	46	0.0163934	0	0.423611	1
21	605	187	603	186	45	47	0.0245902	0	0.43287	2
22	653	165	651	165	45	47	0.0163934	0	0.381944	2
23	610	158	609	157	45	46	0.0163934	0	0.365741	2
24	640	153	639	152	45	47	0.0163934	0	0.354167	2
25	718	127	714	128	45	47	0.0409836	0	0.293981	2
26	803	272	800	274	45	80	0.057377	0	0.62963	2
27	385	316	379	321	46	52	0.254098	0	0.731481	2
28	427	343	427	343	46	49	0	0	0.793981	1
29	578	175	578	174	46	47	0.00819672	0	0.405093	1
30	383	276	382	277	46	47	0.0163934	0	0.638889	2
31	631	177	629	178	46	50	0.0245902	0	0.409722	2
32	596	252	591	252	47	51	0.0409836	0	0.583333	2
33	602	157	602	157	47	48	0	0	0.363426	1
34	595	242	592	242	47	48	0.0245902	0	0.560185	2
35	586	252	584	252	47	48	0.0163934	0	0.583333	2
36	612	165	612	164	47	48	0.00819672	0	0.381944	1
37	740	123	740	123	47	48	0	0	0.284722	1
38	619	186	619	186	47	48	0	0	0.430556	1
39	712	104	709	103	47	48	0.0327869	0	0.240741	2
40	600	231	598	231	47	48	0.0163934	0	0.534722	2
41	599	201	601	202	48	54	0.0245902	0	0.465278	1
42	595	180	595	176	48	52	0.131148	0	0.416667	1
43	798	193	790	189	48	54	0.196721	0	0.446759	2
44	526	185	529	185	48	49	0.0245902	0	0.428241	1
45	581	175	583	176	48	49	0.0245902	0	0.405093	1
46	592	170	592	167	48	51	0.0737705	0	0.393519	1
47	605	259	601	256	48	51	0.106557	0	0.599537	2
48	605	188	604	187	48	50	0.0163934	0	0.435185	2
49	546	327	542	329	48	80	0.0655738	0	0.756944	2
50	585	219	574	217	49	53	0.122951	0	0.506944	2
51	602	156	601	155	49	53	0.0163934	0	0.361111	2
52	584	253	582	253	49	50	0.0163934	0	0.585648	2
53	379	280	375	279	49	50	0.0409836	0	0.648148	2
54	576	230	572	230	49	50	0.0327869	0	0.532407	2
55	622	149	620	148	49	50	0.0245902	0	0.344907	2
56	552	172	557	171	49	51	0.0491803	0	0.398148	1
57	654	155	652	156	49	53	0.0245902	0	0.358796	2
58	740	123	736	124	49	80	0.0409836	0	0.284722	2
59	396	287	391	286	49	50	0.0491803	0	0.664352	2
60	622	188	621	186	49	52	0.0409836	0	0.435185	2
61	555	88	557	88	49	72	0.0163934	0	0.203704	1
62	729	117	726	119	49	80	0.057377	0	0.270833	2
63	503	117	502	116	49	50	0.0163934	0	0.270833	2
64	751	206	750	205	50	54	0.0163934	0	0.476852	2
65	534	184	540	184	50	52	0.0491803	0	0.425926	1
66	583	243	578	243	50	52	0.0409836	0	0.5625	2
67	693	143	688	140	50	54	0.114754	0	0.331019	2
68	643	150	641	149	50	54	0.0245902	0	0.347222	2
69	531	432	528	434	50	80	0.057377	0	1	2
70	579	256	578	256	51	52	0.00819672	0	0.592593	2
71	569	229	566	229	51	52	0.0245902	0	0.530093	2
72	372	278	367	277	51	52	0.0491803	0	0.643519	2
73	614	162	614	161	51	52	0.00819672	0	0.375	1
74	630	176	629	176	51	52	0.00819672	0	0.407407	2
75	762	199	764	198	51	52	0.0245902	0	0.460648	1
76	622	146	621	145	51	52	0.0163934	0	0.337963	2
77	666	170	656	169	51	59	0.0901639	0	0.393519	2
78	591	262	590	262	51	52	0.00819672	0	0.606481	2
79	794	72	793	73	51	78	0.0163934	0	0.166667	2
80	368	290	355	287	51	55	0.180328	0	0.671296	2
81	499	209	512	205	51	57	0.237705	0	0.483796	1
82	275	24	274	24	51	54	0.00819672	0	0.0555556	2
83	714	128	712	127	51	53	0.0245902	0	0.296296	2
84	593	166	594	165	52	54	0.0163934	0	0.384259	1
85	396	326	387	325	52	53	0.0819672	0	0.75463	2
86	566	168	568	165	52	54	0.0901639	0	0.388889	1
87	798	163	791	157	52	57	0.352459	0	0.377315	2
88	650	169	643	169	52	58	0.057377	0	0.391204	2
89	752	190	756	190	52	60	0.0327869	0	0.439815	1
90	620	223	619	224	52	68	0.0163934	0	0.516204	2
91	744	161	745	161	52	54	0.00819672	0	0.372685	1
92	805	173	797	167	52	58	0.360656	0	0.400463	2
93	620	146	618	145	53	54	0.0245902	0	0.337963	2
94	633	182	632	181	53	54	0.0163934	0	0.421296	2
95	576	255	575	254	53	54	0.0163934	0	0.590278	2
96	364	278	355	277	53	55	0.0819672	0	0.643519	2
97	596	176	596	176	53	54	0	0	0.407407	1
98	594	265	593	264	53	54	0.0163934	0	0.613426	2
99	612	262	604	259	53	54	0.139344	0	0.606481	2
100	617	189	615	190	53	56	0.0245902	0	0.4375	2
101	566	229	561	228	53	55	0.0491803	0	0.530093	2
102	549	183	552	181	53	54	0.057377	0	0.423611	1
103	91	301	90	300	53	54	0.0163934	0	0.696759	2
104	462	97	460	95	53	76	0.0491803	0	0.224537	2
105	487	84	485	85	53	80	0.0245902	0	0.194444	2
106	601	155	600	154	54	55	0.0163934	0	0.358796	2
107	571	216	563	215	54	56	0.0737705	0	0.5	2
108	786	167	782	161	54	57	0.327869	0	0.386574	2
109	527	211	530	209	54	56	0.057377	0	0.488426	1
110	769	203	768	204	54	59	0.0163934	0	0.469907	2
111	651	156	646	155	54	56	0.0491803	0	0.361111	2
112	505	112	503	112	54	74	0.0163934	0	0.259259	2
113	750	205	753	203	55	62	0.057377	0	0.474537	1
114	610	161	609	161	55	56	0.00819672	0	0.372685	2
115	603	204	603	205	55	57	0.00819672	0	0.472222	1
116	633	181	632	181	55	56	0.00819672	0	0.418981	2
117	88	297	88	297	55	57	0	0	0.6875	1
118	594	168	594	169	55	57	0.00819672	0	0.388889	1
119	624	148	622	148	55	56	0.0163934	0	0.342593	2
120	788	187	782	183	55	59	0.180328	0	0.43287	2
121	614	145	612	145	55	56	0.0163934	0	0.335648	2
122	596	178	596	179	55	57	0.00819672	0	0.412037	1
123	691	140	669	138	55	62	0.213115	0	0.324074	2
124	685	74	682	76	55	80	0.057377	0	0.171296	2
125	597	267	595	266	55	57	0.0245902	0	0.618056	2
126	746	162	752	156	55	61	0.344262	0	0.375	1
127	650	145	648	145	55	56	0.0163934	0	0.335648	2
128	585	237	577	235	55	57	0.0983607	0	0.548611	2
129	681	146	667	141	55	60	0.319672	0	0.337963	2
130	577	221	569	220	55	57	0.0737705	0	0.511574	2
131	698	153	694	152	55	57	0.0409836	0	0.354167	2
132	599	155	598	155	56	57	0.00819672	0	0.358796	2
133	382	322	380	319	56	57	0.0901639	0	0.74537	2
134	800	191	799	189	56	57	0.0409836	0	0.44213	2
135	567	235	563	234	56	57	0.0409836	0	0.543981	2
136	362	302	356	299	56	57	0.122951	0	0.699074	2
137	622	150	620	149	57	58	0.0245902	0	0.347222	2
138	608	161	607	160	57	58	0.0163934	0	0.372685	2
139	631	182	630	182	57	58	0.00819672	0	0.421296	2
140	698	167	696	165	57	58	0.0491803	0	0.386574	2
141	84	311	82	311	57	59	0.0163934	0	0.719907	2
142	648	159	646	159	57	58	0.0163934	0	0.368056	2
143	612	148	610	148	57	58	0.0163934	0	0.342593	2
144	646	146	643	145	57	58	0.0327869	0	0.337963	2
145	353	284	347	280	57	58	0.180328	0	0.657407	2
146	368	308	362	306	57	58	0.0819672	0	0.712963	2
147	555	223	550	222	57	58	0.0491803	0	0.516204	2
148	643	432	641	434	57	80	0.0491803	0	1	2
149	674	68	672	69	57	77	0.0245902	0	0.157407	2
150	603	207	602	207	58	63	0.00819672	0	0.479167	2
151	86	300	84	300	58	59	0.0163934	0	0.694444	2
152	800	188	793	186	58	60	0.0901639	0	0.435185	2
153	790	156	778	154	58	64	0.131148	0	0.361111	2
154	594	170	592	171	58	59	0.0245902	0	0.393519	2
155	553	249	543	250	58	60	0.0901639	0	0.576389	2
156	492	113	490	112	58	59	0.0245902	0	0.261574	2
157	344	315	332	321	58	63	0.393443	0	0.729167	2
158	596	181	595	181	58	59	0.00819672	0	0.418981	2
159	78	289	44	282	58	72	0.680328	0	0.668981	2
160	542	182	543	182	58	59	0.00819672	0	0.421296	1
161	645	160	642	158	59	62	0.057377	0	0.37037	2
162	618	150	616	149	59	60	0.0245902	0	0.347222	2
163	568	235	553	235	59	62	0.122951	0	0.543981	2
164	630	184	628	186	59	62	0.0491803	0	0.425926	2
165	643	172	641	171	59	62	0.0245902	0	0.398148	2
166	577	194	576	193	59	60	0.0163934	0	0.449074	2
167	827	272	826	273	59	67	0.0163934	0	0.62963	2
168	696	163	686	161	59	61	0.114754	0	0.377315	2
169	345	298	340	298	59	60	0.0409836	0	0.689815	2
170	40	409	38	409	59	69	0.0163934	0	0.946759	2
171	668	103	663	101	59	60	0.0737705	0	0.238426	2
172	574	179	580	179	59	60	0.0491803	0	0.414352	1
173	80	301	78	301	60	61	0.0163934	0	0.696759	2
174	768	202	768	202	60	62	0	0	0.467593	1
175	598	161	596	160	60	61	0.0245902	0	0.372685	2
176	615	195	617	195	60	64	0.0163934	0	0.451389	1
177	81	311	75	310	60	63	0.057377	0	0.719907	2
178	340	279	337	280	60	61	0.0327869	0	0.645833	2
179	637	143	636	142	60	61	0.0163934	0	0.331019	2
180	608	164	607	163	60	62	0.0163934	0	0.37963	2
181	546	263	543	265	60	63	0.057377	0	0.608796	2
182	790	169	787	169	60	61	0.0245902	0	0.391204	2
183	677	125	675	125	60	61	0.0163934	0	0.289352	2
184	545	212	540	212	60	61	0.0409836	0	0.490741	2
185	668	113	664	113	60	61	0.0327869	0	0.261574	2
186	752	167	763	161	60	66	0.385246	0	0.386574	1
187	545	178	547	178	60	61	0.0163934	0	0.412037	1
188	271	24	271	26	60	80	0.0327869	0	0.0555556	1
189	686	102	686	104	60	80	0.0327869	0	0.236111	1
190	617	150	624	150	61	67	0.057377	0	0.347222	1
191	542	253	539	253	61	62	0.0245902	0	0.585648	2
192	489	111	487	110	61	63	0.0245902	0	0.256944	2
193	538	239	534	239	62	63	0.0327869	0	0.553241	2
194	597	161	598	161	62	63	0.00819672	0	0.372685	1
195	310	277	283	273	62	67	0.352459	0	0.641204	2
196	76	301	73	300	62	63	0.0327869	0	0.696759	2
197	538	212	534	211	62	63	0.0409836	0	0.490741	2
198	785	171	783	170	62	63	0.0245902	0	0.395833	2
199	553	267	553	267	62	63	0	0	0.618056	1
200	658	111	654	110	62	63	0.0409836	0	0.256944	2
201	353	338	352	337	62	64	0.0163934	0	0.782407	2
202	622	176	623	177	62	64	0.0163934	0	0.407407	1
203	597	177	601	176	62	63	0.0409836	0	0.409722	1
204	605	189	606	187	62	63	0.0409836	0	0.4375	1
205	320	275	305	272	62	65	0.196721	0	0.636574	2
206	475	70	477	72	62	80	0.0491803	0	0.162037	1
207	251	45	251	47	62	80	0.0327869	0	0.104167	1
208	632	198	636	197	62	71	0.0409836	0	0.458333	1
209	641	170	641	169	63	64	0.00819672	0	0.393519	1
210	628	187	629	187	63	67	0.00819672	0	0.43287	1
211	636	144	639	143	63	65	0.0327869	0	0.333333	1
212	608	163	609	163	63	64	0.00819672	0	0.377315	1
213	758	202	767	201	63	65	0.0819672	0	0.467593	1
214	539	254	538	254	63	64	0.00819672	0	0.587963	2
215	135	205	138	209	63	67	0.155738	0	0.474537	1
216	652	97	648	97	63	64	0.0327869	0	0.224537	2
217	607	144	607	144	63	65	0	0	0.333333	1
218	483	94	484	96	63	80	0.0409836	0	0.217593	1
219	603	209	604	208	64	65	0.0163934	0	0.483796	1
220	336	319	326	315	64	66	0.213115	0	0.738426	2
221	599	161	600	161	64	65	0.00819672	0	0.372685	1
222	71	299	68	297	64	65	0.057377	0	0.69213	2
223	530	213	518	209	64	67	0.229508	0	0.493056	2
224	590	172	592	172	64	65	0.0163934	0	0.398148	1
225	527	249	521	246	64	65	0.122951	0	0.576389	2
226	548	269	547	267	64	65	0.0409836	0	0.622685	2
227	544	235	539	235	64	65	0.0409836	0	0.543981	2
228	605	182	606	182	64	65	0.00819672	0	0.421296	1
229	526	233	521	233	64	65	0.0409836	0	0.539352	2
230	549	70	550	70	64	72	0.00819672	0	0.162037	1
231	318	300	305	299	64	66	0.114754	0	0.694444	2
232	764	188	769	188	64	66	0.0409836	0	0.435185	1
233	647	154	646	154	64	65	0.00819672	0	0.356481	2
234	618	195	618	195	65	66	0	0	0.451389	1
235	642	170	645	169	65	67	0.0327869	0	0.393519	1
236	777	201	790	203	65	68	0.139344	0	0.465278	1
237	625	177	626	177	65	66	0.00819672	0	0.409722	1
238	336	143	337	143	65	66	0.00819672	0	0.331019	1
239	391	158	393	156	65	67	0.0491803	0	0.365741	1
240	326	147	333	146	65	69	0.0655738	0	0.340278	1
241	316	276	306	276	65	67	0.0819672	0	0.638889	2
242	304	309	299	309	65	66	0.0409836	0	0.715278	2
243	610	165	611	164	66	67	0.0163934	0	0.381944	1
244	513	243	504	243	66	69	0.0737705	0	0.5625	2
245	537	241	527	241	66	68	0.0819672	0	0.55787	2
246	609	181	612	181	66	67	0.0245902	0	0.418981	1
247	771	203	774	202	66	67	0.0327869	0	0.469907	1
248	518	233	507	233	66	69	0.0901639	0	0.539352	2
249	525	247	520	246	66	67	0.0491803	0	0.571759	2
250	600	163	601	162	66	67	0.0163934	0	0.377315	1
251	67	296	61	295	66	68	0.057377	0	0.685185	2
252	641	143	643	141	66	67	0.0491803	0	0.331019	1
253	658	138	654	137	66	67	0.0409836	0	0.319444	2
254	453	78	453	78	66	67	0	0	0.180556	1
255	291	285	249	278	66	73	0.745902	0	0.659722	2
256	553	266	552	267	67	80	0.0163934	0	0.615741	2
257	775	189	778	190	67	68	0.0327869	0	0.4375	1
258	588	198	588	197	67	68	0.00819672	0	0.458333	1
259	320	316	310	316	67	68	0.0819672	0	0.731481	2
260	763	186	751	183	67	72	0.172131	0	0.430556	2
261	58	274	27	269	67	77	0.459016	0	0.634259	2
262	660	150	656	150	67	68	0.0327869	0	0.347222	2
263	577	259	576	259	67	80	0.00819672	0	0.599537	2
264	586	184	589	184	67	68	0.0245902	0	0.425926	1
265	613	165	613	164	68	69	0.00819672	0	0.381944	1
266	632	186	633	184	68	69	0.0409836	0	0.430556	1
267	649	172	651	174	68	71	0.0491803	0	0.398148	1
268	777	175	778	175	68	69	0.00819672	0	0.405093	1
269	515	209	503	207	68	71	0.131148	0	0.483796	2
270	827	274	826	273	68	70	0.0163934	0	0.634259	2
271	641	162	642	162	68	69	0.00819672	0	0.375	1
272	139	210	149	208	68	72	0.114754	0	0.486111	1
273	774	155	787	152	68	76	0.180328	0	0.358796	1
274	72	297	66	294	68	70	0.122951	0	0.6875	2
275	472	115	469	115	68	70	0.0245902	0	0.266204	2
276	750	41	749	42	68	80	0.0163934	0	0.0949074	2
277	505	214	485	211	68	73	0.237705	0	0.49537	2
278	60	310	57	310	68	69	0.0245902	0	0.717593	2
279	789	206	789	206	69	70	0	0	0.476852	1
280	521	241	515	241	69	70	0.0491803	0	0.55787	2
281	781	191	782	191	69	70	0.00819672	0	0.44213	1
282	588	198	587	198	69	72	0.00819672	0	0.458333	2
283	629	111	604	110	69	74	0.213115	0	0.256944	2
284	603	161	604	159	69	70	0.0409836	0	0.372685	1
285	345	115	348	117	69	73	0.057377	0	0.266204	1
286	592	184	594	183	69	70	0.0245902	0	0.425926	1
287	632	95	624	93	69	71	0.0983607	0	0.219907	2
288	588	225	588	224	69	70	0.00819672	0	0.520833	1
289	342	135	346	134	69	73	0.0409836	0	0.3125	1
290	614	163	614	163	70	72	0	0	0.377315	1
291	501	243	494	242	70	71	0.0655738	0	0.5625	2
292	635	184	636	182	70	71	0.0409836	0	0.425926	1
293	622	146	623	146	70	71	0.00819672	0	0.337963	1
294	33	407	32	407	70	72	0.00819672	0	0.94213	2
295	502	233	497	232	70	71	0.0491803	0	0.539352	2
296	267	271	194	264	70	80	1	0	0.627315	2
297	598	169	598	168	70	72	0.00819672	0	0.391204	1
298	791	206	793	204	71	74	0.0491803	0	0.476852	1
299	290	313	282	312	71	73	0.0737705	0	0.724537	2
300	513	242	510	242	71	72	0.0245902	0	0.560185	2
301	784	193	793	191	71	78	0.106557	0	0.446759	1
302	620	185	628	184	71	73	0.0737705	0	0.428241	1
303	760	169	756	169	71	72	0.0327869	0	0.391204	2
304	771	173	769	173	71	72	0.0163934	0	0.400463	2
305	584	151	581	152	71	78	0.0327869	0	0.349537	2
306	55	298	53	296	71	72	0.0491803	0	0.689815	2
307	513	214	491	209	71	76	0.385246	0	0.49537	2
308	135	239	148	236	71	77	0.180328	0	0.553241	1
309	605	191	604	191	72	73	0.00819672	0	0.44213	2
310	608	209	609	209	72	73	0.00819672	0	0.483796	1
311	627	145	627	146	72	73	0.00819672	0	0.335648	1
312	640	153	641	153	72	73	0.00819672	0	0.354167	1
313	640	143	640	143	72	73	0	0	0.331019	1
314	489	236	483	234	72	73	0.0819672	0	0.546296	2
315	288	303	283	304	72	73	0.0491803	0	0.701389	2
316	265	294	251	292	72	74	0.147541	0	0.680556	2
317	351	145	353	146	72	80	0.0245902	0	0.335648	1
318	259	304	243	305	72	74	0.139344	0	0.703704	2
319	827	273	825	274	72	80	0.0245902	0	0.631944	2
320	614	181	616	180	72	73	0.0245902	0	0.418981	1
321	266	280	259	278	72	73	0.0901639	0	0.648148	2
322	304	42	301	43	72	80	0.0327869	0	0.0972222	2
323	614	164	613	163	73	74	0.0163934	0	0.37963	2
324	554	73	552	74	73	80	0.0245902	0	0.168981	2
325	749	181	749	182	73	79	0.00819672	0	0.418981	1
326	508	243	501	243	73	75	0.057377	0	0.5625	2
327	765	182	762	181	73	75	0.0327869	0	0.421296	2
328	51	297	48	297	73	74	0.0245902	0	0.6875	2
329	598	169	597	169	73	74	0.00819672	0	0.391204	2
330	569	214	582	212	73	79	0.139344	0	0.49537	1
331	755	166	752	165	73	74	0.0327869	0	0.384259	2
332	153	207	171	201	73	80	0.442623	0	0.479167	1
333	604	192	603	192	74	75	0.00819672	0	0.444444	2
334	613	210	616	211	74	75	0.0327869	0	0.486111	1
335	631	146	631	146	74	75	0	0	0.337963	1
336	255	275	219	280	74	79	0.5	0	0.636574	2
337	331	142	329	143	74	80	0.0245902	0	0.328704	2
338	634	182	639	183	74	75	0.0491803	0	0.421296	1
339	460	116	450	117	74	79	0.0901639	0	0.268519	2
340	651	147	653	150	74	77	0.0901639	0	0.340278	1
341	616	135	583	133	74	80	0.303279	0	0.3125	2
342	763	165	760	164	74	77	0.0327869	0	0.381944	2
343	554	87	552	88	74	80	0.0245902	0	0.201389	2
344	485	227	460	228	74	80	0.213115	0	0.525463	2
345	640	225	639	225	74	75	0.00819672	0	0.520833	2
346	35	282	26	281	74	77	0.0819672	0	0.652778	2
347	612	163	611	162	75	76	0.0163934	0	0.377315	2
348	487	238	482	239	75	76	0.0491803	0	0.550926	2
349	626	179	628	179	75	76	0.0163934	0	0.414352	1
350	608	180	610	180	75	76	0.0163934	0	0.416667	1
351	629	227	629	227	75	77	0	0	0.525463	1
352	750	165	748	166	75	78	0.0245902	0	0.381944	2
353	496	113	495	114	75	80	0.0163934	0	0.261574	2
354	237	308	228	311	75	77	0.147541	0	0.712963	2
355	442	118	432	118	75	80	0.0819672	0	0.273148	2
356	602	160	601	160	75	76	0.00819672	0	0.37037	2
357	515	94	513	94	75	80	0.0163934	0	0.217593	2
358	617	210	618	209	76	78	0.0163934	0	0.486111	1
359	630	150	630	151	76	77	0.00819672	0	0.347222	1
360	642	149	643	149	76	77	0.00819672	0	0.344907	1
361	631	214	632	214	76	77	0.00819672	0	0.49537	1
362	243	327	242	327	76	77	0.00819672	0	0.756944	2
363	475	260	472	258	76	80	0.057377	0	0.601852	2
364	803	202	805	203	77	80	0.0245902	0	0.467593	1
365	630	178	631	178	77	78	0.00819672	0	0.412037	1
366	460	96	459	97	77	80	0.0163934	0	0.222222	2
367	639	226	638	226	77	78	0.00819672	0	0.523148	2
368	482	246	475	244	77	78	0.0901639	0	0.569444	2
369	618	154	618	154	77	78	0	0	0.356481	1
370	788	151	791	151	77	80	0.0245902	0	0.349537	1
371	705	177	709	174	77	79	0.106557	0	0.409722	1
372	612	95	611	95	77	80	0.00819672	0	0.219907	2
373	634	213	634	212	78	79	0.00819672	0	0.493056	1
374	230	315	227	314	78	79	0.0327869	0	0.729167	2
375	634	197	636	197	78	79	0.0163934	0	0.456019	1
376	659	187	667	186	78	80	0.0737705	0	0.43287	1
377	630	153	629	153	78	79	0.00819672	0	0.354167	2
378	609	183	611	181	78	79	0.0491803	0	0.423611	1
379	617	225	616	224	78	80	0.0163934	0	0.520833	2
380	473	204	465	201	78	80	0.139344	0	0.472222	2
381	247	335	245	332	78	79	0.0901639	0	0.775463	2
382	29	278	25	276	78	79	0.0655738	0	0.643519	2
383	794	201	794	201	78	80	0	0	0.465278	1
384	394	93	393	93	78	80	0.00819672	0	0.215278	2
385	618	208	620	207	79	80	0.0245902	0	0.481481	1
386	754	160	753	159	79	80	0.0163934	0	0.37037	2
387	626	197	628	196	79	80	0.0245902	0	0.456019	1
388	651	150	652	149	79	80	0.0163934	0	0.347222	1
389	796	190	796	189	79	80	0.00819672	0	0.439815	1
390	586	94	582	94	79	80	0.0327869	0	0.217593	2
391	654	226	654	226	79	80	0	0	0.523148	1
392	793	74	793	74	79	80	0	0	0.171296	1
393	607	171	608	170	79	80	0.0163934	0	0.395833	1