
0	256	153	258	152	42	44	0.00557621	0	0.336264	1
1	607	362	607	360	42	49	0.00743494	0	0.795604	1
2	242	165	242	164	42	43	0.00185874	0	0.362637	1
3	504	221	511	221	42	58	0.0130112	0	0.485714	1
4	215	154	215	154	43	44	0	0	0.338462	1
5	282	148	281	148	43	44	0.00185874	0	0.325275	2
6	257	194	257	194	43	44	0	0	0.426374	1
7	334	178	332	177	43	44	0.00557621	0	0.391209	2
8	516	219	526	218	43	60	0.0204461	0	0.481319	1
9	131	128	132	127	43	52	0.00371747	0	0.281319	1
10	285	193	288	193	43	46	0.00557621	0	0.424176	1
11	253	162	253	161	44	45	0.00185874	0	0.356044	1
12	320	170	320	168	44	45	0.00743494	0	0.373626	1
13	290	205	292	203	44	45	0.0111524	0	0.450549	1
14	360	203	362	201	44	45	0.0111524	0	0.446154	1
15	628	302	630	301	44	45	0.00557621	0	0.663736	1
16	400	161	399	161	44	47	0.00185874	0	0.353846	2
17	319	181	321	180	44	45	0.00557621	0	0.397802	1
18	353	177	351	176	45	46	0.00557621	0	0.389011	2
19	341	159	335	158	45	49	0.0130112	0	0.349451	2
20	216	153	217	152	45	46	0.00371747	0	0.336264	1
21	352	203	354	202	45	46	0.00557621	0	0.446154	1
22	233	135	231	138	45	49	0.0204461	0	0.296703	2
23	337	185	336	186	45	46	0.00371747	0	0.406593	2
24	276	151	274	149	45	47	0.0111524	0	0.331868	2
25	261	171	263	169	45	47	0.0111524	0	0.375824	1
26	232	157	232	156	45	46	0.00185874	0	0.345055	1
27	628	324	629	323	45	46	0.00371747	0	0.712088	1
28	196	131	202	130	45	52	0.0130112	0	0.287912	1
29	336	196	335	196	45	46	0.00185874	0	0.430769	2
30	289	173	289	173	45	46	0	0	0.38022	1
31	341	175	340	174	45	46	0.00371747	0	0.384615	2
32	388	182	386	181	45	71	0.00557621	0	0.4	2
33	809	125	800	121	45	80	0.0464684	0	0.274725	2
34	359	118	351	117	45	80	0.0167286	0	0.259341	2
35	617	258	611	255	45	80	0.027881	0	0.567033	2
36	238	147	237	146	45	46	0.00371747	0	0.323077	2
37	75	420	69	421	45	80	0.0130112	0	0.923077	2
38	415	402	409	401	45	80	0.0130112	0	0.883516	2
39	299	168	298	169	46	47	0.00371747	0	0.369231	2
40	95	128	128	127	46	58	0.063197	0	0.281319	1
41	320	166	320	165	46	47	0.00185874	0	0.364835	1
42	284	147	283	146	46	47	0.00371747	0	0.323077	2
43	330	173	332	174	46	47	0.00557621	0	0.38022	1
44	350	235	362	231	46	48	0.0520446	0	0.516484	1
45	223	129	216	129	46	53	0.0130112	0	0.283516	2
46	101	170	155	192	46	79	1	0	0.373626	1
47	273	200	276	198	47	50	0.0130112	0	0.43956	1
48	403	135	409	135	47	53	0.0111524	0	0.296703	1
49	635	311	645	307	47	51	0.0483271	0	0.683516	1
50	350	174	348	173	47	48	0.00557621	0	0.382418	2
51	220	152	221	151	47	48	0.00371747	0	0.334066	1
52	409	159	409	158	47	49	0.00185874	0	0.349451	1
53	340	199	339	199	47	48	0.00185874	0	0.437363	2
54	397	149	397	149	47	50	0	0	0.327473	1
55	632	321	633	319	47	48	0.00929368	0	0.705495	1
56	308	172	310	171	47	49	0.00557621	0	0.378022	1
57	235	152	233	151	47	49	0.00557621	0	0.334066	2
58	621	347	622	347	47	48	0.00185874	0	0.762637	1
59	202	121	217	122	47	58	0.0297398	0	0.265934	1
60	210	153	210	153	47	48	0	0	0.336264	1
61	293	175	291	176	48	49	0.00557621	0	0.384615	2
62	355	195	354	195	48	49	0.00185874	0	0.428571	2
63	399	162	399	161	48	52	0.00185874	0	0.356044	1
64	280	146	279	146	48	49	0.00185874	0	0.320879	2
65	337	174	337	173	48	49	0.00185874	0	0.382418	1
66	245	168	244	167	48	49	0.00371747	0	0.369231	2
67	116	129	123	128	48	50	0.0148699	0	0.283516	1
68	265	168	267	166	48	49	0.0111524	0	0.369231	1
69	270	148	270	146	48	49	0.00743494	0	0.325275	1
70	294	161	288	159	48	52	0.0185874	0	0.353846	2
71	353	205	352	206	48	49	0.00371747	0	0.450549	2
72	342	235	345	233	48	50	0.0130112	0	0.516484	1
73	125	163	126	164	48	51	0.00371747	0	0.358242	1
74	321	165	322	164	49	50	0.00371747	0	0.362637	1
75	338	198	338	198	49	50	0	0	0.435165	1
76	257	161	258	160	49	50	0.00371747	0	0.353846	1
77	258	192	259	190	49	51	0.00929368	0	0.421978	1
78	327	176	328	175	49	50	0.00371747	0	0.386813	1
79	500	191	501	191	49	52	0.00185874	0	0.41978	1
80	349	168	347	167	49	50	0.00557621	0	0.369231	2
81	635	318	636	316	49	50	0.00929368	0	0.698901	1
82	277	157	276	156	49	50	0.00371747	0	0.345055	2
83	312	190	313	190	49	50	0.00185874	0	0.417582	1
84	606	357	606	356	50	51	0.00185874	0	0.784615	1
85	127	201	129	200	50	52	0.00557621	0	0.441758	1
86	290	178	288	179	50	51	0.00557621	0	0.391209	2
87	332	159	330	159	50	51	0.00371747	0	0.349451	2
88	247	169	247	168	50	51	0.00185874	0	0.371429	1
89	353	209	352	209	50	51	0.00185874	0	0.459341	2
90	269	166	271	165	50	51	0.00557621	0	0.364835	1
91	365	196	364	200	50	51	0.0315985	0	0.430769	2
92	312	170	312	169	50	51	0.00185874	0	0.373626	1
93	230	136	227	136	50	52	0.00557621	0	0.298901	2
94	240	159	240	159	50	51	0	0	0.349451	1
95	278	178	276	178	50	54	0.00371747	0	0.391209	2
96	279	197	281	196	51	52	0.00557621	0	0.432967	1
97	238	147	238	147	51	52	0	0	0.323077	1
98	512	188	513	187	51	53	0.00371747	0	0.413187	1
99	340	199	341	198	51	52	0.00371747	0	0.437363	1
100	332	175	332	174	51	52	0.00185874	0	0.384615	1
101	353	185	353	182	51	53	0.0167286	0	0.406593	1
102	277	155	276	154	51	52	0.00371747	0	0.340659	2
103	343	181	346	176	51	54	0.0520446	0	0.397802	1
104	397	151	397	150	51	52	0.00185874	0	0.331868	1
105	373	232	378	235	51	55	0.0260223	0	0.50989	1
106	362	210	358	210	51	52	0.00743494	0	0.461538	2
107	243	187	246	185	51	54	0.0130112	0	0.410989	1
108	224	175	227	172	51	55	0.0223048	0	0.384615	1
109	219	159	219	159	51	52	0	0	0.349451	1
110	118	201	120	201	51	60	0.00371747	0	0.441758	1
111	322	169	323	167	51	52	0.00929368	0	0.371429	1
112	607	357	609	354	52	54	0.0204461	0	0.784615	1
113	260	191	259	192	52	55	0.00371747	0	0.41978	2
114	649	306	651	305	52	53	0.00557621	0	0.672527	1
115	802	314	802	313	52	53	0.00185874	0	0.69011	1
116	624	347	627	345	52	54	0.0130112	0	0.762637	1
117	273	165	273	165	52	53	0	0	0.362637	1
118	288	181	288	182	52	54	0.00185874	0	0.397802	1
119	351	196	350	194	52	53	0.00929368	0	0.430769	2
120	128	166	128	167	52	54	0.00185874	0	0.364835	1
121	311	170	312	169	52	54	0.00371747	0	0.373626	1
122	354	174	355	171	52	54	0.0185874	0	0.382418	1
123	203	108	225	108	52	73	0.0408922	0	0.237363	1
124	317	190	320	191	52	54	0.00743494	0	0.417582	1
125	276	149	276	148	53	54	0.00185874	0	0.327473	1
126	240	149	242	150	53	55	0.00557621	0	0.327473	1
127	134	201	139	203	53	56	0.0167286	0	0.441758	1
128	352	211	352	210	53	57	0.00185874	0	0.463736	1
129	400	162	400	162	53	54	0	0	0.356044	1
130	333	177	333	176	53	54	0.00185874	0	0.389011	1
131	340	191	341	189	53	54	0.00929368	0	0.41978	1
132	284	159	284	159	53	54	0	0	0.349451	1
133	263	158	263	157	53	54	0.00185874	0	0.347253	1
134	641	311	644	310	53	54	0.00743494	0	0.683516	1
135	224	154	224	154	53	54	0	0	0.338462	1
136	140	187	146	190	53	59	0.027881	0	0.410989	1
137	330	202	331	200	53	54	0.00929368	0	0.443956	1
138	376	243	376	243	53	57	0	0	0.534066	1
139	370	208	373	209	53	54	0.00743494	0	0.457143	1
140	816	299	818	297	53	57	0.0111524	0	0.657143	1
141	203	131	203	130	53	55	0.00185874	0	0.287912	1
142	225	140	223	140	54	55	0.00371747	0	0.307692	2
143	655	305	658	304	54	55	0.00743494	0	0.67033	1
144	514	184	518	186	54	61	0.0148699	0	0.404396	1
145	274	165	277	163	54	59	0.0130112	0	0.362637	1
146	801	318	802	318	54	56	0.00185874	0	0.698901	1
147	138	154	141	154	54	57	0.00557621	0	0.338462	1
148	388	198	399	197	54	57	0.0223048	0	0.435165	1
149	136	127	138	127	54	56	0.00371747	0	0.279121	1
150	332	158	337	158	54	59	0.00929368	0	0.347253	1
151	276	148	278	147	55	58	0.00557621	0	0.325275	1
152	400	162	400	162	55	57	0	0	0.356044	1
153	319	158	314	158	55	57	0.00929368	0	0.347253	2
154	342	171	342	169	55	56	0.00743494	0	0.375824	1
155	801	288	808	283	55	60	0.0594796	0	0.632967	1
156	264	161	274	161	55	65	0.0185874	0	0.353846	1
157	332	177	332	176	55	56	0.00185874	0	0.389011	1
158	398	152	398	152	55	56	0	0	0.334066	1
159	632	345	645	345	55	57	0.0241636	0	0.758242	1
160	413	136	416	137	55	61	0.00743494	0	0.298901	1
161	276	180	277	179	55	56	0.00371747	0	0.395604	1
162	291	183	291	182	55	56	0.00185874	0	0.402198	1
163	245	186	245	186	55	56	0	0	0.408791	1
164	620	348	625	346	55	56	0.0167286	0	0.764835	1
165	376	210	392	216	55	59	0.0966543	0	0.461538	1
166	811	288	825	283	55	63	0.0724907	0	0.632967	1
167	232	150	232	150	55	56	0	0	0.32967	1
168	130	168	132	167	55	57	0.00557621	0	0.369231	1
169	352	179	353	177	55	56	0.00929368	0	0.393407	1
170	400	133	404	135	55	62	0.0148699	0	0.292308	1
171	245	149	245	148	56	57	0.00185874	0	0.327473	1
172	219	141	216	141	56	57	0.00557621	0	0.30989	2
173	259	192	259	192	56	57	0	0	0.421978	1
174	658	305	662	305	56	57	0.00743494	0	0.67033	1
175	354	167	355	167	56	57	0.00185874	0	0.367033	1
176	344	187	345	186	56	58	0.00371747	0	0.410989	1
177	318	168	318	167	56	57	0.00185874	0	0.369231	1
178	666	342	680	337	56	64	0.0724907	0	0.751648	1
179	668	361	669	360	56	62	0.00371747	0	0.793407	1
180	141	205	141	205	57	61	0	0	0.450549	1
181	344	171	344	170	57	59	0.00185874	0	0.375824	1
182	807	320	807	319	57	58	0.00185874	0	0.703297	1
183	140	127	157	126	57	63	0.0334572	0	0.279121	1
184	289	172	292	174	57	59	0.0130112	0	0.378022	1
185	333	168	333	169	57	58	0.00185874	0	0.369231	1
186	248	186	248	185	57	58	0.00185874	0	0.408791	1
187	234	151	235	152	57	58	0.00371747	0	0.331868	1
188	817	455	810	451	57	80	0.0427509	0	1	2
189	401	151	401	151	57	59	0	0	0.331868	1
190	382	233	388	229	57	59	0.0408922	0	0.512088	1
191	359	179	360	177	57	58	0.00929368	0	0.393407	1
192	817	323	819	323	57	59	0.00371747	0	0.70989	1
193	295	162	298	163	57	59	0.00743494	0	0.356044	1
194	218	151	216	152	57	58	0.00557621	0	0.331868	2
195	400	162	393	160	58	77	0.0204461	0	0.356044	2
196	411	190	414	189	58	59	0.00743494	0	0.417582	1
197	353	210	353	210	58	59	0	0	0.461538	1
198	358	166	359	165	58	61	0.00371747	0	0.364835	1
199	314	160	310	160	58	59	0.00743494	0	0.351648	2
200	326	184	324	183	58	59	0.00557621	0	0.404396	2
201	214	141	207	142	58	61	0.0148699	0	0.30989	2
202	668	306	673	306	58	59	0.00929368	0	0.672527	1
203	316	170	315	170	58	59	0.00185874	0	0.373626	2
204	397	200	401	199	58	59	0.00929368	0	0.43956	1
205	819	298	826	295	58	63	0.0297398	0	0.654945	1
206	326	159	327	158	58	62	0.00371747	0	0.349451	1
207	229	139	231	140	58	67	0.00557621	0	0.305495	1
208	351	199	351	199	58	59	0	0	0.437363	1
209	528	195	529	194	58	62	0.00371747	0	0.428571	1
210	142	155	143	154	58	59	0.00371747	0	0.340659	1
211	207	119	212	118	58	63	0.0111524	0	0.261538	1
212	260	194	260	193	58	59	0.00185874	0	0.426374	1
213	360	178	364	174	59	64	0.0371747	0	0.391209	1
214	349	186	350	186	59	61	0.00185874	0	0.408791	1
215	130	129	129	128	59	60	0.00371747	0	0.283516	2
216	809	324	809	324	59	60	0	0	0.712088	1
217	334	170	333	170	59	60	0.00185874	0	0.373626	2
218	683	307	717	290	59	69	0.600372	0	0.674725	1
219	418	189	422	188	60	61	0.00929368	0	0.415385	1
220	316	168	316	168	60	61	0	0	0.369231	1
221	354	210	355	210	60	61	0.00185874	0	0.461538	1
222	280	147	281	147	60	62	0.00185874	0	0.323077	1
223	675	301	694	293	60	66	0.154275	0	0.661538	1
224	257	154	255	154	60	62	0.00371747	0	0.338462	2
225	336	159	340	158	60	66	0.00929368	0	0.349451	1
226	347	168	347	168	60	62	0	0	0.369231	1
227	279	164	282	163	60	63	0.00743494	0	0.36044	1
228	225	164	225	164	60	62	0	0	0.36044	1
229	310	158	303	158	60	62	0.0130112	0	0.347253	2
230	413	163	415	164	60	62	0.00557621	0	0.358242	1
231	402	151	400	150	60	63	0.00557621	0	0.331868	2
232	399	219	410	223	60	62	0.0501859	0	0.481319	1
233	232	148	233	147	60	64	0.00371747	0	0.325275	1
234	368	207	372	208	60	64	0.00929368	0	0.454945	1
235	423	199	435	198	60	63	0.0241636	0	0.437363	1
236	354	198	355	198	60	61	0.00185874	0	0.435165	1
237	270	142	274	145	60	64	0.0241636	0	0.312088	1
238	679	291	685	287	60	62	0.0408922	0	0.63956	1
239	394	230	409	228	60	62	0.035316	0	0.505495	1
240	522	214	523	214	61	62	0.00185874	0	0.47033	1
241	337	176	338	175	61	63	0.00371747	0	0.386813	1
242	668	305	675	302	61	63	0.0297398	0	0.67033	1
243	127	200	133	200	61	63	0.0111524	0	0.43956	1
244	137	127	141	126	61	62	0.00929368	0	0.279121	1
245	814	328	814	328	61	64	0	0	0.720879	1
246	810	282	814	279	61	63	0.0241636	0	0.61978	1
247	203	164	202	163	61	62	0.00371747	0	0.36044	2
248	209	132	211	131	61	63	0.00557621	0	0.29011	1
249	334	206	333	207	61	62	0.00371747	0	0.452747	2
250	259	192	260	191	61	63	0.00371747	0	0.421978	1
251	359	166	359	166	62	63	0	0	0.364835	1
252	308	172	307	174	62	63	0.00929368	0	0.378022	2
253	347	186	349	187	62	65	0.00557621	0	0.408791	1
254	318	169	319	168	62	63	0.00371747	0	0.371429	1
255	241	161	244	161	62	63	0.00557621	0	0.353846	1
256	205	144	203	143	62	63	0.00557621	0	0.316484	2
257	519	188	519	188	62	72	0	0	0.413187	1
258	140	204	140	203	62	63	0.00185874	0	0.448352	1
259	356	209	358	209	62	63	0.00371747	0	0.459341	1
260	533	210	532	208	62	67	0.00929368	0	0.461538	2
261	410	191	406	190	62	74	0.00929368	0	0.41978	2
262	818	305	821	302	62	64	0.0223048	0	0.67033	1
263	523	215	523	214	63	65	0.00185874	0	0.472527	1
264	416	138	421	141	63	78	0.0260223	0	0.303297	1
265	146	129	197	125	63	80	0.124535	0	0.283516	1
266	284	150	284	151	63	64	0.00185874	0	0.32967	1
267	406	136	411	138	63	77	0.0167286	0	0.298901	1
268	154	191	158	192	63	65	0.00929368	0	0.41978	1
269	348	167	348	168	63	65	0.00185874	0	0.367033	1
270	199	133	188	133	63	69	0.0204461	0	0.292308	2
271	824	324	826	324	63	66	0.00371747	0	0.712088	1
272	417	166	420	166	63	66	0.00557621	0	0.364835	1
273	79	82	71	81	63	80	0.0167286	0	0.18022	2
274	540	232	542	232	64	65	0.00371747	0	0.50989	1
275	359	164	362	163	64	68	0.00743494	0	0.36044	1
276	319	167	328	167	64	70	0.0167286	0	0.367033	1
277	335	172	340	172	64	70	0.00929368	0	0.378022	1
278	295	164	292	165	64	65	0.00743494	0	0.36044	2
279	525	225	526	226	64	65	0.00371747	0	0.494505	1
280	342	204	343	204	64	68	0.00185874	0	0.448352	1
281	203	143	193	143	64	69	0.0185874	0	0.314286	2
282	355	199	355	199	64	66	0	0	0.437363	1
283	817	279	824	274	64	68	0.0594796	0	0.613187	1
284	809	338	821	332	64	68	0.0892193	0	0.742857	1
285	424	178	424	177	64	66	0.00185874	0	0.391209	1
286	318	193	325	195	64	67	0.0204461	0	0.424176	1
287	163	127	167	126	64	65	0.00929368	0	0.279121	1
288	213	131	220	131	64	69	0.0130112	0	0.287912	1
289	331	196	344	201	64	80	0.070632	0	0.430769	1
290	147	202	150	203	64	66	0.00743494	0	0.443956	1
291	423	199	426	199	64	65	0.00557621	0	0.437363	1
292	364	173	366	173	65	67	0.00371747	0	0.38022	1
293	368	209	371	208	65	67	0.00743494	0	0.459341	1
294	285	154	285	153	65	66	0.00185874	0	0.338462	1
295	194	164	189	167	65	68	0.0260223	0	0.36044	2
296	704	353	705	350	65	69	0.0185874	0	0.775824	1
297	436	193	440	192	65	66	0.00929368	0	0.424176	1
298	429	158	428	158	65	66	0.00185874	0	0.347253	2
299	242	140	241	140	65	67	0.00185874	0	0.307692	2
300	303	164	303	164	65	66	0	0	0.36044	1
301	275	150	275	150	65	66	0	0	0.32967	1
302	352	188	354	188	66	68	0.00371747	0	0.413187	1
303	522	218	522	217	66	67	0.00185874	0	0.479121	1
304	291	164	288	163	66	67	0.00743494	0	0.36044	2
305	348	170	352	170	66	69	0.00743494	0	0.373626	1
306	252	164	253	164	66	67	0.00185874	0	0.36044	1
307	277	163	278	162	66	67	0.00371747	0	0.358242	1
308	533	222	535	221	66	67	0.00557621	0	0.487912	1
309	135	205	133	204	66	69	0.00557621	0	0.450549	2
310	701	282	709	279	66	69	0.0315985	0	0.61978	1
311	170	125	180	124	66	69	0.0204461	0	0.274725	1
312	690	303	714	291	66	75	0.312268	0	0.665934	1
313	410	159	413	158	66	73	0.00743494	0	0.349451	1
314	189	142	183	142	66	69	0.0111524	0	0.312088	2
315	205	156	202	155	66	67	0.00743494	0	0.342857	2
316	425	179	424	178	67	69	0.00371747	0	0.393407	2
317	697	293	701	290	67	69	0.0241636	0	0.643956	1
318	347	160	349	159	67	70	0.00557621	0	0.351648	1
319	147	208	149	207	67	72	0.00557621	0	0.457143	1
320	303	164	303	164	67	76	0	0	0.36044	1
321	426	155	425	154	67	69	0.00371747	0	0.340659	2
322	438	193	441	194	67	68	0.00743494	0	0.424176	1
323	545	229	544	228	67	71	0.00371747	0	0.503297	2
324	394	151	392	151	67	72	0.00371747	0	0.331868	2
325	337	162	339	162	67	69	0.00371747	0	0.356044	1
326	356	202	356	202	67	68	0	0	0.443956	1
327	169	198	170	198	67	69	0.00185874	0	0.435165	1
328	705	342	705	341	67	68	0.00185874	0	0.751648	1
329	522	214	521	213	68	69	0.00371747	0	0.47033	2
330	371	208	371	207	68	69	0.00185874	0	0.457143	1
331	249	149	248	150	68	70	0.00371747	0	0.327473	2
332	286	164	284	164	68	69	0.00371747	0	0.36044	2
333	285	154	285	153	68	69	0.00185874	0	0.338462	1
334	368	173	370	173	68	69	0.00371747	0	0.38022	1
335	662	195	659	194	68	79	0.00743494	0	0.428571	2
336	375	184	376	184	68	69	0.00185874	0	0.404396	1
337	254	167	255	168	68	69	0.00371747	0	0.367033	1
338	535	222	528	221	68	73	0.0148699	0	0.487912	2
339	534	212	532	211	68	72	0.00557621	0	0.465934	2
340	278	175	274	173	68	69	0.0148699	0	0.384615	2
341	417	168	417	168	68	73	0	0	0.369231	1
342	816	160	808	157	68	80	0.0315985	0	0.351648	2
343	464	235	465	236	68	69	0.00371747	0	0.516484	1
344	190	170	189	170	69	70	0.00185874	0	0.373626	2
345	159	194	160	194	69	70	0.00185874	0	0.426374	1
346	307	182	308	181	69	70	0.00371747	0	0.4	1
347	453	193	464	195	69	72	0.027881	0	0.424176	1
348	356	203	357	203	69	70	0.00185874	0	0.446154	1
349	821	322	825	323	69	70	0.00929368	0	0.707692	1
350	534	231	532	230	69	71	0.00557621	0	0.507692	2
351	236	176	233	177	69	70	0.00743494	0	0.386813	2
352	817	311	825	309	69	72	0.0223048	0	0.683516	1
353	716	288	718	286	70	71	0.0111524	0	0.632967	1
354	372	208	373	208	70	71	0.00185874	0	0.457143	1
355	424	179	424	178	70	72	0.00185874	0	0.393407	1
356	286	154	287	154	70	72	0.00185874	0	0.338462	1
357	372	174	373	174	70	71	0.00185874	0	0.382418	1
358	134	203	136	208	70	76	0.0501859	0	0.446154	1
359	353	170	353	170	70	71	0	0	0.373626	1
360	193	145	184	146	70	74	0.0185874	0	0.318681	2
361	521	214	519	213	70	72	0.00557621	0	0.47033	2
362	706	349	705	345	70	71	0.0315985	0	0.767033	2
363	257	168	258	168	70	71	0.00185874	0	0.369231	1
364	284	194	282	195	70	71	0.00557621	0	0.426374	2
365	281	164	278	164	70	71	0.00557621	0	0.36044	2
366	376	184	377	184	70	71	0.00185874	0	0.404396	1
367	822	267	817	265	70	80	0.0167286	0	0.586813	2
368	426	156	425	156	70	71	0.00185874	0	0.342857	2
369	247	167	246	168	70	71	0.00371747	0	0.367033	2
370	260	191	260	191	70	71	0	0	0.41978	1
371	182	144	173	145	70	74	0.0185874	0	0.316484	2
372	705	288	707	286	70	71	0.0111524	0	0.632967	1
373	326	195	327	198	70	73	0.0185874	0	0.428571	1
374	294	183	291	182	70	71	0.00743494	0	0.402198	2
375	713	278	715	276	70	71	0.0111524	0	0.610989	1
376	224	133	229	132	70	72	0.0111524	0	0.292308	1
377	721	325	724	322	70	71	0.0223048	0	0.714286	1
378	339	208	340	207	70	71	0.00371747	0	0.457143	1
379	339	161	338	161	70	72	0.00185874	0	0.353846	2
380	238	147	236	147	70	71	0.00371747	0	0.323077	2
381	339	174	338	174	71	72	0.00185874	0	0.382418	2
382	248	152	244	152	71	76	0.00743494	0	0.334066	2
383	241	182	238	183	71	72	0.00743494	0	0.4	2
384	349	160	349	159	71	76	0.00185874	0	0.351648	1
385	188	171	188	165	71	72	0.0669145	0	0.375824	1
386	231	179	229	180	71	72	0.00557621	0	0.393407	2
387	170	197	170	197	71	72	0	0	0.432967	1
388	375	175	376	175	72	73	0.00185874	0	0.384615	1
389	281	168	278	168	72	73	0.00557621	0	0.369231	2
390	721	286	726	284	72	74	0.0167286	0	0.628571	1
391	373	207	375	207	72	73	0.00371747	0	0.454945	1
392	542	228	540	228	72	73	0.00371747	0	0.501099	2
393	704	284	711	284	72	75	0.0130112	0	0.624176	1
394	282	198	281	198	72	73	0.00185874	0	0.435165	2
395	382	188	385	189	72	74	0.00743494	0	0.413187	1
396	293	169	294	169	72	73	0.00185874	0	0.371429	1
397	348	177	349	177	72	73	0.00185874	0	0.389011	1
398	727	320	732	315	72	80	0.0557621	0	0.703297	1
399	237	153	235	154	72	73	0.00557621	0	0.336264	2
400	477	192	481	191	72	74	0.00929368	0	0.421978	1
401	518	198	508	199	72	79	0.0204461	0	0.435165	2
402	275	150	276	149	72	74	0.00371747	0	0.32967	1
403	238	120	237	120	72	73	0.00185874	0	0.263736	2
404	288	158	289	158	73	75	0.00185874	0	0.347253	1
405	339	176	339	176	73	74	0	0	0.386813	1
406	468	198	471	198	73	74	0.00557621	0	0.435165	1
407	151	203	153	203	73	74	0.00371747	0	0.446154	1
408	247	177	246	178	73	74	0.00371747	0	0.389011	2
409	425	179	425	178	73	74	0.00185874	0	0.393407	1
410	714	273	716	272	73	74	0.00557621	0	0.6	1
411	155	193	157	193	73	76	0.00371747	0	0.424176	1
412	358	167	358	166	73	74	0.00185874	0	0.367033	1
413	187	124	197	123	73	76	0.0204461	0	0.272527	1
414	519	188	518	189	73	75	0.00371747	0	0.413187	2
415	228	168	225	167	73	74	0.00743494	0	0.369231	2
416	334	166	335	166	73	75	0.00185874	0	0.364835	1
417	523	211	521	211	73	74	0.00371747	0	0.463736	2
418	314	191	316	191	73	74	0.00371747	0	0.41978	1
419	727	329	728	329	73	77	0.00185874	0	0.723077	1
420	533	210	525	210	73	78	0.0148699	0	0.461538	2
421	300	186	298	186	73	75	0.00371747	0	0.408791	2
422	245	167	244	168	73	75	0.00371747	0	0.367033	2
423	128	129	124	129	73	80	0.00743494	0	0.283516	2
424	483	216	484	215	73	75	0.00371747	0	0.474725	1
425	275	166	272	165	74	75	0.00743494	0	0.364835	2
426	379	178	381	178	74	75	0.00371747	0	0.391209	1
427	412	164	412	163	74	76	0.00185874	0	0.36044	1
428	523	227	519	226	74	76	0.00929368	0	0.498901	2
429	234	153	232	152	74	75	0.00557621	0	0.336264	2
430	283	200	282	199	74	75	0.00371747	0	0.43956	2
431	726	271	732	267	74	77	0.0408922	0	0.595604	1
432	280	180	275	180	74	76	0.00929368	0	0.395604	2
433	227	110	230	112	74	77	0.0130112	0	0.241758	1
434	293	171	295	171	74	78	0.00371747	0	0.375824	1
435	415	180	415	179	74	75	0.00185874	0	0.395604	1
436	237	128	240	128	74	77	0.00557621	0	0.281319	1
437	438	194	434	194	74	78	0.00743494	0	0.426374	2
438	181	146	176	147	75	78	0.0111524	0	0.320879	2
439	342	176	345	178	75	80	0.0130112	0	0.386813	1
440	730	284	733	283	75	76	0.00743494	0	0.624176	1
441	269	193	266	193	75	76	0.00557621	0	0.424176	2
442	358	167	359	167	75	76	0.00185874	0	0.367033	1
443	480	192	483	192	75	76	0.00557621	0	0.421978	1
444	247	181	245	182	75	76	0.00557621	0	0.397802	2
445	278	153	279	152	75	77	0.00371747	0	0.336264	1
446	532	229	527	228	75	80	0.0111524	0	0.503297	2
447	230	166	228	165	75	76	0.00557621	0	0.364835	2
448	387	211	389	211	75	76	0.00371747	0	0.463736	1
449	232	182	229	185	75	77	0.0223048	0	0.4	2
450	219	165	216	164	75	76	0.00743494	0	0.362637	2
451	176	201	178	202	75	78	0.00557621	0	0.441758	1
452	196	196	201	197	75	77	0.0111524	0	0.430769	1
453	406	191	403	190	75	80	0.00743494	0	0.41978	2
454	519	208	511	207	75	79	0.0167286	0	0.457143	2
455	175	136	173	136	75	76	0.00371747	0	0.298901	2
456	222	153	215	152	75	79	0.0148699	0	0.336264	2
457	484	214	494	213	76	80	0.0204461	0	0.47033	1
458	232	152	230	151	76	77	0.00557621	0	0.334066	2
459	291	159	291	159	76	77	0	0	0.349451	1
460	270	168	264	169	76	78	0.0130112	0	0.369231	2
461	717	287	719	285	76	77	0.0111524	0	0.630769	1
462	322	195	324	195	76	77	0.00371747	0	0.428571	1
463	417	180	416	179	76	79	0.00371747	0	0.395604	2
464	185	204	184	204	76	77	0.00185874	0	0.448352	2
465	226	142	224	141	76	77	0.00557621	0	0.312088	2
466	514	189	508	187	76	80	0.0185874	0	0.415385	2
467	276	191	273	192	76	77	0.00743494	0	0.41978	2
468	406	152	407	152	76	77	0.00185874	0	0.334066	1
469	825	119	822	118	76	80	0.00743494	0	0.261538	2
470	430	178	429	177	77	79	0.00371747	0	0.391209	2
471	135	208	136	206	77	78	0.00929368	0	0.457143	1
472	348	165	349	165	77	78	0.00185874	0	0.362637	1
473	362	174	365	176	77	79	0.0130112	0	0.382418	1
474	242	152	240	152	77	80	0.00371747	0	0.334066	2
475	518	226	516	228	77	79	0.0111524	0	0.496703	2
476	200	124	209	124	77	80	0.0167286	0	0.272527	1
477	720	268	720	268	77	78	0	0	0.589011	1
478	391	209	393	209	77	78	0.00371747	0	0.459341	1
479	413	163	412	163	77	78	0.00185874	0	0.358242	2
480	284	183	284	183	77	78	0	0	0.402198	1
481	382	176	384	176	77	78	0.00371747	0	0.386813	1
482	379	209	379	209	77	78	0	0	0.459341	1
483	245	181	243	180	77	79	0.00557621	0	0.397802	2
484	224	129	226	128	77	80	0.00557621	0	0.283516	1
485	306	165	304	164	77	80	0.00557621	0	0.362637	2
486	215	165	212	165	77	78	0.00557621	0	0.362637	2
487	358	164	358	164	77	78	0	0	0.36044	1
488	482	199	488	198	77	79	0.0130112	0	0.437363	1
489	392	160	389	159	78	80	0.00743494	0	0.351648	2
490	722	284	725	279	78	80	0.0520446	0	0.624176	1
491	229	151	227	151	78	79	0.00371747	0	0.331868	2
492	240	128	240	127	78	80	0.00185874	0	0.281319	1
493	327	196	326	195	78	79	0.00371747	0	0.430769	2
494	488	188	489	188	78	79	0.00185874	0	0.413187	1
495	161	214	158	214	78	80	0.00557621	0	0.47033	2
496	281	152	281	151	78	80	0.00185874	0	0.334066	1
497	409	153	409	153	78	79	0	0	0.336264	1
498	732	266	733	263	78	79	0.0185874	0	0.584615	1
499	223	185	221	184	78	79	0.00557621	0	0.406593	2
500	712	284	713	283	78	80	0.00371747	0	0.624176	1
501	274	162	274	162	78	79	0	0	0.356044	1
502	231	112	231	112	78	79	0	0	0.246154	1
503	513	217	508	216	78	80	0.0111524	0	0.476923	2
504	225	165	220	166	78	80	0.0111524	0	0.362637	2
505	422	144	421	143	79	80	0.00371747	0	0.316484	2
506	170	152	168	151	79	80	0.00557621	0	0.334066	2
507	742	278	742	277	79	80	0.00185874	0	0.610989	1
508	355	168	355	168	79	80	0	0	0.369231	1
509	395	210	395	209	79	80	0.00185874	0	0.461538	1
510	390	197	390	197	79	80	0	0	0.432967	1
511	262	171	259	172	79	80	0.00743494	0	0.375824	2
512	717	268	715	267	79	80	0.00557621	0	0.589011	2
513	173	200	173	200	79	80	0	0	0.43956	1
514	287	184	287	184	79	80	0	0	0.404396	1
515	412	164	411	164	79	80	0.00185874	0	0.36044	2
516	237	137	236	135	79	80	0.00929368	0	0.301099	2
517	380	199	381	199	79	80	0.00185874	0	0.437363	1
518	362	195	363	195	79	80	0.00185874	0	0.428571	1
519	433	194	431	193	79	80	0.00557621	0	0.426374	2
520	411	143	410	143	79	80	0.00185874	0	0.314286	2