
0	589	222	523	224	52	83	0.331754	0	0.487912	2
1	453	254	448	252	52	54	0.042654	0	0.558242	2
2	696	331	689	337	52	59	0.203791	0	0.727473	2
3	402	253	398	252	53	55	0.0236967	0	0.556044	2
4	393	235	391	234	53	54	0.014218	0	0.516484	2
5	797	422	795	422	54	55	0.00947867	0	0.927473	2
6	405	270	395	265	54	57	0.165877	0	0.593407	2
7	677	311	671	313	54	58	0.0473934	0	0.683516	2
8	601	369	600	370	54	56	0.00947867	0	0.810989	2
9	303	110	299	110	54	59	0.0189573	0	0.241758	2
10	227	238	216	242	54	68	0.127962	0	0.523077	2
11	514	273	510	274	54	55	0.0236967	0	0.6	2
12	491	268	488	266	55	56	0.0331754	0	0.589011	2
13	802	438	800	439	55	57	0.014218	0	0.962637	2
14	393	240	391	239	55	56	0.014218	0	0.527473	2
15	435	263	432	262	55	56	0.0189573	0	0.578022	2
16	786	197	782	200	55	61	0.0616114	0	0.432967	2
17	634	369	633	369	55	56	0.00473934	0	0.810989	2
18	445	255	442	253	55	56	0.0331754	0	0.56044	2
19	213	167	212	171	55	60	0.0805687	0	0.367033	2
20	632	328	632	331	55	58	0.042654	0	0.720879	1
21	782	443	781	444	55	56	0.00947867	0	0.973626	2
22	613	343	632	345	55	63	0.109005	0	0.753846	1
23	795	424	793	424	56	57	0.00947867	0	0.931868	2
24	387	229	386	228	56	57	0.00947867	0	0.503297	2
25	398	252	396	251	56	57	0.014218	0	0.553846	2
26	434	243	431	240	56	57	0.056872	0	0.534066	2
27	329	231	325	232	56	58	0.0236967	0	0.507692	2
28	415	253	413	254	56	58	0.014218	0	0.556044	2
29	797	410	796	410	56	57	0.00473934	0	0.901099	2
30	795	206	792	208	56	60	0.0331754	0	0.452747	2
31	616	398	609	400	56	60	0.0521327	0	0.874725	2
32	525	304	523	304	56	57	0.00947867	0	0.668132	2
33	175	237	174	238	56	57	0.00947867	0	0.520879	2
34	381	243	379	242	56	57	0.014218	0	0.534066	2
35	487	264	483	261	57	58	0.0616114	0	0.58022	2
36	601	372	606	376	57	60	0.0995261	0	0.817582	1
37	634	343	644	341	57	60	0.0663507	0	0.753846	1
38	389	240	387	239	57	58	0.014218	0	0.527473	2
39	467	271	463	268	57	60	0.0616114	0	0.595604	2
40	806	417	805	418	57	59	0.00947867	0	0.916484	2
41	441	237	415	232	57	64	0.241706	0	0.520879	2
42	358	240	358	239	57	58	0.00473934	0	0.527473	1
43	513	298	511	298	57	58	0.00947867	0	0.654945	2
44	357	227	349	223	57	70	0.113744	0	0.498901	2
45	689	316	683	323	57	67	0.260664	0	0.694505	2
46	394	265	390	263	58	60	0.0379147	0	0.582418	2
47	806	204	803	205	58	64	0.0189573	0	0.448352	2
48	394	251	385	249	58	63	0.0616114	0	0.551648	2
49	187	243	186	243	58	59	0.00473934	0	0.534066	2
50	436	248	431	247	58	59	0.028436	0	0.545055	2
51	396	295	393	297	58	61	0.0331754	0	0.648352	2
52	781	450	780	451	58	59	0.00947867	0	0.989011	2
53	430	259	427	258	58	59	0.0189573	0	0.569231	2
54	427	300	426	300	58	59	0.00473934	0	0.659341	2
55	521	276	517	275	58	59	0.0236967	0	0.606593	2
56	171	243	171	244	58	59	0.00473934	0	0.534066	1
57	493	259	490	256	58	59	0.056872	0	0.569231	2
58	203	191	201	192	58	62	0.014218	0	0.41978	2
59	377	243	374	243	58	60	0.014218	0	0.534066	2
60	521	302	509	299	58	62	0.0995261	0	0.663736	2
61	791	421	790	421	59	60	0.00473934	0	0.925275	2
62	413	253	407	252	59	63	0.0331754	0	0.556044	2
63	351	235	346	232	59	66	0.0663507	0	0.516484	2
64	325	232	324	232	59	60	0.00473934	0	0.50989	2
65	672	313	666	315	59	62	0.0473934	0	0.687912	2
66	215	303	212	304	59	64	0.0189573	0	0.665934	2
67	630	340	645	336	59	64	0.146919	0	0.747253	1
68	199	263	198	263	59	61	0.00473934	0	0.578022	2
69	385	238	375	235	59	65	0.0900474	0	0.523077	2
70	186	233	202	235	59	67	0.0947867	0	0.512088	1
71	806	429	805	428	59	60	0.00947867	0	0.942857	2
72	199	149	198	155	59	63	0.175355	0	0.327473	2
73	691	336	694	337	60	63	0.0189573	0	0.738462	1
74	486	256	483	254	60	61	0.0331754	0	0.562637	2
75	293	106	289	111	60	65	0.137441	0	0.232967	2
76	340	236	332	234	60	76	0.056872	0	0.518681	2
77	392	273	390	272	60	63	0.014218	0	0.6	2
78	394	228	391	226	60	62	0.0331754	0	0.501099	2
79	427	247	415	244	60	63	0.0995261	0	0.542857	2
80	290	87	288	91	60	65	0.0853081	0	0.191209	2
81	438	250	436	249	60	61	0.014218	0	0.549451	2
82	318	242	314	241	60	65	0.0236967	0	0.531868	2
83	801	416	800	416	60	61	0.00473934	0	0.914286	2
84	495	236	468	237	60	74	0.132701	0	0.518681	2
85	171	247	180	255	60	66	0.345972	0	0.542857	1
86	186	245	186	246	60	61	0.00473934	0	0.538462	1
87	430	311	427	310	60	61	0.0189573	0	0.683516	2
88	678	295	676	295	60	61	0.00947867	0	0.648352	2
89	428	258	422	255	60	63	0.07109	0	0.567033	2
90	801	445	799	445	60	63	0.00947867	0	0.978022	2
91	778	449	763	440	60	90	0.454976	0	0.986813	2
92	639	352	640	349	60	61	0.0473934	0	0.773626	1
93	476	255	468	251	60	63	0.113744	0	0.56044	2
94	389	262	387	261	61	63	0.014218	0	0.575824	2
95	790	421	789	421	61	63	0.00473934	0	0.925275	2
96	382	223	380	220	61	62	0.0521327	0	0.49011	2
97	668	262	657	271	61	66	0.436019	0	0.575824	2
98	794	207	792	207	61	64	0.00947867	0	0.454945	2
99	648	339	651	338	61	62	0.0189573	0	0.745055	1
100	415	234	408	233	61	63	0.0379147	0	0.514286	2
101	674	272	666	281	61	65	0.421801	0	0.597802	2
102	462	268	451	269	61	63	0.056872	0	0.589011	2
103	793	194	791	194	61	63	0.00947867	0	0.426374	2
104	783	204	783	204	62	63	0	0	0.448352	1
105	435	277	435	277	62	63	0	0	0.608791	1
106	481	254	478	253	62	63	0.0189573	0	0.558242	2
107	369	195	368	195	62	63	0.00473934	0	0.428571	2
108	799	420	798	419	62	63	0.00947867	0	0.923077	2
109	435	249	431	248	62	64	0.0236967	0	0.547253	2
110	493	305	491	305	62	65	0.00947867	0	0.67033	2
111	643	348	644	346	62	63	0.0236967	0	0.764835	1
112	315	221	308	217	62	65	0.109005	0	0.485714	2
113	675	297	673	298	62	63	0.014218	0	0.652747	2
114	588	272	586	271	62	63	0.014218	0	0.597802	2
115	431	290	429	289	62	63	0.014218	0	0.637363	2
116	357	152	355	154	62	64	0.028436	0	0.334066	2
117	303	225	253	218	63	90	0.469194	0	0.494505	2
118	796	409	796	409	63	64	0	0	0.898901	1
119	447	284	443	282	63	68	0.0379147	0	0.624176	2
120	395	296	393	295	63	65	0.014218	0	0.650549	2
121	385	284	383	284	63	64	0.00947867	0	0.624176	2
122	496	295	489	294	63	64	0.0379147	0	0.648352	2
123	387	263	383	261	64	66	0.0379147	0	0.578022	2
124	789	421	788	421	64	65	0.00473934	0	0.925275	2
125	800	450	797	449	64	71	0.0189573	0	0.989011	2
126	655	340	658	339	64	65	0.0189573	0	0.747253	1
127	384	249	382	248	64	65	0.014218	0	0.547253	2
128	782	201	782	201	64	65	0	0	0.441758	1
129	370	198	372	200	64	68	0.028436	0	0.435165	1
130	405	235	401	234	64	65	0.0236967	0	0.516484	2
131	477	254	474	254	64	65	0.014218	0	0.558242	2
132	711	375	708	372	64	74	0.056872	0	0.824176	2
133	467	250	457	247	64	67	0.0900474	0	0.549451	2
134	198	157	201	157	64	68	0.014218	0	0.345055	1
135	215	179	214	179	64	65	0.00473934	0	0.393407	2
136	583	277	580	276	64	65	0.0189573	0	0.608791	2
137	772	207	774	207	64	69	0.00947867	0	0.454945	1
138	647	363	648	362	64	65	0.00947867	0	0.797802	1
139	695	338	692	335	64	69	0.056872	0	0.742857	2
140	224	285	225	283	64	67	0.0236967	0	0.626374	1
141	226	179	218	176	64	70	0.0805687	0	0.393407	2
142	790	217	790	216	64	68	0.00473934	0	0.476923	1
143	374	256	365	254	64	69	0.0616114	0	0.562637	2
144	440	171	438	173	64	70	0.028436	0	0.375824	2
145	591	254	579	249	64	70	0.175355	0	0.558242	2
146	798	440	794	439	64	74	0.0236967	0	0.967033	2
147	673	310	671	311	64	65	0.014218	0	0.681319	2
148	415	243	409	241	64	66	0.0473934	0	0.534066	2
149	578	253	574	253	64	66	0.0189573	0	0.556044	2
150	624	376	626	377	64	66	0.014218	0	0.826374	1
151	608	400	609	396	65	67	0.0805687	0	0.879121	1
152	803	207	802	205	65	71	0.0236967	0	0.454945	2
153	376	216	374	214	65	66	0.028436	0	0.474725	2
154	390	236	388	235	65	66	0.014218	0	0.518681	2
155	420	255	418	255	65	66	0.00947867	0	0.56044	2
156	430	247	428	246	65	66	0.014218	0	0.542857	2
157	793	207	792	206	65	67	0.00947867	0	0.454945	2
158	390	272	379	269	65	69	0.0947867	0	0.597802	2
159	199	193	197	193	65	66	0.00947867	0	0.424176	2
160	788	421	787	421	66	67	0.00473934	0	0.925275	2
161	662	339	671	335	66	68	0.118483	0	0.745055	1
162	639	378	639	378	66	67	0	0	0.830769	1
163	381	248	378	247	66	67	0.0189573	0	0.545055	2
164	212	303	213	302	66	68	0.00947867	0	0.665934	1
165	655	318	652	318	66	67	0.014218	0	0.698901	2
166	565	268	562	267	66	67	0.0189573	0	0.589011	2
167	782	201	783	200	66	68	0.00947867	0	0.441758	1
168	803	416	802	417	66	67	0.00947867	0	0.914286	2
169	289	112	291	110	66	71	0.028436	0	0.246154	1
170	400	231	396	231	66	67	0.0189573	0	0.507692	2
171	211	179	199	174	66	70	0.175355	0	0.393407	2
172	306	218	295	213	66	70	0.170616	0	0.479121	2
173	371	244	369	244	66	67	0.00947867	0	0.536264	2
174	356	196	354	197	66	68	0.014218	0	0.430769	2
175	670	312	667	312	66	67	0.014218	0	0.685714	2
176	288	94	296	88	66	74	0.208531	0	0.206593	1
177	663	282	654	282	66	68	0.042654	0	0.61978	2
178	583	273	568	271	66	74	0.0900474	0	0.6	2
179	627	387	628	385	66	67	0.0236967	0	0.850549	1
180	696	374	696	373	66	69	0.00473934	0	0.821978	1
181	391	251	389	250	66	67	0.014218	0	0.551648	2
182	475	265	466	262	66	68	0.0853081	0	0.582418	2
183	792	187	791	188	66	70	0.00947867	0	0.410989	2
184	385	295	383	295	66	67	0.00947867	0	0.648352	2
185	306	131	313	125	66	80	0.203791	0	0.287912	1
186	594	287	589	284	66	72	0.0663507	0	0.630769	2
187	381	261	373	258	67	70	0.0805687	0	0.573626	2
188	426	248	424	247	67	68	0.014218	0	0.545055	2
189	485	293	483	292	67	68	0.014218	0	0.643956	2
190	374	213	371	211	67	69	0.0331754	0	0.468132	2
191	414	256	412	256	67	68	0.00947867	0	0.562637	2
192	344	231	343	233	67	72	0.0236967	0	0.507692	2
193	653	272	648	272	67	68	0.0236967	0	0.597802	2
194	645	368	649	366	67	68	0.0379147	0	0.808791	1
195	183	257	177	250	67	90	0.260664	0	0.564835	2
196	414	290	412	289	67	68	0.014218	0	0.637363	2
197	209	252	209	252	67	68	0	0	0.553846	1
198	473	279	467	277	67	68	0.0473934	0	0.613187	2
199	782	245	781	244	67	69	0.00947867	0	0.538462	2
200	354	238	353	240	67	70	0.0236967	0	0.523077	2
201	787	421	786	422	68	70	0.00947867	0	0.925275	2
202	454	251	441	249	68	71	0.0805687	0	0.551648	2
203	399	234	394	233	68	69	0.028436	0	0.514286	2
204	560	266	555	266	68	70	0.0236967	0	0.584615	2
205	663	312	659	312	68	69	0.0189573	0	0.685714	2
206	428	266	426	265	68	69	0.014218	0	0.584615	2
207	653	320	649	320	68	70	0.0189573	0	0.703297	2
208	357	167	353	167	68	70	0.0189573	0	0.367033	2
209	803	419	802	420	68	69	0.00947867	0	0.920879	2
210	375	231	373	231	68	69	0.00947867	0	0.507692	2
211	492	305	489	303	68	70	0.0331754	0	0.67033	2
212	400	310	392	299	68	75	0.611374	0	0.681319	2
213	367	190	359	192	68	71	0.056872	0	0.417582	2
214	444	160	444	158	68	71	0.0189573	0	0.351648	1
215	463	290	458	289	68	69	0.028436	0	0.637363	2
216	365	244	363	244	68	69	0.00947867	0	0.536264	2
217	483	290	479	288	69	70	0.0379147	0	0.637363	2
218	677	335	681	334	69	70	0.0236967	0	0.736264	1
219	674	313	672	321	69	70	0.312796	0	0.687912	2
220	216	304	219	306	69	73	0.0331754	0	0.668132	1
221	792	213	793	212	69	71	0.00947867	0	0.468132	1
222	462	263	449	262	69	71	0.0663507	0	0.578022	2
223	638	365	637	364	69	70	0.00947867	0	0.802198	2
224	412	258	410	257	69	70	0.014218	0	0.567033	2
225	664	394	666	395	69	70	0.014218	0	0.865934	1
226	299	111	302	108	69	72	0.056872	0	0.243956	1
227	208	252	208	252	69	70	0	0	0.553846	1
228	205	303	203	301	69	74	0.028436	0	0.665934	2
229	473	284	469	283	69	70	0.0236967	0	0.624176	2
230	652	282	647	282	69	70	0.0236967	0	0.61978	2
231	459	252	455	250	69	70	0.0379147	0	0.553846	2
232	204	158	214	156	69	73	0.0663507	0	0.347253	1
233	787	200	787	199	70	71	0.00473934	0	0.43956	1
234	369	211	365	210	70	72	0.0236967	0	0.463736	2
235	651	360	657	359	70	71	0.0331754	0	0.791209	1
236	804	423	803	424	70	71	0.00947867	0	0.92967	2
237	694	372	693	372	70	72	0.00473934	0	0.817582	2
238	454	291	451	291	70	71	0.014218	0	0.63956	2
239	366	248	364	246	70	71	0.028436	0	0.545055	2
240	776	207	776	207	70	73	0	0	0.454945	1
241	378	268	374	267	70	72	0.0236967	0	0.589011	2
242	376	298	373	297	70	71	0.0189573	0	0.654945	2
243	298	235	294	234	70	73	0.0236967	0	0.516484	2
244	561	256	550	254	70	74	0.07109	0	0.562637	2
245	438	279	434	277	70	71	0.0379147	0	0.613187	2
246	780	245	785	244	70	74	0.028436	0	0.538462	1
247	372	257	359	251	71	77	0.232227	0	0.564835	2
248	667	398	665	396	71	75	0.028436	0	0.874725	2
249	686	334	706	334	71	74	0.0947867	0	0.734066	1
250	197	173	193	172	71	72	0.0236967	0	0.38022	2
251	661	388	660	387	71	72	0.00947867	0	0.852747	2
252	552	267	544	266	71	75	0.042654	0	0.586813	2
253	638	365	635	362	71	78	0.056872	0	0.802198	2
254	295	213	289	212	71	74	0.0331754	0	0.468132	2
255	350	243	349	243	71	72	0.00473934	0	0.534066	2
256	353	171	345	169	71	74	0.056872	0	0.375824	2
257	226	285	228	287	71	73	0.028436	0	0.626374	1
258	351	202	350	202	71	72	0.00473934	0	0.443956	2
259	454	276	449	276	71	72	0.0236967	0	0.606593	2
260	640	275	636	274	71	72	0.0236967	0	0.604396	2
261	300	203	286	201	71	78	0.0853081	0	0.446154	2
262	418	263	417	261	71	72	0.0236967	0	0.578022	2
263	370	228	367	228	71	72	0.014218	0	0.501099	2
264	667	323	650	322	71	73	0.0853081	0	0.70989	2
265	189	408	181	400	71	90	0.341232	0	0.896703	2
266	276	268	274	267	71	73	0.014218	0	0.589011	2
267	798	451	791	444	72	90	0.265403	0	0.991209	2
268	802	205	801	204	72	73	0.00947867	0	0.450549	2
269	782	423	779	420	72	77	0.056872	0	0.92967	2
270	792	205	791	204	72	73	0.00947867	0	0.450549	2
271	685	361	688	361	72	73	0.014218	0	0.793407	1
272	438	245	433	244	72	73	0.028436	0	0.538462	2
273	450	293	445	292	72	75	0.028436	0	0.643956	2
274	675	382	675	382	72	73	0	0	0.83956	1
275	360	247	357	245	72	73	0.0331754	0	0.542857	2
276	651	365	650	364	72	74	0.00947867	0	0.802198	2
277	804	424	802	425	72	74	0.014218	0	0.931868	2
278	439	172	438	171	72	73	0.00947867	0	0.378022	2
279	794	215	796	212	72	74	0.0521327	0	0.472527	1
280	228	252	228	252	72	73	0	0	0.553846	1
281	469	287	461	286	72	73	0.042654	0	0.630769	2
282	446	263	424	259	72	78	0.180095	0	0.578022	2
283	203	168	209	170	72	75	0.0473934	0	0.369231	1
284	655	332	654	331	72	73	0.00947867	0	0.72967	2
285	209	253	203	252	72	78	0.0331754	0	0.556044	2
286	377	232	374	231	72	73	0.0189573	0	0.50989	2
287	791	188	787	183	72	82	0.137441	0	0.413187	2
288	776	399	769	392	72	83	0.265403	0	0.876923	2
289	794	421	792	420	72	74	0.014218	0	0.925275	2
290	549	284	545	281	72	78	0.0616114	0	0.624176	2
291	463	205	450	207	72	83	0.0805687	0	0.450549	2
292	220	242	216	243	72	78	0.0236967	0	0.531868	2
293	122	140	114	133	72	85	0.270142	0	0.307692	2
294	346	233	345	232	73	74	0.00947867	0	0.512088	2
295	303	107	306	103	73	76	0.0900474	0	0.235165	1
296	693	373	698	370	73	74	0.0663507	0	0.81978	1
297	190	174	160	162	73	82	0.824645	0	0.382418	2
298	368	213	365	212	73	74	0.0189573	0	0.468132	2
299	444	250	440	249	73	74	0.0236967	0	0.549451	2
300	374	267	372	266	73	74	0.014218	0	0.586813	2
301	49	105	41	97	73	90	0.341232	0	0.230769	2
302	629	275	624	274	73	74	0.028436	0	0.604396	2
303	674	347	705	360	73	78	0.947867	0	0.762637	1
304	670	361	676	361	73	74	0.028436	0	0.793407	1
305	417	246	413	243	73	76	0.0616114	0	0.540659	2
306	784	441	777	435	73	82	0.203791	0	0.969231	2
307	296	224	268	222	73	90	0.151659	0	0.492308	2
308	793	252	793	251	73	77	0.00473934	0	0.553846	1
309	620	307	593	300	73	80	0.36019	0	0.674725	2
310	791	199	791	197	74	75	0.0189573	0	0.437363	1
311	779	187	772	179	74	90	0.336493	0	0.410989	2
312	218	306	215	304	74	79	0.0331754	0	0.672527	2
313	370	230	367	228	74	75	0.0331754	0	0.505495	2
314	347	202	346	202	74	75	0.00473934	0	0.443956	2
315	778	207	776	206	74	76	0.014218	0	0.454945	2
316	777	197	775	195	74	77	0.028436	0	0.432967	2
317	637	287	611	282	74	79	0.241706	0	0.630769	2
318	358	245	355	243	74	75	0.0331754	0	0.538462	2
319	803	202	802	201	74	75	0.00947867	0	0.443956	2
320	402	251	398	251	74	75	0.0189573	0	0.551648	2
321	437	172	436	172	74	77	0.00473934	0	0.378022	2
322	787	453	780	446	74	90	0.265403	0	0.995604	2
323	237	238	248	237	74	77	0.056872	0	0.523077	1
324	231	287	232	288	74	76	0.00947867	0	0.630769	1
325	219	151	228	154	74	90	0.0853081	0	0.331868	1
326	787	224	788	222	74	76	0.0236967	0	0.492308	1
327	662	387	661	386	74	75	0.00947867	0	0.850549	2
328	683	362	688	363	75	76	0.028436	0	0.795604	1
329	435	245	429	242	75	78	0.07109	0	0.538462	2
330	793	440	788	432	75	90	0.327014	0	0.967033	2
331	466	239	454	232	75	90	0.2891	0	0.525275	2
332	288	213	270	212	75	83	0.0900474	0	0.468132	2
333	298	86	306	83	75	84	0.0805687	0	0.189011	1
334	227	309	212	300	75	85	0.454976	0	0.679121	2
335	650	363	648	362	75	77	0.014218	0	0.797802	2
336	703	331	723	328	75	78	0.137441	0	0.727473	1
337	425	243	423	240	75	76	0.0521327	0	0.534066	2
338	362	211	357	208	75	77	0.0663507	0	0.463736	2
339	364	264	354	261	75	78	0.0900474	0	0.58022	2
340	801	430	797	428	75	80	0.0379147	0	0.945055	2
341	378	239	358	237	75	82	0.113744	0	0.525275	2
342	567	271	561	270	75	76	0.0331754	0	0.595604	2
343	458	222	450	220	75	81	0.056872	0	0.487912	2
344	691	378	693	377	75	76	0.014218	0	0.830769	1
345	388	259	350	254	75	90	0.298578	0	0.569231	2
346	797	212	798	210	75	77	0.0236967	0	0.465934	1
347	618	271	606	267	75	77	0.132701	0	0.595604	2
348	441	161	440	161	75	76	0.00473934	0	0.353846	2
349	444	293	442	291	76	77	0.028436	0	0.643956	2
350	346	202	344	201	76	77	0.014218	0	0.443956	2
351	791	197	791	195	76	77	0.0189573	0	0.432967	1
352	395	251	388	250	76	78	0.0379147	0	0.551648	2
353	357	238	351	236	76	78	0.0473934	0	0.523077	2
354	391	297	388	295	76	77	0.0331754	0	0.652747	2
355	787	241	787	238	76	77	0.042654	0	0.52967	1
356	342	230	338	229	76	77	0.0236967	0	0.505495	2
357	714	357	719	356	76	77	0.028436	0	0.784615	1
358	349	248	330	241	76	83	0.322275	0	0.545055	2
359	80	137	80	136	76	78	0.00473934	0	0.301099	1
360	222	290	218	288	76	80	0.0379147	0	0.637363	2
361	631	315	626	311	76	77	0.0995261	0	0.692308	2
362	655	331	647	325	76	78	0.208531	0	0.727473	2
363	624	301	612	297	76	78	0.132701	0	0.661538	2
364	778	205	772	199	77	89	0.199052	0	0.450549	2
365	448	232	444	230	77	82	0.0379147	0	0.50989	2
366	225	253	220	252	77	79	0.028436	0	0.556044	2
367	728	329	744	327	77	80	0.0947867	0	0.723077	1
368	307	101	309	100	77	80	0.014218	0	0.221978	1
369	556	269	545	267	77	79	0.07109	0	0.591209	2
370	410	241	368	228	77	90	1	0	0.52967	2
371	231	284	231	282	77	78	0.0189573	0	0.624176	1
372	441	159	440	157	77	80	0.0236967	0	0.349451	2
373	333	169	328	168	77	78	0.028436	0	0.371429	2
374	336	240	334	238	77	78	0.028436	0	0.527473	2
375	794	419	787	415	77	83	0.109005	0	0.920879	2
376	420	240	416	237	77	79	0.0616114	0	0.527473	2
377	257	414	251	408	77	90	0.199052	0	0.90989	2
378	440	262	433	261	77	79	0.0379147	0	0.575824	2
379	356	251	339	246	78	84	0.199052	0	0.551648	2
380	440	291	431	292	78	80	0.0473934	0	0.63956	2
381	779	420	774	415	78	87	0.14218	0	0.923077	2
382	709	390	707	388	78	81	0.028436	0	0.857143	2
383	342	200	339	199	78	79	0.0189573	0	0.43956	2
384	776	194	770	188	78	90	0.199052	0	0.426374	2
385	789	238	794	235	78	81	0.0663507	0	0.523077	1
386	794	196	793	194	78	79	0.0236967	0	0.430769	2
387	691	370	689	368	78	81	0.028436	0	0.813187	2
388	356	208	349	207	78	81	0.0379147	0	0.457143	2
389	804	206	805	204	78	80	0.0236967	0	0.452747	1
390	648	362	647	361	78	79	0.00947867	0	0.795604	2
391	445	281	425	268	78	87	0.895735	0	0.617582	2
392	346	214	343	213	78	79	0.0189573	0	0.47033	2
393	722	341	729	340	78	80	0.0379147	0	0.749451	1
394	436	172	435	171	78	79	0.00947867	0	0.378022	2
395	243	188	242	185	78	82	0.0473934	0	0.413187	2
396	243	241	251	241	78	80	0.0379147	0	0.52967	1
397	728	328	733	327	79	80	0.028436	0	0.720879	1
398	232	288	233	288	79	80	0.00473934	0	0.632967	1
399	350	235	339	231	79	83	0.127962	0	0.516484	2
400	353	260	342	257	79	83	0.0947867	0	0.571429	2
401	202	298	201	296	79	81	0.0236967	0	0.654945	2
402	634	361	628	355	79	89	0.199052	0	0.793407	2
403	418	247	417	246	79	80	0.00947867	0	0.542857	2
404	325	169	309	167	79	83	0.0947867	0	0.371429	2
405	386	251	382	250	79	80	0.0236967	0	0.551648	2
406	340	232	335	229	79	81	0.0663507	0	0.50989	2
407	541	251	538	250	79	80	0.0189573	0	0.551648	2
408	607	333	600	328	79	85	0.151659	0	0.731868	2
409	242	260	238	259	79	80	0.0236967	0	0.571429	2
410	440	248	436	242	79	86	0.189573	0	0.545055	2
411	601	275	571	271	79	84	0.218009	0	0.604396	2
412	214	304	211	301	80	83	0.056872	0	0.668132	2
413	341	215	338	213	80	81	0.0331754	0	0.472527	2
414	786	203	785	202	80	81	0.00947867	0	0.446154	2
415	705	369	701	366	80	84	0.0616114	0	0.810989	2
416	716	356	720	354	80	81	0.0379147	0	0.782418	1
417	216	250	199	242	80	88	0.383886	0	0.549451	2
418	599	315	596	316	80	81	0.0189573	0	0.692308	2
419	647	361	643	356	80	89	0.137441	0	0.793407	2
420	796	194	797	193	80	83	0.00947867	0	0.426374	1
421	334	200	327	200	80	81	0.0331754	0	0.43956	2
422	435	172	434	171	80	81	0.00947867	0	0.378022	2
423	605	283	600	284	80	81	0.028436	0	0.621978	2
424	376	299	368	298	80	83	0.042654	0	0.657143	2
425	282	203	280	202	80	81	0.014218	0	0.446154	2
426	417	239	414	239	81	82	0.014218	0	0.525275	2
427	426	292	421	291	81	82	0.028436	0	0.641758	2
428	534	258	531	257	81	82	0.0189573	0	0.567033	2
429	751	328	757	326	81	82	0.0473934	0	0.720879	1
430	806	204	808	203	81	84	0.014218	0	0.448352	1
431	309	107	322	102	81	90	0.180095	0	0.235165	1
432	740	326	747	324	81	82	0.0521327	0	0.716484	1
433	310	97	324	92	81	90	0.184834	0	0.213187	1
434	797	426	795	424	81	83	0.028436	0	0.936264	2
435	378	250	369	245	81	83	0.161137	0	0.549451	2
436	217	174	215	172	81	85	0.028436	0	0.382418	2
437	518	217	503	212	81	87	0.189573	0	0.476923	2
438	729	369	731	369	81	82	0.00947867	0	0.810989	1
439	420	253	409	254	81	85	0.056872	0	0.556044	2
440	101	100	112	98	81	84	0.07109	0	0.21978	1
441	784	201	783	200	82	83	0.00947867	0	0.441758	2
442	261	249	263	250	82	83	0.014218	0	0.547253	1
443	798	237	807	232	82	90	0.161137	0	0.520879	1
444	595	317	585	313	82	85	0.123223	0	0.696703	2
445	429	170	428	169	82	84	0.00947867	0	0.373626	2
446	528	267	524	267	82	83	0.0189573	0	0.586813	2
447	337	215	335	213	82	83	0.028436	0	0.472527	2
448	347	210	343	210	82	83	0.0189573	0	0.461538	2
449	543	282	540	279	82	84	0.056872	0	0.61978	2
450	233	195	232	194	82	83	0.00947867	0	0.428571	2
451	430	160	429	158	82	84	0.0236967	0	0.351648	2
452	688	369	685	366	82	85	0.056872	0	0.810989	2
453	402	252	400	251	82	83	0.014218	0	0.553846	2
454	538	267	527	266	82	85	0.056872	0	0.586813	2
455	324	222	322	220	82	83	0.028436	0	0.487912	2
456	413	240	410	240	83	84	0.014218	0	0.527473	2
457	418	290	413	288	83	85	0.042654	0	0.637363	2
458	347	220	346	219	83	84	0.00947867	0	0.483516	2
459	444	230	442	227	83	90	0.0521327	0	0.505495	2
460	786	184	784	182	83	86	0.028436	0	0.404396	2
461	152	161	125	154	83	90	0.36019	0	0.353846	2
462	358	236	355	235	83	84	0.0189573	0	0.518681	2
463	298	194	294	193	83	84	0.0236967	0	0.426374	2
464	790	229	797	228	83	87	0.0379147	0	0.503297	1
465	450	220	450	217	83	85	0.042654	0	0.483516	1
466	385	266	368	260	83	90	0.251185	0	0.584615	2
467	735	455	733	452	83	90	0.0521327	0	1	2
468	813	249	813	249	83	87	0	0	0.547253	1
469	579	311	563	307	83	85	0.151659	0	0.683516	2
470	788	201	787	200	84	85	0.00947867	0	0.441758	2
471	798	191	799	191	84	86	0.00473934	0	0.41978	1
472	795	422	794	419	84	87	0.0473934	0	0.927473	2
473	398	253	394	253	84	85	0.0189573	0	0.556044	2
474	527	255	524	254	84	85	0.0189573	0	0.56044	2
475	269	212	263	212	84	90	0.028436	0	0.465934	2
476	455	201	454	197	84	86	0.0805687	0	0.441758	2
477	337	233	331	231	84	86	0.0473934	0	0.512088	2
478	767	325	773	324	84	85	0.0331754	0	0.714286	1
479	340	256	336	255	84	86	0.0236967	0	0.562637	2
480	330	207	328	205	84	85	0.028436	0	0.454945	2
481	274	202	268	201	84	90	0.0331754	0	0.443956	2
482	521	224	511	220	84	88	0.123223	0	0.492308	2
483	778	434	776	431	84	89	0.0521327	0	0.953846	2
484	521	266	518	265	84	85	0.0189573	0	0.584615	2
485	327	234	323	233	84	86	0.0236967	0	0.514286	2
486	262	258	264	258	84	85	0.00947867	0	0.567033	1
487	370	249	365	246	84	86	0.0663507	0	0.547253	2
488	107	123	109	123	84	86	0.00947867	0	0.27033	1
489	441	161	441	160	84	87	0.00473934	0	0.353846	1
490	407	240	404	239	85	86	0.0189573	0	0.527473	2
491	337	245	332	245	85	87	0.0236967	0	0.538462	2
492	350	222	347	221	85	87	0.0189573	0	0.487912	2
493	568	270	550	268	85	88	0.104265	0	0.593407	2
494	305	166	297	165	85	88	0.042654	0	0.364835	2
495	307	84	314	80	85	90	0.109005	0	0.184615	1
496	298	193	294	191	85	86	0.0379147	0	0.424176	2
497	701	366	700	365	85	89	0.00947867	0	0.804396	2
498	533	276	528	273	85	86	0.0663507	0	0.606593	2
499	246	185	246	184	85	89	0.00473934	0	0.406593	1
500	809	201	810	200	85	88	0.00947867	0	0.441758	1
501	428	159	428	159	85	87	0	0	0.349451	1
502	308	289	306	288	85	88	0.014218	0	0.635165	2
503	209	277	205	275	85	87	0.0379147	0	0.608791	2
504	431	169	432	169	85	87	0.00473934	0	0.371429	1
505	785	200	784	199	86	90	0.00947867	0	0.43956	2
506	412	288	411	291	86	88	0.0473934	0	0.632967	2
507	404	255	400	254	86	87	0.0236967	0	0.56044	2
508	686	365	685	364	86	90	0.00947867	0	0.802198	2
509	414	242	412	240	86	87	0.028436	0	0.531868	2
510	555	307	543	308	86	88	0.0616114	0	0.674725	2
511	322	216	320	216	86	87	0.00947867	0	0.474725	2
512	451	218	451	217	86	87	0.00473934	0	0.479121	1
513	525	248	515	246	86	89	0.0663507	0	0.545055	2
514	796	204	796	202	86	88	0.0189573	0	0.448352	1
515	344	241	342	240	86	87	0.014218	0	0.52967	2
516	516	260	512	257	86	87	0.0616114	0	0.571429	2
517	267	232	267	231	86	87	0.00473934	0	0.50989	1
518	375	243	369	241	86	88	0.0473934	0	0.534066	2
519	326	199	320	196	86	88	0.07109	0	0.437363	2
520	351	231	349	230	86	87	0.014218	0	0.507692	2
521	313	183	303	178	86	90	0.165877	0	0.402198	2
522	385	286	381	285	86	88	0.0236967	0	0.628571	2
523	292	192	289	193	87	88	0.0189573	0	0.421978	2
524	203	296	197	293	87	89	0.07109	0	0.650549	2
525	800	190	802	186	87	90	0.0853081	0	0.417582	1
526	322	79	326	77	87	90	0.0379147	0	0.173626	1
527	333	255	330	254	87	90	0.0189573	0	0.56044	2
528	324	228	320	227	87	89	0.0236967	0	0.501099	2
529	331	212	329	211	87	88	0.014218	0	0.465934	2
530	439	240	439	239	87	89	0.00473934	0	0.527473	1
531	454	194	454	194	87	90	0	0	0.426374	1
532	190	294	185	295	87	88	0.028436	0	0.646154	2
533	429	147	430	145	87	90	0.0236967	0	0.323077	1
534	513	267	509	265	87	88	0.0379147	0	0.586813	2
535	783	181	782	181	87	90	0.00473934	0	0.397802	2
536	341	211	339	210	87	88	0.014218	0	0.463736	2
537	344	251	342	250	87	88	0.014218	0	0.551648	2
538	794	418	793	417	88	89	0.00947867	0	0.918681	2
539	408	239	403	239	88	90	0.0236967	0	0.525275	2
540	342	223	340	222	88	89	0.014218	0	0.49011	2
541	396	254	393	253	88	89	0.0189573	0	0.558242	2
542	332	244	330	243	88	90	0.014218	0	0.536264	2
543	232	262	230	262	88	90	0.00947867	0	0.575824	2
544	266	261	266	260	88	90	0.00473934	0	0.573626	1
545	317	215	315	214	88	89	0.014218	0	0.472527	2
546	450	217	449	217	88	90	0.00473934	0	0.476923	2
547	423	270	421	268	88	90	0.028436	0	0.593407	2
548	276	255	286	256	88	90	0.0521327	0	0.56044	1
549	451	203	450	203	88	90	0.00473934	0	0.446154	2
550	346	233	343	232	88	90	0.0189573	0	0.512088	2
551	216	170	216	170	88	89	0	0	0.373626	1
552	806	455	804	454	88	90	0.014218	0	1	2
553	543	326	542	326	88	89	0.00473934	0	0.716484	2
554	501	212	498	212	88	89	0.014218	0	0.465934	2
555	438	172	440	171	88	90	0.014218	0	0.378022	1
556	413	294	412	294	89	90	0.00473934	0	0.646154	2
557	183	298	182	298	89	90	0.00473934	0	0.654945	2
558	285	194	282	193	89	90	0.0189573	0	0.426374	2
559	340	212	338	211	89	90	0.014218	0	0.465934	2
560	296	166	294	166	89	90	0.00947867	0	0.364835	2
561	198	242	196	242	89	90	0.00947867	0	0.531868	2
562	327	213	325	212	89	90	0.014218	0	0.468132	2
563	319	242	318	241	89	90	0.00947867	0	0.531868	2
564	508	221	505	221	89	90	0.014218	0	0.485714	2
565	226	193	223	196	89	90	0.056872	0	0.424176	2
566	507	264	503	263	89	90	0.0236967	0	0.58022	2
567	136	127	136	127	89	90	0	0	0.279121	1
568	785	455	785	454	89	90	0.00473934	0	1	1
569	193	260	191	259	89	90	0.014218	0	0.571429	2