
0	51	62	56	62	7	27	0.0242718	0	0.136564	1
1	579	185	578	184	8	9	0.00970874	0	0.407489	2
2	576	175	576	174	8	9	0.00485437	0	0.385463	1
3	636	200	634	198	10	13	0.0291262	0	0.440529	2
4	694	150	695	147	10	12	0.0485437	0	0.330396	1
5	715	161	716	160	10	11	0.00970874	0	0.354626	1
6	565	157	565	155	10	11	0.0194175	0	0.345815	1
7	640	186	640	184	10	11	0.0194175	0	0.409692	1
8	690	174	690	175	10	16	0.00485437	0	0.38326	1
9	381	322	381	322	10	12	0	0	0.709251	1
10	586	153	585	152	10	12	0.00970874	0	0.337004	2
11	708	182	708	182	10	14	0	0	0.400881	1
12	507	121	502	120	10	18	0.0291262	0	0.26652	2
13	574	285	570	287	10	38	0.038835	0	0.627753	2
14	153	112	174	119	10	45	0.339806	0	0.246696	1
15	52	267	50	265	10	20	0.0291262	0	0.588106	2
16	799	273	798	273	10	12	0.00485437	0	0.601322	2
17	706	145	706	145	11	12	0	0	0.319383	1
18	575	153	574	151	11	13	0.0242718	0	0.337004	2
19	603	167	603	164	11	12	0.0436893	0	0.367841	1
20	510	147	511	145	11	12	0.0242718	0	0.323789	1
21	719	150	720	150	11	12	0.00485437	0	0.330396	1
22	168	85	170	84	11	19	0.0145631	0	0.187225	1
23	711	135	729	142	11	45	0.325243	0	0.297357	1
24	708	223	708	222	11	12	0.00485437	0	0.491189	1
25	564	155	564	154	12	14	0.00485437	0	0.34141	1
26	584	188	584	187	12	13	0.00485437	0	0.414097	1
27	412	308	414	308	12	13	0.00970874	0	0.678414	1
28	643	184	643	182	12	13	0.0194175	0	0.405286	1
29	563	259	563	261	12	28	0.0194175	0	0.570485	1
30	717	164	717	163	12	13	0.00485437	0	0.361233	1
31	785	340	793	342	12	20	0.0582524	0	0.748899	1
32	527	160	527	157	12	15	0.0436893	0	0.352423	1
33	161	432	180	439	12	45	0.330097	0	0.951542	1
34	787	271	776	274	13	18	0.0970874	0	0.596916	2
35	779	291	769	297	13	19	0.223301	0	0.640969	2
36	619	174	619	173	13	14	0.00485437	0	0.38326	1
37	587	168	585	167	13	14	0.0145631	0	0.370044	2
38	603	162	603	160	13	14	0.0194175	0	0.356828	1
39	695	147	694	145	13	14	0.0242718	0	0.323789	2
40	90	65	90	66	13	18	0.00485437	0	0.143172	1
41	800	271	799	271	13	14	0.00485437	0	0.596916	2
42	497	95	495	95	13	14	0.00970874	0	0.209251	2
43	493	116	488	119	13	19	0.0679612	0	0.255507	2
44	573	257	574	258	13	30	0.00970874	0	0.566079	1
45	633	199	629	202	14	18	0.0631068	0	0.438326	2
46	574	153	573	152	14	15	0.00970874	0	0.337004	2
47	416	308	417	308	14	15	0.00485437	0	0.678414	1
48	643	182	641	181	14	15	0.0145631	0	0.400881	2
49	718	163	716	162	14	17	0.0145631	0	0.359031	2
50	587	189	586	189	14	15	0.00485437	0	0.4163	2
51	537	216	538	214	14	16	0.0242718	0	0.475771	1
52	279	111	273	111	14	19	0.0291262	0	0.244493	2
53	622	173	621	172	15	18	0.00970874	0	0.381057	2
54	701	148	701	145	15	19	0.0436893	0	0.325991	1
55	801	274	801	274	15	16	0	0	0.603524	1
56	606	160	605	161	15	18	0.00970874	0	0.352423	2
57	563	155	561	155	15	16	0.00970874	0	0.34141	2
58	585	164	583	163	15	16	0.0145631	0	0.361233	2
59	486	174	491	172	15	16	0.0436893	0	0.38326	1
60	631	188	629	188	15	17	0.00970874	0	0.414097	2
61	509	196	509	196	15	17	0	0	0.431718	1
62	62	96	80	102	15	45	0.262136	0	0.211454	1
63	264	120	262	119	15	17	0.0145631	0	0.264317	2
64	410	303	415	312	16	26	0.417476	0	0.667401	1
65	579	147	574	146	16	20	0.0291262	0	0.323789	2
66	420	308	425	315	16	23	0.262136	0	0.678414	1
67	702	176	700	176	16	18	0.00970874	0	0.387665	2
68	713	188	712	188	16	17	0.00485437	0	0.414097	2
69	771	230	758	233	16	21	0.106796	0	0.506608	2
70	492	94	460	94	16	28	0.15534	0	0.207048	2
71	558	169	559	168	16	17	0.00970874	0	0.372247	1
72	784	264	782	265	17	18	0.0145631	0	0.581498	2
73	780	238	755	239	17	26	0.126214	0	0.524229	2
74	691	177	691	177	17	19	0	0	0.389868	1
75	802	274	796	275	17	20	0.0339806	0	0.603524	2
76	560	155	555	154	17	19	0.0291262	0	0.34141	2
77	610	170	608	171	17	18	0.0145631	0	0.374449	2
78	581	162	579	162	17	18	0.00970874	0	0.356828	2
79	702	210	701	211	17	19	0.00970874	0	0.462555	2
80	704	200	704	201	18	20	0.00485437	0	0.440529	1
81	553	170	554	169	18	19	0.00970874	0	0.374449	1
82	569	165	570	164	18	19	0.00970874	0	0.363436	1
83	629	189	628	189	18	19	0.00485437	0	0.4163	2
84	709	164	708	164	18	21	0.00485437	0	0.361233	2
85	632	202	631	203	19	20	0.00970874	0	0.444934	2
86	773	274	770	274	19	20	0.0145631	0	0.603524	2
87	604	162	599	161	19	21	0.0291262	0	0.356828	2
88	621	171	620	171	19	20	0.00485437	0	0.376652	2
89	783	266	780	266	19	20	0.0145631	0	0.585903	2
90	90	67	93	69	19	31	0.0339806	0	0.147577	1
91	701	178	700	178	19	20	0.00485437	0	0.39207	2
92	324	81	340	88	19	44	0.315534	0	0.178414	1
93	702	147	702	151	20	25	0.0776699	0	0.323789	1
94	562	187	563	185	20	21	0.0242718	0	0.411894	1
95	556	154	553	154	20	21	0.0145631	0	0.339207	2
96	702	212	702	213	20	21	0.00485437	0	0.46696	1
97	815	332	800	331	20	22	0.0776699	0	0.731278	2
98	510	178	510	178	20	22	0	0	0.39207	1
99	690	179	684	181	20	29	0.0485437	0	0.394273	2
100	713	180	715	182	20	22	0.0291262	0	0.396476	1
101	604	171	598	170	20	22	0.0339806	0	0.376652	2
102	409	316	407	321	20	29	0.131068	0	0.696035	2
103	512	198	512	199	20	21	0.00485437	0	0.436123	1
104	570	156	568	156	20	21	0.00970874	0	0.343612	2
105	420	326	424	330	20	24	0.0970874	0	0.718062	1
106	207	431	225	438	20	45	0.325243	0	0.949339	1
107	148	149	167	156	20	45	0.330097	0	0.328194	1
108	620	173	618	173	21	22	0.00970874	0	0.381057	2
109	402	339	401	339	21	25	0.00485437	0	0.746696	2
110	419	194	446	196	21	37	0.150485	0	0.427313	1
111	490	122	457	123	21	31	0.165049	0	0.268722	2
112	45	297	55	311	21	45	1	0	0.654185	1
113	93	151	111	158	21	45	0.325243	0	0.332599	1
114	193	98	212	105	21	45	0.330097	0	0.215859	1
115	303	80	327	87	21	45	0.354369	0	0.176211	1
116	111	151	130	158	21	45	0.330097	0	0.332599	1
117	119	197	138	204	21	45	0.330097	0	0.433921	1
118	633	205	636	210	22	34	0.135922	0	0.451542	1
119	616	187	613	186	22	23	0.0194175	0	0.411894	2
120	570	184	573	183	22	23	0.0194175	0	0.405286	1
121	764	276	757	276	22	24	0.0339806	0	0.60793	2
122	756	235	750	235	22	24	0.0291262	0	0.517621	2
123	575	248	572	248	22	29	0.0145631	0	0.546256	2
124	558	152	555	153	22	24	0.0194175	0	0.334802	2
125	783	275	776	274	22	23	0.038835	0	0.605727	2
126	596	160	593	160	22	23	0.0145631	0	0.352423	2
127	715	223	712	220	22	32	0.0582524	0	0.491189	2
128	702	214	702	215	22	24	0.00485437	0	0.471366	1
129	709	166	707	169	22	26	0.0533981	0	0.365639	2
130	528	454	529	454	23	25	0.00485437	0	1	1
131	616	174	614	174	23	24	0.00970874	0	0.38326	2
132	572	147	572	146	23	24	0.00485437	0	0.323789	1
133	595	170	592	170	23	24	0.0145631	0	0.374449	2
134	714	182	713	183	23	26	0.00970874	0	0.400881	2
135	701	180	699	181	23	27	0.0145631	0	0.396476	2
136	477	120	463	120	23	27	0.0679612	0	0.264317	2
137	768	325	750	321	23	26	0.165049	0	0.715859	2
138	727	193	712	199	23	45	0.247573	0	0.42511	2
139	783	326	783	325	23	24	0.00485437	0	0.718062	1
140	779	310	767	308	24	27	0.0776699	0	0.682819	2
141	426	318	425	319	24	27	0.00970874	0	0.700441	2
142	592	160	590	160	24	25	0.00970874	0	0.352423	2
143	768	312	760	308	24	26	0.116505	0	0.687225	2
144	752	271	736	271	25	29	0.0776699	0	0.596916	2
145	424	335	423	335	25	26	0.00485437	0	0.737885	2
146	748	236	744	236	25	26	0.0194175	0	0.519824	2
147	573	146	573	146	25	27	0	0	0.321586	1
148	703	216	703	216	25	26	0	0	0.475771	1
149	548	156	547	156	25	26	0.00485437	0	0.343612	2
150	768	246	761	245	25	27	0.038835	0	0.54185	2
151	592	170	590	171	25	26	0.0145631	0	0.374449	2
152	770	270	767	267	25	26	0.0582524	0	0.594714	2
153	703	152	701	151	26	31	0.0145631	0	0.334802	2
154	584	156	584	156	26	27	0	0	0.343612	1
155	777	274	758	275	26	29	0.0970874	0	0.603524	2
156	744	235	740	235	27	28	0.0194175	0	0.517621	2
157	586	166	584	166	27	28	0.00970874	0	0.365639	2
158	750	323	748	325	27	28	0.0291262	0	0.711454	2
159	695	206	693	205	27	28	0.0145631	0	0.453744	2
160	553	185	551	184	27	28	0.0145631	0	0.407489	2
161	705	218	705	217	27	28	0.00485437	0	0.480176	1
162	616	205	618	205	27	31	0.00970874	0	0.451542	1
163	755	274	752	275	27	28	0.0194175	0	0.603524	2
164	562	149	560	149	28	29	0.00970874	0	0.328194	2
165	544	153	542	152	28	29	0.0145631	0	0.337004	2
166	575	146	577	147	28	29	0.0145631	0	0.321586	1
167	563	191	563	190	28	29	0.00485437	0	0.420705	1
168	418	313	409	310	28	32	0.0873786	0	0.689427	2
169	563	172	560	173	28	29	0.0194175	0	0.378855	2
170	425	323	423	322	28	29	0.0145631	0	0.711454	2
171	708	168	702	170	28	35	0.0485437	0	0.370044	2
172	252	65	267	70	28	45	0.194175	0	0.143172	1
173	607	212	614	212	28	33	0.0339806	0	0.46696	1
174	737	236	733	236	29	30	0.0194175	0	0.519824	2
175	424	340	412	342	29	34	0.0776699	0	0.748899	2
176	744	327	743	327	29	30	0.00485437	0	0.720264	2
177	686	212	684	213	29	31	0.0145631	0	0.46696	2
178	705	217	701	217	29	31	0.0194175	0	0.477974	2
179	700	181	699	180	29	30	0.00970874	0	0.398678	2
180	703	197	701	196	29	31	0.0145631	0	0.433921	2
181	426	351	416	352	29	34	0.0533981	0	0.773128	2
182	404	317	393	312	30	34	0.174757	0	0.698238	2
183	587	164	587	163	30	31	0.00485437	0	0.361233	1
184	580	148	583	148	30	32	0.0145631	0	0.325991	1
185	749	278	748	278	30	31	0.00485437	0	0.612335	2
186	561	153	559	153	30	31	0.00970874	0	0.337004	2
187	685	179	677	181	30	34	0.0582524	0	0.394273	2
188	596	186	596	187	30	31	0.00485437	0	0.409692	1
189	623	175	625	174	30	32	0.0145631	0	0.385463	1
190	600	167	603	165	30	35	0.0339806	0	0.367841	1
191	103	67	112	71	30	42	0.121359	0	0.147577	1
192	694	206	692	207	30	31	0.0145631	0	0.453744	2
193	738	281	718	280	30	34	0.101942	0	0.618943	2
194	417	302	415	300	30	31	0.0291262	0	0.665198	2
195	571	248	568	248	30	32	0.0145631	0	0.546256	2
196	728	271	703	270	31	36	0.126214	0	0.596916	2
197	729	237	724	236	31	32	0.0291262	0	0.522026	2
198	699	182	697	186	31	34	0.0873786	0	0.400881	2
199	553	197	552	196	31	32	0.00970874	0	0.433921	2
200	539	156	537	157	31	33	0.0145631	0	0.343612	2
201	744	329	719	329	31	36	0.121359	0	0.72467	2
202	450	97	447	96	31	32	0.0194175	0	0.213656	2
203	557	152	555	152	32	33	0.00970874	0	0.334802	2
204	750	279	738	276	32	35	0.101942	0	0.614537	2
205	588	160	588	159	32	33	0.00485437	0	0.352423	1
206	597	187	598	189	32	34	0.0242718	0	0.411894	1
207	413	300	411	298	32	33	0.0291262	0	0.660793	2
208	458	123	457	123	32	33	0.00485437	0	0.270925	2
209	698	218	694	218	32	33	0.0194175	0	0.480176	2
210	737	267	722	266	32	35	0.0776699	0	0.588106	2
211	722	312	716	309	32	33	0.0728155	0	0.687225	2
212	459	162	480	175	32	40	0.92233	0	0.356828	1
213	728	324	720	322	32	33	0.0582524	0	0.713656	2
214	423	315	422	312	32	34	0.0485437	0	0.693833	2
215	687	155	686	155	32	33	0.00485437	0	0.34141	2
216	585	146	586	146	33	34	0.00485437	0	0.321586	1
217	720	238	667	243	33	45	0.378641	0	0.524229	2
218	406	308	380	308	33	43	0.126214	0	0.678414	2
219	699	153	696	152	33	36	0.0194175	0	0.337004	2
220	94	70	107	75	33	45	0.184466	0	0.154185	1
221	584	172	587	171	33	35	0.0194175	0	0.378855	1
222	400	326	398	326	33	34	0.00970874	0	0.718062	2
223	563	255	562	254	34	35	0.00970874	0	0.561674	2
224	554	155	552	155	34	35	0.00970874	0	0.34141	2
225	703	201	703	200	34	36	0.00485437	0	0.442731	1
226	537	159	535	159	34	35	0.00970874	0	0.35022	2
227	758	339	752	335	34	35	0.106796	0	0.746696	2
228	542	198	539	198	34	35	0.0145631	0	0.436123	2
229	628	171	630	171	34	36	0.00970874	0	0.376652	1
230	713	322	705	326	34	36	0.116505	0	0.709251	2
231	591	158	592	157	34	35	0.00970874	0	0.348018	1
232	707	185	701	186	34	38	0.0339806	0	0.407489	2
233	688	164	687	164	34	35	0.00485437	0	0.361233	2
234	722	312	716	313	34	35	0.0339806	0	0.687225	2
235	602	179	604	177	34	36	0.0291262	0	0.394273	1
236	676	183	669	185	35	40	0.0533981	0	0.403084	2
237	685	219	682	218	35	36	0.0194175	0	0.482379	2
238	592	147	594	147	35	36	0.00970874	0	0.323789	1
239	406	317	386	316	35	43	0.101942	0	0.698238	2
240	624	206	625	206	35	37	0.00485437	0	0.453744	1
241	696	187	694	186	35	36	0.0145631	0	0.411894	2
242	390	314	366	315	35	45	0.121359	0	0.69163	2
243	554	200	554	200	35	36	0	0	0.440529	1
244	445	120	440	122	35	36	0.0436893	0	0.264317	2
245	706	306	702	308	35	36	0.038835	0	0.674009	2
246	536	162	534	162	36	37	0.00970874	0	0.356828	2
247	552	155	550	155	36	37	0.00970874	0	0.34141	2
248	597	164	598	164	36	38	0.00485437	0	0.361233	1
249	537	196	533	199	36	38	0.0631068	0	0.431718	2
250	435	97	412	100	36	44	0.15534	0	0.213656	2
251	732	277	723	278	36	37	0.0485437	0	0.610132	2
252	530	183	528	183	36	38	0.00970874	0	0.403084	2
253	712	347	713	348	36	38	0.00970874	0	0.764317	1
254	407	338	404	337	36	37	0.0194175	0	0.744493	2
255	685	157	685	157	36	37	0	0	0.345815	1
256	572	253	570	251	36	39	0.0291262	0	0.557269	2
257	703	200	699	202	37	39	0.038835	0	0.440529	2
258	557	251	553	250	37	39	0.0242718	0	0.552863	2
259	699	271	668	272	37	43	0.15534	0	0.596916	2
260	583	138	586	140	37	40	0.0339806	0	0.303965	1
261	681	209	679	209	37	38	0.00970874	0	0.460352	2
262	689	147	687	148	37	38	0.0145631	0	0.323789	2
263	633	174	634	174	37	38	0.00485437	0	0.38326	1
264	693	184	692	184	37	39	0.00485437	0	0.405286	2
265	616	181	622	184	37	39	0.0728155	0	0.398678	1
266	623	216	623	218	37	38	0.0194175	0	0.475771	1
267	463	109	473	112	37	45	0.092233	0	0.240088	1
268	554	165	553	165	37	38	0.00485437	0	0.363436	2
269	602	195	602	196	38	39	0.00485437	0	0.429515	1
270	533	164	531	165	38	39	0.0145631	0	0.361233	2
271	552	200	549	201	38	39	0.0194175	0	0.440529	2
272	550	155	549	155	38	39	0.00485437	0	0.34141	2
273	699	281	694	281	38	39	0.0242718	0	0.618943	2
274	600	151	603	152	38	40	0.0194175	0	0.332599	1
275	543	190	541	193	38	39	0.0533981	0	0.418502	2
276	122	66	129	69	38	45	0.0776699	0	0.145374	1
277	644	211	651	212	39	44	0.038835	0	0.464758	1
278	597	164	598	164	39	40	0.00485437	0	0.361233	1
279	708	251	693	251	39	42	0.0728155	0	0.552863	2
280	629	202	631	204	39	40	0.0291262	0	0.444934	1
281	328	190	337	194	39	44	0.121359	0	0.418502	1
282	534	205	533	206	39	40	0.00970874	0	0.451542	2
283	688	328	671	324	39	41	0.160194	0	0.722467	2
284	400	348	396	347	39	40	0.0242718	0	0.76652	2
285	597	182	598	182	39	40	0.00485437	0	0.400881	1
286	683	220	680	221	39	40	0.0194175	0	0.484581	2
287	392	325	390	324	39	40	0.0145631	0	0.715859	2
288	525	165	520	168	40	44	0.0679612	0	0.363436	2
289	551	251	543	255	40	45	0.116505	0	0.552863	2
290	710	281	707	279	40	41	0.0339806	0	0.618943	2
291	548	202	544	203	40	41	0.0242718	0	0.444934	2
292	698	204	701	206	40	42	0.0339806	0	0.449339	1
293	642	193	645	196	40	42	0.0582524	0	0.42511	1
294	701	331	689	329	40	43	0.0776699	0	0.729075	2
295	702	189	701	192	40	43	0.0485437	0	0.4163	2
296	628	184	638	185	40	43	0.0533981	0	0.405286	1
297	709	271	700	271	40	42	0.0436893	0	0.596916	2
298	597	197	604	199	40	44	0.0533981	0	0.433921	1
299	678	181	679	181	41	42	0.00485437	0	0.398678	1
300	668	186	664	189	41	44	0.0631068	0	0.409692	2
301	550	193	549	192	41	42	0.00970874	0	0.42511	2
302	608	159	610	160	41	42	0.0145631	0	0.35022	1
303	689	314	678	314	41	43	0.0533981	0	0.69163	2
304	684	165	685	165	41	42	0.00485437	0	0.363436	1
305	605	148	607	146	41	42	0.0291262	0	0.325991	1
306	611	169	617	168	41	44	0.0339806	0	0.372247	1
307	588	141	591	142	41	43	0.0194175	0	0.310573	1
308	704	172	703	175	41	44	0.0485437	0	0.378855	2
309	698	160	699	164	41	44	0.0825243	0	0.352423	1
310	670	326	664	327	42	43	0.0339806	0	0.718062	2
311	541	204	537	204	42	43	0.0194175	0	0.449339	2
312	704	281	696	282	42	43	0.0436893	0	0.618943	2
313	690	184	690	185	42	43	0.00485437	0	0.405286	1
314	676	228	676	229	42	43	0.00485437	0	0.502203	1
315	385	326	376	324	42	44	0.0631068	0	0.718062	2
316	563	296	545	295	42	45	0.092233	0	0.651982	2
317	709	340	703	338	42	43	0.0485437	0	0.748899	2
318	647	197	650	197	43	45	0.0145631	0	0.433921	1
319	703	207	706	208	43	45	0.0194175	0	0.455947	1
320	532	163	532	164	43	45	0.00485437	0	0.359031	1
321	687	166	689	167	43	44	0.0145631	0	0.365639	1
322	680	182	681	182	43	45	0.00485437	0	0.400881	1
323	666	226	662	225	43	45	0.0242718	0	0.497797	2
324	520	209	521	209	43	44	0.00485437	0	0.460352	1
325	686	197	689	197	43	44	0.0145631	0	0.433921	1
326	115	72	118	73	43	45	0.0194175	0	0.15859	1
327	663	274	658	274	44	45	0.0242718	0	0.603524	2
328	634	188	637	188	44	45	0.0145631	0	0.414097	1
329	383	314	380	313	44	45	0.0194175	0	0.69163	2
330	383	345	381	345	44	45	0.00970874	0	0.759912	2
331	644	185	646	185	44	45	0.00970874	0	0.407489	1
332	669	284	664	284	44	45	0.0242718	0	0.625551	2
333	677	230	678	230	44	45	0.00485437	0	0.506608	1
334	672	215	670	215	44	45	0.00970874	0	0.473568	2
335	679	202	677	203	44	45	0.0145631	0	0.444934	2
336	544	158	544	158	44	45	0	0	0.348018	1
337	673	319	663	319	44	45	0.0485437	0	0.702643	2
338	72	68	73	68	44	45	0.00485437	0	0.14978	1
339	58	282	59	282	44	45	0.00485437	0	0.621145	1