
0	621	455	621	454	37	38	0.00201207	0	1	1
1	538	272	536	271	37	39	0.00603622	0	0.597802	2
2	422	276	421	276	37	38	0.00201207	0	0.606593	2
3	197	196	197	197	37	41	0.00201207	0	0.430769	1
4	400	407	411	403	37	44	0.054326	0	0.894505	1
5	223	188	224	188	37	39	0.00201207	0	0.413187	1
6	391	262	389	257	38	40	0.054326	0	0.575824	2
7	410	266	408	266	38	39	0.00402414	0	0.584615	2
8	367	239	365	236	38	39	0.0221328	0	0.525275	2
9	300	249	294	243	38	41	0.084507	0	0.547253	2
10	302	229	303	226	38	40	0.0201207	0	0.503297	1
11	321	233	321	232	38	39	0.00201207	0	0.512088	1
12	350	275	349	273	38	39	0.0100604	0	0.604396	2
13	292	235	294	233	38	40	0.0120724	0	0.516484	1
14	170	317	168	309	38	43	0.132797	0	0.696703	2
15	310	254	304	245	39	44	0.17505	0	0.558242	2
16	174	271	173	268	39	41	0.0201207	0	0.595604	2
17	622	455	621	454	39	40	0.00402414	0	1	2
18	375	232	373	228	39	40	0.0362173	0	0.50989	2
19	810	455	808	454	39	49	0.00603622	0	1	2
20	573	340	575	340	39	44	0.00402414	0	0.747253	1
21	562	334	560	332	39	40	0.0120724	0	0.734066	2
22	188	291	177	293	39	75	0.0301811	0	0.63956	2
23	416	292	411	295	40	44	0.028169	0	0.641758	2
24	163	273	161	267	40	43	0.0764588	0	0.6	2
25	534	273	532	273	40	41	0.00402414	0	0.6	2
26	323	230	324	227	40	44	0.0201207	0	0.505495	1
27	146	274	144	274	40	44	0.00402414	0	0.602198	2
28	563	322	563	323	40	42	0.00201207	0	0.707692	1
29	313	284	312	284	40	41	0.00201207	0	0.624176	2
30	306	75	321	75	40	52	0.0301811	0	0.164835	1
31	304	101	309	100	40	44	0.0120724	0	0.221978	1
32	306	262	302	254	40	45	0.136821	0	0.575824	2
33	426	274	424	273	40	41	0.00603622	0	0.602198	2
34	377	413	377	412	40	41	0.00201207	0	0.907692	1
35	388	255	387	252	41	42	0.0201207	0	0.56044	2
36	621	455	618	454	41	49	0.00804829	0	1	2
37	309	233	306	231	41	42	0.0140845	0	0.512088	2
38	315	165	312	164	41	44	0.00804829	0	0.362637	2
39	202	166	201	165	41	43	0.00402414	0	0.364835	2
40	430	365	439	361	41	43	0.0503018	0	0.802198	1
41	267	211	270	212	41	43	0.00804829	0	0.463736	1
42	172	265	164	254	42	48	0.259557	0	0.582418	2
43	293	242	283	238	42	47	0.0523139	0	0.531868	2
44	370	223	369	220	42	43	0.0201207	0	0.49011	2
45	531	275	529	275	42	43	0.00402414	0	0.604396	2
46	543	318	541	319	42	43	0.00603622	0	0.698901	2
47	104	297	95	300	42	75	0.0362173	0	0.652747	2
48	506	433	497	435	42	75	0.0261569	0	0.951648	2
49	363	261	365	260	42	43	0.00603622	0	0.573626	1
50	72	408	63	411	42	75	0.0362173	0	0.896703	2
51	770	349	826	328	42	70	1	0	0.767033	1
52	80	93	70	96	42	75	0.0382294	0	0.204396	2
53	778	380	781	379	42	48	0.00804829	0	0.835165	1
54	387	251	385	249	43	44	0.0120724	0	0.551648	2
55	326	208	325	205	43	44	0.0201207	0	0.457143	2
56	565	325	555	325	43	46	0.0201207	0	0.714286	2
57	332	291	332	289	43	44	0.00804829	0	0.63956	1
58	282	207	283	207	43	44	0.00201207	0	0.454945	1
59	305	229	302	227	43	44	0.0140845	0	0.503297	2
60	171	272	162	261	43	50	0.261569	0	0.597802	2
61	335	225	335	224	43	44	0.00201207	0	0.494505	1
62	539	270	538	269	43	44	0.00402414	0	0.593407	2
63	148	234	145	229	43	46	0.056338	0	0.514286	2
64	782	409	780	407	43	56	0.0120724	0	0.898901	2
65	523	218	491	217	43	67	0.0663984	0	0.479121	2
66	396	292	387	295	44	48	0.0362173	0	0.641758	2
67	770	338	771	337	44	45	0.00402414	0	0.742857	1
68	316	135	305	142	44	51	0.120724	0	0.296703	2
69	159	267	157	265	44	45	0.0120724	0	0.586813	2
70	458	174	456	172	44	45	0.0120724	0	0.382418	2
71	527	275	515	272	44	48	0.0422535	0	0.604396	2
72	549	336	548	336	44	46	0.00201207	0	0.738462	2
73	369	218	366	214	44	46	0.0382294	0	0.479121	2
74	446	359	448	358	44	45	0.00603622	0	0.789011	1
75	342	235	342	234	44	45	0.00201207	0	0.516484	1
76	363	230	361	227	44	45	0.0221328	0	0.505495	2
77	317	147	312	148	44	46	0.0120724	0	0.323077	2
78	302	244	296	242	45	48	0.0201207	0	0.536264	2
79	384	250	381	249	45	46	0.00804829	0	0.549451	2
80	411	295	408	295	45	48	0.00603622	0	0.648352	2
81	325	201	320	193	45	48	0.138833	0	0.441758	2
82	312	167	310	169	45	48	0.0120724	0	0.367033	2
83	539	277	538	277	45	46	0.00201207	0	0.608791	2
84	394	248	388	245	45	48	0.0301811	0	0.545055	2
85	761	333	763	332	45	46	0.00603622	0	0.731868	1
86	530	291	520	288	45	48	0.0382294	0	0.63956	2
87	391	279	389	277	45	46	0.0120724	0	0.613187	2
88	574	340	572	338	45	46	0.0120724	0	0.747253	2
89	785	359	792	357	45	50	0.0221328	0	0.789011	1
90	326	229	328	228	45	47	0.00603622	0	0.503297	1
91	224	181	225	180	45	46	0.00402414	0	0.397802	1
92	656	361	647	363	45	75	0.0261569	0	0.793407	2
93	770	455	769	454	45	46	0.00402414	0	1	2
94	261	120	253	122	45	75	0.0241449	0	0.263736	2
95	378	225	372	224	45	48	0.0140845	0	0.494505	2
96	66	397	57	400	45	75	0.0362173	0	0.872527	2
97	774	212	773	212	45	48	0.00201207	0	0.465934	2
98	316	100	335	100	45	58	0.0382294	0	0.21978	1
99	156	265	153	262	46	48	0.0241449	0	0.582418	2
100	461	176	459	176	46	47	0.00402414	0	0.386813	2
101	344	233	344	231	46	47	0.00804829	0	0.512088	1
102	453	358	457	358	46	47	0.00804829	0	0.786813	1
103	298	227	292	226	46	48	0.0140845	0	0.498901	2
104	323	158	320	157	46	50	0.00804829	0	0.347253	2
105	349	246	350	238	46	48	0.130785	0	0.540659	1
106	592	353	589	354	46	69	0.00804829	0	0.775824	2
107	356	219	354	217	46	47	0.0120724	0	0.481319	2
108	379	245	377	244	47	48	0.00603622	0	0.538462	2
109	538	277	534	276	47	52	0.0100604	0	0.608791	2
110	364	215	362	213	47	48	0.0120724	0	0.472527	2
111	546	337	545	337	47	48	0.00201207	0	0.740659	2
112	137	283	135	281	47	48	0.0120724	0	0.621978	2
113	311	150	308	151	47	48	0.00804829	0	0.32967	2
114	549	325	541	324	47	48	0.0181087	0	0.714286	2
115	302	255	299	253	47	48	0.0140845	0	0.56044	2
116	818	453	814	453	47	54	0.00804829	0	0.995604	2
117	399	288	392	294	47	51	0.0865191	0	0.632967	2
118	528	279	524	278	47	48	0.0100604	0	0.613187	2
119	318	221	321	220	47	48	0.00804829	0	0.485714	1
120	773	332	774	331	48	49	0.00402414	0	0.72967	1
121	459	177	459	178	48	49	0.00201207	0	0.389011	1
122	452	146	450	148	48	50	0.0120724	0	0.320879	2
123	423	220	420	221	48	50	0.00804829	0	0.483516	2
124	282	237	257	226	48	59	0.293763	0	0.520879	2
125	435	401	446	396	48	52	0.0724346	0	0.881319	1
126	432	237	428	235	48	55	0.0160966	0	0.520879	2
127	462	358	465	355	48	49	0.0241449	0	0.786813	1
128	458	163	457	164	48	49	0.00402414	0	0.358242	2
129	38	100	30	103	48	75	0.0342052	0	0.21978	2
130	294	242	291	240	49	50	0.0140845	0	0.531868	2
131	408	294	393	298	49	53	0.0623742	0	0.646154	2
132	319	192	317	190	49	50	0.0120724	0	0.421978	2
133	386	248	379	247	49	55	0.0160966	0	0.545055	2
134	386	296	382	298	49	52	0.0160966	0	0.650549	2
135	162	252	161	247	49	53	0.0523139	0	0.553846	2
136	310	170	308	170	49	50	0.00402414	0	0.373626	2
137	376	248	374	247	49	50	0.00603622	0	0.545055	2
138	289	232	270	226	49	56	0.110664	0	0.50989	2
139	520	280	506	276	49	52	0.0603622	0	0.615385	2
140	360	213	358	212	49	50	0.00603622	0	0.468132	2
141	153	262	151	258	49	51	0.0362173	0	0.575824	2
142	347	228	346	226	49	50	0.0100604	0	0.501099	2
143	537	324	535	322	49	50	0.0120724	0	0.712088	2
144	544	337	541	336	49	52	0.00804829	0	0.740659	2
145	388	278	384	279	49	51	0.0100604	0	0.610989	2
146	764	244	763	244	49	53	0.00201207	0	0.536264	2
147	61	44	62	45	49	62	0.00402414	0	0.0967033	1
148	320	91	327	90	49	53	0.0160966	0	0.2	1
149	780	381	780	380	49	51	0.00201207	0	0.837363	1
150	220	188	221	186	49	50	0.0100604	0	0.413187	1
151	795	347	797	349	49	51	0.0120724	0	0.762637	1
152	449	177	436	179	49	56	0.0342052	0	0.389011	2
153	525	316	510	306	49	52	0.231388	0	0.694505	2
154	780	391	781	391	49	53	0.00201207	0	0.859341	1
155	781	357	810	343	49	65	0.452716	0	0.784615	1
156	759	191	775	195	50	75	0.0643863	0	0.41978	1
157	461	181	457	181	50	53	0.00804829	0	0.397802	2
158	132	283	132	282	50	51	0.00201207	0	0.621978	1
159	460	171	457	169	50	52	0.0140845	0	0.375824	2
160	470	354	474	351	50	51	0.0261569	0	0.778022	1
161	289	211	288	210	50	51	0.00402414	0	0.463736	2
162	772	332	773	331	50	51	0.00402414	0	0.72967	1
163	296	201	296	200	50	51	0.00201207	0	0.441758	1
164	307	172	306	172	51	52	0.00201207	0	0.378022	2
165	315	189	313	187	51	52	0.0120724	0	0.415385	2
166	288	240	281	237	51	53	0.0321932	0	0.527473	2
167	373	244	371	243	51	52	0.00603622	0	0.536264	2
168	161	258	162	255	51	54	0.0201207	0	0.567033	1
169	420	223	418	223	51	53	0.00402414	0	0.49011	2
170	355	212	354	211	51	52	0.00402414	0	0.465934	2
171	783	333	805	323	51	63	0.245473	0	0.731868	1
172	450	151	410	153	51	66	0.0885312	0	0.331868	2
173	346	224	346	222	51	52	0.00804829	0	0.492308	1
174	135	292	135	292	51	52	0	0	0.641758	1
175	533	322	530	320	51	52	0.0140845	0	0.707692	2
176	766	204	766	203	51	52	0.00201207	0	0.448352	1
177	763	399	770	394	51	53	0.0643863	0	0.876923	1
178	766	373	767	371	51	52	0.0100604	0	0.81978	1
179	321	206	317	205	51	53	0.0100604	0	0.452747	2
180	371	217	371	217	51	53	0	0	0.476923	1
181	303	143	297	140	52	55	0.0301811	0	0.314286	2
182	480	351	484	352	52	53	0.0100604	0	0.771429	1
183	798	348	798	348	52	53	0	0	0.764835	1
184	150	256	150	254	52	53	0.00804829	0	0.562637	1
185	289	211	289	211	52	53	0	0	0.463736	1
186	496	269	473	266	52	57	0.0643863	0	0.591209	2
187	297	201	298	201	52	54	0.00201207	0	0.441758	1
188	360	223	358	221	52	53	0.0120724	0	0.49011	2
189	781	380	781	378	52	53	0.00804829	0	0.835165	1
190	387	263	379	265	52	58	0.0241449	0	0.578022	2
191	305	113	306	112	52	53	0.00402414	0	0.248352	1
192	617	455	616	454	53	55	0.00402414	0	1	2
193	307	172	298	168	53	58	0.0503018	0	0.378022	2
194	454	171	451	171	53	54	0.00603622	0	0.375824	2
195	352	244	348	243	53	55	0.0100604	0	0.536264	2
196	407	213	405	213	53	54	0.00402414	0	0.468132	2
197	502	276	487	274	53	56	0.0382294	0	0.606593	2
198	346	223	345	222	53	54	0.00402414	0	0.49011	2
199	312	188	310	187	53	54	0.00603622	0	0.413187	2
200	768	204	785	204	53	66	0.0342052	0	0.448352	1
201	330	75	335	72	53	56	0.028169	0	0.164835	1
202	366	207	367	206	53	54	0.00402414	0	0.454945	1
203	165	291	162	285	53	57	0.0784708	0	0.63956	2
204	500	315	490	317	53	56	0.028169	0	0.692308	2
205	483	397	491	392	53	58	0.0663984	0	0.872527	1
206	278	237	273	234	54	56	0.028169	0	0.520879	2
207	156	245	157	244	54	55	0.00402414	0	0.538462	1
208	325	228	324	230	54	57	0.0100604	0	0.501099	2
209	388	299	383	298	54	55	0.0120724	0	0.657143	2
210	774	339	777	336	54	56	0.0241449	0	0.745055	1
211	418	222	415	220	54	55	0.0140845	0	0.487912	2
212	453	181	448	180	54	55	0.0120724	0	0.397802	2
213	372	223	371	225	54	55	0.0100604	0	0.49011	2
214	166	245	167	244	54	55	0.00402414	0	0.538462	1
215	763	247	763	247	54	56	0	0	0.542857	1
216	329	92	330	91	54	55	0.00402414	0	0.202198	1
217	152	255	153	253	54	55	0.0100604	0	0.56044	1
218	784	376	792	371	54	58	0.0663984	0	0.826374	1
219	800	351	801	352	54	55	0.00402414	0	0.771429	1
220	505	284	502	285	54	55	0.00804829	0	0.624176	2
221	137	289	136	289	54	55	0.00201207	0	0.635165	2
222	367	255	364	255	54	56	0.00603622	0	0.56044	2
223	510	312	504	313	54	55	0.0140845	0	0.685714	2
224	537	279	534	277	54	61	0.0140845	0	0.613187	2
225	255	165	256	165	54	55	0.00201207	0	0.362637	1
226	355	226	354	226	54	55	0.00201207	0	0.496703	2
227	778	349	788	347	54	61	0.028169	0	0.767033	1
228	369	266	366	266	54	56	0.00603622	0	0.584615	2
229	310	265	310	262	54	56	0.0181087	0	0.582418	1
230	164	254	164	252	55	56	0.00804829	0	0.558242	1
231	406	182	385	176	55	65	0.114688	0	0.4	2
232	371	210	370	212	55	56	0.0100604	0	0.461538	2
233	369	244	367	244	55	56	0.00402414	0	0.536264	2
234	778	325	780	322	55	57	0.0221328	0	0.714286	1
235	783	399	789	395	55	57	0.0442656	0	0.876923	1
236	359	242	356	242	55	56	0.00603622	0	0.531868	2
237	344	221	348	219	55	59	0.0160966	0	0.485714	1
238	279	247	277	245	55	56	0.0120724	0	0.542857	2
239	287	147	285	146	55	56	0.00603622	0	0.323077	2
240	617	455	617	454	56	59	0.00201207	0	1	1
241	158	242	153	235	56	60	0.108652	0	0.531868	2
242	378	246	375	247	56	58	0.00804829	0	0.540659	2
243	413	220	408	218	56	57	0.0181087	0	0.483516	2
244	154	252	150	244	56	60	0.136821	0	0.553846	2
245	168	242	163	234	56	60	0.138833	0	0.531868	2
246	378	299	363	307	56	64	0.158954	0	0.657143	2
247	259	167	267	166	56	59	0.0181087	0	0.367033	1
248	290	163	288	162	56	58	0.00603622	0	0.358242	2
249	806	455	806	454	56	59	0.00201207	0	1	1
250	307	187	305	187	56	57	0.00402414	0	0.410989	2
251	422	230	418	227	56	57	0.0261569	0	0.505495	2
252	779	359	784	359	56	59	0.0100604	0	0.789011	1
253	534	268	533	268	56	59	0.00201207	0	0.589011	2
254	388	297	387	296	56	57	0.00402414	0	0.652747	2
255	333	90	346	89	56	62	0.028169	0	0.197802	1
256	329	112	329	111	56	57	0.00201207	0	0.246154	1
257	165	250	160	244	57	60	0.082495	0	0.549451	2
258	272	232	269	229	57	59	0.0241449	0	0.50989	2
259	148	279	148	279	57	58	0	0	0.613187	1
260	135	293	137	290	57	60	0.0221328	0	0.643956	1
261	366	245	365	245	57	58	0.00201207	0	0.538462	2
262	483	273	469	270	57	60	0.0462777	0	0.6	2
263	366	257	363	257	57	59	0.00603622	0	0.564835	2
264	294	138	291	136	57	59	0.0140845	0	0.303297	2
265	270	218	265	213	57	61	0.0603622	0	0.479121	2
266	275	245	270	241	57	60	0.0422535	0	0.538462	2
267	489	319	487	319	57	58	0.00402414	0	0.701099	2
268	332	72	369	71	57	75	0.0764588	0	0.158242	1
269	509	373	517	369	57	58	0.0482897	0	0.81978	1
270	806	357	812	360	57	60	0.0301811	0	0.784615	1
271	504	307	500	303	57	58	0.0402414	0	0.674725	2
272	305	283	305	285	57	67	0.00804829	0	0.621978	1
273	528	106	523	108	57	75	0.0181087	0	0.232967	2
274	789	385	791	383	57	58	0.0120724	0	0.846154	1
275	720	62	715	63	57	75	0.0120724	0	0.136264	2
276	362	222	359	224	58	59	0.0140845	0	0.487912	2
277	383	300	376	303	58	61	0.0321932	0	0.659341	2
278	793	394	824	383	58	71	0.305835	0	0.865934	1
279	780	335	784	336	58	61	0.0100604	0	0.736264	1
280	782	322	806	313	58	66	0.211268	0	0.707692	1
281	506	257	504	258	58	59	0.00603622	0	0.564835	2
282	468	267	463	266	58	59	0.0120724	0	0.586813	2
283	304	189	294	188	58	62	0.0221328	0	0.415385	2
284	320	209	329	209	58	60	0.0181087	0	0.459341	1
285	514	357	522	356	58	60	0.0181087	0	0.784615	1
286	296	168	294	168	59	61	0.00402414	0	0.369231	2
287	523	374	527	373	59	60	0.0100604	0	0.821978	1
288	491	362	485	363	59	75	0.0140845	0	0.795604	2
289	512	275	510	278	59	63	0.0221328	0	0.604396	2
290	379	254	378	255	59	60	0.00402414	0	0.558242	2
291	488	320	454	320	59	65	0.0684105	0	0.703297	2
292	380	266	377	270	59	61	0.0382294	0	0.584615	2
293	435	181	435	182	59	60	0.00201207	0	0.397802	1
294	514	339	525	334	59	61	0.0724346	0	0.745055	1
295	470	282	402	279	59	72	0.15493	0	0.61978	2
296	781	217	783	218	59	62	0.00603622	0	0.476923	1
297	523	263	511	263	59	62	0.0241449	0	0.578022	2
298	424	179	395	184	59	69	0.108652	0	0.393407	2
299	311	264	321	263	59	61	0.0221328	0	0.58022	1
300	762	244	763	244	59	67	0.00201207	0	0.536264	1
301	365	250	364	251	60	61	0.00402414	0	0.549451	2
302	355	225	352	225	60	61	0.00603622	0	0.494505	2
303	268	228	266	228	60	62	0.00402414	0	0.501099	2
304	367	230	364	230	60	61	0.00603622	0	0.505495	2
305	790	394	797	388	60	66	0.0865191	0	0.865934	1
306	796	405	796	404	60	64	0.00201207	0	0.89011	1
307	256	228	254	227	60	63	0.00603622	0	0.501099	2
308	499	228	478	232	60	70	0.0744467	0	0.501099	2
309	361	260	356	263	60	62	0.028169	0	0.571429	2
310	426	168	422	169	60	61	0.0100604	0	0.369231	2
311	401	215	399	214	60	61	0.00603622	0	0.472527	2
312	292	136	296	132	60	63	0.0402414	0	0.298901	1
313	390	291	384	290	60	64	0.0140845	0	0.63956	2
314	789	382	789	382	60	61	0	0	0.83956	1
315	760	206	766	209	60	64	0.0301811	0	0.452747	1
316	153	236	153	233	61	63	0.0181087	0	0.518681	1
317	136	288	132	283	61	63	0.0583501	0	0.632967	2
318	772	230	775	231	61	62	0.00804829	0	0.505495	1
319	506	377	506	377	61	65	0	0	0.828571	1
320	374	229	373	229	61	62	0.00201207	0	0.503297	2
321	464	269	458	268	61	62	0.0140845	0	0.591209	2
322	163	235	162	233	61	62	0.0100604	0	0.516484	2
323	377	260	375	262	61	62	0.0120724	0	0.571429	2
324	160	246	156	224	61	75	0.981891	0	0.540659	2
325	353	235	352	235	61	62	0.00201207	0	0.516484	2
326	516	372	532	366	61	65	0.104628	0	0.817582	1
327	437	185	417	187	61	67	0.0482897	0	0.406593	2
328	268	238	266	238	61	63	0.00402414	0	0.523077	2
329	363	250	361	250	62	63	0.00402414	0	0.549451	2
330	617	455	616	454	62	63	0.00402414	0	1	2
331	363	232	361	232	62	64	0.00402414	0	0.50989	2
332	375	272	366	270	62	67	0.0261569	0	0.597802	2
333	363	221	361	221	62	63	0.00402414	0	0.485714	2
334	525	380	527	379	62	63	0.00603622	0	0.835165	1
335	530	274	524	271	62	63	0.0301811	0	0.602198	2
336	398	215	396	214	62	63	0.00603622	0	0.472527	2
337	264	212	254	207	62	68	0.0704225	0	0.465934	2
338	375	305	371	305	62	63	0.00804829	0	0.67033	2
339	254	272	252	271	62	65	0.00603622	0	0.597802	2
340	542	338	547	337	62	63	0.0120724	0	0.742857	1
341	428	173	421	173	62	64	0.0140845	0	0.38022	2
342	525	341	530	340	62	63	0.0120724	0	0.749451	1
343	388	210	387	209	62	63	0.00402414	0	0.461538	2
344	791	384	797	380	62	65	0.0442656	0	0.843956	1
345	541	24	536	24	62	66	0.0100604	0	0.0527473	2
346	148	285	147	284	63	64	0.00402414	0	0.626374	2
347	267	228	266	227	63	65	0.00402414	0	0.501099	2
348	355	263	351	263	63	65	0.00804829	0	0.578022	2
349	780	234	791	234	63	66	0.0221328	0	0.514286	1
350	509	263	504	261	63	64	0.0181087	0	0.578022	2
351	275	174	276	173	63	64	0.00402414	0	0.382418	1
352	807	370	818	364	63	67	0.0945674	0	0.813187	1
353	297	195	293	197	63	64	0.0160966	0	0.428571	2
354	785	335	787	337	63	64	0.0120724	0	0.736264	1
355	344	91	348	93	63	65	0.0160966	0	0.2	1
356	291	229	283	229	63	65	0.0160966	0	0.503297	2
357	372	236	371	236	63	64	0.00201207	0	0.518681	2
358	546	374	555	373	63	64	0.0201207	0	0.821978	1
359	818	362	821	364	63	64	0.0140845	0	0.795604	1
360	770	231	770	231	63	64	0	0	0.507692	1
361	223	122	219	123	63	75	0.0100604	0	0.268132	2
362	350	225	349	226	63	64	0.00402414	0	0.494505	2
363	362	222	361	222	64	65	0.00201207	0	0.487912	2
364	160	231	163	226	64	68	0.056338	0	0.507692	1
365	288	160	288	159	64	65	0.00201207	0	0.351648	1
366	256	227	251	220	64	75	0.108652	0	0.498901	2
367	357	251	354	251	64	65	0.00603622	0	0.551648	2
368	810	323	823	317	64	68	0.0985915	0	0.70989	1
369	131	276	127	273	64	65	0.0261569	0	0.606593	2
370	528	356	534	356	64	65	0.0120724	0	0.782418	1
371	554	336	559	332	64	65	0.0422535	0	0.738462	1
372	535	388	535	388	64	65	0	0	0.852747	1
373	148	238	150	234	64	67	0.0362173	0	0.523077	1
374	823	395	820	393	64	72	0.0140845	0	0.868132	2
375	266	238	266	235	64	65	0.0181087	0	0.523077	1
376	365	256	363	255	65	66	0.00603622	0	0.562637	2
377	363	308	358	304	65	69	0.0422535	0	0.676923	2
378	280	173	282	171	65	66	0.0120724	0	0.38022	1
379	291	198	285	200	65	67	0.0201207	0	0.435165	2
380	367	233	366	232	65	66	0.00402414	0	0.512088	2
381	141	223	142	222	65	66	0.00402414	0	0.49011	1
382	789	218	790	217	65	66	0.00402414	0	0.479121	1
383	769	211	773	213	65	68	0.0160966	0	0.463736	1
384	496	258	492	257	65	66	0.0100604	0	0.567033	2
385	381	186	374	189	65	68	0.0321932	0	0.408791	2
386	347	234	348	233	65	66	0.00402414	0	0.514286	1
387	510	274	502	270	65	72	0.0482897	0	0.602198	2
388	300	133	303	133	65	68	0.00603622	0	0.292308	1
389	301	145	301	147	65	69	0.00804829	0	0.318681	1
390	345	214	348	213	65	66	0.00804829	0	0.47033	1
391	774	221	775	221	65	66	0.00201207	0	0.485714	1
392	360	78	373	77	65	72	0.028169	0	0.171429	1
393	542	376	555	375	65	67	0.028169	0	0.826374	1
394	362	222	361	221	66	67	0.00402414	0	0.487912	2
395	124	271	116	274	66	69	0.0342052	0	0.595604	2
396	265	227	263	226	66	67	0.00603622	0	0.498901	2
397	378	177	374	179	66	69	0.0160966	0	0.389011	2
398	353	251	350	250	66	67	0.00804829	0	0.551648	2
399	293	233	285	235	66	70	0.0241449	0	0.512088	2
400	502	260	500	259	66	67	0.00603622	0	0.571429	2
401	350	94	360	92	66	72	0.028169	0	0.206593	1
402	381	230	381	232	66	67	0.00804829	0	0.505495	1
403	451	320	442	319	66	67	0.0201207	0	0.703297	2
404	298	160	298	163	66	67	0.0181087	0	0.351648	1
405	351	264	345	263	66	69	0.0140845	0	0.58022	2
406	535	362	534	361	66	67	0.00402414	0	0.795604	2
407	378	240	378	240	66	67	0	0	0.527473	1
408	439	271	423	270	66	69	0.0342052	0	0.595604	2
409	369	317	355	312	66	71	0.0784708	0	0.696703	2
410	360	255	357	254	67	68	0.00804829	0	0.56044	2
411	285	171	289	171	67	69	0.00804829	0	0.375824	1
412	364	232	362	231	67	68	0.00603622	0	0.50989	2
413	795	233	791	235	67	72	0.0160966	0	0.512088	2
414	617	455	616	454	67	68	0.00402414	0	1	2
415	377	212	375	211	67	68	0.00603622	0	0.465934	2
416	481	217	476	217	67	71	0.0100604	0	0.476923	2
417	573	331	577	332	67	68	0.0100604	0	0.727473	1
418	490	261	476	264	67	71	0.0462777	0	0.573626	2
419	144	222	144	221	67	68	0.00201207	0	0.487912	1
420	405	154	360	156	67	75	0.0985915	0	0.338462	2
421	791	219	791	218	67	68	0.00201207	0	0.481319	1
422	378	261	380	266	67	69	0.054326	0	0.573626	1
423	550	344	554	348	67	68	0.0402414	0	0.756044	1
424	787	206	788	206	67	69	0.00201207	0	0.452747	1
425	802	383	805	379	67	68	0.0382294	0	0.841758	1
426	241	255	239	254	67	68	0.00603622	0	0.56044	2
427	164	94	158	95	67	75	0.0140845	0	0.206593	2
428	381	201	378	200	67	68	0.00804829	0	0.441758	2
429	803	324	822	311	67	75	0.37827	0	0.712088	1
430	810	312	826	301	67	74	0.275654	0	0.685714	1
431	384	278	383	278	67	68	0.00201207	0	0.610989	2
432	141	268	138	266	67	68	0.0140845	0	0.589011	2
433	360	221	357	221	68	70	0.00603622	0	0.485714	2
434	140	277	137	274	68	69	0.0241449	0	0.608791	2
435	375	245	375	246	68	69	0.00201207	0	0.538462	1
436	364	270	362	270	68	69	0.00402414	0	0.593407	2
437	151	232	151	230	68	69	0.00804829	0	0.50989	1
438	347	250	344	250	68	69	0.00603622	0	0.549451	2
439	280	224	276	224	68	69	0.00804829	0	0.492308	2
440	547	361	544	361	68	72	0.00603622	0	0.793407	2
441	482	281	478	282	68	72	0.0100604	0	0.617582	2
442	281	201	265	201	68	71	0.0321932	0	0.441758	2
443	350	308	348	308	68	69	0.00402414	0	0.676923	2
444	401	221	404	224	68	70	0.0241449	0	0.485714	1
445	301	164	305	161	68	75	0.0261569	0	0.36044	1
446	489	219	485	221	68	71	0.0160966	0	0.481319	2
447	355	255	347	257	69	72	0.0241449	0	0.56044	2
448	164	225	157	213	69	75	0.303823	0	0.494505	2
449	360	232	358	232	69	70	0.00402414	0	0.50989	2
450	505	378	502	378	69	71	0.00603622	0	0.830769	2
451	768	245	771	245	69	70	0.00603622	0	0.538462	1
452	301	137	298	137	69	71	0.00603622	0	0.301099	2
453	586	376	586	378	69	71	0.00804829	0	0.826374	1
454	386	278	382	278	69	73	0.00804829	0	0.610989	2
455	773	229	772	229	69	71	0.00201207	0	0.503297	2
456	344	114	348	113	69	71	0.0100604	0	0.250549	1
457	141	259	137	261	69	71	0.0160966	0	0.569231	2
458	384	183	383	183	69	70	0.00201207	0	0.402198	2
459	317	156	330	170	69	73	0.420523	0	0.342857	1
460	500	265	496	264	69	71	0.0100604	0	0.582418	2
461	289	174	288	175	70	72	0.00402414	0	0.382418	2
462	152	229	151	226	70	71	0.0201207	0	0.503297	2
463	258	228	256	228	70	71	0.00402414	0	0.501099	2
464	373	180	369	180	70	72	0.00804829	0	0.395604	2
465	588	355	589	353	70	71	0.0100604	0	0.78022	1
466	274	226	268	227	70	71	0.0140845	0	0.496703	2
467	342	251	337	252	70	72	0.0120724	0	0.551648	2
468	424	316	419	315	70	71	0.0120724	0	0.694505	2
469	238	255	235	254	70	72	0.00804829	0	0.56044	2
470	360	271	357	272	70	71	0.00804829	0	0.595604	2
471	354	303	350	302	70	71	0.0100604	0	0.665934	2
472	398	242	404	242	70	71	0.0120724	0	0.531868	1
473	586	334	601	327	70	72	0.128773	0	0.734066	1
474	230	245	227	244	70	72	0.00804829	0	0.538462	2
475	424	283	412	282	70	72	0.0261569	0	0.621978	2
476	342	264	337	264	70	72	0.0100604	0	0.58022	2
477	368	227	365	227	70	71	0.00603622	0	0.498901	2
478	785	223	783	223	70	71	0.00402414	0	0.49011	2
479	532	362	531	363	70	72	0.00402414	0	0.795604	2
480	130	230	129	233	70	72	0.0201207	0	0.505495	2
481	408	314	395	313	70	72	0.028169	0	0.69011	2
482	251	209	249	209	70	71	0.00402414	0	0.459341	2
483	808	26	798	25	70	75	0.0221328	0	0.0571429	2
484	355	221	348	219	71	74	0.0221328	0	0.485714	2
485	110	277	108	276	71	74	0.00603622	0	0.608791	2
486	355	232	353	232	71	72	0.00402414	0	0.50989	2
487	367	260	366	260	71	72	0.00201207	0	0.571429	2
488	394	186	388	185	71	72	0.0140845	0	0.408791	2
489	282	235	275	234	71	72	0.0160966	0	0.516484	2
490	410	269	390	269	71	74	0.0402414	0	0.591209	2
491	823	358	824	355	71	72	0.0201207	0	0.786813	1
492	289	153	289	152	71	72	0.00201207	0	0.336264	1
493	151	225	149	221	72	73	0.0362173	0	0.494505	2
494	776	233	776	233	72	74	0	0	0.512088	1
495	503	378	500	378	72	75	0.00603622	0	0.830769	2
496	613	455	611	454	72	75	0.00603622	0	1	2
497	358	277	356	280	72	73	0.0221328	0	0.608791	2
498	363	229	358	227	72	73	0.0181087	0	0.503297	2
499	414	314	401	314	72	73	0.0261569	0	0.69011	2
500	485	219	484	212	72	75	0.100604	0	0.481319	2
501	374	99	375	100	72	73	0.00402414	0	0.217582	1
502	379	269	376	268	72	73	0.00804829	0	0.591209	2
503	486	229	484	224	72	74	0.054326	0	0.503297	2
504	77	59	75	58	72	75	0.00603622	0	0.12967	2
505	475	216	475	208	72	75	0.128773	0	0.474725	1
506	780	203	778	204	72	75	0.00603622	0	0.446154	2
507	353	267	350	268	72	73	0.00804829	0	0.586813	2
508	377	24	370	25	72	75	0.0160966	0	0.0527473	2
509	740	28	735	27	72	75	0.0120724	0	0.0615385	2
510	288	173	289	171	73	74	0.0100604	0	0.38022	1
511	338	258	335	258	73	75	0.00603622	0	0.567033	2
512	365	262	362	263	73	74	0.00804829	0	0.575824	2
513	131	233	134	232	73	75	0.00804829	0	0.512088	1
514	291	153	291	152	73	74	0.00201207	0	0.336264	1
515	371	202	369	201	73	74	0.00603622	0	0.443956	2
516	360	213	358	212	73	74	0.00603622	0	0.468132	2
517	788	239	785	237	73	75	0.0140845	0	0.525275	2
518	589	354	595	352	73	74	0.0201207	0	0.778022	1
519	497	271	496	271	73	75	0.00201207	0	0.595604	2
520	344	308	341	307	73	74	0.00804829	0	0.676923	2
521	367	182	364	182	73	74	0.00603622	0	0.4	2
522	778	224	777	225	73	74	0.00402414	0	0.492308	2
523	304	132	304	132	73	75	0	0	0.29011	1
524	428	243	433	241	73	74	0.0181087	0	0.534066	1
525	391	336	390	336	73	75	0.00201207	0	0.738462	2
526	368	236	366	236	73	74	0.00402414	0	0.518681	2
527	604	319	614	314	73	75	0.0704225	0	0.701099	1
528	780	249	778	249	73	75	0.00402414	0	0.547253	2
529	822	335	824	334	73	74	0.00603622	0	0.736264	1
530	793	227	791	226	73	75	0.00603622	0	0.498901	2
531	613	350	620	351	73	75	0.0160966	0	0.769231	1
532	389	213	399	214	73	75	0.0221328	0	0.468132	1
533	377	186	373	186	73	75	0.00804829	0	0.408791	2
534	524	25	520	25	73	75	0.00804829	0	0.0549451	2
535	401	225	403	227	73	74	0.0120724	0	0.494505	1
536	376	78	379	77	73	75	0.00804829	0	0.171429	1
537	260	223	261	222	74	75	0.00402414	0	0.49011	1
538	391	319	388	319	74	75	0.00603622	0	0.701099	2
539	148	222	147	220	74	75	0.0100604	0	0.487912	2
540	357	279	358	280	74	75	0.00402414	0	0.613187	1
541	478	266	478	263	74	75	0.0181087	0	0.584615	1
542	381	318	378	319	74	75	0.00804829	0	0.698901	2
543	585	356	584	355	74	75	0.00402414	0	0.782418	2
544	605	326	610	323	74	75	0.028169	0	0.716484	1
545	349	230	347	229	74	75	0.00603622	0	0.505495	2
546	585	379	588	381	74	75	0.0140845	0	0.832967	1
547	148	90	147	90	74	75	0.00201207	0	0.197802	2
548	772	215	771	214	74	75	0.00402414	0	0.472527	2
549	220	291	219	290	74	75	0.00402414	0	0.63956	2