
0	416	204	418	203	22	23	0.0566038	0	0.448352	1
1	443	180	443	179	22	23	0.0188679	0	0.395604	1
2	419	59	415	59	22	60	0.0754717	0	0.12967	2
3	555	152	556	152	22	24	0.0188679	0	0.334066	1
4	30	296	30	296	23	24	0	0	0.650549	1
5	281	455	280	454	23	24	0.0377358	0	1	2
6	315	188	320	187	23	25	0.113208	0	0.413187	1
7	387	206	388	204	24	27	0.0943396	0	0.452747	1
8	108	451	110	450	24	26	0.0566038	0	0.991209	1
9	505	207	503	206	24	25	0.0566038	0	0.454945	2
10	466	170	468	169	24	27	0.0566038	0	0.373626	1
11	450	185	449	184	24	25	0.0377358	0	0.406593	2
12	438	179	439	178	24	25	0.0377358	0	0.393407	1
13	378	366	377	364	24	33	0.0943396	0	0.804396	2
14	293	163	292	162	24	26	0.0377358	0	0.358242	2
15	454	161	461	157	24	29	0.433962	0	0.353846	1
16	506	175	504	175	24	27	0.0377358	0	0.384615	2
17	36	289	56	292	25	35	0.54717	0	0.635165	1
18	355	189	359	187	25	28	0.150943	0	0.415385	1
19	32	299	43	300	25	32	0.226415	0	0.657143	1
20	428	181	428	180	25	26	0.0188679	0	0.397802	1
21	441	167	442	166	25	26	0.0377358	0	0.367033	1
22	86	451	87	451	25	30	0.0188679	0	0.991209	1
23	335	84	331	84	25	60	0.0754717	0	0.184615	2
24	516	174	512	171	26	29	0.245283	0	0.382418	2
25	447	182	447	181	26	27	0.0188679	0	0.4	1
26	390	189	389	187	26	28	0.0943396	0	0.415385	2
27	337	163	343	161	26	29	0.188679	0	0.358242	1
28	358	163	358	162	26	28	0.0188679	0	0.358242	1
29	422	201	421	200	26	27	0.0377358	0	0.441758	2
30	788	165	791	164	26	31	0.0754717	0	0.362637	1
31	551	193	553	196	26	29	0.207547	0	0.424176	1
32	285	174	282	172	26	30	0.132075	0	0.382418	2
33	509	197	510	196	26	31	0.0377358	0	0.432967	1
34	548	180	549	179	26	32	0.0377358	0	0.395604	1
35	457	172	458	171	26	28	0.0377358	0	0.378022	1
36	413	79	409	80	26	60	0.0943396	0	0.173626	2
37	40	322	43	324	27	31	0.132075	0	0.707692	1
38	111	452	105	451	27	47	0.132075	0	0.993407	2
39	459	186	459	186	27	28	0	0	0.408791	1
40	292	162	291	161	27	29	0.0377358	0	0.356044	2
41	559	164	558	164	27	28	0.0188679	0	0.36044	2
42	339	455	340	454	27	36	0.0377358	0	1	1
43	724	212	723	211	28	30	0.0377358	0	0.465934	2
44	468	171	468	170	28	29	0.0188679	0	0.375824	1
45	423	188	421	187	28	29	0.0566038	0	0.413187	2
46	446	183	445	182	28	29	0.0377358	0	0.402198	2
47	330	166	331	166	28	29	0.0188679	0	0.364835	1
48	430	178	429	175	28	30	0.188679	0	0.391209	2
49	464	197	464	197	28	31	0	0	0.432967	1
50	136	453	134	453	28	35	0.0377358	0	0.995604	2
51	389	188	388	188	29	32	0.0188679	0	0.413187	2
52	387	206	386	206	29	30	0.0188679	0	0.452747	2
53	364	186	368	184	29	34	0.150943	0	0.408791	1
54	24	323	29	324	29	31	0.113208	0	0.70989	1
55	567	141	568	140	29	30	0.0377358	0	0.30989	1
56	690	124	689	124	29	42	0.0188679	0	0.272527	2
57	335	176	337	176	29	30	0.0377358	0	0.386813	1
58	69	453	60	453	29	54	0.169811	0	0.995604	2
59	167	448	167	449	30	36	0.0188679	0	0.984615	1
60	344	162	346	161	30	31	0.0566038	0	0.356044	1
61	418	187	414	187	30	32	0.0754717	0	0.410989	2
62	445	181	443	178	30	33	0.207547	0	0.397802	2
63	291	161	290	160	30	31	0.0377358	0	0.353846	2
64	556	196	552	192	30	38	0.377358	0	0.430769	2
65	281	189	282	185	30	35	0.320755	0	0.415385	1
66	334	166	336	166	30	31	0.0377358	0	0.364835	1
67	570	165	572	164	30	31	0.0566038	0	0.362637	1
68	723	211	723	210	31	33	0.0188679	0	0.463736	1
69	386	207	386	206	31	38	0.0188679	0	0.454945	1
70	338	187	339	187	31	32	0.0188679	0	0.410989	1
71	83	451	75	450	31	54	0.169811	0	0.991209	2
72	522	176	517	177	31	34	0.113208	0	0.386813	2
73	467	171	466	170	32	33	0.0377358	0	0.375824	2
74	32	324	43	323	32	34	0.226415	0	0.712088	1
75	292	158	293	156	32	37	0.0943396	0	0.347253	1
76	569	157	571	157	32	33	0.0377358	0	0.345055	1
77	461	198	460	198	32	33	0.0188679	0	0.435165	2
78	464	158	471	157	32	35	0.150943	0	0.347253	1
79	33	453	30	454	32	57	0.0754717	0	0.995604	2
80	365	165	370	164	32	40	0.113208	0	0.362637	1
81	559	139	558	139	32	60	0.0188679	0	0.305495	2
82	155	450	153	449	32	35	0.0566038	0	0.989011	2
83	474	161	481	160	32	35	0.150943	0	0.353846	1
84	392	188	392	188	33	34	0	0	0.413187	1
85	44	301	45	301	33	34	0.0188679	0	0.661538	1
86	282	162	283	161	33	38	0.0377358	0	0.356044	1
87	170	438	168	438	33	38	0.0377358	0	0.962637	2
88	430	172	429	170	33	35	0.0943396	0	0.378022	2
89	432	210	430	209	34	37	0.0566038	0	0.461538	2
90	724	209	723	206	34	37	0.188679	0	0.459341	2
91	251	455	251	454	34	35	0.0188679	0	1	1
92	462	198	460	197	34	35	0.0566038	0	0.435165	2
93	44	312	45	309	34	35	0.188679	0	0.685714	1
94	444	179	437	175	34	55	0.433962	0	0.393407	2
95	63	285	106	284	34	46	0.830189	0	0.626374	1
96	392	188	392	187	35	36	0.0188679	0	0.413187	1
97	465	169	462	169	35	37	0.0566038	0	0.371429	2
98	370	186	374	183	35	41	0.245283	0	0.408791	1
99	199	455	198	454	35	38	0.0377358	0	1	2
100	365	368	365	367	35	40	0.0188679	0	0.808791	1
101	713	133	713	132	35	46	0.0188679	0	0.292308	1
102	44	325	50	323	36	39	0.188679	0	0.714286	1
103	51	296	64	294	36	40	0.320755	0	0.650549	1
104	55	321	58	319	36	37	0.132075	0	0.705495	1
105	405	186	394	184	36	42	0.283019	0	0.408791	2
106	155	450	153	449	36	39	0.0566038	0	0.989011	2
107	429	170	425	170	36	40	0.0754717	0	0.373626	2
108	476	168	477	167	36	37	0.0377358	0	0.369231	1
109	478	153	483	152	36	38	0.113208	0	0.336264	1
110	367	348	371	347	36	39	0.0943396	0	0.764835	1
111	52	307	62	305	36	39	0.264151	0	0.674725	1
112	251	455	250	454	36	50	0.0377358	0	1	2
113	390	197	390	197	36	37	0	0	0.432967	1
114	166	449	166	449	37	40	0	0	0.986813	1
115	420	201	417	202	37	39	0.0754717	0	0.441758	2
116	282	184	282	183	37	38	0.0188679	0	0.404396	1
117	134	453	129	454	37	53	0.113208	0	0.995604	2
118	371	336	388	330	37	46	1	0	0.738462	1
119	63	321	66	321	38	39	0.0566038	0	0.705495	1
120	294	157	302	153	38	44	0.45283	0	0.345055	1
121	724	210	723	209	38	39	0.0377358	0	0.461538	2
122	463	170	458	172	38	45	0.169811	0	0.373626	2
123	576	157	578	155	38	39	0.113208	0	0.345055	1
124	720	226	718	227	38	41	0.0566038	0	0.496703	2
125	200	450	200	449	39	47	0.0188679	0	0.989011	1
126	163	439	163	438	39	46	0.0188679	0	0.964835	1
127	210	451	210	450	39	42	0.0188679	0	0.991209	1
128	385	206	384	202	39	44	0.320755	0	0.452747	2
129	482	154	488	152	39	41	0.188679	0	0.338462	1
130	285	434	286	437	39	54	0.188679	0	0.953846	1
131	384	364	385	364	39	41	0.0188679	0	0.8	1
132	630	176	628	177	39	60	0.0566038	0	0.386813	2
133	576	139	574	140	39	60	0.0566038	0	0.305495	2
134	284	166	286	164	39	42	0.113208	0	0.364835	1
135	721	206	719	203	40	43	0.207547	0	0.452747	2
136	415	204	413	203	40	41	0.0566038	0	0.448352	2
137	54	323	60	323	40	41	0.113208	0	0.70989	1
138	589	162	592	161	40	41	0.0754717	0	0.356044	1
139	154	450	154	448	40	46	0.0754717	0	0.989011	1
140	166	450	167	450	41	44	0.0188679	0	0.989011	1
141	477	190	476	189	41	42	0.0377358	0	0.417582	2
142	426	172	423	172	41	46	0.0566038	0	0.378022	2
143	371	173	371	173	41	42	0	0	0.38022	1
144	522	190	523	192	41	44	0.0943396	0	0.417582	1
145	407	221	406	220	41	42	0.0377358	0	0.485714	2
146	561	128	561	129	41	45	0.0188679	0	0.281319	1
147	573	177	570	176	41	42	0.0754717	0	0.389011	2
148	561	177	559	177	41	42	0.0377358	0	0.389011	2
149	480	175	479	174	41	42	0.0377358	0	0.384615	2
150	626	149	626	148	41	47	0.0188679	0	0.327473	1
151	71	325	71	325	42	43	0	0	0.714286	1
152	414	203	410	204	42	51	0.0943396	0	0.446154	2
153	497	152	503	151	42	44	0.132075	0	0.334066	1
154	459	199	460	198	42	44	0.0377358	0	0.437363	1
155	359	188	363	186	42	47	0.150943	0	0.413187	1
156	824	127	823	128	42	60	0.0377358	0	0.279121	2
157	372	159	374	159	42	44	0.0377358	0	0.349451	1
158	394	184	386	183	43	48	0.169811	0	0.404396	2
159	479	174	478	173	43	45	0.0377358	0	0.382418	2
160	372	174	376	175	43	47	0.0943396	0	0.382418	1
161	496	189	497	189	43	44	0.0188679	0	0.415385	1
162	557	178	553	177	43	45	0.0943396	0	0.391209	2
163	363	164	367	164	43	46	0.0754717	0	0.36044	1
164	601	165	602	165	43	44	0.0188679	0	0.362637	1
165	552	109	550	109	43	57	0.0377358	0	0.23956	2
166	291	155	300	152	43	50	0.339623	0	0.340659	1
167	384	163	400	167	43	48	0.603774	0	0.358242	1
168	210	452	210	453	43	47	0.0188679	0	0.993407	1
169	719	202	715	199	44	50	0.245283	0	0.443956	2
170	73	326	77	324	44	46	0.150943	0	0.716484	1
171	484	201	483	201	44	45	0.0188679	0	0.441758	2
172	88	320	98	317	44	46	0.358491	0	0.703297	1
173	592	152	592	151	44	45	0.0188679	0	0.334066	1
174	167	451	168	452	45	53	0.0377358	0	0.991209	1
175	508	187	512	186	45	46	0.0943396	0	0.410989	1
176	525	193	534	190	45	53	0.339623	0	0.424176	1
177	293	180	294	179	45	46	0.0377358	0	0.395604	1
178	383	204	382	205	45	46	0.0377358	0	0.448352	2
179	304	152	320	149	45	55	0.471698	0	0.334066	1
180	811	175	815	174	45	47	0.0943396	0	0.384615	1
181	503	152	506	152	45	46	0.0566038	0	0.334066	1
182	451	191	451	191	45	50	0	0	0.41978	1
183	477	173	473	176	46	57	0.245283	0	0.38022	2
184	601	150	601	150	46	47	0	0	0.32967	1
185	501	193	509	194	46	49	0.169811	0	0.424176	1
186	551	176	548	176	46	48	0.0566038	0	0.386813	2
187	461	197	459	197	46	51	0.0377358	0	0.432967	2
188	591	150	588	151	46	60	0.0754717	0	0.32967	2
189	457	173	457	173	46	50	0	0	0.38022	1
190	487	178	486	178	46	48	0.0188679	0	0.391209	2
191	103	289	121	291	47	51	0.415094	0	0.635165	1
192	376	163	379	163	47	49	0.0566038	0	0.358242	1
193	417	173	415	173	47	49	0.0377358	0	0.38022	2
194	807	194	812	194	47	50	0.0943396	0	0.426374	1
195	160	440	159	440	47	53	0.0188679	0	0.967033	2
196	508	153	521	153	47	51	0.245283	0	0.336264	1
197	451	210	449	209	47	48	0.0566038	0	0.461538	2
198	616	165	625	165	47	50	0.169811	0	0.362637	1
199	712	133	710	134	47	59	0.0566038	0	0.292308	2
200	105	451	102	451	48	51	0.0566038	0	0.991209	2
201	403	362	404	364	48	49	0.0943396	0	0.795604	1
202	367	186	369	185	48	49	0.0566038	0	0.408791	1
203	201	454	200	454	48	49	0.0188679	0	0.997802	2
204	486	209	485	210	48	50	0.0377358	0	0.459341	2
205	602	154	601	154	48	49	0.0188679	0	0.338462	2
206	293	168	299	167	48	52	0.132075	0	0.369231	1
207	607	166	618	167	48	51	0.226415	0	0.364835	1
208	618	143	621	143	48	49	0.0566038	0	0.314286	1
209	166	62	164	63	48	60	0.0566038	0	0.136264	2
210	384	184	381	184	49	50	0.0566038	0	0.404396	2
211	397	353	398	354	49	50	0.0377358	0	0.775824	1
212	547	174	544	174	49	51	0.0566038	0	0.382418	2
213	404	166	413	167	49	52	0.188679	0	0.364835	1
214	406	367	405	369	50	55	0.0943396	0	0.806593	2
215	383	203	381	203	50	51	0.0377358	0	0.446154	2
216	153	450	152	451	50	57	0.0377358	0	0.989011	2
217	487	178	483	178	50	55	0.0754717	0	0.391209	2
218	380	174	379	174	50	51	0.0188679	0	0.382418	2
219	417	174	416	174	50	51	0.0188679	0	0.382418	2
220	602	154	600	155	50	60	0.0566038	0	0.338462	2
221	199	454	198	454	50	51	0.0188679	0	0.997802	2
222	679	132	679	132	50	51	0	0	0.29011	1
223	715	199	712	196	51	54	0.226415	0	0.437363	2
224	379	184	376	184	51	52	0.0566038	0	0.404396	2
225	400	356	400	356	51	52	0	0	0.782418	1
226	518	170	521	171	51	53	0.0754717	0	0.373626	1
227	395	207	394	206	51	52	0.0377358	0	0.454945	2
228	659	154	657	154	51	58	0.0377358	0	0.338462	2
229	510	184	511	184	51	52	0.0188679	0	0.404396	1
230	210	446	209	446	51	60	0.0188679	0	0.98022	2
231	110	327	115	325	52	54	0.169811	0	0.718681	1
232	304	177	305	176	52	53	0.0377358	0	0.389011	1
233	102	452	99	452	52	55	0.0566038	0	0.993407	2
234	233	455	232	454	52	54	0.0377358	0	1	2
235	411	203	410	202	52	55	0.0377358	0	0.446154	2
236	126	292	153	291	52	57	0.528302	0	0.641758	1
237	616	152	614	152	52	60	0.0377358	0	0.334066	2
238	198	454	197	454	52	53	0.0188679	0	0.997802	2
239	116	298	131	297	52	55	0.301887	0	0.654945	1
240	416	177	415	177	52	53	0.0188679	0	0.389011	2
241	681	133	681	131	52	54	0.0754717	0	0.292308	1
242	489	193	487	193	52	54	0.0377358	0	0.424176	2
243	454	191	453	191	52	53	0.0188679	0	0.41978	2
244	378	184	370	186	53	60	0.226415	0	0.404396	2
245	455	174	454	174	53	54	0.0188679	0	0.382418	2
246	395	207	391	206	53	60	0.0943396	0	0.454945	2
247	377	162	381	161	53	57	0.0943396	0	0.356044	1
248	701	139	700	138	53	54	0.0377358	0	0.305495	2
249	560	129	560	129	53	60	0	0	0.283516	1
250	416	338	418	337	53	55	0.0566038	0	0.742857	1
251	535	188	537	186	54	57	0.113208	0	0.413187	1
252	428	187	428	186	54	55	0.0188679	0	0.410989	1
253	404	356	405	355	54	55	0.0377358	0	0.782418	1
254	413	175	418	173	54	60	0.169811	0	0.384615	1
255	159	441	158	441	54	60	0.0188679	0	0.969231	2
256	400	333	411	327	54	60	0.886792	0	0.731868	1
257	139	320	149	325	54	57	0.660377	0	0.703297	1
258	452	200	451	200	54	55	0.0188679	0	0.43956	2
259	232	455	231	454	55	57	0.0377358	0	1	2
260	711	197	705	196	55	60	0.132075	0	0.432967	2
261	82	450	79	450	55	60	0.0566038	0	0.989011	2
262	487	194	485	194	55	57	0.0377358	0	0.426374	2
263	61	454	59	453	55	60	0.0566038	0	0.997802	2
264	121	324	129	324	55	56	0.150943	0	0.712088	1
265	456	172	457	170	55	60	0.0943396	0	0.378022	1
266	308	170	315	168	55	58	0.207547	0	0.373626	1
267	722	194	721	194	55	60	0.0188679	0	0.426374	2
268	625	150	624	150	55	60	0.0188679	0	0.32967	2
269	405	369	405	368	56	57	0.0188679	0	0.810989	1
270	482	179	481	179	56	57	0.0188679	0	0.393407	2
271	380	199	379	199	56	57	0.0188679	0	0.437363	2
272	411	204	411	203	56	57	0.0188679	0	0.448352	1
273	318	150	329	148	56	60	0.283019	0	0.32967	1
274	186	451	186	451	56	57	0	0	0.991209	1
275	99	453	97	453	56	60	0.0377358	0	0.995604	2
276	423	173	423	172	56	57	0.0188679	0	0.38022	1
277	421	361	421	364	56	60	0.169811	0	0.793407	1
278	404	358	405	357	56	57	0.0377358	0	0.786813	1
279	633	163	640	164	56	58	0.150943	0	0.358242	1
280	448	199	448	199	56	57	0	0	0.437363	1
281	429	186	428	185	57	60	0.0377358	0	0.408791	2
282	415	352	416	351	57	58	0.0377358	0	0.773626	1
283	827	183	826	181	57	59	0.0943396	0	0.402198	2
284	456	181	456	180	57	58	0.0188679	0	0.397802	1
285	150	327	151	327	58	59	0.0188679	0	0.718681	1
286	152	451	151	450	58	60	0.0377358	0	0.991209	2
287	32	445	31	445	58	60	0.0188679	0	0.978022	2
288	539	188	539	188	58	59	0	0	0.413187	1
289	482	180	481	179	58	60	0.0377358	0	0.395604	2
290	187	451	187	451	58	60	0	0	0.991209	1
291	378	199	377	199	58	59	0.0188679	0	0.437363	2
292	163	290	168	289	58	59	0.113208	0	0.637363	1
293	451	198	451	197	58	59	0.0188679	0	0.435165	1
294	394	166	395	165	58	59	0.0377358	0	0.364835	1
295	492	198	490	197	58	60	0.0566038	0	0.435165	2
296	472	177	473	176	58	60	0.0377358	0	0.389011	1
297	546	111	545	111	58	60	0.0188679	0	0.243956	2
298	527	179	524	180	58	59	0.0754717	0	0.393407	2
299	418	352	418	351	59	60	0.0188679	0	0.773626	1
300	31	454	30	454	59	60	0.0188679	0	0.997802	2
301	439	180	439	180	59	60	0	0	0.395604	1
302	652	170	654	171	59	60	0.0566038	0	0.373626	1
303	199	455	199	454	59	60	0.0188679	0	1	1
304	456	182	456	181	59	60	0.0188679	0	0.4	1
305	524	93	524	93	59	60	0	0	0.204396	1
306	558	59	557	59	59	60	0.0188679	0	0.12967	2