
0	311	169	310	169	317	318	0.00413223	0	0.420398	2
1	225	145	224	143	317	318	0.0206612	0	0.360697	2
2	305	159	305	159	318	319	0	0	0.395522	1
3	234	142	233	140	318	319	0.0206612	0	0.353234	2
4	293	156	291	154	318	320	0.0247934	0	0.38806	2
5	199	130	201	130	319	321	0.00826446	0	0.323383	1
6	517	124	517	124	319	320	0	0	0.308458	1
7	291	142	290	141	319	321	0.00826446	0	0.353234	2
8	279	147	278	145	319	320	0.0206612	0	0.365672	2
9	623	180	630	182	319	325	0.0454545	0	0.447761	1
10	401	382	405	381	319	326	0.0206612	0	0.950249	1
11	347	92	356	94	319	329	0.053719	0	0.228856	1
12	329	193	330	193	320	322	0.00413223	0	0.4801	1
13	305	156	304	156	320	321	0.00413223	0	0.38806	2
14	236	170	237	168	320	322	0.0206612	0	0.422886	1
15	231	139	229	138	320	321	0.0123967	0	0.345771	2
16	221	178	221	178	320	324	0	0	0.442786	1
17	297	173	294	172	320	321	0.0165289	0	0.430348	2
18	318	177	315	176	320	321	0.0165289	0	0.440299	2
19	414	326	435	322	321	326	0.152893	0	0.810945	1
20	325	125	324	125	321	322	0.00413223	0	0.310945	2
21	517	126	517	126	321	323	0	0	0.313433	1
22	213	138	212	137	321	322	0.00826446	0	0.343284	2
23	305	176	304	174	321	322	0.0206612	0	0.437811	2
24	634	195	639	198	321	326	0.0578512	0	0.485075	1
25	278	146	277	144	321	322	0.0206612	0	0.363184	2
26	529	128	531	128	321	323	0.00826446	0	0.318408	1
27	277	132	275	131	321	322	0.0123967	0	0.328358	2
28	372	140	370	138	321	323	0.0247934	0	0.348259	2
29	254	120	252	118	322	324	0.0247934	0	0.298507	2
30	321	182	317	182	322	325	0.0165289	0	0.452736	2
31	304	160	303	159	322	323	0.00826446	0	0.39801	2
32	295	149	289	147	322	325	0.0413223	0	0.370647	2
33	255	130	257	129	322	323	0.0123967	0	0.323383	1
34	327	94	334	96	322	329	0.0454545	0	0.233831	1
35	119	158	119	158	322	323	0	0	0.393035	1
36	417	345	420	345	322	323	0.0123967	0	0.858209	1
37	327	115	325	117	322	324	0.0247934	0	0.28607	2
38	316	100	315	101	322	324	0.00826446	0	0.248756	2
39	519	137	520	139	322	325	0.0206612	0	0.340796	1
40	331	193	329	191	323	325	0.0247934	0	0.4801	2
41	381	142	379	141	323	324	0.0123967	0	0.353234	2
42	269	129	267	128	323	324	0.0123967	0	0.320896	2
43	289	172	287	172	323	324	0.00826446	0	0.427861	2
44	388	173	385	172	323	324	0.0165289	0	0.430348	2
45	617	180	620	180	323	325	0.0123967	0	0.447761	1
46	283	143	279	141	323	325	0.0330579	0	0.355721	2
47	226	138	224	137	323	324	0.0123967	0	0.343284	2
48	270	139	270	138	323	324	0.00413223	0	0.345771	1
49	330	126	329	126	323	324	0.00413223	0	0.313433	2
50	229	118	231	117	323	324	0.0123967	0	0.293532	1
51	288	229	295	227	323	324	0.0454545	0	0.569652	1
52	625	199	629	200	323	327	0.0206612	0	0.495025	1
53	426	335	431	332	324	326	0.0578512	0	0.833333	1
54	213	138	213	137	324	325	0.00413223	0	0.343284	1
55	371	152	370	152	324	325	0.00413223	0	0.378109	2
56	534	129	535	129	324	326	0.00413223	0	0.320896	1
57	303	192	306	191	324	325	0.0165289	0	0.477612	1
58	195	131	198	133	324	333	0.0289256	0	0.325871	1
59	194	24	204	31	324	355	0.243802	0	0.0597015	1
60	32	84	42	91	324	355	0.243802	0	0.208955	1
61	626	376	636	382	324	355	0.190083	0	0.935323	1
62	373	139	372	138	325	326	0.00826446	0	0.345771	2
63	302	160	300	159	325	326	0.0123967	0	0.39801	2
64	222	178	221	175	325	327	0.0413223	0	0.442786	2
65	312	161	305	163	325	329	0.0454545	0	0.400498	2
66	383	173	380	173	325	327	0.0123967	0	0.430348	2
67	244	130	247	130	325	326	0.0123967	0	0.323383	1
68	224	137	224	135	325	329	0.0165289	0	0.340796	1
69	321	107	318	107	325	327	0.0123967	0	0.266169	2
70	175	101	183	100	325	328	0.0371901	0	0.251244	1
71	120	151	121	152	325	326	0.00826446	0	0.375622	1
72	303	226	309	224	325	326	0.0413223	0	0.562189	1
73	255	131	256	130	325	326	0.00826446	0	0.325871	1
74	323	131	324	131	325	327	0.00413223	0	0.325871	1
75	269	140	268	139	325	326	0.00826446	0	0.348259	2
76	192	99	192	100	325	326	0.00413223	0	0.246269	1
77	235	118	237	117	325	326	0.0123967	0	0.293532	1
78	520	126	521	126	325	326	0.00413223	0	0.313433	1
79	787	317	792	322	325	333	0.123967	0	0.788557	1
80	283	140	281	139	326	327	0.0123967	0	0.348259	2
81	630	185	670	188	326	344	0.202479	0	0.460199	1
82	525	137	525	137	326	327	0	0	0.340796	1
83	270	129	270	129	326	327	0	0	0.320896	1
84	213	136	213	135	326	328	0.00413223	0	0.338308	1
85	372	153	371	153	326	327	0.00413223	0	0.380597	2
86	341	89	342	89	326	327	0.00413223	0	0.221393	1
87	24	56	29	60	326	344	0.0867769	0	0.139303	1
88	618	181	622	182	326	328	0.0206612	0	0.450249	1
89	349	103	354	105	326	334	0.0371901	0	0.256219	1
90	442	324	450	323	327	329	0.0371901	0	0.80597	1
91	372	140	369	141	327	329	0.0165289	0	0.348259	2
92	298	161	296	161	327	328	0.00826446	0	0.400498	2
93	636	221	643	221	327	331	0.0289256	0	0.549751	1
94	782	335	783	335	327	329	0.00413223	0	0.833333	1
95	122	157	124	159	327	328	0.0247934	0	0.390547	1
96	358	145	352	149	327	332	0.0909091	0	0.360697	2
97	315	226	323	228	327	329	0.0495868	0	0.562189	1
98	196	98	243	99	327	339	0.198347	0	0.243781	1
99	639	203	643	202	327	329	0.0206612	0	0.504975	1
100	535	136	537	137	327	329	0.0123967	0	0.338308	1
101	435	334	437	332	327	328	0.0247934	0	0.830846	1
102	190	86	193	85	327	328	0.0165289	0	0.21393	1
103	114	147	115	147	327	329	0.00413223	0	0.365672	1
104	247	137	248	137	327	328	0.00413223	0	0.340796	1
105	770	329	777	333	327	336	0.0950413	0	0.818408	1
106	782	351	784	352	327	329	0.0123967	0	0.873134	1
107	25	402	33	408	327	355	0.181818	0	1	1
108	339	74	369	84	327	355	0.53719	0	0.18408	1
109	41	178	49	184	327	355	0.181818	0	0.442786	1
110	279	149	276	149	327	328	0.0123967	0	0.370647	2
111	110	175	114	176	328	337	0.0206612	0	0.435323	1
112	275	139	272	139	328	329	0.0123967	0	0.345771	2
113	525	140	526	140	328	329	0.00413223	0	0.348259	1
114	380	174	379	175	328	329	0.00826446	0	0.432836	2
115	286	170	283	171	328	329	0.0165289	0	0.422886	2
116	325	132	325	131	328	329	0.00413223	0	0.328358	1
117	343	93	344	93	328	329	0.00413223	0	0.231343	1
118	272	129	275	127	328	331	0.0289256	0	0.320896	1
119	405	384	405	384	328	329	0	0	0.955224	1
120	372	153	371	153	328	329	0.00413223	0	0.380597	2
121	49	56	57	62	328	355	0.181818	0	0.139303	1
122	770	366	787	363	328	343	0.107438	0	0.910448	1
123	534	114	568	124	329	351	0.553719	0	0.283582	1
124	184	101	184	101	329	330	0	0	0.251244	1
125	321	238	324	239	329	335	0.0165289	0	0.59204	1
126	440	329	444	326	329	330	0.053719	0	0.818408	1
127	407	380	409	378	330	331	0.0247934	0	0.945274	1
128	325	229	328	230	330	334	0.0165289	0	0.569652	1
129	308	191	304	189	330	331	0.0330579	0	0.475124	2
130	426	368	433	364	330	332	0.0950413	0	0.915423	1
131	374	143	366	152	330	337	0.367769	0	0.355721	2
132	380	177	379	178	330	331	0.00826446	0	0.440299	2
133	455	323	459	321	330	331	0.0330579	0	0.803483	1
134	298	169	296	169	330	331	0.00826446	0	0.420398	2
135	370	173	364	173	330	332	0.0247934	0	0.430348	2
136	781	334	821	328	330	350	0.31405	0	0.830846	1
137	528	140	529	140	330	331	0.00413223	0	0.348259	1
138	317	124	308	124	330	333	0.0371901	0	0.308458	2
139	225	137	224	137	330	332	0.00413223	0	0.340796	2
140	530	129	531	129	330	332	0.00413223	0	0.320896	1
141	351	91	354	91	330	332	0.0123967	0	0.226368	1
142	116	150	124	156	330	339	0.181818	0	0.373134	1
143	364	137	361	138	330	332	0.0165289	0	0.340796	2
144	203	86	209	85	330	332	0.0289256	0	0.21393	1
145	269	149	266	148	330	331	0.0165289	0	0.370647	2
146	207	135	206	134	330	331	0.00826446	0	0.335821	2
147	238	116	234	116	330	332	0.0165289	0	0.288557	2
148	789	372	818	371	330	350	0.123967	0	0.925373	1
149	782	361	794	365	330	341	0.115702	0	0.89801	1
150	538	139	540	140	330	332	0.0123967	0	0.345771	1
151	307	104	293	104	330	335	0.0578512	0	0.258706	2
152	356	121	355	122	331	333	0.00826446	0	0.300995	2
153	237	170	239	169	331	333	0.0123967	0	0.422886	1
154	196	101	200	101	331	332	0.0165289	0	0.251244	1
155	373	160	368	163	331	334	0.0578512	0	0.39801	2
156	649	200	657	201	331	335	0.0371901	0	0.497512	1
157	301	189	299	189	332	334	0.00826446	0	0.470149	2
158	645	221	649	220	332	335	0.0206612	0	0.549751	1
159	379	180	375	182	332	334	0.0330579	0	0.447761	2
160	293	170	291	171	332	333	0.0123967	0	0.422886	2
161	270	144	267	144	332	333	0.0123967	0	0.358209	2
162	305	179	304	179	332	333	0.00413223	0	0.445274	2
163	465	322	469	322	332	333	0.0165289	0	0.800995	1
164	315	178	313	177	332	335	0.0123967	0	0.442786	2
165	790	351	805	352	332	342	0.0661157	0	0.873134	1
166	776	347	790	346	332	341	0.0619835	0	0.863184	1
167	414	376	420	371	332	333	0.128099	0	0.935323	1
168	635	218	646	213	332	337	0.14876	0	0.542289	1
169	283	176	280	176	332	333	0.0123967	0	0.437811	2
170	284	132	285	132	332	333	0.00413223	0	0.328358	1
171	478	336	480	338	332	333	0.0247934	0	0.835821	1
172	455	325	460	327	332	333	0.0371901	0	0.808458	1
173	779	315	784	315	333	336	0.0206612	0	0.783582	1
174	205	103	233	104	333	340	0.119835	0	0.256219	1
175	352	95	356	94	333	336	0.0206612	0	0.236318	1
176	195	101	201	105	333	355	0.0909091	0	0.251244	1
177	441	364	459	365	333	335	0.0785124	0	0.905473	1
178	362	95	383	98	333	349	0.123967	0	0.236318	1
179	331	204	344	215	333	336	0.553719	0	0.507463	1
180	474	386	474	387	334	337	0.00413223	0	0.960199	1
181	278	177	267	179	334	336	0.0619835	0	0.440299	2
182	221	139	212	136	334	342	0.0743802	0	0.345771	2
183	258	148	255	148	334	335	0.0123967	0	0.368159	2
184	354	125	354	127	334	338	0.0165289	0	0.310945	1
185	282	129	286	130	334	337	0.0206612	0	0.320896	1
186	290	175	283	177	334	344	0.0454545	0	0.435323	2
187	475	323	480	324	334	335	0.0247934	0	0.803483	1
188	210	167	208	167	334	335	0.00826446	0	0.415423	2
189	456	387	458	388	334	340	0.0123967	0	0.962687	1
190	303	179	296	181	334	345	0.0454545	0	0.445274	2
191	359	175	357	175	334	335	0.00826446	0	0.435323	2
192	465	323	468	326	334	335	0.0495868	0	0.803483	1
193	470	376	470	377	334	336	0.00413223	0	0.935323	1
194	300	191	299	191	335	336	0.00413223	0	0.475124	2
195	331	229	336	227	335	336	0.0371901	0	0.569652	1
196	372	182	369	181	335	336	0.0165289	0	0.452736	2
197	350	220	353	222	335	336	0.0289256	0	0.547264	1
198	792	318	824	310	335	348	0.396694	0	0.791045	1
199	348	104	351	104	335	336	0.0123967	0	0.258706	1
200	259	146	256	147	336	337	0.0165289	0	0.363184	2
201	292	168	291	169	336	337	0.00826446	0	0.41791	2
202	652	219	658	218	336	339	0.0289256	0	0.544776	1
203	315	190	315	190	336	337	0	0	0.472637	1
204	532	134	536	136	336	339	0.0330579	0	0.333333	1
205	205	168	201	170	336	340	0.0330579	0	0.41791	2
206	804	355	811	355	336	339	0.0289256	0	0.883085	1
207	798	339	808	338	336	341	0.0454545	0	0.843284	1
208	313	177	312	177	336	337	0.00413223	0	0.440299	2
209	472	329	475	332	336	337	0.0495868	0	0.818408	1
210	660	201	667	202	336	339	0.0330579	0	0.5	1
211	237	150	229	147	336	339	0.0702479	0	0.373134	2
212	295	106	290	106	336	338	0.0206612	0	0.263682	2
213	480	369	489	365	336	340	0.103306	0	0.91791	1
214	356	149	354	151	336	338	0.0247934	0	0.370647	2
215	356	82	360	84	336	339	0.0330579	0	0.20398	1
216	299	191	298	192	337	339	0.00826446	0	0.475124	2
217	534	144	537	145	337	340	0.0165289	0	0.358209	1
218	787	313	825	306	337	352	0.359504	0	0.778607	1
219	356	177	355	177	337	341	0.00413223	0	0.440299	2
220	258	180	252	178	337	338	0.0413223	0	0.447761	2
221	368	182	365	181	337	338	0.0165289	0	0.452736	2
222	544	144	545	143	337	338	0.00826446	0	0.358209	1
223	277	157	278	157	337	338	0.00413223	0	0.390547	1
224	281	141	301	138	337	353	0.119835	0	0.350746	1
225	306	165	310	165	337	342	0.0165289	0	0.410448	1
226	146	88	150	91	337	355	0.053719	0	0.218905	1
227	474	388	474	388	338	339	0	0	0.965174	1
228	292	171	291	171	338	339	0.00413223	0	0.425373	2
229	309	188	308	188	338	339	0.00413223	0	0.467662	2
230	262	169	260	167	338	339	0.0247934	0	0.420398	2
231	480	337	497	352	338	341	1	0	0.838308	1
232	319	192	316	192	338	341	0.0123967	0	0.477612	2
233	365	154	364	154	338	341	0.00413223	0	0.383085	2
234	366	233	367	233	338	340	0.00413223	0	0.579602	1
235	230	120	228	119	338	340	0.0123967	0	0.298507	2
236	312	177	310	177	338	340	0.00826446	0	0.440299	2
237	287	128	287	128	338	339	0	0	0.318408	1
238	257	146	257	146	339	340	0	0	0.363184	1
239	775	380	776	378	339	340	0.0206612	0	0.945274	1
240	365	181	363	180	339	342	0.0123967	0	0.450249	2
241	280	161	282	162	339	340	0.0123967	0	0.400498	1
242	246	177	216	179	339	349	0.140496	0	0.440299	2
243	355	127	356	126	339	342	0.00826446	0	0.31592	1
244	354	147	354	147	339	341	0	0	0.365672	1
245	501	387	505	389	339	355	0.0330579	0	0.962687	1
246	297	193	294	192	340	345	0.0165289	0	0.4801	2
247	289	131	289	131	340	341	0	0	0.325871	1
248	658	218	662	218	340	342	0.0165289	0	0.542289	1
249	503	357	506	359	340	341	0.0289256	0	0.88806	1
250	109	181	112	182	340	347	0.0165289	0	0.450249	1
251	248	101	260	101	340	343	0.0495868	0	0.251244	1
252	517	320	538	315	340	344	0.190083	0	0.79602	1
253	670	204	677	205	340	344	0.0330579	0	0.507463	1
254	332	206	329	204	340	343	0.0289256	0	0.512438	2
255	364	145	363	143	340	344	0.0206612	0	0.360697	2
256	294	141	295	140	340	342	0.00826446	0	0.350746	1
257	224	129	223	129	340	341	0.00413223	0	0.320896	2
258	458	388	462	390	341	355	0.0330579	0	0.965174	1
259	259	144	263	148	341	344	0.0826446	0	0.358209	1
260	283	170	282	169	341	342	0.00826446	0	0.422886	2
261	253	179	248	178	341	343	0.0247934	0	0.445274	2
262	365	170	364	170	341	342	0.00413223	0	0.422886	2
263	227	119	226	118	341	342	0.00826446	0	0.29602	2
264	241	165	237	165	341	342	0.0165289	0	0.410448	2
265	309	178	307	177	341	343	0.0123967	0	0.442786	2
266	363	93	365	95	341	343	0.0247934	0	0.231343	1
267	238	106	253	106	341	345	0.0619835	0	0.263682	1
268	779	378	782	376	341	342	0.0289256	0	0.940299	1
269	311	193	309	193	342	343	0.00826446	0	0.4801	2
270	290	130	290	129	342	343	0.00413223	0	0.323383	1
271	359	154	359	152	342	344	0.0165289	0	0.383085	1
272	813	335	825	327	342	347	0.31405	0	0.833333	1
273	555	137	556	136	342	343	0.00826446	0	0.340796	1
274	526	326	534	325	342	344	0.0371901	0	0.810945	1
275	222	128	222	126	342	343	0.0165289	0	0.318408	1
276	532	384	534	385	342	345	0.0123967	0	0.955224	1
277	234	145	231	144	342	343	0.0165289	0	0.360697	2
278	261	171	261	171	342	344	0	0	0.425373	1
279	274	103	271	103	342	343	0.0123967	0	0.256219	2
280	656	232	657	231	342	346	0.00826446	0	0.577114	1
281	187	99	191	101	342	355	0.0330579	0	0.246269	1
282	353	144	354	142	342	345	0.0206612	0	0.358209	1
283	244	153	232	152	342	346	0.053719	0	0.380597	2
284	666	220	669	221	343	344	0.0165289	0	0.547264	1
285	364	183	364	184	343	344	0.00413223	0	0.455224	1
286	282	168	281	167	343	344	0.00826446	0	0.41791	2
287	370	79	379	83	343	354	0.103306	0	0.196517	1
288	135	171	135	171	343	344	0	0	0.425373	1
289	364	167	364	166	343	344	0.00413223	0	0.415423	1
290	806	355	808	354	343	344	0.0123967	0	0.883085	1
291	213	136	215	134	343	346	0.0247934	0	0.338308	1
292	352	128	353	129	343	349	0.00826446	0	0.318408	1
293	530	372	533	372	343	345	0.0123967	0	0.925373	1
294	205	178	205	178	343	345	0	0	0.442786	1
295	520	323	525	322	343	344	0.0247934	0	0.803483	1
296	308	194	305	194	344	345	0.0123967	0	0.482587	2
297	292	131	296	130	344	347	0.0206612	0	0.325871	1
298	202	168	202	166	344	345	0.0165289	0	0.41791	1
299	307	178	303	179	344	349	0.0206612	0	0.442786	2
300	366	96	367	97	344	345	0.00826446	0	0.238806	1
301	550	147	551	147	344	345	0.00413223	0	0.365672	1
302	557	137	562	139	344	347	0.0371901	0	0.340796	1
303	119	154	128	165	344	348	0.53719	0	0.383085	1
304	203	131	202	133	344	347	0.0206612	0	0.325871	2
305	360	154	360	154	345	347	0	0	0.383085	1
306	286	168	285	168	345	346	0.00413223	0	0.41791	2
307	546	315	580	308	345	351	0.342975	0	0.783582	1
308	365	186	366	186	345	347	0.00413223	0	0.462687	1
309	282	178	280	182	345	349	0.0743802	0	0.442786	2
310	674	223	687	223	345	349	0.053719	0	0.554726	1
311	135	171	140	176	345	349	0.123967	0	0.425373	1
312	674	189	676	188	345	346	0.0123967	0	0.470149	1
313	365	167	365	167	345	346	0	0	0.415423	1
314	261	172	263	171	345	347	0.0123967	0	0.427861	1
315	680	205	705	208	345	354	0.140496	0	0.50995	1
316	300	141	301	141	345	346	0.00413223	0	0.350746	1
317	533	325	537	323	345	346	0.0330579	0	0.808458	1
318	664	218	679	218	345	350	0.0619835	0	0.542289	1
319	273	103	276	103	345	346	0.0123967	0	0.256219	1
320	239	162	236	161	345	346	0.0165289	0	0.402985	2
321	312	166	316	166	345	350	0.0165289	0	0.412935	1
322	82	52	85	54	345	355	0.0289256	0	0.129353	1
323	797	337	824	337	345	355	0.11157	0	0.838308	1
324	670	179	673	178	345	346	0.0165289	0	0.445274	1
325	807	353	825	350	345	351	0.11157	0	0.878109	1
326	428	236	430	236	346	350	0.00826446	0	0.587065	1
327	270	137	268	137	346	347	0.00826446	0	0.340796	2
328	358	144	358	144	346	348	0	0	0.358209	1
329	258	134	253	133	346	347	0.0247934	0	0.333333	2
330	554	149	555	149	346	347	0.00413223	0	0.370647	1
331	202	165	202	162	346	347	0.0371901	0	0.410448	1
332	370	96	371	97	346	347	0.00826446	0	0.238806	1
333	293	184	291	184	346	348	0.00826446	0	0.457711	2
334	350	157	349	158	346	349	0.00826446	0	0.390547	2
335	222	144	214	144	346	349	0.0330579	0	0.358209	2
336	293	194	292	194	347	348	0.00413223	0	0.482587	2
337	285	168	284	168	347	348	0.00413223	0	0.41791	2
338	676	180	693	183	347	354	0.107438	0	0.447761	1
339	356	183	355	183	347	348	0.00413223	0	0.455224	2
340	280	103	310	104	347	355	0.128099	0	0.256219	1
341	303	142	304	142	347	348	0.00413223	0	0.353234	1
342	275	166	274	166	347	348	0.00413223	0	0.412935	2
343	552	137	553	137	347	348	0.00413223	0	0.340796	1
344	684	193	692	194	347	350	0.0371901	0	0.4801	1
345	299	130	305	128	348	352	0.0413223	0	0.323383	1
346	361	155	360	155	348	349	0.00413223	0	0.385572	2
347	367	187	369	188	348	350	0.0123967	0	0.465174	1
348	247	132	245	130	348	349	0.0247934	0	0.328358	2
349	264	171	266	170	348	349	0.0123967	0	0.425373	1
350	544	361	569	353	348	352	0.367769	0	0.89801	1
351	550	147	562	153	348	355	0.198347	0	0.365672	1
352	381	108	382	110	348	354	0.0206612	0	0.268657	1
353	259	133	255	133	348	349	0.0165289	0	0.330846	2
354	201	133	200	132	348	349	0.00826446	0	0.330846	2
355	220	132	224	131	348	350	0.0206612	0	0.328358	1
356	292	194	291	193	349	350	0.00826446	0	0.482587	2
357	358	183	361	190	349	353	0.214876	0	0.455224	1
358	282	162	285	163	349	351	0.0165289	0	0.402985	1
359	359	145	359	146	349	350	0.00413223	0	0.360697	1
360	371	110	370	110	349	352	0.00413223	0	0.273632	2
361	273	107	288	107	349	353	0.0619835	0	0.266169	1
362	285	172	284	173	349	350	0.00826446	0	0.427861	2
363	562	140	567	142	349	351	0.0371901	0	0.348259	1
364	224	149	221	150	349	350	0.0165289	0	0.370647	2
365	238	140	238	140	349	350	0	0	0.348259	1
366	541	367	545	363	349	350	0.0826446	0	0.912935	1
367	260	111	240	112	349	355	0.0867769	0	0.276119	2
368	373	169	373	168	349	350	0.00413223	0	0.420398	1
369	307	141	308	140	349	350	0.00826446	0	0.350746	1
370	689	223	690	222	350	351	0.00826446	0	0.554726	1
371	281	183	280	187	350	353	0.0702479	0	0.455224	2
372	314	196	314	196	350	351	0	0	0.487562	1
373	384	99	385	100	350	355	0.00826446	0	0.246269	1
374	352	158	354	162	350	353	0.0743802	0	0.393035	1
375	358	128	358	129	350	351	0.00413223	0	0.318408	1
376	362	158	362	158	350	351	0	0	0.393035	1
377	281	135	286	136	350	355	0.0247934	0	0.335821	1
378	368	178	369	182	350	352	0.0702479	0	0.442786	1
379	148	142	162	140	350	354	0.0743802	0	0.353234	1
380	227	162	214	170	350	355	0.318182	0	0.402985	2
381	211	145	208	146	350	351	0.0165289	0	0.360697	2
382	359	148	359	149	351	352	0.00413223	0	0.368159	1
383	285	174	283	177	351	353	0.0454545	0	0.432836	2
384	209	180	204	183	351	353	0.0578512	0	0.447761	2
385	226	131	229	129	351	353	0.0289256	0	0.325871	1
386	218	151	213	154	351	353	0.0578512	0	0.375622	2
387	316	166	315	166	351	353	0.00413223	0	0.412935	2
388	371	189	369	195	351	355	0.157025	0	0.470149	2
389	303	183	302	182	351	353	0.00826446	0	0.455224	2
390	231	141	232	141	351	353	0.00413223	0	0.350746	1
391	374	92	374	91	351	352	0.00413223	0	0.228856	1
392	239	105	224	106	351	355	0.0661157	0	0.261194	2
393	314	148	318	148	351	354	0.0165289	0	0.368159	1
394	157	194	158	195	351	353	0.00826446	0	0.482587	1
395	570	127	574	128	352	355	0.0206612	0	0.31592	1
396	312	200	312	199	352	355	0.00413223	0	0.497512	1
397	691	222	692	221	352	353	0.00826446	0	0.552239	1
398	316	190	315	190	352	354	0.00413223	0	0.472637	2
399	596	372	597	373	352	355	0.00826446	0	0.925373	1
400	358	130	356	134	352	355	0.0743802	0	0.323383	2
401	575	142	580	143	352	355	0.0247934	0	0.353234	1
402	692	191	699	194	352	355	0.0661157	0	0.475124	1
403	205	151	200	155	352	355	0.0867769	0	0.375622	2
404	278	160	281	162	352	355	0.0289256	0	0.39801	1
405	220	68	220	68	352	355	0	0	0.169154	1
406	307	128	309	128	353	355	0.00826446	0	0.318408	1
407	364	156	364	159	353	355	0.0371901	0	0.38806	1
408	134	180	134	180	353	354	0	0	0.447761	1
409	295	194	294	194	353	354	0.00413223	0	0.482587	2
410	289	167	289	167	353	354	0	0	0.415423	1
411	595	354	599	354	353	355	0.0165289	0	0.880597	1
412	225	118	225	117	353	354	0.00413223	0	0.293532	1
413	821	317	826	316	353	355	0.0247934	0	0.788557	1
414	297	124	299	124	353	355	0.00826446	0	0.308458	1
415	574	154	579	155	353	355	0.0247934	0	0.383085	1
416	363	179	362	181	353	355	0.0206612	0	0.445274	2
417	205	186	203	187	354	355	0.0123967	0	0.462687	2
418	280	190	279	190	354	355	0.00413223	0	0.472637	2
419	211	155	209	155	354	355	0.00826446	0	0.385572	2
420	228	132	229	131	354	355	0.00826446	0	0.328358	1
421	314	167	313	166	354	355	0.00826446	0	0.415423	2
422	361	191	360	189	354	355	0.0206612	0	0.475124	2
423	695	221	697	222	354	355	0.0123967	0	0.549751	1
424	204	132	203	131	354	355	0.00826446	0	0.328358	2
425	356	167	356	168	354	355	0.00413223	0	0.415423	1
426	601	310	607	309	354	355	0.0289256	0	0.771144	1
427	479	156	479	156	354	355	0	0	0.38806	1