
0	259	232	261	231	107	108	0.0238095	0	0.50989	1
1	73	445	73	445	107	110	0	0	0.978022	1
2	78	281	80	283	108	110	0.047619	0	0.617582	1
3	234	228	236	225	108	109	0.0873016	0	0.501099	1
4	124	217	125	220	108	116	0.0793651	0	0.476923	1
5	308	186	308	183	108	109	0.0714286	0	0.408791	1
6	94	423	98	423	108	119	0.031746	0	0.92967	1
7	321	181	322	177	109	111	0.134921	0	0.397802	1
8	277	206	278	204	109	110	0.0396825	0	0.452747	1
9	138	212	141	212	109	110	0.0238095	0	0.465934	1
10	238	223	260	215	110	117	0.68254	0	0.49011	1
11	310	183	312	181	110	112	0.047619	0	0.402198	1
12	218	253	219	253	110	111	0.00793651	0	0.556044	1
13	311	198	313	198	110	111	0.015873	0	0.435165	1
14	223	236	226	235	110	111	0.031746	0	0.518681	1
15	274	172	270	171	110	111	0.0396825	0	0.378022	2
16	268	229	271	228	110	111	0.031746	0	0.503297	1
17	250	237	251	235	110	111	0.0396825	0	0.520879	1
18	109	438	115	440	110	129	0.0793651	0	0.962637	1
19	194	211	196	209	110	116	0.047619	0	0.463736	1
20	83	283	103	279	111	117	0.285714	0	0.621978	1
21	282	203	284	201	111	112	0.047619	0	0.446154	1
22	39	444	39	444	111	114	0	0	0.975824	1
23	143	212	144	212	111	112	0.00793651	0	0.465934	1
24	553	182	532	183	111	127	0.174603	0	0.4	2
25	312	228	317	226	111	112	0.0714286	0	0.501099	1
26	27	418	24	417	111	117	0.031746	0	0.918681	2
27	209	453	213	454	112	142	0.0396825	0	0.995604	1
28	324	175	324	174	112	113	0.00793651	0	0.384615	1
29	156	245	156	246	112	114	0.00793651	0	0.538462	1
30	265	169	246	169	112	117	0.150794	0	0.371429	2
31	630	47	630	47	112	126	0	0	0.103297	1
32	515	91	524	92	112	121	0.0793651	0	0.2	1
33	192	176	191	173	112	114	0.0793651	0	0.386813	2
34	711	36	712	36	112	132	0.00793651	0	0.0791209	1
35	257	285	256	284	112	113	0.015873	0	0.626374	2
36	289	201	292	200	113	114	0.031746	0	0.441758	1
37	314	181	316	180	113	114	0.0238095	0	0.397802	1
38	227	253	223	251	113	114	0.0634921	0	0.556044	2
39	238	254	229	251	113	116	0.142857	0	0.558242	2
40	163	434	163	435	113	124	0.00793651	0	0.953846	1
41	633	26	633	26	113	115	0	0	0.0571429	1
42	560	26	560	26	113	119	0	0	0.0571429	1
43	196	433	203	436	113	145	0.126984	0	0.951648	1
44	694	33	697	34	113	145	0.031746	0	0.0725275	1
45	333	202	330	201	113	116	0.031746	0	0.443956	2
46	49	387	51	390	114	145	0.0873016	0	0.850549	1
47	326	177	326	177	114	115	0	0	0.389011	1
48	385	455	385	454	114	117	0.00793651	0	1	1
49	147	214	147	216	114	115	0.031746	0	0.47033	1
50	320	195	321	194	114	115	0.015873	0	0.428571	1
51	254	284	250	283	114	115	0.0396825	0	0.624176	2
52	245	252	242	253	114	115	0.031746	0	0.553846	2
53	39	443	39	443	115	119	0	0	0.973626	1
54	102	455	101	454	115	118	0.015873	0	1	2
55	561	270	549	273	115	121	0.166667	0	0.593407	2
56	160	257	160	257	115	117	0	0	0.564835	1
57	315	182	318	182	115	116	0.0238095	0	0.4	1
58	39	391	37	392	115	118	0.0238095	0	0.859341	2
59	145	220	151	221	116	120	0.0555556	0	0.483516	1
60	151	187	170	188	116	122	0.15873	0	0.410989	1
61	578	264	577	264	116	117	0.00793651	0	0.58022	2
62	158	247	158	247	116	117	0	0	0.542857	1
63	328	174	330	173	116	117	0.0238095	0	0.382418	1
64	85	424	86	424	116	122	0.00793651	0	0.931868	1
65	197	179	196	179	116	117	0.00793651	0	0.393407	2
66	243	230	246	229	116	117	0.031746	0	0.505495	1
67	295	197	302	196	116	118	0.0634921	0	0.432967	1
68	634	27	633	27	116	123	0.00793651	0	0.0593407	2
69	43	431	44	431	116	134	0.00793651	0	0.947253	1
70	185	212	184	212	116	117	0.00793651	0	0.465934	2
71	324	194	325	193	117	118	0.015873	0	0.426374	1
72	227	252	189	245	117	130	0.690476	0	0.553846	2
73	534	201	531	199	117	118	0.0555556	0	0.441758	2
74	92	455	91	454	117	118	0.015873	0	1	2
75	196	212	195	211	117	119	0.015873	0	0.465934	2
76	544	198	532	195	117	125	0.166667	0	0.435165	2
77	107	279	144	276	118	126	0.365079	0	0.613187	1
78	171	222	171	222	118	121	0	0	0.487912	1
79	160	259	159	259	118	119	0.00793651	0	0.569231	2
80	332	174	334	173	118	119	0.0238095	0	0.382418	1
81	68	428	71	431	118	145	0.0952381	0	0.940659	1
82	243	170	215	172	118	125	0.253968	0	0.373626	2
83	195	179	193	180	118	122	0.0238095	0	0.393407	2
84	184	213	183	213	118	122	0.00793651	0	0.468132	2
85	524	121	525	123	118	121	0.0396825	0	0.265934	1
86	356	353	357	352	118	124	0.015873	0	0.775824	1
87	181	225	181	225	118	119	0	0	0.494505	1
88	69	399	71	401	118	145	0.047619	0	0.876923	1
89	386	455	385	454	119	120	0.015873	0	1	2
90	326	193	326	192	119	120	0.00793651	0	0.424176	1
91	551	253	548	253	119	120	0.0238095	0	0.556044	2
92	306	196	309	195	119	120	0.031746	0	0.430769	1
93	29	419	25	418	119	128	0.0396825	0	0.920879	2
94	395	203	391	202	119	120	0.0396825	0	0.446154	2
95	164	454	165	453	120	131	0.015873	0	0.997802	1
96	334	180	335	179	120	121	0.015873	0	0.395604	1
97	527	187	522	186	120	122	0.047619	0	0.410989	2
98	313	215	313	215	120	121	0	0	0.472527	1
99	39	444	39	444	120	130	0	0	0.975824	1
100	98	424	100	423	120	127	0.0238095	0	0.931868	1
101	160	259	159	258	120	121	0.015873	0	0.569231	2
102	241	291	239	291	120	121	0.015873	0	0.63956	2
103	161	274	150	274	120	123	0.0873016	0	0.602198	2
104	262	242	265	244	120	122	0.0555556	0	0.531868	1
105	343	233	342	232	120	122	0.015873	0	0.512088	2
106	196	212	197	213	120	121	0.015873	0	0.465934	1
107	87	318	87	318	120	121	0	0	0.698901	1
108	346	185	346	183	120	122	0.031746	0	0.406593	1
109	236	281	224	279	120	124	0.126984	0	0.617582	2
110	364	315	419	308	120	139	0.825397	0	0.692308	1
111	386	455	388	454	121	143	0.0238095	0	1	1
112	101	455	101	454	121	135	0.00793651	0	1	1
113	144	221	150	219	121	123	0.0793651	0	0.485714	1
114	287	211	287	211	121	122	0	0	0.463736	1
115	91	455	90	454	121	122	0.015873	0	1	2
116	373	182	365	182	121	124	0.0634921	0	0.4	2
117	679	173	668	173	121	141	0.0873016	0	0.38022	2
118	172	223	171	224	122	123	0.015873	0	0.49011	2
119	311	229	318	231	122	125	0.0873016	0	0.503297	1
120	158	259	156	262	122	125	0.0873016	0	0.569231	2
121	264	216	267	214	122	124	0.0555556	0	0.474725	1
122	554	28	553	27	122	129	0.015873	0	0.0615385	2
123	527	92	528	92	122	123	0.00793651	0	0.202198	1
124	751	115	755	113	122	125	0.0634921	0	0.252747	1
125	526	123	526	123	122	123	0	0	0.27033	1
126	167	247	168	247	122	123	0.00793651	0	0.542857	1
127	495	435	497	432	122	124	0.0873016	0	0.956044	1
128	275	210	279	207	122	124	0.103175	0	0.461538	1
129	475	72	477	74	122	145	0.047619	0	0.158242	1
130	331	179	330	176	123	124	0.0793651	0	0.393407	2
131	174	189	178	189	123	124	0.031746	0	0.415385	1
132	186	180	186	180	123	124	0	0	0.395604	1
133	88	425	90	424	123	130	0.0238095	0	0.934066	1
134	518	210	517	209	123	129	0.015873	0	0.461538	2
135	267	245	270	245	123	126	0.0238095	0	0.538462	1
136	321	196	324	195	123	124	0.031746	0	0.430769	1
137	43	455	45	454	123	135	0.0238095	0	1	1
138	603	28	604	27	123	129	0.015873	0	0.0615385	1
139	738	32	739	31	123	134	0.015873	0	0.0703297	1
140	275	226	277	224	123	124	0.047619	0	0.496703	1
141	168	227	168	228	124	125	0.00793651	0	0.498901	1
142	296	220	298	220	124	125	0.015873	0	0.483516	1
143	232	198	230	198	124	125	0.015873	0	0.435165	2
144	90	455	90	454	124	135	0.00793651	0	1	1
145	351	455	350	453	124	129	0.0396825	0	1	2
146	524	124	523	124	124	125	0.00793651	0	0.272527	2
147	371	343	371	342	124	125	0.00793651	0	0.753846	1
148	397	441	398	442	124	145	0.015873	0	0.969231	1
149	499	431	510	423	125	136	0.595238	0	0.947253	1
150	184	192	188	192	125	126	0.031746	0	0.421978	1
151	534	122	537	121	125	126	0.031746	0	0.268132	1
152	205	213	205	212	125	126	0.00793651	0	0.468132	1
153	555	287	546	282	125	128	0.269841	0	0.630769	2
154	200	454	202	454	125	137	0.015873	0	0.997802	1
155	164	436	164	436	125	132	0	0	0.958242	1
156	319	217	320	216	126	127	0.015873	0	0.476923	1
157	275	215	277	212	126	127	0.0873016	0	0.472527	1
158	374	339	375	338	126	127	0.015873	0	0.745055	1
159	319	231	319	231	126	127	0	0	0.507692	1
160	552	259	547	258	126	127	0.047619	0	0.569231	2
161	339	195	343	194	126	128	0.0396825	0	0.428571	1
162	211	172	205	171	126	127	0.0555556	0	0.378022	2
163	526	250	522	248	126	127	0.0634921	0	0.549451	2
164	355	177	355	175	126	127	0.031746	0	0.389011	1
165	634	26	634	25	126	128	0.00793651	0	0.0571429	1
166	193	293	193	292	126	127	0.00793651	0	0.643956	1
167	176	455	177	454	126	134	0.015873	0	1	1
168	177	427	182	428	126	145	0.047619	0	0.938462	1
169	150	277	155	275	127	128	0.0714286	0	0.608791	1
170	328	171	327	170	127	128	0.015873	0	0.375824	2
171	315	184	313	182	127	129	0.047619	0	0.404396	2
172	542	120	549	122	127	131	0.0873016	0	0.263736	1
173	193	191	198	191	127	128	0.0396825	0	0.41978	1
174	537	95	542	94	127	129	0.047619	0	0.208791	1
175	243	447	245	449	127	145	0.047619	0	0.982418	1
176	115	427	121	430	127	145	0.119048	0	0.938462	1
177	325	215	329	213	128	130	0.0634921	0	0.472527	1
178	181	262	181	262	128	129	0	0	0.575824	1
179	360	229	362	231	128	130	0.047619	0	0.503297	1
180	279	210	280	207	128	129	0.0793651	0	0.461538	1
181	485	439	488	437	128	130	0.0555556	0	0.964835	1
182	188	185	191	187	128	130	0.0555556	0	0.406593	1
183	333	192	335	191	128	129	0.0238095	0	0.421978	1
184	175	225	179	224	128	129	0.0396825	0	0.494505	1
185	101	424	103	423	128	133	0.0238095	0	0.931868	1
186	363	177	363	175	128	129	0.031746	0	0.389011	1
187	193	207	207	210	128	131	0.18254	0	0.454945	1
188	308	228	310	222	129	132	0.301587	0	0.501099	1
189	331	223	332	223	129	130	0.00793651	0	0.49011	1
190	162	274	168	272	129	130	0.0793651	0	0.602198	1
191	321	232	345	228	129	138	0.31746	0	0.50989	1
192	205	194	210	194	129	130	0.0396825	0	0.426374	1
193	514	246	510	245	129	130	0.0396825	0	0.540659	2
194	345	195	348	194	129	131	0.031746	0	0.428571	1
195	545	94	555	95	130	134	0.0873016	0	0.206593	1
196	556	26	556	26	130	134	0	0	0.0571429	1
197	629	29	630	28	130	132	0.015873	0	0.0637363	1
198	171	231	173	229	130	132	0.047619	0	0.507692	1
199	326	170	325	170	130	131	0.00793651	0	0.373626	2
200	351	454	352	452	130	134	0.0396825	0	0.997802	1
201	203	271	202	271	130	132	0.00793651	0	0.595604	2
202	345	206	347	207	130	132	0.0238095	0	0.452747	1
203	371	206	373	203	130	133	0.0873016	0	0.452747	1
204	330	214	336	213	131	134	0.0555556	0	0.47033	1
205	40	444	42	445	131	140	0.0238095	0	0.975824	1
206	92	424	95	425	131	139	0.031746	0	0.931868	1
207	508	245	504	244	131	132	0.0396825	0	0.538462	2
208	175	271	180	269	131	132	0.0714286	0	0.595604	1
209	215	196	218	197	131	132	0.031746	0	0.430769	1
210	491	438	495	435	131	134	0.103175	0	0.962637	1
211	188	244	181	241	131	136	0.126984	0	0.536264	2
212	217	222	222	222	131	132	0.0396825	0	0.487912	1
213	289	202	290	200	131	133	0.0396825	0	0.443956	1
214	363	173	363	171	131	132	0.031746	0	0.38022	1
215	320	180	319	178	131	132	0.0396825	0	0.395604	2
216	403	322	418	314	131	136	0.626984	0	0.707692	1
217	616	30	617	30	131	136	0.00793651	0	0.0659341	1
218	200	189	203	189	131	132	0.0238095	0	0.415385	1
219	195	228	202	230	131	132	0.0873016	0	0.501099	1
220	166	454	167	454	132	138	0.00793651	0	0.997802	1
221	279	242	285	239	132	134	0.119048	0	0.531868	1
222	303	201	303	199	132	133	0.031746	0	0.441758	1
223	349	193	350	192	132	133	0.015873	0	0.424176	1
224	189	173	144	182	132	142	1	0	0.38022	2
225	279	207	285	205	132	135	0.0793651	0	0.454945	1
226	375	447	376	448	133	145	0.015873	0	0.982418	1
227	227	222	230	222	133	134	0.0238095	0	0.487912	1
228	222	197	247	199	133	142	0.230159	0	0.432967	1
229	501	244	497	243	133	134	0.0396825	0	0.536264	2
230	176	261	174	258	133	134	0.0873016	0	0.573626	2
231	634	27	635	27	133	137	0.00793651	0	0.0593407	1
232	604	30	606	30	133	141	0.015873	0	0.0659341	1
233	710	36	712	38	133	145	0.047619	0	0.0791209	1
234	340	191	340	191	133	134	0	0	0.41978	1
235	298	251	300	252	133	137	0.0238095	0	0.551648	1
236	546	30	547	32	133	145	0.0396825	0	0.0659341	1
237	529	280	521	276	133	135	0.190476	0	0.615385	2
238	366	170	366	168	133	134	0.031746	0	0.373626	1
239	307	205	307	204	134	135	0.00793651	0	0.450549	1
240	193	268	198	268	134	135	0.0396825	0	0.589011	1
241	375	204	382	206	134	138	0.0873016	0	0.448352	1
242	282	451	283	453	134	145	0.0396825	0	0.991209	1
243	509	34	509	34	134	137	0	0	0.0747253	1
244	336	436	337	438	135	145	0.0396825	0	0.958242	1
245	345	191	346	191	135	136	0.00793651	0	0.41978	1
246	220	215	222	215	135	136	0.015873	0	0.472527	1
247	197	226	202	227	135	138	0.047619	0	0.496703	1
248	353	452	355	451	135	143	0.0238095	0	0.993407	1
249	189	442	191	444	135	145	0.047619	0	0.971429	1
250	558	96	574	98	135	141	0.15873	0	0.210989	1
251	295	214	298	214	135	137	0.0238095	0	0.47033	1
252	491	270	487	272	135	136	0.0634921	0	0.593407	2
253	206	193	206	195	135	138	0.031746	0	0.424176	1
254	450	448	451	450	135	145	0.0396825	0	0.984615	1
255	561	124	568	123	135	137	0.0634921	0	0.272527	1
256	174	253	173	252	136	137	0.015873	0	0.556044	2
257	308	205	310	212	136	142	0.404762	0	0.450549	1
258	232	224	235	224	136	137	0.0238095	0	0.492308	1
259	24	419	24	419	136	137	0	0	0.920879	1
260	286	237	286	236	136	137	0.00793651	0	0.520879	1
261	491	196	490	197	136	137	0.015873	0	0.430769	2
262	46	429	46	429	136	137	0	0	0.942857	1
263	535	33	535	34	136	144	0.00793651	0	0.0725275	1
264	517	69	518	70	136	145	0.015873	0	0.151648	1
265	387	441	388	443	136	145	0.0396825	0	0.969231	1
266	159	267	161	267	136	138	0.015873	0	0.586813	1
267	180	241	181	239	137	145	0.0396825	0	0.52967	1
268	487	274	485	275	137	138	0.0238095	0	0.602198	2
269	196	218	197	220	137	138	0.0396825	0	0.479121	1
270	348	210	351	209	137	139	0.031746	0	0.461538	1
271	166	438	168	438	137	145	0.015873	0	0.962637	1
272	219	232	218	232	137	138	0.00793651	0	0.50989	2
273	778	112	785	112	137	140	0.0555556	0	0.246154	1
274	790	44	791	45	137	145	0.015873	0	0.0967033	1
275	148	278	149	278	137	145	0.00793651	0	0.610989	1
276	550	359	551	360	137	145	0.015873	0	0.789011	1
277	170	256	169	255	138	139	0.015873	0	0.562637	2
278	349	192	350	192	138	139	0.00793651	0	0.421978	1
279	240	229	242	231	138	139	0.047619	0	0.503297	1
280	202	454	203	454	138	144	0.00793651	0	0.997802	1
281	354	172	354	170	138	139	0.031746	0	0.378022	1
282	508	30	510	30	138	145	0.015873	0	0.0659341	1
283	46	429	47	429	138	145	0.00793651	0	0.942857	1
284	287	236	289	233	138	140	0.0873016	0	0.518681	1
285	333	446	334	447	138	145	0.015873	0	0.98022	1
286	199	334	199	333	138	139	0.00793651	0	0.734066	1
287	301	253	301	253	138	139	0	0	0.556044	1
288	235	324	236	324	138	139	0.00793651	0	0.712088	1
289	351	227	351	227	139	140	0	0	0.498901	1
290	294	207	295	211	139	141	0.134921	0	0.454945	1
291	102	455	102	454	139	142	0.00793651	0	1	1
292	480	276	478	277	139	140	0.0238095	0	0.606593	2
293	168	454	169	454	139	145	0.00793651	0	0.997802	1
294	203	225	203	224	139	141	0.00793651	0	0.494505	1
295	384	207	384	207	139	141	0	0	0.454945	1
296	162	268	160	267	139	143	0.0238095	0	0.589011	2
297	24	420	24	420	139	140	0	0	0.923077	1
298	337	193	339	192	139	140	0.0238095	0	0.424176	1
299	212	202	211	202	139	140	0.00793651	0	0.443956	2
300	490	279	488	278	139	140	0.0238095	0	0.613187	2
301	92	455	92	454	139	142	0.00793651	0	1	1
302	179	443	180	444	139	145	0.015873	0	0.973626	1
303	329	250	330	249	139	141	0.015873	0	0.549451	1
304	340	181	342	180	139	140	0.0238095	0	0.397802	1
305	171	253	170	252	140	141	0.015873	0	0.556044	2
306	351	192	351	191	140	141	0.00793651	0	0.421978	1
307	198	270	199	271	140	145	0.015873	0	0.593407	1
308	243	232	242	232	140	141	0.00793651	0	0.50989	2
309	346	216	348	216	140	142	0.015873	0	0.474725	1
310	97	425	99	426	140	145	0.0238095	0	0.934066	1
311	171	223	169	223	140	145	0.015873	0	0.49011	2
312	546	44	546	45	140	145	0.00793651	0	0.0967033	1
313	328	178	330	177	140	141	0.0238095	0	0.391209	1
314	423	308	427	307	140	141	0.0396825	0	0.676923	1
315	351	229	351	231	141	142	0.031746	0	0.503297	1
316	44	446	45	447	141	145	0.015873	0	0.98022	1
317	354	202	357	204	141	143	0.0555556	0	0.443956	1
318	136	178	117	184	141	145	0.436508	0	0.391209	2
319	345	175	345	175	141	142	0	0	0.384615	1
320	196	239	196	240	141	142	0.00793651	0	0.525275	1
321	211	201	213	203	141	143	0.047619	0	0.441758	1
322	186	334	186	335	141	145	0.00793651	0	0.734066	1
323	241	233	241	233	142	143	0	0	0.512088	1
324	217	230	219	232	142	143	0.047619	0	0.505495	1
325	172	251	172	251	142	144	0	0	0.551648	1
326	251	229	253	229	142	143	0.015873	0	0.503297	1
327	480	215	482	216	142	145	0.0238095	0	0.472527	1
328	292	232	295	231	142	143	0.031746	0	0.50989	1
329	664	174	653	175	142	145	0.0952381	0	0.382418	2
330	353	192	354	193	142	143	0.015873	0	0.421978	1
331	162	249	161	249	142	143	0.00793651	0	0.547253	2
332	577	99	588	100	142	145	0.0952381	0	0.217582	1
333	576	130	577	130	142	143	0.00793651	0	0.285714	1
334	512	449	518	450	142	145	0.0555556	0	0.986813	1
335	305	210	305	210	143	144	0	0	0.461538	1
336	250	200	255	202	143	145	0.0714286	0	0.43956	1
337	336	226	337	227	143	145	0.015873	0	0.496703	1
338	25	420	25	420	143	145	0	0	0.923077	1
339	673	174	669	174	143	144	0.031746	0	0.382418	2
340	339	178	341	178	143	144	0.015873	0	0.391209	1
341	228	436	228	436	143	145	0	0	0.958242	1
342	355	215	356	216	143	144	0.015873	0	0.472527	1
343	352	236	352	236	144	145	0	0	0.518681	1
344	220	232	221	231	144	145	0.015873	0	0.50989	1
345	256	229	258	231	144	145	0.047619	0	0.503297	1
346	242	235	244	237	144	145	0.047619	0	0.516484	1
347	350	168	349	168	144	145	0.00793651	0	0.369231	2
348	358	447	358	447	144	145	0	0	0.982418	1
349	159	267	158	266	144	145	0.015873	0	0.586813	2
350	162	249	161	249	144	145	0.00793651	0	0.547253	2
351	211	199	213	200	144	145	0.0238095	0	0.437363	1
352	745	32	745	32	144	145	0	0	0.0703297	1
353	196	242	196	242	144	145	0	0	0.531868	1
354	499	63	499	63	144	145	0	0	0.138462	1