
0	614	213	613	211	137	138	0.0806452	0	0.527228	2
1	615	200	613	197	137	138	0.177419	0	0.49505	2
2	709	120	710	118	137	175	0.0806452	0	0.29703	1
3	637	197	634	197	138	139	0.0483871	0	0.487624	2
4	617	185	616	182	138	139	0.16129	0	0.457921	2
5	649	190	646	190	138	140	0.0483871	0	0.470297	2
6	793	83	794	81	138	142	0.0806452	0	0.205446	1
7	614	211	613	209	139	140	0.0806452	0	0.522277	2
8	650	179	648	179	139	140	0.0322581	0	0.443069	2
9	799	225	800	227	139	140	0.0806452	0	0.556931	1
10	778	185	778	184	139	140	0.016129	0	0.457921	1
11	632	117	629	117	139	149	0.0483871	0	0.289604	2
12	612	191	610	190	140	141	0.0483871	0	0.472772	2
13	706	258	707	258	140	142	0.016129	0	0.638614	1
14	676	123	673	122	140	141	0.0645161	0	0.304455	2
15	509	239	509	239	140	144	0	0	0.591584	1
16	615	178	613	176	140	141	0.0967742	0	0.440594	2
17	791	194	790	194	140	141	0.016129	0	0.480198	2
18	462	141	459	139	140	143	0.112903	0	0.34901	2
19	804	202	797	206	140	144	0.370968	0	0.5	2
20	706	272	709	275	140	144	0.193548	0	0.673267	1
21	590	186	586	185	141	143	0.0806452	0	0.460396	2
22	465	379	463	378	141	142	0.0483871	0	0.938119	2
23	801	228	798	229	141	145	0.0645161	0	0.564356	2
24	616	202	615	200	141	142	0.0806452	0	0.5	2
25	612	212	611	209	141	142	0.16129	0	0.524752	2
26	744	308	756	310	141	149	0.258065	0	0.762376	1
27	647	180	645	180	141	142	0.0322581	0	0.445545	2
28	779	183	779	181	141	143	0.0645161	0	0.45297	1
29	551	244	550	244	141	143	0.016129	0	0.60396	2
30	625	228	625	229	142	144	0.016129	0	0.564356	1
31	612	189	609	188	142	143	0.0645161	0	0.467822	2
32	669	120	666	119	142	143	0.0645161	0	0.29703	2
33	612	175	610	174	142	143	0.0483871	0	0.433168	2
34	537	214	538	211	142	143	0.16129	0	0.529703	1
35	474	368	476	368	142	143	0.0322581	0	0.910891	1
36	455	327	455	329	142	143	0.0645161	0	0.809406	1
37	718	263	720	263	142	145	0.0322581	0	0.65099	1
38	614	199	613	197	143	144	0.0806452	0	0.492574	2
39	460	378	449	385	143	152	0.967742	0	0.935644	2
40	783	192	781	191	143	144	0.0483871	0	0.475248	2
41	795	80	795	80	143	146	0	0	0.19802	1
42	534	243	535	243	143	145	0.016129	0	0.601485	1
43	486	368	486	369	143	144	0.016129	0	0.910891	1
44	571	189	571	187	143	144	0.0645161	0	0.467822	1
45	647	197	635	195	143	150	0.258065	0	0.487624	2
46	567	79	566	79	143	148	0.016129	0	0.195545	2
47	469	352	469	354	143	144	0.0645161	0	0.871287	1
48	586	186	584	186	144	145	0.0322581	0	0.460396	2
49	454	332	450	335	144	146	0.209677	0	0.821782	2
50	489	387	487	386	144	147	0.0483871	0	0.957921	2
51	665	119	662	118	144	145	0.0645161	0	0.294554	2
52	783	230	783	230	144	145	0	0	0.569307	1
53	497	145	502	144	144	150	0.0967742	0	0.358911	1
54	608	172	605	171	144	145	0.0645161	0	0.425743	2
55	606	187	602	187	144	145	0.0645161	0	0.462871	2
56	476	369	476	369	144	145	0	0	0.913366	1
57	626	217	625	217	144	145	0.016129	0	0.537129	2
58	732	305	745	305	144	151	0.209677	0	0.75495	1
59	697	192	696	192	144	145	0.016129	0	0.475248	2
60	635	203	630	202	144	146	0.0967742	0	0.502475	2
61	702	263	703	263	144	145	0.016129	0	0.65099	1
62	705	134	705	134	144	145	0	0	0.331683	1
63	694	179	687	179	144	148	0.112903	0	0.443069	2
64	627	233	625	232	145	146	0.0483871	0	0.576733	2
65	611	222	610	223	145	146	0.0322581	0	0.549505	2
66	780	191	777	189	145	146	0.112903	0	0.472772	2
67	608	200	607	199	145	146	0.0322581	0	0.49505	2
68	645	80	645	80	145	147	0	0	0.19802	1
69	472	352	463	351	145	148	0.16129	0	0.871287	2
70	486	370	482	369	145	147	0.0806452	0	0.915842	2
71	707	297	708	296	145	147	0.0322581	0	0.735149	1
72	466	362	463	363	145	146	0.0645161	0	0.89604	2
73	711	275	717	275	145	147	0.0967742	0	0.680693	1
74	682	142	681	141	145	146	0.0322581	0	0.351485	2
75	598	199	595	199	145	146	0.0483871	0	0.492574	2
76	584	185	583	184	146	147	0.0322581	0	0.457921	2
77	601	254	601	254	146	156	0	0	0.628713	1
78	798	229	794	228	146	147	0.0806452	0	0.566832	2
79	603	173	600	173	146	147	0.0483871	0	0.428218	2
80	95	364	93	365	146	151	0.0483871	0	0.90099	2
81	611	253	612	253	146	163	0.016129	0	0.626238	1
82	659	119	656	119	146	147	0.0483871	0	0.294554	2
83	696	192	695	192	146	147	0.016129	0	0.475248	2
84	702	136	704	135	146	175	0.0483871	0	0.336634	1
85	559	89	558	88	146	149	0.0322581	0	0.220297	2
86	625	232	623	231	147	148	0.0483871	0	0.574257	2
87	609	198	609	197	147	148	0.016129	0	0.490099	1
88	451	335	425	330	147	153	0.822581	0	0.829208	2
89	475	404	474	402	147	154	0.0806452	0	1	2
90	721	291	724	291	147	148	0.0483871	0	0.720297	1
91	777	188	775	187	147	148	0.0483871	0	0.465347	2
92	625	217	624	216	147	148	0.0322581	0	0.537129	2
93	678	134	678	134	147	164	0	0	0.331683	1
94	508	243	509	242	147	148	0.0322581	0	0.601485	1
95	472	368	467	368	147	148	0.0806452	0	0.910891	2
96	462	362	459	362	147	148	0.0483871	0	0.89604	2
97	580	253	579	253	147	152	0.016129	0	0.626238	2
98	431	149	427	151	147	151	0.129032	0	0.368812	2
99	795	80	796	80	147	151	0.016129	0	0.19802	1
100	793	212	787	211	147	149	0.112903	0	0.524752	2
101	583	185	581	184	148	149	0.0483871	0	0.457921	2
102	485	383	479	383	148	149	0.0967742	0	0.94802	2
103	107	353	106	353	148	149	0.016129	0	0.873762	2
104	589	195	587	195	148	149	0.0322581	0	0.482673	2
105	646	80	645	80	148	149	0.016129	0	0.19802	2
106	787	226	781	225	148	149	0.112903	0	0.559406	2
107	636	174	634	174	148	149	0.0322581	0	0.430693	2
108	723	265	726	265	148	149	0.0483871	0	0.655941	1
109	599	201	597	200	148	149	0.0483871	0	0.497525	2
110	703	270	704	270	148	175	0.016129	0	0.668317	1
111	448	140	446	139	148	149	0.0483871	0	0.346535	2
112	711	296	713	296	148	149	0.0322581	0	0.732673	1
113	107	340	99	339	149	154	0.145161	0	0.841584	2
114	610	197	609	197	149	151	0.016129	0	0.487624	2
115	623	230	622	230	149	150	0.016129	0	0.569307	2
116	774	187	771	186	149	150	0.0645161	0	0.462871	2
117	522	238	525	237	149	150	0.0645161	0	0.589109	1
118	771	174	772	175	149	152	0.0322581	0	0.430693	1
119	366	263	369	263	149	157	0.0483871	0	0.65099	1
120	683	161	667	158	149	156	0.403226	0	0.398515	2
121	587	87	584	86	149	154	0.0645161	0	0.215347	2
122	96	349	86	344	149	154	0.564516	0	0.863861	2
123	559	220	561	219	149	150	0.0483871	0	0.544554	1
124	723	286	730	284	149	151	0.177419	0	0.707921	1
125	800	90	800	89	149	150	0.016129	0	0.222772	1
126	765	137	765	137	149	175	0	0	0.339109	1
127	780	91	782	91	150	155	0.0322581	0	0.225248	1
128	607	220	605	219	150	151	0.0483871	0	0.544554	2
129	601	176	598	175	150	151	0.0645161	0	0.435644	2
130	107	354	106	354	150	151	0.016129	0	0.876238	2
131	596	211	593	210	150	151	0.0645161	0	0.522277	2
132	473	384	464	384	150	151	0.145161	0	0.950495	2
133	721	257	738	256	150	154	0.290323	0	0.636139	1
134	646	80	645	80	150	152	0.016129	0	0.19802	2
135	550	206	557	205	150	153	0.129032	0	0.509901	1
136	685	144	685	144	150	175	0	0	0.356436	1
137	567	81	566	81	150	157	0.016129	0	0.200495	2
138	787	224	786	224	150	151	0.016129	0	0.554455	2
139	791	52	791	52	150	175	0	0	0.128713	1
140	731	266	739	266	150	152	0.129032	0	0.658416	1
141	557	116	556	115	150	152	0.0322581	0	0.287129	2
142	523	177	523	177	150	166	0	0	0.438119	1
143	597	221	590	222	150	152	0.129032	0	0.54703	2
144	624	165	623	162	150	151	0.16129	0	0.408416	2
145	622	232	623	234	151	152	0.0806452	0	0.574257	1
146	501	175	501	174	151	152	0.016129	0	0.433168	1
147	609	207	608	207	151	152	0.016129	0	0.512376	2
148	800	95	801	94	151	156	0.0322581	0	0.235149	1
149	634	184	643	178	151	164	0.725806	0	0.455446	1
150	632	196	633	196	151	158	0.016129	0	0.485149	1
151	671	80	670	79	151	175	0.0322581	0	0.19802	2
152	591	200	586	196	151	153	0.33871	0	0.49505	2
153	608	196	607	196	152	153	0.016129	0	0.485149	2
154	105	367	102	365	152	153	0.112903	0	0.908416	2
155	95	366	95	365	152	153	0.016129	0	0.905941	1
156	786	224	782	222	152	153	0.129032	0	0.554455	2
157	749	307	752	306	152	154	0.0645161	0	0.759901	1
158	618	198	617	198	152	153	0.016129	0	0.490099	2
159	798	82	799	82	152	156	0.016129	0	0.20297	1
160	659	80	658	79	152	155	0.0322581	0	0.19802	2
161	763	217	755	218	152	155	0.145161	0	0.537129	2
162	567	213	568	213	152	153	0.016129	0	0.527228	1
163	734	288	736	287	152	153	0.0483871	0	0.712871	1
164	623	237	620	237	153	159	0.0483871	0	0.586634	2
165	596	174	595	173	153	154	0.0322581	0	0.430693	2
166	452	385	452	383	153	154	0.0645161	0	0.95297	1
167	638	83	637	82	153	155	0.0322581	0	0.205446	2
168	612	229	611	229	153	154	0.016129	0	0.566832	2
169	641	194	639	195	153	156	0.0483871	0	0.480198	2
170	632	165	632	163	153	154	0.0645161	0	0.408416	1
171	551	116	548	116	153	164	0.0483871	0	0.287129	2
172	384	261	386	260	153	154	0.0483871	0	0.64604	1
173	735	269	753	273	153	159	0.548387	0	0.665842	1
174	611	209	609	209	153	154	0.0322581	0	0.517327	2
175	773	177	757	178	153	166	0.274194	0	0.438119	2
176	436	146	431	149	153	156	0.225806	0	0.361386	2
177	609	196	608	196	154	155	0.016129	0	0.485149	2
178	580	181	578	180	154	155	0.0483871	0	0.44802	2
179	421	331	392	326	154	160	0.870968	0	0.819307	2
180	771	188	770	188	154	155	0.016129	0	0.465347	2
181	760	205	756	205	154	155	0.0645161	0	0.507426	2
182	504	179	509	179	154	161	0.0806452	0	0.443069	1
183	740	286	745	286	154	156	0.0806452	0	0.707921	1
184	794	229	793	224	154	167	0.419355	0	0.566832	2
185	687	190	677	188	154	157	0.225806	0	0.470297	2
186	454	194	454	194	154	155	0	0	0.480198	1
187	97	339	94	337	155	156	0.112903	0	0.839109	2
188	817	95	818	94	155	157	0.0322581	0	0.235149	1
189	453	383	448	380	155	156	0.225806	0	0.94802	2
190	595	174	594	173	155	156	0.0322581	0	0.430693	2
191	634	162	634	161	155	156	0.016129	0	0.40099	1
192	584	87	578	86	155	168	0.112903	0	0.215347	2
193	611	233	611	232	155	157	0.016129	0	0.576733	1
194	754	308	758	306	155	158	0.129032	0	0.762376	1
195	608	210	605	209	155	157	0.0645161	0	0.519802	2
196	495	159	506	166	155	168	0.967742	0	0.393564	1
197	543	244	545	243	155	157	0.0483871	0	0.60396	1
198	422	374	411	375	155	158	0.193548	0	0.925743	2
199	743	259	769	265	155	168	1	0	0.641089	1
200	569	209	580	209	155	158	0.177419	0	0.517327	1
201	450	354	445	354	155	156	0.0806452	0	0.876238	2
202	553	88	547	88	155	167	0.0967742	0	0.217822	2
203	784	217	780	218	155	164	0.0806452	0	0.537129	2
204	772	88	772	87	155	175	0.016129	0	0.217822	1
205	607	197	604	197	156	157	0.0483871	0	0.487624	2
206	637	83	636	82	156	161	0.0322581	0	0.205446	2
207	782	91	786	91	156	175	0.0645161	0	0.225248	1
208	754	221	735	216	156	162	0.709677	0	0.54703	2
209	94	367	92	366	156	157	0.0483871	0	0.908416	2
210	655	78	654	78	156	159	0.016129	0	0.193069	2
211	771	188	763	184	156	161	0.387097	0	0.465347	2
212	738	304	750	302	156	159	0.258065	0	0.752475	1
213	561	192	560	191	156	157	0.0322581	0	0.475248	2
214	454	196	458	201	156	160	0.467742	0	0.485149	1
215	572	179	571	178	156	157	0.0322581	0	0.443069	2
216	628	173	627	172	156	157	0.0322581	0	0.428218	2
217	584	195	582	194	156	157	0.0483871	0	0.482673	2
218	92	337	87	337	157	159	0.0806452	0	0.834158	2
219	602	254	602	254	157	164	0	0	0.628713	1
220	635	158	635	157	157	158	0.016129	0	0.391089	1
221	596	174	595	174	157	158	0.016129	0	0.430693	2
222	112	259	108	262	157	166	0.209677	0	0.641089	2
223	441	380	431	381	157	158	0.177419	0	0.940594	2
224	586	172	582	168	157	161	0.322581	0	0.425743	2
225	800	82	802	82	157	172	0.0322581	0	0.20297	1
226	772	100	772	99	157	175	0.016129	0	0.247525	1
227	820	93	826	92	158	166	0.112903	0	0.230198	1
228	583	193	581	190	158	159	0.177419	0	0.477723	2
229	560	189	558	188	158	159	0.0483871	0	0.467822	2
230	575	241	578	241	158	160	0.0483871	0	0.596535	1
231	568	82	569	81	158	170	0.0322581	0	0.20297	1
232	87	370	83	371	158	159	0.0806452	0	0.915842	2
233	615	223	615	223	158	160	0	0	0.55198	1
234	461	185	485	189	158	172	0.645161	0	0.457921	1
235	633	147	631	147	158	159	0.0322581	0	0.363861	2
236	102	348	101	347	158	160	0.0322581	0	0.861386	2
237	608	201	607	201	159	160	0.016129	0	0.497525	2
238	635	157	637	155	159	161	0.0967742	0	0.388614	1
239	405	218	413	213	159	162	0.532258	0	0.539604	1
240	636	194	642	191	159	164	0.241935	0	0.480198	1
241	512	147	520	149	159	167	0.193548	0	0.363861	1
242	422	382	411	381	159	160	0.193548	0	0.945545	2
243	66	354	64	354	159	163	0.0322581	0	0.876238	2
244	621	236	622	235	160	162	0.0322581	0	0.584158	1
245	84	338	80	337	160	164	0.0806452	0	0.836634	2
246	579	189	577	187	160	161	0.0967742	0	0.467822	2
247	754	273	762	276	160	164	0.274194	0	0.675743	1
248	596	182	595	182	160	161	0.016129	0	0.450495	2
249	558	187	552	186	160	163	0.112903	0	0.462871	2
250	573	199	566	199	160	164	0.112903	0	0.492574	2
251	548	245	547	245	160	161	0.016129	0	0.606436	2
252	656	80	656	79	160	163	0.016129	0	0.19802	1
253	764	268	785	273	160	171	0.741935	0	0.663366	1
254	581	253	581	252	160	161	0.016129	0	0.626238	1
255	625	152	626	151	160	161	0.0322581	0	0.376238	1
256	610	202	611	202	161	162	0.016129	0	0.5	1
257	102	348	102	347	161	162	0.016129	0	0.861386	1
258	408	380	406	380	161	162	0.0322581	0	0.940594	2
259	565	176	564	176	161	162	0.016129	0	0.435644	2
260	387	327	381	326	161	162	0.112903	0	0.809406	2
261	409	243	410	243	161	162	0.016129	0	0.601485	1
262	617	223	617	223	161	162	0	0	0.55198	1
263	460	204	464	201	161	165	0.209677	0	0.50495	1
264	416	224	417	223	161	162	0.0322581	0	0.554455	1
265	565	223	564	223	162	164	0.016129	0	0.55198	2
266	587	170	584	168	162	164	0.112903	0	0.420792	2
267	632	153	634	152	162	163	0.0483871	0	0.378713	1
268	597	183	597	183	162	163	0	0	0.45297	1
269	636	83	635	82	162	168	0.0322581	0	0.205446	2
270	541	230	532	231	162	164	0.16129	0	0.569307	2
271	507	174	510	173	162	164	0.0645161	0	0.430693	1
272	577	187	576	187	162	163	0.016129	0	0.462871	2
273	633	163	639	161	162	164	0.16129	0	0.403465	1
274	625	236	642	235	163	174	0.290323	0	0.584158	1
275	613	203	614	201	163	164	0.0806452	0	0.502475	1
276	573	173	572	172	163	164	0.0322581	0	0.428218	2
277	405	379	401	376	163	164	0.209677	0	0.938119	2
278	414	244	460	242	163	175	0.806452	0	0.60396	1
279	600	173	603	172	163	171	0.0645161	0	0.428218	1
280	758	223	756	223	163	175	0.0322581	0	0.55198	2
281	417	210	419	210	163	164	0.0322581	0	0.519802	1
282	376	325	369	323	163	164	0.177419	0	0.804455	2
283	570	244	570	243	163	164	0.016129	0	0.60396	1
284	615	235	617	234	163	167	0.0483871	0	0.581683	1
285	412	140	410	138	163	164	0.0967742	0	0.346535	2
286	575	227	571	227	164	165	0.0645161	0	0.561881	2
287	495	178	498	178	164	168	0.0483871	0	0.440594	1
288	739	216	730	212	164	167	0.403226	0	0.534653	2
289	552	187	550	188	164	165	0.0483871	0	0.462871	2
290	638	151	641	151	164	165	0.0483871	0	0.373762	1
291	596	183	594	184	164	166	0.0483871	0	0.45297	2
292	660	79	660	78	164	175	0.016129	0	0.195545	1
293	529	221	527	221	164	165	0.0322581	0	0.54703	2
294	637	118	635	117	164	167	0.0483871	0	0.292079	2
295	367	367	340	370	164	169	0.580645	0	0.908416	2
296	618	201	621	200	165	167	0.0645161	0	0.497525	1
297	571	173	570	173	165	166	0.016129	0	0.428218	2
298	597	226	597	225	165	166	0.016129	0	0.559406	1
299	607	251	607	250	165	167	0.016129	0	0.621287	1
300	581	239	587	238	165	167	0.112903	0	0.591584	1
301	584	170	582	171	165	167	0.0483871	0	0.420792	2
302	785	310	792	309	165	168	0.129032	0	0.767327	1
303	396	375	378	375	165	167	0.290323	0	0.928218	2
304	644	193	648	192	165	168	0.0806452	0	0.477723	1
305	585	205	584	206	165	166	0.0322581	0	0.507426	2
306	772	296	777	296	165	167	0.0806452	0	0.732673	1
307	679	134	679	133	165	175	0.016129	0	0.331683	1
308	422	217	443	219	165	171	0.403226	0	0.537129	1
309	561	224	559	224	165	166	0.0322581	0	0.554455	2
310	775	312	780	310	165	168	0.145161	0	0.772277	1
311	558	82	559	81	165	175	0.0322581	0	0.20297	1
312	80	337	79	338	165	167	0.0322581	0	0.834158	2
313	395	262	395	260	165	169	0.0645161	0	0.648515	1
314	742	228	742	227	165	175	0.016129	0	0.564356	1
315	409	52	409	51	165	175	0.016129	0	0.128713	1
316	543	195	542	196	166	169	0.0322581	0	0.482673	2
317	413	246	423	245	166	170	0.177419	0	0.608911	1
318	74	378	75	376	166	167	0.0806452	0	0.935644	1
319	644	152	646	152	166	167	0.0322581	0	0.376238	1
320	569	226	566	224	166	167	0.112903	0	0.559406	2
321	570	173	568	173	167	168	0.0322581	0	0.428218	2
322	89	369	94	365	167	169	0.33871	0	0.913366	1
323	564	199	562	200	167	168	0.0483871	0	0.492574	2
324	524	178	525	177	167	169	0.0322581	0	0.440594	1
325	579	206	578	206	167	168	0.016129	0	0.509901	2
326	516	242	515	242	167	173	0.016129	0	0.59901	2
327	107	262	104	261	167	169	0.0645161	0	0.648515	2
328	662	194	668	197	167	172	0.241935	0	0.480198	1
329	552	192	551	192	167	168	0.016129	0	0.475248	2
330	585	248	586	248	167	168	0.016129	0	0.613861	1
331	780	220	772	219	167	171	0.145161	0	0.544554	2
332	592	184	590	184	167	168	0.0322581	0	0.455446	2
333	80	374	82	372	168	169	0.0967742	0	0.925743	1
334	616	195	616	195	168	169	0	0	0.482673	1
335	561	224	553	227	168	173	0.274194	0	0.554455	2
336	601	254	601	254	168	169	0	0	0.628713	1
337	649	155	650	156	168	169	0.0322581	0	0.383663	1
338	545	88	543	87	168	175	0.0483871	0	0.217822	2
339	617	232	623	235	168	172	0.241935	0	0.574257	1
340	762	183	767	183	168	175	0.0806452	0	0.45297	1
341	346	320	319	322	168	173	0.5	0	0.792079	2
342	580	173	579	173	168	169	0.016129	0	0.428218	2
343	589	238	591	239	168	169	0.0483871	0	0.589109	1
344	585	217	586	218	168	171	0.0322581	0	0.537129	1
345	522	151	525	151	168	173	0.0483871	0	0.373762	1
346	780	296	785	297	168	171	0.0967742	0	0.732673	1
347	554	179	553	178	168	169	0.0322581	0	0.443069	2
348	561	200	559	201	169	170	0.0483871	0	0.49505	2
349	771	265	771	265	169	170	0	0	0.655941	1
350	509	166	510	166	169	172	0.016129	0	0.410891	1
351	782	310	785	316	169	173	0.629032	0	0.767327	1
352	567	118	561	118	169	170	0.0967742	0	0.292079	2
353	649	193	658	194	169	173	0.16129	0	0.477723	1
354	793	222	781	222	169	173	0.193548	0	0.549505	2
355	579	87	578	86	169	170	0.0322581	0	0.215347	2
356	713	214	710	213	169	170	0.0645161	0	0.529703	2
357	625	221	628	220	169	171	0.0645161	0	0.54703	1
358	562	190	560	190	169	170	0.0322581	0	0.470297	2
359	470	204	478	208	169	172	0.387097	0	0.50495	1
360	716	136	716	136	169	175	0	0	0.336634	1
361	543	197	541	195	170	175	0.0967742	0	0.487624	2
362	576	207	573	208	170	172	0.0645161	0	0.512376	2
363	97	363	99	361	170	171	0.0967742	0	0.898515	1
364	601	254	601	254	170	171	0	0	0.628713	1
365	650	156	657	158	170	175	0.177419	0	0.386139	1
366	356	390	352	386	170	171	0.322581	0	0.965347	2
367	335	372	329	372	170	171	0.0967742	0	0.920792	2
368	611	252	611	252	170	172	0	0	0.623762	1
369	578	174	573	171	170	175	0.225806	0	0.430693	2
370	87	369	88	368	170	171	0.0322581	0	0.913366	1
371	662	181	663	185	170	172	0.274194	0	0.44802	1
372	592	241	594	242	170	172	0.0483871	0	0.596535	1
373	582	254	582	254	170	175	0	0	0.628713	1
374	710	214	702	211	171	173	0.274194	0	0.529703	2
375	531	243	530	243	171	173	0.016129	0	0.601485	2
376	95	342	99	341	171	172	0.0806452	0	0.846535	1
377	564	174	562	173	171	172	0.0483871	0	0.430693	2
378	494	177	495	176	171	172	0.0322581	0	0.438119	1
379	826	86	826	86	171	172	0	0	0.212871	1
380	570	81	571	81	171	174	0.016129	0	0.200495	1
381	524	177	524	176	171	173	0.016129	0	0.438119	1
382	419	244	440	243	171	174	0.354839	0	0.60396	1
383	630	221	631	221	172	173	0.016129	0	0.54703	1
384	91	369	91	369	172	173	0	0	0.913366	1
385	572	198	566	195	172	175	0.241935	0	0.490099	2
386	787	298	788	299	172	173	0.0322581	0	0.737624	1
387	767	219	765	217	172	173	0.0967742	0	0.542079	2
388	777	271	778	272	172	173	0.0322581	0	0.670792	1
389	662	161	666	162	172	175	0.0806452	0	0.398515	1
390	535	175	534	175	172	173	0.016129	0	0.433168	2
391	622	193	624	193	172	173	0.0322581	0	0.477723	1
392	811	95	811	94	172	175	0.016129	0	0.235149	1
393	584	216	580	214	172	173	0.129032	0	0.534653	2
394	318	365	313	367	172	173	0.145161	0	0.903465	2
395	631	117	631	116	172	175	0.016129	0	0.289604	1
396	580	87	578	86	172	175	0.0483871	0	0.215347	2
397	338	24	338	24	172	174	0	0	0.0594059	1
398	603	175	602	175	172	173	0.016129	0	0.433168	2
399	511	167	511	165	173	175	0.0645161	0	0.413366	1
400	627	237	627	236	173	175	0.016129	0	0.586634	1
401	104	340	110	340	173	175	0.0967742	0	0.841584	1
402	610	253	610	252	173	175	0.016129	0	0.626238	1
403	265	171	262	171	173	175	0.0483871	0	0.423267	2
404	826	85	826	84	173	175	0.016129	0	0.210396	1
405	566	207	564	207	173	174	0.0322581	0	0.512376	2
406	768	204	768	203	173	174	0.016129	0	0.50495	1
407	481	209	482	207	173	175	0.0806452	0	0.517327	1
408	488	190	492	189	173	175	0.0806452	0	0.470297	1
409	611	207	611	206	173	174	0.016129	0	0.512376	1
410	101	378	100	379	173	174	0.0322581	0	0.935644	2
411	552	230	550	229	174	175	0.0483871	0	0.569307	2
412	530	244	530	244	174	175	0	0	0.60396	1
413	632	201	634	201	174	175	0.0322581	0	0.497525	1
414	560	170	558	170	174	175	0.0322581	0	0.420792	2
415	551	184	550	183	174	175	0.0322581	0	0.455446	2
416	503	179	502	178	174	175	0.0322581	0	0.443069	2
417	786	273	786	273	174	175	0	0	0.675743	1
418	574	209	571	209	174	175	0.0483871	0	0.517327	2
419	312	324	307	325	174	175	0.0967742	0	0.80198	2
420	629	225	630	224	174	175	0.0322581	0	0.556931	1
421	541	116	540	116	174	175	0.016129	0	0.287129	2
422	792	81	791	80	174	175	0.0322581	0	0.200495	2
423	597	242	598	241	174	175	0.0322581	0	0.59901	1
424	309	379	306	381	174	175	0.112903	0	0.938119	2
425	763	213	762	212	174	175	0.0322581	0	0.527228	2
426	527	179	526	179	174	175	0.016129	0	0.443069	2
427	564	103	563	102	174	175	0.0322581	0	0.25495	2
428	644	84	643	84	174	175	0.016129	0	0.207921	2
429	263	248	262	248	174	175	0.016129	0	0.613861	2
430	805	321	805	320	174	175	0.016129	0	0.794554	1
431	552	196	550	195	174	175	0.0483871	0	0.485149	2