
0	328	154	326	148	43	45	0.0969388	0	0.338462	2
1	252	94	254	90	43	45	0.0459184	0	0.206593	1
2	411	455	409	453	43	80	0.0153061	0	1	2
3	392	453	390	452	44	80	0.00765306	0	0.995604	2
4	307	169	307	165	45	46	0.0408163	0	0.371429	1
5	347	349	351	357	45	48	0.173469	0	0.767033	1
6	269	188	270	188	45	49	0.00255102	0	0.413187	1
7	298	178	298	177	46	48	0.00255102	0	0.391209	1
8	275	178	275	178	46	48	0	0	0.391209	1
9	326	148	326	147	46	47	0.00255102	0	0.325275	1
10	281	167	281	166	46	48	0.00255102	0	0.367033	1
11	361	151	359	149	46	47	0.0153061	0	0.331868	2
12	174	162	175	159	46	48	0.0255102	0	0.356044	1
13	340	332	339	332	46	48	0.00255102	0	0.72967	2
14	295	195	295	195	46	49	0	0	0.428571	1
15	292	149	291	146	46	47	0.0255102	0	0.327473	2
16	352	409	351	407	46	56	0.0127551	0	0.898901	2
17	352	111	336	110	46	55	0.0433673	0	0.243956	2
18	310	175	310	173	46	47	0.0102041	0	0.384615	1
19	176	51	174	51	46	50	0.00510204	0	0.112088	2
20	308	163	308	161	47	48	0.0102041	0	0.358242	1
21	325	171	324	170	47	48	0.00510204	0	0.375824	2
22	387	188	367	186	48	56	0.0612245	0	0.413187	2
23	328	147	329	146	48	49	0.00510204	0	0.323077	1
24	301	147	300	147	48	49	0.00255102	0	0.323077	2
25	143	54	140	51	48	61	0.0306122	0	0.118681	2
26	174	61	173	61	48	50	0.00255102	0	0.134066	2
27	282	147	281	146	48	49	0.00510204	0	0.323077	2
28	267	161	267	161	48	49	0	0	0.353846	1
29	154	190	154	189	48	50	0.00255102	0	0.417582	1
30	363	337	365	336	49	50	0.00765306	0	0.740659	1
31	275	178	274	177	49	50	0.00510204	0	0.391209	2
32	297	176	296	174	49	50	0.0127551	0	0.386813	2
33	176	158	175	157	49	51	0.00510204	0	0.347253	2
34	169	141	169	139	49	54	0.0102041	0	0.30989	1
35	350	340	353	339	49	50	0.0102041	0	0.747253	1
36	340	334	341	334	49	80	0.00255102	0	0.734066	1
37	502	181	497	176	49	54	0.0765306	0	0.397802	2
38	371	110	369	110	49	52	0.00510204	0	0.241758	2
39	361	144	359	144	49	50	0.00510204	0	0.316484	2
40	317	150	317	150	49	50	0	0	0.32967	1
41	331	146	332	145	50	51	0.00510204	0	0.320879	1
42	363	382	370	384	50	55	0.0280612	0	0.83956	1
43	284	185	284	184	50	51	0.00255102	0	0.406593	1
44	283	140	282	139	50	52	0.00510204	0	0.307692	2
45	271	188	272	187	50	52	0.00510204	0	0.413187	1
46	312	161	313	160	50	51	0.00510204	0	0.353846	1
47	375	338	377	336	50	51	0.0153061	0	0.742857	1
48	158	199	157	199	50	51	0.00255102	0	0.437363	2
49	297	174	297	171	51	52	0.0229592	0	0.382418	1
50	367	336	374	332	51	53	0.0586735	0	0.738462	1
51	295	145	295	144	51	52	0.00255102	0	0.318681	1
52	357	339	365	336	51	53	0.0433673	0	0.745055	1
53	173	64	172	62	51	54	0.0127551	0	0.140659	2
54	320	148	320	149	51	52	0.00255102	0	0.325275	1
55	158	142	157	140	51	54	0.0127551	0	0.312088	2
56	173	54	171	52	51	54	0.0153061	0	0.118681	2
57	459	127	457	124	51	55	0.0280612	0	0.279121	2
58	161	196	163	196	52	53	0.00510204	0	0.430769	1
59	334	145	336	145	52	53	0.00510204	0	0.318681	1
60	279	166	279	164	52	53	0.0102041	0	0.364835	1
61	262	147	261	145	52	54	0.0127551	0	0.323077	2
62	291	184	293	180	52	54	0.0459184	0	0.404396	1
63	307	176	307	175	52	53	0.00255102	0	0.386813	1
64	278	155	278	153	52	54	0.0102041	0	0.340659	1
65	138	81	136	82	52	54	0.00765306	0	0.178022	2
66	129	55	129	54	52	80	0.00255102	0	0.120879	1
67	321	150	321	151	53	54	0.00255102	0	0.32967	1
68	281	140	282	139	53	54	0.00510204	0	0.307692	1
69	293	140	296	137	53	56	0.0306122	0	0.307692	1
70	173	159	172	160	53	55	0.00510204	0	0.349451	2
71	305	185	306	184	53	54	0.00510204	0	0.406593	1
72	703	384	702	381	53	57	0.0255102	0	0.843956	2
73	165	196	181	198	54	72	0.0510204	0	0.430769	1
74	332	147	334	146	54	55	0.00765306	0	0.323077	1
75	381	334	384	332	54	55	0.0178571	0	0.734066	1
76	363	372	365	374	54	55	0.0153061	0	0.817582	1
77	282	175	282	173	54	55	0.0102041	0	0.384615	1
78	302	170	302	166	54	56	0.0408163	0	0.373626	1
79	165	179	171	180	54	60	0.0178571	0	0.393407	1
80	369	336	376	334	54	56	0.0280612	0	0.738462	1
81	129	64	128	63	54	55	0.00510204	0	0.140659	2
82	291	194	292	191	54	55	0.0255102	0	0.426374	1
83	370	106	372	106	54	80	0.00510204	0	0.232967	1
84	322	164	324	161	54	55	0.0280612	0	0.36044	1
85	280	86	280	85	55	57	0.00255102	0	0.189011	1
86	169	142	169	142	55	56	0	0	0.312088	1
87	308	186	309	188	55	56	0.0127551	0	0.408791	1
88	235	146	237	146	55	59	0.00510204	0	0.320879	1
89	261	146	260	145	55	58	0.00510204	0	0.320879	2
90	228	196	230	197	55	57	0.00765306	0	0.430769	1
91	284	139	285	138	55	56	0.00510204	0	0.305495	1
92	277	153	279	151	55	56	0.0153061	0	0.336264	1
93	286	117	294	116	55	61	0.0229592	0	0.257143	1
94	154	196	154	195	55	61	0.00255102	0	0.430769	1
95	152	186	152	185	55	57	0.00255102	0	0.408791	1
96	63	87	62	88	55	80	0.00510204	0	0.191209	2
97	493	106	494	105	55	59	0.00510204	0	0.232967	1
98	403	192	403	192	55	71	0	0	0.421978	1
99	158	142	157	142	55	57	0.00255102	0	0.312088	2
100	241	176	247	174	56	62	0.0255102	0	0.386813	1
101	387	331	390	329	56	57	0.0178571	0	0.727473	1
102	291	201	292	198	56	57	0.0255102	0	0.441758	1
103	309	134	308	132	56	57	0.0127551	0	0.294505	2
104	326	181	326	180	56	57	0.00255102	0	0.397802	1
105	344	146	346	145	56	57	0.00765306	0	0.320879	1
106	86	61	85	61	56	60	0.00255102	0	0.134066	2
107	698	372	698	371	56	58	0.00255102	0	0.817582	1
108	271	171	274	169	56	58	0.0178571	0	0.375824	1
109	341	109	303	110	56	68	0.0994898	0	0.23956	2
110	262	194	262	193	56	65	0.00255102	0	0.426374	1
111	397	329	422	325	56	61	0.104592	0	0.723077	1
112	359	142	358	141	56	57	0.00510204	0	0.312088	2
113	365	185	362	184	57	58	0.0102041	0	0.406593	2
114	171	145	173	145	57	60	0.00510204	0	0.318681	1
115	298	138	300	137	57	58	0.00765306	0	0.303297	1
116	272	148	273	148	57	59	0.00255102	0	0.325275	1
117	243	129	243	127	57	61	0.0102041	0	0.283516	1
118	277	118	278	118	57	59	0.00255102	0	0.259341	1
119	337	451	339	453	57	80	0.0153061	0	0.991209	1
120	558	144	561	146	57	80	0.0178571	0	0.316484	1
121	295	196	299	198	58	61	0.0204082	0	0.430769	1
122	280	86	281	87	58	60	0.00510204	0	0.189011	1
123	305	165	306	165	58	59	0.00255102	0	0.362637	1
124	702	382	708	384	58	62	0.0255102	0	0.83956	1
125	310	132	310	132	58	59	0	0	0.29011	1
126	394	329	485	317	58	73	0.59949	0	0.723077	1
127	295	176	297	176	58	59	0.00510204	0	0.386813	1
128	162	167	167	165	58	62	0.0229592	0	0.367033	1
129	161	146	161	146	58	59	0	0	0.320879	1
130	130	62	133	64	58	80	0.0178571	0	0.136264	1
131	279	183	286	183	58	65	0.0178571	0	0.402198	1
132	654	24	657	26	58	80	0.0178571	0	0.0527473	1
133	335	87	334	86	58	75	0.00510204	0	0.191209	2
134	704	372	706	372	59	60	0.00510204	0	0.817582	1
135	360	185	354	184	59	61	0.0178571	0	0.406593	2
136	357	395	367	389	59	62	0.117347	0	0.868132	1
137	260	145	264	144	59	68	0.0127551	0	0.318681	1
138	399	384	400	386	59	60	0.0127551	0	0.843956	1
139	372	386	385	381	59	62	0.0969388	0	0.848352	1
140	355	144	358	143	59	60	0.0102041	0	0.316484	1
141	154	185	154	185	59	61	0	0	0.406593	1
142	664	175	662	181	59	80	0.0969388	0	0.384615	2
143	655	164	657	166	59	80	0.0153061	0	0.36044	1
144	61	74	61	76	59	80	0.0102041	0	0.162637	1
145	100	56	105	57	60	80	0.0153061	0	0.123077	1
146	296	186	299	187	60	62	0.0102041	0	0.408791	1
147	496	105	505	105	60	66	0.0229592	0	0.230769	1
148	162	148	164	146	60	63	0.0153061	0	0.325275	1
149	333	159	334	158	60	61	0.00510204	0	0.349451	1
150	234	149	238	150	60	62	0.0127551	0	0.327473	1
151	270	145	270	145	60	68	0	0	0.318681	1
152	390	333	392	338	60	61	0.0688776	0	0.731868	1
153	711	347	748	339	61	72	0.257653	0	0.762637	1
154	173	144	174	143	61	63	0.00510204	0	0.316484	1
155	288	174	288	172	61	66	0.0102041	0	0.382418	1
156	173	183	179	183	61	66	0.0153061	0	0.402198	1
157	226	195	227	195	61	62	0.00255102	0	0.428571	1
158	320	153	319	152	61	62	0.00510204	0	0.336264	2
159	290	85	297	84	61	65	0.0204082	0	0.186813	1
160	305	173	305	173	61	62	0	0	0.38022	1
161	354	404	357	399	61	62	0.0714286	0	0.887912	1
162	411	377	425	381	61	65	0.0765306	0	0.828571	1
163	708	373	721	370	61	65	0.0561224	0	0.81978	1
164	84	67	86	68	61	80	0.00765306	0	0.147253	1
165	141	53	144	54	62	80	0.0102041	0	0.116484	1
166	242	128	250	130	62	72	0.0306122	0	0.281319	1
167	52	57	50	59	62	72	0.0153061	0	0.125275	2
168	161	55	163	55	62	77	0.00510204	0	0.120879	1
169	330	150	330	148	62	63	0.0102041	0	0.32967	1
170	355	146	358	146	62	63	0.00765306	0	0.320879	1
171	349	229	348	227	62	65	0.0127551	0	0.503297	2
172	408	405	410	405	62	63	0.00510204	0	0.89011	1
173	167	65	169	66	62	80	0.00765306	0	0.142857	1
174	427	327	432	326	62	63	0.0153061	0	0.718681	1
175	701	324	702	325	62	66	0.00510204	0	0.712088	1
176	295	118	296	118	62	63	0.00255102	0	0.259341	1
177	250	174	263	174	63	69	0.0331633	0	0.382418	1
178	711	383	714	381	63	64	0.0178571	0	0.841758	1
179	320	150	321	149	63	64	0.00510204	0	0.32967	1
180	170	166	173	167	63	66	0.0102041	0	0.364835	1
181	345	183	341	183	63	64	0.0102041	0	0.402198	2
182	292	132	291	132	63	64	0.00255102	0	0.29011	2
183	246	158	248	157	63	64	0.00765306	0	0.347253	1
184	315	163	311	162	63	64	0.0127551	0	0.358242	2
185	333	188	334	189	63	64	0.00510204	0	0.413187	1
186	338	158	339	157	63	64	0.00510204	0	0.347253	1
187	295	188	295	186	63	64	0.0102041	0	0.413187	1
188	239	147	241	147	63	64	0.00510204	0	0.323077	1
189	409	399	409	399	64	66	0	0	0.876923	1
190	175	143	175	143	64	65	0	0	0.314286	1
191	300	162	299	161	64	65	0.00510204	0	0.356044	2
192	348	170	349	170	64	65	0.00255102	0	0.373626	1
193	410	409	410	408	64	67	0.00255102	0	0.898901	1
194	165	147	173	150	64	74	0.0433673	0	0.323077	1
195	369	143	374	145	64	66	0.0229592	0	0.314286	1
196	331	147	331	146	64	65	0.00255102	0	0.323077	1
197	439	324	542	307	64	80	1	0	0.712088	1
198	295	109	295	109	64	65	0	0	0.23956	1
199	252	123	265	125	64	78	0.0433673	0	0.27033	1
200	243	162	243	161	65	66	0.00255102	0	0.356044	1
201	303	131	302	130	65	66	0.00510204	0	0.287912	2
202	735	352	746	349	65	69	0.0510204	0	0.773626	1
203	315	134	314	132	65	66	0.0127551	0	0.294505	2
204	338	184	334	184	65	66	0.0102041	0	0.404396	2
205	305	141	302	141	65	66	0.00765306	0	0.30989	2
206	369	177	384	178	65	70	0.0408163	0	0.389011	1
207	185	148	187	149	65	66	0.00765306	0	0.325275	1
208	321	148	321	148	65	66	0	0	0.325275	1
209	298	198	298	196	66	69	0.0102041	0	0.435165	1
210	298	162	296	161	66	67	0.00765306	0	0.356044	2
211	725	369	756	369	66	74	0.0790816	0	0.810989	1
212	177	144	178	144	66	68	0.00255102	0	0.316484	1
213	334	148	334	147	66	67	0.00255102	0	0.325275	1
214	297	90	301	90	66	68	0.0102041	0	0.197802	1
215	311	163	308	161	66	67	0.0178571	0	0.358242	2
216	371	156	387	161	66	71	0.104592	0	0.342857	1
217	344	156	343	155	66	67	0.00510204	0	0.342857	2
218	250	92	254	92	66	77	0.0102041	0	0.202198	1
219	305	134	306	133	67	68	0.00510204	0	0.294505	1
220	330	185	326	184	67	68	0.0127551	0	0.406593	2
221	248	144	248	144	67	68	0	0	0.316484	1
222	244	159	245	157	67	68	0.0127551	0	0.349451	1
223	188	152	190	153	67	69	0.00765306	0	0.334066	1
224	324	150	324	149	67	68	0.00255102	0	0.32967	1
225	179	184	181	183	67	69	0.00765306	0	0.404396	1
226	315	130	317	126	67	70	0.0459184	0	0.285714	1
227	188	169	190	168	67	69	0.00765306	0	0.371429	1
228	295	132	295	132	67	68	0	0	0.29011	1
229	506	106	514	105	67	72	0.0229592	0	0.232967	1
230	117	57	119	58	67	80	0.00765306	0	0.125275	1
231	176	169	177	168	67	68	0.00510204	0	0.371429	1
232	226	195	228	196	67	79	0.00765306	0	0.428571	1
233	254	213	261	210	67	69	0.0408163	0	0.468132	1
234	299	183	298	181	67	68	0.0127551	0	0.402198	2
235	158	199	160	201	67	80	0.0153061	0	0.437363	1
236	306	171	305	169	67	68	0.0127551	0	0.375824	2
237	193	182	198	184	67	73	0.0229592	0	0.4	1
238	294	160	292	160	68	69	0.00510204	0	0.351648	2
239	409	396	409	396	68	69	0	0	0.87033	1
240	287	197	286	197	68	69	0.00255102	0	0.432967	2
241	334	146	333	144	68	69	0.0127551	0	0.320879	2
242	373	148	379	150	68	70	0.0255102	0	0.325275	1
243	323	185	319	185	69	70	0.0102041	0	0.406593	2
244	306	133	307	132	69	70	0.00510204	0	0.292308	1
245	337	186	338	185	69	70	0.00510204	0	0.408791	1
246	249	145	253	146	69	74	0.0127551	0	0.318681	1
247	179	144	180	143	69	73	0.00510204	0	0.316484	1
248	178	169	180	169	69	72	0.00510204	0	0.371429	1
249	303	90	314	88	69	73	0.0382653	0	0.197802	1
250	287	104	287	104	69	70	0	0	0.228571	1
251	256	197	258	198	69	70	0.00765306	0	0.432967	1
252	450	355	478	361	69	73	0.163265	0	0.78022	1
253	296	132	294	134	69	74	0.0153061	0	0.29011	2
254	729	378	732	377	69	70	0.0102041	0	0.830769	1
255	256	155	258	154	69	71	0.00765306	0	0.340659	1
256	460	370	481	373	69	73	0.0765306	0	0.813187	1
257	191	154	192	154	70	72	0.00255102	0	0.338462	1
258	265	174	267	174	70	71	0.00510204	0	0.382418	1
259	287	198	286	197	70	72	0.00510204	0	0.435165	2
260	264	211	268	210	70	72	0.0127551	0	0.463736	1
261	300	167	298	166	70	71	0.00765306	0	0.367033	2
262	751	349	761	346	70	72	0.0484694	0	0.767033	1
263	290	159	288	158	70	71	0.00765306	0	0.349451	2
264	183	183	184	182	70	71	0.00510204	0	0.402198	1
265	270	149	266	148	70	71	0.0127551	0	0.327473	2
266	190	171	192	171	70	72	0.00510204	0	0.375824	1
267	455	325	474	323	70	73	0.0586735	0	0.714286	1
268	290	171	289	170	70	71	0.00510204	0	0.375824	2
269	315	186	306	186	71	73	0.0229592	0	0.408791	2
270	340	185	340	183	71	74	0.0102041	0	0.406593	1
271	320	127	335	131	71	76	0.0790816	0	0.279121	1
272	278	157	273	157	71	72	0.0127551	0	0.345055	2
273	288	105	289	106	71	80	0.00510204	0	0.230769	1
274	270	176	272	176	72	73	0.00510204	0	0.386813	1
275	330	179	328	179	72	76	0.00510204	0	0.393407	2
276	752	379	761	378	72	75	0.0255102	0	0.832967	1
277	152	56	153	57	72	80	0.00510204	0	0.123077	1
278	387	154	400	155	72	76	0.0357143	0	0.338462	1
279	300	193	297	191	72	73	0.0178571	0	0.424176	2
280	474	387	480	388	72	75	0.0178571	0	0.850549	1
281	298	144	297	144	72	73	0.00255102	0	0.316484	2
282	185	183	185	184	72	73	0.00255102	0	0.402198	1
283	195	156	203	159	73	79	0.0433673	0	0.342857	1
284	266	199	271	200	73	78	0.0153061	0	0.437363	1
285	753	338	781	335	73	80	0.0943878	0	0.742857	1
286	270	211	274	213	73	80	0.0204082	0	0.463736	1
287	284	157	283	155	73	74	0.0127551	0	0.345055	2
288	271	158	267	157	73	74	0.0127551	0	0.347253	2
289	196	171	201	174	73	77	0.0357143	0	0.375824	1
290	322	188	321	187	73	74	0.00510204	0	0.413187	2
291	50	58	50	58	73	80	0	0	0.127473	1
292	313	133	315	133	73	74	0.00510204	0	0.292308	1
293	518	107	529	108	73	79	0.0306122	0	0.235165	1
294	476	401	478	399	73	77	0.0153061	0	0.881319	1
295	404	178	407	177	73	74	0.0102041	0	0.391209	1
296	745	325	775	321	73	80	0.117347	0	0.714286	1
297	261	135	261	134	73	74	0.00255102	0	0.296703	1
298	294	147	293	146	74	77	0.00510204	0	0.323077	2
299	186	201	186	205	74	80	0.0408163	0	0.441758	1
300	480	323	501	320	74	77	0.0765306	0	0.70989	1
301	318	88	321	87	74	75	0.0102041	0	0.193407	1
302	201	184	202	184	74	75	0.00255102	0	0.404396	1
303	186	185	186	187	74	75	0.0102041	0	0.406593	1
304	297	229	296	231	74	80	0.0127551	0	0.503297	2
305	187	174	187	174	74	75	0	0	0.382418	1
306	399	163	401	162	74	75	0.00765306	0	0.358242	1
307	304	129	304	129	74	75	0	0	0.283516	1
308	250	131	256	128	74	80	0.0382653	0	0.287912	1
309	300	204	295	202	74	76	0.0229592	0	0.448352	2
310	339	183	336	184	75	77	0.0102041	0	0.402198	2
311	274	177	275	177	75	76	0.00255102	0	0.389011	1
312	320	135	323	136	75	76	0.0102041	0	0.296703	1
313	297	183	293	183	75	76	0.0102041	0	0.402198	2
314	318	188	314	186	75	79	0.0204082	0	0.413187	2
315	294	134	294	133	75	76	0.00255102	0	0.294505	1
316	394	182	402	183	75	78	0.0229592	0	0.4	1
317	98	106	98	107	75	80	0.00255102	0	0.232967	1
318	337	150	336	150	75	76	0.00255102	0	0.32967	2
319	492	361	505	353	75	77	0.196429	0	0.793407	1
320	283	156	282	156	76	77	0.00255102	0	0.342857	2
321	202	185	202	188	76	80	0.0229592	0	0.406593	1
322	190	176	190	177	76	77	0.00255102	0	0.386813	1
323	187	189	189	190	76	80	0.00765306	0	0.415385	1
324	263	157	254	159	76	79	0.0331633	0	0.345055	2
325	325	89	327	89	76	77	0.00510204	0	0.195604	1
326	305	129	305	129	76	77	0	0	0.283516	1
327	779	343	792	343	76	80	0.0331633	0	0.753846	1
328	318	149	317	148	76	77	0.00510204	0	0.327473	2
329	432	331	432	332	76	80	0.00255102	0	0.727473	1
330	326	178	322	178	77	79	0.0102041	0	0.391209	2
331	483	388	498	379	77	80	0.244898	0	0.852747	1
332	290	168	288	167	77	78	0.00765306	0	0.369231	2
333	752	327	752	327	77	79	0	0	0.718681	1
334	343	167	345	169	77	78	0.0153061	0	0.367033	1
335	187	156	187	157	77	78	0.00255102	0	0.342857	1
336	272	156	271	155	77	78	0.00510204	0	0.342857	2
337	293	146	293	144	78	79	0.0102041	0	0.320879	1
338	332	137	339	137	78	80	0.0178571	0	0.301099	1
339	334	186	331	187	78	79	0.0102041	0	0.408791	2
340	192	178	192	177	78	79	0.00255102	0	0.391209	1
341	293	134	293	133	78	79	0.00255102	0	0.294505	1
342	320	144	318	144	78	80	0.00510204	0	0.316484	2
343	775	367	786	366	78	80	0.0306122	0	0.806593	1
344	274	180	273	178	78	79	0.0127551	0	0.395604	2
345	278	170	276	168	78	79	0.0153061	0	0.373626	2
346	202	174	202	173	78	79	0.00255102	0	0.382418	1
347	267	145	263	145	78	79	0.0102041	0	0.318681	2
348	510	319	524	317	78	80	0.0459184	0	0.701099	1
349	287	186	283	185	78	79	0.0127551	0	0.408791	2
350	177	195	177	195	78	80	0	0	0.428571	1
351	163	55	163	55	78	80	0	0	0.120879	1
352	260	202	259	200	78	80	0.0127551	0	0.443956	2
353	249	145	241	146	78	80	0.0229592	0	0.318681	2
354	343	132	350	132	78	80	0.0178571	0	0.29011	1
355	480	333	480	333	78	80	0	0	0.731868	1
356	287	175	285	174	79	80	0.00765306	0	0.384615	2
357	347	170	349	171	79	80	0.00765306	0	0.373626	1
358	182	149	183	150	79	80	0.00510204	0	0.327473	1
359	534	366	540	366	79	80	0.0153061	0	0.804396	1
360	267	132	267	130	79	80	0.0102041	0	0.29011	1
361	668	171	667	171	79	80	0.00255102	0	0.375824	2