
0	485	153	487	153	2	5	0.017094	0	0.529412	1
1	375	169	379	169	2	3	0.034188	0	0.584775	1
2	517	145	518	145	2	3	0.00854701	0	0.50173	1
3	24	157	24	160	2	14	0.0769231	0	0.543253	1
4	351	171	370	175	2	8	0.299145	0	0.591696	1
5	393	182	393	182	2	3	0	0	0.629758	1
6	133	191	136	193	2	5	0.0598291	0	0.6609	1
7	367	194	368	195	2	3	0.017094	0	0.67128	1
8	460	124	471	131	2	30	0.512821	0	0.429066	1
9	417	162	418	162	3	4	0.00854701	0	0.560554	1
10	389	139	386	139	3	5	0.025641	0	0.480969	2
11	437	155	440	155	3	4	0.025641	0	0.536332	1
12	282	182	282	182	3	4	0	0	0.629758	1
13	474	145	475	146	3	6	0.017094	0	0.50173	1
14	226	24	223	29	3	19	0.239316	0	0.083045	2
15	406	165	404	165	3	6	0.017094	0	0.570934	2
16	581	132	580	132	3	4	0.00854701	0	0.456747	2
17	319	168	327	168	3	6	0.0683761	0	0.581315	1
18	543	143	543	142	3	6	0.00854701	0	0.49481	1
19	441	145	443	145	3	6	0.017094	0	0.50173	1
20	407	155	403	156	3	7	0.042735	0	0.536332	2
21	152	176	157	178	3	11	0.0769231	0	0.608997	1
22	307	168	307	168	4	5	0	0	0.581315	1
23	404	184	405	185	4	7	0.017094	0	0.636678	1
24	535	132	535	132	4	6	0	0	0.456747	1
25	384	167	388	167	4	5	0.034188	0	0.577855	1
26	302	189	309	188	4	6	0.0683761	0	0.653979	1
27	452	163	454	162	4	5	0.025641	0	0.564014	1
28	582	155	587	156	4	13	0.0512821	0	0.536332	1
29	290	203	296	203	4	6	0.0512821	0	0.702422	1
30	454	144	455	144	4	6	0.00854701	0	0.49827	1
31	483	141	483	141	4	5	0	0	0.487889	1
32	581	165	581	165	4	6	0	0	0.570934	1
33	600	127	600	127	4	6	0	0	0.439446	1
34	394	182	396	184	4	8	0.0512821	0	0.629758	1
35	24	129	24	129	4	9	0	0	0.446367	1
36	151	226	153	228	4	14	0.0512821	0	0.782007	1
37	307	200	316	200	4	7	0.0769231	0	0.692042	1
38	24	142	24	143	4	9	0.00854701	0	0.491349	1
39	421	163	425	164	5	8	0.042735	0	0.564014	1
40	385	155	386	155	5	6	0.00854701	0	0.536332	1
41	578	145	578	145	5	6	0	0	0.50173	1
42	586	114	601	116	5	21	0.162393	0	0.394464	1
43	593	154	593	154	5	6	0	0	0.532872	1
44	415	173	414	173	5	6	0.00854701	0	0.598616	2
45	460	134	462	137	5	17	0.0940171	0	0.463668	1
46	443	155	444	155	5	6	0.00854701	0	0.536332	1
47	278	180	281	182	5	14	0.0598291	0	0.622837	1
48	135	183	137	183	5	12	0.017094	0	0.633218	1
49	437	166	443	165	5	9	0.0598291	0	0.574394	1
50	24	110	24	110	5	9	0	0	0.380623	1
51	306	131	307	131	6	7	0.00854701	0	0.453287	1
52	310	169	311	169	6	7	0.00854701	0	0.584775	1
53	489	153	493	152	6	10	0.042735	0	0.529412	1
54	385	140	380	140	6	10	0.042735	0	0.484429	2
55	391	168	395	168	6	7	0.034188	0	0.581315	1
56	457	162	459	162	6	7	0.017094	0	0.560554	1
57	137	197	138	198	6	8	0.017094	0	0.681661	1
58	384	189	385	189	6	7	0.00854701	0	0.653979	1
59	600	112	603	111	6	10	0.034188	0	0.387543	1
60	289	182	291	182	7	14	0.017094	0	0.629758	1
61	527	171	527	172	7	8	0.00854701	0	0.591696	1
62	388	155	389	155	7	8	0.00854701	0	0.536332	1
63	322	171	328	170	7	9	0.0598291	0	0.591696	1
64	604	132	605	131	7	9	0.017094	0	0.456747	1
65	537	134	539	135	7	8	0.025641	0	0.463668	1
66	401	139	398	138	7	11	0.034188	0	0.480969	2
67	332	168	347	168	7	11	0.128205	0	0.581315	1
68	442	130	447	135	7	29	0.25641	0	0.449827	1
69	386	130	380	130	7	11	0.0512821	0	0.449827	2
70	479	147	483	150	7	12	0.111111	0	0.508651	1
71	582	166	581	164	7	10	0.042735	0	0.574394	2
72	299	182	299	181	7	8	0.00854701	0	0.629758	1
73	594	156	597	156	7	14	0.025641	0	0.539792	1
74	166	175	168	177	7	16	0.0512821	0	0.605536	1
75	581	136	581	135	7	9	0.00854701	0	0.470588	1
76	138	170	139	168	7	11	0.042735	0	0.588235	1
77	164	228	161	229	7	17	0.034188	0	0.788927	2
78	457	147	457	146	7	12	0.00854701	0	0.508651	1
79	314	135	313	134	8	11	0.017094	0	0.467128	2
80	144	139	144	138	8	12	0.00854701	0	0.480969	1
81	399	169	404	169	8	10	0.042735	0	0.584775	1
82	455	159	456	158	8	10	0.017094	0	0.550173	1
83	407	186	406	186	8	9	0.00854701	0	0.643599	2
84	312	169	311	168	8	9	0.017094	0	0.584775	2
85	299	181	296	183	9	16	0.0598291	0	0.626298	2
86	371	174	371	175	9	14	0.00854701	0	0.602076	1
87	426	163	428	163	9	12	0.017094	0	0.564014	1
88	311	178	310	178	9	10	0.00854701	0	0.615917	2
89	391	156	391	156	9	10	0	0	0.539792	1
90	144	197	145	197	9	10	0.00854701	0	0.681661	1
91	541	137	555	138	9	16	0.128205	0	0.474048	1
92	313	209	325	211	9	15	0.136752	0	0.723183	1
93	591	145	591	145	9	10	0	0	0.50173	1
94	290	142	292	143	9	14	0.025641	0	0.491349	1
95	396	184	396	185	9	12	0.00854701	0	0.636678	1
96	311	168	310	169	10	17	0.017094	0	0.581315	2
97	606	132	606	131	10	11	0.00854701	0	0.456747	1
98	531	153	536	152	10	12	0.0512821	0	0.529412	1
99	302	128	302	129	10	15	0.00854701	0	0.442907	1
100	428	173	430	171	10	12	0.0512821	0	0.598616	1
101	333	170	348	171	10	13	0.136752	0	0.588235	1
102	312	124	314	125	10	17	0.025641	0	0.429066	1
103	405	188	405	188	10	12	0	0	0.650519	1
104	666	181	657	178	10	14	0.153846	0	0.626298	2
105	593	192	591	193	10	19	0.025641	0	0.66436	2
106	445	166	446	165	10	11	0.017094	0	0.574394	1
107	455	124	459	128	10	28	0.17094	0	0.429066	1
108	310	180	309	180	11	12	0.00854701	0	0.622837	2
109	384	148	383	148	11	12	0.00854701	0	0.512111	2
110	147	198	149	198	11	12	0.017094	0	0.685121	1
111	405	168	405	167	11	12	0.00854701	0	0.581315	1
112	285	155	288	156	11	14	0.034188	0	0.536332	1
113	398	155	398	154	11	12	0.00854701	0	0.536332	1
114	457	157	457	155	11	12	0.034188	0	0.543253	1
115	553	158	555	158	11	12	0.017094	0	0.546713	1
116	493	150	493	149	11	12	0.00854701	0	0.519031	1
117	604	112	605	112	11	13	0.00854701	0	0.387543	1
118	390	119	378	122	11	20	0.179487	0	0.411765	2
119	395	209	394	209	11	13	0.00854701	0	0.723183	2
120	443	150	442	151	11	15	0.017094	0	0.519031	2
121	594	135	599	132	11	15	0.119658	0	0.467128	1
122	314	134	323	137	12	26	0.153846	0	0.463668	1
123	139	198	139	198	12	13	0	0	0.685121	1
124	397	139	396	140	12	14	0.017094	0	0.480969	2
125	138	163	148	165	12	23	0.119658	0	0.564014	1
126	605	138	606	139	12	16	0.017094	0	0.477509	1
127	147	177	148	181	12	19	0.145299	0	0.612457	1
128	379	138	378	138	12	13	0.00854701	0	0.477509	2
129	310	181	310	183	13	21	0.034188	0	0.626298	1
130	400	154	400	153	13	14	0.00854701	0	0.532872	1
131	149	202	150	202	13	14	0.00854701	0	0.698962	1
132	407	167	407	166	13	14	0.00854701	0	0.577855	1
133	405	188	404	188	13	14	0.00854701	0	0.650519	2
134	538	148	539	148	13	14	0.00854701	0	0.512111	1
135	585	138	586	139	13	17	0.017094	0	0.477509	1
136	558	160	559	161	13	14	0.017094	0	0.553633	1
137	150	141	175	148	13	34	0.632479	0	0.487889	1
138	162	216	161	216	13	15	0.00854701	0	0.747405	2
139	466	164	466	164	13	14	0	0	0.567474	1
140	97	285	127	294	13	40	0.948718	0	0.986159	1
141	139	147	139	147	13	14	0	0	0.508651	1
142	390	178	389	178	13	14	0.00854701	0	0.615917	2
143	376	187	377	187	13	15	0.00854701	0	0.647059	1
144	449	167	449	166	13	14	0.00854701	0	0.577855	1
145	491	155	494	158	14	18	0.102564	0	0.536332	1
146	140	198	148	201	14	24	0.145299	0	0.685121	1
147	358	174	365	176	14	16	0.0940171	0	0.602076	1
148	609	121	612	123	14	19	0.0598291	0	0.418685	1
149	586	165	587	166	14	15	0.017094	0	0.570934	1
150	606	111	609	113	14	19	0.0598291	0	0.384083	1
151	349	205	357	207	14	17	0.102564	0	0.709343	1
152	150	192	152	195	14	18	0.0940171	0	0.66436	1
153	587	155	588	154	14	16	0.017094	0	0.536332	1
154	668	184	657	183	14	18	0.102564	0	0.636678	2
155	159	165	160	166	15	19	0.017094	0	0.570934	1
156	561	161	561	161	15	16	0	0	0.557093	1
157	152	203	151	203	15	16	0.00854701	0	0.702422	2
158	405	189	402	189	15	16	0.025641	0	0.653979	2
159	281	186	298	187	15	21	0.153846	0	0.643599	1
160	541	148	546	149	15	18	0.0512821	0	0.512111	1
161	153	152	156	154	15	20	0.0598291	0	0.525952	1
162	287	175	288	175	15	17	0.00854701	0	0.605536	1
163	239	24	239	25	15	22	0.00854701	0	0.083045	1
164	134	174	142	176	15	23	0.102564	0	0.602076	1
165	411	176	410	174	15	17	0.042735	0	0.608997	2
166	349	174	357	175	15	17	0.0769231	0	0.602076	1
167	167	193	169	195	15	19	0.0512821	0	0.66782	1
168	655	178	646	176	15	18	0.111111	0	0.615917	2
169	389	137	381	139	15	20	0.102564	0	0.474048	2
170	139	146	170	154	15	40	0.811966	0	0.50519	1
171	138	186	143	188	15	21	0.0769231	0	0.643599	1
172	398	152	398	151	16	17	0.00854701	0	0.525952	1
173	166	206	172	207	16	22	0.0598291	0	0.712803	1
174	302	130	323	134	16	34	0.316239	0	0.449827	1
175	24	160	56	168	16	40	0.820513	0	0.553633	1
176	588	126	592	127	16	20	0.042735	0	0.435986	1
177	601	156	601	155	16	17	0.00854701	0	0.539792	1
178	206	33	206	34	16	19	0.00854701	0	0.114187	1
179	290	154	305	158	16	28	0.264957	0	0.532872	1
180	390	184	389	185	16	17	0.017094	0	0.636678	2
181	500	190	536	199	16	40	1	0	0.657439	1
182	378	150	376	151	17	19	0.025641	0	0.519031	2
183	152	203	156	204	17	22	0.042735	0	0.702422	1
184	399	189	399	190	17	18	0.00854701	0	0.653979	1
185	366	165	366	166	17	24	0.00854701	0	0.570934	1
186	388	151	387	151	17	20	0.00854701	0	0.522491	2
187	609	137	614	137	17	20	0.042735	0	0.474048	1
188	565	164	569	164	17	18	0.034188	0	0.567474	1
189	558	139	571	140	17	21	0.119658	0	0.480969	1
190	370	179	376	181	17	18	0.0854701	0	0.619377	1
191	368	145	367	146	17	18	0.017094	0	0.50173	2
192	799	204	825	210	17	38	0.529915	0	0.705882	1
193	561	149	573	151	17	21	0.136752	0	0.515571	1
194	399	154	398	153	18	22	0.017094	0	0.532872	2
195	459	147	457	145	18	19	0.0512821	0	0.508651	2
196	597	172	596	173	18	19	0.017094	0	0.595156	2
197	597	157	597	158	18	19	0.00854701	0	0.543253	1
198	589	140	590	140	18	20	0.00854701	0	0.484429	1
199	413	161	411	159	18	19	0.0512821	0	0.557093	2
200	315	159	315	158	18	20	0.00854701	0	0.550173	1
201	163	232	164	232	18	23	0.00854701	0	0.802768	1
202	376	171	373	172	18	19	0.034188	0	0.591696	2
203	160	219	160	218	18	20	0.00854701	0	0.757785	1
204	571	140	572	140	18	19	0.00854701	0	0.484429	1
205	475	165	478	163	19	23	0.0598291	0	0.570934	1
206	494	158	496	156	19	22	0.0512821	0	0.546713	1
207	439	168	439	167	19	20	0.00854701	0	0.581315	1
208	554	156	561	155	19	21	0.0683761	0	0.539792	1
209	341	199	382	202	19	35	0.42735	0	0.688581	1
210	354	214	359	212	19	20	0.0769231	0	0.740484	1
211	412	193	412	191	19	20	0.034188	0	0.66782	1
212	373	141	371	141	19	21	0.017094	0	0.487889	2
213	658	229	658	228	19	20	0.00854701	0	0.792388	1
214	431	197	438	197	19	25	0.0598291	0	0.681661	1
215	643	192	641	192	20	21	0.017094	0	0.66436	2
216	412	159	413	159	20	23	0.00854701	0	0.550173	1
217	370	178	372	179	20	23	0.025641	0	0.615917	1
218	238	36	248	41	20	34	0.299145	0	0.124567	1
219	164	165	174	168	20	29	0.162393	0	0.570934	1
220	610	115	613	115	20	21	0.025641	0	0.397924	1
221	168	195	178	197	20	26	0.119658	0	0.67474	1
222	592	191	597	192	20	26	0.0512821	0	0.6609	1
223	642	182	637	182	20	22	0.042735	0	0.629758	2
224	375	151	369	151	20	25	0.0512821	0	0.522491	2
225	463	138	466	139	20	26	0.034188	0	0.477509	1
226	228	47	238	51	20	34	0.222222	0	0.16263	1
227	458	158	459	157	20	21	0.017094	0	0.546713	1
228	147	177	149	176	20	22	0.025641	0	0.612457	1
229	391	141	389	143	20	26	0.0512821	0	0.487889	2
230	243	46	274	53	20	40	0.683761	0	0.15917	1
231	453	146	453	145	20	24	0.00854701	0	0.50519	1
232	206	35	216	39	20	34	0.222222	0	0.121107	1
233	602	157	606	158	20	22	0.042735	0	0.543253	1
234	396	163	396	163	20	22	0	0	0.564014	1
235	578	131	609	137	20	40	0.57265	0	0.453287	1
236	613	136	614	135	21	22	0.017094	0	0.470588	1
237	313	172	314	171	21	23	0.017094	0	0.595156	1
238	300	176	302	175	21	23	0.025641	0	0.608997	1
239	160	155	169	155	21	28	0.0769231	0	0.536332	1
240	381	140	376	140	21	27	0.042735	0	0.484429	2
241	379	123	376	125	21	29	0.0598291	0	0.425606	2
242	594	136	597	136	21	23	0.025641	0	0.470588	1
243	380	163	380	163	21	25	0	0	0.564014	1
244	469	150	467	150	21	24	0.017094	0	0.519031	2
245	582	181	583	182	21	22	0.017094	0	0.626298	1
246	368	212	373	214	21	23	0.0769231	0	0.733564	1
247	660	229	689	235	21	40	0.555556	0	0.792388	1
248	310	182	312	182	22	24	0.017094	0	0.629758	1
249	609	122	620	122	22	28	0.0940171	0	0.422145	1
250	144	187	147	187	22	24	0.025641	0	0.647059	1
251	638	192	631	193	22	25	0.0683761	0	0.66436	2
252	584	145	587	146	22	23	0.034188	0	0.50173	1
253	440	167	442	168	22	25	0.025641	0	0.577855	1
254	363	147	361	148	22	25	0.025641	0	0.508651	2
255	415	186	417	187	22	23	0.025641	0	0.643599	1
256	468	159	467	159	22	23	0.00854701	0	0.550173	2
257	395	191	395	191	22	23	0	0	0.6609	1
258	570	142	581	143	22	25	0.102564	0	0.491349	1
259	565	155	579	153	22	27	0.153846	0	0.536332	1
260	299	185	302	186	22	27	0.034188	0	0.640138	1
261	607	175	610	178	22	24	0.102564	0	0.605536	1
262	458	156	457	156	22	24	0.00854701	0	0.539792	2
263	388	152	388	152	22	24	0	0	0.525952	1
264	497	156	497	154	23	24	0.034188	0	0.539792	1
265	317	161	318	161	23	24	0.00854701	0	0.557093	1
266	158	203	160	203	23	25	0.017094	0	0.702422	1
267	398	154	397	153	23	24	0.017094	0	0.532872	2
268	239	26	247	30	23	34	0.205128	0	0.0899654	1
269	604	160	609	160	23	25	0.042735	0	0.553633	1
270	24	142	54	149	23	40	0.675214	0	0.491349	1
271	614	113	621	113	23	27	0.0598291	0	0.391003	1
272	586	162	596	162	23	27	0.0854701	0	0.560554	1
273	634	176	629	176	23	26	0.042735	0	0.608997	2
274	152	177	154	177	23	25	0.017094	0	0.612457	1
275	413	159	413	159	24	27	0	0	0.550173	1
276	374	218	378	218	24	27	0.034188	0	0.754325	1
277	300	171	304	171	24	27	0.034188	0	0.591696	1
278	622	136	626	136	24	26	0.034188	0	0.470588	1
279	591	144	600	145	24	27	0.0854701	0	0.49827	1
280	393	177	394	176	24	25	0.017094	0	0.612457	1
281	165	232	167	233	24	26	0.025641	0	0.802768	1
282	600	134	610	136	24	29	0.119658	0	0.463668	1
283	363	229	364	229	24	25	0.00854701	0	0.792388	1
284	24	114	53	121	24	40	0.666667	0	0.394464	1
285	468	160	468	160	24	25	0	0	0.553633	1
286	313	183	314	183	25	27	0.00854701	0	0.633218	1
287	321	163	335	167	25	33	0.25641	0	0.564014	1
288	367	168	367	170	25	30	0.034188	0	0.581315	1
289	378	183	380	183	25	27	0.017094	0	0.633218	1
290	399	156	400	155	25	26	0.017094	0	0.539792	1
291	150	202	153	203	25	27	0.034188	0	0.698962	1
292	611	179	612	179	25	26	0.00854701	0	0.619377	1
293	467	149	467	149	25	26	0	0	0.515571	1
294	403	166	404	167	25	26	0.017094	0	0.574394	1
295	455	145	455	145	25	26	0	0	0.50173	1
296	599	179	601	179	25	26	0.017094	0	0.619377	1
297	24	129	52	135	25	40	0.547009	0	0.446367	1
298	317	173	326	176	25	29	0.153846	0	0.598616	1
299	369	153	367	153	26	29	0.017094	0	0.529412	2
300	505	153	504	152	26	27	0.017094	0	0.529412	2
301	152	187	154	187	26	28	0.017094	0	0.647059	1
302	444	171	444	171	26	28	0	0	0.591696	1
303	585	145	586	144	26	27	0.017094	0	0.50173	1
304	614	162	614	162	26	27	0	0	0.560554	1
305	395	177	394	175	26	27	0.042735	0	0.612457	2
306	148	177	158	181	26	33	0.222222	0	0.612457	1
307	162	204	161	203	26	27	0.017094	0	0.705882	2
308	416	172	416	170	26	27	0.034188	0	0.595156	1
309	177	211	213	215	26	40	0.444444	0	0.730104	1
310	629	189	626	187	27	28	0.0598291	0	0.653979	2
311	387	145	386	146	27	28	0.017094	0	0.50173	2
312	381	165	382	165	27	28	0.00854701	0	0.570934	1
313	403	165	404	165	27	28	0.00854701	0	0.570934	1
314	627	136	629	136	27	28	0.017094	0	0.470588	1
315	179	198	187	201	27	34	0.145299	0	0.685121	1
316	469	158	469	159	27	28	0.00854701	0	0.546713	1
317	466	139	466	139	27	28	0	0	0.480969	1
318	454	145	454	144	27	28	0.00854701	0	0.50173	1
319	598	192	600	193	27	29	0.025641	0	0.66436	1
320	176	230	183	233	27	34	0.136752	0	0.795848	1
321	366	142	365	143	27	29	0.017094	0	0.491349	2
322	24	102	35	106	27	35	0.230769	0	0.352941	1
323	453	169	454	169	27	28	0.00854701	0	0.584775	1
324	415	162	416	160	28	29	0.042735	0	0.560554	1
325	306	173	340	176	28	40	0.367521	0	0.598616	1
326	317	186	320	186	28	29	0.025641	0	0.643599	1
327	396	149	396	149	28	29	0	0	0.515571	1
328	382	184	382	184	28	29	0	0	0.636678	1
329	380	219	382	219	28	29	0.017094	0	0.757785	1
330	497	146	497	145	28	29	0.00854701	0	0.50519	1
331	636	190	635	188	28	29	0.042735	0	0.657439	2
332	24	154	29	156	28	34	0.0769231	0	0.532872	1
333	615	162	616	162	28	29	0.00854701	0	0.560554	1
334	307	186	312	188	28	34	0.0769231	0	0.643599	1
335	601	163	603	164	28	29	0.025641	0	0.564014	1
336	376	142	375	143	28	32	0.017094	0	0.491349	2
337	232	24	236	26	28	34	0.0683761	0	0.083045	1
338	489	156	491	155	28	32	0.025641	0	0.539792	1
339	167	234	172	235	28	34	0.0512821	0	0.809689	1
340	325	131	336	132	28	34	0.102564	0	0.453287	1
341	406	150	407	151	28	29	0.017094	0	0.519031	1
342	419	193	420	194	28	29	0.017094	0	0.66782	1
343	625	188	623	185	29	34	0.0940171	0	0.650519	2
344	446	173	456	175	29	36	0.119658	0	0.598616	1
345	623	122	635	122	29	34	0.102564	0	0.422145	1
346	171	156	178	157	29	34	0.0683761	0	0.539792	1
347	158	192	162	193	29	32	0.042735	0	0.66436	1
348	404	170	406	170	29	30	0.017094	0	0.588235	1
349	405	184	406	184	29	30	0.00854701	0	0.636678	1
350	455	125	455	124	29	30	0.00854701	0	0.432526	1
351	386	147	385	148	29	34	0.017094	0	0.508651	2
352	305	162	307	162	29	31	0.017094	0	0.560554	1
353	470	159	470	159	29	30	0	0	0.550173	1
354	632	137	636	137	29	31	0.034188	0	0.474048	1
355	447	157	449	156	29	30	0.025641	0	0.543253	1
356	626	164	629	163	29	30	0.034188	0	0.567474	1
357	509	158	510	158	29	31	0.00854701	0	0.546713	1
358	605	147	609	147	29	31	0.034188	0	0.508651	1
359	378	171	378	171	30	31	0	0	0.591696	1
360	397	148	400	149	30	34	0.034188	0	0.512111	1
361	386	219	387	219	30	31	0.00854701	0	0.757785	1
362	445	145	445	145	30	31	0	0	0.50173	1
363	498	143	498	142	30	32	0.00854701	0	0.49481	1
364	176	168	180	168	30	34	0.034188	0	0.581315	1
365	420	195	426	197	30	34	0.0854701	0	0.67474	1
366	448	135	448	136	30	32	0.00854701	0	0.467128	1
367	596	145	597	145	30	31	0.00854701	0	0.50173	1
368	378	125	390	128	30	39	0.179487	0	0.432526	1
369	634	187	633	186	30	31	0.017094	0	0.647059	2
370	407	146	429	149	30	39	0.264957	0	0.50519	1
371	113	289	138	293	30	40	0.350427	0	1	1
372	163	180	164	180	30	31	0.00854701	0	0.622837	1
373	538	168	542	170	30	34	0.0683761	0	0.581315	1
374	468	142	468	142	30	31	0	0	0.491349	1
375	408	181	408	181	31	32	0	0	0.626298	1
376	365	175	360	175	31	34	0.042735	0	0.605536	2
377	380	181	384	182	31	34	0.042735	0	0.626298	1
378	470	160	469	161	31	32	0.017094	0	0.553633	2
379	330	156	330	156	31	32	0	0	0.539792	1
380	431	171	439	172	31	34	0.0769231	0	0.591696	1
381	311	147	315	148	31	33	0.042735	0	0.508651	1
382	373	216	386	224	31	36	0.65812	0	0.747405	1
383	470	132	470	133	31	32	0.00854701	0	0.456747	1
384	616	137	624	137	31	34	0.0683761	0	0.474048	1
385	447	146	449	145	32	34	0.025641	0	0.50519	1
386	378	171	380	171	32	34	0.017094	0	0.591696	1
387	390	221	391	222	32	33	0.017094	0	0.764706	1
388	308	164	340	167	32	40	0.350427	0	0.567474	1
389	166	210	167	210	32	33	0.00854701	0	0.726644	1
390	623	157	624	157	32	33	0.00854701	0	0.543253	1
391	454	126	469	126	32	38	0.128205	0	0.435986	1
392	510	156	511	156	32	34	0.00854701	0	0.539792	1
393	612	152	613	152	32	33	0.00854701	0	0.525952	1
394	638	137	640	137	32	33	0.017094	0	0.474048	1
395	166	182	168	182	32	33	0.017094	0	0.629758	1
396	644	196	645	197	32	34	0.017094	0	0.678201	1
397	633	187	632	186	32	34	0.017094	0	0.647059	2
398	322	187	324	186	33	34	0.025641	0	0.647059	1
399	163	194	191	197	33	40	0.316239	0	0.67128	1
400	486	149	497	150	33	37	0.102564	0	0.515571	1
401	499	142	505	142	33	35	0.0512821	0	0.491349	1
402	467	152	476	152	33	36	0.0769231	0	0.525952	1
403	408	177	409	177	33	34	0.00854701	0	0.612457	1
404	638	165	653	168	33	36	0.205128	0	0.570934	1
405	322	173	324	172	33	34	0.025641	0	0.598616	1
406	448	136	449	135	33	34	0.017094	0	0.470588	1
407	332	157	334	156	33	34	0.025641	0	0.543253	1
408	381	212	411	215	33	40	0.333333	0	0.733564	1
409	483	159	493	160	33	36	0.0940171	0	0.550173	1
410	338	168	367	170	34	40	0.282051	0	0.581315	1
411	161	182	174	183	34	37	0.119658	0	0.629758	1
412	616	151	621	151	34	35	0.042735	0	0.522491	1
413	315	149	346	150	34	40	0.273504	0	0.515571	1
414	396	226	403	228	34	35	0.0940171	0	0.782007	1
415	170	209	193	211	34	40	0.230769	0	0.723183	1
416	600	151	609	151	34	36	0.0769231	0	0.522491	1
417	470	161	489	163	34	40	0.196581	0	0.557093	1
418	416	199	425	200	34	36	0.0854701	0	0.688581	1
419	621	175	624	174	34	35	0.034188	0	0.605536	1
420	406	152	418	151	35	39	0.111111	0	0.525952	1
421	181	152	199	153	35	40	0.162393	0	0.525952	1
422	31	161	47	162	35	40	0.145299	0	0.557093	1
423	337	189	356	190	35	40	0.17094	0	0.653979	1
424	516	157	521	157	35	37	0.042735	0	0.543253	1
425	342	133	346	133	35	36	0.034188	0	0.460208	1
426	248	43	251	43	35	36	0.025641	0	0.148789	1
427	187	170	198	170	35	38	0.0940171	0	0.588235	1
428	191	152	209	153	35	40	0.162393	0	0.525952	1
429	650	199	650	199	35	36	0	0	0.688581	1
430	317	188	335	189	35	40	0.162393	0	0.650519	1
431	331	136	356	135	35	40	0.222222	0	0.470588	1
432	456	148	465	148	35	38	0.0769231	0	0.512111	1
433	455	138	464	138	35	38	0.0769231	0	0.477509	1
434	413	184	416	184	35	36	0.025641	0	0.636678	1
435	192	199	194	199	35	36	0.017094	0	0.688581	1
436	244	53	259	54	35	40	0.136752	0	0.183391	1
437	401	201	424	201	35	40	0.196581	0	0.695502	1
438	392	169	408	170	35	40	0.145299	0	0.584775	1
439	442	211	454	212	35	39	0.111111	0	0.730104	1
440	392	183	404	183	35	38	0.102564	0	0.633218	1
441	407	172	424	172	35	40	0.145299	0	0.595156	1
442	477	178	490	180	35	40	0.145299	0	0.615917	1
443	381	178	393	179	36	40	0.111111	0	0.615917	1
444	37	106	49	107	36	40	0.111111	0	0.366782	1
445	509	141	511	140	36	37	0.025641	0	0.487889	1
446	257	29	269	30	36	40	0.111111	0	0.100346	1
447	625	152	639	153	36	40	0.128205	0	0.525952	1
448	615	195	617	194	36	37	0.025641	0	0.67474	1
449	655	120	665	120	36	38	0.0854701	0	0.415225	1
450	392	151	397	151	36	38	0.042735	0	0.522491	1
451	346	158	366	158	36	40	0.17094	0	0.546713	1
452	371	168	381	169	36	40	0.0940171	0	0.581315	1
453	629	176	631	175	36	37	0.025641	0	0.608997	1
454	443	197	446	197	36	37	0.025641	0	0.681661	1
455	372	178	381	178	37	40	0.0769231	0	0.615917	1
456	333	189	345	189	37	40	0.102564	0	0.653979	1
457	435	194	440	193	37	38	0.0512821	0	0.67128	1
458	371	153	374	153	37	38	0.025641	0	0.529412	1
459	262	39	271	40	37	40	0.0854701	0	0.134948	1
460	350	133	365	133	37	40	0.128205	0	0.460208	1
461	411	229	423	229	37	40	0.102564	0	0.792388	1
462	648	123	664	123	37	40	0.136752	0	0.425606	1
463	611	152	619	152	37	39	0.0683761	0	0.525952	1
464	249	28	253	28	37	38	0.034188	0	0.0968858	1
465	497	164	507	164	37	40	0.0854701	0	0.567474	1
466	252	40	256	40	37	38	0.034188	0	0.138408	1
467	482	137	490	138	37	39	0.0769231	0	0.474048	1
468	481	152	490	152	37	40	0.0769231	0	0.525952	1
469	190	220	198	220	37	39	0.0683761	0	0.761246	1
470	199	199	209	200	37	40	0.0940171	0	0.688581	1
471	383	145	388	145	37	39	0.042735	0	0.50173	1
472	227	41	237	42	37	40	0.0940171	0	0.141869	1
473	525	161	529	160	38	39	0.042735	0	0.557093	1
474	516	140	518	139	38	39	0.025641	0	0.484429	1
475	181	184	188	185	38	40	0.0683761	0	0.636678	1
476	501	150	506	150	38	40	0.042735	0	0.519031	1
477	376	143	379	143	38	40	0.025641	0	0.49481	1
478	671	185	676	186	38	40	0.0512821	0	0.640138	1
479	398	134	401	135	38	40	0.034188	0	0.463668	1
480	670	122	674	122	39	40	0.034188	0	0.422145	1
481	376	155	377	155	39	40	0.00854701	0	0.536332	1
482	465	133	467	133	39	40	0.017094	0	0.460208	1
483	399	150	400	150	39	40	0.00854701	0	0.519031	1
484	436	196	439	195	39	40	0.034188	0	0.678201	1
485	192	171	194	171	39	40	0.017094	0	0.591696	1
486	478	121	479	121	39	40	0.00854701	0	0.418685	1
487	400	179	402	179	39	40	0.017094	0	0.619377	1
488	202	170	204	170	39	40	0.017094	0	0.588235	1
489	429	184	433	184	39	40	0.034188	0	0.636678	1
490	526	149	528	149	39	40	0.017094	0	0.515571	1