
0	646	172	645	170	72	73	0.0239234	0	0.378022	2
1	658	125	662	125	72	78	0.0191388	0	0.274725	1
2	683	162	683	161	73	74	0.00478469	0	0.356044	1
3	563	122	559	122	73	78	0.0191388	0	0.268132	2
4	117	455	113	454	73	85	0.0239234	0	1	2
5	646	169	646	167	74	75	0.0191388	0	0.371429	1
6	604	126	596	127	74	110	0.0430622	0	0.276923	2
7	477	175	475	175	74	75	0.00956938	0	0.384615	2
8	629	179	630	177	74	75	0.0239234	0	0.393407	1
9	722	161	725	157	74	80	0.0909091	0	0.353846	1
10	675	178	675	177	75	76	0.00478469	0	0.391209	1
11	567	154	565	152	75	76	0.0287081	0	0.338462	2
12	327	207	326	207	75	77	0.00478469	0	0.454945	2
13	570	144	562	147	75	81	0.0813397	0	0.316484	2
14	373	157	373	157	75	76	0	0	0.345055	1
15	472	210	470	210	75	77	0.00956938	0	0.461538	2
16	367	145	368	144	75	79	0.00956938	0	0.318681	1
17	680	158	681	157	75	78	0.00956938	0	0.347253	1
18	579	175	579	174	75	86	0.00478469	0	0.384615	1
19	684	87	682	86	75	81	0.0143541	0	0.191209	2
20	486	270	483	270	76	78	0.0143541	0	0.593407	2
21	94	453	91	453	76	85	0.0143541	0	0.995604	2
22	690	156	691	154	76	77	0.0239234	0	0.342857	1
23	474	176	472	176	76	77	0.00956938	0	0.386813	2
24	793	135	781	134	76	83	0.062201	0	0.296703	2
25	612	127	611	126	76	79	0.00956938	0	0.279121	2
26	632	180	633	177	76	77	0.0478469	0	0.395604	1
27	725	132	722	133	76	99	0.0191388	0	0.29011	2
28	618	194	618	194	76	77	0	0	0.426374	1
29	674	181	675	180	77	78	0.00956938	0	0.397802	1
30	572	124	570	123	77	79	0.0143541	0	0.272527	2
31	566	154	561	158	77	80	0.100478	0	0.338462	2
32	651	126	651	126	77	78	0	0	0.276923	1
33	599	205	597	208	77	79	0.0526316	0	0.450549	2
34	632	187	634	184	77	79	0.0526316	0	0.410989	1
35	609	206	606	209	77	80	0.0574163	0	0.452747	2
36	584	141	583	140	77	80	0.00956938	0	0.30989	2
37	691	154	692	152	78	80	0.0239234	0	0.338462	1
38	629	171	635	168	78	82	0.0717703	0	0.375824	1
39	469	211	466	211	78	81	0.0143541	0	0.463736	2
40	472	177	470	177	78	79	0.00956938	0	0.389011	2
41	326	206	326	205	78	79	0.00478469	0	0.452747	1
42	377	157	378	157	78	80	0.00478469	0	0.345055	1
43	646	163	646	162	78	79	0.00478469	0	0.358242	1
44	704	85	702	84	78	80	0.0143541	0	0.186813	2
45	679	180	680	178	79	80	0.0239234	0	0.395604	1
46	613	197	616	196	79	80	0.0191388	0	0.432967	1
47	657	128	657	128	79	80	0	0	0.281319	1
48	681	156	681	156	79	80	0	0	0.342857	1
49	661	95	657	95	79	110	0.0191388	0	0.208791	2
50	560	126	559	126	79	80	0.00478469	0	0.276923	2
51	299	341	294	341	79	80	0.0239234	0	0.749451	2
52	470	178	467	177	80	87	0.0191388	0	0.391209	2
53	708	115	707	114	80	81	0.00956938	0	0.252747	2
54	311	343	306	343	80	81	0.0239234	0	0.753846	2
55	370	145	368	146	80	90	0.0143541	0	0.318681	2
56	609	126	606	127	80	110	0.0191388	0	0.276923	2
57	695	169	695	166	80	82	0.0430622	0	0.371429	1
58	327	205	327	205	80	81	0	0	0.450549	1
59	718	115	714	114	80	83	0.0239234	0	0.252747	2
60	457	213	454	211	80	84	0.0334928	0	0.468132	2
61	661	83	660	82	80	83	0.00956938	0	0.182418	2
62	330	188	330	188	80	82	0	0	0.413187	1
63	596	209	572	201	80	88	0.421053	0	0.459341	2
64	557	129	552	130	81	85	0.0287081	0	0.283516	2
65	380	157	381	156	81	84	0.00956938	0	0.345055	1
66	727	159	732	161	81	86	0.0430622	0	0.349451	1
67	606	210	594	206	81	85	0.133971	0	0.461538	2
68	695	151	698	150	81	85	0.0191388	0	0.331868	1
69	776	115	776	114	81	83	0.00478469	0	0.252747	1
70	649	150	655	151	81	86	0.0334928	0	0.32967	1
71	458	186	454	192	81	93	0.191388	0	0.408791	2
72	567	129	562	129	81	85	0.0239234	0	0.283516	2
73	474	168	472	169	81	88	0.0143541	0	0.369231	2
74	266	31	263	32	81	110	0.0191388	0	0.0681319	2
75	706	114	704	113	82	83	0.0143541	0	0.250549	2
76	618	195	624	193	82	86	0.0478469	0	0.428571	1
77	697	126	697	126	82	83	0	0	0.276923	1
78	655	134	674	135	82	91	0.0956938	0	0.294505	1
79	465	212	464	211	82	83	0.00956938	0	0.465934	2
80	301	342	289	338	82	85	0.133971	0	0.751648	2
81	563	148	560	148	82	84	0.0143541	0	0.325275	2
82	317	354	314	354	82	83	0.0143541	0	0.778022	2
83	682	87	677	88	82	89	0.0287081	0	0.191209	2
84	638	169	642	168	83	85	0.0239234	0	0.371429	1
85	555	160	546	166	83	89	0.215311	0	0.351648	2
86	684	175	685	172	83	85	0.0478469	0	0.384615	1
87	639	179	640	178	83	84	0.00956938	0	0.393407	1
88	692	164	692	164	83	85	0	0	0.36044	1
89	652	169	654	169	83	84	0.00956938	0	0.371429	1
90	703	114	701	113	84	85	0.0143541	0	0.250549	2
91	482	272	481	271	84	85	0.00956938	0	0.597802	2
92	777	134	764	134	84	88	0.062201	0	0.294505	2
93	335	173	348	187	84	103	1	0	0.38022	1
94	278	335	267	334	84	87	0.0574163	0	0.736264	2
95	778	123	772	121	84	86	0.0478469	0	0.27033	2
96	789	136	760	135	84	94	0.143541	0	0.298901	2
97	329	209	330	212	84	88	0.0478469	0	0.459341	1
98	698	126	697	125	84	85	0.00956938	0	0.276923	2
99	379	130	364	132	84	100	0.0909091	0	0.285714	2
100	713	114	709	113	84	86	0.0239234	0	0.250549	2
101	588	140	585	142	84	89	0.0334928	0	0.307692	2
102	381	158	377	159	85	90	0.0239234	0	0.347253	2
103	453	210	449	214	85	91	0.0956938	0	0.461538	2
104	657	169	662	169	85	87	0.0239234	0	0.371429	1
105	463	211	458	213	85	89	0.0430622	0	0.463736	2
106	573	157	577	158	85	94	0.0239234	0	0.345055	1
107	699	114	696	113	86	87	0.0191388	0	0.250549	2
108	556	135	551	140	86	90	0.143541	0	0.296703	2
109	645	168	651	168	86	89	0.0287081	0	0.369231	1
110	695	166	695	166	86	87	0	0	0.364835	1
111	288	337	283	337	86	87	0.0239234	0	0.740659	2
112	724	89	722	89	86	89	0.00956938	0	0.195604	2
113	814	81	811	80	86	92	0.0191388	0	0.178022	2
114	683	170	684	169	86	88	0.00956938	0	0.373626	1
115	588	200	582	199	86	88	0.0334928	0	0.43956	2
116	604	245	603	244	86	88	0.00956938	0	0.538462	2
117	99	419	95	419	86	92	0.0191388	0	0.920879	2
118	735	164	747	163	87	99	0.062201	0	0.36044	1
119	769	121	766	120	87	88	0.0191388	0	0.265934	2
120	578	176	576	176	87	88	0.00956938	0	0.386813	2
121	702	152	709	151	87	91	0.0382775	0	0.334066	1
122	506	53	503	54	87	110	0.0191388	0	0.116484	2
123	639	195	640	195	87	88	0.00478469	0	0.428571	1
124	666	83	664	84	87	91	0.0143541	0	0.182418	2
125	479	42	476	42	87	110	0.0143541	0	0.0923077	2
126	156	452	154	452	88	100	0.00956938	0	0.993407	2
127	467	179	465	180	88	89	0.0143541	0	0.393407	2
128	695	112	692	111	88	89	0.0191388	0	0.246154	2
129	445	279	444	280	88	89	0.00956938	0	0.613187	2
130	298	372	296	371	88	89	0.0143541	0	0.817582	2
131	262	334	256	331	88	89	0.0717703	0	0.734066	2
132	588	173	591	172	88	91	0.0191388	0	0.38022	1
133	791	109	786	109	88	108	0.0239234	0	0.23956	2
134	693	173	694	173	89	90	0.00478469	0	0.38022	1
135	641	197	642	197	89	91	0.00478469	0	0.432967	1
136	756	180	753	184	89	92	0.0909091	0	0.395604	2
137	827	430	826	429	89	99	0.00956938	0	0.945055	2
138	473	169	478	167	89	104	0.0430622	0	0.371429	1
139	575	177	580	177	89	97	0.0239234	0	0.389011	1
140	712	133	711	132	89	98	0.00956938	0	0.292308	2
141	700	124	698	123	89	90	0.0143541	0	0.272527	2
142	331	214	333	214	89	91	0.00956938	0	0.47033	1
143	807	92	806	91	89	94	0.00956938	0	0.202198	2
144	683	171	685	171	89	91	0.00956938	0	0.375824	1
145	551	166	549	165	90	92	0.0143541	0	0.364835	2
146	762	121	759	120	90	91	0.0191388	0	0.265934	2
147	812	207	811	206	90	92	0.00956938	0	0.454945	2
148	445	281	444	280	90	93	0.00956938	0	0.617582	2
149	465	181	472	188	90	103	0.267943	0	0.397802	1
150	696	113	694	112	90	91	0.0143541	0	0.248352	2
151	654	168	656	167	90	91	0.0143541	0	0.369231	1
152	459	214	458	215	90	92	0.00956938	0	0.47033	2
153	284	352	265	359	90	93	0.325359	0	0.773626	2
154	584	146	610	152	90	109	0.296651	0	0.320879	1
155	251	331	246	330	90	91	0.0287081	0	0.727473	2
156	718	98	718	98	90	110	0	0	0.215385	1
157	658	155	660	154	90	91	0.0143541	0	0.340659	1
158	821	87	821	86	90	93	0.00478469	0	0.191209	1
159	727	81	726	81	90	98	0.00478469	0	0.178022	2
160	91	432	88	431	90	92	0.0191388	0	0.949451	2
161	551	141	551	141	91	92	0	0	0.30989	1
162	697	172	698	172	91	92	0.00478469	0	0.378022	1
163	378	159	376	159	91	93	0.00956938	0	0.349451	2
164	750	109	750	109	91	92	0	0	0.23956	1
165	369	146	367	145	91	94	0.0143541	0	0.320879	2
166	678	135	683	134	92	94	0.0287081	0	0.296703	1
167	698	112	696	112	92	93	0.00956938	0	0.246154	2
168	242	332	237	333	92	93	0.0287081	0	0.72967	2
169	335	214	336	213	92	93	0.00956938	0	0.47033	1
170	448	216	448	216	92	93	0	0	0.474725	1
171	695	122	692	122	92	93	0.0143541	0	0.268132	2
172	594	172	595	172	92	94	0.00478469	0	0.378022	1
173	688	170	690	168	92	94	0.0287081	0	0.373626	1
174	664	83	664	82	92	98	0.00478469	0	0.182418	1
175	714	179	714	178	92	94	0.00478469	0	0.393407	1
176	752	128	742	127	92	95	0.0526316	0	0.281319	2
177	658	166	661	165	92	93	0.0191388	0	0.364835	1
178	812	206	804	208	93	104	0.0574163	0	0.452747	2
179	822	205	823	206	93	94	0.00956938	0	0.450549	1
180	458	216	458	215	93	94	0.00478469	0	0.474725	1
181	552	142	552	143	93	95	0.00478469	0	0.312088	1
182	699	172	700	171	93	94	0.00956938	0	0.378022	1
183	644	196	650	195	93	95	0.0334928	0	0.430769	1
184	713	151	716	150	93	95	0.0191388	0	0.331868	1
185	240	370	236	371	93	95	0.0239234	0	0.813187	2
186	750	186	745	186	93	95	0.0239234	0	0.408791	2
187	697	145	697	146	93	95	0.00478469	0	0.318681	1
188	417	234	386	232	93	99	0.167464	0	0.514286	2
189	688	81	687	80	93	94	0.00956938	0	0.178022	2
190	79	423	77	422	94	95	0.0143541	0	0.92967	2
191	337	213	338	213	94	96	0.00478469	0	0.468132	1
192	376	160	372	160	94	97	0.0191388	0	0.351648	2
193	560	194	539	194	94	99	0.100478	0	0.426374	2
194	821	84	821	84	94	97	0	0	0.184615	1
195	90	429	89	429	94	98	0.00478469	0	0.942857	2
196	711	114	710	114	94	98	0.00478469	0	0.250549	2
197	583	168	586	168	94	96	0.0143541	0	0.369231	1
198	548	165	548	169	94	97	0.076555	0	0.362637	1
199	743	152	744	153	94	97	0.00956938	0	0.334066	1
200	457	194	458	193	94	96	0.00956938	0	0.426374	1
201	457	217	457	217	95	96	0	0	0.476923	1
202	824	208	824	206	95	106	0.0191388	0	0.457143	1
203	79	434	79	434	95	96	0	0	0.953846	1
204	699	172	701	171	95	98	0.0143541	0	0.378022	1
205	812	94	813	94	95	104	0.00478469	0	0.206593	1
206	757	130	750	130	95	97	0.0334928	0	0.285714	2
207	715	175	717	175	95	96	0.00956938	0	0.384615	1
208	686	113	683	113	95	96	0.0143541	0	0.248352	2
209	674	170	682	168	95	98	0.0574163	0	0.373626	1
210	592	178	594	178	95	97	0.00956938	0	0.391209	1
211	330	200	331	201	95	98	0.00956938	0	0.43956	1
212	384	159	377	158	95	99	0.0382775	0	0.349451	2
213	232	327	197	322	95	101	0.287081	0	0.718681	2
214	757	167	758	166	95	98	0.00956938	0	0.367033	1
215	370	150	368	149	95	96	0.0143541	0	0.32967	2
216	654	193	659	194	96	97	0.0287081	0	0.424176	1
217	697	146	696	145	96	97	0.00956938	0	0.320879	2
218	340	198	340	199	96	97	0.00478469	0	0.435165	1
219	743	187	740	186	96	97	0.0191388	0	0.410989	2
220	719	150	724	150	96	99	0.0239234	0	0.32967	1
221	77	419	76	418	97	98	0.00956938	0	0.920879	2
222	459	216	460	215	97	98	0.00956938	0	0.474725	1
223	339	215	344	217	97	101	0.0430622	0	0.472527	1
224	79	432	79	431	97	98	0.00478469	0	0.949451	1
225	696	127	696	126	97	98	0.00478469	0	0.279121	1
226	459	196	462	197	97	100	0.0191388	0	0.430769	1
227	681	115	678	114	97	98	0.0191388	0	0.252747	2
228	552	147	550	149	97	99	0.0287081	0	0.323077	2
229	740	118	736	117	97	98	0.0239234	0	0.259341	2
230	719	178	720	178	97	99	0.00478469	0	0.391209	1
231	684	82	683	81	97	101	0.00956938	0	0.18022	2
232	544	173	544	172	98	99	0.00478469	0	0.38022	1
233	815	132	813	132	98	102	0.00956938	0	0.29011	2
234	369	161	366	161	98	101	0.0143541	0	0.353846	2
235	745	136	727	135	98	103	0.0909091	0	0.298901	2
236	740	184	737	183	98	99	0.0191388	0	0.404396	2
237	547	158	546	158	98	99	0.00478469	0	0.347253	2
238	368	151	365	151	98	100	0.0143541	0	0.331868	2
239	667	196	673	195	98	99	0.0334928	0	0.430769	1
240	717	28	716	28	98	110	0.00478469	0	0.0615385	2
241	77	421	75	421	99	104	0.00956938	0	0.925275	2
242	703	173	704	172	99	101	0.00956938	0	0.38022	1
243	462	216	464	216	99	101	0.00956938	0	0.474725	1
244	734	117	731	116	99	100	0.0191388	0	0.257143	2
245	696	127	696	126	99	100	0.00478469	0	0.279121	1
246	666	84	666	83	99	104	0.00478469	0	0.184615	1
247	80	433	80	432	99	101	0.00478469	0	0.951648	1
248	711	127	711	127	99	100	0	0	0.279121	1
249	90	428	90	427	99	102	0.00478469	0	0.940659	1
250	711	114	710	113	99	102	0.00956938	0	0.250549	2
251	589	179	593	178	99	100	0.0239234	0	0.393407	1
252	725	84	725	84	99	102	0	0	0.184615	1
253	693	83	692	83	99	100	0.00478469	0	0.182418	2
254	698	137	701	136	99	100	0.0191388	0	0.301099	1
255	687	137	683	136	99	100	0.0239234	0	0.301099	2
256	748	161	752	161	100	104	0.0191388	0	0.353846	1
257	690	161	691	160	100	101	0.00956938	0	0.353846	1
258	544	172	544	172	100	101	0	0	0.378022	1
259	720	179	720	178	100	101	0.00478469	0	0.393407	1
260	726	152	728	152	100	102	0.00956938	0	0.334066	1
261	550	149	547	149	100	102	0.0143541	0	0.327473	2
262	534	196	512	193	100	105	0.148325	0	0.430769	2
263	681	195	690	193	100	104	0.062201	0	0.428571	1
264	673	121	663	119	100	104	0.0669856	0	0.265934	2
265	733	185	730	184	100	101	0.0191388	0	0.406593	2
266	547	159	545	159	100	102	0.00956938	0	0.349451	2
267	332	204	333	205	100	102	0.00956938	0	0.448352	1
268	393	269	390	267	101	102	0.0334928	0	0.591209	2
269	153	452	148	452	101	110	0.0239234	0	0.993407	2
270	728	115	724	114	101	102	0.0239234	0	0.252747	2
271	696	127	696	126	101	106	0.00478469	0	0.279121	1
272	740	185	737	184	101	102	0.0191388	0	0.406593	2
273	344	204	345	207	101	104	0.0478469	0	0.448352	1
274	461	203	463	205	101	103	0.0287081	0	0.446154	1
275	477	216	476	217	101	108	0.00956938	0	0.474725	2
276	706	128	706	127	101	102	0.00478469	0	0.281319	1
277	599	178	605	176	101	103	0.0478469	0	0.391209	1
278	684	172	686	171	101	102	0.0143541	0	0.378022	1
279	671	135	670	134	101	102	0.00956938	0	0.296703	2
280	361	136	344	139	101	110	0.124402	0	0.298901	2
281	693	84	692	83	101	103	0.00956938	0	0.184615	2
282	704	171	707	172	102	104	0.0191388	0	0.375824	1
283	466	216	469	217	102	105	0.0191388	0	0.474725	1
284	545	173	545	177	102	104	0.076555	0	0.38022	1
285	677	195	680	194	102	104	0.0191388	0	0.428571	1
286	352	214	354	216	102	104	0.0287081	0	0.47033	1
287	77	455	75	454	102	108	0.0143541	0	1	2
288	369	142	367	141	102	103	0.0143541	0	0.312088	2
289	702	82	702	81	102	107	0.00478469	0	0.18022	1
290	818	172	814	172	102	107	0.0191388	0	0.378022	2
291	736	185	733	184	103	104	0.0191388	0	0.406593	2
292	547	150	545	150	103	104	0.00956938	0	0.32967	2
293	723	167	724	167	103	104	0.00478469	0	0.367033	1
294	821	133	819	132	103	108	0.0143541	0	0.292308	2
295	721	114	718	113	103	104	0.0191388	0	0.250549	2
296	706	128	705	127	103	104	0.00956938	0	0.281319	2
297	729	151	729	150	103	104	0.00478469	0	0.331868	1
298	477	198	475	198	103	107	0.00956938	0	0.435165	2
299	92	428	91	427	103	106	0.00956938	0	0.940659	2
300	42	405	28	402	103	110	0.110048	0	0.89011	2
301	733	170	733	169	103	104	0.00478469	0	0.373626	1
302	800	90	798	90	103	107	0.00956938	0	0.197802	2
303	684	173	685	172	103	104	0.00956938	0	0.38022	1
304	334	207	334	208	103	104	0.00478469	0	0.454945	1
305	753	114	751	114	103	110	0.00956938	0	0.250549	2
306	349	190	344	192	104	110	0.0430622	0	0.417582	2
307	463	206	461	206	104	107	0.00956938	0	0.452747	2
308	609	178	616	179	104	109	0.0382775	0	0.391209	1
309	709	102	709	101	104	105	0.00478469	0	0.224176	1
310	691	85	687	85	104	110	0.0191388	0	0.186813	2
311	473	188	467	188	104	108	0.0287081	0	0.413187	2
312	94	455	94	453	104	107	0.0191388	0	1	1
313	727	133	727	132	104	105	0.00478469	0	0.292308	1
314	679	143	678	142	104	105	0.00956938	0	0.314286	2
315	75	424	72	426	105	109	0.0334928	0	0.931868	2
316	543	151	539	152	105	107	0.0239234	0	0.331868	2
317	691	195	690	195	105	106	0.00478469	0	0.428571	2
318	803	212	801	213	105	110	0.0143541	0	0.465934	2
319	334	276	332	275	105	108	0.0143541	0	0.606593	2
320	691	160	690	160	105	109	0.00478469	0	0.351648	2
321	754	162	755	162	105	110	0.00478469	0	0.356044	1
322	660	120	653	119	105	107	0.0382775	0	0.263736	2
323	729	182	724	181	105	107	0.0287081	0	0.4	2
324	693	170	695	168	105	107	0.0287081	0	0.373626	1
325	814	94	814	93	105	106	0.00478469	0	0.206593	1
326	47	449	45	449	105	108	0.00956938	0	0.986813	2
327	731	150	731	149	105	106	0.00478469	0	0.32967	1
328	26	449	24	449	105	110	0.00956938	0	0.986813	2
329	667	83	665	83	105	110	0.00956938	0	0.182418	2
330	479	167	482	166	105	109	0.0191388	0	0.367033	1
331	355	155	352	154	105	106	0.0191388	0	0.340659	2
332	347	208	347	209	105	107	0.00478469	0	0.457143	1
333	659	110	656	109	105	106	0.0191388	0	0.241758	2
334	680	190	679	189	106	108	0.00956938	0	0.417582	2
335	356	219	353	218	106	109	0.0191388	0	0.481319	2
336	721	128	720	128	106	107	0.00478469	0	0.281319	2
337	719	87	717	87	106	110	0.00956938	0	0.191209	2
338	470	216	469	216	106	107	0.00478469	0	0.474725	2
339	661	140	656	142	106	110	0.0430622	0	0.307692	2
340	827	429	826	429	106	110	0.00478469	0	0.942857	2
341	112	422	110	423	106	110	0.0143541	0	0.927473	2
342	495	49	493	49	106	110	0.00956938	0	0.107692	2
343	690	196	688	196	107	110	0.00956938	0	0.430769	2
344	733	150	732	150	107	108	0.00478469	0	0.32967	2
345	544	178	540	176	107	108	0.0382775	0	0.391209	2
346	822	204	819	203	107	108	0.0191388	0	0.448352	2
347	87	426	85	425	107	109	0.0143541	0	0.936264	2
348	714	179	711	179	107	108	0.0143541	0	0.393407	2
349	658	109	654	108	107	108	0.0239234	0	0.23956	2
350	543	168	540	168	107	108	0.0143541	0	0.369231	2
351	537	153	535	154	108	109	0.0143541	0	0.336264	2
352	718	133	717	133	108	110	0.00478469	0	0.292308	2
353	697	170	697	170	108	110	0	0	0.373626	1
354	76	435	75	435	108	109	0.00478469	0	0.956044	2
355	727	178	728	177	108	109	0.00956938	0	0.391209	1
356	701	81	700	81	108	110	0.00478469	0	0.178022	2
357	700	160	699	160	108	109	0.00478469	0	0.351648	2
358	335	212	334	211	108	109	0.00956938	0	0.465934	2
359	460	207	456	205	108	110	0.0382775	0	0.454945	2
360	603	170	605	171	108	110	0.0143541	0	0.373626	1
361	787	95	786	95	108	110	0.00478469	0	0.208791	2
362	460	195	458	194	109	110	0.0143541	0	0.428571	2
363	818	203	817	203	109	110	0.00478469	0	0.446154	2
364	709	181	707	181	109	110	0.00956938	0	0.397802	2
365	92	454	92	453	109	110	0.00478469	0	0.997802	1
366	344	208	342	207	109	110	0.0143541	0	0.457143	2
367	190	452	190	451	109	110	0.00478469	0	0.993407	1
368	362	146	361	146	109	110	0.00478469	0	0.320879	2
369	537	178	535	179	109	110	0.0143541	0	0.391209	2
370	346	160	343	161	109	110	0.0191388	0	0.351648	2
371	538	167	536	167	109	110	0.00956938	0	0.367033	2
372	112	455	112	454	109	110	0.00478469	0	1	1
373	815	84	815	84	109	110	0	0	0.184615	1
374	447	40	447	40	109	110	0	0	0.0879121	1
375	729	136	732	137	109	110	0.0191388	0	0.298901	1
376	472	218	471	217	109	110	0.00956938	0	0.479121	2