
0	542	242	541	242	32	33	0.00746269	0	0.535398	2
1	446	204	444	201	32	33	0.0820896	0	0.451327	2
2	411	192	409	190	32	33	0.0447761	0	0.424779	2
3	416	228	414	226	32	33	0.0447761	0	0.504425	2
4	412	202	410	200	32	34	0.0447761	0	0.446903	2
5	292	237	290	234	33	35	0.0820896	0	0.524336	2
6	459	144	456	144	33	35	0.0223881	0	0.318584	2
7	357	198	356	196	33	35	0.0373134	0	0.438053	2
8	526	242	523	244	33	35	0.0522388	0	0.535398	2
9	455	156	452	156	33	34	0.0223881	0	0.345133	2
10	643	323	642	326	33	39	0.0746269	0	0.714602	2
11	162	159	181	167	33	46	0.619403	0	0.35177	1
12	366	195	362	191	34	36	0.149254	0	0.431416	2
13	301	237	299	235	34	35	0.0447761	0	0.524336	2
14	399	204	398	203	34	35	0.0149254	0	0.451327	2
15	414	225	410	221	34	40	0.149254	0	0.497788	2
16	445	255	442	253	35	37	0.0522388	0	0.564159	2
17	444	198	437	194	35	37	0.171642	0	0.438053	2
18	554	260	535	259	35	41	0.149254	0	0.575221	2
19	410	203	407	200	35	36	0.0895522	0	0.449115	2
20	400	213	396	209	35	37	0.149254	0	0.471239	2
21	633	297	634	295	35	36	0.0373134	0	0.65708	1
22	646	293	651	288	35	37	0.223881	0	0.64823	1
23	456	133	447	132	35	39	0.0746269	0	0.294248	2
24	245	254	243	252	35	41	0.0447761	0	0.561947	2
25	652	202	633	202	35	53	0.141791	0	0.446903	2
26	287	228	280	225	36	39	0.119403	0	0.504425	2
27	520	241	516	241	36	37	0.0298507	0	0.533186	2
28	352	194	350	192	36	37	0.0447761	0	0.429204	2
29	453	145	450	145	36	37	0.0223881	0	0.320796	2
30	409	211	407	209	36	39	0.0447761	0	0.466814	2
31	510	199	494	198	36	41	0.126866	0	0.440265	2
32	542	249	537	249	36	38	0.0373134	0	0.550885	2
33	469	227	464	225	36	38	0.0671642	0	0.502212	2
34	827	414	817	416	36	70	0.104478	0	0.915929	2
35	397	200	396	198	36	37	0.0373134	0	0.442478	2
36	449	208	446	206	36	37	0.0522388	0	0.460177	2
37	529	254	527	255	37	38	0.0223881	0	0.561947	2
38	360	191	358	185	37	43	0.283582	0	0.422566	2
39	523	223	516	222	37	39	0.0597015	0	0.493363	2
40	494	214	491	211	37	39	0.0895522	0	0.473451	2
41	385	191	384	188	37	38	0.0746269	0	0.422566	2
42	370	185	369	185	37	38	0.00746269	0	0.409292	2
43	437	132	421	133	37	46	0.126866	0	0.292035	2
44	772	96	770	96	37	48	0.0149254	0	0.212389	2
45	637	294	642	292	37	39	0.0671642	0	0.650442	1
46	622	329	628	327	37	39	0.0746269	0	0.727876	1
47	318	219	317	217	37	38	0.0373134	0	0.484513	2
48	434	193	423	191	38	42	0.11194	0	0.426991	2
49	442	253	439	249	38	41	0.141791	0	0.559735	2
50	656	287	658	286	38	39	0.0223881	0	0.634956	1
51	401	199	399	197	38	41	0.0447761	0	0.440265	2
52	633	222	631	222	38	40	0.0149254	0	0.49115	2
53	372	195	371	195	38	39	0.00746269	0	0.431416	2
54	340	184	338	177	38	43	0.380597	0	0.40708	2
55	449	145	445	145	38	40	0.0298507	0	0.320796	2
56	296	258	278	251	38	45	0.5	0	0.570796	2
57	631	202	626	201	38	42	0.0447761	0	0.446903	2
58	357	157	347	161	38	44	0.19403	0	0.347345	2
59	274	247	268	245	38	41	0.0746269	0	0.54646	2
60	436	144	429	142	39	43	0.0820896	0	0.318584	2
61	822	110	812	108	39	59	0.104478	0	0.243363	2
62	788	112	782	110	39	64	0.0746269	0	0.247788	2
63	348	193	347	189	39	42	0.126866	0	0.426991	2
64	246	201	248	197	39	43	0.134328	0	0.44469	1
65	396	208	394	207	39	41	0.0223881	0	0.460177	2
66	318	218	314	216	39	42	0.0597015	0	0.482301	2
67	407	211	407	209	40	42	0.0298507	0	0.466814	1
68	488	211	483	208	40	42	0.104478	0	0.466814	2
69	659	286	664	285	40	42	0.0447761	0	0.632743	1
70	513	222	497	219	40	44	0.186567	0	0.49115	2
71	446	133	441	133	40	43	0.0373134	0	0.294248	2
72	641	226	638	224	40	43	0.0522388	0	0.5	2
73	444	205	444	203	40	41	0.0298507	0	0.45354	1
74	649	283	652	281	40	41	0.0522388	0	0.626106	1
75	287	229	283	226	40	42	0.0970149	0	0.506637	2
76	194	83	198	80	40	44	0.0970149	0	0.183628	1
77	466	201	464	200	40	41	0.0223881	0	0.44469	2
78	426	203	419	201	40	43	0.0820896	0	0.449115	2
79	641	187	626	192	40	55	0.298507	0	0.413717	2
80	275	228	268	218	41	50	0.798507	0	0.504425	2
81	363	169	357	169	41	44	0.0447761	0	0.373894	2
82	627	173	618	170	41	52	0.134328	0	0.382743	2
83	399	186	399	185	41	42	0.00746269	0	0.411504	1
84	647	291	650	290	41	42	0.0298507	0	0.643805	1
85	497	238	492	237	41	42	0.0447761	0	0.526549	2
86	444	145	441	144	41	43	0.0298507	0	0.320796	2
87	275	218	271	213	41	47	0.216418	0	0.482301	2
88	303	172	290	161	41	58	1	0	0.380531	2
89	313	169	311	166	42	49	0.0820896	0	0.373894	2
90	386	178	371	174	42	51	0.231343	0	0.393805	2
91	445	202	446	202	42	44	0.00746269	0	0.446903	1
92	490	198	486	198	42	43	0.0298507	0	0.438053	2
93	471	179	461	178	42	46	0.0820896	0	0.396018	2
94	493	220	485	220	42	44	0.0597015	0	0.486726	2
95	376	174	367	170	42	49	0.186567	0	0.384956	2
96	629	225	626	224	42	43	0.0298507	0	0.497788	2
97	714	92	714	92	42	47	0	0	0.20354	1
98	768	107	760	109	42	70	0.0895522	0	0.236726	2
99	482	208	479	207	43	44	0.0298507	0	0.460177	2
100	408	212	407	210	43	44	0.0373134	0	0.469027	2
101	421	190	419	189	43	44	0.0223881	0	0.420354	2
102	397	199	396	198	43	44	0.0149254	0	0.440265	2
103	670	286	672	284	43	44	0.0447761	0	0.632743	1
104	645	327	649	323	43	46	0.149254	0	0.723451	1
105	281	226	279	225	43	46	0.0223881	0	0.5	2
106	441	156	434	154	43	46	0.0820896	0	0.345133	2
107	254	241	256	242	43	44	0.0223881	0	0.533186	1
108	515	228	510	226	43	44	0.0671642	0	0.504425	2
109	458	431	450	433	43	70	0.0895522	0	0.95354	2
110	359	186	358	185	44	45	0.0149254	0	0.411504	2
111	428	144	426	143	44	45	0.0223881	0	0.318584	2
112	439	133	435	132	44	47	0.0373134	0	0.294248	2
113	333	181	331	179	44	45	0.0447761	0	0.400442	2
114	626	224	624	223	44	45	0.0223881	0	0.495575	2
115	481	197	476	198	44	45	0.0447761	0	0.435841	2
116	456	190	453	190	44	45	0.0223881	0	0.420354	2
117	439	145	437	144	44	45	0.0223881	0	0.320796	2
118	445	192	443	192	44	45	0.0149254	0	0.424779	2
119	417	201	413	199	44	45	0.0597015	0	0.44469	2
120	640	226	636	224	44	51	0.0597015	0	0.5	2
121	499	183	491	185	44	70	0.0895522	0	0.404867	2
122	406	209	402	205	45	47	0.149254	0	0.462389	2
123	476	208	472	207	45	46	0.0373134	0	0.460177	2
124	484	246	482	246	45	46	0.0149254	0	0.544248	2
125	493	219	488	218	45	46	0.0447761	0	0.484513	2
126	446	202	445	202	45	46	0.00746269	0	0.446903	2
127	176	184	177	182	45	46	0.0373134	0	0.40708	1
128	674	282	676	280	45	46	0.0447761	0	0.623894	1
129	514	251	508	249	45	46	0.0746269	0	0.55531	2
130	396	200	391	196	45	47	0.156716	0	0.442478	2
131	498	240	492	241	45	46	0.0522388	0	0.530973	2
132	236	256	233	254	45	46	0.0522388	0	0.566372	2
133	401	190	399	189	45	46	0.0223881	0	0.420354	2
134	816	389	813	387	45	54	0.0522388	0	0.860619	2
135	449	169	441	166	45	48	0.126866	0	0.373894	2
136	503	225	490	224	45	48	0.104478	0	0.497788	2
137	194	105	197	102	45	49	0.0895522	0	0.232301	1
138	358	186	357	185	46	47	0.0149254	0	0.411504	2
139	623	221	617	218	46	52	0.11194	0	0.488938	2
140	437	143	424	139	46	53	0.216418	0	0.316372	2
141	274	249	272	247	46	50	0.0447761	0	0.550885	2
142	424	144	419	142	46	48	0.0671642	0	0.318584	2
143	251	239	251	238	46	49	0.00746269	0	0.528761	1
144	520	253	513	253	46	47	0.0522388	0	0.559735	2
145	276	204	274	202	46	47	0.0447761	0	0.451327	2
146	483	218	477	217	47	48	0.0522388	0	0.482301	2
147	412	187	411	184	47	48	0.0746269	0	0.413717	2
148	494	253	490	254	47	48	0.0373134	0	0.559735	2
149	679	280	681	280	47	48	0.0149254	0	0.619469	1
150	470	206	466	205	47	48	0.0373134	0	0.455752	2
151	446	203	445	202	47	48	0.0149254	0	0.449115	2
152	178	180	184	176	47	49	0.164179	0	0.39823	1
153	233	251	233	250	47	49	0.00746269	0	0.55531	1
154	419	133	407	132	47	53	0.0970149	0	0.294248	2
155	381	186	378	186	47	48	0.0223881	0	0.411504	2
156	653	320	659	319	47	48	0.0522388	0	0.707965	1
157	340	215	338	214	47	48	0.0223881	0	0.475664	2
158	403	204	400	201	48	50	0.0895522	0	0.451327	2
159	357	184	354	180	48	50	0.141791	0	0.40708	2
160	428	236	425	235	48	49	0.0298507	0	0.522124	2
161	279	216	276	209	48	51	0.38806	0	0.477876	2
162	392	195	388	192	48	50	0.0970149	0	0.431416	2
163	400	185	399	184	48	49	0.0149254	0	0.409292	2
164	431	131	393	133	48	66	0.313433	0	0.289823	2
165	269	212	268	208	48	50	0.126866	0	0.469027	2
166	345	168	345	167	48	49	0.00746269	0	0.371681	1
167	248	206	247	208	48	49	0.0373134	0	0.455752	2
168	317	190	317	189	48	51	0.00746269	0	0.420354	1
169	195	75	206	77	48	59	0.11194	0	0.165929	1
170	506	253	495	252	48	49	0.0895522	0	0.559735	2
171	755	389	748	391	48	70	0.0820896	0	0.860619	2
172	411	183	411	181	49	50	0.0298507	0	0.404867	1
173	461	205	457	204	49	50	0.0373134	0	0.45354	2
174	429	207	426	205	49	50	0.0522388	0	0.457965	2
175	770	95	764	97	49	70	0.0746269	0	0.210177	2
176	482	221	477	220	49	50	0.0447761	0	0.488938	2
177	439	165	412	160	49	58	0.38806	0	0.365044	2
178	414	148	409	147	49	51	0.0447761	0	0.327434	2
179	422	186	421	184	49	50	0.0373134	0	0.411504	2
180	439	203	438	201	49	50	0.0373134	0	0.449115	2
181	447	179	435	175	49	53	0.208955	0	0.396018	2
182	487	257	478	255	50	53	0.0970149	0	0.568584	2
183	398	182	395	179	50	53	0.0895522	0	0.402655	2
184	251	240	250	240	50	52	0.00746269	0	0.530973	2
185	631	175	630	175	50	51	0.00746269	0	0.387168	2
186	235	255	236	257	50	51	0.0373134	0	0.564159	1
187	421	194	420	193	50	51	0.0149254	0	0.429204	2
188	682	321	686	314	50	54	0.395522	0	0.710177	1
189	421	120	394	121	50	63	0.208955	0	0.265487	2
190	409	237	408	237	50	52	0.00746269	0	0.524336	2
191	310	165	302	159	50	56	0.328358	0	0.365044	2
192	206	73	212	75	50	55	0.0746269	0	0.161504	1
193	463	214	460	213	50	51	0.0298507	0	0.473451	2
194	728	88	726	88	50	53	0.0149254	0	0.19469	2
195	589	170	581	173	50	70	0.126866	0	0.376106	2
196	266	216	265	214	51	52	0.0373134	0	0.477876	2
197	397	200	393	198	51	54	0.0597015	0	0.442478	2
198	387	192	385	191	51	52	0.0223881	0	0.424779	2
199	353	179	351	177	51	52	0.0447761	0	0.396018	2
200	461	203	458	202	51	52	0.0298507	0	0.449115	2
201	413	180	413	178	51	52	0.0298507	0	0.39823	1
202	381	182	379	180	51	52	0.0447761	0	0.402655	2
203	407	193	403	191	51	54	0.0597015	0	0.426991	2
204	425	204	422	202	51	52	0.0522388	0	0.451327	2
205	273	246	272	244	51	52	0.0373134	0	0.544248	2
206	473	217	468	216	51	52	0.0447761	0	0.480088	2
207	445	191	443	189	51	52	0.0447761	0	0.422566	2
208	329	165	325	162	51	53	0.0970149	0	0.365044	2
209	631	175	630	175	52	54	0.00746269	0	0.387168	2
210	364	173	361	173	52	53	0.0223881	0	0.382743	2
211	275	209	272	206	52	56	0.0895522	0	0.462389	2
212	636	224	631	224	52	61	0.0373134	0	0.495575	2
213	460	249	454	248	52	53	0.0522388	0	0.550885	2
214	326	174	323	173	52	53	0.0298507	0	0.384956	2
215	261	261	260	261	52	54	0.00746269	0	0.577434	2
216	448	203	445	203	52	53	0.0223881	0	0.449115	2
217	419	191	416	190	52	55	0.0298507	0	0.422566	2
218	692	274	701	271	52	54	0.134328	0	0.606195	1
219	803	103	795	103	52	65	0.0597015	0	0.227876	2
220	617	206	611	206	52	55	0.0447761	0	0.455752	2
221	543	166	542	165	53	55	0.0149254	0	0.367257	2
222	264	212	263	210	53	54	0.0373134	0	0.469027	2
223	351	176	350	176	53	54	0.00746269	0	0.389381	2
224	415	178	413	177	53	55	0.0223881	0	0.393805	2
225	616	219	608	217	53	56	0.0895522	0	0.484513	2
226	455	206	452	206	53	54	0.0223881	0	0.455752	2
227	708	273	718	269	53	56	0.19403	0	0.603982	1
228	369	188	366	187	53	55	0.0298507	0	0.415929	2
229	433	200	428	197	53	55	0.104478	0	0.442478	2
230	376	197	373	197	54	56	0.0223881	0	0.435841	2
231	405	138	402	138	54	55	0.0223881	0	0.30531	2
232	394	179	393	179	54	56	0.00746269	0	0.396018	2
233	435	185	431	184	54	55	0.0373134	0	0.409292	2
234	422	141	413	139	54	59	0.0970149	0	0.311947	2
235	360	173	358	171	54	57	0.0447761	0	0.382743	2
236	317	156	315	154	54	55	0.0447761	0	0.345133	2
237	414	202	413	201	54	55	0.0149254	0	0.446903	2
238	449	216	444	216	54	55	0.0373134	0	0.477876	2
239	697	281	711	276	54	59	0.291045	0	0.621681	1
240	322	170	315	166	54	58	0.171642	0	0.376106	2
241	406	153	403	153	54	56	0.0223881	0	0.338496	2
242	451	229	437	231	54	57	0.134328	0	0.506637	2
243	442	200	440	200	54	55	0.0149254	0	0.442478	2
244	384	175	383	173	54	59	0.0373134	0	0.387168	2
245	261	245	260	244	54	55	0.0149254	0	0.542035	2
246	404	173	401	173	54	56	0.0223881	0	0.382743	2
247	631	174	625	176	55	70	0.0746269	0	0.384956	2
248	349	178	348	178	55	56	0.00746269	0	0.393805	2
249	262	212	259	212	55	57	0.0223881	0	0.469027	2
250	209	144	210	143	55	59	0.0149254	0	0.318584	1
251	320	189	306	185	55	60	0.223881	0	0.418142	2
252	705	269	715	267	55	59	0.104478	0	0.595133	1
253	619	178	617	180	55	56	0.0447761	0	0.393805	2
254	450	202	447	201	55	56	0.0298507	0	0.446903	2
255	403	190	402	190	55	56	0.00746269	0	0.420354	2
256	729	89	728	89	55	59	0.00746269	0	0.196903	2
257	443	187	441	186	55	56	0.0223881	0	0.413717	2
258	543	163	542	162	56	57	0.0149254	0	0.360619	2
259	400	135	395	135	56	58	0.0373134	0	0.298673	2
260	392	197	390	196	56	57	0.0223881	0	0.435841	2
261	319	158	313	157	56	59	0.0522388	0	0.349558	2
262	438	217	432	218	56	57	0.0522388	0	0.480088	2
263	373	181	373	181	56	57	0	0	0.400442	1
264	628	200	613	200	56	62	0.11194	0	0.442478	2
265	213	77	220	80	56	65	0.119403	0	0.170354	1
266	239	266	236	265	56	59	0.0298507	0	0.588496	2
267	415	152	413	152	56	57	0.0149254	0	0.336283	2
268	269	213	265	213	57	59	0.0298507	0	0.471239	2
269	439	205	435	205	57	58	0.0298507	0	0.45354	2
270	721	271	739	273	57	64	0.164179	0	0.599558	1
271	403	174	401	174	57	58	0.0149254	0	0.384956	2
272	348	179	346	179	57	58	0.0149254	0	0.396018	2
273	609	217	607	216	57	58	0.0223881	0	0.480088	2
274	24	95	27	94	57	61	0.0298507	0	0.210177	1
275	429	185	426	183	57	58	0.0522388	0	0.409292	2
276	456	228	454	226	57	58	0.0447761	0	0.504425	2
277	400	148	397	148	57	58	0.0223881	0	0.327434	2
278	434	452	427	453	57	68	0.0597015	0	1	2
279	346	166	344	165	57	58	0.0223881	0	0.367257	2
280	338	180	321	179	57	70	0.134328	0	0.39823	2
281	326	189	324	188	57	58	0.0223881	0	0.418142	2
282	264	202	263	202	57	58	0.00746269	0	0.446903	2
283	307	156	301	154	57	59	0.0746269	0	0.345133	2
284	403	192	402	193	57	58	0.0149254	0	0.424779	2
285	536	163	535	163	58	59	0.00746269	0	0.360619	2
286	546	162	545	161	58	59	0.0149254	0	0.358407	2
287	357	170	357	169	58	59	0.00746269	0	0.376106	1
288	436	224	432	224	58	59	0.0298507	0	0.495575	2
289	812	389	808	390	58	70	0.0373134	0	0.860619	2
290	425	220	418	220	58	59	0.0522388	0	0.486726	2
291	451	214	444	211	58	61	0.119403	0	0.473451	2
292	619	190	589	197	58	70	0.589552	0	0.420354	2
293	393	135	390	135	59	60	0.0223881	0	0.298673	2
294	346	179	340	175	59	62	0.164179	0	0.396018	2
295	770	423	766	425	59	70	0.0597015	0	0.935841	2
296	321	191	319	191	59	60	0.0149254	0	0.422566	2
297	343	163	340	162	59	61	0.0298507	0	0.360619	2
298	419	185	415	183	59	60	0.0597015	0	0.409292	2
299	824	323	825	323	59	60	0.00746269	0	0.714602	1
300	706	73	701	75	59	70	0.0671642	0	0.161504	2
301	707	310	716	305	59	63	0.253731	0	0.685841	1
302	263	199	262	199	59	61	0.00746269	0	0.440265	2
303	718	75	713	77	59	70	0.0671642	0	0.165929	2
304	546	162	543	161	60	64	0.0298507	0	0.358407	2
305	264	209	258	206	60	64	0.11194	0	0.462389	2
306	254	212	251	209	60	62	0.0895522	0	0.469027	2
307	534	163	530	165	60	70	0.0597015	0	0.360619	2
308	813	108	808	110	60	70	0.0671642	0	0.238938	2
309	397	177	394	177	60	61	0.0223881	0	0.391593	2
310	206	77	208	79	60	65	0.0447761	0	0.170354	1
311	358	169	355	169	60	65	0.0223881	0	0.373894	2
312	210	143	213	146	60	68	0.0895522	0	0.316372	1
313	387	173	387	171	60	62	0.0298507	0	0.382743	1
314	421	229	410	230	60	62	0.0895522	0	0.506637	2
315	695	165	690	167	60	70	0.0671642	0	0.365044	2
316	205	185	204	183	60	63	0.0373134	0	0.409292	2
317	718	266	727	266	60	63	0.0671642	0	0.588496	1
318	420	219	414	219	60	61	0.0447761	0	0.484513	2
319	265	241	258	240	60	64	0.0597015	0	0.533186	2
320	308	175	301	175	60	63	0.0522388	0	0.387168	2
321	429	203	426	202	61	62	0.0298507	0	0.449115	2
322	438	242	435	241	61	62	0.0298507	0	0.535398	2
323	387	137	371	138	61	68	0.126866	0	0.303097	2
324	397	193	394	192	61	62	0.0298507	0	0.426991	2
325	433	191	430	190	61	62	0.0298507	0	0.422566	2
326	320	187	313	188	61	65	0.0597015	0	0.413717	2
327	302	184	294	182	61	64	0.0895522	0	0.40708	2
328	419	201	412	200	61	63	0.0597015	0	0.44469	2
329	404	183	401	181	61	62	0.0522388	0	0.404867	2
330	446	228	443	226	61	62	0.0522388	0	0.504425	2
331	709	287	725	294	61	67	0.485075	0	0.634956	1
332	434	215	430	215	61	62	0.0298507	0	0.475664	2
333	38	384	34	389	62	70	0.216418	0	0.849558	2
334	430	180	428	178	62	63	0.0447761	0	0.39823	2
335	342	162	342	160	62	65	0.0298507	0	0.358407	1
336	624	222	619	222	62	63	0.0373134	0	0.49115	2
337	408	272	403	271	62	67	0.0447761	0	0.60177	2
338	422	245	420	245	63	64	0.0149254	0	0.542035	2
339	424	203	420	203	63	64	0.0298507	0	0.449115	2
340	338	175	336	173	63	64	0.0447761	0	0.387168	2
341	398	150	392	150	63	65	0.0447761	0	0.331858	2
342	614	205	615	204	63	64	0.0149254	0	0.45354	1
343	441	225	438	223	63	64	0.0522388	0	0.497788	2
344	724	277	731	281	63	65	0.171642	0	0.612832	1
345	400	228	377	229	63	66	0.179104	0	0.504425	2
346	222	229	217	228	63	64	0.0447761	0	0.506637	2
347	302	161	298	162	63	65	0.0373134	0	0.356195	2
348	402	262	399	262	64	65	0.0223881	0	0.579646	2
349	389	167	388	166	64	65	0.0149254	0	0.369469	2
350	410	201	402	202	64	66	0.0671642	0	0.44469	2
351	389	124	376	133	64	70	0.701493	0	0.274336	2
352	377	194	373	194	64	65	0.0298507	0	0.429204	2
353	216	102	216	102	64	65	0	0	0.225664	1
354	597	208	592	207	64	65	0.0447761	0	0.460177	2
355	720	88	719	91	64	70	0.0746269	0	0.19469	2
356	225	262	222	261	64	66	0.0298507	0	0.579646	2
357	729	269	731	269	64	65	0.0149254	0	0.595133	1
358	419	247	416	248	65	68	0.0298507	0	0.54646	2
359	256	210	254	214	65	69	0.134328	0	0.464602	2
360	417	207	413	208	65	66	0.0373134	0	0.457965	2
361	542	162	543	164	65	70	0.0373134	0	0.358407	1
362	615	204	609	204	65	67	0.0447761	0	0.451327	2
363	335	172	333	171	65	67	0.0223881	0	0.380531	2
364	425	178	422	178	65	66	0.0223881	0	0.393805	2
365	743	277	752	280	65	69	0.134328	0	0.612832	1
366	432	216	430	216	65	66	0.0149254	0	0.477876	2
367	395	244	387	244	65	66	0.0597015	0	0.539823	2
368	386	177	383	176	65	66	0.0298507	0	0.391593	2
369	254	200	252	199	65	66	0.0223881	0	0.442478	2
370	385	256	358	259	65	69	0.268657	0	0.566372	2
371	295	152	291	151	65	68	0.0373134	0	0.336283	2
372	595	221	589	222	65	68	0.0522388	0	0.488938	2
373	356	170	356	170	66	68	0	0	0.376106	1
374	387	164	387	162	66	67	0.0298507	0	0.362832	1
375	750	262	759	264	66	70	0.0970149	0	0.579646	1
376	398	262	381	262	66	69	0.126866	0	0.579646	2
377	311	189	310	191	66	70	0.0373134	0	0.418142	2
378	730	279	731	278	66	67	0.0149254	0	0.617257	1
379	220	98	222	98	66	68	0.0149254	0	0.216814	1
380	220	81	223	84	66	70	0.0895522	0	0.179204	1
381	45	349	38	353	66	70	0.171642	0	0.772124	2
382	383	152	380	151	66	67	0.0298507	0	0.336283	2
383	388	254	375	253	66	68	0.104478	0	0.561947	2
384	210	82	213	85	66	70	0.0895522	0	0.181416	1
385	294	189	296	191	66	70	0.0447761	0	0.418142	1
386	295	176	294	176	66	67	0.00746269	0	0.389381	2
387	408	209	404	209	67	68	0.0298507	0	0.462389	2
388	402	241	397	240	67	68	0.0447761	0	0.533186	2
389	376	230	369	229	67	68	0.0597015	0	0.50885	2
390	392	136	389	136	67	68	0.0223881	0	0.300885	2
391	393	150	391	150	67	68	0.0149254	0	0.331858	2
392	421	177	417	180	67	70	0.0970149	0	0.391593	2
393	529	184	528	187	67	70	0.0746269	0	0.40708	2
394	430	217	429	217	67	68	0.00746269	0	0.480088	2
395	189	252	182	251	67	70	0.0597015	0	0.557522	2
396	252	200	251	203	67	69	0.0746269	0	0.442478	2
397	302	157	298	159	67	70	0.0597015	0	0.347345	2
398	551	174	552	177	67	70	0.0746269	0	0.384956	1
399	386	178	386	178	68	69	0	0	0.393805	1
400	699	152	699	154	68	70	0.0298507	0	0.336283	1
401	397	172	397	172	68	69	0	0	0.380531	1
402	408	236	404	238	68	70	0.0597015	0	0.522124	2
403	206	189	207	192	68	70	0.0746269	0	0.418142	1
404	333	172	331	175	68	70	0.0820896	0	0.380531	2
405	417	248	415	248	69	70	0.0149254	0	0.548673	2
406	395	243	392	245	69	70	0.0522388	0	0.537611	2
407	399	210	395	211	69	70	0.0373134	0	0.464602	2
408	364	232	358	233	69	70	0.0522388	0	0.513274	2
409	388	138	386	139	69	70	0.0223881	0	0.30531	2
410	357	172	358	173	69	70	0.0149254	0	0.380531	1
411	391	152	390	153	69	70	0.0149254	0	0.336283	2
412	395	233	393	235	69	70	0.0447761	0	0.515487	2
413	433	213	432	213	69	70	0.00746269	0	0.471239	2
414	219	146	221	148	69	70	0.0447761	0	0.323009	1
415	422	238	422	238	69	70	0	0	0.526549	1
416	589	225	590	228	69	70	0.0746269	0	0.497788	1
417	538	184	538	185	69	70	0.00746269	0	0.40708	1
418	361	222	355	223	69	70	0.0522388	0	0.49115	2
419	742	273	744	275	69	70	0.0447761	0	0.603982	1
420	358	190	358	189	69	70	0.00746269	0	0.420354	1
421	335	189	336	189	69	70	0.00746269	0	0.418142	1