
0	601	185	600	182	132	133	0.0507614	0	0.447942	2
1	404	117	397	117	132	170	0.035533	0	0.283293	2
2	669	322	655	321	132	141	0.0761421	0	0.779661	2
3	762	198	760	198	132	133	0.0101523	0	0.479419	2
4	129	37	127	36	132	134	0.0152284	0	0.0895884	2
5	214	45	207	45	132	170	0.035533	0	0.108959	2
6	649	262	647	263	133	134	0.0152284	0	0.634383	2
7	641	222	638	225	133	135	0.0609137	0	0.53753	2
8	568	170	566	169	133	134	0.0152284	0	0.411622	2
9	610	183	609	181	133	134	0.0253807	0	0.443099	2
10	606	192	606	191	134	135	0.00507614	0	0.464891	1
11	753	181	752	183	134	136	0.0253807	0	0.438257	2
12	24	225	24	225	134	138	0	0	0.544794	1
13	606	164	607	162	134	135	0.0253807	0	0.397094	1
14	511	191	512	190	135	136	0.0101523	0	0.46247	1
15	765	219	762	218	135	138	0.0203046	0	0.530266	2
16	603	181	603	179	135	136	0.0203046	0	0.438257	1
17	734	165	734	163	135	136	0.0203046	0	0.399516	1
18	646	265	644	266	135	136	0.0152284	0	0.641646	2
19	765	192	761	193	135	137	0.0253807	0	0.464891	2
20	566	169	564	168	135	136	0.0152284	0	0.409201	2
21	126	35	125	35	135	137	0.00507614	0	0.0847458	2
22	153	62	144	60	135	152	0.0659898	0	0.150121	2
23	656	258	648	260	135	138	0.0609137	0	0.624697	2
24	757	209	756	209	135	136	0.00507614	0	0.506053	2
25	388	60	382	61	135	170	0.035533	0	0.145278	2
26	430	65	429	64	135	137	0.0101523	0	0.157385	2
27	625	205	624	206	135	137	0.0101523	0	0.496368	2
28	421	398	415	398	135	170	0.0304569	0	0.96368	2
29	606	190	605	189	136	137	0.0101523	0	0.460048	2
30	339	24	338	24	136	138	0.00507614	0	0.0581114	2
31	642	316	631	319	136	142	0.101523	0	0.765133	2
32	602	158	603	156	136	137	0.0253807	0	0.382567	1
33	378	222	378	221	136	137	0.00507614	0	0.53753	1
34	656	313	647	312	136	140	0.0507614	0	0.757869	2
35	398	170	397	169	136	139	0.0101523	0	0.411622	2
36	602	178	601	175	137	138	0.0507614	0	0.430993	2
37	734	160	734	153	137	141	0.248731	0	0.387409	1
38	537	164	538	162	137	139	0.0253807	0	0.397094	1
39	104	272	96	272	137	147	0.0406091	0	0.658596	2
40	383	196	382	193	137	141	0.0507614	0	0.474576	2
41	83	296	76	296	137	148	0.035533	0	0.716707	2
42	578	81	575	79	137	141	0.035533	0	0.196126	2
43	605	189	599	185	138	140	0.111675	0	0.457627	2
44	169	194	166	193	138	141	0.0203046	0	0.469734	2
45	234	31	232	30	138	147	0.0152284	0	0.0750605	2
46	159	192	156	191	138	141	0.0203046	0	0.464891	2
47	383	231	388	226	138	141	0.152284	0	0.559322	1
48	741	177	738	174	138	139	0.0609137	0	0.428571	2
49	621	209	614	207	138	141	0.0558376	0	0.506053	2
50	174	184	170	183	138	143	0.0253807	0	0.445521	2
51	475	295	469	295	138	167	0.0304569	0	0.714286	2
52	428	64	424	63	138	142	0.0253807	0	0.154964	2
53	433	28	431	27	138	141	0.0152284	0	0.0677966	2
54	754	208	751	210	138	139	0.035533	0	0.503632	2
55	649	302	638	302	138	141	0.0558376	0	0.731235	2
56	601	173	599	171	139	140	0.0304569	0	0.418886	2
57	632	270	628	269	139	140	0.0253807	0	0.653753	2
58	214	31	210	32	139	163	0.0253807	0	0.0750605	2
59	609	214	605	214	139	141	0.0203046	0	0.51816	2
60	213	81	208	80	139	154	0.0304569	0	0.196126	2
61	606	149	605	147	139	140	0.0253807	0	0.360775	2
62	579	328	576	329	140	143	0.0203046	0	0.794189	2
63	627	223	625	222	140	141	0.0152284	0	0.539952	2
64	739	216	739	215	140	141	0.00507614	0	0.523002	1
65	158	181	151	180	140	148	0.0406091	0	0.438257	2
66	636	190	636	190	140	146	0	0	0.460048	1
67	755	214	748	213	140	141	0.0406091	0	0.51816	2
68	318	33	314	32	140	151	0.0253807	0	0.0799031	2
69	177	227	171	227	140	157	0.0304569	0	0.549637	2
70	618	159	620	159	140	142	0.0101523	0	0.384988	1
71	223	32	220	32	140	159	0.0152284	0	0.0774818	2
72	393	169	391	168	140	144	0.0152284	0	0.409201	2
73	598	170	596	168	141	142	0.0304569	0	0.411622	2
74	596	183	590	179	141	143	0.111675	0	0.443099	2
75	615	225	610	225	141	142	0.0253807	0	0.544794	2
76	624	269	620	268	141	142	0.0253807	0	0.651332	2
77	604	146	603	144	141	142	0.0253807	0	0.353511	2
78	643	313	638	316	141	142	0.071066	0	0.757869	2
79	752	198	746	195	141	143	0.0761421	0	0.479419	2
80	165	194	164	193	142	145	0.0101523	0	0.469734	2
81	624	220	619	219	142	143	0.0304569	0	0.532688	2
82	728	146	727	160	142	159	1	0	0.353511	2
83	190	346	178	344	142	146	0.0812183	0	0.837772	2
84	337	24	336	24	142	143	0.00507614	0	0.0581114	2
85	125	33	123	32	142	146	0.0152284	0	0.0799031	2
86	565	139	564	138	142	143	0.0101523	0	0.336562	2
87	605	215	604	216	142	143	0.0101523	0	0.520581	2
88	155	190	152	190	142	144	0.0152284	0	0.460048	2
89	286	35	282	35	142	151	0.0203046	0	0.0847458	2
90	386	226	394	223	142	145	0.0862944	0	0.547215	1
91	630	155	622	158	142	149	0.0862944	0	0.375303	2
92	536	197	551	195	142	147	0.0964467	0	0.476998	1
93	159	208	158	207	142	143	0.0101523	0	0.503632	2
94	123	63	117	64	142	160	0.035533	0	0.152542	2
95	621	193	618	194	142	143	0.0203046	0	0.467312	2
96	594	168	589	165	143	145	0.071066	0	0.40678	2
97	602	144	596	142	143	148	0.0507614	0	0.348668	2
98	593	371	591	371	143	144	0.0101523	0	0.898305	2
99	608	226	603	225	143	144	0.0304569	0	0.547215	2
100	638	266	635	264	143	144	0.035533	0	0.644068	2
101	634	176	633	175	143	144	0.0101523	0	0.42615	2
102	431	29	431	29	143	145	0	0	0.0702179	1
103	629	320	626	321	143	144	0.0203046	0	0.774818	2
104	421	25	420	24	143	145	0.0101523	0	0.0605327	2
105	617	280	600	278	143	147	0.106599	0	0.677966	2
106	576	331	573	332	144	146	0.0203046	0	0.801453	2
107	397	156	396	155	144	145	0.0101523	0	0.377724	2
108	589	179	586	178	144	145	0.0203046	0	0.433414	2
109	735	156	732	169	144	161	0.873096	0	0.377724	2
110	157	207	156	207	144	146	0.00507614	0	0.501211	2
111	611	270	597	268	144	147	0.0913706	0	0.653753	2
112	605	163	605	162	144	145	0.00507614	0	0.394673	1
113	586	355	582	356	144	146	0.0253807	0	0.859564	2
114	613	218	606	217	144	145	0.0406091	0	0.527845	2
115	628	185	626	185	144	146	0.0101523	0	0.447942	2
116	133	31	129	32	144	161	0.0253807	0	0.0750605	2
117	387	32	383	33	144	170	0.0253807	0	0.0774818	2
118	592	408	589	407	145	150	0.0203046	0	0.987893	2
119	741	212	737	210	145	146	0.0406091	0	0.513317	2
120	154	190	152	190	145	146	0.0101523	0	0.460048	2
121	648	295	644	295	145	170	0.0203046	0	0.714286	2
122	343	29	340	29	145	151	0.0152284	0	0.0702179	2
123	174	187	169	187	145	170	0.0253807	0	0.452785	2
124	591	382	580	382	145	150	0.0558376	0	0.924939	2
125	632	175	627	175	145	149	0.0253807	0	0.423729	2
126	527	214	526	213	145	146	0.0101523	0	0.51816	2
127	136	207	133	206	146	148	0.0203046	0	0.501211	2
128	586	164	582	163	146	147	0.0253807	0	0.397094	2
129	182	377	178	375	146	147	0.0406091	0	0.912833	2
130	398	154	395	154	146	148	0.0152284	0	0.372881	2
131	583	334	576	332	146	148	0.0558376	0	0.808717	2
132	163	194	162	193	146	149	0.0101523	0	0.469734	2
133	604	165	602	165	146	148	0.0101523	0	0.399516	2
134	584	177	579	176	146	147	0.0304569	0	0.428571	2
135	419	25	416	25	146	148	0.0152284	0	0.0605327	2
136	112	37	108	37	146	156	0.0203046	0	0.0895884	2
137	539	181	539	180	146	147	0.00507614	0	0.438257	1
138	47	79	43	80	146	170	0.0253807	0	0.191283	2
139	569	332	565	330	147	148	0.0406091	0	0.803874	2
140	614	198	614	200	147	149	0.0203046	0	0.479419	1
141	175	345	150	342	147	155	0.172589	0	0.835351	2
142	411	125	409	126	147	148	0.0152284	0	0.302663	2
143	732	209	719	207	147	149	0.0862944	0	0.506053	2
144	635	190	633	191	147	149	0.0152284	0	0.460048	2
145	145	195	142	195	147	149	0.0152284	0	0.472155	2
146	709	200	684	202	147	156	0.147208	0	0.484262	2
147	586	223	580	222	147	148	0.035533	0	0.539952	2
148	562	147	561	148	147	148	0.0101523	0	0.355932	2
149	584	369	571	370	147	151	0.071066	0	0.893462	2
150	579	162	576	161	148	149	0.0203046	0	0.392252	2
151	232	29	229	30	148	162	0.0203046	0	0.0702179	2
152	612	158	612	159	148	149	0.00507614	0	0.382567	1
153	718	169	714	169	148	149	0.0203046	0	0.409201	2
154	151	32	144	33	148	170	0.0406091	0	0.0774818	2
155	94	271	84	271	148	153	0.0507614	0	0.656174	2
156	575	389	571	390	148	151	0.0253807	0	0.941889	2
157	120	32	117	33	148	158	0.0203046	0	0.0774818	2
158	600	216	595	213	148	150	0.071066	0	0.523002	2
159	736	198	736	197	148	149	0.00507614	0	0.479419	1
160	397	154	396	154	149	150	0.00507614	0	0.372881	2
161	742	214	742	213	149	150	0.00507614	0	0.51816	1
162	150	182	145	182	149	153	0.0253807	0	0.440678	2
163	135	206	131	205	149	152	0.0253807	0	0.498789	2
164	586	164	584	163	149	150	0.0152284	0	0.397094	2
165	410	33	409	32	149	152	0.0101523	0	0.0799031	2
166	565	331	561	329	149	150	0.0406091	0	0.801453	2
167	602	163	602	163	149	150	0	0	0.394673	1
168	576	223	570	222	149	150	0.035533	0	0.539952	2
169	160	179	151	180	149	155	0.0507614	0	0.433414	2
170	329	60	326	61	149	170	0.0203046	0	0.145278	2
171	95	30	92	31	149	170	0.0203046	0	0.0726392	2
172	589	312	577	316	149	152	0.142132	0	0.755448	2
173	561	195	564	195	149	150	0.0152284	0	0.472155	1
174	408	222	412	222	149	150	0.0203046	0	0.53753	1
175	615	198	615	196	150	152	0.0203046	0	0.479419	1
176	574	160	571	160	150	151	0.0152284	0	0.387409	2
177	162	195	158	195	150	153	0.0203046	0	0.472155	2
178	631	194	626	195	150	152	0.0304569	0	0.469734	2
179	603	199	602	199	150	151	0.00507614	0	0.48184	2
180	144	194	137	195	150	155	0.0406091	0	0.469734	2
181	719	190	714	190	150	151	0.0253807	0	0.460048	2
182	791	398	789	398	150	170	0.0101523	0	0.96368	2
183	579	262	573	261	150	151	0.035533	0	0.634383	2
184	90	308	83	307	150	156	0.0406091	0	0.745763	2
185	589	408	588	408	151	152	0.00507614	0	0.987893	2
186	395	155	394	156	151	152	0.0101523	0	0.375303	2
187	556	325	552	324	151	152	0.0253807	0	0.786925	2
188	604	165	606	165	151	154	0.0101523	0	0.399516	1
189	556	177	553	176	151	152	0.0203046	0	0.428571	2
190	427	28	427	28	151	155	0	0	0.0677966	1
191	603	186	603	187	151	153	0.00507614	0	0.450363	1
192	569	195	572	195	151	152	0.0152284	0	0.472155	1
193	416	222	474	218	151	162	0.375635	0	0.53753	1
194	401	145	400	145	151	152	0.00507614	0	0.35109	2
195	573	333	563	334	151	154	0.0558376	0	0.806295	2
196	144	225	142	225	151	152	0.0101523	0	0.544794	2
197	736	209	738	209	152	155	0.0101523	0	0.506053	1
198	603	201	603	201	152	153	0	0	0.486683	1
199	569	161	566	161	152	153	0.0152284	0	0.389831	2
200	569	260	564	259	152	153	0.0304569	0	0.62954	2
201	341	28	339	28	152	170	0.0101523	0	0.0677966	2
202	314	33	313	33	152	158	0.00507614	0	0.0799031	2
203	704	168	694	165	152	158	0.0964467	0	0.40678	2
204	525	167	520	163	152	155	0.106599	0	0.404358	2
205	739	196	740	197	152	154	0.0101523	0	0.474576	1
206	360	162	359	163	152	160	0.0101523	0	0.392252	2
207	163	66	159	66	152	167	0.0203046	0	0.159806	2
208	549	327	524	323	153	159	0.208122	0	0.791768	2
209	549	177	545	176	153	154	0.0253807	0	0.428571	2
210	131	209	127	209	153	156	0.0203046	0	0.506053	2
211	617	196	617	195	153	154	0.00507614	0	0.474576	1
212	574	317	571	316	153	154	0.0203046	0	0.767554	2
213	542	154	535	152	153	157	0.0558376	0	0.372881	2
214	411	26	408	26	153	156	0.0152284	0	0.062954	2
215	143	63	138	63	153	170	0.0253807	0	0.152542	2
216	746	212	748	213	153	154	0.0152284	0	0.513317	1
217	155	208	152	207	153	155	0.0203046	0	0.503632	2
218	588	409	587	409	154	155	0.00507614	0	0.990315	2
219	160	194	156	194	154	156	0.0203046	0	0.469734	2
220	83	271	73	272	154	160	0.0558376	0	0.656174	2
221	143	183	128	183	154	161	0.0761421	0	0.443099	2
222	559	198	555	198	154	155	0.0203046	0	0.479419	2
223	324	31	323	31	154	159	0.00507614	0	0.0750605	2
224	556	174	552	173	154	155	0.0253807	0	0.421308	2
225	562	264	556	263	154	155	0.035533	0	0.639225	2
226	581	314	578	315	154	155	0.0203046	0	0.760291	2
227	698	188	693	186	154	156	0.0456853	0	0.455206	2
228	148	234	147	234	154	159	0.00507614	0	0.566586	2
229	607	165	611	171	155	159	0.203046	0	0.399516	1
230	572	179	572	179	155	156	0	0	0.433414	1
231	563	163	560	163	155	156	0.0152284	0	0.394673	2
232	209	84	208	84	155	161	0.00507614	0	0.20339	2
233	570	392	567	391	155	157	0.0203046	0	0.949153	2
234	503	202	502	203	155	156	0.0101523	0	0.489104	2
235	542	177	537	176	155	156	0.0304569	0	0.428571	2
236	619	197	619	197	155	156	0	0	0.476998	1
237	394	256	397	254	155	156	0.035533	0	0.619855	1
238	150	377	126	373	155	162	0.203046	0	0.912833	2
239	583	228	590	225	155	157	0.0812183	0	0.552058	1
240	588	409	583	404	156	158	0.152284	0	0.990315	2
241	570	165	567	165	156	157	0.0152284	0	0.399516	2
242	155	183	150	183	156	158	0.0253807	0	0.443099	2
243	148	343	144	342	156	157	0.0253807	0	0.830508	2
244	740	209	739	210	156	161	0.0101523	0	0.506053	2
245	143	206	140	206	156	158	0.0152284	0	0.498789	2
246	427	29	427	29	156	170	0	0	0.0702179	1
247	557	216	555	215	156	157	0.0152284	0	0.523002	2
248	138	193	131	193	156	159	0.035533	0	0.467312	2
249	751	216	748	213	156	165	0.0609137	0	0.523002	2
250	571	318	568	316	156	157	0.035533	0	0.769976	2
251	704	193	688	190	156	169	0.126904	0	0.467312	2
252	534	354	528	360	156	159	0.213198	0	0.857143	2
253	608	204	609	204	157	158	0.00507614	0	0.493947	1
254	683	202	679	196	157	159	0.203046	0	0.489104	2
255	573	179	577	178	157	161	0.0253807	0	0.433414	1
256	127	209	126	209	157	158	0.00507614	0	0.506053	2
257	557	164	554	163	157	158	0.0203046	0	0.397094	2
258	502	206	501	206	157	160	0.00507614	0	0.498789	2
259	116	238	113	238	157	158	0.0152284	0	0.576271	2
260	408	27	407	27	157	159	0.00507614	0	0.0653753	2
261	549	263	543	260	157	158	0.0761421	0	0.636804	2
262	692	184	689	182	157	159	0.035533	0	0.445521	2
263	542	307	524	309	157	161	0.111675	0	0.743341	2
264	535	382	524	386	157	161	0.137056	0	0.924939	2
265	599	165	600	167	157	158	0.0253807	0	0.399516	1
266	96	327	96	326	157	158	0.00507614	0	0.791768	1
267	544	172	540	170	157	158	0.0406091	0	0.416465	2
268	142	342	125	339	158	163	0.13198	0	0.828087	2
269	554	215	549	213	158	159	0.0456853	0	0.520581	2
270	550	304	543	305	158	159	0.0406091	0	0.736077	2
271	174	229	172	228	158	170	0.0152284	0	0.554479	2
272	555	412	553	411	158	170	0.0152284	0	0.997579	2
273	564	177	565	176	158	159	0.0101523	0	0.428571	1
274	684	173	669	170	158	168	0.121827	0	0.418886	2
275	260	64	259	63	158	170	0.0101523	0	0.154964	2
276	148	183	143	183	159	161	0.0253807	0	0.443099	2
277	543	408	543	409	159	162	0.00507614	0	0.987893	1
278	552	163	543	160	159	162	0.0913706	0	0.394673	2
279	82	294	80	295	159	161	0.0152284	0	0.711864	2
280	533	258	527	257	159	160	0.035533	0	0.624697	2
281	529	153	526	152	159	160	0.0203046	0	0.37046	2
282	303	29	303	29	159	164	0	0	0.0702179	1
283	583	79	578	78	159	170	0.0304569	0	0.191283	2
284	138	390	130	388	159	161	0.0609137	0	0.94431	2
285	363	37	362	36	159	170	0.0101523	0	0.0895884	2
286	123	231	114	233	159	164	0.0659898	0	0.559322	2
287	87	52	86	51	159	170	0.0101523	0	0.125908	2
288	612	173	612	174	160	161	0.00507614	0	0.418886	1
289	520	323	501	321	160	164	0.116751	0	0.782082	2
290	220	33	220	33	160	164	0	0	0.0799031	1
291	677	194	674	193	160	163	0.0203046	0	0.469734	2
292	129	194	125	193	160	162	0.0253807	0	0.469734	2
293	324	33	322	32	160	170	0.0152284	0	0.0799031	2
294	314	34	313	33	160	170	0.0101523	0	0.0823245	2
295	148	236	144	236	160	162	0.0203046	0	0.571429	2
296	425	164	435	169	160	164	0.177665	0	0.397094	1
297	517	164	514	164	160	161	0.0152284	0	0.397094	2
298	523	269	511	269	160	162	0.0609137	0	0.651332	2
299	543	212	529	210	160	162	0.0913706	0	0.513317	2
300	501	207	500	207	161	163	0.00507614	0	0.501211	2
301	561	183	560	183	161	162	0.00507614	0	0.443099	2
302	72	272	52	266	161	170	0.284264	0	0.658596	2
303	602	166	598	166	161	162	0.0203046	0	0.401937	2
304	120	349	118	349	161	162	0.0101523	0	0.845036	2
305	119	64	118	64	161	170	0.00507614	0	0.154964	2
306	551	183	548	183	161	162	0.0152284	0	0.443099	2
307	524	170	519	170	161	162	0.0253807	0	0.411622	2
308	697	179	695	178	161	162	0.0152284	0	0.433414	2
309	240	30	240	30	161	164	0	0	0.0726392	1
310	537	397	536	397	161	162	0.00507614	0	0.961259	2
311	127	183	125	182	162	163	0.0152284	0	0.443099	2
312	612	180	613	181	162	163	0.0101523	0	0.435835	1
313	573	177	573	176	162	163	0.00507614	0	0.428571	1
314	213	80	212	79	162	167	0.0101523	0	0.193705	2
315	142	183	140	183	162	163	0.0101523	0	0.443099	2
316	81	294	79	295	162	164	0.0152284	0	0.711864	2
317	732	167	730	165	162	163	0.0304569	0	0.404358	2
318	501	265	497	267	162	163	0.0406091	0	0.641646	2
319	722	161	716	157	162	165	0.111675	0	0.389831	2
320	127	33	126	32	162	170	0.0101523	0	0.0799031	2
321	739	204	738	204	162	163	0.00507614	0	0.493947	2
322	622	172	625	177	162	165	0.142132	0	0.416465	1
323	248	413	247	412	162	170	0.0101523	0	1	2
324	662	118	661	117	162	170	0.0101523	0	0.285714	2
325	609	51	608	50	162	170	0.0101523	0	0.123487	2
326	597	168	595	169	163	164	0.0152284	0	0.40678	2
327	543	410	542	409	163	164	0.0101523	0	0.992736	2
328	550	203	546	202	163	164	0.0253807	0	0.491525	2
329	541	160	528	160	163	167	0.0659898	0	0.387409	2
330	230	31	230	30	163	169	0.00507614	0	0.0750605	1
331	124	194	122	193	163	164	0.0152284	0	0.469734	2
332	535	398	533	397	163	164	0.0152284	0	0.96368	2
333	513	180	504	177	163	165	0.0913706	0	0.435835	2
334	120	205	107	205	163	170	0.0659898	0	0.496368	2
335	693	178	691	178	163	164	0.0101523	0	0.430993	2
336	459	164	458	163	163	170	0.0101523	0	0.397094	2
337	124	373	97	375	163	170	0.15736	0	0.903148	2
338	110	39	110	39	163	170	0	0	0.094431	1
339	124	183	120	182	164	166	0.0253807	0	0.443099	2
340	122	339	101	338	164	170	0.111675	0	0.820823	2
341	574	177	576	174	164	167	0.0558376	0	0.428571	1
342	139	184	134	183	164	167	0.0304569	0	0.445521	2
343	526	213	523	213	164	165	0.0152284	0	0.515738	2
344	675	198	667	193	164	169	0.167513	0	0.479419	2
345	609	177	610	178	164	165	0.0101523	0	0.428571	1
346	519	314	516	312	164	165	0.035533	0	0.760291	2
347	737	204	733	202	164	165	0.0406091	0	0.493947	2
348	210	31	209	30	164	170	0.0101523	0	0.0750605	2
349	399	35	398	34	164	168	0.0101523	0	0.0847458	2
350	513	364	494	359	164	167	0.22335	0	0.881356	2
351	680	186	674	183	164	169	0.0761421	0	0.450363	2
352	383	296	382	295	164	170	0.0101523	0	0.716707	2
353	220	33	220	32	165	170	0.00507614	0	0.0799031	1
354	495	319	483	315	165	167	0.142132	0	0.772397	2
355	77	297	75	297	165	167	0.0101523	0	0.719128	2
356	726	160	724	158	165	166	0.0304569	0	0.387409	2
357	594	188	593	185	165	167	0.0507614	0	0.455206	2
358	519	389	514	385	165	166	0.106599	0	0.941889	2
359	690	179	687	179	165	169	0.0152284	0	0.433414	2
360	532	396	510	386	165	168	0.619289	0	0.958838	2
361	120	193	116	192	165	167	0.0253807	0	0.467312	2
362	508	375	502	372	165	166	0.0761421	0	0.90799	2
363	493	267	481	263	165	167	0.142132	0	0.646489	2
364	600	296	599	295	165	170	0.0101523	0	0.716707	2
365	408	29	407	28	165	167	0.0101523	0	0.0702179	2
366	418	91	417	90	165	170	0.0101523	0	0.220339	2
367	753	77	752	76	165	170	0.0101523	0	0.186441	2
368	612	180	617	181	166	168	0.0304569	0	0.435835	1
369	730	202	721	200	166	168	0.0659898	0	0.489104	2
370	596	164	597	163	166	167	0.0101523	0	0.397094	1
371	627	179	636	181	166	169	0.0659898	0	0.433414	1
372	499	177	493	176	166	167	0.035533	0	0.428571	2
373	511	153	506	152	166	168	0.0304569	0	0.37046	2
374	119	182	113	181	167	170	0.035533	0	0.440678	2
375	715	156	711	157	167	169	0.0253807	0	0.377724	2
376	631	198	631	198	167	168	0	0	0.479419	1
377	40	293	38	293	167	170	0.0101523	0	0.709443	2
378	577	173	573	172	168	170	0.0253807	0	0.418886	2
379	131	191	127	190	168	170	0.0253807	0	0.46247	2
380	524	160	520	159	168	169	0.0253807	0	0.387409	2
381	132	181	128	180	168	170	0.0253807	0	0.438257	2
382	209	86	208	85	168	170	0.0101523	0	0.208232	2
383	599	165	600	164	168	170	0.0101523	0	0.399516	1
384	630	215	634	212	168	170	0.0659898	0	0.520581	1
385	489	206	485	206	168	169	0.0203046	0	0.498789	2
386	617	210	620	209	168	170	0.0203046	0	0.508475	1
387	529	192	524	192	168	169	0.0253807	0	0.464891	2
388	479	315	473	314	168	169	0.035533	0	0.762712	2
389	115	193	111	193	168	170	0.0203046	0	0.467312	2
390	54	323	52	323	168	169	0.0101523	0	0.782082	2
391	453	259	448	260	168	169	0.0304569	0	0.627119	2
392	716	169	713	169	168	170	0.0152284	0	0.409201	2
393	620	181	623	180	169	170	0.0203046	0	0.438257	1
394	733	210	727	209	169	170	0.035533	0	0.508475	2
395	717	199	713	197	169	170	0.0406091	0	0.48184	2
396	501	150	498	149	169	170	0.0203046	0	0.363196	2
397	512	296	511	295	169	170	0.0101523	0	0.716707	2
398	572	188	570	187	169	170	0.0152284	0	0.455206	2
399	608	218	608	218	169	170	0	0	0.527845	1
400	520	218	525	217	169	170	0.0304569	0	0.527845	1