
0	724	204	722	202	2	3	0.0163934	0	0.502463	2
1	456	97	454	97	2	3	0.00546448	0	0.238916	2
2	425	25	413	24	2	40	0.0355191	0	0.0615764	2
3	728	247	733	246	2	4	0.0163934	0	0.608374	1
4	640	228	640	227	3	4	0.00273224	0	0.561576	1
5	622	203	622	201	3	4	0.010929	0	0.5	1
6	597	188	595	187	3	4	0.00819672	0	0.463054	2
7	565	179	562	178	3	5	0.010929	0	0.440887	2
8	712	235	716	237	3	12	0.0218579	0	0.578818	1
9	637	214	636	213	3	4	0.00546448	0	0.527094	2
10	165	100	166	101	3	22	0.00546448	0	0.246305	1
11	469	201	474	198	4	5	0.0382514	0	0.495074	1
12	717	206	718	206	4	5	0.00273224	0	0.507389	1
13	721	227	721	227	4	5	0	0	0.559113	1
14	559	168	556	166	4	6	0.0191257	0	0.413793	2
15	496	180	497	180	4	5	0.00273224	0	0.44335	1
16	484	169	497	181	4	12	0.428962	0	0.416256	1
17	648	213	647	210	4	6	0.0273224	0	0.524631	2
18	524	200	526	199	4	8	0.00819672	0	0.492611	1
19	579	198	577	197	4	5	0.00819672	0	0.487685	2
20	161	31	159	30	4	11	0.00819672	0	0.0763547	2
21	109	58	107	58	4	14	0.00546448	0	0.142857	2
22	641	228	641	229	5	6	0.00273224	0	0.561576	1
23	622	200	620	196	5	8	0.0491803	0	0.492611	2
24	592	186	588	185	5	6	0.0136612	0	0.458128	2
25	710	163	711	158	5	10	0.0710383	0	0.401478	1
26	548	186	545	185	5	6	0.010929	0	0.458128	2
27	632	211	630	210	5	6	0.00819672	0	0.519704	2
28	739	217	734	215	5	6	0.0245902	0	0.534483	2
29	708	204	710	204	5	6	0.00546448	0	0.502463	1
30	731	227	732	225	5	6	0.0136612	0	0.559113	1
31	730	237	734	239	5	8	0.0218579	0	0.583744	1
32	446	110	442	110	5	9	0.010929	0	0.270936	2
33	768	315	767	315	6	7	0.00273224	0	0.775862	2
34	561	179	558	178	6	7	0.010929	0	0.440887	2
35	779	317	778	316	6	7	0.00546448	0	0.780788	2
36	721	228	721	228	6	7	0	0	0.561576	1
37	524	182	525	180	6	7	0.0136612	0	0.448276	1
38	736	201	730	199	6	8	0.0273224	0	0.495074	2
39	148	58	146	58	6	12	0.00546448	0	0.142857	2
40	481	197	486	196	6	7	0.0163934	0	0.485222	1
41	643	231	638	232	7	12	0.0163934	0	0.568966	2
42	717	176	714	174	7	8	0.0191257	0	0.433498	2
43	543	184	540	183	7	8	0.010929	0	0.453202	2
44	585	187	581	187	7	8	0.010929	0	0.460591	2
45	625	225	622	224	7	8	0.010929	0	0.554187	2
46	783	362	778	359	7	10	0.0382514	0	0.891626	2
47	122	79	123	78	7	12	0.00546448	0	0.194581	1
48	36	72	27	70	7	40	0.0355191	0	0.17734	2
49	201	43	200	42	7	12	0.00546448	0	0.105911	2
50	213	24	212	24	7	9	0.00273224	0	0.0591133	2
51	475	24	474	24	7	9	0.00273224	0	0.0591133	2
52	397	190	400	188	7	12	0.0191257	0	0.46798	1
53	767	316	759	320	8	13	0.0655738	0	0.778325	2
54	555	165	552	165	8	10	0.00819672	0	0.406404	2
55	645	212	644	212	8	9	0.00273224	0	0.522167	2
56	591	190	588	191	8	9	0.010929	0	0.46798	2
57	724	228	727	228	8	10	0.00819672	0	0.561576	1
58	720	206	723	205	8	9	0.010929	0	0.507389	1
59	778	318	766	321	8	14	0.057377	0	0.783251	2
60	526	180	525	178	8	10	0.0136612	0	0.44335	2
61	632	218	631	218	8	9	0.00273224	0	0.536946	2
62	562	209	564	209	8	9	0.00546448	0	0.514778	1
63	632	206	631	205	8	9	0.00546448	0	0.507389	2
64	620	195	619	195	9	11	0.00273224	0	0.480296	2
65	501	186	503	188	9	11	0.0163934	0	0.458128	1
66	552	175	549	175	9	10	0.00819672	0	0.431034	2
67	538	183	534	182	9	11	0.0136612	0	0.450739	2
68	784	393	783	392	9	10	0.00546448	0	0.96798	2
69	578	189	575	190	9	10	0.010929	0	0.465517	2
70	621	222	619	222	9	10	0.00546448	0	0.546798	2
71	605	204	596	205	9	12	0.0273224	0	0.502463	2
72	437	82	431	81	9	11	0.0191257	0	0.20197	2
73	557	188	558	187	9	10	0.00546448	0	0.463054	1
74	742	241	751	241	10	14	0.0245902	0	0.593596	1
75	585	192	582	192	10	11	0.00819672	0	0.472906	2
76	629	218	627	218	10	11	0.00546448	0	0.536946	2
77	734	209	752	207	10	14	0.0601093	0	0.514778	1
78	212	24	211	24	10	11	0.00273224	0	0.0591133	2
79	598	183	593	183	10	13	0.0136612	0	0.450739	2
80	737	224	739	224	10	11	0.00546448	0	0.551724	1
81	717	165	717	170	11	17	0.068306	0	0.406404	1
82	552	165	550	164	11	12	0.00819672	0	0.406404	2
83	775	342	763	340	11	14	0.0437158	0	0.842365	2
84	775	362	769	362	11	14	0.0163934	0	0.891626	2
85	784	383	782	383	11	14	0.00546448	0	0.94335	2
86	784	393	782	395	11	29	0.0163934	0	0.96798	2
87	773	386	765	386	11	14	0.0218579	0	0.950739	2
88	700	206	691	208	11	14	0.0355191	0	0.507389	2
89	561	233	561	233	11	12	0	0	0.573892	1
90	568	204	571	204	11	12	0.00819672	0	0.502463	1
91	474	24	465	24	11	40	0.0245902	0	0.0591133	2
92	801	384	795	381	11	16	0.0409836	0	0.945813	2
93	558	38	550	39	11	40	0.0245902	0	0.0935961	2
94	40	187	31	187	11	40	0.0245902	0	0.460591	2
95	152	96	149	97	11	40	0.010929	0	0.236453	2
96	120	32	111	33	11	40	0.0273224	0	0.0788177	2
97	67	260	64	260	11	26	0.00819672	0	0.640394	2
98	523	203	522	202	12	14	0.00546448	0	0.5	2
99	533	182	531	179	12	14	0.0300546	0	0.448276	2
100	717	212	711	211	12	13	0.0191257	0	0.522167	2
101	159	34	151	33	12	40	0.0245902	0	0.0837438	2
102	802	330	796	329	12	14	0.0191257	0	0.812808	2
103	580	192	579	192	12	13	0.00273224	0	0.472906	2
104	428	81	421	79	12	14	0.0300546	0	0.199507	2
105	211	24	204	25	12	40	0.0218579	0	0.0591133	2
106	619	230	617	230	12	14	0.00546448	0	0.566502	2
107	621	197	620	200	13	17	0.0273224	0	0.485222	2
108	546	175	545	174	13	14	0.00546448	0	0.431034	2
109	549	164	548	163	13	14	0.00546448	0	0.403941	2
110	226	48	225	48	13	14	0.00273224	0	0.118227	2
111	566	239	567	239	13	14	0.00273224	0	0.58867	1
112	703	174	699	173	13	14	0.0136612	0	0.428571	2
113	574	207	577	206	13	14	0.010929	0	0.509852	1
114	744	225	749	227	13	15	0.0245902	0	0.554187	1
115	424	106	416	106	13	15	0.0218579	0	0.261084	2
116	142	36	136	37	13	36	0.0191257	0	0.08867	2
117	131	74	132	74	13	20	0.00273224	0	0.182266	1
118	722	205	722	204	13	14	0.00273224	0	0.504926	1
119	552	244	566	241	13	17	0.0628415	0	0.600985	1
120	432	269	436	264	13	19	0.079235	0	0.662562	1
121	443	99	436	98	13	15	0.0218579	0	0.243842	2
122	756	319	711	322	14	24	0.147541	0	0.785714	2
123	572	188	571	187	14	15	0.00546448	0	0.463054	2
124	591	184	586	183	14	15	0.0163934	0	0.453202	2
125	562	181	560	179	14	15	0.0163934	0	0.445813	2
126	776	327	772	326	14	15	0.0136612	0	0.805419	2
127	554	195	553	194	14	15	0.00546448	0	0.480296	2
128	622	207	621	208	14	16	0.00546448	0	0.509852	2
129	729	216	732	216	15	17	0.00819672	0	0.53202	1
130	637	234	648	240	15	40	0.128415	0	0.576355	1
131	691	210	680	205	15	19	0.0983607	0	0.517241	2
132	543	173	542	171	15	16	0.0136612	0	0.426108	2
133	420	79	412	81	15	18	0.0327869	0	0.194581	2
134	767	390	767	391	15	20	0.00273224	0	0.960591	1
135	548	163	548	163	15	16	0	0	0.401478	1
136	446	228	453	221	15	23	0.153005	0	0.561576	1
137	523	175	522	174	15	16	0.00546448	0	0.431034	2
138	574	207	577	206	15	16	0.010929	0	0.509852	1
139	748	210	759	212	15	18	0.0409836	0	0.517241	1
140	723	203	736	213	15	28	0.308743	0	0.5	1
141	359	395	357	398	15	20	0.0300546	0	0.972906	2
142	384	384	381	383	15	16	0.010929	0	0.945813	2
143	144	60	143	61	15	21	0.00546448	0	0.147783	2
144	426	101	422	102	15	16	0.0136612	0	0.248768	2
145	685	170	677	169	15	17	0.0245902	0	0.418719	2
146	225	28	217	28	15	40	0.0218579	0	0.0689655	2
147	178	97	169	97	15	40	0.0245902	0	0.238916	2
148	203	38	203	39	15	23	0.00273224	0	0.0935961	1
149	123	44	124	45	15	19	0.00546448	0	0.108374	1
150	759	340	754	338	15	16	0.0245902	0	0.837438	2
151	710	121	702	121	15	40	0.0218579	0	0.29803	2
152	698	174	692	173	15	17	0.0191257	0	0.428571	2
153	572	186	571	185	16	17	0.00546448	0	0.458128	2
154	562	178	561	177	16	17	0.00546448	0	0.438424	2
155	751	242	752	242	16	17	0.00273224	0	0.596059	1
156	736	239	742	238	16	17	0.0191257	0	0.58867	1
157	580	161	578	160	16	17	0.00819672	0	0.396552	2
158	506	192	500	189	16	25	0.0409836	0	0.472906	2
159	563	206	562	204	16	18	0.0136612	0	0.507389	2
160	762	362	754	365	16	18	0.0464481	0	0.891626	2
161	559	24	551	24	16	40	0.0218579	0	0.0591133	2
162	83	140	74	140	16	40	0.0245902	0	0.344828	2
163	551	163	552	162	17	18	0.00546448	0	0.401478	1
164	227	100	226	99	17	19	0.00546448	0	0.246305	2
165	586	209	592	209	17	19	0.0163934	0	0.514778	1
166	700	216	699	216	17	18	0.00273224	0	0.53202	2
167	697	194	686	192	17	20	0.0409836	0	0.477833	2
168	686	190	671	188	17	21	0.0519126	0	0.46798	2
169	288	315	280	315	17	40	0.0218579	0	0.775862	2
170	765	210	808	212	17	29	0.128415	0	0.517241	1
171	333	313	324	313	17	40	0.0245902	0	0.770936	2
172	572	185	572	183	18	19	0.010929	0	0.455665	1
173	542	164	541	162	18	19	0.0136612	0	0.403941	2
174	719	173	725	177	18	21	0.0601093	0	0.426108	1
175	584	182	580	180	18	20	0.0218579	0	0.448276	2
176	724	188	724	189	18	19	0.00273224	0	0.463054	1
177	675	169	654	164	18	25	0.125683	0	0.416256	2
178	555	182	554	181	18	19	0.00546448	0	0.448276	2
179	582	163	567	163	18	23	0.0409836	0	0.401478	2
180	572	201	570	198	18	20	0.0300546	0	0.495074	2
181	748	320	726	325	18	23	0.128415	0	0.788177	2
182	553	162	554	161	19	20	0.00546448	0	0.399015	1
183	523	200	523	199	19	20	0.00273224	0	0.492611	1
184	529	174	529	172	19	20	0.010929	0	0.428571	1
185	571	221	568	222	19	22	0.010929	0	0.544335	2
186	701	217	701	216	19	25	0.00273224	0	0.534483	1
187	561	208	560	207	19	20	0.00546448	0	0.512315	2
188	382	357	359	354	19	27	0.0874317	0	0.87931	2
189	734	218	733	218	19	20	0.00273224	0	0.536946	2
190	761	213	774	214	19	23	0.0382514	0	0.524631	1
191	409	84	403	84	19	21	0.0163934	0	0.206897	2
192	570	182	570	181	20	21	0.00273224	0	0.448276	1
193	541	162	539	161	20	21	0.00819672	0	0.399015	2
194	621	201	621	200	20	22	0.00273224	0	0.495074	1
195	271	56	269	56	20	29	0.00546448	0	0.137931	2
196	417	175	421	177	20	23	0.0218579	0	0.431034	1
197	554	181	553	180	20	21	0.00546448	0	0.445813	2
198	765	201	767	201	20	21	0.00546448	0	0.495074	1
199	685	182	678	182	20	22	0.0191257	0	0.448276	2
200	544	202	538	203	20	24	0.0191257	0	0.497537	2
201	184	36	182	37	20	29	0.00819672	0	0.08867	2
202	739	336	731	337	20	22	0.0245902	0	0.827586	2
203	585	212	584	214	21	23	0.0136612	0	0.522167	2
204	555	160	556	160	21	22	0.00273224	0	0.394089	1
205	396	403	391	399	21	24	0.057377	0	0.992611	2
206	413	185	419	188	21	25	0.0409836	0	0.455665	1
207	365	375	346	375	21	26	0.0519126	0	0.923645	2
208	597	210	604	205	21	29	0.0874317	0	0.517241	1
209	409	112	406	111	21	22	0.010929	0	0.275862	2
210	186	24	183	24	21	29	0.00819672	0	0.0591133	2
211	538	218	533	215	21	25	0.0382514	0	0.536946	2
212	574	195	572	198	21	27	0.0300546	0	0.480296	2
213	572	180	571	180	22	23	0.00273224	0	0.44335	2
214	532	168	532	167	22	23	0.00273224	0	0.413793	1
215	287	61	284	63	22	28	0.0191257	0	0.150246	2
216	728	177	755	176	22	34	0.0765027	0	0.435961	1
217	538	158	536	157	22	23	0.00819672	0	0.389163	2
218	768	393	767	392	22	23	0.00546448	0	0.96798	2
219	679	193	675	192	22	23	0.0136612	0	0.475369	2
220	770	231	780	233	22	25	0.0382514	0	0.568966	1
221	771	202	796	203	22	29	0.0710383	0	0.497537	1
222	557	159	558	158	23	24	0.00546448	0	0.391626	1
223	728	197	730	197	23	25	0.00546448	0	0.485222	1
224	669	208	660	203	23	26	0.0928962	0	0.512315	2
225	566	221	562	220	23	25	0.0136612	0	0.544335	2
226	625	201	628	199	23	26	0.0191257	0	0.495074	1
227	166	101	165	101	23	25	0.00273224	0	0.248768	2
228	625	224	625	223	23	24	0.00273224	0	0.551724	1
229	778	246	779	246	23	24	0.00273224	0	0.605911	1
230	603	245	603	243	23	27	0.010929	0	0.603448	1
231	741	371	737	368	23	24	0.0355191	0	0.913793	2
232	573	183	572	184	24	26	0.00546448	0	0.450739	2
233	585	217	581	218	24	28	0.0136612	0	0.534483	2
234	454	223	453	228	24	27	0.0710383	0	0.549261	2
235	553	213	552	212	24	26	0.00546448	0	0.524631	2
236	621	233	623	238	24	31	0.0737705	0	0.573892	1
237	778	215	789	214	24	27	0.0327869	0	0.529557	1
238	427	181	439	179	24	32	0.0437158	0	0.445813	1
239	708	400	708	400	24	25	0	0	0.985222	1
240	672	191	661	188	24	27	0.0546448	0	0.470443	2
241	718	367	708	359	24	27	0.202186	0	0.903941	2
242	203	39	198	39	25	34	0.0136612	0	0.0960591	2
243	561	159	563	157	25	27	0.0163934	0	0.391626	1
244	535	202	532	202	25	26	0.00819672	0	0.497537	2
245	705	323	675	324	25	30	0.0846995	0	0.795567	2
246	628	223	629	222	25	26	0.00546448	0	0.549261	1
247	541	167	540	167	25	26	0.00273224	0	0.41133	2
248	500	187	496	185	26	29	0.0218579	0	0.460591	2
249	529	164	526	163	26	27	0.010929	0	0.403941	2
250	562	220	561	220	26	27	0.00273224	0	0.541872	2
251	733	198	734	198	26	28	0.00273224	0	0.487685	1
252	553	191	553	192	26	27	0.00273224	0	0.470443	1
253	801	244	805	244	26	27	0.010929	0	0.600985	1
254	655	164	613	146	26	40	1	0	0.403941	2
255	722	200	724	199	26	27	0.00819672	0	0.492611	1
256	709	374	695	381	26	30	0.172131	0	0.921182	2
257	420	183	421	181	26	27	0.0136612	0	0.450739	1
258	548	177	547	177	26	27	0.00273224	0	0.435961	2
259	162	24	157	24	26	34	0.0136612	0	0.0591133	2
260	167	102	159	100	26	40	0.0327869	0	0.251232	2
261	716	397	715	397	27	29	0.00273224	0	0.977833	2
262	64	261	58	256	27	32	0.0846995	0	0.642857	2
263	530	205	528	205	27	28	0.00546448	0	0.504926	2
264	630	199	632	198	27	28	0.00819672	0	0.490148	1
265	703	400	702	400	27	29	0.00273224	0	0.985222	2
266	779	252	780	253	27	28	0.00546448	0	0.62069	1
267	383	84	379	84	27	28	0.010929	0	0.206897	2
268	726	401	718	399	27	40	0.0327869	0	0.987685	2
269	344	374	338	370	27	29	0.0601093	0	0.921182	2
270	455	232	460	232	28	31	0.0136612	0	0.571429	1
271	565	159	569	161	28	33	0.0218579	0	0.391626	1
272	554	193	553	193	28	29	0.00273224	0	0.475369	2
273	523	163	520	163	28	29	0.00819672	0	0.401478	2
274	544	149	540	149	28	29	0.010929	0	0.366995	2
275	604	241	604	246	28	34	0.068306	0	0.593596	1
276	658	189	654	187	28	29	0.0218579	0	0.465517	2
277	795	215	804	217	28	31	0.0355191	0	0.529557	1
278	569	198	568	196	28	29	0.0136612	0	0.487685	2
279	423	182	426	181	28	30	0.010929	0	0.448276	1
280	162	50	156	49	28	38	0.0191257	0	0.123153	2
281	357	355	304	349	28	40	0.243169	0	0.874384	2
282	511	196	498	190	28	38	0.13388	0	0.482759	2
283	146	72	136	71	28	40	0.0300546	0	0.17734	2
284	697	326	665	324	28	33	0.0983607	0	0.802956	2
285	227	99	219	97	28	40	0.0327869	0	0.243842	2
286	368	405	356	397	28	34	0.20765	0	0.997537	2
287	285	64	280	62	29	38	0.0245902	0	0.157635	2
288	735	215	735	213	29	30	0.010929	0	0.529557	1
289	635	213	636	211	29	30	0.0136612	0	0.524631	1
290	375	87	366	85	29	31	0.0355191	0	0.214286	2
291	170	24	167	24	29	34	0.00819672	0	0.0591133	2
292	672	399	667	399	29	33	0.0136612	0	0.982759	2
293	241	71	234	69	29	40	0.0300546	0	0.174877	2
294	519	164	516	165	30	31	0.010929	0	0.403941	2
295	714	397	712	396	30	32	0.00819672	0	0.977833	2
296	557	194	556	193	30	32	0.00546448	0	0.477833	2
297	582	226	579	224	30	34	0.0191257	0	0.55665	2
298	652	185	636	177	30	36	0.218579	0	0.455665	2
299	269	56	262	55	30	40	0.0218579	0	0.137931	2
300	533	147	504	151	30	40	0.122951	0	0.362069	2
301	704	398	701	397	30	33	0.010929	0	0.980296	2
302	741	197	748	197	30	33	0.0191257	0	0.485222	1
303	802	206	804	206	30	31	0.00546448	0	0.507389	1
304	285	53	280	53	30	38	0.0136612	0	0.130542	2
305	730	198	740	198	30	34	0.0273224	0	0.487685	1
306	180	40	173	39	30	40	0.0218579	0	0.0985222	2
307	568	196	567	195	30	31	0.00546448	0	0.482759	2
308	579	252	574	252	30	34	0.0136612	0	0.62069	2
309	88	24	87	24	30	31	0.00273224	0	0.0591133	2
310	400	96	393	94	30	40	0.0300546	0	0.236453	2
311	782	395	776	393	30	40	0.0273224	0	0.972906	2
312	530	209	529	208	31	33	0.00546448	0	0.514778	2
313	805	251	810	250	31	32	0.0163934	0	0.618227	1
314	817	252	819	251	31	32	0.00819672	0	0.62069	1
315	616	202	615	206	31	35	0.0464481	0	0.497537	2
316	526	165	525	165	31	32	0.00273224	0	0.406404	2
317	567	170	567	170	31	32	0	0	0.418719	1
318	625	237	622	236	32	40	0.010929	0	0.583744	2
319	515	163	515	163	32	33	0	0	0.401478	1
320	463	232	465	231	32	33	0.00819672	0	0.571429	1
321	807	211	808	210	32	33	0.00546448	0	0.519704	1
322	697	384	682	378	32	35	0.139344	0	0.945813	2
323	463	160	463	161	32	33	0.00273224	0	0.394089	1
324	546	197	545	196	32	33	0.00546448	0	0.485222	2
325	647	170	641	166	32	34	0.0601093	0	0.418719	2
326	638	213	637	214	32	33	0.00546448	0	0.524631	2
327	59	257	57	260	33	37	0.0300546	0	0.633005	2
328	567	193	565	191	33	34	0.0163934	0	0.475369	2
329	636	200	635	201	33	34	0.00546448	0	0.492611	2
330	556	192	555	191	33	35	0.00546448	0	0.472906	2
331	434	185	444	185	33	40	0.0273224	0	0.455665	1
332	495	182	494	182	33	35	0.00273224	0	0.448276	2
333	577	189	578	190	33	34	0.00546448	0	0.465517	1
334	572	173	573	174	33	35	0.00546448	0	0.426108	1
335	66	235	66	245	33	40	0.273224	0	0.578818	1
336	819	229	821	230	33	34	0.00819672	0	0.564039	1
337	816	250	820	250	33	34	0.010929	0	0.615764	1
338	244	45	239	44	33	40	0.0163934	0	0.110837	2
339	461	44	456	43	33	40	0.0163934	0	0.108374	2
340	516	165	515	164	34	35	0.00546448	0	0.406404	2
341	572	163	573	164	34	36	0.00546448	0	0.401478	1
342	464	163	466	164	34	35	0.00819672	0	0.401478	1
343	543	196	542	195	34	35	0.00546448	0	0.482759	2
344	812	210	822	214	34	38	0.0710383	0	0.517241	1
345	481	175	479	174	34	35	0.00819672	0	0.431034	2
346	524	192	517	189	34	40	0.0437158	0	0.472906	2
347	741	175	748	176	34	37	0.0218579	0	0.431034	1
348	198	38	194	37	35	40	0.0136612	0	0.0935961	2
349	565	191	563	191	35	36	0.00546448	0	0.470443	2
350	753	179	755	178	35	36	0.00819672	0	0.440887	1
351	554	225	551	222	35	38	0.0327869	0	0.554187	2
352	580	222	573	222	35	40	0.0191257	0	0.546798	2
353	634	228	631	227	35	39	0.010929	0	0.561576	2
354	580	192	581	192	35	36	0.00273224	0	0.472906	1
355	742	200	747	200	35	38	0.0136612	0	0.492611	1
356	563	202	562	202	35	36	0.00273224	0	0.497537	2
357	639	322	600	323	35	40	0.10929	0	0.793103	2
358	650	377	638	381	35	37	0.0765027	0	0.928571	2
359	210	49	206	47	35	40	0.0218579	0	0.12069	2
360	135	138	131	137	35	40	0.0136612	0	0.339901	2
361	633	199	629	197	36	38	0.0218579	0	0.490148	2
362	495	176	489	175	36	39	0.0191257	0	0.433498	2
363	528	207	528	205	36	37	0.010929	0	0.509852	1
364	515	163	513	161	36	37	0.0163934	0	0.401478	2
365	553	190	551	191	36	38	0.00819672	0	0.46798	2
366	756	214	765	215	36	40	0.0273224	0	0.527094	1
367	754	197	758	196	36	38	0.0136612	0	0.485222	1
368	573	174	573	174	36	39	0	0	0.428571	1
369	543	195	540	196	36	40	0.010929	0	0.480296	2
370	703	400	699	399	36	40	0.0136612	0	0.985222	2
371	329	406	328	405	36	37	0.00546448	0	1	2
372	275	29	271	28	36	40	0.0136612	0	0.0714286	2
373	486	212	488	212	36	37	0.00546448	0	0.522167	1
374	179	24	178	24	36	37	0.00273224	0	0.0591133	2
375	616	207	618	208	36	37	0.00819672	0	0.509852	1
376	649	401	646	400	37	40	0.010929	0	0.987685	2
377	634	176	625	171	37	40	0.0928962	0	0.433498	2
378	573	164	572	163	37	40	0.00546448	0	0.403941	2
379	582	194	583	193	37	40	0.00546448	0	0.477833	1
380	526	177	524	176	37	38	0.00819672	0	0.435961	2
381	514	204	509	202	37	40	0.0245902	0	0.502463	2
382	135	37	132	36	37	40	0.010929	0	0.091133	2
383	565	199	563	200	37	38	0.00819672	0	0.490148	2
384	56	262	56	264	38	40	0.010929	0	0.64532	1
385	328	406	324	402	38	40	0.0546448	0	1	2
386	612	208	616	207	38	40	0.0136612	0	0.512315	1
387	470	169	470	169	38	39	0	0	0.416256	1
388	611	249	609	249	38	40	0.00546448	0	0.6133	2
389	759	168	763	167	38	40	0.0136612	0	0.413793	1
390	499	203	496	202	39	40	0.010929	0	0.5	2
391	563	202	562	203	39	40	0.00546448	0	0.497537	2
392	510	161	507	160	39	40	0.010929	0	0.396552	2
393	551	192	550	192	39	40	0.00273224	0	0.472906	2
394	550	220	548	219	39	40	0.00819672	0	0.541872	2
395	627	187	624	184	39	40	0.0327869	0	0.460591	2
396	762	231	763	232	39	40	0.00546448	0	0.568966	1
397	761	196	763	196	39	40	0.00546448	0	0.482759	1
398	611	157	608	155	39	40	0.0191257	0	0.3867	2
399	452	185	453	184	39	40	0.00546448	0	0.455665	1
400	277	63	276	62	39	40	0.00546448	0	0.155172	2
401	459	159	458	159	39	40	0.00273224	0	0.391626	2