
0	221	227	221	227	157	158	0	0	0.498901	1
1	275	269	281	260	158	162	0.233244	0	0.591209	1
2	287	270	299	251	158	164	1	0	0.593407	1
3	588	455	583	454	158	186	0.0160858	0	1	2
4	233	223	232	218	159	164	0.0697051	0	0.49011	2
5	212	185	213	181	159	160	0.0455764	0	0.406593	1
6	827	443	826	437	159	169	0.0991957	0	0.973626	2
7	212	196	212	194	159	160	0.0107239	0	0.430769	1
8	223	219	221	216	159	163	0.0294906	0	0.481319	2
9	241	298	250	293	159	161	0.0911528	0	0.654945	1
10	638	455	633	454	159	186	0.0160858	0	1	2
11	680	425	677	422	159	167	0.0321716	0	0.934066	2
12	292	205	290	203	160	161	0.0160858	0	0.450549	2
13	672	414	669	412	160	172	0.0187668	0	0.90989	2
14	298	270	304	261	161	163	0.233244	0	0.593407	1
15	285	278	285	278	161	163	0	0	0.610989	1
16	649	449	648	447	161	165	0.0134048	0	0.986813	2
17	424	196	421	194	161	164	0.0187668	0	0.430769	2
18	306	194	304	193	161	162	0.0080429	0	0.426374	2
19	280	199	279	199	161	162	0.00268097	0	0.437363	2
20	543	455	538	454	161	185	0.0160858	0	1	2
21	241	280	241	279	161	162	0.00268097	0	0.615385	1
22	324	224	324	223	162	163	0.00268097	0	0.492308	1
23	290	201	288	199	162	163	0.0160858	0	0.441758	2
24	346	236	345	235	162	163	0.00536193	0	0.518681	2
25	218	261	218	260	162	164	0.00268097	0	0.573626	1
26	270	299	270	294	162	164	0.0670241	0	0.657143	1
27	365	455	361	454	162	183	0.0134048	0	1	2
28	762	181	760	181	162	165	0.00536193	0	0.397802	2
29	418	210	417	207	162	169	0.0268097	0	0.461538	2
30	768	443	769	447	162	195	0.0455764	0	0.973626	1
31	285	185	284	182	163	165	0.0268097	0	0.406593	2
32	307	217	303	212	163	166	0.077748	0	0.476923	2
33	295	160	295	152	163	169	0.171582	0	0.351648	1
34	332	240	331	239	163	164	0.00536193	0	0.527473	2
35	345	248	344	247	163	164	0.00536193	0	0.545055	2
36	284	258	286	255	163	164	0.0294906	0	0.567033	1
37	283	175	282	173	163	164	0.0134048	0	0.384615	2
38	273	208	272	207	163	164	0.00536193	0	0.457143	2
39	320	234	319	233	163	164	0.00536193	0	0.514286	2
40	257	310	257	309	163	164	0.00268097	0	0.681319	1
41	474	442	481	450	163	195	0.190349	0	0.971429	1
42	294	170	292	166	163	167	0.0482574	0	0.373626	2
43	430	440	431	445	163	195	0.0697051	0	0.967033	1
44	240	248	243	244	163	165	0.0509383	0	0.545055	1
45	286	197	285	195	164	165	0.0134048	0	0.432967	2
46	324	223	325	222	164	165	0.00536193	0	0.49011	1
47	286	209	285	208	164	165	0.00536193	0	0.459341	2
48	323	249	322	248	164	165	0.00536193	0	0.547253	2
49	220	180	219	176	164	165	0.0455764	0	0.395604	2
50	666	455	668	450	164	171	0.0723861	0	1	1
51	223	192	223	190	164	165	0.0107239	0	0.421978	1
52	266	236	269	234	164	165	0.0187668	0	0.518681	1
53	302	191	301	190	164	165	0.00536193	0	0.41978	2
54	163	248	161	246	164	167	0.0160858	0	0.545055	2
55	242	231	248	224	165	168	0.147453	0	0.507692	1
56	328	238	327	236	165	166	0.0134048	0	0.523077	2
57	301	249	308	242	165	168	0.150134	0	0.547253	1
58	233	215	234	212	165	166	0.0268097	0	0.472527	1
59	311	255	312	252	165	166	0.0268097	0	0.56044	1
60	289	285	290	286	165	166	0.00536193	0	0.626374	1
61	279	172	277	169	165	167	0.0294906	0	0.378022	2
62	188	205	200	204	165	174	0.0348525	0	0.450549	1
63	796	427	798	427	165	170	0.00536193	0	0.938462	1
64	347	234	348	233	165	167	0.00536193	0	0.514286	1
65	271	206	269	204	165	168	0.0160858	0	0.452747	2
66	318	232	317	230	165	166	0.0134048	0	0.50989	2
67	473	427	480	435	165	195	0.190349	0	0.938462	1
68	324	260	323	259	165	166	0.00536193	0	0.571429	2
69	274	288	279	285	165	166	0.0375335	0	0.632967	1
70	201	349	202	355	165	195	0.0991957	0	0.767033	1
71	422	194	419	193	165	168	0.0107239	0	0.426374	2
72	284	181	283	180	166	167	0.00536193	0	0.397802	2
73	284	195	282	194	166	167	0.0080429	0	0.428571	2
74	328	221	329	220	166	167	0.00536193	0	0.485714	1
75	285	210	282	209	166	168	0.0107239	0	0.461538	2
76	224	213	225	211	166	167	0.0134048	0	0.468132	1
77	272	232	287	224	166	171	0.211796	0	0.50989	1
78	246	273	252	268	166	168	0.0831099	0	0.6	1
79	226	188	233	188	166	169	0.0187668	0	0.413187	1
80	176	252	175	250	166	168	0.0134048	0	0.553846	2
81	759	178	754	182	166	172	0.0563003	0	0.391209	2
82	490	455	490	454	166	171	0.00268097	0	1	1
83	302	213	299	210	167	170	0.0321716	0	0.468132	2
84	340	261	341	262	167	169	0.00536193	0	0.573626	1
85	236	210	244	204	167	171	0.117962	0	0.461538	1
86	328	236	327	233	167	168	0.0268097	0	0.518681	2
87	217	248	219	249	167	168	0.0080429	0	0.545055	1
88	209	163	209	161	167	168	0.0107239	0	0.358242	1
89	315	238	317	237	167	168	0.0080429	0	0.523077	1
90	339	223	348	218	167	172	0.0911528	0	0.49011	1
91	594	326	595	332	167	195	0.0991957	0	0.716484	1
92	284	179	284	178	168	169	0.00268097	0	0.393407	1
93	281	195	278	195	168	169	0.0080429	0	0.428571	2
94	227	209	231	207	168	170	0.0214477	0	0.459341	1
95	277	168	275	167	168	169	0.0080429	0	0.369231	2
96	684	445	687	443	168	173	0.0187668	0	0.978022	1
97	268	232	275	228	168	170	0.0616622	0	0.50989	1
98	351	232	353	229	168	170	0.0294906	0	0.50989	1
99	429	200	428	195	168	173	0.0697051	0	0.43956	2
100	318	249	320	249	168	169	0.00536193	0	0.547253	1
101	304	154	309	153	168	178	0.0160858	0	0.338462	1
102	172	199	173	200	168	171	0.00536193	0	0.437363	1
103	420	244	420	243	168	178	0.00268097	0	0.536264	1
104	284	158	284	151	168	174	0.131367	0	0.347253	1
105	240	224	242	222	169	170	0.0160858	0	0.492308	1
106	413	195	413	194	169	170	0.00268097	0	0.428571	1
107	251	223	253	221	169	170	0.0160858	0	0.49011	1
108	283	209	281	209	169	170	0.00536193	0	0.459341	2
109	307	246	310	246	169	170	0.0080429	0	0.540659	1
110	289	299	289	297	169	172	0.0107239	0	0.657143	1
111	307	228	304	227	169	170	0.0107239	0	0.501099	2
112	332	218	333	216	169	170	0.0134048	0	0.479121	1
113	310	191	309	190	169	172	0.00536193	0	0.41978	2
114	261	230	264	227	169	170	0.0321716	0	0.505495	1
115	211	160	216	158	169	171	0.0241287	0	0.351648	1
116	270	205	269	204	169	170	0.00536193	0	0.450549	2
117	766	185	761	193	169	179	0.184987	0	0.406593	2
118	285	177	285	176	170	171	0.00268097	0	0.389011	1
119	276	194	273	196	170	171	0.0187668	0	0.426374	2
120	342	262	345	261	170	171	0.0107239	0	0.575824	1
121	295	154	295	152	170	173	0.0107239	0	0.338462	1
122	274	168	270	168	170	172	0.0107239	0	0.369231	2
123	196	251	198	249	170	172	0.0160858	0	0.551648	1
124	316	266	319	259	170	171	0.13941	0	0.584615	1
125	320	240	324	239	170	171	0.0134048	0	0.527473	1
126	226	255	239	250	170	174	0.101877	0	0.56044	1
127	341	239	340	238	170	171	0.00536193	0	0.525275	2
128	799	429	801	430	171	174	0.0080429	0	0.942857	1
129	300	209	299	209	171	172	0.00268097	0	0.459341	2
130	416	192	418	189	171	173	0.0294906	0	0.421978	1
131	246	222	250	220	171	172	0.0214477	0	0.487912	1
132	213	239	229	232	171	175	0.174263	0	0.525275	1
133	257	219	266	216	171	173	0.0482574	0	0.481319	1
134	234	207	238	205	171	172	0.0214477	0	0.454945	1
135	298	286	300	283	171	172	0.0294906	0	0.628571	1
136	413	170	414	172	171	176	0.0134048	0	0.373626	1
137	231	182	240	179	171	173	0.0482574	0	0.4	1
138	217	191	218	193	171	172	0.0134048	0	0.41978	1
139	267	226	271	224	171	172	0.0214477	0	0.496703	1
140	284	178	284	177	172	173	0.00268097	0	0.391209	1
141	271	199	269	200	172	173	0.0080429	0	0.437363	2
142	316	231	315	232	172	173	0.00536193	0	0.507692	2
143	348	262	351	261	172	173	0.0107239	0	0.575824	1
144	311	245	310	245	172	173	0.00268097	0	0.538462	2
145	429	216	429	214	172	175	0.0107239	0	0.474725	1
146	665	450	672	451	172	179	0.0214477	0	0.989011	1
147	250	204	255	203	172	173	0.0160858	0	0.448352	1
148	423	233	424	233	172	176	0.00268097	0	0.512088	1
149	176	202	216	203	172	186	0.10992	0	0.443956	1
150	263	264	264	263	172	173	0.00536193	0	0.58022	1
151	303	180	303	179	172	179	0.00268097	0	0.395604	1
152	330	228	329	229	172	173	0.00536193	0	0.501099	2
153	294	209	293	209	173	174	0.00268097	0	0.459341	2
154	752	166	751	167	173	174	0.00536193	0	0.364835	2
155	411	201	412	198	173	175	0.0268097	0	0.441758	1
156	245	205	251	204	173	176	0.0187668	0	0.450549	1
157	254	220	264	219	173	175	0.0294906	0	0.483516	1
158	345	217	351	219	173	176	0.0268097	0	0.476923	1
159	669	415	672	418	173	178	0.0321716	0	0.912088	1
160	290	232	294	230	173	174	0.0214477	0	0.50989	1
161	281	187	281	186	173	174	0.00268097	0	0.410989	1
162	290	219	289	219	173	174	0.00268097	0	0.481319	2
163	307	190	306	190	173	174	0.00268097	0	0.417582	2
164	220	194	220	195	173	174	0.00268097	0	0.426374	1
165	187	198	200	195	173	178	0.0589812	0	0.435165	1
166	279	198	277	198	173	174	0.00536193	0	0.435165	2
167	408	186	408	186	173	174	0	0	0.408791	1
168	312	255	311	255	173	174	0.00268097	0	0.56044	2
169	265	171	262	171	174	175	0.0080429	0	0.375824	2
170	419	189	419	187	174	175	0.0107239	0	0.415385	1
171	284	175	284	174	174	175	0.00268097	0	0.384615	1
172	688	442	690	442	174	176	0.00536193	0	0.971429	1
173	296	150	297	150	174	176	0.00268097	0	0.32967	1
174	271	216	277	215	174	175	0.0187668	0	0.474725	1
175	343	291	343	294	174	179	0.0241287	0	0.63956	1
176	412	209	411	210	174	175	0.00536193	0	0.459341	2
177	211	185	212	185	174	175	0.00268097	0	0.406593	1
178	240	179	245	175	174	175	0.0563003	0	0.393407	1
179	254	258	254	258	174	175	0	0	0.567033	1
180	799	444	799	447	174	179	0.0241287	0	0.975824	1
181	175	250	174	250	174	177	0.00268097	0	0.549451	2
182	751	169	750	170	175	176	0.00536193	0	0.371429	2
183	802	432	802	433	175	177	0.00268097	0	0.949451	1
184	275	199	274	198	175	176	0.00536193	0	0.437363	2
185	282	185	282	184	175	176	0.00268097	0	0.406593	1
186	307	190	307	192	175	178	0.0107239	0	0.417582	1
187	202	204	218	206	175	182	0.0536193	0	0.448352	1
188	305	215	304	215	175	176	0.00268097	0	0.472527	2
189	286	157	285	155	175	178	0.0134048	0	0.345055	2
190	348	278	349	279	175	176	0.00536193	0	0.610989	1
191	761	223	759	224	175	179	0.0080429	0	0.49011	2
192	420	188	420	186	176	178	0.0107239	0	0.413187	1
193	285	174	285	174	176	177	0	0	0.382418	1
194	410	211	409	211	176	178	0.00268097	0	0.463736	2
195	271	217	275	216	176	177	0.0134048	0	0.476923	1
196	418	198	418	197	176	177	0.00268097	0	0.435165	1
197	217	249	216	249	176	180	0.00268097	0	0.547253	2
198	263	254	263	253	176	177	0.00268097	0	0.558242	1
199	429	203	429	201	176	178	0.0107239	0	0.446154	1
200	415	222	414	222	176	177	0.00268097	0	0.487912	2
201	262	181	252	183	176	179	0.0375335	0	0.397802	2
202	749	173	746	174	177	179	0.0107239	0	0.38022	2
203	299	211	300	210	177	179	0.00536193	0	0.463736	1
204	693	444	695	444	177	179	0.00536193	0	0.975824	1
205	253	205	254	205	177	178	0.00268097	0	0.450549	1
206	373	268	387	269	177	180	0.0402145	0	0.589011	1
207	288	186	290	185	177	178	0.0080429	0	0.408791	1
208	408	178	409	176	177	180	0.0134048	0	0.391209	1
209	359	224	362	224	177	178	0.0080429	0	0.492308	1
210	426	233	428	232	177	178	0.0080429	0	0.512088	1
211	287	227	289	227	177	178	0.00536193	0	0.498901	1
212	419	177	420	175	177	179	0.0134048	0	0.389011	1
213	298	147	298	148	177	181	0.00268097	0	0.323077	1
214	351	281	353	282	177	179	0.0080429	0	0.617582	1
215	295	157	294	156	177	178	0.00536193	0	0.345055	2
216	342	243	342	243	177	178	0	0	0.534066	1
217	302	221	302	220	177	178	0.00268097	0	0.485714	1
218	264	205	264	204	178	179	0.00268097	0	0.450549	1
219	256	172	252	172	178	179	0.0107239	0	0.378022	2
220	279	217	281	216	178	179	0.0080429	0	0.476923	1
221	287	175	289	174	178	179	0.0080429	0	0.384615	1
222	803	433	803	433	178	179	0	0	0.951648	1
223	270	172	271	171	178	179	0.00536193	0	0.378022	1
224	415	224	415	224	178	179	0	0	0.492308	1
225	289	216	291	214	178	180	0.0160858	0	0.474725	1
226	751	192	750	192	178	179	0.00268097	0	0.421978	2
227	426	190	426	190	179	181	0	0	0.417582	1
228	292	185	296	183	179	180	0.0214477	0	0.406593	1
229	309	191	310	190	179	180	0.00536193	0	0.41978	1
230	292	227	295	223	179	181	0.0509383	0	0.498901	1
231	180	242	189	237	179	182	0.0911528	0	0.531868	1
232	294	158	293	158	179	180	0.00268097	0	0.347253	2
233	367	225	371	224	179	180	0.0134048	0	0.494505	1
234	285	205	284	204	179	180	0.00536193	0	0.450549	2
235	677	423	680	424	179	184	0.0107239	0	0.92967	1
236	308	154	308	154	179	181	0	0	0.338462	1
237	370	236	377	235	179	180	0.0214477	0	0.518681	1
238	431	243	432	242	179	180	0.00536193	0	0.534066	1
239	274	205	273	204	179	180	0.00536193	0	0.450549	2
240	334	216	379	212	179	186	0.163539	0	0.474725	1
241	304	225	306	223	179	181	0.0160858	0	0.494505	1
242	431	201	431	200	179	180	0.00268097	0	0.441758	1
243	47	358	50	364	179	195	0.104558	0	0.786813	1
244	746	174	741	170	180	184	0.0563003	0	0.382418	2
245	248	176	239	177	180	182	0.0268097	0	0.386813	2
246	301	208	306	204	180	182	0.0563003	0	0.457143	1
247	262	208	262	208	180	182	0	0	0.457143	1
248	343	295	344	294	180	181	0.00536193	0	0.648352	1
249	420	228	420	228	180	181	0	0	0.501099	1
250	697	445	699	445	180	182	0.00536193	0	0.978022	1
251	674	451	678	452	180	184	0.0134048	0	0.991209	1
252	293	173	296	172	180	181	0.0107239	0	0.38022	1
253	281	215	282	214	180	181	0.00536193	0	0.472527	1
254	281	193	282	191	180	181	0.0134048	0	0.424176	1
255	415	198	414	198	180	181	0.00268097	0	0.435165	2
256	416	186	416	186	180	181	0	0	0.408791	1
257	354	280	357	277	180	181	0.0321716	0	0.615385	1
258	274	170	279	169	180	182	0.0160858	0	0.373626	1
259	412	162	421	153	180	188	0.241287	0	0.356044	1
260	226	249	229	248	180	185	0.0107239	0	0.547253	1
261	421	246	420	246	180	181	0.00268097	0	0.540659	2
262	319	169	318	167	180	182	0.0134048	0	0.371429	2
263	753	193	752	191	180	182	0.0134048	0	0.424176	2
264	634	438	637	444	180	195	0.104558	0	0.962637	1
265	269	251	278	252	180	182	0.0268097	0	0.551648	1
266	421	176	422	176	180	181	0.00268097	0	0.386813	1
267	736	29	739	34	180	195	0.075067	0	0.0637363	1
268	301	182	304	181	181	182	0.0107239	0	0.4	1
269	308	246	309	245	181	182	0.00536193	0	0.540659	1
270	264	198	264	197	181	182	0.00268097	0	0.435165	1
271	251	197	249	196	181	182	0.0080429	0	0.432967	2
272	383	235	397	234	181	183	0.0402145	0	0.516484	1
273	290	241	290	240	181	182	0.00268097	0	0.52967	1
274	411	175	431	176	181	195	0.0563003	0	0.384615	1
275	413	212	413	210	181	182	0.0107239	0	0.465934	1
276	321	222	325	222	181	182	0.0107239	0	0.487912	1
277	376	224	380	222	181	182	0.0214477	0	0.492308	1
278	361	241	365	240	181	182	0.0134048	0	0.52967	1
279	249	234	248	232	181	183	0.0134048	0	0.514286	2
280	421	188	421	189	182	183	0.00268097	0	0.413187	1
281	283	189	284	188	182	183	0.00536193	0	0.415385	1
282	292	220	304	211	182	188	0.24933	0	0.483516	1
283	424	198	427	206	182	186	0.179625	0	0.435165	1
284	315	232	316	231	182	183	0.00536193	0	0.50989	1
285	281	211	283	209	182	184	0.0160858	0	0.463736	1
286	760	220	759	220	182	185	0.00268097	0	0.483516	2
287	238	235	240	234	182	184	0.0080429	0	0.516484	1
288	309	222	322	211	182	190	0.359249	0	0.487912	1
289	274	201	276	199	182	184	0.0160858	0	0.441758	1
290	425	170	447	172	182	195	0.0697051	0	0.373626	1
291	645	447	648	452	182	195	0.075067	0	0.982418	1
292	435	231	443	236	182	186	0.0884718	0	0.507692	1
293	264	207	265	205	183	184	0.0134048	0	0.454945	1
294	308	203	310	201	183	184	0.0160858	0	0.446154	1
295	240	176	233	178	183	185	0.0294906	0	0.386813	2
296	311	245	313	244	183	184	0.0080429	0	0.538462	1
297	295	209	300	204	183	186	0.080429	0	0.459341	1
298	414	200	414	201	183	184	0.00268097	0	0.43956	1
299	702	444	710	446	183	192	0.0321716	0	0.975824	1
300	329	222	336	221	183	186	0.0214477	0	0.487912	1
301	314	256	316	255	183	184	0.0080429	0	0.562637	1
302	252	195	250	195	183	184	0.00536193	0	0.428571	2
303	342	285	344	284	183	184	0.0080429	0	0.626374	1
304	412	210	413	208	183	184	0.0134048	0	0.461538	1
305	756	192	751	189	183	186	0.0375335	0	0.421978	2
306	282	170	285	171	183	184	0.0107239	0	0.373626	1
307	242	193	239	193	183	184	0.0080429	0	0.424176	2
308	245	206	242	205	183	184	0.0107239	0	0.452747	2
309	421	230	420	231	183	184	0.00536193	0	0.505495	2
310	221	208	226	208	183	184	0.0134048	0	0.457143	1
311	230	176	212	179	183	188	0.0723861	0	0.386813	2
312	284	187	285	186	184	185	0.00536193	0	0.410989	1
313	387	293	389	291	184	187	0.0160858	0	0.643956	1
314	404	235	411	235	184	185	0.0187668	0	0.516484	1
315	388	223	392	222	184	185	0.0134048	0	0.49011	1
316	362	267	391	271	184	192	0.120643	0	0.586813	1
317	319	231	325	228	184	188	0.0402145	0	0.507692	1
318	430	215	431	216	184	185	0.00536193	0	0.472527	1
319	739	166	737	164	185	186	0.0160858	0	0.364835	2
320	312	196	314	194	185	186	0.0160858	0	0.430769	1
321	315	180	321	178	185	187	0.0268097	0	0.395604	1
322	423	193	423	195	185	186	0.0107239	0	0.424176	1
323	682	452	687	454	185	190	0.0241287	0	0.993407	1
324	314	243	317	241	185	187	0.0187668	0	0.534066	1
325	282	246	282	245	185	186	0.00268097	0	0.540659	1
326	309	152	312	150	185	186	0.0187668	0	0.334066	1
327	311	170	314	169	185	186	0.0107239	0	0.373626	1
328	384	255	389	254	185	186	0.0160858	0	0.56044	1
329	275	187	282	186	185	188	0.0214477	0	0.410989	1
330	430	178	439	180	185	191	0.0348525	0	0.391209	1
331	687	442	695	445	185	192	0.0455764	0	0.971429	1
332	231	188	224	187	185	187	0.0214477	0	0.413187	2
333	295	190	297	190	185	186	0.00536193	0	0.417582	1
334	698	454	700	454	185	188	0.00536193	0	0.997802	1
335	361	217	422	213	185	195	0.206434	0	0.476923	1
336	663	447	667	451	185	195	0.0536193	0	0.982418	1
337	287	187	291	187	186	188	0.0107239	0	0.410989	1
338	275	202	277	201	186	188	0.0080429	0	0.443956	1
339	248	209	249	210	186	187	0.00536193	0	0.459341	1
340	433	218	433	222	186	187	0.0428954	0	0.479121	1
341	393	226	397	225	186	187	0.0134048	0	0.496703	1
342	425	239	433	239	186	187	0.0214477	0	0.525275	1
343	230	178	205	176	186	193	0.077748	0	0.391209	2
344	755	209	749	213	186	192	0.0589812	0	0.459341	2
345	242	192	241	192	186	187	0.00268097	0	0.421978	2
346	231	248	236	244	186	188	0.0563003	0	0.545055	1
347	212	244	214	244	186	192	0.00536193	0	0.536264	1
348	265	202	267	200	186	187	0.0160858	0	0.443956	1
349	433	196	433	197	186	187	0.00268097	0	0.430769	1
350	738	163	734	164	187	191	0.0134048	0	0.358242	2
351	303	203	307	197	187	190	0.107239	0	0.446154	1
352	335	226	336	225	187	188	0.00536193	0	0.496703	1
353	329	200	332	200	187	188	0.0080429	0	0.43956	1
354	330	245	331	244	187	188	0.00536193	0	0.538462	1
355	429	208	430	210	187	188	0.0134048	0	0.457143	1
356	300	157	303	157	187	188	0.0080429	0	0.345055	1
357	308	177	311	177	187	188	0.0080429	0	0.389011	1
358	221	202	221	201	187	190	0.00268097	0	0.443956	1
359	635	454	635	454	187	189	0	0	0.997802	1
360	423	198	424	201	187	188	0.0268097	0	0.435165	1
361	302	243	304	243	187	190	0.00536193	0	0.534066	1
362	409	227	412	227	187	188	0.0080429	0	0.498901	1
363	233	216	232	216	187	190	0.00268097	0	0.474725	2
364	747	186	744	186	187	189	0.0080429	0	0.408791	2
365	386	214	393	214	187	188	0.0187668	0	0.47033	1
366	393	254	397	253	187	188	0.0134048	0	0.558242	1
367	323	152	326	151	188	189	0.0107239	0	0.334066	1
368	680	443	684	447	188	195	0.0536193	0	0.973626	1
369	321	192	324	190	188	189	0.0187668	0	0.421978	1
370	253	234	258	233	188	189	0.0160858	0	0.514286	1
371	250	210	251	207	188	189	0.0268097	0	0.461538	1
372	321	242	324	242	188	189	0.0080429	0	0.531868	1
373	435	238	440	240	188	189	0.0241287	0	0.523077	1
374	394	228	398	228	188	189	0.0107239	0	0.501099	1
375	289	219	290	219	188	189	0.00268097	0	0.481319	1
376	223	189	220	188	188	189	0.0107239	0	0.415385	2
377	296	176	301	176	188	189	0.0134048	0	0.386813	1
378	408	262	420	264	188	190	0.0428954	0	0.575824	1
379	267	202	269	201	188	189	0.0080429	0	0.443956	1
380	293	203	294	201	188	189	0.0134048	0	0.446154	1
381	343	223	346	223	189	190	0.0080429	0	0.49011	1
382	307	209	311	205	189	192	0.0536193	0	0.459341	1
383	429	206	430	208	189	190	0.0134048	0	0.452747	1
384	300	159	302	159	189	190	0.00536193	0	0.349451	1
385	279	201	279	200	189	190	0.00268097	0	0.441758	1
386	290	243	294	241	189	190	0.0214477	0	0.534066	1
387	336	201	342	203	189	191	0.0268097	0	0.441758	1
388	286	187	287	187	189	190	0.00268097	0	0.410989	1
389	310	160	314	161	189	190	0.0134048	0	0.351648	1
390	425	159	436	165	189	195	0.126005	0	0.349451	1
391	326	200	332	198	189	191	0.0268097	0	0.43956	1
392	437	216	437	217	189	190	0.00268097	0	0.474725	1
393	758	220	757	222	189	190	0.0134048	0	0.483516	2
394	395	248	401	250	189	191	0.0268097	0	0.545055	1
395	308	189	309	187	189	190	0.0134048	0	0.415385	1
396	247	232	247	232	189	190	0	0	0.50989	1
397	746	168	745	168	189	190	0.00268097	0	0.369231	2
398	369	280	376	280	189	192	0.0187668	0	0.615385	1
399	328	189	331	187	190	191	0.0187668	0	0.415385	1
400	328	146	334	144	190	192	0.0268097	0	0.320879	1
401	404	229	413	231	190	192	0.0348525	0	0.503297	1
402	333	244	342	245	190	192	0.0268097	0	0.536264	1
403	238	204	238	202	190	191	0.0107239	0	0.448352	1
404	225	190	221	189	190	191	0.0134048	0	0.417582	2
405	410	244	413	245	190	191	0.0107239	0	0.536264	1
406	262	197	267	196	190	192	0.0160858	0	0.432967	1
407	457	244	464	246	190	191	0.0294906	0	0.536264	1
408	85	47	87	49	190	195	0.0160858	0	0.103297	1
409	447	241	456	242	190	191	0.0268097	0	0.52967	1
410	277	240	275	239	191	192	0.0080429	0	0.527473	2
411	290	190	289	189	191	192	0.00536193	0	0.417582	2
412	318	163	328	166	191	194	0.0509383	0	0.358242	1
413	251	192	252	191	191	192	0.00536193	0	0.421978	1
414	313	189	313	189	191	192	0	0	0.415385	1
415	305	160	311	161	191	193	0.0187668	0	0.351648	1
416	323	215	327	213	191	193	0.0214477	0	0.472527	1
417	416	214	420	212	191	192	0.0214477	0	0.47033	1
418	427	267	437	274	191	193	0.158177	0	0.586813	1
419	302	195	302	195	191	192	0	0	0.428571	1
420	352	225	360	229	191	195	0.0643432	0	0.494505	1
421	235	190	231	190	191	192	0.0107239	0	0.417582	2
422	216	204	211	203	191	192	0.0160858	0	0.448352	2
423	437	250	440	254	191	192	0.0509383	0	0.549451	1
424	469	300	470	300	191	194	0.00268097	0	0.659341	1
425	442	193	451	195	191	195	0.0348525	0	0.424176	1
426	803	436	802	437	191	195	0.00536193	0	0.958242	2
427	685	429	686	431	191	195	0.0134048	0	0.942857	1
428	334	189	336	189	192	193	0.00536193	0	0.415385	1
429	734	166	732	167	192	193	0.0080429	0	0.364835	2
430	337	199	341	200	192	194	0.0134048	0	0.437363	1
431	297	228	297	227	192	193	0.00268097	0	0.501099	1
432	314	173	317	174	192	193	0.0107239	0	0.38022	1
433	253	201	259	198	192	195	0.0402145	0	0.441758	1
434	239	201	240	197	192	194	0.0455764	0	0.441758	1
435	339	164	342	164	192	193	0.0080429	0	0.36044	1
436	467	244	489	241	192	195	0.0831099	0	0.536264	1
437	696	448	696	448	193	195	0	0	0.984615	1
438	274	239	272	238	193	194	0.0080429	0	0.525275	2
439	309	199	311	200	193	195	0.0080429	0	0.437363	1
440	418	232	421	234	193	194	0.0187668	0	0.50989	1
441	328	243	330	241	193	195	0.0160858	0	0.534066	1
442	425	210	427	208	193	194	0.0160858	0	0.461538	1
443	292	190	289	189	193	194	0.0107239	0	0.417582	2
444	749	216	749	218	193	195	0.0107239	0	0.474725	1
445	398	274	407	279	193	195	0.0911528	0	0.602198	1
446	303	245	303	246	193	195	0.00268097	0	0.538462	1
447	428	228	431	229	193	194	0.0107239	0	0.501099	1
448	282	195	280	195	193	194	0.00536193	0	0.428571	2
449	271	203	272	204	193	194	0.00536193	0	0.446154	1
450	310	189	310	190	193	194	0.00268097	0	0.415385	1
451	712	451	712	452	193	195	0.00268097	0	0.991209	1
452	208	204	201	207	193	195	0.0428954	0	0.448352	2
453	470	286	479	281	193	195	0.0911528	0	0.628571	1
454	444	236	446	236	193	194	0.00536193	0	0.518681	1
455	318	234	319	234	193	194	0.00268097	0	0.514286	1
456	238	244	238	243	193	194	0.00268097	0	0.536264	1
457	349	247	355	247	193	195	0.0160858	0	0.542857	1
458	827	425	826	426	193	195	0.00536193	0	0.934066	2
459	445	182	448	182	193	195	0.0080429	0	0.4	1
460	204	186	194	182	193	195	0.0697051	0	0.408791	2
461	732	168	730	168	194	195	0.00536193	0	0.369231	2
462	431	242	433	244	194	195	0.0160858	0	0.531868	1
463	319	204	320	205	194	195	0.00536193	0	0.448352	1
464	315	162	318	162	194	195	0.0080429	0	0.356044	1
465	331	210	333	211	194	195	0.0080429	0	0.461538	1