
0	431	400	431	400	72	78	0	0	0.879121	1
1	765	410	756	407	72	86	0.0807175	0	0.901099	2
2	394	257	392	254	73	74	0.0493274	0	0.564835	2
3	379	231	377	228	73	74	0.0493274	0	0.507692	2
4	158	207	158	207	73	74	0	0	0.454945	1
5	551	324	554	325	73	74	0.0179372	0	0.712088	1
6	346	217	345	215	73	74	0.0224215	0	0.476923	2
7	568	338	570	340	73	78	0.0269058	0	0.742857	1
8	416	254	414	253	73	74	0.0134529	0	0.558242	2
9	431	350	440	348	73	75	0.058296	0	0.769231	1
10	322	290	321	289	73	74	0.00896861	0	0.637363	2
11	397	231	380	225	73	79	0.237668	0	0.507692	2
12	339	259	336	257	73	74	0.0313901	0	0.569231	2
13	330	244	329	242	73	74	0.0224215	0	0.536264	2
14	420	290	418	292	74	77	0.0269058	0	0.637363	2
15	297	206	298	205	74	75	0.00896861	0	0.452747	1
16	323	162	317	163	74	82	0.0313901	0	0.356044	2
17	323	248	323	246	75	76	0.0179372	0	0.545055	1
18	392	252	389	249	75	77	0.0538117	0	0.553846	2
19	783	209	817	207	75	95	0.170404	0	0.459341	1
20	377	226	364	222	75	79	0.130045	0	0.496703	2
21	366	230	363	229	75	76	0.0179372	0	0.505495	2
22	292	221	289	218	75	78	0.0538117	0	0.485714	2
23	341	202	338	199	75	77	0.0538117	0	0.443956	2
24	759	394	765	398	75	86	0.0986547	0	0.865934	1
25	755	381	756	380	75	76	0.00896861	0	0.837363	1
26	307	225	303	220	75	79	0.130045	0	0.494505	2
27	530	296	527	297	75	76	0.0179372	0	0.650549	2
28	560	328	557	326	75	78	0.0313901	0	0.720879	2
29	752	346	823	334	75	98	0.964126	0	0.76044	1
30	331	200	308	194	75	86	0.264574	0	0.43956	2
31	402	248	400	247	75	76	0.0134529	0	0.545055	2
32	341	94	345	96	75	80	0.0358744	0	0.206593	1
33	233	166	241	166	75	78	0.0358744	0	0.364835	1
34	336	150	334	149	75	78	0.0134529	0	0.32967	2
35	241	183	241	182	75	78	0.0044843	0	0.402198	1
36	415	275	413	276	75	76	0.0134529	0	0.604396	2
37	524	280	520	281	75	77	0.0224215	0	0.615385	2
38	335	165	331	166	76	79	0.0224215	0	0.362637	2
39	445	349	448	348	76	77	0.0179372	0	0.767033	1
40	285	203	287	202	76	78	0.0134529	0	0.446154	1
41	24	89	24	88	76	79	0.0044843	0	0.195604	1
42	767	352	789	347	76	84	0.210762	0	0.773626	1
43	379	403	378	403	76	77	0.0044843	0	0.885714	2
44	210	187	211	189	76	77	0.0224215	0	0.410989	1
45	359	229	354	229	77	78	0.0224215	0	0.503297	2
46	525	296	521	295	77	78	0.0224215	0	0.650549	2
47	374	235	365	232	77	81	0.0807175	0	0.516484	2
48	221	196	222	197	77	78	0.00896861	0	0.430769	1
49	757	380	758	379	77	79	0.00896861	0	0.835165	1
50	156	229	154	229	77	78	0.00896861	0	0.503297	2
51	314	237	312	235	77	81	0.0269058	0	0.520879	2
52	548	334	548	334	77	78	0	0	0.734066	1
53	745	450	747	454	77	107	0.0807175	0	0.989011	1
54	130	87	133	87	77	79	0.0134529	0	0.191209	1
55	419	292	417	289	78	80	0.0493274	0	0.641758	2
56	387	250	384	249	78	79	0.0179372	0	0.549451	2
57	401	289	388	294	78	83	0.170404	0	0.635165	2
58	523	282	520	281	78	79	0.0179372	0	0.61978	2
59	761	334	769	332	78	81	0.0538117	0	0.734066	1
60	454	347	461	345	78	80	0.0493274	0	0.762637	1
61	521	265	519	264	78	81	0.0134529	0	0.582418	2
62	326	226	323	224	78	81	0.0313901	0	0.496703	2
63	825	455	825	455	78	79	0	0	1	1
64	742	372	745	370	78	80	0.0313901	0	0.817582	1
65	778	251	778	250	78	79	0.0044843	0	0.551648	1
66	378	403	382	408	78	110	0.130045	0	0.885714	1
67	391	260	377	257	78	82	0.103139	0	0.571429	2
68	289	203	288	203	79	81	0.0044843	0	0.446154	2
69	288	218	286	214	79	87	0.0807175	0	0.479121	2
70	153	230	148	231	79	81	0.0269058	0	0.505495	2
71	247	166	249	165	79	80	0.0134529	0	0.364835	1
72	156	284	156	283	79	80	0.0044843	0	0.624176	1
73	336	290	333	289	79	82	0.0179372	0	0.637363	2
74	340	204	338	201	79	80	0.0493274	0	0.448352	2
75	325	147	322	146	79	81	0.0179372	0	0.323077	2
76	762	354	826	343	79	99	0.829596	0	0.778022	1
77	531	282	530	281	79	80	0.00896861	0	0.61978	2
78	401	278	392	279	79	82	0.044843	0	0.610989	2
79	166	215	176	213	79	82	0.0627803	0	0.472527	1
80	755	323	757	322	79	80	0.0134529	0	0.70989	1
81	483	175	482	176	79	83	0.00896861	0	0.384615	2
82	740	389	744	385	79	81	0.0896861	0	0.854945	1
83	366	450	369	454	79	110	0.0852018	0	0.989011	1
84	385	246	379	244	80	82	0.044843	0	0.540659	2
85	511	291	505	287	80	82	0.0986547	0	0.63956	2
86	445	215	441	213	80	81	0.0358744	0	0.472527	2
87	763	378	767	376	80	83	0.0358744	0	0.830769	1
88	516	281	499	277	80	84	0.147982	0	0.617582	2
89	301	219	301	214	80	86	0.112108	0	0.481319	1
90	331	258	328	257	80	81	0.0179372	0	0.567033	2
91	135	97	135	97	80	81	0	0	0.213187	1
92	26	91	25	92	80	102	0.00896861	0	0.2	2
93	825	455	825	454	80	82	0.0044843	0	1	1
94	231	377	235	382	80	110	0.130045	0	0.828571	1
95	249	116	254	121	80	110	0.134529	0	0.254945	1
96	46	399	49	404	80	110	0.125561	0	0.876923	1
97	88	47	88	47	80	87	0	0	0.103297	1
98	146	277	135	280	81	85	0.0896861	0	0.608791	2
99	355	224	352	224	81	82	0.0134529	0	0.492308	2
100	417	288	407	291	81	83	0.0852018	0	0.632967	2
101	156	282	153	281	81	87	0.0179372	0	0.61978	2
102	792	253	793	252	81	82	0.00896861	0	0.556044	1
103	349	92	360	90	81	87	0.0672646	0	0.202198	1
104	365	222	351	223	81	85	0.0672646	0	0.487912	2
105	531	280	530	279	81	82	0.00896861	0	0.615385	2
106	466	346	470	345	81	82	0.0224215	0	0.76044	1
107	748	369	750	367	81	82	0.0269058	0	0.810989	1
108	161	215	167	214	81	83	0.0313901	0	0.472527	1
109	252	165	255	164	81	82	0.0179372	0	0.362637	1
110	321	269	289	268	81	93	0.147982	0	0.591209	2
111	288	204	285	203	82	84	0.0179372	0	0.448352	2
112	441	387	449	383	82	85	0.107623	0	0.850549	1
113	438	214	435	213	82	83	0.0179372	0	0.47033	2
114	535	323	534	322	82	83	0.00896861	0	0.70989	2
115	326	257	319	257	82	85	0.0313901	0	0.564835	2
116	320	231	318	232	82	84	0.0134529	0	0.507692	2
117	519	264	517	264	82	83	0.00896861	0	0.58022	2
118	301	297	300	297	82	85	0.0044843	0	0.652747	2
119	363	232	356	233	82	84	0.0358744	0	0.50989	2
120	448	215	444	214	82	83	0.0224215	0	0.472527	2
121	290	194	283	192	82	88	0.0493274	0	0.426374	2
122	349	224	345	224	83	84	0.0179372	0	0.492308	2
123	377	246	374	246	83	84	0.0134529	0	0.540659	2
124	794	252	794	251	83	84	0.0044843	0	0.553846	1
125	766	325	768	324	83	84	0.0134529	0	0.714286	1
126	474	343	478	340	83	84	0.058296	0	0.753846	1
127	320	163	319	163	83	84	0.0044843	0	0.358242	2
128	531	279	528	277	83	89	0.0313901	0	0.613187	2
129	504	288	491	286	83	86	0.0762332	0	0.632967	2
130	180	214	187	212	83	86	0.0493274	0	0.47033	1
131	524	318	518	314	83	84	0.0986547	0	0.698901	2
132	488	166	488	165	83	85	0.0044843	0	0.364835	1
133	143	231	139	230	83	84	0.0224215	0	0.507692	2
134	257	158	273	159	83	88	0.0762332	0	0.347253	1
135	387	244	378	245	83	86	0.044843	0	0.536264	2
136	442	189	436	193	83	87	0.0986547	0	0.415385	2
137	143	84	171	83	83	92	0.130045	0	0.184615	1
138	325	195	313	198	83	87	0.0941704	0	0.428571	2
139	400	293	392	294	84	85	0.0403587	0	0.643956	2
140	434	214	432	215	84	85	0.0134529	0	0.47033	2
141	499	259	496	259	84	85	0.0134529	0	0.569231	2
142	769	375	786	371	84	89	0.147982	0	0.824176	1
143	480	175	480	177	84	88	0.0179372	0	0.384615	1
144	309	162	301	166	84	88	0.107623	0	0.356044	2
145	755	363	765	361	84	88	0.0627803	0	0.797802	1
146	320	147	318	148	84	85	0.0134529	0	0.323077	2
147	495	179	493	180	84	90	0.0134529	0	0.393407	2
148	530	322	520	319	84	86	0.0852018	0	0.707692	2
149	330	220	328	219	85	86	0.0134529	0	0.483516	2
150	283	203	281	202	85	86	0.0134529	0	0.446154	2
151	371	247	364	248	85	87	0.0358744	0	0.542857	2
152	430	178	424	185	85	92	0.246637	0	0.391209	2
153	795	252	795	252	85	86	0	0	0.553846	1
154	341	224	336	224	85	86	0.0224215	0	0.492308	2
155	313	134	312	134	85	86	0.0044843	0	0.294505	2
156	329	288	325	287	85	86	0.0224215	0	0.632967	2
157	789	349	792	348	85	86	0.0179372	0	0.767033	1
158	316	231	314	231	85	86	0.00896861	0	0.507692	2
159	486	339	490	339	85	86	0.0179372	0	0.745055	1
160	318	164	317	164	85	86	0.0044843	0	0.36044	2
161	772	326	774	325	85	86	0.0134529	0	0.716484	1
162	361	253	357	254	85	86	0.0224215	0	0.556044	2
163	515	265	497	267	85	92	0.0986547	0	0.582418	2
164	313	241	310	240	85	87	0.0179372	0	0.52967	2
165	132	280	129	281	86	89	0.0179372	0	0.615385	2
166	348	223	339	220	86	89	0.0807175	0	0.49011	2
167	316	258	312	258	86	88	0.0179372	0	0.567033	2
168	427	236	424	236	86	94	0.0134529	0	0.518681	2
169	489	166	489	166	86	87	0	0	0.364835	1
170	335	237	333	237	86	87	0.00896861	0	0.520879	2
171	357	240	354	239	86	87	0.0179372	0	0.527473	2
172	248	282	249	285	86	102	0.044843	0	0.61978	1
173	790	269	818	264	86	100	0.237668	0	0.591209	1
174	493	316	489	317	86	87	0.0224215	0	0.694505	2
175	387	296	386	296	87	88	0.0044843	0	0.650549	2
176	280	202	275	202	87	91	0.0224215	0	0.443956	2
177	328	217	324	216	87	88	0.0224215	0	0.476923	2
178	795	253	796	253	87	88	0.0044843	0	0.556044	1
179	334	227	330	226	87	88	0.0224215	0	0.498901	2
180	776	323	778	322	87	88	0.0134529	0	0.70989	1
181	796	347	804	350	87	90	0.0762332	0	0.762637	1
182	484	277	433	274	87	97	0.269058	0	0.608791	2
183	191	212	204	211	87	91	0.0627803	0	0.465934	1
184	318	165	317	169	87	91	0.0762332	0	0.362637	2
185	314	136	315	137	87	89	0.00896861	0	0.298901	1
186	302	215	302	215	87	88	0	0	0.472527	1
187	141	96	141	96	87	88	0	0	0.210989	1
188	802	239	804	238	87	88	0.0134529	0	0.525275	1
189	365	74	366	73	87	88	0.00896861	0	0.162637	1
190	374	293	361	291	87	89	0.0762332	0	0.643956	2
191	328	248	329	247	88	89	0.00896861	0	0.545055	1
192	287	214	286	214	88	90	0.0044843	0	0.47033	2
193	364	243	361	243	88	89	0.0134529	0	0.534066	2
194	488	260	485	260	88	89	0.0134529	0	0.571429	2
195	363	90	364	89	88	89	0.00896861	0	0.197802	1
196	494	250	486	250	88	91	0.0358744	0	0.549451	2
197	358	253	353	253	88	89	0.0224215	0	0.556044	2
198	376	291	357	294	88	92	0.125561	0	0.63956	2
199	314	228	313	227	88	89	0.00896861	0	0.501099	2
200	426	220	424	220	88	89	0.00896861	0	0.483516	2
201	493	386	494	386	88	90	0.0044843	0	0.848352	1
202	147	110	148	112	88	89	0.0224215	0	0.241758	1
203	387	296	372	295	89	92	0.0717489	0	0.650549	2
204	296	211	296	211	89	90	0	0	0.463736	1
205	767	360	796	357	89	97	0.170404	0	0.791209	1
206	479	179	498	176	89	100	0.125561	0	0.393407	1
207	371	267	364	266	89	90	0.0358744	0	0.586813	2
208	487	322	483	322	89	91	0.0179372	0	0.707692	2
209	312	157	312	157	89	90	0	0	0.345055	1
210	781	325	784	325	89	90	0.0134529	0	0.714286	1
211	281	165	283	165	89	90	0.00896861	0	0.362637	1
212	812	224	823	221	89	94	0.0896861	0	0.492308	1
213	800	252	808	252	89	92	0.0358744	0	0.553846	1
214	319	216	315	218	89	90	0.0358744	0	0.474725	2
215	38	45	43	49	89	110	0.0941704	0	0.0989011	1
216	276	44	275	45	90	95	0.00896861	0	0.0967033	2
217	326	241	326	240	90	91	0.0044843	0	0.52967	1
218	355	293	345	300	90	94	0.264574	0	0.643956	2
219	631	455	630	454	90	91	0.00896861	0	1	2
220	350	251	340	251	90	92	0.044843	0	0.551648	2
221	422	220	420	219	90	95	0.0134529	0	0.483516	2
222	486	156	494	155	90	95	0.0403587	0	0.342857	1
223	370	70	400	75	90	103	0.246637	0	0.153846	1
224	299	229	297	230	90	91	0.0134529	0	0.503297	2
225	306	167	309	164	90	91	0.0538117	0	0.367033	1
226	491	279	490	279	90	92	0.0044843	0	0.613187	2
227	318	141	319	141	90	91	0.0044843	0	0.30989	1
228	486	264	484	264	90	91	0.00896861	0	0.58022	2
229	426	195	423	191	90	95	0.0852018	0	0.428571	2
230	294	198	290	198	90	91	0.0179372	0	0.435165	2
231	362	251	359	253	90	91	0.0313901	0	0.551648	2
232	131	48	136	51	90	110	0.0627803	0	0.105495	1
233	130	283	129	283	91	94	0.0044843	0	0.621978	2
234	327	220	326	218	91	92	0.0224215	0	0.483516	2
235	297	211	297	210	91	92	0.0044843	0	0.463736	1
236	788	322	822	315	91	99	0.372197	0	0.707692	1
237	315	230	315	230	91	92	0	0	0.505495	1
238	494	183	496	183	91	93	0.00896861	0	0.402198	1
239	306	307	309	312	91	96	0.125561	0	0.674725	1
240	350	271	344	270	91	92	0.0313901	0	0.595604	2
241	495	385	505	380	91	93	0.156951	0	0.846154	1
242	286	166	291	166	91	93	0.0224215	0	0.364835	1
243	86	62	88	66	91	108	0.0807175	0	0.136264	1
244	429	206	426	200	91	96	0.174888	0	0.452747	2
245	369	87	377	88	91	95	0.0403587	0	0.191209	1
246	327	239	326	239	92	93	0.0044843	0	0.525275	2
247	337	219	334	218	92	95	0.0179372	0	0.481319	2
248	318	171	320	171	92	93	0.00896861	0	0.375824	1
249	788	393	789	393	92	93	0.0044843	0	0.863736	1
250	294	288	292	286	92	93	0.0269058	0	0.632967	2
251	788	405	788	403	92	95	0.0179372	0	0.89011	1
252	207	210	214	211	92	94	0.0358744	0	0.461538	1
253	484	322	473	320	92	94	0.0672646	0	0.707692	2
254	286	203	284	202	92	93	0.0134529	0	0.446154	2
255	306	176	310	177	92	93	0.0224215	0	0.386813	1
256	301	261	292	261	92	95	0.0403587	0	0.573626	2
257	815	264	815	264	92	94	0	0	0.58022	1
258	458	286	416	287	92	101	0.192825	0	0.628571	2
259	425	183	428	177	93	98	0.174888	0	0.402198	1
260	316	231	305	232	93	104	0.0538117	0	0.507692	2
261	326	217	325	215	93	94	0.0224215	0	0.476923	2
262	336	250	330	250	93	94	0.0269058	0	0.549451	2
263	486	278	485	277	93	94	0.00896861	0	0.610989	2
264	294	202	292	202	93	94	0.00896861	0	0.443956	2
265	322	161	324	161	93	94	0.00896861	0	0.353846	1
266	808	252	814	248	93	96	0.0986547	0	0.553846	1
267	523	376	530	375	93	94	0.0358744	0	0.826374	1
268	271	205	254	208	93	99	0.116592	0	0.450549	2
269	799	373	806	370	93	95	0.0717489	0	0.81978	1
270	494	173	502	169	93	97	0.107623	0	0.38022	1
271	452	312	439	314	93	95	0.0762332	0	0.685714	2
272	293	213	294	212	93	94	0.00896861	0	0.468132	1
273	355	261	353	260	93	94	0.0134529	0	0.573626	2
274	494	267	483	265	93	95	0.0672646	0	0.586813	2
275	315	179	317	180	94	95	0.0134529	0	0.393407	1
276	326	240	325	240	94	95	0.0044843	0	0.527473	2
277	790	394	798	389	94	97	0.147982	0	0.865934	1
278	247	231	245	229	94	96	0.0269058	0	0.507692	2
279	498	184	506	179	94	99	0.147982	0	0.404396	1
280	325	173	326	173	94	95	0.0044843	0	0.38022	1
281	274	196	264	197	94	97	0.0493274	0	0.430769	2
282	117	235	69	234	94	110	0.219731	0	0.516484	2
283	309	213	310	211	94	96	0.0224215	0	0.468132	1
284	508	361	511	364	94	110	0.0538117	0	0.793407	1
285	818	347	826	344	94	96	0.0762332	0	0.762637	1
286	535	355	541	355	94	95	0.0269058	0	0.78022	1
287	545	335	550	334	94	95	0.0269058	0	0.736264	1
288	346	302	326	299	95	100	0.130045	0	0.663736	2
289	288	202	285	201	95	96	0.0179372	0	0.443956	2
290	129	284	128	283	95	96	0.00896861	0	0.624176	2
291	325	251	319	251	95	96	0.0269058	0	0.551648	2
292	817	399	821	399	95	96	0.0179372	0	0.876923	1
293	350	261	349	260	95	96	0.00896861	0	0.573626	2
294	299	210	299	210	95	96	0	0	0.461538	1
295	525	356	564	358	95	101	0.192825	0	0.782418	1
296	323	221	322	220	95	96	0.00896861	0	0.485714	2
297	791	335	795	338	95	96	0.058296	0	0.736264	1
298	218	211	228	207	95	98	0.116592	0	0.463736	1
299	312	169	315	169	95	96	0.0134529	0	0.371429	1
300	333	229	332	228	95	96	0.00896861	0	0.503297	2
301	306	235	304	235	95	97	0.00896861	0	0.516484	2
302	527	373	536	369	95	96	0.112108	0	0.81978	1
303	333	218	330	217	96	98	0.0179372	0	0.479121	2
304	319	183	320	184	96	98	0.00896861	0	0.402198	1
305	326	240	325	239	96	97	0.00896861	0	0.527473	2
306	820	205	822	203	96	97	0.0269058	0	0.450549	1
307	503	149	550	149	96	110	0.210762	0	0.327473	1
308	478	266	474	265	96	97	0.0224215	0	0.584615	2
309	420	233	418	231	96	97	0.0269058	0	0.512088	2
310	332	252	330	250	96	98	0.0269058	0	0.553846	2
311	578	206	574	204	96	100	0.0358744	0	0.452747	2
312	523	376	522	375	96	98	0.00896861	0	0.826374	2
313	328	208	326	205	96	99	0.0493274	0	0.457143	2
314	425	190	434	184	96	107	0.201794	0	0.417582	1
315	477	249	475	249	96	97	0.00896861	0	0.547253	2
316	823	387	826	388	96	98	0.0179372	0	0.850549	1
317	434	335	433	335	96	97	0.0044843	0	0.736264	2
318	375	89	379	91	96	98	0.0358744	0	0.195604	1
319	437	186	443	179	96	104	0.246637	0	0.408791	1
320	822	400	824	397	97	103	0.0493274	0	0.879121	1
321	282	202	274	200	97	100	0.0538117	0	0.443956	2
322	276	46	277	47	97	105	0.00896861	0	0.101099	1
323	541	368	544	366	97	98	0.0313901	0	0.808791	1
324	302	209	306	207	97	100	0.0358744	0	0.459341	1
325	631	455	631	454	97	98	0.0044843	0	1	1
326	308	251	301	251	97	98	0.0313901	0	0.551648	2
327	330	227	326	223	97	100	0.0896861	0	0.498901	2
328	819	249	822	248	97	98	0.0179372	0	0.547253	1
329	321	298	313	297	97	98	0.0403587	0	0.654945	2
330	350	260	345	258	97	101	0.0403587	0	0.571429	2
331	331	292	314	294	97	100	0.0941704	0	0.641758	2
332	313	210	316	207	97	100	0.0538117	0	0.461538	1
333	244	227	242	225	97	98	0.0269058	0	0.498901	2
334	320	222	317	220	97	99	0.0313901	0	0.487912	2
335	447	323	436	322	97	98	0.0538117	0	0.70989	2
336	323	282	306	284	97	100	0.0941704	0	0.61978	2
337	570	429	624	416	97	110	1	0	0.942857	1
338	473	258	470	259	98	99	0.0179372	0	0.567033	2
339	325	239	324	238	98	99	0.00896861	0	0.525275	2
340	558	374	560	373	98	99	0.0134529	0	0.821978	1
341	433	275	423	276	98	100	0.0493274	0	0.604396	2
342	506	168	508	167	98	99	0.0134529	0	0.369231	1
343	546	376	548	375	98	99	0.0134529	0	0.826374	1
344	305	261	283	264	98	102	0.139013	0	0.573626	2
345	205	89	208	90	98	100	0.0179372	0	0.195604	1
346	311	242	310	242	98	99	0.0044843	0	0.531868	2
347	423	269	413	269	98	100	0.044843	0	0.591209	2
348	496	166	500	165	98	100	0.0224215	0	0.364835	1
349	376	75	387	76	98	102	0.0538117	0	0.164835	1
350	330	260	330	261	98	99	0.0044843	0	0.571429	1
351	212	55	212	54	98	100	0.0044843	0	0.120879	1
352	543	387	547	383	98	100	0.0896861	0	0.850549	1
353	250	234	247	232	99	101	0.0313901	0	0.514286	2
354	460	265	453	267	99	101	0.0493274	0	0.582418	2
355	232	208	235	207	99	100	0.0179372	0	0.457143	1
356	381	94	387	95	99	102	0.0313901	0	0.206593	1
357	429	176	447	169	99	110	0.300448	0	0.386813	1
358	78	280	78	280	99	101	0	0	0.615385	1
359	57	79	58	79	99	102	0.0044843	0	0.173626	1
360	460	252	457	250	99	100	0.0313901	0	0.553846	2
361	429	223	430	221	99	101	0.0224215	0	0.49011	1
362	280	210	276	209	99	100	0.0224215	0	0.461538	2
363	294	251	287	251	99	100	0.0313901	0	0.551648	2
364	326	211	323	209	100	103	0.0313901	0	0.463736	2
365	325	238	323	236	100	102	0.0269058	0	0.523077	2
366	325	181	329	180	100	101	0.0224215	0	0.397802	1
367	303	301	300	303	100	101	0.0313901	0	0.661538	2
368	314	220	308	220	100	104	0.0269058	0	0.483516	2
369	472	256	469	258	100	101	0.0313901	0	0.562637	2
370	511	167	516	167	100	102	0.0224215	0	0.367033	1
371	580	448	580	448	100	102	0	0	0.984615	1
372	249	211	248	209	100	101	0.0224215	0	0.463736	2
373	107	278	91	278	100	102	0.0717489	0	0.610989	2
374	565	375	573	374	100	101	0.0403587	0	0.824176	1
375	408	317	397	315	100	102	0.0672646	0	0.696703	2
376	309	242	303	242	100	105	0.0269058	0	0.531868	2
377	509	178	522	181	100	104	0.0986547	0	0.391209	1
378	356	262	351	262	100	102	0.0224215	0	0.575824	2
379	208	287	211	289	100	110	0.0313901	0	0.630769	1
380	126	291	130	293	100	110	0.0358744	0	0.63956	1
381	272	201	267	201	101	104	0.0224215	0	0.441758	2
382	420	277	408	282	101	104	0.165919	0	0.608791	2
383	282	253	272	255	101	103	0.0627803	0	0.556044	2
384	238	208	247	210	101	104	0.058296	0	0.457143	1
385	322	300	312	301	101	102	0.0493274	0	0.659341	2
386	326	221	323	219	101	104	0.0313901	0	0.485714	2
387	310	206	312	204	101	102	0.0269058	0	0.452747	1
388	503	165	508	166	101	103	0.0269058	0	0.362637	1
389	501	177	516	180	101	107	0.107623	0	0.389011	1
390	275	236	275	237	101	102	0.0044843	0	0.518681	1
391	550	362	550	363	101	104	0.0044843	0	0.795604	1
392	273	211	267	210	101	104	0.0313901	0	0.463736	2
393	53	46	54	46	101	104	0.0044843	0	0.101099	1
394	254	197	252	196	101	102	0.0134529	0	0.432967	2
395	399	102	410	108	101	107	0.210762	0	0.224176	1
396	592	329	598	330	101	102	0.0313901	0	0.723077	1
397	572	348	577	352	101	102	0.0941704	0	0.764835	1
398	345	145	354	146	101	103	0.044843	0	0.318681	1
399	29	127	33	129	101	110	0.0358744	0	0.279121	1
400	450	285	458	285	101	110	0.0358744	0	0.626374	1
401	565	361	566	361	102	106	0.0044843	0	0.793407	1
402	405	272	391	280	102	106	0.349776	0	0.597802	2
403	432	216	441	213	102	106	0.0807175	0	0.474725	1
404	228	208	230	209	102	103	0.0134529	0	0.457143	1
405	601	393	601	393	102	103	0	0	0.863736	1
406	326	280	329	282	102	110	0.0313901	0	0.615385	1
407	341	259	337	259	102	104	0.0179372	0	0.569231	2
408	46	390	49	392	102	110	0.0313901	0	0.857143	1
409	422	221	424	222	102	103	0.0134529	0	0.485714	1
410	260	206	256	206	102	104	0.0179372	0	0.452747	2
411	167	289	170	290	102	110	0.0179372	0	0.635165	1
412	417	293	407	298	102	104	0.156951	0	0.643956	2
413	279	239	276	237	103	107	0.0313901	0	0.525275	2
414	322	235	320	234	103	104	0.0134529	0	0.516484	2
415	27	94	31	95	103	110	0.0224215	0	0.206593	1
416	524	377	526	379	103	110	0.0269058	0	0.828571	1
417	280	266	275	266	103	104	0.0224215	0	0.584615	2
418	519	169	522	170	103	104	0.0179372	0	0.371429	1
419	391	322	380	322	103	105	0.0493274	0	0.707692	2
420	329	245	328	245	103	105	0.0044843	0	0.538462	2
421	580	448	580	448	103	105	0	0	0.984615	1
422	350	262	349	263	103	107	0.00896861	0	0.575824	2
423	44	93	48	94	103	106	0.0224215	0	0.204396	1
424	392	95	395	95	103	104	0.0134529	0	0.208791	1
425	390	79	409	82	103	109	0.125561	0	0.173626	1
426	345	156	348	156	103	104	0.0134529	0	0.342857	1
427	572	230	566	232	103	105	0.044843	0	0.505495	2
428	61	79	71	81	103	110	0.0627803	0	0.173626	1
429	741	72	744	74	103	110	0.0313901	0	0.158242	1
430	460	265	459	266	103	104	0.00896861	0	0.582418	2
431	107	90	110	92	103	110	0.0313901	0	0.197802	1
432	378	114	403	112	103	108	0.130045	0	0.250549	1
433	322	209	320	209	104	105	0.00896861	0	0.459341	2
434	375	338	374	339	104	110	0.00896861	0	0.742857	2
435	449	270	448	270	104	105	0.0044843	0	0.593407	2
436	453	256	452	256	104	105	0.0044843	0	0.562637	2
437	404	78	424	82	104	110	0.161435	0	0.171429	1
438	77	282	68	284	104	106	0.058296	0	0.61978	2
439	512	168	515	168	104	105	0.0134529	0	0.369231	1
440	234	213	237	214	104	105	0.0179372	0	0.468132	1
441	104	47	106	48	104	110	0.0134529	0	0.103297	1
442	299	299	296	295	104	105	0.0852018	0	0.657143	2
443	233	250	239	250	104	107	0.0269058	0	0.549451	1
444	548	190	545	190	104	106	0.0134529	0	0.417582	2
445	309	209	311	208	104	105	0.0134529	0	0.459341	1
446	320	235	319	235	105	106	0.0044843	0	0.516484	2
447	294	307	292	306	105	106	0.0134529	0	0.674725	2
448	459	231	462	232	105	107	0.0179372	0	0.507692	1
449	266	202	264	201	105	106	0.0134529	0	0.443956	2
450	260	235	258	235	105	106	0.00896861	0	0.516484	2
451	405	288	392	297	105	109	0.421525	0	0.632967	2
452	306	232	309	233	105	110	0.0179372	0	0.50989	1
453	338	260	339	260	105	107	0.0044843	0	0.571429	1
454	264	224	262	223	105	106	0.0134529	0	0.492308	2
455	251	211	254	211	105	106	0.0134529	0	0.463736	1
456	528	180	533	180	105	106	0.0224215	0	0.395604	1
457	318	219	318	220	105	107	0.0044843	0	0.481319	1
458	302	280	304	279	105	106	0.0134529	0	0.615385	1
459	444	179	446	179	105	106	0.00896861	0	0.393407	1
460	284	300	274	295	105	107	0.156951	0	0.659341	2
461	50	47	51	48	105	110	0.00896861	0	0.103297	1
462	267	260	243	258	105	110	0.125561	0	0.571429	2
463	278	271	274	270	105	106	0.0224215	0	0.595604	2
464	255	245	256	246	105	106	0.00896861	0	0.538462	1
465	286	121	288	122	105	110	0.0134529	0	0.265934	1
466	325	196	327	195	105	106	0.0134529	0	0.430769	1
467	388	450	390	451	105	110	0.0134529	0	0.989011	1
468	247	196	245	195	105	106	0.0134529	0	0.430769	2
469	131	74	134	75	105	110	0.0179372	0	0.162637	1
470	320	209	319	210	106	107	0.00896861	0	0.459341	2
471	443	274	445	275	106	109	0.0134529	0	0.602198	1
472	454	271	457	271	106	108	0.0134529	0	0.595604	1
473	379	322	377	323	106	107	0.0134529	0	0.707692	2
474	242	215	250	216	106	108	0.0403587	0	0.472527	1
475	303	242	307	243	106	110	0.0224215	0	0.531868	1
476	464	263	466	262	106	107	0.0134529	0	0.578022	1
477	563	232	559	232	106	107	0.0179372	0	0.50989	2
478	278	48	278	48	106	107	0	0	0.105495	1
479	622	367	624	368	106	107	0.0134529	0	0.806593	1
480	271	281	259	281	106	108	0.0538117	0	0.617582	2
481	451	257	451	257	106	108	0	0	0.564835	1
482	267	301	251	306	106	109	0.183857	0	0.661538	2
483	304	266	304	265	106	107	0.0044843	0	0.584615	1
484	577	450	579	451	106	110	0.0134529	0	0.989011	1
485	391	297	385	300	106	108	0.0672646	0	0.652747	2
486	66	289	66	290	107	110	0.0044843	0	0.635165	1
487	329	203	332	202	107	108	0.0179372	0	0.446154	1
488	239	201	236	201	107	108	0.0134529	0	0.441758	2
489	449	193	456	190	107	110	0.0717489	0	0.424176	1
490	537	180	540	180	107	108	0.0134529	0	0.395604	1
491	567	362	566	362	107	108	0.0044843	0	0.795604	2
492	463	242	464	242	107	108	0.0044843	0	0.531868	1
493	547	190	544	191	107	109	0.0179372	0	0.417582	2
494	373	313	372	312	107	108	0.00896861	0	0.687912	2
495	260	239	260	237	107	108	0.0179372	0	0.525275	1
496	445	183	446	182	107	108	0.00896861	0	0.402198	1
497	319	211	319	212	108	109	0.0044843	0	0.463736	1
498	276	237	272	238	108	109	0.0224215	0	0.520879	2
499	285	304	269	307	108	110	0.112108	0	0.668132	2
500	329	214	329	215	108	109	0.0044843	0	0.47033	1
501	470	263	472	262	108	109	0.0134529	0	0.578022	1
502	343	261	345	263	108	110	0.0269058	0	0.573626	1
503	608	358	609	358	108	110	0.0044843	0	0.786813	1
504	627	353	636	352	108	109	0.044843	0	0.775824	1
505	269	299	256	306	108	110	0.278027	0	0.657143	2
506	549	214	547	214	108	110	0.00896861	0	0.47033	2
507	322	224	323	228	108	110	0.0762332	0	0.492308	1
508	354	335	351	336	108	110	0.0179372	0	0.736264	2
509	257	194	252	194	108	110	0.0224215	0	0.426374	2
510	451	202	458	200	108	110	0.0493274	0	0.443956	1
511	307	280	309	282	108	110	0.0269058	0	0.615385	1
512	52	97	53	97	108	110	0.0044843	0	0.213187	1
513	522	181	534	180	108	110	0.058296	0	0.397802	1
514	433	225	433	224	108	109	0.0044843	0	0.494505	1
515	555	233	551	233	108	109	0.0179372	0	0.512088	2
516	657	355	662	357	108	109	0.0403587	0	0.78022	1
517	333	203	336	201	109	110	0.0313901	0	0.446154	1
518	460	273	462	274	109	110	0.0134529	0	0.6	1
519	373	327	372	326	109	110	0.00896861	0	0.718681	2
520	320	238	320	239	109	110	0.0044843	0	0.523077	1
521	461	257	463	256	109	110	0.0134529	0	0.564835	1
522	469	238	472	237	109	110	0.0179372	0	0.523077	1
523	362	328	359	327	109	110	0.0179372	0	0.720879	2
524	255	216	258	216	109	110	0.0134529	0	0.474725	1
525	624	359	624	359	109	110	0	0	0.789011	1
526	449	253	451	251	109	110	0.0269058	0	0.556044	1
527	89	69	89	69	109	110	0	0	0.151648	1
528	464	227	467	226	109	110	0.0179372	0	0.498901	1
529	542	170	545	169	109	110	0.0179372	0	0.373626	1
530	294	278	294	278	109	110	0	0	0.610989	1
531	448	181	450	180	109	110	0.0134529	0	0.397802	1
532	234	200	231	201	109	110	0.0179372	0	0.43956	2
533	60	224	60	223	109	110	0.0044843	0	0.492308	1
534	52	280	47	281	109	110	0.0269058	0	0.615385	2
535	335	228	335	229	109	110	0.0044843	0	0.501099	1
536	459	239	462	238	109	110	0.0179372	0	0.525275	1
537	233	24	233	24	109	110	0	0	0.0527473	1