
0	498	124	490	112	122	127	0.0747664	0	0.274945	2
1	506	28	501	26	122	125	0.00442696	0	0.0620843	2
2	461	142	463	139	122	123	0.00541072	0	0.314856	1
3	432	89	430	86	122	123	0.00541072	0	0.197339	2
4	589	190	572	187	122	125	0.012789	0	0.421286	2
5	49	373	38	377	122	132	0.0132809	0	0.827051	2
6	666	116	664	117	123	124	0.00147565	0	0.257206	2
7	512	102	509	99	123	124	0.00590261	0	0.226164	2
8	495	146	490	143	123	124	0.00688637	0	0.323725	2
9	406	27	409	29	123	131	0.00344319	0	0.059867	1
10	606	221	598	224	123	124	0.00836203	0	0.490022	2
11	300	25	297	24	123	124	0.00196754	0	0.0554324	2
12	437	125	435	123	123	124	0.0029513	0	0.277162	2
13	526	38	523	37	123	124	0.00196754	0	0.0842572	2
14	41	29	36	28	123	125	0.0029513	0	0.0643016	2
15	234	33	231	32	123	126	0.00196754	0	0.0731707	2
16	630	28	627	27	123	124	0.00196754	0	0.0620843	2
17	650	90	648	89	123	124	0.00147565	0	0.199557	2
18	278	53	276	52	123	124	0.00147565	0	0.117517	2
19	296	145	305	146	123	127	0.00491884	0	0.321508	1
20	483	140	477	138	123	124	0.00491884	0	0.310421	2
21	603	310	597	310	123	124	0.0029513	0	0.687361	2
22	490	39	485	38	123	124	0.0029513	0	0.0864745	2
23	659	92	659	91	124	125	0.000491884	0	0.203991	1
24	448	138	450	137	124	125	0.00147565	0	0.305987	1
25	311	158	314	156	124	125	0.00344319	0	0.350333	1
26	491	104	488	102	124	125	0.00344319	0	0.230599	2
27	273	32	277	32	124	130	0.00196754	0	0.0709534	1
28	458	132	460	130	124	125	0.0029513	0	0.292683	1
29	502	85	500	84	124	126	0.00147565	0	0.18847	2
30	591	339	585	348	124	129	0.0427939	0	0.751663	2
31	330	70	332	71	124	129	0.00147565	0	0.155211	1
32	244	86	240	85	124	125	0.00245942	0	0.190687	2
33	675	126	673	125	124	125	0.00147565	0	0.279379	2
34	303	131	303	131	124	125	0	0	0.290466	1
35	433	86	447	85	125	130	0.00737826	0	0.190687	1
36	503	99	502	98	125	126	0.000983768	0	0.219512	2
37	602	313	583	313	125	130	0.00934579	0	0.694013	2
38	690	27	690	27	125	126	0	0	0.059867	1
39	254	34	252	34	125	126	0.000983768	0	0.075388	2
40	435	126	443	123	125	128	0.00836203	0	0.279379	1
41	475	42	472	41	125	126	0.00196754	0	0.0931264	2
42	68	341	68	342	125	127	0.000491884	0	0.756098	1
43	530	183	531	183	125	126	0.000491884	0	0.405765	1
44	651	81	646	91	125	133	0.0516478	0	0.179601	2
45	332	24	339	25	125	131	0.00393507	0	0.0532151	1
46	63	324	61	326	125	129	0.0029513	0	0.718404	2
47	523	38	523	38	125	126	0	0	0.0842572	1
48	421	97	425	97	125	127	0.00196754	0	0.215078	1
49	663	120	664	121	125	126	0.000983768	0	0.266075	1
50	85	392	44	400	125	134	0.0516478	0	0.86918	2
51	427	136	432	136	125	127	0.00245942	0	0.301552	1
52	586	228	576	228	125	127	0.00491884	0	0.505543	2
53	33	39	36	40	126	128	0.00196754	0	0.0864745	1
54	660	91	665	93	126	128	0.00442696	0	0.201774	1
55	501	27	505	30	126	132	0.00639449	0	0.059867	1
56	38	29	42	32	126	130	0.00639449	0	0.0643016	1
57	319	154	341	155	126	132	0.0113133	0	0.341463	1
58	455	136	460	135	126	127	0.0029513	0	0.301552	1
59	465	129	470	127	126	127	0.00442696	0	0.286031	1
60	489	141	490	141	126	128	0.000491884	0	0.312639	1
61	530	148	534	150	126	127	0.00393507	0	0.32816	1
62	522	104	498	124	126	148	0.208559	0	0.230599	2
63	278	178	285	178	126	127	0.00344319	0	0.394678	1
64	608	27	612	29	126	131	0.00393507	0	0.059867	1
65	292	270	297	269	126	129	0.0029513	0	0.59867	1
66	308	132	326	133	126	130	0.00934579	0	0.292683	1
67	290	28	293	28	126	128	0.00147565	0	0.0620843	1
68	417	167	419	166	126	127	0.00147565	0	0.370288	1
69	607	46	609	44	126	127	0.0029513	0	0.101996	1
70	626	46	630	47	126	129	0.00245942	0	0.101996	1
71	675	99	679	103	127	130	0.00983768	0	0.219512	1
72	350	36	352	38	127	132	0.0029513	0	0.0798226	1
73	323	96	326	97	127	128	0.00196754	0	0.21286	1
74	501	84	501	83	127	128	0.000491884	0	0.186253	1
75	429	121	433	122	127	129	0.00245942	0	0.268293	1
76	694	27	695	27	127	128	0.000491884	0	0.059867	1
77	534	31	537	31	127	128	0.00147565	0	0.0687361	1
78	506	174	502	173	127	128	0.00245942	0	0.385809	2
79	233	32	235	33	127	129	0.00147565	0	0.0709534	1
80	477	38	475	37	127	128	0.00147565	0	0.0842572	2
81	472	24	465	30	127	133	0.021151	0	0.0532151	2
82	245	47	244	46	127	128	0.000983768	0	0.104213	2
83	290	206	294	206	127	130	0.00196754	0	0.456763	1
84	490	112	488	110	128	129	0.0029513	0	0.248337	2
85	527	155	526	154	128	129	0.000983768	0	0.343681	2
86	602	234	598	232	128	130	0.00393507	0	0.518847	2
87	503	98	502	98	128	130	0.000491884	0	0.217295	2
88	466	134	469	133	128	129	0.00196754	0	0.297118	1
89	570	186	567	183	128	129	0.00590261	0	0.412417	2
90	299	259	300	258	128	129	0.000983768	0	0.574279	1
91	538	151	539	151	128	131	0.000491884	0	0.334812	1
92	423	166	427	165	128	130	0.00245942	0	0.368071	1
93	659	125	661	123	128	129	0.0029513	0	0.277162	1
94	571	225	530	228	128	133	0.0245942	0	0.498891	2
95	517	177	517	178	128	129	0.000491884	0	0.392461	1
96	663	358	641	355	128	130	0.0152484	0	0.793792	2
97	615	43	623	43	128	131	0.00393507	0	0.0953437	1
98	673	112	673	111	128	129	0.000491884	0	0.248337	1
99	609	342	604	344	128	129	0.00442696	0	0.758315	2
100	612	241	609	238	128	130	0.00590261	0	0.534368	2
101	130	35	129	38	128	132	0.00491884	0	0.0776053	2
102	456	104	457	102	128	132	0.00245942	0	0.230599	1
103	281	218	244	232	128	134	0.114609	0	0.48337	2
104	514	94	502	102	128	133	0.0373832	0	0.208426	2
105	540	168	540	166	128	129	0.00196754	0	0.372506	1
106	527	35	520	41	128	133	0.021151	0	0.0776053	2
107	37	41	34	43	129	132	0.00344319	0	0.0909091	2
108	497	171	493	168	129	130	0.00639449	0	0.379157	2
109	331	96	334	97	129	130	0.00196754	0	0.21286	1
110	490	141	488	140	129	130	0.00147565	0	0.312639	2
111	458	147	467	146	129	132	0.00491884	0	0.325942	1
112	243	47	241	46	129	130	0.00147565	0	0.104213	2
113	689	30	679	35	129	133	0.0172159	0	0.0665188	2
114	480	73	479	73	129	130	0.000491884	0	0.161863	2
115	303	30	303	29	129	130	0.000491884	0	0.0665188	1
116	581	215	558	218	129	132	0.0157403	0	0.476718	2
117	242	89	242	91	129	131	0.00196754	0	0.197339	1
118	591	229	567	231	129	132	0.0137727	0	0.507761	2
119	540	31	542	31	129	130	0.000983768	0	0.0687361	1
120	51	328	47	328	130	131	0.00196754	0	0.727273	2
121	41	326	37	326	130	131	0.00196754	0	0.722838	2
122	664	120	662	120	130	132	0.000983768	0	0.266075	2
123	446	119	446	120	130	132	0.000491884	0	0.263858	1
124	286	42	284	42	130	132	0.000983768	0	0.0931264	2
125	462	44	457	43	130	131	0.0029513	0	0.097561	2
126	538	164	534	160	130	131	0.00983768	0	0.363636	2
127	61	316	56	315	130	131	0.0029513	0	0.700665	2
128	677	130	673	132	130	132	0.00393507	0	0.288248	2
129	334	72	330	74	130	132	0.00393507	0	0.159645	2
130	530	138	529	138	130	131	0.000491884	0	0.305987	2
131	455	72	457	72	130	131	0.000983768	0	0.159645	1
132	305	254	303	257	130	132	0.00541072	0	0.563193	2
133	435	123	436	123	130	131	0.000491884	0	0.272727	1
134	444	84	443	85	131	132	0.000983768	0	0.186253	2
135	295	208	291	211	131	132	0.00639449	0	0.461197	2
136	681	104	678	106	131	132	0.00344319	0	0.230599	2
137	666	96	662	97	131	132	0.00245942	0	0.21286	2
138	489	167	482	169	131	132	0.00541072	0	0.370288	2
139	303	267	289	276	131	133	0.046729	0	0.592018	2
140	339	98	336	101	131	133	0.00590261	0	0.217295	2
141	485	108	480	108	131	132	0.00245942	0	0.239468	2
142	43	31	39	32	131	132	0.00245942	0	0.0687361	2
143	368	29	357	33	131	133	0.0132809	0	0.0643016	2
144	57	343	46	343	131	132	0.00541072	0	0.760532	2
145	358	27	355	28	131	132	0.00196754	0	0.059867	2
146	277	34	274	35	131	132	0.00196754	0	0.075388	2
147	626	24	615	28	131	133	0.0132809	0	0.0532151	2
148	429	163	426	164	131	132	0.00196754	0	0.361419	2
149	522	176	517	176	131	132	0.00245942	0	0.390244	2
150	308	201	304	203	131	132	0.00393507	0	0.445676	2
151	455	60	452	61	131	132	0.00196754	0	0.133038	2
152	501	86	498	87	131	132	0.00196754	0	0.190687	2
153	511	105	507	108	131	132	0.00639449	0	0.232816	2
154	326	27	316	31	131	133	0.012789	0	0.059867	2
155	432	125	424	128	132	133	0.00836203	0	0.277162	2
156	324	157	317	161	132	133	0.0113133	0	0.348115	2
157	326	192	292	199	132	134	0.0408264	0	0.425721	2
158	536	154	526	157	132	133	0.00934579	0	0.341463	2
159	531	185	516	187	132	133	0.00934579	0	0.4102	2
160	490	105	477	109	132	133	0.0142646	0	0.232816	2
161	469	177	372	176	133	143	0.0482046	0	0.392461	2
162	506	179	477	182	133	134	0.0186916	0	0.396896	2
163	651	128	626	134	133	134	0.0300049	0	0.283814	2
164	753	36	687	40	133	140	0.0403345	0	0.0798226	2
165	274	215	196	215	133	137	0.0383669	0	0.476718	2
166	737	103	751	101	133	160	0.00885391	0	0.228381	1
167	616	103	630	102	133	160	0.00737826	0	0.228381	1
168	402	131	375	129	134	135	0.0152484	0	0.290466	2
169	449	113	401	110	134	136	0.0280374	0	0.250554	2
170	310	120	286	119	134	135	0.0122971	0	0.266075	2
171	646	114	594	107	134	137	0.0496803	0	0.252772	2
172	615	38	600	36	134	136	0.00934579	0	0.0842572	2
173	416	127	389	126	134	135	0.0137727	0	0.281596	2
174	262	281	226	270	134	146	0.0772258	0	0.62306	2
175	626	99	596	100	134	135	0.0152484	0	0.219512	2
176	270	217	263	198	134	135	0.181013	0	0.481153	2
177	433	146	440	141	134	135	0.0157403	0	0.323725	1
178	727	24	697	25	134	135	0.0152484	0	0.0532151	2
179	329	92	355	96	134	145	0.0206591	0	0.203991	1
180	480	109	502	127	134	149	0.170192	0	0.241685	1
181	527	37	498	37	134	135	0.0142646	0	0.0820399	2
182	369	42	330	44	134	141	0.021151	0	0.0931264	2
183	302	200	250	194	134	137	0.0432858	0	0.443459	2
184	272	280	230	278	134	139	0.0226267	0	0.620843	2
185	606	105	643	100	134	160	0.0304968	0	0.232816	1
186	725	451	776	445	134	160	0.0427939	0	1	1
187	504	160	457	153	134	136	0.0472209	0	0.354767	2
188	314	144	273	143	134	136	0.0206591	0	0.31929	2
189	263	231	222	228	134	140	0.0245942	0	0.512195	2
190	290	89	252	84	134	141	0.0309887	0	0.197339	2
191	262	333	290	335	134	157	0.0157403	0	0.738359	1
192	528	315	520	360	134	135	1	0	0.698448	2
193	210	64	232	65	134	141	0.0113133	0	0.141907	1
194	405	89	388	84	135	136	0.0206591	0	0.197339	2
195	293	105	279	99	135	136	0.0245942	0	0.232816	2
196	103	40	85	35	135	136	0.021151	0	0.0886918	2
197	540	33	522	28	135	136	0.021151	0	0.0731707	2
198	89	40	127	45	135	156	0.0309887	0	0.0886918	1
199	418	197	395	193	135	138	0.0191835	0	0.436807	2
200	426	183	403	181	135	136	0.0132809	0	0.405765	2
201	442	183	416	180	135	136	0.0172159	0	0.405765	2
202	678	59	744	53	135	160	0.0501722	0	0.13082	1
203	397	49	376	46	135	136	0.0147565	0	0.108647	2
204	244	187	235	185	135	136	0.00639449	0	0.414634	2
205	181	99	156	102	135	146	0.0167241	0	0.219512	2
206	617	99	592	94	135	137	0.0245942	0	0.219512	2
207	586	38	600	35	135	136	0.0113133	0	0.0842572	1
208	377	49	357	45	135	136	0.0177078	0	0.108647	2
209	613	28	596	25	135	136	0.012789	0	0.0620843	2
210	324	42	326	45	135	144	0.00541072	0	0.0931264	1
211	629	103	657	105	135	149	0.0157403	0	0.228381	1
212	489	334	453	329	135	137	0.0300049	0	0.740576	2
213	606	106	590	103	135	136	0.0122971	0	0.235033	2
214	614	160	598	160	135	139	0.00787014	0	0.354767	2
215	493	312	455	305	135	137	0.0427939	0	0.691796	2
216	504	377	481	384	135	144	0.0354156	0	0.83592	2
217	230	221	213	218	135	136	0.012789	0	0.490022	2
218	312	34	311	36	135	144	0.00245942	0	0.075388	2
219	397	104	378	99	135	136	0.0216429	0	0.230599	2
220	162	51	141	45	135	136	0.0280374	0	0.113082	2
221	475	348	486	344	135	136	0.0132809	0	0.771619	1
222	200	114	266	112	135	160	0.0344319	0	0.252772	1
223	173	53	151	48	135	136	0.0231185	0	0.117517	2
224	166	94	141	99	135	141	0.0245942	0	0.208426	2
225	243	268	234	258	135	146	0.0536153	0	0.594235	2
226	132	330	205	327	135	160	0.0403345	0	0.731707	1
227	580	58	579	59	135	141	0.000983768	0	0.128603	2
228	275	79	247	71	135	137	0.0452533	0	0.175166	2
229	598	136	581	133	135	136	0.012789	0	0.301552	2
230	490	377	462	375	135	136	0.0157403	0	0.83592	2
231	127	31	132	35	135	147	0.0103296	0	0.0687361	1
232	217	44	192	37	135	137	0.0363994	0	0.097561	2
233	580	35	663	33	136	160	0.0427939	0	0.0776053	1
234	415	135	440	143	136	140	0.0437777	0	0.299335	1
235	242	140	241	136	136	137	0.00836203	0	0.310421	2
236	570	36	589	41	136	144	0.0216429	0	0.0798226	1
237	641	32	632	30	136	137	0.00639449	0	0.0709534	2
238	278	33	269	31	136	137	0.00639449	0	0.0731707	2
239	578	100	572	101	136	138	0.00344319	0	0.221729	2
240	289	104	284	102	136	137	0.00442696	0	0.230599	2
241	470	42	465	42	136	138	0.00245942	0	0.0931264	2
242	436	34	517	32	136	160	0.0418101	0	0.075388	1
243	239	47	257	55	136	144	0.0403345	0	0.104213	1
244	268	111	263	109	136	137	0.00442696	0	0.24612	2
245	224	213	221	212	136	139	0.00196754	0	0.472284	2
246	239	37	265	44	136	147	0.0368913	0	0.0820399	1
247	420	107	433	112	136	141	0.0186916	0	0.237251	1
248	195	266	207	275	136	141	0.0457452	0	0.5898	1
249	386	142	375	140	136	137	0.00737826	0	0.314856	2
250	224	35	222	37	136	139	0.0029513	0	0.0776053	2
251	259	144	253	141	136	137	0.00737826	0	0.31929	2
252	383	81	385	81	137	138	0.000983768	0	0.179601	1
253	392	97	411	105	137	140	0.0408264	0	0.215078	1
254	148	36	162	42	137	140	0.0245942	0	0.0798226	1
255	141	52	138	56	137	138	0.00934579	0	0.115299	2
256	447	374	448	378	137	138	0.00836203	0	0.829268	1
257	94	124	153	135	137	154	0.0885391	0	0.274945	1
258	434	182	437	182	137	141	0.00147565	0	0.403548	1
259	418	183	408	185	137	138	0.00688637	0	0.405765	2
260	406	144	411	147	137	138	0.00688637	0	0.31929	1
261	84	39	123	49	137	149	0.0683719	0	0.0864745	1
262	585	24	615	29	137	145	0.0270536	0	0.0532151	1
263	445	150	446	153	137	138	0.00491884	0	0.332594	1
264	587	136	597	140	137	139	0.012789	0	0.301552	1
265	592	35	681	34	137	160	0.0442696	0	0.0776053	1
266	342	166	344	167	137	138	0.00147565	0	0.368071	1
267	254	26	286	34	137	146	0.0472209	0	0.0576497	1
268	365	82	380	86	137	140	0.0152484	0	0.181818	1
269	415	32	435	40	137	142	0.0413182	0	0.0709534	1
270	451	39	463	43	137	139	0.0137727	0	0.0864745	1
271	358	124	360	125	137	138	0.00147565	0	0.274945	1
272	488	351	471	359	137	139	0.0398426	0	0.778271	2
273	270	41	284	47	137	140	0.0245942	0	0.0909091	1
274	514	27	526	32	137	140	0.0181997	0	0.059867	1
275	337	126	346	131	137	139	0.0167241	0	0.279379	1
276	373	67	373	69	137	138	0.00196754	0	0.148559	1
277	351	61	347	62	137	138	0.00245942	0	0.135255	2
278	437	308	432	313	137	139	0.0147565	0	0.682927	2
279	77	29	129	41	137	153	0.0964092	0	0.0643016	1
280	367	109	369	111	137	138	0.0029513	0	0.241685	1
281	396	63	430	70	137	147	0.0408264	0	0.13969	1
282	458	176	456	176	137	138	0.000983768	0	0.390244	2
283	193	56	201	58	137	139	0.00590261	0	0.124169	1
284	412	127	420	133	138	139	0.0216429	0	0.281596	1
285	205	217	252	202	138	160	0.133792	0	0.481153	1
286	596	109	611	110	138	140	0.00787014	0	0.241685	1
287	376	122	382	123	138	139	0.00344319	0	0.27051	1
288	633	33	668	37	138	148	0.0250861	0	0.0731707	1
289	446	52	464	53	138	140	0.00934579	0	0.115299	1
290	324	24	339	30	138	141	0.0250861	0	0.0532151	1
291	272	32	288	39	138	141	0.0319725	0	0.0709534	1
292	442	35	448	37	138	139	0.00491884	0	0.0776053	1
293	555	24	574	28	138	142	0.0172159	0	0.0532151	1
294	657	24	735	25	138	158	0.0388588	0	0.0532151	1
295	379	112	384	113	138	139	0.0029513	0	0.248337	1
296	433	327	436	329	138	139	0.00344319	0	0.725055	1
297	454	186	456	186	138	139	0.000983768	0	0.412417	1
298	455	383	462	385	139	140	0.00541072	0	0.849224	1
299	460	146	497	143	139	147	0.0226267	0	0.323725	1
300	394	83	425	87	139	145	0.0231185	0	0.184035	1
301	379	71	386	73	139	140	0.00541072	0	0.157428	1
302	291	103	302	105	139	140	0.00737826	0	0.228381	1
303	350	91	365	96	139	145	0.0196754	0	0.201774	1
304	383	39	466	36	139	160	0.0452533	0	0.0864745	1
305	227	24	249	28	139	145	0.0186916	0	0.0532151	1
306	145	30	156	33	139	142	0.00983768	0	0.0665188	1
307	455	160	476	162	139	143	0.0122971	0	0.354767	1
308	581	106	592	109	139	141	0.00983768	0	0.235033	1
309	279	168	289	170	139	140	0.00688637	0	0.372506	1
310	379	101	387	103	139	140	0.00590261	0	0.223947	1
311	450	322	442	325	140	141	0.00836203	0	0.713969	2
312	430	315	424	316	140	141	0.00344319	0	0.698448	2
313	427	137	429	139	140	141	0.0029513	0	0.303769	1
314	280	206	309	210	140	146	0.0221348	0	0.456763	1
315	227	213	230	208	140	145	0.0137727	0	0.472284	1
316	609	145	614	145	140	141	0.00245942	0	0.321508	1
317	455	39	528	34	140	160	0.0482046	0	0.0864745	1
318	392	125	395	124	140	141	0.00196754	0	0.277162	1
319	437	305	389	304	140	147	0.0241023	0	0.676275	2
320	261	193	273	190	140	142	0.0103296	0	0.427938	1
321	480	49	484	49	140	141	0.00196754	0	0.108647	1
322	409	159	408	160	140	141	0.000983768	0	0.35255	2
323	456	186	448	183	140	145	0.00836203	0	0.412417	2
324	823	51	826	52	140	141	0.00196754	0	0.113082	1
325	204	44	227	48	140	149	0.0191835	0	0.097561	1
326	470	43	476	43	140	141	0.0029513	0	0.0953437	1
327	46	42	54	43	140	143	0.00442696	0	0.0931264	1
328	139	52	138	54	140	142	0.00245942	0	0.115299	2
329	211	59	219	59	140	142	0.00393507	0	0.13082	1
330	444	364	440	366	140	141	0.00393507	0	0.807095	2
331	465	387	469	386	141	143	0.00245942	0	0.858093	1
332	167	44	176	45	141	144	0.00491884	0	0.097561	1
333	616	112	633	114	141	145	0.0103296	0	0.248337	1
334	524	49	527	49	141	142	0.00147565	0	0.108647	1
335	471	54	475	54	141	142	0.00196754	0	0.119734	1
336	605	106	605	107	141	142	0.000491884	0	0.235033	1
337	604	143	606	144	141	142	0.00147565	0	0.317073	1
338	434	158	442	157	141	143	0.00442696	0	0.350333	1
339	697	39	768	32	141	159	0.0590261	0	0.0864745	1
340	402	188	391	187	141	145	0.00590261	0	0.416851	2
341	316	108	321	108	141	142	0.00245942	0	0.239468	1
342	394	178	387	176	141	144	0.00541072	0	0.394678	2
343	416	106	428	107	141	144	0.00639449	0	0.235033	1
344	502	26	510	25	141	144	0.00442696	0	0.0576497	1
345	591	126	592	126	141	142	0.000491884	0	0.279379	1
346	223	229	226	221	141	146	0.0329562	0	0.507761	1
347	367	67	361	67	141	143	0.0029513	0	0.148559	2
348	290	44	300	44	142	145	0.00491884	0	0.097561	1
349	447	147	461	145	142	145	0.00885391	0	0.325942	1
350	435	182	432	177	142	144	0.0137727	0	0.403548	2
351	424	123	426	123	142	143	0.000983768	0	0.272727	1
352	449	370	450	370	142	143	0.000491884	0	0.820399	1
353	433	329	423	328	142	143	0.00541072	0	0.72949	2
354	396	118	397	116	142	143	0.00245942	0	0.261641	1
355	380	130	381	130	142	143	0.000491884	0	0.288248	1
356	438	113	441	112	142	143	0.00196754	0	0.250554	1
357	459	143	463	142	142	143	0.00245942	0	0.317073	1
358	209	271	218	269	142	145	0.00639449	0	0.600887	1
359	472	28	483	29	142	145	0.00590261	0	0.0620843	1
360	313	151	337	154	142	144	0.0162322	0	0.334812	1
361	426	364	389	355	142	146	0.0580423	0	0.807095	2
362	490	45	495	44	142	143	0.0029513	0	0.0997783	1
363	452	242	458	239	142	144	0.00737826	0	0.536585	1
364	342	31	351	31	142	145	0.00442696	0	0.0687361	1
365	532	47	536	46	143	144	0.00245942	0	0.104213	1
366	390	89	398	90	143	145	0.00442696	0	0.197339	1
367	328	108	344	109	143	145	0.00836203	0	0.239468	1
368	482	54	489	54	143	144	0.00344319	0	0.119734	1
369	599	147	610	156	143	151	0.0452533	0	0.325942	1
370	441	124	444	122	143	144	0.00344319	0	0.274945	1
371	439	40	454	40	143	149	0.00737826	0	0.0886918	1
372	336	53	325	51	143	146	0.00737826	0	0.117517	2
373	139	98	137	97	143	144	0.00147565	0	0.217295	2
374	625	42	640	42	143	149	0.00737826	0	0.0931264	1
375	597	128	607	133	143	147	0.0172159	0	0.283814	1
376	153	42	156	42	143	144	0.00147565	0	0.0931264	1
377	65	50	74	52	143	147	0.00639449	0	0.110865	1
378	452	229	454	226	143	144	0.00541072	0	0.507761	1
379	399	115	400	114	144	145	0.000983768	0	0.254989	1
380	429	126	432	125	144	145	0.00196754	0	0.279379	1
381	445	112	451	111	144	147	0.00344319	0	0.248337	1
382	410	163	418	162	144	146	0.00442696	0	0.361419	1
383	374	178	374	180	144	145	0.00196754	0	0.394678	1
384	486	161	502	162	144	147	0.00836203	0	0.356984	1
385	451	368	422	367	144	147	0.0147565	0	0.815965	2
386	689	63	754	54	144	160	0.0718151	0	0.13969	1
387	430	351	403	353	144	147	0.0152484	0	0.778271	2
388	448	156	451	155	144	145	0.00196754	0	0.345898	1
389	625	99	629	100	144	145	0.00245942	0	0.219512	1
390	58	45	65	45	144	147	0.00344319	0	0.0997783	1
391	329	120	339	121	144	145	0.00541072	0	0.266075	1
392	352	84	353	84	144	145	0.000491884	0	0.186253	1
393	416	327	391	324	144	147	0.0167241	0	0.725055	2
394	501	44	506	43	144	145	0.0029513	0	0.097561	1
395	542	46	544	45	145	146	0.00147565	0	0.101996	1
396	591	42	598	42	145	149	0.00344319	0	0.0931264	1
397	386	135	386	135	145	146	0	0	0.299335	1
398	383	98	391	98	145	148	0.00393507	0	0.217295	1
399	475	141	481	138	145	147	0.00737826	0	0.312639	1
400	135	98	132	101	145	148	0.00590261	0	0.217295	2
401	312	154	318	153	145	146	0.00344319	0	0.341463	1
402	137	68	135	68	145	147	0.000983768	0	0.150776	2
403	459	24	461	24	145	146	0.000983768	0	0.0532151	1
404	466	156	474	154	145	147	0.00590261	0	0.345898	1
405	344	159	351	158	145	148	0.00393507	0	0.35255	1
406	396	72	456	65	145	160	0.0536153	0	0.159645	1
407	388	88	393	88	145	147	0.00245942	0	0.195122	1
408	176	49	178	49	145	146	0.000983768	0	0.108647	1
409	159	44	161	44	145	147	0.000983768	0	0.097561	1
410	618	112	620	113	145	146	0.00147565	0	0.248337	1
411	401	115	401	115	146	147	0	0	0.254989	1
412	401	91	403	92	146	147	0.00147565	0	0.201774	1
413	353	110	359	111	146	147	0.00344319	0	0.243902	1
414	640	114	652	114	146	149	0.00590261	0	0.252772	1
415	448	139	450	137	146	147	0.0029513	0	0.308204	1
416	302	46	303	45	146	147	0.000983768	0	0.101996	1
417	617	29	621	28	146	148	0.00245942	0	0.0643016	1
418	232	207	232	206	146	149	0.000491884	0	0.45898	1
419	354	27	400	25	146	158	0.0245942	0	0.059867	1
420	251	29	253	28	146	147	0.00147565	0	0.0643016	1
421	465	145	468	144	146	147	0.00196754	0	0.321508	1
422	373	182	372	182	146	147	0.000491884	0	0.403548	2
423	375	41	380	41	146	149	0.00245942	0	0.0909091	1
424	509	44	511	44	146	147	0.000983768	0	0.097561	1
425	236	61	238	61	146	147	0.000983768	0	0.135255	1
426	430	90	432	89	146	147	0.00147565	0	0.199557	1
427	50	54	54	53	146	148	0.00245942	0	0.119734	1
428	332	64	327	63	146	147	0.0029513	0	0.141907	2
429	444	183	429	180	146	156	0.0118052	0	0.405765	2
430	420	38	477	30	146	160	0.059518	0	0.0842572	1
431	515	25	516	24	146	147	0.000983768	0	0.0554324	1
432	403	131	406	130	146	148	0.00196754	0	0.290466	1
433	546	43	549	42	147	148	0.00196754	0	0.0953437	1
434	346	46	348	46	147	148	0.000983768	0	0.101996	1
435	463	154	467	153	147	148	0.00245942	0	0.341463	1
436	288	35	294	37	147	151	0.00491884	0	0.0776053	1
437	321	50	318	49	147	148	0.00196754	0	0.110865	2
438	424	173	414	174	147	150	0.00541072	0	0.383592	2
439	388	390	399	392	147	152	0.00737826	0	0.864745	1
440	463	24	494	24	147	156	0.0152484	0	0.0532151	1
441	217	261	215	259	147	148	0.0029513	0	0.578714	2
442	43	43	74	45	147	156	0.0172159	0	0.0953437	1
443	326	153	340	156	147	150	0.0113133	0	0.339246	1
444	315	212	330	210	147	149	0.00934579	0	0.470067	1
445	454	110	454	110	148	150	0	0	0.243902	1
446	441	235	441	235	148	149	0	0	0.521064	1
447	445	120	446	122	148	149	0.00245942	0	0.266075	1
448	453	141	453	141	148	149	0	0	0.312639	1
449	508	167	574	156	148	160	0.0919823	0	0.370288	1
450	390	133	390	133	148	149	0	0	0.2949	1
451	368	113	375	113	148	149	0.00344319	0	0.250554	1
452	408	93	407	97	148	150	0.00836203	0	0.206208	2
453	478	153	480	152	148	149	0.00147565	0	0.339246	1
454	433	72	447	74	148	153	0.00885391	0	0.159645	1
455	385	326	375	327	148	149	0.00541072	0	0.722838	2
456	638	148	690	152	148	157	0.0334481	0	0.32816	1
457	368	180	363	175	148	149	0.0147565	0	0.399113	2
458	432	117	433	118	148	149	0.000983768	0	0.259424	1
459	477	136	480	134	148	149	0.00344319	0	0.301552	1
460	340	208	341	209	148	149	0.000983768	0	0.461197	1
461	410	119	411	120	148	149	0.000983768	0	0.263858	1
462	24	45	80	40	148	160	0.0398426	0	0.0997783	1
463	228	263	226	264	148	149	0.00147565	0	0.583149	2
464	161	42	161	42	148	149	0	0	0.0931264	1
465	379	362	374	365	148	149	0.00688637	0	0.802661	2
466	624	118	624	121	148	149	0.00442696	0	0.261641	1
467	187	49	228	47	148	158	0.0221348	0	0.108647	1
468	389	52	442	45	148	160	0.0501722	0	0.115299	1
469	620	150	621	152	148	151	0.00245942	0	0.332594	1
470	76	55	129	50	148	160	0.0383669	0	0.121951	1
471	134	51	131	52	148	149	0.00196754	0	0.113082	2
472	450	24	478	24	148	156	0.0137727	0	0.0532151	1
473	263	25	266	26	148	151	0.00196754	0	0.0554324	1
474	350	47	402	40	149	160	0.0496803	0	0.104213	1
475	339	45	391	38	149	160	0.0496803	0	0.0997783	1
476	619	28	637	29	149	154	0.00934579	0	0.0620843	1
477	512	47	517	48	149	151	0.0029513	0	0.104213	1
478	672	31	722	24	149	159	0.0486965	0	0.0687361	1
479	550	43	553	43	149	151	0.00147565	0	0.0953437	1
480	433	91	431	93	149	150	0.0029513	0	0.201774	2
481	674	45	728	36	149	160	0.0664043	0	0.0997783	1
482	664	45	717	36	149	160	0.0659124	0	0.0997783	1
483	55	54	58	55	149	151	0.00196754	0	0.119734	1
484	209	225	227	227	149	157	0.0108214	0	0.498891	1
485	325	47	318	49	149	150	0.00541072	0	0.104213	2
486	423	328	476	321	149	160	0.0501722	0	0.727273	1
487	397	123	397	123	149	150	0	0	0.272727	1
488	443	80	445	81	149	151	0.00147565	0	0.177384	1
489	640	43	667	41	150	156	0.0152484	0	0.0953437	1
490	481	143	486	143	150	151	0.00245942	0	0.317073	1
491	599	43	651	34	150	160	0.0654206	0	0.0953437	1
492	472	153	475	153	150	151	0.00147565	0	0.339246	1
493	453	140	455	141	150	151	0.00147565	0	0.310421	1
494	408	121	411	122	150	151	0.00196754	0	0.268293	1
495	378	112	388	111	150	151	0.00541072	0	0.248337	1
496	225	265	247	263	150	155	0.012789	0	0.587583	1
497	337	208	376	203	150	155	0.0314806	0	0.461197	1
498	620	124	629	128	150	152	0.0122971	0	0.274945	1
499	656	114	690	115	150	155	0.0172159	0	0.252772	1
500	449	121	455	122	150	152	0.00344319	0	0.268293	1
501	361	172	359	172	150	151	0.000983768	0	0.381375	2
502	454	42	481	41	150	156	0.0137727	0	0.0931264	1
503	231	44	279	38	150	159	0.0413182	0	0.097561	1
504	471	134	474	135	150	151	0.00196754	0	0.297118	1
505	381	42	433	35	150	160	0.0496803	0	0.0931264	1
506	156	42	166	43	150	153	0.00541072	0	0.0931264	1
507	342	167	347	169	150	151	0.00442696	0	0.370288	1
508	289	26	321	25	150	157	0.0162322	0	0.0576497	1
509	340	179	347	182	150	151	0.00787014	0	0.396896	1
510	285	57	287	57	150	151	0.000983768	0	0.126386	1
511	233	208	242	210	150	153	0.00639449	0	0.461197	1
512	135	104	146	103	150	156	0.00590261	0	0.230599	1
513	369	144	367	141	150	152	0.00541072	0	0.31929	2
514	210	256	209	255	150	152	0.000983768	0	0.567627	2
515	221	49	242	49	150	155	0.0103296	0	0.108647	1
516	375	183	373	181	150	151	0.0029513	0	0.405765	2
517	493	138	498	136	150	151	0.00442696	0	0.305987	1
518	386	197	384	194	150	151	0.00541072	0	0.436807	2
519	455	111	469	111	151	154	0.00688637	0	0.24612	1
520	358	331	354	328	151	152	0.00639449	0	0.733925	2
521	614	141	620	142	151	152	0.00344319	0	0.312639	1
522	363	346	355	344	151	152	0.00590261	0	0.767184	2
523	436	215	436	214	151	152	0.000491884	0	0.476718	1
524	508	129	514	128	151	152	0.00344319	0	0.286031	1
525	434	99	448	100	151	154	0.00737826	0	0.219512	1
526	358	212	418	207	151	159	0.0418101	0	0.470067	1
527	489	154	518	151	151	155	0.0186916	0	0.341463	1
528	460	121	473	123	151	154	0.00836203	0	0.268293	1
529	538	37	587	27	151	160	0.0732907	0	0.0820399	1
530	555	44	599	34	152	160	0.0708313	0	0.097561	1
531	419	123	425	123	152	153	0.0029513	0	0.272727	1
532	445	170	452	170	152	153	0.00344319	0	0.37694	1
533	461	143	478	145	152	155	0.0103296	0	0.317073	1
534	354	161	362	162	152	153	0.00442696	0	0.356984	1
535	339	322	308	323	152	157	0.0157403	0	0.713969	2
536	498	135	515	133	152	154	0.0103296	0	0.299335	1
537	412	173	412	172	152	153	0.000491884	0	0.383592	1
538	367	348	353	346	152	154	0.00885391	0	0.771619	2
539	65	56	85	55	152	156	0.0103296	0	0.124169	1
540	327	72	318	65	152	159	0.0285293	0	0.159645	2
541	354	138	363	120	152	160	0.163797	0	0.305987	1
542	139	66	140	67	153	155	0.000983768	0	0.146341	1
543	459	128	464	128	153	154	0.00245942	0	0.283814	1
544	350	343	337	344	153	155	0.00688637	0	0.760532	2
545	349	327	343	327	153	154	0.0029513	0	0.725055	2
546	439	171	438	170	153	154	0.000983768	0	0.379157	2
547	371	186	379	186	153	154	0.00393507	0	0.412417	1
548	672	175	680	173	153	154	0.00590261	0	0.388027	1
549	380	366	348	368	153	156	0.0177078	0	0.81153	2
550	369	140	372	135	153	157	0.0137727	0	0.310421	1
551	289	85	322	74	153	160	0.0757501	0	0.18847	1
552	311	66	308	66	153	154	0.00147565	0	0.146341	2
553	620	148	625	147	153	154	0.0029513	0	0.32816	1
554	661	113	680	115	153	156	0.0113133	0	0.250554	1
555	515	44	519	43	153	154	0.00245942	0	0.097561	1
556	132	53	136	53	153	156	0.00196754	0	0.117517	1
557	637	128	642	128	153	154	0.00245942	0	0.283814	1
558	291	100	323	89	153	160	0.0752582	0	0.221729	1
559	310	37	343	29	154	160	0.0477127	0	0.0820399	1
560	536	51	540	51	154	155	0.00196754	0	0.113082	1
561	173	44	186	43	154	157	0.00688637	0	0.097561	1
562	246	211	267	201	154	160	0.059518	0	0.467849	1
563	338	312	300	309	154	160	0.0231185	0	0.691796	2
564	460	169	489	167	154	158	0.0162322	0	0.374723	1
565	454	73	488	65	154	160	0.0482046	0	0.161863	1
566	417	128	431	129	154	157	0.00737826	0	0.283814	1
567	328	48	337	47	154	156	0.00491884	0	0.10643	1
568	642	28	660	25	155	158	0.0132809	0	0.0620843	1
569	524	133	540	130	155	157	0.0122971	0	0.2949	1
570	210	260	225	255	155	158	0.0196754	0	0.576497	1
571	379	164	394	162	155	157	0.00934579	0	0.363636	1
572	632	134	636	132	155	156	0.00393507	0	0.297118	1
573	527	41	556	33	155	160	0.0457452	0	0.0909091	1
574	352	339	345	340	155	156	0.00393507	0	0.751663	2
575	641	160	646	161	155	156	0.0029513	0	0.354767	1
576	437	124	442	124	155	156	0.00245942	0	0.274945	1
577	631	50	660	42	155	160	0.0457452	0	0.110865	1
578	297	51	295	50	155	156	0.00147565	0	0.113082	2
579	335	85	323	80	155	157	0.0181997	0	0.18847	2
580	511	136	526	132	155	157	0.0152484	0	0.301552	1
581	478	100	495	97	155	158	0.012789	0	0.221729	1
582	425	216	420	213	155	156	0.00688637	0	0.478936	2
583	433	98	456	93	156	159	0.0236104	0	0.217295	1
584	700	115	708	116	156	157	0.00442696	0	0.254989	1
585	435	134	439	134	156	157	0.00196754	0	0.297118	1
586	635	146	641	144	156	157	0.00491884	0	0.323725	1
587	608	59	632	52	156	160	0.0359075	0	0.13082	1
588	653	143	655	143	156	157	0.000983768	0	0.317073	1
589	296	35	301	36	156	157	0.0029513	0	0.0776053	1
590	651	123	672	119	156	160	0.0181997	0	0.272727	1
591	319	369	318	371	156	157	0.00245942	0	0.818182	2
592	673	40	691	33	157	160	0.0329562	0	0.0886918	1
593	652	163	661	162	157	158	0.00491884	0	0.361419	1
594	654	133	660	132	157	158	0.00344319	0	0.2949	1
595	643	132	649	129	157	158	0.00737826	0	0.292683	1
596	521	149	546	141	157	160	0.0437777	0	0.330377	1
597	642	163	663	151	157	160	0.0811608	0	0.361419	1
598	442	116	450	115	157	158	0.00442696	0	0.257206	1
599	493	157	501	155	157	158	0.00590261	0	0.348115	1
600	388	193	395	188	157	158	0.0157403	0	0.427938	1
601	80	47	88	45	157	158	0.00590261	0	0.104213	1
602	541	51	551	48	157	158	0.00934579	0	0.113082	1
603	454	224	468	215	157	160	0.046729	0	0.496674	1
604	685	40	704	33	157	160	0.0334481	0	0.0886918	1
605	344	34	363	27	157	160	0.0334481	0	0.075388	1
606	563	48	582	42	157	160	0.0270536	0	0.10643	1
607	92	55	111	48	157	160	0.0334481	0	0.121951	1
608	420	181	422	180	157	158	0.00147565	0	0.40133	1
609	499	138	507	134	158	159	0.0118052	0	0.305987	1
610	550	134	565	128	158	160	0.0250861	0	0.297118	1
611	202	35	212	30	158	160	0.0172159	0	0.0776053	1
612	386	173	389	167	158	159	0.0191835	0	0.383592	1
613	439	179	439	176	158	159	0.00442696	0	0.396896	1
614	481	117	493	112	158	160	0.0181997	0	0.259424	1
615	312	331	304	328	158	159	0.00836203	0	0.733925	2
616	396	166	404	162	158	159	0.0118052	0	0.368071	1
617	650	142	662	139	158	160	0.0103296	0	0.314856	1
618	159	41	170	35	158	160	0.0231185	0	0.0909091	1
619	527	38	538	33	158	160	0.0177078	0	0.0842572	1
620	419	194	418	191	158	159	0.00491884	0	0.430155	2
621	440	113	452	109	158	160	0.0137727	0	0.250554	1
622	143	52	146	48	158	159	0.00934579	0	0.115299	1
623	376	133	377	126	158	160	0.0245942	0	0.2949	1
624	448	206	451	202	158	160	0.00934579	0	0.456763	1
625	472	135	475	134	159	160	0.00196754	0	0.299335	1
626	653	125	655	123	159	160	0.0029513	0	0.277162	1
627	500	112	504	109	159	160	0.00639449	0	0.248337	1
628	664	130	666	128	159	160	0.0029513	0	0.288248	1
629	27	51	30	49	159	160	0.00344319	0	0.113082	1
630	549	127	554	125	159	160	0.00442696	0	0.281596	1
631	234	247	235	244	159	160	0.00491884	0	0.547672	1
632	148	65	146	61	159	160	0.00885391	0	0.144124	2
633	499	165	503	162	159	160	0.00639449	0	0.365854	1
634	327	372	325	370	159	160	0.0029513	0	0.824834	2
635	512	151	516	149	159	160	0.00393507	0	0.334812	1
636	731	118	736	116	159	160	0.00442696	0	0.261641	1
637	445	130	446	129	159	160	0.000983768	0	0.288248	1
638	237	44	239	42	159	160	0.0029513	0	0.097561	1
639	314	333	300	330	159	160	0.0113133	0	0.738359	2
640	296	46	291	43	159	160	0.00688637	0	0.101996	2
641	491	102	497	99	159	160	0.00737826	0	0.226164	1
642	709	117	715	116	159	160	0.00344319	0	0.259424	1
643	46	32	49	29	159	160	0.00590261	0	0.0709534	1