
0	475	433	475	433	22	23	0	0	0.951648	1
1	407	417	407	417	22	23	0	0	0.916484	1
2	249	212	249	210	22	23	0.0207254	0	0.465934	1
3	273	130	273	129	22	23	0.00518135	0	0.285714	1
4	152	179	153	175	22	24	0.0880829	0	0.393407	1
5	513	442	512	441	22	29	0.0103627	0	0.971429	2
6	306	414	305	414	22	25	0.00518135	0	0.90989	2
7	340	189	340	187	22	23	0.0207254	0	0.415385	1
8	275	226	275	224	23	24	0.0207254	0	0.496703	1
9	454	135	455	133	23	24	0.0259067	0	0.296703	1
10	522	178	521	176	23	24	0.0259067	0	0.391209	2
11	376	180	377	175	23	25	0.134715	0	0.395604	1
12	392	186	391	184	23	24	0.0259067	0	0.408791	2
13	394	422	394	422	23	27	0	0	0.927473	1
14	615	194	611	189	23	24	0.150259	0	0.426374	2
15	357	424	355	423	23	26	0.015544	0	0.931868	2
16	479	445	478	445	24	25	0.00518135	0	0.978022	2
17	408	417	409	416	24	31	0.0103627	0	0.916484	1
18	60	268	60	269	24	25	0.00518135	0	0.589011	1
19	199	175	200	176	24	26	0.0103627	0	0.384615	1
20	342	205	344	199	24	26	0.196891	0	0.450549	1
21	139	203	141	202	24	25	0.015544	0	0.446154	1
22	404	140	402	138	24	25	0.0310881	0	0.307692	2
23	534	209	534	208	24	25	0.00518135	0	0.459341	1
24	656	424	645	430	24	59	0.243523	0	0.931868	2
25	160	254	155	262	24	29	0.357513	0	0.558242	2
26	414	168	416	166	24	25	0.0310881	0	0.369231	1
27	172	284	169	289	24	29	0.145078	0	0.624176	2
28	322	432	321	431	25	29	0.0103627	0	0.949451	2
29	472	431	475	432	25	27	0.0207254	0	0.947253	1
30	202	327	203	327	25	26	0.00518135	0	0.718681	1
31	311	200	311	200	25	26	0	0	0.43956	1
32	420	422	422	422	25	27	0.0103627	0	0.927473	1
33	275	220	275	216	25	26	0.0829016	0	0.483516	1
34	209	164	211	163	25	26	0.015544	0	0.36044	1
35	628	208	628	208	25	27	0	0	0.457143	1
36	645	186	651	181	25	27	0.160622	0	0.408791	1
37	273	127	277	127	25	27	0.0207254	0	0.279121	1
38	356	236	356	235	25	26	0.00518135	0	0.518681	1
39	594	437	594	442	25	43	0.129534	0	0.96044	1
40	458	174	458	176	25	26	0.0207254	0	0.382418	1
41	365	172	366	169	25	26	0.0518135	0	0.378022	1
42	70	271	73	271	25	26	0.015544	0	0.595604	1
43	480	445	481	445	26	27	0.00518135	0	0.978022	1
44	378	173	378	170	26	28	0.0466321	0	0.38022	1
45	306	415	305	415	26	29	0.00518135	0	0.912088	2
46	223	167	229	169	26	29	0.0518135	0	0.367033	1
47	527	165	527	163	26	27	0.0207254	0	0.362637	1
48	61	284	59	287	26	27	0.0569948	0	0.624176	2
49	536	208	537	206	26	27	0.0259067	0	0.457143	1
50	276	115	279	115	26	29	0.015544	0	0.252747	1
51	203	329	201	327	27	30	0.0310881	0	0.723077	2
52	365	435	357	441	27	60	0.227979	0	0.956044	2
53	312	199	317	197	27	29	0.0466321	0	0.437363	1
54	368	168	367	166	27	28	0.0259067	0	0.369231	2
55	246	222	251	221	27	28	0.0310881	0	0.487912	1
56	365	151	365	149	27	28	0.0207254	0	0.331868	1
57	86	424	84	423	27	29	0.015544	0	0.931868	2
58	78	272	83	273	27	28	0.0310881	0	0.597802	1
59	201	176	206	174	27	29	0.0466321	0	0.386813	1
60	383	138	385	137	27	28	0.015544	0	0.303297	1
61	410	211	410	210	27	28	0.00518135	0	0.463736	1
62	607	178	605	177	27	28	0.015544	0	0.391209	2
63	477	432	477	431	28	29	0.00518135	0	0.949451	1
64	96	415	100	417	28	35	0.0414508	0	0.912088	1
65	357	182	356	180	28	29	0.0259067	0	0.4	2
66	81	257	83	256	28	29	0.015544	0	0.564835	1
67	490	437	489	436	28	29	0.0103627	0	0.96044	2
68	219	164	223	163	28	29	0.0259067	0	0.36044	1
69	458	131	459	129	28	29	0.0259067	0	0.287912	1
70	528	162	528	160	28	29	0.0207254	0	0.356044	1
71	653	181	643	188	28	32	0.305699	0	0.397802	2
72	394	422	393	421	28	29	0.0103627	0	0.927473	2
73	91	299	92	299	28	29	0.00518135	0	0.657143	1
74	421	422	420	422	28	29	0.00518135	0	0.927473	2
75	341	183	339	176	28	35	0.264249	0	0.402198	2
76	63	252	65	251	28	29	0.015544	0	0.553846	1
77	57	290	59	287	28	31	0.0569948	0	0.637363	1
78	623	212	622	210	28	30	0.0259067	0	0.465934	2
79	403	137	402	136	28	29	0.0103627	0	0.301099	2
80	167	328	166	328	29	34	0.00518135	0	0.720879	2
81	378	169	377	167	29	30	0.0259067	0	0.371429	2
82	772	454	774	454	29	34	0.0103627	0	0.997802	1
83	479	441	480	441	29	31	0.00518135	0	0.969231	1
84	148	205	148	205	29	30	0	0	0.450549	1
85	377	158	377	156	29	30	0.0207254	0	0.347253	1
86	171	271	167	270	29	30	0.0259067	0	0.595604	2
87	612	166	612	161	29	31	0.129534	0	0.364835	1
88	328	453	330	454	30	34	0.015544	0	0.995604	1
89	320	433	311	440	30	58	0.300518	0	0.951648	2
90	171	418	167	423	30	50	0.150259	0	0.918681	2
91	548	433	552	438	30	39	0.150259	0	0.951648	1
92	545	176	543	172	30	32	0.0932642	0	0.386813	2
93	214	175	221	174	30	31	0.0414508	0	0.384615	1
94	478	431	483	432	30	34	0.0310881	0	0.947253	1
95	393	423	393	430	30	39	0.253886	0	0.92967	1
96	138	423	141	427	30	38	0.0984456	0	0.92967	1
97	489	437	489	436	30	32	0.00518135	0	0.96044	1
98	124	414	129	418	30	37	0.108808	0	0.90989	1
99	565	430	569	435	30	39	0.150259	0	0.945055	1
100	346	202	345	200	30	31	0.0259067	0	0.443956	2
101	309	428	309	427	30	31	0.00518135	0	0.940659	1
102	350	182	347	180	30	33	0.0362694	0	0.4	2
103	167	198	171	197	30	31	0.0259067	0	0.435165	1
104	398	139	399	136	30	33	0.0518135	0	0.305495	1
105	512	442	507	447	30	48	0.15544	0	0.971429	2
106	364	226	364	225	30	31	0.00518135	0	0.496703	1
107	233	132	239	130	30	32	0.0518135	0	0.29011	1
108	84	422	84	422	30	33	0	0	0.927473	1
109	461	129	462	127	30	31	0.0259067	0	0.283516	1
110	278	178	283	173	30	32	0.15544	0	0.391209	1
111	98	115	102	115	30	33	0.0207254	0	0.252747	1
112	379	166	387	168	31	35	0.0621762	0	0.364835	1
113	438	127	435	126	31	32	0.0207254	0	0.279121	2
114	537	156	539	154	31	32	0.0310881	0	0.342857	1
115	360	143	359	141	31	32	0.0259067	0	0.314286	2
116	396	206	398	205	31	32	0.015544	0	0.452747	1
117	430	146	433	145	31	32	0.0207254	0	0.320879	1
118	234	144	236	142	31	32	0.0310881	0	0.316484	1
119	414	153	416	153	31	32	0.0103627	0	0.336264	1
120	641	439	633	447	31	60	0.373057	0	0.964835	2
121	181	418	174	424	31	56	0.222798	0	0.918681	2
122	263	453	263	454	31	33	0.00518135	0	0.995604	1
123	822	30	822	31	31	34	0.00518135	0	0.0659341	1
124	410	420	411	422	32	34	0.0259067	0	0.923077	1
125	308	428	308	432	32	42	0.0829016	0	0.940659	1
126	446	131	445	131	32	33	0.00518135	0	0.287912	2
127	457	117	457	117	32	33	0	0	0.257143	1
128	397	148	397	148	32	33	0	0	0.325275	1
129	149	205	169	207	32	36	0.124352	0	0.450549	1
130	629	172	629	172	32	33	0	0	0.378022	1
131	365	226	365	226	32	33	0	0	0.496703	1
132	146	258	138	259	32	37	0.0466321	0	0.567033	2
133	614	161	621	161	32	37	0.0362694	0	0.353846	1
134	545	173	547	172	33	34	0.015544	0	0.38022	1
135	232	165	235	160	33	34	0.145078	0	0.362637	1
136	358	150	357	150	33	34	0.00518135	0	0.32967	2
137	102	133	108	136	33	37	0.0777202	0	0.292308	1
138	541	159	542	158	33	34	0.0103627	0	0.349451	1
139	193	323	188	322	33	34	0.0310881	0	0.70989	2
140	244	133	248	133	33	34	0.0207254	0	0.292308	1
141	367	165	369	165	33	34	0.0103627	0	0.362637	1
142	466	127	467	127	33	34	0.00518135	0	0.279121	1
143	423	416	426	417	34	35	0.0207254	0	0.914286	1
144	416	128	419	128	34	35	0.015544	0	0.281319	1
145	629	186	630	186	34	35	0.00518135	0	0.408791	1
146	400	208	405	210	34	36	0.0466321	0	0.457143	1
147	347	180	348	179	34	35	0.0103627	0	0.395604	1
148	400	147	404	146	34	35	0.0259067	0	0.323077	1
149	247	143	253	142	34	35	0.0362694	0	0.314286	1
150	156	267	156	267	34	35	0	0	0.586813	1
151	232	175	236	175	34	35	0.0207254	0	0.384615	1
152	433	179	439	180	34	35	0.0362694	0	0.393407	1
153	631	173	634	173	34	35	0.015544	0	0.38022	1
154	627	163	632	161	34	38	0.0466321	0	0.358242	1
155	358	140	356	142	34	37	0.0310881	0	0.307692	2
156	105	115	119	122	34	41	0.326425	0	0.252747	1
157	86	439	84	442	34	42	0.0569948	0	0.964835	2
158	488	434	490	435	35	36	0.015544	0	0.953846	1
159	360	187	360	186	35	36	0.00518135	0	0.410989	1
160	552	172	556	173	35	36	0.0259067	0	0.378022	1
161	538	152	541	152	35	36	0.015544	0	0.334066	1
162	462	168	464	168	35	36	0.0103627	0	0.369231	1
163	414	418	409	422	35	42	0.108808	0	0.918681	2
164	294	173	299	173	35	36	0.0259067	0	0.38022	1
165	491	444	491	446	35	37	0.0207254	0	0.975824	1
166	451	131	454	131	35	36	0.015544	0	0.287912	1
167	359	150	358	151	35	36	0.0103627	0	0.32967	2
168	442	157	448	157	35	36	0.0310881	0	0.345055	1
169	341	436	329	440	35	59	0.145078	0	0.958242	2
170	261	167	275	170	35	38	0.119171	0	0.367033	1
171	90	427	88	430	35	40	0.0569948	0	0.938462	2
172	140	436	138	439	35	40	0.0569948	0	0.958242	2
173	470	125	472	126	35	36	0.015544	0	0.274725	1
174	358	434	346	436	35	59	0.0829016	0	0.953846	2
175	185	322	179	322	35	36	0.0310881	0	0.707692	2
176	437	126	440	125	35	36	0.0207254	0	0.276923	1
177	428	420	424	420	36	38	0.0207254	0	0.923077	2
178	97	416	90	416	36	42	0.0362694	0	0.914286	2
179	391	171	391	172	36	37	0.00518135	0	0.375824	1
180	633	187	632	186	36	37	0.0103627	0	0.410989	2
181	348	182	324	169	36	46	1	0	0.4	2
182	422	129	422	128	36	38	0.00518135	0	0.283516	1
183	156	269	152	269	36	37	0.0207254	0	0.591209	2
184	637	174	635	171	36	38	0.0569948	0	0.382418	2
185	285	454	281	454	36	38	0.0207254	0	0.997802	2
186	111	108	111	109	36	37	0.00518135	0	0.237363	1
187	89	305	86	305	36	38	0.015544	0	0.67033	2
188	424	443	421	443	37	38	0.015544	0	0.973626	2
189	350	454	344	454	37	43	0.0310881	0	0.997802	2
190	464	168	464	166	37	38	0.0207254	0	0.369231	1
191	489	436	489	437	37	40	0.00518135	0	0.958242	1
192	403	212	403	210	37	40	0.0207254	0	0.465934	1
193	396	162	397	161	37	38	0.0103627	0	0.356044	1
194	360	454	354	454	37	43	0.0310881	0	0.997802	2
195	472	127	471	126	37	38	0.0103627	0	0.279121	2
196	178	209	183	207	37	38	0.0466321	0	0.459341	1
197	548	158	544	158	37	38	0.0207254	0	0.347253	2
198	457	198	458	198	37	38	0.00518135	0	0.435165	1
199	452	156	454	154	37	38	0.0310881	0	0.342857	1
200	557	175	556	175	37	38	0.00518135	0	0.384615	2
201	370	151	366	151	37	38	0.0207254	0	0.331868	2
202	244	177	250	178	37	38	0.0362694	0	0.389011	1
203	565	455	563	454	37	38	0.015544	0	1	2
204	73	410	68	412	38	44	0.0466321	0	0.901099	2
205	170	331	169	330	38	40	0.0103627	0	0.727473	2
206	394	172	403	167	38	41	0.176166	0	0.378022	1
207	374	192	375	190	38	39	0.0259067	0	0.421978	1
208	632	185	633	183	38	39	0.0259067	0	0.406593	1
209	135	260	132	259	38	39	0.0207254	0	0.571429	2
210	351	150	346	150	38	40	0.0259067	0	0.32967	2
211	303	171	309	166	38	41	0.160622	0	0.375824	1
212	129	419	124	419	38	43	0.0259067	0	0.920879	2
213	106	288	115	283	38	40	0.176166	0	0.632967	1
214	390	135	397	132	38	45	0.0829016	0	0.296703	1
215	187	174	199	170	38	42	0.145078	0	0.382418	1
216	407	181	415	178	38	42	0.0880829	0	0.397802	1
217	421	443	420	443	39	40	0.00518135	0	0.973626	2
218	426	128	428	127	39	40	0.015544	0	0.281319	1
219	472	125	477	123	39	42	0.0466321	0	0.274725	1
220	142	287	138	286	39	40	0.0259067	0	0.630769	2
221	142	428	132	428	39	60	0.0518135	0	0.940659	2
222	543	159	543	157	39	40	0.0207254	0	0.349451	1
223	460	201	461	202	39	40	0.0103627	0	0.441758	1
224	426	416	419	416	39	44	0.0362694	0	0.914286	2
225	364	151	349	146	39	44	0.207254	0	0.331868	2
226	422	426	421	426	39	41	0.00518135	0	0.936264	2
227	402	160	405	158	39	40	0.0362694	0	0.351648	1
228	443	123	445	120	39	42	0.0569948	0	0.27033	1
229	353	225	350	224	39	42	0.0207254	0	0.494505	2
230	482	125	484	124	39	40	0.015544	0	0.274725	1
231	349	140	345	137	39	41	0.0673575	0	0.307692	2
232	274	136	283	134	39	41	0.0673575	0	0.298901	1
233	280	237	280	234	39	41	0.0466321	0	0.520879	1
234	632	200	632	199	39	40	0.00518135	0	0.43956	1
235	553	439	550	438	40	42	0.0207254	0	0.964835	2
236	334	455	329	454	40	43	0.0310881	0	1	2
237	554	157	554	155	40	41	0.0207254	0	0.345055	1
238	575	455	572	454	40	42	0.0207254	0	1	2
239	142	271	138	270	40	41	0.0259067	0	0.595604	2
240	635	182	633	180	40	42	0.0310881	0	0.4	2
241	418	134	418	133	40	41	0.00518135	0	0.294505	1
242	283	173	284	173	40	41	0.00518135	0	0.38022	1
243	394	432	378	433	40	57	0.0880829	0	0.949451	2
244	434	179	435	179	40	41	0.00518135	0	0.393407	1
245	571	436	570	435	40	41	0.0103627	0	0.958242	2
246	620	158	617	155	40	42	0.0621762	0	0.347253	2
247	565	455	561	454	40	43	0.0259067	0	1	2
248	294	455	288	454	40	44	0.0362694	0	1	2
249	435	455	431	454	40	42	0.0259067	0	1	2
250	122	97	126	95	40	42	0.0414508	0	0.213187	1
251	420	444	414	444	41	44	0.0310881	0	0.975824	2
252	167	329	162	326	41	42	0.0725389	0	0.723077	2
253	553	170	550	166	41	42	0.0984456	0	0.373626	2
254	540	441	536	441	41	44	0.0207254	0	0.969231	2
255	404	208	403	208	41	43	0.00518135	0	0.457143	2
256	486	124	487	124	41	42	0.00518135	0	0.272527	1
257	128	262	122	262	41	42	0.0310881	0	0.575824	2
258	113	272	109	275	41	42	0.0673575	0	0.597802	2
259	343	173	339	171	41	42	0.0414508	0	0.38022	2
260	342	148	338	145	41	42	0.0673575	0	0.325275	2
261	346	163	343	160	41	42	0.0621762	0	0.358242	2
262	390	175	391	172	41	42	0.0518135	0	0.384615	1
263	190	204	200	201	41	44	0.0984456	0	0.448352	1
264	368	200	367	198	42	43	0.0259067	0	0.43956	2
265	404	167	405	167	42	43	0.00518135	0	0.367033	1
266	282	174	281	174	42	43	0.00518135	0	0.382418	2
267	596	453	593	453	42	44	0.015544	0	0.995604	2
268	80	416	77	416	42	44	0.015544	0	0.914286	2
269	315	172	313	170	42	43	0.0310881	0	0.378022	2
270	293	143	298	141	42	43	0.0466321	0	0.314286	1
271	214	178	212	179	42	43	0.015544	0	0.391209	2
272	466	163	469	163	42	43	0.015544	0	0.358242	1
273	420	426	417	426	42	44	0.015544	0	0.936264	2
274	586	442	585	443	42	44	0.0103627	0	0.971429	2
275	402	157	403	157	42	43	0.00518135	0	0.345055	1
276	158	336	154	333	42	43	0.0673575	0	0.738462	2
277	478	423	472	424	42	60	0.0362694	0	0.92967	2
278	452	174	454	173	42	43	0.015544	0	0.382418	1
279	136	439	131	439	42	51	0.0259067	0	0.964835	2
280	550	439	549	439	43	44	0.00518135	0	0.964835	2
281	94	417	92	417	43	44	0.0103627	0	0.916484	2
282	479	124	483	121	43	46	0.0673575	0	0.272527	1
283	549	165	548	164	43	44	0.0103627	0	0.362637	2
284	443	446	440	446	43	60	0.015544	0	0.98022	2
285	335	171	333	169	43	44	0.0310881	0	0.375824	2
286	428	125	433	121	43	46	0.108808	0	0.274725	1
287	290	213	291	212	43	44	0.0103627	0	0.468132	1
288	554	152	556	150	43	45	0.0310881	0	0.334066	1
289	489	126	489	125	43	44	0.00518135	0	0.276923	1
290	293	165	297	161	43	44	0.103627	0	0.362637	1
291	105	292	82	284	43	47	0.450777	0	0.641758	2
292	405	431	403	431	43	45	0.0103627	0	0.947253	2
293	116	264	109	266	43	44	0.0569948	0	0.58022	2
294	212	193	217	193	43	44	0.0259067	0	0.424176	1
295	563	437	563	437	43	44	0	0	0.96044	1
296	204	157	225	147	43	51	0.626943	0	0.345055	1
297	349	223	346	220	43	44	0.0621762	0	0.49011	2
298	488	438	485	437	43	50	0.0207254	0	0.962637	2
299	202	171	206	171	43	44	0.0207254	0	0.375824	1
300	408	168	418	168	44	48	0.0518135	0	0.369231	1
301	283	175	287	173	44	45	0.0414508	0	0.384615	1
302	303	138	307	136	44	45	0.0414508	0	0.303297	1
303	431	203	433	204	44	45	0.015544	0	0.446154	1
304	309	163	309	161	44	45	0.0207254	0	0.358242	1
305	462	170	469	170	44	46	0.0362694	0	0.373626	1
306	631	179	629	177	44	45	0.0310881	0	0.393407	2
307	150	327	142	323	44	45	0.124352	0	0.718681	2
308	110	336	108	336	44	46	0.0103627	0	0.738462	2
309	100	138	99	137	44	45	0.0103627	0	0.303297	2
310	413	136	413	136	44	45	0	0	0.298901	1
311	82	428	78	427	44	50	0.0259067	0	0.940659	2
312	79	418	73	417	45	56	0.0362694	0	0.918681	2
313	90	418	88	417	45	48	0.015544	0	0.918681	2
314	68	413	64	413	45	60	0.0207254	0	0.907692	2
315	343	455	343	455	45	46	0	0	1	1
316	536	442	534	441	45	49	0.015544	0	0.971429	2
317	378	199	386	199	45	46	0.0414508	0	0.437363	1
318	414	445	412	444	45	51	0.015544	0	0.978022	2
319	547	440	545	439	45	50	0.015544	0	0.967033	2
320	353	455	348	454	45	60	0.0310881	0	1	2
321	413	425	408	425	45	60	0.0259067	0	0.934066	2
322	562	455	567	453	45	60	0.0466321	0	1	1
323	333	168	334	166	45	46	0.0259067	0	0.369231	1
324	294	212	296	210	45	46	0.0310881	0	0.465934	1
325	628	166	627	162	45	47	0.0880829	0	0.364835	2
326	446	126	449	122	45	47	0.0984456	0	0.276923	1
327	335	144	334	143	45	46	0.0103627	0	0.316484	2
328	491	124	494	117	45	49	0.26943	0	0.272527	1
329	600	455	599	453	45	52	0.0259067	0	1	2
330	479	164	482	164	45	46	0.015544	0	0.36044	1
331	213	210	213	210	45	46	0	0	0.461538	1
332	407	212	409	212	45	46	0.0103627	0	0.465934	1
333	624	155	624	149	45	48	0.186528	0	0.340659	1
334	221	188	227	184	45	46	0.11399	0	0.413187	1
335	182	238	203	228	45	48	0.626943	0	0.523077	1
336	227	434	222	433	45	60	0.0310881	0	0.953846	2
337	123	420	120	420	45	51	0.015544	0	0.923077	2
338	410	157	419	156	45	48	0.0518135	0	0.345055	1
339	127	410	123	409	45	60	0.0259067	0	0.901099	2
340	192	208	198	205	45	46	0.0777202	0	0.457143	1
341	288	455	280	453	45	60	0.0621762	0	1	2
342	396	147	399	147	45	46	0.015544	0	0.323077	1
343	322	455	315	454	46	55	0.0414508	0	1	2
344	427	448	426	447	46	60	0.0103627	0	0.984615	2
345	591	444	591	443	46	47	0.00518135	0	0.975824	1
346	134	321	125	320	46	47	0.0518135	0	0.705495	2
347	572	455	577	454	46	60	0.0310881	0	1	1
348	628	176	624	171	46	49	0.150259	0	0.386813	2
349	437	207	438	209	46	47	0.0259067	0	0.454945	1
350	425	201	426	201	46	47	0.00518135	0	0.441758	1
351	405	435	398	435	46	59	0.0362694	0	0.956044	2
352	623	193	622	191	46	47	0.0259067	0	0.424176	2
353	312	135	315	133	46	47	0.0362694	0	0.296703	1
354	353	426	347	426	46	58	0.0310881	0	0.936264	2
355	98	160	94	158	46	54	0.0414508	0	0.351648	2
356	400	166	405	166	46	48	0.0259067	0	0.364835	1
357	98	271	92	270	46	47	0.0362694	0	0.595604	2
358	821	37	816	37	46	60	0.0259067	0	0.0813187	2
359	109	337	106	334	47	49	0.0621762	0	0.740659	2
360	342	455	337	454	47	60	0.0310881	0	1	2
361	436	121	437	118	47	49	0.0518135	0	0.265934	1
362	551	161	553	156	47	49	0.139896	0	0.353846	1
363	396	198	388	195	47	48	0.0880829	0	0.435165	2
364	422	146	424	145	47	48	0.015544	0	0.320879	1
365	487	166	490	165	47	48	0.0207254	0	0.364835	1
366	482	112	483	108	47	50	0.0880829	0	0.246154	1
367	537	455	536	454	47	51	0.0103627	0	1	2
368	422	134	422	131	47	49	0.0466321	0	0.294505	1
369	474	170	478	170	47	48	0.0207254	0	0.373626	1
370	321	159	322	158	47	48	0.0103627	0	0.349451	1
371	406	127	406	124	47	49	0.0466321	0	0.279121	1
372	105	288	95	284	47	49	0.134715	0	0.632967	2
373	333	167	335	165	48	50	0.0310881	0	0.367033	1
374	553	145	553	142	48	49	0.0466321	0	0.318681	1
375	437	178	434	176	48	49	0.0362694	0	0.391209	2
376	438	210	438	209	48	49	0.00518135	0	0.461538	1
377	235	177	237	173	48	50	0.0932642	0	0.389011	1
378	627	161	627	159	48	49	0.0207254	0	0.353846	1
379	88	264	82	260	48	49	0.11399	0	0.58022	2
380	340	214	339	212	48	52	0.0259067	0	0.47033	2
381	86	417	85	417	49	50	0.00518135	0	0.916484	2
382	421	167	423	166	49	50	0.015544	0	0.367033	1
383	308	155	309	153	49	50	0.0259067	0	0.340659	1
384	389	195	405	193	49	52	0.103627	0	0.428571	1
385	506	447	505	447	49	60	0.00518135	0	0.982418	2
386	431	161	434	160	49	50	0.0207254	0	0.353846	1
387	98	269	84	259	49	53	0.590674	0	0.591209	2
388	625	148	627	145	49	51	0.0569948	0	0.325275	1
389	427	145	430	144	49	50	0.0207254	0	0.318681	1
390	493	168	497	168	49	50	0.0207254	0	0.369231	1
391	150	434	148	434	49	60	0.0103627	0	0.953846	2
392	421	156	427	154	49	51	0.0518135	0	0.342857	1
393	458	200	462	198	49	50	0.0414508	0	0.43956	1
394	499	156	508	156	49	51	0.0466321	0	0.342857	1
395	218	195	231	190	49	52	0.196891	0	0.428571	1
396	208	226	221	225	49	51	0.0725389	0	0.496703	1
397	607	163	609	159	49	51	0.0932642	0	0.358242	1
398	392	429	387	428	49	58	0.0310881	0	0.942857	2
399	374	205	378	201	50	51	0.103627	0	0.450549	1
400	557	155	563	153	50	52	0.0518135	0	0.340659	1
401	535	442	536	441	50	52	0.0103627	0	0.971429	1
402	555	141	555	139	50	51	0.0207254	0	0.30989	1
403	624	170	628	164	50	53	0.207254	0	0.373626	1
404	424	130	427	125	50	53	0.145078	0	0.285714	1
405	438	118	439	117	50	51	0.0103627	0	0.259341	1
406	487	118	489	112	50	53	0.196891	0	0.259341	1
407	440	209	441	207	50	51	0.0259067	0	0.459341	1
408	552	455	554	453	50	59	0.0310881	0	1	1
409	78	258	69	249	50	53	0.466321	0	0.567033	2
410	628	159	630	155	50	52	0.0932642	0	0.349451	1
411	89	321	67	319	50	58	0.134715	0	0.705495	2
412	410	159	414	158	50	51	0.0259067	0	0.349451	1
413	417	179	422	176	50	52	0.0725389	0	0.393407	1
414	768	453	764	453	50	60	0.0207254	0	0.995604	2
415	288	205	291	202	50	52	0.0621762	0	0.450549	1
416	88	421	88	421	51	52	0	0	0.925275	1
417	337	163	339	160	51	52	0.0569948	0	0.358242	1
418	427	165	432	163	51	53	0.0466321	0	0.362637	1
419	437	159	440	157	51	52	0.0362694	0	0.349451	1
420	546	439	546	438	51	52	0.00518135	0	0.964835	1
421	167	424	163	423	51	57	0.0259067	0	0.931868	2
422	407	187	412	189	51	52	0.0466321	0	0.410989	1
423	329	455	326	454	51	54	0.0207254	0	1	2
424	486	438	482	438	51	59	0.0207254	0	0.962637	2
425	317	154	318	152	51	52	0.0259067	0	0.338462	1
426	412	121	414	119	51	52	0.0310881	0	0.265934	1
427	101	262	98	259	51	52	0.0621762	0	0.575824	2
428	627	187	627	184	51	52	0.0466321	0	0.410989	1
429	413	445	410	444	52	54	0.0207254	0	0.978022	2
430	141	451	135	450	52	60	0.0362694	0	0.991209	2
431	537	455	534	454	52	54	0.0207254	0	1	2
432	556	139	555	137	52	53	0.0259067	0	0.305495	2
433	441	117	440	115	52	54	0.0259067	0	0.257143	2
434	478	164	477	163	52	53	0.0103627	0	0.36044	2
435	430	153	431	152	52	53	0.0103627	0	0.336264	1
436	442	207	442	206	52	54	0.00518135	0	0.454945	1
437	486	105	487	99	52	56	0.19171	0	0.230769	1
438	96	277	86	274	52	54	0.0984456	0	0.608791	2
439	627	145	622	141	52	55	0.108808	0	0.318681	2
440	132	441	128	441	52	59	0.0207254	0	0.969231	2
441	84	280	79	278	52	53	0.0466321	0	0.615385	2
442	241	174	252	162	52	58	0.803109	0	0.382418	1
443	440	178	442	177	52	54	0.015544	0	0.391209	1
444	150	89	169	86	52	57	0.145078	0	0.195604	1
445	302	428	300	428	53	54	0.0103627	0	0.940659	2
446	536	444	533	444	53	57	0.015544	0	0.975824	2
447	336	158	337	155	53	55	0.0518135	0	0.347253	1
448	546	439	544	439	53	54	0.0103627	0	0.964835	2
449	565	152	564	146	53	56	0.19171	0	0.334066	2
450	598	454	595	453	53	56	0.0207254	0	0.997802	2
451	443	157	446	156	53	55	0.0207254	0	0.345055	1
452	625	181	623	180	53	54	0.015544	0	0.397802	2
453	94	258	90	257	53	54	0.0259067	0	0.567033	2
454	458	110	455	110	53	55	0.015544	0	0.241758	2
455	291	201	292	196	53	56	0.134715	0	0.441758	1
456	566	138	565	136	53	54	0.0259067	0	0.303297	2
457	499	113	498	110	53	55	0.0518135	0	0.248352	2
458	418	208	419	207	53	54	0.0103627	0	0.457143	1
459	311	136	307	136	53	54	0.0207254	0	0.298901	2
460	434	164	435	164	54	55	0.00518135	0	0.36044	1
461	488	111	492	107	54	58	0.103627	0	0.243956	1
462	555	136	554	134	54	55	0.0259067	0	0.298901	2
463	629	163	627	161	54	57	0.0310881	0	0.358242	2
464	80	260	72	257	54	57	0.0880829	0	0.571429	2
465	66	248	56	239	54	59	0.471503	0	0.545055	2
466	402	168	404	167	54	55	0.015544	0	0.369231	1
467	231	169	236	167	54	56	0.0466321	0	0.371429	1
468	210	267	227	262	54	56	0.217617	0	0.586813	1
469	434	153	435	153	54	55	0.00518135	0	0.336264	1
470	476	162	475	160	54	55	0.0259067	0	0.356044	2
471	77	427	75	427	54	55	0.0103627	0	0.938462	2
472	342	174	342	173	54	55	0.00518135	0	0.382418	1
473	300	428	299	428	55	57	0.00518135	0	0.940659	2
474	410	446	410	445	55	57	0.00518135	0	0.98022	1
475	534	455	534	454	55	57	0.00518135	0	1	1
476	86	258	83	257	55	56	0.0207254	0	0.567033	2
477	441	115	442	114	55	56	0.0103627	0	0.252747	1
478	544	439	544	438	55	59	0.00518135	0	0.964835	1
479	318	151	319	151	55	56	0.00518135	0	0.331868	1
480	24	435	24	435	55	57	0	0	0.956044	1
481	564	134	565	131	55	56	0.0518135	0	0.294505	1
482	426	122	426	120	55	56	0.0207254	0	0.268132	1
483	445	178	448	177	55	56	0.0207254	0	0.391209	1
484	523	186	528	185	55	56	0.0310881	0	0.408791	1
485	444	206	445	206	55	58	0.00518135	0	0.452747	1
486	429	174	432	173	55	56	0.0207254	0	0.382418	1
487	82	275	73	271	55	58	0.129534	0	0.604396	2
488	410	135	412	130	55	57	0.139896	0	0.296703	1
489	421	205	424	203	55	56	0.0362694	0	0.450549	1
490	449	156	453	155	56	58	0.0259067	0	0.342857	1
491	316	455	315	454	56	57	0.0103627	0	1	2
492	439	163	444	163	56	58	0.0259067	0	0.358242	1
493	339	155	339	154	56	57	0.00518135	0	0.340659	1
494	438	153	440	153	56	57	0.0103627	0	0.336264	1
495	250	281	251	281	56	58	0.00518135	0	0.617582	1
496	345	173	346	172	56	57	0.0103627	0	0.38022	1
497	627	149	625	142	56	60	0.264249	0	0.327473	2
498	60	282	57	278	56	57	0.0984456	0	0.61978	2
499	622	139	621	138	56	57	0.0103627	0	0.305495	2
500	525	167	529	166	56	57	0.0259067	0	0.367033	1
501	242	151	254	153	56	60	0.0829016	0	0.331868	1
502	220	196	221	192	56	58	0.0880829	0	0.430769	1
503	73	417	73	417	57	59	0	0	0.916484	1
504	564	143	568	139	57	60	0.103627	0	0.314286	1
505	237	166	238	166	57	58	0.00518135	0	0.364835	1
506	394	164	392	162	57	58	0.0310881	0	0.36044	2
507	424	195	426	192	57	58	0.0569948	0	0.428571	1
508	318	145	318	145	57	58	0	0	0.318681	1
509	596	455	597	454	57	60	0.0103627	0	1	1
510	567	130	573	125	57	60	0.160622	0	0.285714	1
511	427	121	428	120	57	58	0.0103627	0	0.265934	1
512	309	164	312	164	57	59	0.015544	0	0.36044	1
513	93	168	93	167	57	59	0.00518135	0	0.369231	1
514	300	425	300	425	58	59	0	0	0.934066	1
515	26	421	28	421	58	60	0.0103627	0	0.925275	1
516	533	444	535	444	58	60	0.0103627	0	0.975824	1
517	72	255	71	250	58	60	0.134715	0	0.56044	2
518	410	445	412	444	58	60	0.015544	0	0.978022	1
519	341	153	342	151	58	59	0.0259067	0	0.336264	1
520	290	422	291	421	58	60	0.0103627	0	0.927473	1
521	162	424	164	424	58	60	0.0103627	0	0.931868	1
522	627	160	626	157	58	59	0.0518135	0	0.351648	2
523	237	417	238	417	58	60	0.00518135	0	0.916484	1
524	360	116	370	112	58	60	0.134715	0	0.254945	1
525	301	201	301	200	58	59	0.00518135	0	0.441758	1
526	454	444	456	444	58	60	0.0103627	0	0.975824	1
527	24	435	26	435	58	60	0.0103627	0	0.956044	1
528	551	192	556	194	58	59	0.0466321	0	0.421978	1
529	443	153	445	153	58	59	0.0103627	0	0.336264	1
530	417	120	417	118	58	59	0.0207254	0	0.263736	1
531	459	110	459	109	58	59	0.00518135	0	0.241758	1
532	312	440	313	440	59	60	0.00518135	0	0.967033	1
533	534	455	535	454	59	60	0.0103627	0	1	1
534	429	119	431	118	59	60	0.015544	0	0.261538	1
535	353	154	356	151	59	60	0.0621762	0	0.338462	1
536	323	151	326	149	59	60	0.0362694	0	0.331868	1
537	296	141	295	140	59	60	0.0103627	0	0.30989	2
538	440	132	442	132	59	60	0.0103627	0	0.29011	1
539	254	165	257	167	59	60	0.0362694	0	0.362637	1
540	456	153	459	151	59	60	0.0362694	0	0.336264	1
541	536	167	539	167	59	60	0.015544	0	0.367033	1
542	384	434	385	433	59	60	0.0103627	0	0.953846	1
543	72	268	71	266	59	60	0.0259067	0	0.589011	2
544	278	218	289	214	59	60	0.139896	0	0.479121	1