
0	548	209	543	207	272	273	0.0436893	0	0.459341	2
1	510	242	509	241	272	273	0.00970874	0	0.531868	2
2	528	249	527	248	272	273	0.00970874	0	0.547253	2
3	504	204	503	202	272	273	0.0242718	0	0.448352	2
4	516	205	513	204	272	273	0.0194175	0	0.450549	2
5	429	206	430	205	272	273	0.00970874	0	0.452747	1
6	658	232	654	227	272	273	0.140777	0	0.50989	2
7	608	205	603	205	272	274	0.0242718	0	0.450549	2
8	385	214	386	212	272	274	0.0242718	0	0.47033	1
9	264	272	262	268	272	284	0.0873786	0	0.597802	2
10	627	219	623	217	273	274	0.038835	0	0.481319	2
11	522	221	521	219	273	274	0.0242718	0	0.485714	2
12	662	265	660	263	273	274	0.0291262	0	0.582418	2
13	553	209	546	206	273	274	0.0776699	0	0.459341	2
14	617	215	612	215	273	274	0.0242718	0	0.472527	2
15	536	192	534	190	273	274	0.0291262	0	0.421978	2
16	404	220	404	219	273	274	0.00485437	0	0.483516	1
17	361	208	361	205	273	275	0.0436893	0	0.457143	1
18	439	192	437	190	273	274	0.0291262	0	0.421978	2
19	378	184	375	184	273	274	0.0145631	0	0.404396	2
20	254	258	255	256	273	280	0.0242718	0	0.567033	1
21	374	233	374	232	273	274	0.00485437	0	0.512088	1
22	504	269	503	268	273	274	0.00970874	0	0.591209	2
23	391	222	391	222	274	275	0	0	0.487912	1
24	433	207	434	207	274	275	0.00485437	0	0.454945	1
25	371	202	371	202	274	275	0	0	0.443956	1
26	502	235	502	235	274	276	0	0	0.516484	1
27	527	248	526	248	274	275	0.00485437	0	0.545055	2
28	535	219	533	218	274	275	0.0145631	0	0.481319	2
29	445	200	443	198	274	275	0.0291262	0	0.43956	2
30	393	202	394	202	274	275	0.00485437	0	0.443956	1
31	513	229	513	228	274	275	0.00485437	0	0.503297	1
32	652	227	645	230	274	275	0.0776699	0	0.498901	2
33	283	206	282	203	274	276	0.0485437	0	0.452747	2
34	305	205	306	201	274	278	0.0825243	0	0.450549	1
35	367	162	364	160	274	282	0.0339806	0	0.356044	2
36	555	226	541	224	274	277	0.0873786	0	0.496703	2
37	607	215	585	217	275	279	0.126214	0	0.472527	2
38	521	218	521	217	275	276	0.00485437	0	0.479121	1
39	405	220	408	222	275	277	0.0339806	0	0.483516	1
40	625	272	616	276	275	277	0.121359	0	0.597802	2
41	492	271	488	269	275	284	0.038835	0	0.595604	2
42	398	185	382	187	275	292	0.0970874	0	0.406593	2
43	354	216	356	215	275	276	0.0145631	0	0.474725	1
44	370	190	367	189	275	276	0.0194175	0	0.417582	2
45	367	180	367	179	275	276	0.00485437	0	0.395604	1
46	339	226	343	227	275	277	0.0242718	0	0.496703	1
47	509	218	509	218	275	277	0	0	0.479121	1
48	495	254	494	253	275	276	0.00970874	0	0.558242	2
49	395	223	396	224	276	277	0.00970874	0	0.49011	1
50	540	203	536	203	276	277	0.0194175	0	0.446154	2
51	520	251	519	253	276	279	0.0242718	0	0.551648	2
52	504	254	502	254	276	281	0.00970874	0	0.558242	2
53	501	201	500	201	276	277	0.00485437	0	0.441758	2
54	372	202	373	203	276	277	0.00970874	0	0.443956	1
55	613	231	607	231	276	277	0.0291262	0	0.507692	2
56	615	217	609	218	276	277	0.0339806	0	0.476923	2
57	514	229	515	229	276	278	0.00485437	0	0.503297	1
58	284	223	285	223	276	282	0.00485437	0	0.49011	1
59	395	206	400	210	276	278	0.101942	0	0.452747	1
60	242	249	241	250	276	278	0.00970874	0	0.547253	2
61	423	197	420	196	276	277	0.0194175	0	0.432967	2
62	367	217	368	218	276	277	0.00970874	0	0.476923	1
63	445	246	445	245	276	278	0.00485437	0	0.540659	1
64	453	223	452	222	276	280	0.00970874	0	0.49011	2
65	401	237	402	238	276	277	0.00970874	0	0.520879	1
66	439	227	436	225	276	283	0.0339806	0	0.498901	2
67	271	283	269	281	276	284	0.0291262	0	0.621978	2
68	483	231	477	231	276	287	0.0291262	0	0.507692	2
69	653	266	644	261	276	277	0.165049	0	0.584615	2
70	481	194	480	194	277	278	0.00485437	0	0.426374	2
71	360	208	362	209	277	278	0.0145631	0	0.457143	1
72	522	195	515	192	277	279	0.0776699	0	0.428571	2
73	127	266	131	267	277	280	0.0242718	0	0.584615	1
74	503	235	504	235	277	280	0.00485437	0	0.516484	1
75	274	150	257	151	277	292	0.0873786	0	0.32967	2
76	427	186	415	188	277	281	0.0776699	0	0.408791	2
77	533	189	532	188	277	278	0.00970874	0	0.415385	2
78	91	279	91	278	277	280	0.00485437	0	0.613187	1
79	287	207	289	206	277	281	0.0145631	0	0.454945	1
80	328	241	329	240	277	279	0.00970874	0	0.52967	1
81	473	214	472	214	277	278	0.00485437	0	0.47033	2
82	309	222	311	227	277	282	0.131068	0	0.487912	1
83	295	183	295	183	277	279	0	0	0.402198	1
84	497	217	496	216	278	279	0.00970874	0	0.476923	2
85	372	202	373	202	278	279	0.00485437	0	0.443956	1
86	530	251	529	250	278	279	0.00970874	0	0.551648	2
87	607	212	606	211	278	279	0.00970874	0	0.465934	2
88	366	183	362	183	278	279	0.0194175	0	0.402198	2
89	518	243	517	241	278	279	0.0242718	0	0.534066	2
90	620	276	618	275	278	281	0.0145631	0	0.606593	2
91	419	201	417	201	278	279	0.00970874	0	0.441758	2
92	365	219	367	219	278	279	0.00970874	0	0.481319	1
93	531	200	528	199	278	279	0.0194175	0	0.43956	2
94	354	247	354	246	278	282	0.00485437	0	0.542857	1
95	114	237	116	237	278	280	0.00970874	0	0.520879	1
96	252	238	249	237	278	281	0.0194175	0	0.523077	2
97	436	255	432	256	278	282	0.0242718	0	0.56044	2
98	349	228	350	230	278	280	0.0242718	0	0.501099	1
99	486	166	478	166	278	283	0.038835	0	0.364835	2
100	264	246	262	246	278	280	0.00970874	0	0.540659	2
101	118	250	120	249	278	281	0.0145631	0	0.549451	1
102	402	239	400	238	279	280	0.0145631	0	0.525275	2
103	398	228	398	227	279	280	0.00485437	0	0.501099	1
104	521	225	520	224	279	280	0.00970874	0	0.494505	2
105	306	201	310	202	279	284	0.0242718	0	0.441758	1
106	596	211	593	211	279	280	0.0145631	0	0.463736	2
107	608	238	602	239	279	280	0.0339806	0	0.523077	2
108	530	189	528	188	279	280	0.0145631	0	0.415385	2
109	121	224	129	223	279	283	0.0436893	0	0.492308	1
110	414	229	413	226	279	281	0.0485437	0	0.503297	2
111	521	177	518	178	279	282	0.0194175	0	0.389011	2
112	446	250	441	249	279	284	0.0291262	0	0.549451	2
113	278	212	275	211	279	281	0.0194175	0	0.465934	2
114	495	222	493	222	280	281	0.00970874	0	0.487912	2
115	605	216	602	214	280	282	0.0339806	0	0.474725	2
116	414	202	410	203	280	281	0.0242718	0	0.443956	2
117	375	204	376	204	280	281	0.00485437	0	0.448352	1
118	363	183	358	183	280	281	0.0242718	0	0.402198	2
119	302	212	304	213	280	285	0.0145631	0	0.465934	1
120	240	253	238	253	280	283	0.00970874	0	0.556044	2
121	515	241	513	240	280	281	0.0145631	0	0.52967	2
122	568	236	561	232	280	281	0.11165	0	0.518681	2
123	595	198	594	197	280	281	0.00970874	0	0.435165	2
124	329	240	328	239	280	281	0.00970874	0	0.527473	2
125	593	249	586	249	280	281	0.0339806	0	0.547253	2
126	436	236	433	236	280	283	0.0145631	0	0.518681	2
127	592	210	589	210	281	282	0.0145631	0	0.461538	2
128	401	236	400	235	281	282	0.00970874	0	0.518681	2
129	367	221	368	222	281	282	0.00970874	0	0.485714	1
130	368	245	365	245	281	284	0.0145631	0	0.538462	2
131	254	253	252	252	281	284	0.0145631	0	0.556044	2
132	427	193	424	195	281	282	0.0339806	0	0.424176	2
133	447	216	446	216	281	282	0.00485437	0	0.474725	2
134	581	224	571	223	281	282	0.0533981	0	0.492308	2
135	130	267	130	267	281	284	0	0	0.586813	1
136	377	225	380	224	281	284	0.0194175	0	0.494505	1
137	530	189	527	191	281	283	0.0339806	0	0.415385	2
138	368	179	366	178	281	284	0.0145631	0	0.393407	2
139	649	201	648	201	281	282	0.00485437	0	0.441758	2
140	300	191	302	191	281	284	0.00970874	0	0.41978	1
141	448	238	444	237	281	284	0.0242718	0	0.523077	2
142	476	182	473	183	281	283	0.0194175	0	0.4	2
143	486	244	485	244	281	282	0.00485437	0	0.536264	2
144	294	181	289	180	281	285	0.0291262	0	0.397802	2
145	484	208	483	207	282	283	0.00970874	0	0.457143	2
146	518	251	517	250	282	283	0.00970874	0	0.551648	2
147	571	273	561	275	282	283	0.0679612	0	0.6	2
148	606	235	603	234	282	283	0.0194175	0	0.516484	2
149	509	195	504	194	282	283	0.0291262	0	0.428571	2
150	404	221	403	220	282	283	0.00970874	0	0.485714	2
151	502	255	495	253	282	286	0.0533981	0	0.56044	2
152	377	206	377	208	282	283	0.0194175	0	0.452747	1
153	250	242	249	242	282	283	0.00485437	0	0.531868	2
154	513	239	512	239	282	283	0.00485437	0	0.525275	2
155	414	225	413	224	282	283	0.00970874	0	0.494505	2
156	356	186	354	186	282	283	0.00970874	0	0.408791	2
157	484	194	483	194	282	283	0.00485437	0	0.426374	2
158	436	210	435	210	282	283	0.00485437	0	0.461538	2
159	514	229	506	232	282	288	0.0825243	0	0.503297	2
160	581	271	569	273	282	283	0.0776699	0	0.595604	2
161	251	276	249	275	282	284	0.0145631	0	0.606593	2
162	563	252	556	254	282	283	0.0533981	0	0.553846	2
163	510	219	509	219	282	283	0.00485437	0	0.481319	2
164	557	211	540	209	282	284	0.101942	0	0.463736	2
165	459	228	449	226	282	287	0.0679612	0	0.501099	2
166	117	238	118	238	282	283	0.00485437	0	0.523077	1
167	266	162	251	163	282	292	0.0776699	0	0.356044	2
168	594	213	590	211	283	284	0.038835	0	0.468132	2
169	369	223	368	222	283	284	0.00970874	0	0.49011	2
170	582	205	577	203	283	284	0.0436893	0	0.450549	2
171	648	203	645	201	283	285	0.0339806	0	0.446154	2
172	498	213	495	212	283	284	0.0194175	0	0.468132	2
173	353	239	352	239	283	284	0.00485437	0	0.525275	2
174	560	223	551	221	283	284	0.0631068	0	0.49011	2
175	546	240	542	239	283	285	0.0242718	0	0.527473	2
176	417	195	414	196	283	284	0.0194175	0	0.428571	2
177	519	218	517	217	283	284	0.0145631	0	0.479121	2
178	287	223	287	222	283	284	0.00485437	0	0.49011	1
179	517	180	502	181	283	288	0.0776699	0	0.395604	2
180	313	227	309	227	283	293	0.0194175	0	0.498901	2
181	487	245	485	244	283	284	0.0145631	0	0.538462	2
182	296	204	299	206	283	291	0.0339806	0	0.448352	1
183	371	235	372	234	283	284	0.00970874	0	0.516484	1
184	342	195	338	195	283	284	0.0194175	0	0.428571	2
185	413	225	410	224	284	286	0.0194175	0	0.494505	2
186	482	206	470	207	284	288	0.0631068	0	0.452747	2
187	521	204	517	201	284	285	0.0631068	0	0.448352	2
188	526	193	522	192	284	285	0.0242718	0	0.424176	2
189	560	274	555	275	284	286	0.0291262	0	0.602198	2
190	247	241	243	241	284	287	0.0194175	0	0.52967	2
191	424	199	420	198	284	285	0.0242718	0	0.437363	2
192	282	206	279	205	284	285	0.0194175	0	0.452747	2
193	402	236	399	235	284	285	0.0194175	0	0.518681	2
194	238	251	207	256	284	303	0.271845	0	0.551648	2
195	352	184	348	183	284	285	0.0242718	0	0.404396	2
196	469	167	445	170	284	299	0.160194	0	0.367033	2
197	352	229	350	229	284	285	0.00970874	0	0.503297	2
198	133	220	156	218	284	296	0.131068	0	0.483516	1
199	594	228	588	227	284	285	0.0339806	0	0.501099	2
200	459	175	436	179	284	297	0.18932	0	0.384615	2
201	660	233	656	232	284	287	0.0242718	0	0.512088	2
202	436	455	434	454	284	285	0.0145631	0	1	2
203	479	166	452	171	284	300	0.252427	0	0.364835	2
204	507	197	497	199	285	288	0.0679612	0	0.432967	2
205	579	209	567	214	285	288	0.179612	0	0.459341	2
206	472	183	464	186	285	291	0.0825243	0	0.402198	2
207	589	210	585	211	285	286	0.0242718	0	0.461538	2
208	492	213	490	212	285	286	0.0145631	0	0.468132	2
209	504	210	502	209	285	286	0.0145631	0	0.461538	2
210	402	208	400	210	285	287	0.0291262	0	0.457143	2
211	364	221	363	220	285	286	0.00970874	0	0.485714	2
212	477	194	474	194	285	286	0.0145631	0	0.426374	2
213	542	221	534	220	285	286	0.0436893	0	0.485714	2
214	492	267	490	267	285	286	0.00970874	0	0.586813	2
215	312	201	315	200	285	287	0.0194175	0	0.441758	1
216	440	215	431	214	285	289	0.0485437	0	0.472527	2
217	365	245	364	245	285	286	0.00485437	0	0.538462	2
218	516	218	515	218	285	286	0.00485437	0	0.479121	2
219	134	267	144	263	285	288	0.126214	0	0.586813	1
220	377	220	376	219	285	286	0.00970874	0	0.483516	2
221	436	245	433	245	285	287	0.0145631	0	0.538462	2
222	483	244	480	244	285	287	0.0145631	0	0.536264	2
223	252	252	220	259	285	310	0.393204	0	0.553846	2
224	262	274	233	279	285	299	0.262136	0	0.602198	2
225	646	188	628	191	285	297	0.131068	0	0.413187	2
226	364	178	362	178	285	287	0.00970874	0	0.391209	2
227	456	208	451	207	285	287	0.0291262	0	0.457143	2
228	248	281	226	285	285	296	0.184466	0	0.617582	2
229	490	223	489	222	285	286	0.00970874	0	0.49011	2
230	464	218	460	218	285	287	0.0194175	0	0.479121	2
231	302	193	304	195	285	291	0.0291262	0	0.424176	1
232	392	223	392	223	285	286	0	0	0.49011	1
233	492	202	488	202	285	286	0.0194175	0	0.443956	2
234	279	183	274	184	285	289	0.0291262	0	0.402198	2
235	107	285	106	285	285	287	0.00485437	0	0.626374	2
236	495	185	484	189	285	288	0.131068	0	0.406593	2
237	468	207	465	207	285	286	0.0145631	0	0.454945	2
238	337	237	334	239	285	288	0.0339806	0	0.520879	2
239	574	230	570	231	285	286	0.0242718	0	0.505495	2
240	599	263	593	266	285	290	0.0728155	0	0.578022	2
241	515	201	510	201	286	288	0.0242718	0	0.441758	2
242	305	214	291	219	286	296	0.18932	0	0.47033	2
243	415	203	413	202	286	287	0.0145631	0	0.446154	2
244	644	203	639	205	286	291	0.0436893	0	0.446154	2
245	353	231	352	230	286	287	0.00970874	0	0.507692	2
246	278	206	275	206	286	288	0.0145631	0	0.452747	2
247	497	234	492	233	286	287	0.0291262	0	0.514286	2
248	347	208	344	207	286	287	0.0194175	0	0.457143	2
249	130	247	133	246	286	287	0.0194175	0	0.542857	1
250	521	191	512	193	286	289	0.0631068	0	0.41978	2
251	585	197	584	197	286	287	0.00485437	0	0.432967	2
252	345	183	299	186	286	302	0.26699	0	0.402198	2
253	505	219	504	219	286	287	0.00485437	0	0.481319	2
254	335	191	326	191	286	289	0.0436893	0	0.41978	2
255	553	274	550	274	287	288	0.0145631	0	0.602198	2
256	398	237	395	238	287	288	0.0194175	0	0.520879	2
257	370	235	366	235	287	288	0.0194175	0	0.516484	2
258	489	268	487	269	287	288	0.0145631	0	0.589011	2
259	641	174	620	178	287	302	0.179612	0	0.382418	2
260	528	220	520	219	287	288	0.0436893	0	0.483516	2
261	395	227	392	227	287	288	0.0145631	0	0.498901	2
262	287	182	281	184	287	291	0.0485437	0	0.4	2
263	486	199	482	201	287	289	0.038835	0	0.437363	2
264	631	182	608	187	287	309	0.23301	0	0.4	2
265	121	257	122	256	287	288	0.00970874	0	0.564835	1
266	439	235	433	234	287	289	0.0339806	0	0.516484	2
267	279	230	261	237	287	297	0.325243	0	0.505495	2
268	379	225	377	224	288	289	0.0145631	0	0.494505	2
269	453	227	445	226	288	291	0.0436893	0	0.498901	2
270	414	198	411	197	288	289	0.0194175	0	0.435165	2
271	496	246	494	246	288	289	0.00970874	0	0.540659	2
272	432	246	429	245	288	289	0.0194175	0	0.540659	2
273	466	227	454	230	288	292	0.101942	0	0.498901	2
274	312	206	312	206	288	289	0	0	0.452747	1
275	482	237	480	236	288	289	0.0145631	0	0.520879	2
276	362	180	348	182	288	296	0.0873786	0	0.395604	2
277	488	212	486	211	288	289	0.0145631	0	0.465934	2
278	587	235	583	236	288	289	0.0242718	0	0.516484	2
279	654	234	631	242	288	299	0.42233	0	0.514286	2
280	242	242	231	245	288	294	0.0970874	0	0.531868	2
281	404	199	389	196	288	293	0.116505	0	0.437363	2
282	827	381	795	384	288	310	0.199029	0	0.837363	2
283	405	227	403	226	288	289	0.0145631	0	0.498901	2
284	449	210	440	209	288	291	0.0485437	0	0.461538	2
285	583	198	551	201	288	310	0.199029	0	0.435165	2
286	366	190	349	192	288	296	0.101942	0	0.417582	2
287	147	238	152	236	288	290	0.0436893	0	0.523077	1
288	530	203	528	201	288	289	0.0291262	0	0.446154	2
289	496	200	495	199	289	290	0.00970874	0	0.43956	2
290	509	203	505	206	289	291	0.0631068	0	0.446154	2
291	468	209	465	209	289	290	0.0145631	0	0.459341	2
292	562	216	556	215	289	290	0.0339806	0	0.474725	2
293	364	235	361	234	289	290	0.0194175	0	0.516484	2
294	395	239	385	239	289	293	0.0485437	0	0.525275	2
295	395	215	389	214	289	291	0.0339806	0	0.472527	2
296	390	229	388	228	289	290	0.0145631	0	0.503297	2
297	227	264	210	266	289	296	0.101942	0	0.58022	2
298	499	183	495	183	289	290	0.0194175	0	0.402198	2
299	146	264	146	265	289	290	0.00485437	0	0.58022	1
300	350	217	351	216	289	290	0.00970874	0	0.476923	1
301	456	200	445	199	289	292	0.0582524	0	0.43956	2
302	333	239	330	239	289	291	0.0145631	0	0.525275	2
303	359	248	356	248	289	291	0.0145631	0	0.545055	2
304	524	228	514	228	289	290	0.0485437	0	0.501099	2
305	504	229	495	228	289	290	0.0485437	0	0.503297	2
306	374	223	368	224	290	292	0.0339806	0	0.49011	2
307	315	200	313	200	290	291	0.00970874	0	0.43956	2
308	429	214	419	214	290	293	0.0485437	0	0.47033	2
309	578	235	571	235	290	291	0.0339806	0	0.516484	2
310	453	250	446	252	290	292	0.0533981	0	0.549451	2
311	135	267	145	267	290	291	0.0485437	0	0.586813	1
312	425	244	421	243	290	291	0.0242718	0	0.536264	2
313	412	253	402	255	290	293	0.0679612	0	0.556044	2
314	228	273	218	275	290	294	0.0679612	0	0.6	2
315	273	206	261	210	290	295	0.135922	0	0.452747	2
316	429	234	425	233	290	291	0.0242718	0	0.514286	2
317	347	250	321	253	290	306	0.169903	0	0.549451	2
318	265	179	261	180	290	292	0.0242718	0	0.393407	2
319	481	196	480	195	290	292	0.00970874	0	0.430769	2
320	518	241	507	242	290	291	0.0582524	0	0.52967	2
321	364	220	361	220	290	291	0.0145631	0	0.483516	2
322	382	210	374	211	290	293	0.0436893	0	0.461538	2
323	765	127	735	130	290	310	0.18932	0	0.279121	2
324	476	184	472	184	290	292	0.0194175	0	0.404396	2
325	495	200	494	201	291	292	0.00970874	0	0.43956	2
326	461	211	456	213	291	292	0.0436893	0	0.463736	2
327	360	235	349	237	291	295	0.0728155	0	0.516484	2
328	557	221	548	220	291	292	0.0485437	0	0.485714	2
329	591	267	579	264	291	293	0.101942	0	0.586813	2
330	543	211	497	210	291	297	0.228155	0	0.463736	2
331	399	228	396	228	291	292	0.0145631	0	0.501099	2
332	156	230	157	230	291	292	0.00485437	0	0.505495	1
333	351	222	350	222	291	292	0.00485437	0	0.487912	2
334	505	196	501	197	291	292	0.0242718	0	0.430769	2
335	405	196	401	196	291	292	0.0194175	0	0.430769	2
336	500	218	498	219	291	292	0.0145631	0	0.479121	2
337	523	201	518	203	291	292	0.0436893	0	0.441758	2
338	328	226	324	223	291	292	0.0631068	0	0.496703	2
339	462	187	448	188	292	298	0.0728155	0	0.410989	2
340	504	208	501	211	292	293	0.0582524	0	0.457143	2
341	634	207	630	207	292	294	0.0194175	0	0.454945	2
342	442	230	433	234	292	294	0.121359	0	0.505495	2
343	388	214	382	214	292	294	0.0291262	0	0.47033	2
344	276	180	255	182	292	303	0.121359	0	0.395604	2
345	483	210	482	210	292	293	0.00485437	0	0.461538	2
346	516	265	498	264	292	293	0.092233	0	0.582418	2
347	478	277	475	278	292	293	0.0194175	0	0.608791	2
348	354	248	346	247	292	295	0.0436893	0	0.545055	2
349	331	211	327	211	292	293	0.0194175	0	0.463736	2
350	506	231	497	231	292	295	0.0436893	0	0.507692	2
351	316	185	303	185	292	295	0.0631068	0	0.406593	2
352	416	243	410	244	292	293	0.0339806	0	0.534066	2
353	151	267	157	264	292	293	0.0728155	0	0.586813	1
354	141	269	136	265	292	296	0.101942	0	0.591209	2
355	367	226	355	226	293	297	0.0582524	0	0.496703	2
356	488	240	485	240	293	294	0.0145631	0	0.527473	2
357	541	221	524	221	293	295	0.0825243	0	0.485714	2
358	435	210	430	210	293	294	0.0242718	0	0.461538	2
359	394	228	386	228	293	295	0.038835	0	0.501099	2
360	254	180	238	180	293	299	0.0776699	0	0.395604	2
361	305	202	300	202	293	294	0.0242718	0	0.443956	2
362	485	280	478	279	293	295	0.038835	0	0.615385	2
363	413	228	408	228	293	294	0.0242718	0	0.501099	2
364	538	264	522	267	293	296	0.121359	0	0.58022	2
365	162	232	164	232	293	294	0.00970874	0	0.50989	1
366	357	218	353	218	293	294	0.0194175	0	0.479121	2
367	256	153	240	153	293	306	0.0776699	0	0.336264	2
368	382	186	361	187	293	305	0.106796	0	0.408791	2
369	484	225	481	225	293	294	0.0145631	0	0.494505	2
370	416	215	411	214	294	295	0.0291262	0	0.472527	2
371	382	240	378	239	294	295	0.0242718	0	0.527473	2
372	391	199	380	199	294	297	0.0533981	0	0.437363	2
373	450	201	443	201	294	295	0.0339806	0	0.441758	2
374	412	240	406	242	294	295	0.0485437	0	0.527473	2
375	315	209	310	207	294	295	0.0436893	0	0.459341	2
376	478	204	476	204	294	295	0.00970874	0	0.448352	2
377	468	180	458	180	294	298	0.0485437	0	0.395604	2
378	152	241	154	239	294	295	0.0291262	0	0.52967	1
379	164	261	167	259	294	295	0.0339806	0	0.573626	1
380	377	204	365	204	294	297	0.0582524	0	0.448352	2
381	325	212	322	211	294	295	0.0194175	0	0.465934	2
382	527	276	523	276	294	295	0.0194175	0	0.606593	2
383	620	212	612	214	294	310	0.0582524	0	0.465934	2
384	542	226	524	226	294	296	0.0873786	0	0.496703	2
385	343	219	334	218	294	297	0.0485437	0	0.481319	2
386	396	212	383	213	294	298	0.0679612	0	0.465934	2
387	471	214	468	213	295	296	0.0194175	0	0.47033	2
388	379	214	374	214	295	296	0.0242718	0	0.47033	2
389	456	240	431	239	295	297	0.126214	0	0.527473	2
390	401	224	396	224	295	296	0.0242718	0	0.492308	2
391	228	245	215	246	295	306	0.0679612	0	0.538462	2
392	477	260	470	259	295	297	0.038835	0	0.571429	2
393	349	219	342	219	295	297	0.0339806	0	0.481319	2
394	449	212	442	213	295	296	0.038835	0	0.465934	2
395	312	217	306	218	295	296	0.0339806	0	0.476923	2
396	323	192	311	193	295	299	0.0631068	0	0.421978	2
397	151	228	152	227	295	297	0.00970874	0	0.501099	1
398	400	252	392	251	295	297	0.0436893	0	0.553846	2
399	345	238	337	240	296	302	0.0582524	0	0.523077	2
400	514	222	507	220	296	297	0.0533981	0	0.487912	2
401	306	208	300	211	296	298	0.0728155	0	0.457143	2
402	629	209	624	209	296	299	0.0242718	0	0.459341	2
403	441	203	435	204	296	297	0.0339806	0	0.446154	2
404	407	215	403	214	296	297	0.0242718	0	0.472527	2
405	427	201	421	201	296	297	0.0291262	0	0.441758	2
406	300	229	297	228	296	297	0.0194175	0	0.503297	2
407	343	248	333	250	296	304	0.0679612	0	0.545055	2
408	367	225	363	223	296	297	0.038835	0	0.494505	2
409	459	243	456	243	296	297	0.0145631	0	0.534066	2
410	320	210	314	210	296	298	0.0291262	0	0.461538	2
411	259	210	253	211	296	299	0.0339806	0	0.461538	2
412	465	190	462	188	296	297	0.0339806	0	0.417582	2
413	476	199	474	199	296	297	0.00970874	0	0.437363	2
414	454	233	450	234	297	298	0.0242718	0	0.512088	2
415	380	233	376	234	297	298	0.0242718	0	0.512088	2
416	445	200	443	199	297	298	0.0145631	0	0.43956	2
417	346	182	343	181	297	310	0.0194175	0	0.4	2
418	208	266	201	267	297	301	0.038835	0	0.584615	2
419	519	269	514	267	297	299	0.0436893	0	0.591209	2
420	415	275	404	277	297	298	0.0728155	0	0.604396	2
421	424	221	412	220	297	298	0.0631068	0	0.485714	2
422	222	284	218	284	297	299	0.0194175	0	0.624176	2
423	438	215	423	223	297	301	0.383495	0	0.472527	2
424	158	217	160	219	297	299	0.0291262	0	0.476923	1
425	349	192	346	192	297	300	0.0145631	0	0.421978	2
426	425	275	412	277	297	298	0.0825243	0	0.604396	2
427	363	210	361	209	298	299	0.0145631	0	0.461538	2
428	630	192	629	191	298	304	0.00970874	0	0.421978	2
429	476	206	476	204	298	299	0.0194175	0	0.452747	1
430	468	259	465	259	298	300	0.0145631	0	0.569231	2
431	500	218	493	215	298	299	0.0776699	0	0.479121	2
432	419	201	415	201	298	299	0.0194175	0	0.441758	2
433	490	208	482	205	298	299	0.0825243	0	0.457143	2
434	430	207	425	209	298	299	0.0436893	0	0.454945	2
435	461	190	459	188	298	299	0.0291262	0	0.417582	2
436	401	262	395	261	298	299	0.0339806	0	0.575824	2
437	471	273	467	273	298	299	0.0194175	0	0.6	2
438	392	250	389	249	298	299	0.0194175	0	0.549451	2
439	340	228	338	229	298	300	0.0145631	0	0.501099	2
440	156	228	157	229	298	299	0.00970874	0	0.501099	1
441	620	197	621	196	298	306	0.00970874	0	0.432967	1
442	343	218	341	218	298	299	0.00970874	0	0.479121	2
443	268	226	266	225	298	299	0.0145631	0	0.496703	2
444	260	236	259	235	298	299	0.00970874	0	0.518681	2
445	244	213	240	213	298	306	0.0194175	0	0.468132	2
446	368	198	363	199	298	301	0.0291262	0	0.435165	2
447	144	263	151	263	298	299	0.0339806	0	0.578022	1
448	373	222	371	221	298	299	0.0145631	0	0.487912	2
449	384	223	379	223	298	299	0.0242718	0	0.49011	2
450	422	231	418	232	299	300	0.0242718	0	0.507692	2
451	403	221	393	221	299	300	0.0485437	0	0.485714	2
452	379	207	377	207	299	300	0.00970874	0	0.454945	2
453	310	213	306	215	299	300	0.038835	0	0.468132	2
454	393	221	382	220	299	300	0.0582524	0	0.485714	2
455	279	216	275	217	299	300	0.0242718	0	0.474725	2
456	417	220	413	221	299	300	0.0242718	0	0.483516	2
457	465	212	464	211	299	300	0.00970874	0	0.465934	2
458	406	231	386	231	299	301	0.0970874	0	0.507692	2
459	171	231	179	230	299	304	0.0436893	0	0.507692	1
460	309	231	307	230	299	300	0.0145631	0	0.507692	2
461	310	242	308	242	299	300	0.00970874	0	0.531868	2
462	414	246	410	247	300	301	0.0242718	0	0.540659	2
463	232	280	228	280	300	310	0.0194175	0	0.615385	2
464	442	198	441	197	300	301	0.00970874	0	0.435165	2
465	161	224	169	221	300	303	0.0825243	0	0.492308	1
466	236	183	235	182	300	304	0.00970874	0	0.402198	2
467	489	212	476	209	300	302	0.106796	0	0.465934	2
468	412	201	409	200	300	301	0.0194175	0	0.441758	2
469	630	244	627	244	300	308	0.0145631	0	0.536264	2
470	624	211	625	210	300	303	0.00970874	0	0.463736	1
471	254	218	250	218	300	308	0.0194175	0	0.479121	2
472	455	275	452	276	300	307	0.0194175	0	0.604396	2
473	341	219	339	218	300	302	0.0145631	0	0.481319	2
474	402	242	392	241	300	301	0.0533981	0	0.531868	2
475	162	234	163	233	300	301	0.00970874	0	0.514286	1
476	216	287	212	287	300	310	0.0194175	0	0.630769	2
477	451	239	450	239	300	301	0.00485437	0	0.525275	2
478	491	252	481	252	300	301	0.0485437	0	0.553846	2
479	328	220	323	219	300	305	0.0291262	0	0.483516	2
480	453	249	451	249	300	301	0.00970874	0	0.547253	2
481	290	186	287	187	300	303	0.0194175	0	0.408791	2
482	193	142	189	141	300	310	0.0242718	0	0.312088	2
483	174	251	174	245	300	302	0.174757	0	0.551648	1
484	416	236	413	237	301	302	0.0194175	0	0.518681	2
485	384	218	374	216	301	302	0.0679612	0	0.479121	2
486	300	203	298	202	301	302	0.0145631	0	0.446154	2
487	433	226	429	226	301	302	0.0194175	0	0.496703	2
488	329	230	326	229	301	304	0.0194175	0	0.505495	2
489	435	212	433	211	301	302	0.0145631	0	0.465934	2
490	306	229	303	228	301	302	0.0194175	0	0.503297	2
491	461	218	461	218	301	302	0	0	0.479121	1
492	612	247	612	246	301	302	0.00485437	0	0.542857	1
493	411	224	407	228	301	303	0.0970874	0	0.492308	2
494	346	193	346	192	301	302	0.00485437	0	0.424176	1
495	475	196	472	195	301	302	0.0194175	0	0.430769	2
496	492	255	482	252	301	302	0.092233	0	0.56044	2
497	288	251	287	250	301	303	0.00970874	0	0.551648	2
498	202	267	201	267	302	303	0.00485437	0	0.586813	2
499	442	198	442	196	302	304	0.0194175	0	0.435165	1
500	462	190	460	187	302	303	0.0533981	0	0.417582	2
501	376	227	356	225	302	304	0.116505	0	0.498901	2
502	406	202	402	201	302	305	0.0242718	0	0.443956	2
503	398	224	395	225	302	303	0.0194175	0	0.492308	2
504	264	222	264	221	302	304	0.00485437	0	0.487912	1
505	187	262	187	259	302	303	0.0436893	0	0.575824	1
506	386	230	384	229	302	303	0.0145631	0	0.505495	2
507	464	274	465	274	302	305	0.00485437	0	0.602198	1
508	426	244	419	244	302	303	0.0339806	0	0.536264	2
509	397	254	393	254	302	303	0.0194175	0	0.558242	2
510	421	219	418	220	303	304	0.0194175	0	0.481319	2
511	338	239	338	238	303	304	0.00485437	0	0.525275	1
512	468	214	462	215	303	304	0.0339806	0	0.47033	2
513	418	209	416	208	303	304	0.0145631	0	0.459341	2
514	362	209	353	208	303	304	0.0485437	0	0.459341	2
515	612	245	614	243	303	307	0.0291262	0	0.538462	1
516	615	172	615	171	303	310	0.00485437	0	0.378022	1
517	297	188	296	188	303	304	0.00485437	0	0.413187	2
518	457	201	451	200	303	304	0.0339806	0	0.441758	2
519	174	241	175	240	303	304	0.00970874	0	0.52967	1
520	179	269	180	269	303	304	0.00485437	0	0.591209	1
521	339	164	339	164	303	304	0	0	0.36044	1
522	448	241	448	240	303	304	0.00485437	0	0.52967	1
523	450	182	449	178	303	304	0.0825243	0	0.4	2
524	437	218	437	217	303	304	0.00485437	0	0.479121	1
525	167	231	177	229	303	307	0.0679612	0	0.507692	1
526	302	231	300	234	303	304	0.0533981	0	0.507692	2
527	363	199	363	199	303	304	0	0	0.437363	1
528	362	255	351	255	303	304	0.0533981	0	0.56044	2
529	371	237	361	235	303	304	0.0679612	0	0.520879	2
530	459	186	458	185	304	305	0.00970874	0	0.408791	2
531	200	268	198	268	304	310	0.00970874	0	0.589011	2
532	366	218	366	219	304	307	0.00485437	0	0.479121	1
533	472	198	470	195	304	305	0.0533981	0	0.435165	2
534	173	219	181	218	304	308	0.0436893	0	0.481319	1
535	256	183	256	183	304	310	0	0	0.402198	1
536	188	259	189	251	304	305	0.315534	0	0.569231	1
537	399	224	397	226	304	305	0.0291262	0	0.492308	2
538	487	232	487	231	304	305	0.00485437	0	0.50989	1
539	624	209	625	208	304	305	0.00970874	0	0.459341	1
540	206	256	204	255	304	310	0.0145631	0	0.562637	2
541	292	217	291	218	304	305	0.00970874	0	0.476923	2
542	621	181	621	180	304	307	0.00485437	0	0.397802	1
543	353	272	343	275	304	305	0.092233	0	0.597802	2
544	235	165	235	164	304	310	0.00485437	0	0.362637	1
545	630	190	631	188	305	308	0.0242718	0	0.417582	1
546	474	242	474	244	305	306	0.0194175	0	0.531868	1
547	346	217	337	216	305	306	0.0485437	0	0.476923	2
548	437	164	437	164	305	306	0	0	0.36044	1
549	416	210	414	210	305	306	0.00970874	0	0.461538	2
550	183	266	184	265	305	307	0.00970874	0	0.584615	1
551	236	182	235	181	305	308	0.00970874	0	0.4	2
552	457	211	450	211	305	306	0.0339806	0	0.463736	2
553	442	195	442	194	305	306	0.00485437	0	0.428571	1
554	477	223	475	221	305	308	0.0291262	0	0.49011	2
555	444	152	434	138	305	310	1	0	0.334066	2
556	282	205	277	207	305	309	0.0436893	0	0.450549	2
557	299	253	297	253	305	308	0.00970874	0	0.556044	2
558	419	256	414	256	305	306	0.0242718	0	0.562637	2
559	434	210	434	210	305	306	0	0	0.461538	1
560	264	218	263	218	305	310	0.00485437	0	0.479121	2
561	399	254	399	254	305	306	0	0	0.558242	1
562	347	227	337	225	305	306	0.0679612	0	0.498901	2
563	372	202	373	202	305	307	0.00485437	0	0.443956	1
564	308	222	305	222	305	307	0.0145631	0	0.487912	2
565	285	228	283	228	305	306	0.00970874	0	0.501099	2
566	362	199	364	199	305	308	0.00970874	0	0.437363	1
567	431	250	425	250	305	306	0.0291262	0	0.549451	2
568	380	226	379	226	305	306	0.00485437	0	0.496703	2
569	412	200	400	200	305	310	0.0582524	0	0.43956	2
570	449	263	442	266	306	307	0.0776699	0	0.578022	2
571	459	185	457	184	306	307	0.0145631	0	0.406593	2
572	459	260	458	259	306	307	0.00970874	0	0.571429	2
573	344	275	341	273	306	307	0.0339806	0	0.604396	2
574	624	209	624	209	306	307	0	0	0.459341	1
575	400	203	389	202	306	310	0.0582524	0	0.446154	2
576	452	160	449	157	306	307	0.0582524	0	0.351648	2
577	357	257	343	257	306	307	0.0679612	0	0.564835	2
578	362	229	360	228	306	310	0.0145631	0	0.503297	2
579	182	252	185	249	306	310	0.0582524	0	0.553846	1
580	443	251	437	251	306	307	0.0291262	0	0.551648	2
581	361	189	360	188	306	310	0.00970874	0	0.415385	2
582	326	215	315	212	307	308	0.0970874	0	0.472527	2
583	296	190	294	188	307	308	0.0291262	0	0.417582	2
584	379	214	379	212	307	309	0.0194175	0	0.47033	1
585	486	227	485	225	307	308	0.0242718	0	0.498901	2
586	295	202	293	200	307	308	0.0291262	0	0.443956	2
587	448	212	441	211	307	308	0.038835	0	0.465934	2
588	287	176	284	174	307	308	0.0339806	0	0.386813	2
589	300	179	299	177	307	308	0.0242718	0	0.393407	2
590	474	212	473	210	307	309	0.0242718	0	0.465934	2
591	412	211	406	209	307	309	0.0485437	0	0.463736	2
592	478	237	477	234	307	310	0.0485437	0	0.520879	2
593	437	165	436	164	307	308	0.00970874	0	0.362637	2
594	464	214	463	213	307	308	0.00970874	0	0.47033	2
595	327	205	317	203	307	308	0.0679612	0	0.450549	2
596	634	207	638	204	307	310	0.0631068	0	0.454945	1
597	352	213	352	211	307	308	0.0194175	0	0.468132	1
598	215	249	214	248	307	310	0.00970874	0	0.547253	2
599	620	191	622	190	307	310	0.0145631	0	0.41978	1
600	209	266	208	265	307	310	0.00970874	0	0.584615	2
601	264	246	264	245	307	309	0.00485437	0	0.540659	1
602	306	244	305	243	307	308	0.00970874	0	0.536264	2
603	468	260	467	258	307	310	0.0242718	0	0.571429	2
604	395	266	395	265	308	309	0.00485437	0	0.584615	1
605	366	218	365	217	308	310	0.00970874	0	0.479121	2
606	449	154	447	151	308	310	0.0533981	0	0.338462	2
607	461	167	459	165	308	309	0.0291262	0	0.367033	2
608	615	243	617	242	308	310	0.0145631	0	0.534066	1
609	449	169	447	167	308	309	0.0291262	0	0.371429	2
610	456	274	456	273	308	310	0.00485437	0	0.602198	1
611	623	209	623	208	308	309	0.00485437	0	0.459341	1
612	374	202	375	202	308	310	0.00485437	0	0.443956	1
613	457	259	457	258	308	310	0.00485437	0	0.569231	1
614	179	229	181	227	308	309	0.0291262	0	0.503297	1
615	477	253	477	252	308	309	0.00485437	0	0.556044	1
616	429	200	420	201	308	310	0.0485437	0	0.43956	2
617	324	232	314	230	308	309	0.0679612	0	0.50989	2
618	487	235	486	235	308	310	0.00485437	0	0.516484	2
619	452	199	450	195	308	309	0.0873786	0	0.437363	2
620	305	212	294	212	309	310	0.0533981	0	0.465934	2
621	477	221	476	220	309	310	0.00970874	0	0.485714	2
622	633	187	634	187	309	310	0.00485437	0	0.410989	1
623	463	213	463	213	309	310	0	0	0.468132	1
624	182	217	182	215	309	310	0.0194175	0	0.476923	1
625	324	237	323	237	309	310	0.00485437	0	0.520879	2
626	627	245	627	245	309	310	0	0	0.538462	1
627	282	173	279	172	309	310	0.0194175	0	0.38022	2
628	345	217	345	217	309	310	0	0	0.476923	1
629	236	181	236	181	309	310	0	0	0.397802	1
630	308	202	298	202	309	310	0.0485437	0	0.443956	2
631	183	261	183	260	309	310	0.00485437	0	0.573626	1
632	620	180	620	180	309	310	0	0	0.395604	1