
0	291	221	289	220	167	168	0.0285714	0	0.880478	2
1	405	205	400	202	167	168	0.133333	0	0.816733	2
2	432	203	430	204	167	168	0.0285714	0	0.808765	2
3	224	223	223	222	167	168	0.0190476	0	0.888446	2
4	513	223	503	223	167	179	0.0952381	0	0.888446	2
5	457	202	449	199	167	169	0.161905	0	0.804781	2
6	360	178	358	176	168	169	0.0571429	0	0.709163	2
7	303	181	301	180	168	169	0.0285714	0	0.721116	2
8	316	195	314	192	168	169	0.104762	0	0.776892	2
9	206	224	202	224	168	169	0.0380952	0	0.89243	2
10	666	169	658	169	168	172	0.0761905	0	0.673307	2
11	525	150	521	149	168	173	0.047619	0	0.59761	2
12	393	183	387	181	168	169	0.0952381	0	0.729084	2
13	378	187	376	186	168	169	0.0285714	0	0.74502	2
14	129	176	128	174	168	170	0.047619	0	0.701195	2
15	493	174	441	172	168	184	0.533333	0	0.693227	2
16	536	134	529	136	168	176	0.104762	0	0.533865	2
17	206	148	208	146	169	172	0.0571429	0	0.589641	1
18	326	196	324	192	169	170	0.171429	0	0.780876	2
19	225	227	224	226	169	170	0.0190476	0	0.904382	2
20	430	184	423	183	169	171	0.0761905	0	0.733068	2
21	462	168	459	166	169	170	0.0666667	0	0.669323	2
22	335	207	330	202	169	171	0.285714	0	0.824701	2
23	314	179	313	176	169	170	0.0952381	0	0.713147	2
24	217	153	217	152	169	172	0.00952381	0	0.609562	1
25	298	192	297	190	169	170	0.047619	0	0.76494	2
26	417	208	410	208	170	171	0.0666667	0	0.828685	2
27	313	189	312	186	170	171	0.0952381	0	0.752988	2
28	301	180	300	179	170	171	0.0190476	0	0.717131	2
29	669	147	668	146	170	171	0.0190476	0	0.585657	2
30	587	199	582	201	170	172	0.0857143	0	0.792829	2
31	652	160	648	160	170	172	0.0380952	0	0.63745	2
32	827	46	826	46	170	172	0.00952381	0	0.183267	2
33	217	236	216	236	170	171	0.00952381	0	0.940239	2
34	386	207	387	210	171	175	0.0952381	0	0.824701	1
35	380	178	373	179	171	173	0.0761905	0	0.709163	2
36	427	201	426	201	171	172	0.00952381	0	0.800797	2
37	406	161	403	161	171	172	0.0285714	0	0.641434	2
38	210	198	212	197	171	172	0.0285714	0	0.788845	1
39	232	168	237	170	171	174	0.0857143	0	0.669323	1
40	271	202	271	199	171	173	0.0857143	0	0.804781	1
41	679	115	680	115	171	172	0.00952381	0	0.458167	1
42	572	190	568	190	171	172	0.0380952	0	0.756972	2
43	226	179	228	180	171	172	0.0285714	0	0.713147	1
44	202	205	205	205	172	174	0.0285714	0	0.816733	1
45	187	214	195	214	172	175	0.0761905	0	0.85259	1
46	807	122	806	123	172	173	0.0190476	0	0.486056	2
47	664	115	663	115	172	174	0.00952381	0	0.458167	2
48	326	221	323	219	172	173	0.0666667	0	0.880478	2
49	302	183	302	183	172	173	0	0	0.729084	1
50	669	146	666	150	172	179	0.180952	0	0.581673	2
51	467	175	463	176	172	174	0.047619	0	0.697211	2
52	681	58	695	64	172	205	0.47619	0	0.231076	1
53	421	184	416	183	172	173	0.0571429	0	0.733068	2
54	318	174	319	173	172	173	0.0190476	0	0.693227	1
55	230	225	231	225	172	173	0.00952381	0	0.896414	1
56	407	175	404	175	172	173	0.0285714	0	0.697211	2
57	312	184	314	183	172	173	0.0285714	0	0.733068	1
58	430	202	429	200	173	174	0.047619	0	0.804781	2
59	211	148	216	152	173	177	0.2	0	0.589641	1
60	546	156	546	156	173	175	0	0	0.621514	1
61	214	198	222	198	173	176	0.0761905	0	0.788845	1
62	588	192	582	193	173	174	0.0666667	0	0.76494	2
63	643	176	640	180	173	177	0.180952	0	0.701195	2
64	580	203	576	203	173	174	0.0380952	0	0.808765	2
65	311	156	312	157	173	175	0.0190476	0	0.621514	1
66	133	169	133	168	173	175	0.00952381	0	0.673307	1
67	306	232	304	230	173	175	0.0571429	0	0.924303	2
68	456	164	448	163	173	175	0.0857143	0	0.653386	2
69	353	185	350	184	173	174	0.0380952	0	0.737052	2
70	666	177	652	176	173	175	0.142857	0	0.705179	2
71	261	188	262	187	173	174	0.0190476	0	0.749004	1
72	227	182	229	182	173	174	0.0190476	0	0.7251	1
73	577	181	561	184	173	178	0.238095	0	0.721116	2
74	679	154	678	153	173	178	0.0190476	0	0.613546	2
75	806	145	800	148	173	178	0.142857	0	0.577689	2
76	813	113	811	113	173	174	0.0190476	0	0.450199	2
77	528	179	526	178	173	174	0.0285714	0	0.713147	2
78	367	177	363	175	174	175	0.0761905	0	0.705179	2
79	141	134	141	134	174	176	0	0	0.533865	1
80	561	188	551	188	174	177	0.0952381	0	0.749004	2
81	463	195	462	195	174	175	0.00952381	0	0.776892	2
82	532	147	530	149	174	177	0.0571429	0	0.585657	2
83	402	177	398	177	174	175	0.0380952	0	0.705179	2
84	303	183	303	183	174	175	0	0	0.729084	1
85	398	162	395	161	174	175	0.0380952	0	0.645418	2
86	531	158	530	160	174	177	0.047619	0	0.629482	2
87	633	149	627	148	174	176	0.0666667	0	0.593625	2
88	232	224	232	224	174	175	0	0	0.89243	1
89	673	105	669	104	174	177	0.047619	0	0.418327	2
90	673	120	671	119	174	175	0.0285714	0	0.478088	2
91	321	167	321	166	175	176	0.00952381	0	0.665339	1
92	428	200	426	199	175	176	0.0285714	0	0.796813	2
93	295	219	292	220	175	177	0.0380952	0	0.87251	2
94	409	180	402	181	175	177	0.0761905	0	0.717131	2
95	208	204	222	205	175	179	0.142857	0	0.812749	1
96	571	220	514	224	175	186	0.695238	0	0.876494	2
97	232	177	236	177	175	176	0.0380952	0	0.705179	1
98	345	220	341	220	175	176	0.0380952	0	0.876494	2
99	568	196	564	196	175	176	0.0380952	0	0.780876	2
100	461	161	425	159	175	185	0.380952	0	0.641434	2
101	221	186	227	186	175	177	0.0571429	0	0.741036	1
102	348	184	346	184	175	176	0.0190476	0	0.733068	2
103	233	164	245	163	175	179	0.12381	0	0.653386	1
104	280	209	273	210	175	179	0.0761905	0	0.832669	2
105	275	226	272	229	176	185	0.114286	0	0.900398	2
106	322	198	319	199	176	178	0.0380952	0	0.788845	2
107	402	194	399	195	176	177	0.0380952	0	0.772908	2
108	303	229	301	228	176	177	0.0285714	0	0.912351	2
109	655	189	653	189	176	179	0.0190476	0	0.752988	2
110	547	157	545	157	176	179	0.0190476	0	0.625498	2
111	463	197	453	196	176	179	0.104762	0	0.784861	2
112	672	120	670	120	176	177	0.0190476	0	0.478088	2
113	316	156	316	156	176	177	0	0	0.621514	1
114	458	176	440	174	176	181	0.209524	0	0.701195	2
115	445	164	417	163	176	184	0.27619	0	0.653386	2
116	233	226	233	226	176	177	0	0	0.900398	1
117	807	117	803	116	176	177	0.047619	0	0.466135	2
118	133	172	147	177	176	205	0.371429	0	0.685259	1
119	233	200	239	200	176	178	0.0571429	0	0.796813	1
120	321	236	319	233	176	177	0.104762	0	0.940239	2
121	141	135	140	134	177	178	0.0190476	0	0.537849	2
122	385	207	379	207	177	178	0.0571429	0	0.824701	2
123	345	185	343	183	177	179	0.0571429	0	0.737052	2
124	386	175	383	174	177	178	0.0380952	0	0.697211	2
125	225	198	231	197	177	179	0.0666667	0	0.788845	1
126	241	174	248	174	177	180	0.0666667	0	0.693227	1
127	548	146	544	145	177	179	0.047619	0	0.581673	2
128	307	169	307	169	177	178	0	0	0.673307	1
129	530	138	524	137	177	182	0.0666667	0	0.549801	2
130	424	199	414	199	177	179	0.0952381	0	0.792829	2
131	209	192	208	190	177	180	0.047619	0	0.76494	2
132	349	215	347	216	177	178	0.0285714	0	0.856574	2
133	328	187	325	185	177	178	0.0666667	0	0.74502	2
134	825	148	818	148	177	178	0.0666667	0	0.589641	2
135	258	206	257	205	177	178	0.0190476	0	0.820717	2
136	218	154	218	155	178	179	0.00952381	0	0.613546	1
137	533	148	531	147	178	179	0.0285714	0	0.589641	2
138	670	119	668	117	178	179	0.0571429	0	0.474104	2
139	400	182	390	184	178	182	0.133333	0	0.7251	2
140	398	198	396	199	178	179	0.0285714	0	0.788845	2
141	317	216	314	215	178	179	0.0380952	0	0.860558	2
142	641	180	619	177	178	182	0.295238	0	0.717131	2
143	548	188	543	188	178	179	0.047619	0	0.749004	2
144	571	224	570	224	178	179	0.00952381	0	0.89243	2
145	474	204	468	202	178	179	0.0952381	0	0.812749	2
146	626	175	606	170	178	181	0.428571	0	0.697211	2
147	619	149	608	146	178	180	0.190476	0	0.593625	2
148	306	217	304	217	178	179	0.0190476	0	0.864542	2
149	380	175	376	174	179	180	0.047619	0	0.697211	2
150	345	216	333	211	179	184	0.352381	0	0.860558	2
151	792	123	782	122	179	181	0.104762	0	0.49004	2
152	322	184	318	184	179	180	0.0380952	0	0.733068	2
153	314	173	310	173	179	180	0.0380952	0	0.689243	2
154	228	185	227	184	179	180	0.0190476	0	0.737052	2
155	676	153	667	151	179	182	0.12381	0	0.609562	2
156	209	171	208	172	179	180	0.0190476	0	0.681275	2
157	328	163	323	160	179	182	0.133333	0	0.649402	2
158	332	176	332	174	179	180	0.0380952	0	0.701195	1
159	241	202	242	203	179	180	0.0190476	0	0.804781	1
160	827	48	826	49	179	190	0.0190476	0	0.191235	2
161	396	201	391	201	180	182	0.047619	0	0.800797	2
162	531	148	530	147	180	181	0.0190476	0	0.589641	2
163	140	134	137	134	180	183	0.0285714	0	0.533865	2
164	220	156	220	156	180	181	0	0	0.621514	1
165	344	181	344	180	180	181	0.00952381	0	0.721116	1
166	544	156	543	156	180	181	0.00952381	0	0.621514	2
167	143	153	140	153	180	185	0.0285714	0	0.609562	2
168	570	224	530	227	180	185	0.466667	0	0.89243	2
169	446	197	431	193	180	182	0.295238	0	0.784861	2
170	224	210	229	211	180	181	0.0571429	0	0.836653	1
171	372	184	362	184	180	182	0.0952381	0	0.733068	2
172	542	207	533	207	180	181	0.0857143	0	0.824701	2
173	240	186	241	186	180	181	0.00952381	0	0.741036	1
174	544	144	540	144	180	186	0.0380952	0	0.573705	2
175	216	145	216	146	180	181	0.00952381	0	0.577689	1
176	363	162	361	161	180	181	0.0285714	0	0.645418	2
177	230	157	231	156	180	182	0.0190476	0	0.625498	1
178	462	204	455	203	180	181	0.0761905	0	0.812749	2
179	391	157	390	157	180	181	0.00952381	0	0.625498	2
180	301	223	298	222	180	181	0.0380952	0	0.888446	2
181	258	202	257	204	180	182	0.047619	0	0.804781	2
182	622	176	614	176	180	181	0.0761905	0	0.701195	2
183	295	206	293	206	180	181	0.0190476	0	0.820717	2
184	615	158	604	158	180	182	0.104762	0	0.629482	2
185	712	24	728	28	180	205	0.304762	0	0.0956175	1
186	209	157	209	158	180	183	0.00952381	0	0.625498	1
187	667	98	650	97	180	190	0.171429	0	0.390438	2
188	521	238	511	237	180	185	0.104762	0	0.948207	2
189	301	183	297	184	180	181	0.047619	0	0.729084	2
190	621	139	610	139	180	182	0.104762	0	0.553785	2
191	153	153	156	155	180	193	0.0666667	0	0.609562	1
192	311	152	307	152	180	184	0.0380952	0	0.605578	2
193	657	111	652	111	180	182	0.047619	0	0.442231	2
194	372	173	370	174	181	182	0.0285714	0	0.689243	2
195	489	190	482	181	181	190	0.838095	0	0.756972	2
196	227	187	225	187	181	186	0.0190476	0	0.74502	2
197	269	212	269	211	181	186	0.00952381	0	0.844622	1
198	203	169	206	171	181	192	0.0666667	0	0.673307	1
199	316	185	313	185	181	182	0.0285714	0	0.737052	2
200	304	212	300	212	181	182	0.0380952	0	0.844622	2
201	789	146	780	143	181	182	0.171429	0	0.581673	2
202	218	147	227	145	182	194	0.12381	0	0.585657	1
203	527	147	526	146	182	183	0.0190476	0	0.585657	2
204	662	114	659	112	182	183	0.0666667	0	0.454183	2
205	237	214	242	213	182	183	0.0571429	0	0.85259	1
206	221	158	220	158	182	183	0.00952381	0	0.629482	2
207	436	174	418	171	182	186	0.257143	0	0.693227	2
208	273	195	273	193	182	185	0.0380952	0	0.776892	1
209	394	157	393	156	182	183	0.0190476	0	0.625498	2
210	258	175	259	175	182	183	0.00952381	0	0.697211	1
211	527	205	518	207	182	183	0.12381	0	0.816733	2
212	319	174	317	172	182	183	0.0571429	0	0.693227	2
213	333	180	332	177	182	184	0.0952381	0	0.717131	2
214	296	185	293	185	182	183	0.0285714	0	0.737052	2
215	808	158	804	156	182	184	0.0761905	0	0.629482	2
216	638	185	615	182	182	184	0.304762	0	0.737052	2
217	221	219	236	218	182	185	0.152381	0	0.87251	1
218	785	132	760	128	182	188	0.390476	0	0.525896	2
219	593	144	587	143	182	183	0.0666667	0	0.573705	2
220	793	148	789	145	182	184	0.12381	0	0.589641	2
221	505	181	501	178	182	184	0.12381	0	0.721116	2
222	602	169	597	169	182	183	0.047619	0	0.673307	2
223	259	185	258	185	182	183	0.00952381	0	0.737052	2
224	238	224	243	223	182	183	0.0571429	0	0.89243	1
225	388	199	379	202	183	186	0.171429	0	0.792829	2
226	521	184	515	183	183	184	0.0666667	0	0.733068	2
227	537	216	530	221	183	184	0.304762	0	0.860558	2
228	240	203	246	202	183	184	0.0666667	0	0.808765	1
229	368	176	366	175	183	184	0.0285714	0	0.701195	2
230	527	136	528	136	183	185	0.00952381	0	0.541833	1
231	294	213	292	213	183	184	0.0190476	0	0.848606	2
232	665	151	661	151	183	191	0.0380952	0	0.601594	2
233	232	157	237	159	183	192	0.0857143	0	0.625498	1
234	424	189	414	185	183	185	0.247619	0	0.752988	2
235	311	185	308	185	183	184	0.0285714	0	0.737052	2
236	571	31	589	35	183	205	0.32381	0	0.123506	1
237	321	152	342	155	183	205	0.285714	0	0.605578	1
238	497	189	495	184	183	189	0.257143	0	0.752988	2
239	378	162	374	162	183	191	0.0380952	0	0.645418	2
240	403	162	403	162	183	184	0	0	0.645418	1
241	679	34	697	37	183	205	0.257143	0	0.135458	1
242	769	115	758	112	183	186	0.190476	0	0.458167	2
243	774	140	760	138	183	187	0.171429	0	0.557769	2
244	221	159	223	159	184	188	0.0190476	0	0.633466	1
245	658	112	654	112	184	187	0.0380952	0	0.446215	2
246	135	114	154	117	184	205	0.266667	0	0.454183	1
247	310	174	309	174	184	185	0.00952381	0	0.693227	2
248	527	146	527	146	184	185	0	0	0.581673	1
249	268	184	269	183	184	185	0.0190476	0	0.733068	1
250	305	215	303	215	184	185	0.0190476	0	0.856574	2
251	246	212	267	211	184	188	0.209524	0	0.844622	1
252	351	214	346	213	184	186	0.0571429	0	0.85259	2
253	384	184	380	184	184	186	0.0380952	0	0.733068	2
254	321	171	320	170	184	185	0.0190476	0	0.681275	2
255	302	228	300	229	184	185	0.0285714	0	0.908367	2
256	365	174	363	173	185	186	0.0285714	0	0.693227	2
257	334	211	338	214	185	187	0.12381	0	0.840637	1
258	297	180	293	179	185	186	0.047619	0	0.717131	2
259	586	177	550	179	185	194	0.380952	0	0.705179	2
260	291	214	291	215	185	187	0.00952381	0	0.85259	1
261	391	163	391	162	185	186	0.00952381	0	0.649402	1
262	501	176	500	174	185	186	0.047619	0	0.701195	2
263	344	181	341	182	185	190	0.0380952	0	0.721116	2
264	515	186	509	185	185	186	0.0666667	0	0.741036	2
265	787	144	774	145	185	187	0.133333	0	0.573705	2
266	514	153	513	152	185	187	0.0190476	0	0.609562	2
267	355	157	351	158	185	196	0.047619	0	0.625498	2
268	275	228	275	227	186	187	0.00952381	0	0.908367	1
269	530	136	530	138	186	188	0.0380952	0	0.541833	1
270	309	175	308	175	186	187	0.00952381	0	0.697211	2
271	139	154	139	154	186	188	0	0	0.613546	1
272	511	241	508	240	186	187	0.0380952	0	0.960159	2
273	421	160	417	160	186	187	0.0380952	0	0.63745	2
274	243	218	248	217	186	187	0.0571429	0	0.868526	1
275	331	194	329	194	186	187	0.0190476	0	0.772908	2
276	534	238	532	236	186	188	0.0571429	0	0.948207	2
277	399	185	395	186	186	188	0.047619	0	0.737052	2
278	782	130	773	130	186	188	0.0857143	0	0.517928	2
279	215	191	217	191	186	187	0.0190476	0	0.760956	1
280	362	174	361	174	187	188	0.00952381	0	0.693227	2
281	375	204	373	204	187	190	0.0190476	0	0.812749	2
282	323	184	322	184	187	188	0.00952381	0	0.733068	2
283	273	183	276	182	187	188	0.0380952	0	0.729084	1
284	392	162	393	162	187	188	0.00952381	0	0.645418	1
285	304	216	306	216	187	189	0.0190476	0	0.860558	1
286	791	148	783	145	187	188	0.161905	0	0.589641	2
287	227	188	228	188	187	188	0.00952381	0	0.749004	1
288	404	163	404	163	187	188	0	0	0.649402	1
289	541	145	542	144	187	188	0.0190476	0	0.577689	1
290	600	185	598	183	187	188	0.0571429	0	0.737052	2
291	410	150	385	156	187	199	0.580952	0	0.59761	2
292	442	197	429	196	187	189	0.133333	0	0.784861	2
293	603	27	621	31	187	205	0.32381	0	0.10757	1
294	756	115	751	114	187	189	0.0571429	0	0.458167	2
295	654	113	653	114	188	191	0.0190476	0	0.450199	2
296	507	242	505	240	188	189	0.0571429	0	0.964143	2
297	343	214	349	216	188	193	0.0952381	0	0.85259	1
298	265	201	270	202	188	189	0.0571429	0	0.800797	1
299	375	185	375	183	188	191	0.0380952	0	0.737052	1
300	309	174	309	173	188	189	0.00952381	0	0.693227	1
301	315	198	315	197	188	189	0.00952381	0	0.788845	1
302	293	180	294	180	188	189	0.00952381	0	0.717131	1
303	248	230	251	230	188	189	0.0285714	0	0.916335	1
304	502	231	500	231	188	189	0.0190476	0	0.920319	2
305	524	158	524	159	188	189	0.00952381	0	0.629482	1
306	501	173	501	173	188	190	0	0	0.689243	1
307	346	169	345	169	188	189	0.00952381	0	0.673307	2
308	490	242	488	241	188	189	0.0285714	0	0.964143	2
309	142	133	142	133	188	189	0	0	0.52988	1
310	405	202	407	201	188	189	0.0285714	0	0.804781	1
311	824	74	826	74	188	190	0.0190476	0	0.294821	1
312	331	174	330	175	188	189	0.0190476	0	0.693227	2
313	363	174	364	172	189	191	0.047619	0	0.693227	1
314	141	154	142	154	189	190	0.00952381	0	0.613546	1
315	225	160	226	159	189	190	0.0190476	0	0.63745	1
316	531	139	531	140	189	190	0.00952381	0	0.553785	1
317	283	204	289	205	189	190	0.0666667	0	0.812749	1
318	235	230	237	230	189	191	0.0190476	0	0.916335	1
319	227	193	233	194	189	194	0.0666667	0	0.768924	1
320	291	230	292	229	189	190	0.0190476	0	0.916335	1
321	280	183	288	185	189	192	0.114286	0	0.729084	1
322	564	191	563	195	189	192	0.161905	0	0.760956	2
323	303	239	304	239	189	191	0.00952381	0	0.952191	1
324	277	172	281	173	189	192	0.047619	0	0.685259	1
325	641	150	643	153	189	196	0.104762	0	0.59761	1
326	404	177	405	178	190	191	0.0190476	0	0.705179	1
327	409	201	410	202	190	191	0.0190476	0	0.800797	1
328	143	134	143	134	190	191	0	0	0.533865	1
329	278	205	284	207	190	191	0.0952381	0	0.816733	1
330	329	213	326	213	190	191	0.0285714	0	0.848606	2
331	345	170	344	171	190	192	0.0190476	0	0.677291	2
332	316	195	317	193	190	191	0.047619	0	0.776892	1
333	261	230	263	231	190	191	0.0285714	0	0.916335	1
334	331	169	331	170	190	191	0.00952381	0	0.673307	1
335	216	158	217	158	190	192	0.00952381	0	0.629482	1
336	272	181	274	181	190	191	0.0190476	0	0.721116	1
337	483	232	482	232	190	191	0.00952381	0	0.924303	2
338	529	154	531	154	190	191	0.0190476	0	0.613546	1
339	689	24	704	27	190	205	0.228571	0	0.0956175	1
340	751	141	746	138	190	191	0.133333	0	0.561753	2
341	595	182	579	182	190	192	0.152381	0	0.7251	2
342	246	233	247	232	190	191	0.0190476	0	0.928287	1
343	496	184	497	185	190	191	0.0190476	0	0.733068	1
344	257	196	281	199	190	205	0.314286	0	0.780876	1
345	767	59	783	62	190	205	0.238095	0	0.23506	1
346	312	167	312	167	190	191	0	0	0.665339	1
347	374	205	371	204	191	192	0.0380952	0	0.816733	2
348	143	155	143	156	191	192	0.00952381	0	0.61753	1
349	227	156	228	156	191	192	0.00952381	0	0.621514	1
350	294	213	300	214	191	192	0.0666667	0	0.848606	1
351	342	182	339	183	191	194	0.0380952	0	0.7251	2
352	309	217	310	217	191	192	0.00952381	0	0.864542	1
353	561	146	554	147	191	192	0.0761905	0	0.581673	2
354	747	112	744	110	191	192	0.0666667	0	0.446215	2
355	288	193	315	197	191	200	0.409524	0	0.768924	1
356	501	175	500	177	191	192	0.047619	0	0.697211	2
357	415	171	420	173	191	194	0.0857143	0	0.681275	1
358	270	196	277	198	191	194	0.104762	0	0.780876	1
359	544	144	543	145	191	192	0.0190476	0	0.573705	2
360	539	132	538	134	191	194	0.047619	0	0.525896	2
361	663	123	657	123	191	195	0.0571429	0	0.49004	2
362	366	172	366	171	192	193	0.00952381	0	0.685259	1
363	485	186	486	188	192	193	0.047619	0	0.741036	1
364	145	136	146	135	192	194	0.0190476	0	0.541833	1
365	330	171	329	171	192	193	0.00952381	0	0.681275	2
366	298	177	299	176	192	193	0.0190476	0	0.705179	1
367	645	116	642	114	192	194	0.0666667	0	0.462151	2
368	662	153	658	151	192	196	0.0761905	0	0.609562	2
369	497	232	496	233	192	193	0.0190476	0	0.924303	2
370	575	155	566	152	192	194	0.171429	0	0.61753	2
371	276	183	278	183	192	193	0.0190476	0	0.729084	1
372	238	231	253	228	192	199	0.228571	0	0.920319	1
373	753	136	737	135	192	196	0.161905	0	0.541833	2
374	501	192	501	193	192	193	0.00952381	0	0.76494	1
375	321	181	321	181	192	193	0	0	0.721116	1
376	766	130	746	129	192	197	0.2	0	0.517928	2
377	761	146	759	144	192	193	0.0571429	0	0.581673	2
378	817	24	818	24	192	193	0.00952381	0	0.0956175	1
379	369	203	367	201	193	194	0.0571429	0	0.808765	2
380	279	228	282	229	193	194	0.0380952	0	0.908367	1
381	146	156	153	157	193	201	0.0761905	0	0.621514	1
382	305	214	312	213	193	194	0.0761905	0	0.85259	1
383	229	156	231	154	193	196	0.0571429	0	0.621514	1
384	343	173	343	171	193	195	0.0380952	0	0.689243	1
385	283	210	303	211	193	201	0.2	0	0.836653	1
386	526	151	526	151	193	194	0	0	0.601594	1
387	375	184	374	183	193	197	0.0190476	0	0.733068	2
388	648	99	640	93	193	200	0.419048	0	0.394422	2
389	744	110	739	108	193	195	0.0857143	0	0.438247	2
390	281	172	288	170	193	197	0.104762	0	0.685259	1
391	219	157	221	154	193	197	0.104762	0	0.625498	1
392	332	197	333	198	193	195	0.0190476	0	0.784861	1
393	486	191	485	197	194	197	0.352381	0	0.760956	2
394	327	172	327	171	194	195	0.00952381	0	0.685259	1
395	412	183	414	183	194	195	0.0190476	0	0.729084	1
396	303	173	304	171	194	195	0.047619	0	0.689243	1
397	367	170	368	168	194	195	0.047619	0	0.677291	1
398	351	216	351	215	194	195	0.00952381	0	0.860558	1
399	568	162	561	161	194	196	0.0761905	0	0.645418	2
400	460	200	456	202	194	195	0.0761905	0	0.796813	2
401	549	155	547	154	194	195	0.0285714	0	0.61753	2
402	481	237	487	239	194	201	0.0952381	0	0.944223	1
403	495	238	502	239	194	199	0.0761905	0	0.948207	1
404	471	237	470	241	194	197	0.161905	0	0.944223	2
405	157	155	166	156	194	205	0.0952381	0	0.61753	1
406	533	162	533	161	194	195	0.00952381	0	0.645418	1
407	652	111	647	108	194	198	0.133333	0	0.442231	2
408	756	140	746	141	194	196	0.104762	0	0.557769	2
409	509	187	511	188	194	197	0.0285714	0	0.74502	1
410	736	147	731	150	194	196	0.133333	0	0.585657	2
411	367	200	366	200	195	196	0.00952381	0	0.796813	2
412	383	210	383	211	195	197	0.00952381	0	0.836653	1
413	339	184	341	185	195	199	0.0285714	0	0.733068	1
414	547	179	541	178	195	196	0.0666667	0	0.713147	2
415	279	194	284	194	195	197	0.047619	0	0.772908	1
416	540	143	536	143	195	198	0.0380952	0	0.569721	2
417	231	143	234	146	195	201	0.114286	0	0.569721	1
418	301	227	307	227	195	196	0.0571429	0	0.904382	1
419	147	135	155	137	195	205	0.114286	0	0.537849	1
420	315	216	322	216	195	196	0.0666667	0	0.860558	1
421	422	173	425	174	195	197	0.0380952	0	0.689243	1
422	425	210	424	210	195	196	0.00952381	0	0.836653	2
423	565	151	559	152	195	197	0.0666667	0	0.601594	2
424	289	183	292	184	195	196	0.0380952	0	0.729084	1
425	235	194	236	195	195	197	0.0190476	0	0.772908	1
426	457	222	449	222	195	196	0.0761905	0	0.884462	2
427	491	223	492	231	195	202	0.619048	0	0.888446	1
428	336	168	336	169	196	204	0.00952381	0	0.669323	1
429	461	199	457	200	196	197	0.047619	0	0.792829	2
430	533	162	532	162	196	197	0.00952381	0	0.645418	2
431	417	185	418	185	196	197	0.00952381	0	0.737052	1
432	544	155	540	154	196	197	0.047619	0	0.61753	2
433	741	109	737	110	196	197	0.047619	0	0.434263	2
434	352	217	351	217	196	197	0.00952381	0	0.864542	2
435	362	170	362	169	196	197	0.00952381	0	0.677291	1
436	528	149	526	149	196	197	0.0190476	0	0.593625	2
437	312	215	317	215	196	197	0.047619	0	0.856574	1
438	758	143	750	142	196	197	0.0857143	0	0.569721	2
439	233	164	232	164	196	197	0.00952381	0	0.653386	2
440	311	199	329	202	196	202	0.257143	0	0.792829	1
441	374	173	377	175	196	203	0.0666667	0	0.689243	1
442	733	119	730	119	196	197	0.0285714	0	0.474104	2
443	365	201	366	202	197	199	0.0190476	0	0.800797	1
444	231	154	233	154	197	200	0.0190476	0	0.613546	1
445	330	209	336	207	197	198	0.0952381	0	0.832669	1
446	560	162	558	160	197	198	0.0571429	0	0.645418	2
447	314	228	321	226	197	198	0.104762	0	0.908367	1
448	299	185	303	184	197	198	0.047619	0	0.737052	1
449	453	228	430	229	197	201	0.228571	0	0.908367	2
450	536	178	526	182	197	201	0.247619	0	0.709163	2
451	239	175	241	175	197	200	0.0190476	0	0.697211	1
452	442	225	420	226	197	201	0.219048	0	0.896414	2
453	305	175	308	174	197	198	0.0380952	0	0.697211	1
454	352	159	351	159	197	201	0.00952381	0	0.633466	2
455	732	153	735	152	197	200	0.0380952	0	0.609562	1
456	497	250	499	248	197	198	0.0571429	0	0.996016	1
457	484	251	489	250	197	202	0.0571429	0	1	1
458	643	153	646	153	197	200	0.0285714	0	0.609562	1
459	410	168	415	178	197	202	1	0	0.669323	1
460	289	194	296	194	198	200	0.0666667	0	0.772908	1
461	294	237	296	237	198	199	0.0190476	0	0.944223	1
462	453	204	449	203	198	199	0.047619	0	0.812749	2
463	384	211	385	211	198	199	0.00952381	0	0.840637	1
464	420	185	421	186	198	199	0.0190476	0	0.737052	1
465	471	240	469	239	198	199	0.0285714	0	0.956175	2
466	533	161	533	160	198	199	0.00952381	0	0.641434	1
467	286	184	292	184	198	200	0.0571429	0	0.733068	1
468	222	158	223	159	198	200	0.0190476	0	0.629482	1
469	374	185	373	186	198	201	0.0190476	0	0.737052	2
470	336	217	347	215	198	200	0.142857	0	0.864542	1
471	233	163	234	163	198	200	0.00952381	0	0.649402	1
472	292	169	295	169	198	199	0.0285714	0	0.673307	1
473	448	214	441	215	198	199	0.0761905	0	0.85259	2
474	572	108	577	109	198	205	0.0571429	0	0.430279	1
475	825	24	826	24	198	199	0.00952381	0	0.0956175	1
476	642	108	640	107	199	200	0.0285714	0	0.430279	2
477	488	198	484	197	199	205	0.047619	0	0.788845	2
478	291	221	293	221	199	200	0.0190476	0	0.880478	1
479	307	184	313	185	199	201	0.0666667	0	0.733068	1
480	554	153	552	153	199	200	0.0190476	0	0.609562	2
481	281	213	284	213	199	201	0.0285714	0	0.848606	1
482	411	187	412	189	199	200	0.047619	0	0.74502	1
483	826	83	826	83	199	200	0	0	0.330677	1
484	326	165	326	165	199	201	0	0	0.657371	1
485	556	163	553	163	199	200	0.0285714	0	0.649402	2
486	313	166	312	165	199	200	0.0190476	0	0.661355	2
487	532	194	525	198	199	203	0.219048	0	0.772908	2
488	443	203	435	203	200	201	0.0761905	0	0.808765	2
489	367	205	366	206	200	201	0.0190476	0	0.816733	2
490	343	184	343	183	200	203	0.00952381	0	0.733068	1
491	298	236	299	236	200	201	0.00952381	0	0.940239	1
492	258	229	261	231	200	202	0.0666667	0	0.912351	1
493	387	211	386	212	200	202	0.0190476	0	0.840637	2
494	729	141	723	137	200	203	0.209524	0	0.561753	2
495	453	233	443	232	200	201	0.104762	0	0.928287	2
496	730	104	715	101	200	205	0.228571	0	0.414343	2
497	505	239	505	237	200	202	0.0380952	0	0.952191	1
498	423	239	419	239	200	203	0.0380952	0	0.952191	2
499	463	237	453	234	200	201	0.180952	0	0.944223	2
500	440	190	433	191	200	201	0.0761905	0	0.756972	2
501	298	195	299	196	201	202	0.0190476	0	0.776892	1
502	356	211	360	211	201	202	0.0380952	0	0.840637	1
503	233	157	232	158	201	202	0.0190476	0	0.625498	2
504	535	139	533	138	201	202	0.0285714	0	0.553785	2
505	827	84	826	84	201	202	0.00952381	0	0.334661	2
506	295	185	298	188	201	204	0.114286	0	0.737052	1
507	641	92	634	95	201	205	0.152381	0	0.366534	2
508	713	127	701	127	201	205	0.114286	0	0.505976	2
509	648	154	644	152	201	202	0.0761905	0	0.613546	2
510	592	24	594	24	201	205	0.0190476	0	0.0956175	1
511	547	189	543	187	201	205	0.0761905	0	0.752988	2
512	358	221	360	219	201	202	0.0571429	0	0.880478	1
513	423	249	423	248	201	202	0.00952381	0	0.992032	1
514	650	113	648	113	201	202	0.0190476	0	0.450199	2
515	386	163	384	166	201	205	0.104762	0	0.649402	2
516	716	106	712	104	201	202	0.0761905	0	0.422311	2
517	126	61	128	61	201	205	0.0190476	0	0.243028	1
518	230	198	224	199	201	203	0.0666667	0	0.788845	2
519	432	203	424	204	202	203	0.0857143	0	0.808765	2
520	154	157	155	157	202	205	0.00952381	0	0.625498	1
521	549	155	546	155	202	203	0.0285714	0	0.61753	2
522	316	185	318	185	202	203	0.0190476	0	0.737052	1
523	327	172	326	172	202	203	0.00952381	0	0.685259	2
524	287	215	290	214	202	204	0.0380952	0	0.856574	1
525	300	229	304	229	202	203	0.0380952	0	0.912351	1
526	230	148	227	151	202	205	0.114286	0	0.589641	2
527	304	213	313	214	202	205	0.0952381	0	0.848606	1
528	638	108	636	108	202	203	0.0190476	0	0.430279	2
529	321	223	330	225	202	205	0.12381	0	0.888446	1
530	526	184	524	183	202	203	0.0285714	0	0.733068	2
531	351	161	349	164	202	204	0.104762	0	0.641434	2
532	305	160	302	161	202	205	0.0380952	0	0.63745	2
533	292	240	292	240	202	204	0	0	0.956175	1
534	730	127	717	126	202	205	0.133333	0	0.505976	2
535	222	161	222	163	202	205	0.0380952	0	0.641434	1
536	309	175	310	175	202	203	0.00952381	0	0.697211	1
537	412	201	407	199	203	204	0.0857143	0	0.800797	2
538	365	214	369	214	203	204	0.0380952	0	0.85259	1
539	346	218	350	216	203	204	0.0761905	0	0.868526	1
540	489	239	491	238	203	205	0.0285714	0	0.952191	1
541	533	138	532	138	203	205	0.00952381	0	0.549801	2
542	367	165	366	166	203	204	0.0190476	0	0.657371	2
543	261	235	258	237	203	205	0.0666667	0	0.936255	2
544	285	227	287	227	203	205	0.0190476	0	0.904382	1
545	387	214	387	214	203	204	0	0	0.85259	1
546	217	174	218	176	203	205	0.047619	0	0.693227	1
547	324	197	327	197	203	204	0.0285714	0	0.784861	1
548	641	150	636	149	203	204	0.0571429	0	0.59761	2
549	651	114	648	114	203	205	0.0285714	0	0.454183	2
550	341	234	344	234	203	204	0.0285714	0	0.932271	1
551	304	240	306	240	203	204	0.0190476	0	0.956175	1
552	155	192	156	193	203	205	0.0190476	0	0.76494	1
553	424	249	425	246	203	205	0.0952381	0	0.992032	1
554	307	230	310	231	204	205	0.0380952	0	0.916335	1
555	232	161	231	162	204	205	0.0190476	0	0.641434	2
556	344	184	343	184	204	205	0.00952381	0	0.733068	2
557	638	117	636	119	204	205	0.0571429	0	0.466135	2
558	160	178	160	178	204	205	0	0	0.709163	1
559	324	158	328	157	204	205	0.047619	0	0.629482	1
560	516	232	516	234	204	205	0.0380952	0	0.924303	1
561	641	104	639	105	204	205	0.0285714	0	0.414343	2
562	551	147	550	146	204	205	0.0190476	0	0.585657	2
563	377	177	376	178	204	205	0.0190476	0	0.705179	2
564	246	197	246	197	204	205	0	0	0.784861	1
565	296	198	297	198	204	205	0.00952381	0	0.788845	1
566	321	186	323	186	204	205	0.0190476	0	0.741036	1
567	522	183	519	181	204	205	0.0666667	0	0.729084	2
568	543	158	541	158	204	205	0.0190476	0	0.629482	2
569	708	103	705	103	204	205	0.0285714	0	0.410359	2
570	720	139	714	138	204	205	0.0666667	0	0.553785	2