
0	152	247	176	252	67	69	0.0584029	0	0.542857	1
1	471	212	483	212	67	68	0.0143027	0	0.465934	1
2	342	140	355	142	67	68	0.0202622	0	0.307692	1
3	492	187	519	192	67	70	0.0619785	0	0.410989	1
4	556	129	596	151	67	73	0.624553	0	0.283516	1
5	634	413	667	424	67	70	0.183552	0	0.907692	1
6	441	43	468	51	67	70	0.108462	0	0.0945055	1
7	312	134	324	135	67	68	0.0154946	0	0.294505	1
8	310	124	343	127	67	70	0.0500596	0	0.272527	1
9	493	259	527	276	67	70	0.384982	0	0.569231	1
10	421	259	429	265	68	69	0.0524434	0	0.569231	1
11	741	113	765	126	68	75	0.230036	0	0.248352	1
12	450	173	461	171	68	69	0.0178784	0	0.38022	1
13	514	201	525	201	68	69	0.0131108	0	0.441758	1
14	416	182	428	182	68	69	0.0143027	0	0.4	1
15	680	417	705	421	68	70	0.0488677	0	0.916484	1
16	692	341	713	352	68	70	0.169249	0	0.749451	1
17	764	144	787	151	68	70	0.0858164	0	0.316484	1
18	156	240	168	242	68	69	0.0190703	0	0.527473	1
19	385	109	391	122	68	85	0.208582	0	0.23956	1
20	698	173	726	197	68	74	0.719905	0	0.38022	1
21	153	185	174	191	68	70	0.067938	0	0.406593	1
22	503	355	524	361	68	70	0.067938	0	0.78022	1
23	541	227	548	229	68	69	0.0131108	0	0.498901	1
24	166	175	187	180	68	70	0.0548272	0	0.384615	1
25	618	273	637	278	68	70	0.0524434	0	0.6	1
26	587	251	590	274	68	77	0.634088	0	0.551648	1
27	544	201	558	204	68	70	0.0274136	0	0.441758	1
28	370	146	381	147	69	70	0.0143027	0	0.320879	1
29	464	353	470	366	69	76	0.208582	0	0.775824	1
30	394	168	403	169	69	70	0.011919	0	0.369231	1
31	507	266	529	287	69	74	0.551847	0	0.584615	1
32	579	147	572	148	69	75	0.00953516	0	0.323077	2
33	397	152	405	153	69	70	0.0107271	0	0.334066	1
34	507	346	525	363	69	79	0.365912	0	0.76044	1
35	550	239	558	242	69	70	0.0202622	0	0.525275	1
36	455	272	465	270	69	70	0.0166865	0	0.597802	1
37	501	200	509	201	69	70	0.0107271	0	0.43956	1
38	224	218	236	223	69	75	0.0441001	0	0.479121	1
39	589	238	597	245	70	72	0.067938	0	0.523077	1
40	585	213	593	220	70	73	0.067938	0	0.468132	1
41	441	184	450	187	71	72	0.0214541	0	0.404396	1
42	473	57	461	58	71	75	0.0154946	0	0.125275	2
43	444	275	450	281	71	73	0.0500596	0	0.604396	1
44	184	197	198	203	71	85	0.0595948	0	0.432967	1
45	478	193	488	195	71	72	0.0166865	0	0.424176	1
46	536	205	541	209	71	72	0.0250298	0	0.450549	1
47	351	131	361	134	71	72	0.022646	0	0.287912	1
48	195	263	190	265	71	74	0.0107271	0	0.578022	2
49	413	170	425	173	71	72	0.0250298	0	0.373626	1
50	391	149	403	153	71	72	0.0333731	0	0.327473	1
51	709	167	725	187	71	83	0.495828	0	0.367033	1
52	475	175	485	177	71	72	0.0166865	0	0.384615	1
53	476	68	460	83	71	79	0.287247	0	0.149451	2
54	673	431	664	430	71	74	0.011919	0	0.947253	2
55	437	174	446	177	71	72	0.0214541	0	0.382418	1
56	492	213	501	218	71	73	0.0405244	0	0.468132	1
57	482	95	464	108	71	78	0.222884	0	0.208791	2
58	425	129	433	133	71	72	0.0286055	0	0.283516	1
59	773	80	804	99	71	88	0.467223	0	0.175824	1
60	477	205	488	208	71	72	0.0238379	0	0.450549	1
61	222	234	221	238	71	74	0.0202622	0	0.514286	2
62	220	244	218	250	71	77	0.045292	0	0.536264	2
63	719	358	732	366	71	73	0.0917759	0	0.786813	1
64	798	156	791	165	71	79	0.104887	0	0.342857	2
65	533	368	528	375	71	80	0.0643623	0	0.808791	2
66	634	245	606	243	71	78	0.0381406	0	0.538462	2
67	476	215	487	219	71	72	0.0321812	0	0.472527	1
68	232	291	218	295	71	76	0.0357569	0	0.63956	2
69	193	186	189	188	71	74	0.00953516	0	0.408791	2
70	537	288	545	299	71	73	0.153754	0	0.632967	1
71	672	441	658	439	71	75	0.0214541	0	0.969231	2
72	487	61	469	66	71	76	0.0512515	0	0.134066	2
73	191	208	198	217	71	73	0.104887	0	0.457143	1
74	731	338	766	338	71	80	0.0417163	0	0.742857	1
75	505	225	515	228	71	72	0.022646	0	0.494505	1
76	528	253	540	262	71	72	0.110846	0	0.556044	1
77	792	168	789	173	71	74	0.0333731	0	0.369231	2
78	626	265	634	270	71	72	0.0393325	0	0.582418	1
79	493	232	505	237	71	72	0.0441001	0	0.50989	1
80	483	51	466	65	71	80	0.253874	0	0.112088	2
81	617	184	598	190	71	76	0.0655542	0	0.404396	2
82	500	203	510	207	71	72	0.0309893	0	0.446154	1
83	653	290	648	292	72	73	0.0107271	0	0.637363	2
84	471	203	467	205	72	73	0.00953516	0	0.446154	2
85	434	186	429	187	72	73	0.00715137	0	0.408791	2
86	465	289	460	291	72	73	0.0107271	0	0.635165	2
87	520	212	518	212	72	73	0.00238379	0	0.465934	2
88	725	442	702	440	72	76	0.0321812	0	0.971429	2
89	642	282	637	285	72	73	0.0166865	0	0.61978	2
90	732	244	727	246	72	73	0.0107271	0	0.536264	2
91	715	391	708	383	72	75	0.0846246	0	0.859341	2
92	529	320	525	324	72	73	0.0238379	0	0.703297	2
93	489	276	486	279	72	73	0.0143027	0	0.606593	2
94	432	145	425	148	72	73	0.0190703	0	0.318681	2
95	513	261	510	262	72	73	0.00476758	0	0.573626	2
96	231	299	217	297	72	78	0.0214541	0	0.657143	2
97	202	168	199	170	72	73	0.00834327	0	0.369231	2
98	385	155	373	154	73	77	0.0154946	0	0.340659	2
99	234	230	226	224	73	74	0.0524434	0	0.505495	2
100	459	224	454	212	73	78	0.177592	0	0.492308	2
101	546	315	541	300	73	74	0.274136	0	0.692308	2
102	481	181	471	172	73	74	0.108462	0	0.397802	2
103	597	185	585	180	73	74	0.0441001	0	0.406593	2
104	525	290	519	283	73	74	0.0655542	0	0.637363	2
105	520	304	514	298	73	74	0.0500596	0	0.668132	2
106	542	268	535	261	73	74	0.0667461	0	0.589011	2
107	483	362	479	361	74	76	0.00595948	0	0.795604	2
108	543	310	548	309	74	77	0.00715137	0	0.681319	1
109	708	368	709	363	74	75	0.0309893	0	0.808791	1
110	478	274	472	269	74	75	0.0369487	0	0.602198	2
111	585	145	563	138	74	80	0.0846246	0	0.318681	2
112	192	255	185	250	74	75	0.0381406	0	0.56044	2
113	582	210	572	214	74	83	0.0309893	0	0.461538	2
114	203	160	192	156	74	76	0.0321812	0	0.351648	2
115	719	229	713	238	74	77	0.103695	0	0.503297	2
116	462	101	446	107	74	77	0.0619785	0	0.221978	2
117	773	141	770	145	74	78	0.022646	0	0.30989	2
118	342	39	397	67	74	105	1	0	0.0857143	1
119	209	280	205	275	74	75	0.034565	0	0.615385	2
120	774	183	813	194	74	87	0.190703	0	0.402198	1
121	240	218	230	216	74	77	0.0166865	0	0.479121	2
122	446	262	450	263	75	76	0.00595948	0	0.575824	1
123	222	219	230	223	75	78	0.0286055	0	0.481319	1
124	217	231	215	235	75	76	0.0214541	0	0.507692	2
125	433	172	429	176	75	76	0.0238379	0	0.378022	2
126	632	281	625	285	75	77	0.0274136	0	0.617582	2
127	551	237	541	240	75	76	0.022646	0	0.520879	2
128	183	262	179	267	75	76	0.034565	0	0.575824	2
129	532	284	534	286	75	76	0.00715137	0	0.624176	1
130	463	181	458	182	75	76	0.00715137	0	0.397802	2
131	413	175	419	180	75	78	0.0369487	0	0.384615	1
132	344	120	340	123	75	76	0.0154946	0	0.263736	2
133	736	354	741	358	75	76	0.0250298	0	0.778022	1
134	186	181	206	190	75	85	0.120381	0	0.397802	1
135	516	233	509	240	75	76	0.0667461	0	0.512088	2
136	212	216	213	223	75	77	0.0595948	0	0.474725	1
137	193	162	187	164	75	76	0.011919	0	0.356044	2
138	721	196	730	214	75	82	0.396901	0	0.430769	1
139	620	274	589	277	75	81	0.0476758	0	0.602198	2
140	669	426	674	428	75	76	0.0107271	0	0.936264	1
141	485	189	478	191	75	76	0.0131108	0	0.415385	2
142	719	240	722	248	75	79	0.079857	0	0.527473	1
143	745	364	749	367	75	76	0.0154946	0	0.8	1
144	504	187	497	189	75	76	0.0131108	0	0.410989	2
145	187	204	184	207	75	76	0.0143027	0	0.448352	2
146	496	253	491	260	75	76	0.0643623	0	0.556044	2
147	455	194	459	196	76	77	0.00953516	0	0.426374	1
148	455	64	465	82	76	85	0.398093	0	0.140659	1
149	491	212	497	217	76	77	0.0369487	0	0.465934	1
150	549	228	545	227	76	78	0.00595948	0	0.501099	2
151	722	358	742	357	76	78	0.0250298	0	0.786813	1
152	397	152	400	156	76	77	0.022646	0	0.334066	1
153	522	283	552	284	76	81	0.0369487	0	0.621978	1
154	706	214	726	227	76	84	0.225268	0	0.47033	1
155	760	125	766	129	76	79	0.0262217	0	0.274725	1
156	517	298	548	298	76	81	0.0369487	0	0.654945	1
157	452	253	458	259	76	77	0.0500596	0	0.556044	1
158	560	216	553	218	76	80	0.0131108	0	0.474725	2
159	522	198	536	200	76	79	0.0214541	0	0.435165	1
160	708	442	716	444	77	81	0.0143027	0	0.971429	1
161	526	268	529	266	77	80	0.00834327	0	0.589011	1
162	542	288	557	283	77	80	0.0476758	0	0.632967	1
163	385	244	388	236	77	79	0.079857	0	0.536264	1
164	594	194	590	193	77	78	0.00595948	0	0.426374	2
165	343	127	347	126	77	78	0.00595948	0	0.279121	1
166	753	363	762	359	77	78	0.0297974	0	0.797802	1
167	433	179	440	177	77	78	0.0131108	0	0.393407	1
168	383	147	386	146	77	78	0.00476758	0	0.323077	1
169	398	170	405	166	77	80	0.0274136	0	0.373626	1
170	237	228	240	220	77	79	0.079857	0	0.501099	1
171	662	448	692	454	77	85	0.0786651	0	0.984615	1
172	222	238	229	231	77	80	0.0667461	0	0.523077	1
173	189	162	194	158	77	80	0.0250298	0	0.356044	1
174	487	272	489	272	77	78	0.00238379	0	0.597802	1
175	681	435	715	425	77	79	0.159714	0	0.956044	1
176	499	193	497	189	77	79	0.0214541	0	0.424176	2
177	552	290	559	287	77	78	0.0190703	0	0.637363	1
178	462	241	467	237	77	78	0.0250298	0	0.52967	1
179	203	195	207	189	77	78	0.0476758	0	0.428571	1
180	402	187	407	184	77	78	0.0166865	0	0.410989	1
181	623	282	614	280	78	79	0.0154946	0	0.61978	2
182	471	280	475	281	78	81	0.00595948	0	0.615385	1
183	504	219	507	219	78	79	0.00357569	0	0.481319	1
184	492	209	487	207	78	79	0.0107271	0	0.459341	2
185	216	221	218	219	78	81	0.00715137	0	0.485714	1
186	189	269	186	266	78	79	0.0143027	0	0.591209	2
187	440	246	441	242	78	79	0.0202622	0	0.540659	1
188	336	134	363	140	78	85	0.0750894	0	0.294505	1
189	378	156	378	158	78	82	0.00476758	0	0.342857	1
190	409	155	411	153	78	80	0.00715137	0	0.340659	1
191	716	238	714	240	78	81	0.00715137	0	0.523077	2
192	589	274	580	272	78	79	0.0154946	0	0.602198	2
193	467	208	463	204	78	79	0.0238379	0	0.457143	2
194	467	183	466	180	78	79	0.011919	0	0.402198	2
195	215	232	215	229	78	79	0.0107271	0	0.50989	1
196	536	322	541	320	78	79	0.0107271	0	0.707692	1
197	732	364	766	365	78	82	0.0417163	0	0.8	1
198	446	109	440	108	78	81	0.00834327	0	0.23956	2
199	430	171	431	169	78	79	0.00595948	0	0.375824	1
200	461	249	461	249	78	79	0	0	0.547253	1
201	347	125	351	128	79	81	0.0154946	0	0.274725	1
202	386	144	383	142	79	80	0.00834327	0	0.316484	2
203	767	355	772	354	79	80	0.00715137	0	0.78022	1
204	542	227	543	229	79	80	0.00595948	0	0.498901	1
205	230	220	251	217	79	85	0.0357569	0	0.483516	1
206	420	179	420	178	79	80	0.0011919	0	0.393407	1
207	463	191	464	189	79	80	0.00595948	0	0.41978	1
208	482	226	482	226	79	80	0	0	0.496703	1
209	563	286	574	288	79	81	0.0178784	0	0.628571	1
210	398	148	395	146	79	80	0.00834327	0	0.325275	2
211	582	194	572	191	79	80	0.022646	0	0.426374	2
212	408	182	410	180	79	80	0.00715137	0	0.4	1
213	769	139	793	144	79	85	0.0584029	0	0.305495	1
214	431	197	431	197	79	80	0	0	0.432967	1
215	774	365	817	362	79	83	0.0619785	0	0.802198	1
216	523	227	527	225	79	80	0.00953516	0	0.498901	1
217	747	355	752	355	79	80	0.00595948	0	0.78022	1
218	719	190	740	203	79	84	0.22646	0	0.417582	1
219	574	150	571	148	79	80	0.00834327	0	0.32967	2
220	498	236	502	236	79	80	0.00476758	0	0.518681	1
221	438	172	439	172	80	81	0.0011919	0	0.378022	1
222	216	230	218	231	80	81	0.00357569	0	0.505495	1
223	794	167	819	173	80	85	0.0727056	0	0.367033	1
224	458	84	467	92	80	84	0.0870083	0	0.184615	1
225	446	241	452	240	80	81	0.00834327	0	0.52967	1
226	218	280	222	275	80	81	0.034565	0	0.615385	1
227	219	247	230	250	80	82	0.0238379	0	0.542857	1
228	379	125	377	126	80	81	0.00357569	0	0.274725	2
229	720	265	738	279	80	85	0.255066	0	0.582418	1
230	722	249	724	251	80	81	0.00715137	0	0.547253	1
231	576	173	570	175	80	82	0.011919	0	0.38022	2
232	463	104	477	111	80	84	0.0750894	0	0.228571	1
233	232	232	250	229	81	85	0.0321812	0	0.50989	1
234	481	203	481	204	81	82	0.0011919	0	0.446154	1
235	564	285	572	287	81	82	0.0143027	0	0.626374	1
236	380	144	384	145	81	83	0.00595948	0	0.316484	1
237	523	285	526	287	81	82	0.00834327	0	0.626374	1
238	424	181	437	184	81	84	0.0262217	0	0.397802	1
239	411	167	418	169	81	82	0.0131108	0	0.367033	1
240	565	329	574	328	81	82	0.011919	0	0.723077	1
241	577	156	576	154	81	82	0.00595948	0	0.342857	2
242	390	232	393	234	81	82	0.00834327	0	0.50989	1
243	557	222	559	226	81	82	0.0214541	0	0.487912	1
244	567	151	569	151	81	82	0.00238379	0	0.331868	1
245	698	219	714	226	81	85	0.0774732	0	0.481319	1
246	198	160	202	162	81	82	0.00953516	0	0.351648	1
247	781	355	793	355	81	82	0.0143027	0	0.78022	1
248	422	156	429	157	81	82	0.00953516	0	0.342857	1
249	489	191	493	187	81	85	0.0238379	0	0.41978	1
250	390	142	391	143	81	82	0.00238379	0	0.312088	1
251	464	178	467	179	81	82	0.00476758	0	0.391209	1
252	503	205	503	207	81	82	0.00476758	0	0.450549	1
253	564	192	560	189	81	82	0.0154946	0	0.421978	2
254	400	226	409	228	81	83	0.0154946	0	0.496703	1
255	222	292	240	290	81	84	0.0262217	0	0.641758	1
256	445	206	450	209	81	82	0.0166865	0	0.452747	1
257	788	181	809	185	81	85	0.0441001	0	0.397802	1
258	412	155	420	156	81	82	0.0107271	0	0.340659	1
259	38	24	122	28	81	92	0.11919	0	0.0527473	1
260	354	141	359	146	81	82	0.0357569	0	0.30989	1
261	587	169	586	165	82	83	0.0202622	0	0.371429	2
262	223	221	236	217	82	85	0.034565	0	0.485714	1
263	224	233	233	228	82	84	0.0405244	0	0.512088	1
264	414	180	422	177	82	83	0.0202622	0	0.395604	1
265	357	133	374	132	82	85	0.0214541	0	0.292308	1
266	530	376	542	373	82	84	0.0250298	0	0.826374	1
267	558	201	568	198	82	83	0.022646	0	0.441758	1
268	588	309	611	303	82	84	0.0703218	0	0.679121	1
269	505	240	507	236	82	83	0.0214541	0	0.527473	1
270	183	264	188	263	82	83	0.00715137	0	0.58022	1
271	415	193	420	192	82	83	0.00715137	0	0.424176	1
272	401	195	400	192	82	83	0.011919	0	0.428571	2
273	378	127	379	126	82	83	0.00238379	0	0.279121	1
274	761	139	769	139	82	84	0.00953516	0	0.305495	1
275	768	159	772	159	82	83	0.00476758	0	0.349451	1
276	582	292	592	291	82	83	0.0131108	0	0.641758	1
277	212	160	231	158	82	85	0.0274136	0	0.351648	1
278	588	196	593	194	82	83	0.0107271	0	0.430769	1
279	588	272	622	270	82	85	0.045292	0	0.597802	1
280	443	110	492	109	82	91	0.0595948	0	0.241758	1
281	802	230	819	230	82	85	0.0202622	0	0.505495	1
282	483	204	482	201	83	84	0.011919	0	0.448352	2
283	382	155	383	153	83	85	0.00595948	0	0.340659	1
284	582	287	590	284	83	84	0.0202622	0	0.630769	1
285	574	275	580	281	83	85	0.0500596	0	0.604396	1
286	394	143	394	140	83	84	0.0107271	0	0.314286	1
287	451	178	455	176	83	84	0.00953516	0	0.391209	1
288	585	324	607	320	83	85	0.045292	0	0.712088	1
289	497	279	508	273	83	84	0.0560191	0	0.613187	1
290	738	217	742	217	83	84	0.00476758	0	0.476923	1
291	504	206	503	203	83	84	0.011919	0	0.452747	2
292	807	355	818	354	83	84	0.0143027	0	0.78022	1
293	734	256	737	259	83	84	0.0143027	0	0.562637	1
294	207	168	217	171	83	85	0.022646	0	0.369231	1
295	237	248	247	246	83	85	0.0166865	0	0.545055	1
296	521	284	525	283	83	84	0.00595948	0	0.624176	1
297	561	183	593	192	83	89	0.134684	0	0.402198	1
298	459	189	462	185	83	84	0.022646	0	0.415385	1
299	399	153	400	149	83	84	0.0202622	0	0.336264	1
300	671	451	682	452	83	85	0.0143027	0	0.991209	1
301	582	183	586	191	83	87	0.0810489	0	0.402198	1
302	542	221	550	219	83	84	0.0143027	0	0.485714	1
303	412	172	413	170	83	84	0.00595948	0	0.378022	1
304	556	201	565	197	83	84	0.0297974	0	0.441758	1
305	217	217	226	212	83	85	0.0405244	0	0.476923	1
306	775	126	782	126	83	85	0.00834327	0	0.276923	1
307	570	303	579	301	83	84	0.0154946	0	0.665934	1
308	572	142	571	140	83	85	0.00595948	0	0.312088	2
309	584	164	580	167	84	85	0.0154946	0	0.36044	2
310	450	195	455	195	84	85	0.00595948	0	0.428571	1
311	488	243	491	247	84	85	0.022646	0	0.534066	1
312	581	227	582	228	84	85	0.00238379	0	0.498901	1
313	502	193	502	193	84	85	0	0	0.424176	1
314	777	158	781	160	84	85	0.00953516	0	0.347253	1
315	727	261	728	266	84	85	0.0309893	0	0.573626	1
316	247	273	254	276	84	85	0.0190703	0	0.6	1
317	409	229	472	229	84	92	0.0750894	0	0.503297	1
318	449	166	452	166	84	85	0.00357569	0	0.364835	1
319	597	189	596	188	84	85	0.00238379	0	0.415385	2
320	391	209	394	209	84	85	0.00357569	0	0.459341	1
321	214	187	218	188	84	85	0.00595948	0	0.410989	1
322	369	208	383	211	84	86	0.0274136	0	0.457143	1
323	467	68	469	69	84	85	0.00357569	0	0.149451	1
324	602	288	612	288	84	85	0.011919	0	0.632967	1
325	803	165	826	168	84	87	0.0381406	0	0.362637	1
326	245	287	250	286	85	86	0.00715137	0	0.630769	1
327	470	98	473	99	85	86	0.00476758	0	0.215385	1
328	387	142	390	143	85	86	0.00476758	0	0.312088	1
329	482	202	484	203	85	86	0.00357569	0	0.443956	1
330	602	286	615	287	85	86	0.0166865	0	0.628571	1
331	773	142	779	144	85	86	0.011919	0	0.312088	1
332	465	162	472	163	85	86	0.00953516	0	0.356044	1
333	764	90	769	91	85	86	0.00715137	0	0.197802	1
334	200	269	207	271	85	86	0.0131108	0	0.591209	1
335	427	199	460	200	85	88	0.0405244	0	0.437363	1
336	516	251	515	252	85	86	0.00238379	0	0.551648	2
337	500	203	502	203	85	86	0.00238379	0	0.446154	1
338	388	155	407	152	86	88	0.0333731	0	0.340659	1
339	470	84	500	74	86	92	0.154946	0	0.184615	1
340	260	218	294	211	86	89	0.0989273	0	0.479121	1
341	739	269	750	268	86	87	0.0143027	0	0.591209	1
342	243	217	253	214	86	87	0.022646	0	0.476923	1
343	593	223	600	224	86	87	0.00953516	0	0.49011	1
344	400	142	405	141	86	87	0.00715137	0	0.312088	1
345	455	176	499	170	86	90	0.0953516	0	0.386813	1
346	466	175	490	171	86	88	0.0476758	0	0.384615	1
347	795	168	822	167	86	88	0.0333731	0	0.369231	1
348	91	24	101	24	86	87	0.011919	0	0.0527473	1
349	379	171	407	168	86	89	0.0441001	0	0.375824	1
350	496	190	519	187	86	89	0.0381406	0	0.417582	1
351	438	189	446	190	86	87	0.0107271	0	0.415385	1
352	255	246	285	239	86	89	0.0941597	0	0.540659	1
353	586	286	623	281	86	92	0.0738975	0	0.628571	1
354	400	209	428	203	86	90	0.0762813	0	0.459341	1
355	245	227	254	224	86	87	0.0214541	0	0.498901	1
356	627	290	721	287	86	92	0.122765	0	0.637363	1
357	746	215	791	208	86	92	0.112038	0	0.472527	1
358	757	250	806	247	86	92	0.0691299	0	0.549451	1
359	215	195	259	192	86	91	0.0631704	0	0.428571	1
360	232	162	260	156	86	88	0.0762813	0	0.356044	1
361	628	368	668	372	86	89	0.0667461	0	0.808791	1
362	753	268	804	264	86	92	0.079857	0	0.589011	1
363	473	72	503	63	86	92	0.1323	0	0.158242	1
364	499	252	531	254	86	89	0.0429082	0	0.553846	1
365	508	179	519	179	86	87	0.0131108	0	0.393407	1
366	748	281	759	281	86	87	0.0131108	0	0.617582	1
367	206	207	250	201	86	92	0.0953516	0	0.454945	1
368	691	454	740	453	86	92	0.0595948	0	0.997802	1
369	410	145	430	142	86	88	0.034565	0	0.318681	1
370	602	195	663	190	86	90	0.102503	0	0.428571	1
371	624	265	706	260	86	92	0.127533	0	0.582418	1
372	258	206	304	192	86	92	0.288439	0	0.452747	1
373	745	200	784	193	86	95	0.104887	0	0.43956	1
374	702	455	750	453	86	92	0.0619785	0	1	1
375	788	130	796	131	86	87	0.0107271	0	0.285714	1
376	411	190	420	190	86	87	0.0107271	0	0.417582	1
377	662	407	711	405	86	92	0.0631704	0	0.894505	1
378	465	185	491	181	86	88	0.0500596	0	0.406593	1
379	506	199	515	197	87	88	0.0154946	0	0.437363	1
380	604	234	614	233	87	88	0.0131108	0	0.514286	1
381	518	195	529	195	87	88	0.0131108	0	0.428571	1
382	461	189	495	183	87	90	0.0834327	0	0.415385	1
383	481	94	504	84	87	91	0.146603	0	0.206593	1
384	644	327	668	329	87	88	0.0333731	0	0.718681	1
385	537	179	548	179	87	88	0.0131108	0	0.393407	1
386	509	209	518	207	87	88	0.0154946	0	0.459341	1
387	593	214	605	213	87	88	0.0154946	0	0.47033	1
388	490	202	500	199	87	88	0.022646	0	0.443956	1
389	737	244	759	242	87	89	0.0309893	0	0.536264	1
390	236	177	250	176	87	88	0.0178784	0	0.389011	1
391	259	182	273	180	87	88	0.0214541	0	0.4	1
392	412	154	423	150	87	88	0.0321812	0	0.338462	1
393	634	288	656	288	87	88	0.0262217	0	0.632967	1
394	372	140	400	135	87	90	0.0631704	0	0.307692	1
395	519	205	529	203	87	88	0.0166865	0	0.450549	1
396	542	420	580	421	87	94	0.0464839	0	0.923077	1
397	489	81	439	90	87	105	0.156138	0	0.178022	2
398	61	72	78	86	87	105	0.253874	0	0.158242	1
399	615	233	627	231	87	88	0.0190703	0	0.512088	1
400	270	226	284	222	87	88	0.0357569	0	0.496703	1
401	580	155	586	157	87	88	0.011919	0	0.340659	1
402	533	192	549	193	87	88	0.0202622	0	0.421978	1
403	765	268	789	265	88	92	0.0393325	0	0.589011	1
404	414	139	421	137	88	89	0.0131108	0	0.305495	1
405	275	279	285	273	88	89	0.0548272	0	0.613187	1
406	634	310	643	309	88	89	0.011919	0	0.681319	1
407	581	142	588	139	88	90	0.0190703	0	0.312088	1
408	285	288	299	276	88	90	0.188319	0	0.632967	1
409	593	224	603	223	88	89	0.0131108	0	0.492308	1
410	295	213	310	210	88	90	0.0286055	0	0.468132	1
411	628	272	635	270	88	89	0.0131108	0	0.597802	1
412	776	281	799	278	88	92	0.0381406	0	0.617582	1
413	612	367	655	361	88	90	0.0941597	0	0.806593	1
414	576	154	579	155	88	89	0.00476758	0	0.338462	1
415	25	71	27	86	88	105	0.27056	0	0.156044	1
416	443	153	458	152	88	92	0.0190703	0	0.336264	1
417	395	114	407	107	88	92	0.0727056	0	0.250549	1
418	446	53	446	68	88	105	0.268176	0	0.116484	1
419	239	271	258	265	88	91	0.0655542	0	0.595604	1
420	737	32	765	30	88	92	0.0381406	0	0.0703297	1
421	537	175	570	162	88	93	0.240763	0	0.384615	1
422	621	233	623	230	89	90	0.0131108	0	0.512088	1
423	525	202	524	196	89	91	0.0441001	0	0.443956	2
424	620	223	622	220	89	90	0.0131108	0	0.49011	1
425	407	157	409	155	89	90	0.00715137	0	0.345055	1
426	280	209	285	205	89	90	0.0250298	0	0.459341	1
427	631	212	632	210	89	90	0.00595948	0	0.465934	1
428	304	279	315	274	89	92	0.0429082	0	0.613187	1
429	592	159	589	159	89	90	0.00357569	0	0.349451	2
430	260	177	265	175	89	90	0.0107271	0	0.389011	1
431	574	184	581	182	89	90	0.0131108	0	0.404396	1
432	485	224	493	221	89	92	0.0202622	0	0.492308	1
433	432	152	436	145	89	91	0.0631704	0	0.334066	1
434	279	176	284	173	89	90	0.0166865	0	0.386813	1
435	254	167	266	164	89	91	0.0250298	0	0.367033	1
436	417	152	421	151	89	92	0.00595948	0	0.334066	1
437	279	219	284	216	89	90	0.0166865	0	0.481319	1
438	529	192	529	189	89	90	0.0107271	0	0.421978	1
439	273	163	278	158	90	91	0.0357569	0	0.358242	1
440	424	136	426	133	90	91	0.0131108	0	0.298901	1
441	290	236	294	232	90	91	0.0238379	0	0.518681	1
442	274	149	280	145	90	92	0.0262217	0	0.327473	1
443	599	193	603	192	90	92	0.00595948	0	0.424176	1
444	414	140	416	138	90	91	0.00715137	0	0.307692	1
445	622	208	625	208	90	92	0.00357569	0	0.457143	1
446	647	305	648	301	90	91	0.0202622	0	0.67033	1
447	765	235	772	230	90	92	0.0381406	0	0.516484	1
448	548	237	554	234	90	91	0.0178784	0	0.520879	1
449	534	199	534	196	90	91	0.0107271	0	0.437363	1
450	670	378	678	376	90	92	0.0143027	0	0.830769	1
451	707	318	725	301	90	92	0.365912	0	0.698901	1
452	533	158	539	153	90	91	0.0369487	0	0.347253	1
453	608	221	612	220	90	92	0.00595948	0	0.485714	1
454	292	264	298	258	90	91	0.0500596	0	0.58022	1
455	638	294	635	290	90	92	0.022646	0	0.646154	2
456	522	171	527	168	90	91	0.0166865	0	0.375824	1
457	635	263	638	260	90	91	0.0143027	0	0.578022	1
458	627	228	626	229	91	92	0.00238379	0	0.501099	2
459	291	201	292	200	91	92	0.00238379	0	0.441758	1
460	533	258	527	261	91	92	0.0178784	0	0.567033	2
461	625	218	624	219	91	92	0.00238379	0	0.479121	2
462	305	205	305	204	91	92	0.0011919	0	0.450549	1
463	290	213	290	212	91	92	0.0011919	0	0.468132	1
464	541	246	536	246	91	92	0.00595948	0	0.540659	2
465	507	166	510	166	91	92	0.00357569	0	0.364835	1
466	303	216	303	215	91	92	0.0011919	0	0.474725	1
467	486	190	488	190	91	92	0.00238379	0	0.417582	1
468	771	240	771	241	91	92	0.0011919	0	0.527473	1
469	693	282	701	282	91	92	0.00953516	0	0.61978	1
470	412	153	410	154	91	92	0.00357569	0	0.336264	2
471	781	233	781	233	91	92	0	0	0.512088	1
472	590	135	586	133	91	92	0.00953516	0	0.296703	2
473	450	136	449	137	91	92	0.00238379	0	0.298901	2
474	418	116	417	118	91	92	0.00595948	0	0.254945	2
475	517	148	520	148	91	92	0.00357569	0	0.325275	1
476	711	285	711	274	92	93	0.144219	0	0.626374	1
477	637	211	635	215	92	94	0.0214541	0	0.463736	2
478	500	167	498	157	92	93	0.121573	0	0.367033	2
479	701	272	716	279	93	94	0.0762813	0	0.597802	1
480	493	64	492	77	93	94	0.202622	0	0.140659	2
481	276	138	279	151	93	94	0.205006	0	0.303297	1
482	513	242	513	253	93	94	0.144219	0	0.531868	1
483	765	235	773	242	93	94	0.067938	0	0.516484	1
484	311	262	319	267	93	94	0.0393325	0	0.575824	1
485	701	309	718	316	93	94	0.0786651	0	0.679121	1
486	763	24	740	49	93	105	0.772348	0	0.0527473	2
487	467	219	473	229	93	95	0.126341	0	0.481319	1
488	687	284	702	291	93	94	0.0762813	0	0.624176	1
489	281	202	287	212	93	94	0.126341	0	0.443956	1
490	680	358	692	349	93	96	0.110846	0	0.786813	1
491	613	273	616	282	93	94	0.100119	0	0.6	1
492	684	189	724	201	93	104	0.219309	0	0.415385	1
493	812	92	805	106	93	95	0.241955	0	0.202198	2
494	520	152	524	168	93	95	0.309893	0	0.334066	1
495	655	270	663	286	93	95	0.31466	0	0.593407	1
496	448	186	454	197	93	94	0.151371	0	0.408791	1
497	508	103	446	129	93	105	0.879619	0	0.226374	2
498	802	240	806	248	93	94	0.0810489	0	0.527473	1
499	582	162	589	173	93	94	0.152563	0	0.356044	1
500	764	224	772	232	93	94	0.0858164	0	0.492308	1
501	269	165	271	181	93	95	0.307509	0	0.362637	1
502	687	306	703	303	93	96	0.0297974	0	0.672527	1
503	304	241	304	250	93	95	0.0965435	0	0.52967	1
504	775	193	779	201	93	94	0.0810489	0	0.424176	1
505	670	365	685	370	93	95	0.0476758	0	0.802198	1
506	536	154	539	167	93	95	0.205006	0	0.338462	1
507	578	196	586	208	93	94	0.181168	0	0.430769	1
508	674	304	692	314	93	94	0.140644	0	0.668132	1
509	660	384	668	392	93	94	0.0858164	0	0.843956	1
510	573	175	582	186	93	94	0.154946	0	0.384615	1
511	559	141	558	152	93	94	0.145411	0	0.30989	2
512	278	124	276	126	93	100	0.00715137	0	0.272527	2
513	549	171	553	187	93	95	0.309893	0	0.375824	1
514	572	125	542	126	93	97	0.0369487	0	0.274725	2
515	263	155	270	167	93	94	0.179976	0	0.340659	1
516	788	241	773	238	93	96	0.0286055	0	0.52967	2
517	554	223	564	232	93	94	0.108462	0	0.49011	1
518	530	124	528	125	93	96	0.00357569	0	0.272527	2
519	470	201	473	217	93	95	0.308701	0	0.441758	1
520	616	207	622	217	93	94	0.126341	0	0.454945	1
521	289	224	296	233	93	94	0.104887	0	0.492308	1
522	776	223	780	232	93	94	0.101311	0	0.49011	1
523	691	271	705	278	93	94	0.0750894	0	0.595604	1
524	510	150	516	162	93	94	0.178784	0	0.32967	1
525	421	99	418	113	93	95	0.237187	0	0.217582	2
526	518	409	524	420	93	95	0.151371	0	0.898901	1
527	785	201	791	209	93	94	0.0834327	0	0.441758	1
528	438	136	417	138	93	96	0.0297974	0	0.298901	2
529	84	63	64	88	93	105	0.768772	0	0.138462	2
530	674	183	716	195	93	105	0.221692	0	0.402198	1
531	815	27	791	51	93	105	0.715137	0	0.0593407	2
532	423	141	415	146	94	95	0.0393325	0	0.30989	2
533	409	144	401	148	94	95	0.0286055	0	0.316484	2
534	303	202	296	202	94	95	0.00834327	0	0.443956	2
535	437	187	428	189	94	95	0.0154946	0	0.410989	2
536	318	281	300	264	94	96	0.365912	0	0.617582	2
537	642	282	627	275	94	96	0.0762813	0	0.61978	2
538	719	366	729	369	94	98	0.022646	0	0.804396	1
539	488	230	483	234	94	95	0.0250298	0	0.505495	2
540	423	169	417	173	94	95	0.0262217	0	0.371429	2
541	560	244	561	244	94	95	0.0011919	0	0.536264	1
542	553	222	548	226	94	95	0.0250298	0	0.487912	2
543	602	183	594	175	94	96	0.0858164	0	0.402198	2
544	681	229	677	219	95	96	0.123957	0	0.503297	2
545	514	172	508	159	95	96	0.208582	0	0.378022	2
546	120	39	98	45	95	105	0.0691299	0	0.0857143	2
547	580	193	581	186	95	98	0.0595948	0	0.424176	1
548	524	185	525	178	95	100	0.0595948	0	0.406593	1
549	715	298	716	287	95	97	0.145411	0	0.654945	1
550	294	232	282	224	95	98	0.090584	0	0.50989	2
551	110	38	88	44	95	105	0.0691299	0	0.0835165	2
552	590	179	584	166	95	96	0.208582	0	0.393407	2
553	453	202	438	186	95	97	0.323004	0	0.443956	2
554	722	257	735	253	95	100	0.034565	0	0.564835	1
555	285	181	277	171	95	98	0.128725	0	0.397802	2
556	623	269	609	258	95	96	0.160906	0	0.591209	2
557	617	220	605	210	95	96	0.133492	0	0.483516	2
558	288	150	275	143	95	105	0.0738975	0	0.32967	2
559	675	249	678	237	95	97	0.175209	0	0.547253	1
560	631	225	617	218	95	97	0.0750894	0	0.494505	2
561	729	269	748	275	96	99	0.0655542	0	0.591209	1
562	559	229	572	232	96	98	0.0262217	0	0.503297	1
563	528	216	533	220	96	99	0.0250298	0	0.474725	1
564	716	267	720	267	96	97	0.00476758	0	0.586813	1
565	776	181	743	199	96	105	0.425507	0	0.397802	2
566	661	233	666	236	96	97	0.0166865	0	0.512088	1
567	667	216	673	217	96	97	0.00834327	0	0.474725	1
568	475	188	469	188	96	97	0.00715137	0	0.413187	2
569	800	118	790	121	96	97	0.022646	0	0.259341	2
570	787	253	786	251	96	97	0.00595948	0	0.556044	2
571	687	359	697	355	96	97	0.0309893	0	0.789011	1
572	248	188	248	190	96	97	0.00476758	0	0.413187	1
573	290	158	289	174	96	101	0.306317	0	0.347253	2
574	519	161	523	176	96	105	0.272944	0	0.353846	1
575	468	103	439	121	96	102	0.420739	0	0.226374	2
576	242	245	241	246	96	97	0.00238379	0	0.538462	2
577	791	91	737	111	96	105	0.54112	0	0.2	2
578	612	248	612	248	96	97	0	0	0.545055	1
579	512	146	520	154	96	100	0.0858164	0	0.320879	1
580	290	239	287	239	96	97	0.00357569	0	0.525275	2
581	791	101	784	103	96	97	0.0131108	0	0.221978	2
582	271	200	272	205	97	98	0.0309893	0	0.43956	1
583	384	151	374	156	97	100	0.0417163	0	0.331868	2
584	471	73	426	90	97	105	0.398093	0	0.16044	2
585	502	177	506	182	97	98	0.034565	0	0.389011	1
586	284	190	286	195	97	99	0.0321812	0	0.417582	1
587	271	189	272	194	97	98	0.0309893	0	0.415385	1
588	282	202	279	206	97	100	0.022646	0	0.443956	2
589	395	136	385	141	97	100	0.0417163	0	0.298901	2
590	581	170	586	174	97	98	0.0250298	0	0.373626	1
591	510	163	515	170	97	101	0.0643623	0	0.358242	1
592	523	153	531	158	97	100	0.0393325	0	0.336264	1
593	258	194	262	201	97	98	0.0631704	0	0.426374	1
594	602	220	601	226	97	98	0.0441001	0	0.483516	2
595	475	85	466	95	97	100	0.129917	0	0.186813	2
596	755	226	749	232	97	100	0.0500596	0	0.496703	2
597	395	164	394	172	97	98	0.0774732	0	0.36044	2
598	498	238	498	244	97	98	0.0429082	0	0.523077	1
599	628	278	627	286	97	99	0.0774732	0	0.610989	2
600	500	159	504	164	97	98	0.034565	0	0.349451	1
601	409	178	408	186	97	98	0.0774732	0	0.391209	2
602	770	248	773	251	97	98	0.0143027	0	0.545055	1
603	301	258	302	259	97	98	0.00238379	0	0.567033	1
604	268	137	275	141	97	99	0.0274136	0	0.301099	1
605	415	145	404	151	97	100	0.0560191	0	0.318681	2
606	385	136	382	142	97	98	0.0464839	0	0.298901	2
607	456	194	454	199	97	98	0.0321812	0	0.426374	2
608	821	154	815	156	97	99	0.011919	0	0.338462	2
609	587	182	596	182	97	100	0.0107271	0	0.4	1
610	597	158	608	165	97	103	0.0715137	0	0.347253	1
611	460	239	453	238	98	99	0.00953516	0	0.525275	2
612	406	123	409	121	98	99	0.00834327	0	0.27033	1
613	264	168	266	168	98	99	0.00238379	0	0.369231	1
614	411	140	403	141	98	100	0.0107271	0	0.307692	2
615	133	27	120	38	98	105	0.159714	0	0.0593407	2
616	515	265	515	262	98	99	0.0107271	0	0.582418	1
617	443	191	429	193	98	100	0.0214541	0	0.41978	2
618	594	237	592	237	98	99	0.00238379	0	0.520879	2
619	643	310	638	309	98	100	0.00715137	0	0.681319	2
620	328	26	315	37	98	105	0.159714	0	0.0571429	2
621	295	269	290	271	98	101	0.0107271	0	0.591209	2
622	788	128	786	129	98	99	0.00357569	0	0.281319	2
623	559	166	557	164	98	99	0.00715137	0	0.364835	2
624	396	156	376	153	98	103	0.034565	0	0.342857	2
625	583	237	579	237	98	99	0.00476758	0	0.520879	2
626	613	225	600	225	98	100	0.0154946	0	0.494505	2
627	592	173	591	176	99	103	0.011919	0	0.38022	2
628	508	178	500	184	99	105	0.0524434	0	0.391209	2
629	732	278	731	277	99	100	0.00238379	0	0.610989	2
630	750	318	750	314	99	100	0.0190703	0	0.698901	1
631	700	217	702	216	99	100	0.00357569	0	0.476923	1
632	722	293	722	292	99	100	0.0011919	0	0.643956	1
633	533	143	532	142	99	100	0.00238379	0	0.314286	2
634	272	155	268	160	99	104	0.034565	0	0.340659	2
635	491	248	480	247	99	100	0.0143027	0	0.545055	2
636	509	167	507	166	99	100	0.00357569	0	0.367033	2
637	214	257	206	258	99	100	0.0107271	0	0.564835	2
638	263	201	261	204	99	100	0.0131108	0	0.441758	2
639	547	175	545	175	99	100	0.00238379	0	0.384615	2
640	699	227	701	225	99	100	0.00715137	0	0.498901	1
641	798	258	795	260	99	100	0.00834327	0	0.567033	2
642	696	267	697	269	99	100	0.00595948	0	0.586813	1
643	585	183	582	185	99	102	0.00834327	0	0.402198	2
644	248	214	245	218	99	100	0.022646	0	0.47033	2
645	477	191	465	190	99	100	0.0154946	0	0.41978	2
646	732	292	731	291	99	100	0.00238379	0	0.641758	2
647	501	251	492	249	99	100	0.0154946	0	0.551648	2
648	570	197	567	199	99	100	0.00834327	0	0.432967	2
649	746	277	746	278	100	101	0.0011919	0	0.608791	1
650	281	195	274	198	100	101	0.0190703	0	0.428571	2
651	529	220	525	223	100	101	0.0154946	0	0.483516	2
652	271	169	268	173	100	101	0.022646	0	0.371429	2
653	240	256	235	262	100	102	0.0488677	0	0.562637	2
654	619	285	594	289	100	103	0.0488677	0	0.626374	2
655	740	313	740	314	100	101	0.0011919	0	0.687912	1
656	459	219	439	226	100	102	0.0822408	0	0.481319	2
657	686	224	688	227	100	101	0.0131108	0	0.492308	1
658	279	184	269	187	100	102	0.022646	0	0.404396	2
659	775	167	768	174	100	102	0.0667461	0	0.367033	2
660	246	221	249	226	101	103	0.0333731	0	0.485714	1
661	522	182	518	185	101	105	0.0154946	0	0.4	2
662	386	132	384	133	101	102	0.00357569	0	0.29011	2
663	367	159	345	158	101	105	0.0274136	0	0.349451	2
664	201	262	197	265	101	105	0.0154946	0	0.575824	2
665	732	280	741	277	101	105	0.0214541	0	0.615385	1
666	705	219	712	217	101	103	0.0131108	0	0.481319	1
667	751	313	755	312	101	102	0.00595948	0	0.687912	1
668	503	150	496	151	101	102	0.00953516	0	0.32967	2
669	695	291	695	295	101	103	0.0190703	0	0.63956	1
670	543	181	540	184	101	105	0.0143027	0	0.397802	2
671	394	122	392	123	101	102	0.00357569	0	0.268132	2
672	562	314	551	320	101	105	0.0560191	0	0.69011	2
673	249	210	246	220	101	105	0.122765	0	0.461538	2
674	730	293	739	290	101	105	0.0214541	0	0.643956	1
675	563	301	548	307	101	105	0.0607867	0	0.661538	2
676	598	184	599	185	101	103	0.00238379	0	0.404396	1
677	268	146	268	145	101	104	0.0011919	0	0.320879	1
678	582	242	550	242	101	105	0.0381406	0	0.531868	2
679	529	161	530	163	101	102	0.00595948	0	0.353846	1
680	505	170	505	171	101	102	0.0011919	0	0.373626	1
681	558	238	528	242	101	105	0.0548272	0	0.523077	2
682	458	104	428	107	101	105	0.0464839	0	0.228571	2
683	379	173	355	173	101	105	0.0286055	0	0.38022	2
684	582	232	550	233	101	105	0.0393325	0	0.50989	2
685	272	236	269	235	101	102	0.00476758	0	0.518681	2
686	789	266	782	269	101	104	0.0190703	0	0.584615	2
687	590	212	588	217	101	105	0.0321812	0	0.465934	2
688	708	295	698	301	101	105	0.0548272	0	0.648352	2
689	474	248	449	248	101	103	0.0297974	0	0.545055	2
690	401	133	398	134	101	102	0.00476758	0	0.292308	2
691	728	373	727	370	101	102	0.011919	0	0.81978	2
692	452	193	424	197	101	104	0.0524434	0	0.424176	2
693	384	118	378	118	101	103	0.00715137	0	0.259341	2
694	572	223	559	224	101	103	0.0166865	0	0.49011	2
695	750	278	754	275	102	103	0.0154946	0	0.610989	1
696	526	224	527	221	102	103	0.011919	0	0.492308	1
697	517	173	512	175	102	105	0.0107271	0	0.38022	2
698	287	268	282	264	102	103	0.0250298	0	0.589011	2
699	551	198	550	198	102	104	0.0011919	0	0.435165	2
700	710	229	715	227	102	103	0.0107271	0	0.503297	1
701	484	232	490	230	102	103	0.011919	0	0.50989	1
702	433	252	430	254	102	103	0.00834327	0	0.553846	2
703	760	280	764	278	102	103	0.00953516	0	0.615385	1
704	693	229	699	227	102	105	0.011919	0	0.503297	1
705	740	241	737	240	102	103	0.00476758	0	0.52967	2
706	507	139	480	144	102	105	0.0619785	0	0.305495	2
707	394	24	385	27	102	105	0.0214541	0	0.0527473	2
708	733	312	737	310	102	105	0.00953516	0	0.685714	1
709	368	140	361	140	103	104	0.00834327	0	0.307692	2
710	432	207	421	210	103	104	0.0238379	0	0.454945	2
711	507	172	505	173	103	104	0.00357569	0	0.378022	2
712	269	173	266	173	103	104	0.00357569	0	0.38022	2
713	533	194	530	195	103	104	0.00476758	0	0.426374	2
714	532	164	530	165	103	104	0.00357569	0	0.36044	2
715	765	363	760	368	103	105	0.0357569	0	0.797802	2
716	286	274	282	272	103	104	0.00953516	0	0.602198	2
717	358	145	351	145	103	104	0.00834327	0	0.318681	2
718	522	159	520	160	103	104	0.00357569	0	0.349451	2
719	387	201	374	199	103	104	0.0202622	0	0.441758	2
720	756	217	747	217	103	104	0.0107271	0	0.476923	2
721	769	174	759	176	103	105	0.0166865	0	0.382418	2
722	773	259	767	259	103	104	0.00715137	0	0.569231	2
723	558	239	539	239	103	105	0.022646	0	0.525275	2
724	412	26	404	29	103	105	0.0202622	0	0.0571429	2
725	246	229	242	230	104	105	0.00595948	0	0.503297	2
726	754	276	755	277	104	105	0.00238379	0	0.606593	1
727	514	150	510	149	104	105	0.00595948	0	0.32967	2
728	710	220	710	219	104	105	0.0011919	0	0.483516	1
729	479	248	474	249	104	105	0.00715137	0	0.545055	2
730	597	188	592	190	104	105	0.0107271	0	0.413187	2
731	764	279	764	280	104	105	0.0011919	0	0.613187	1
732	381	128	374	127	104	105	0.00953516	0	0.281319	2
733	502	24	497	25	104	105	0.00715137	0	0.0527473	2
734	608	168	605	170	104	105	0.00834327	0	0.369231	2
735	391	129	383	128	104	105	0.0107271	0	0.283516	2
736	592	198	587	200	104	105	0.0107271	0	0.435165	2
737	582	189	578	191	104	105	0.00953516	0	0.415385	2
738	774	366	770	369	104	105	0.0154946	0	0.804396	2
739	704	246	706	244	104	105	0.00715137	0	0.540659	1
740	236	225	231	226	104	105	0.00715137	0	0.494505	2
741	546	291	539	292	104	105	0.00953516	0	0.63956	2
742	361	126	353	125	104	105	0.0107271	0	0.276923	2
743	374	161	366	160	104	105	0.0107271	0	0.353846	2
744	757	160	750	161	104	105	0.00953516	0	0.351648	2