
0	411	207	412	205	137	138	0.00545256	0	0.454945	1
1	382	226	379	216	137	139	0.112323	0	0.496703	2
2	315	345	306	349	137	141	0.0272628	0	0.758242	2
3	524	28	526	24	137	146	0.0196292	0	0.0615385	1
4	534	30	534	24	137	147	0.0392585	0	0.0659341	1
5	401	199	402	197	137	138	0.00545256	0	0.437363	1
6	439	454	456	445	137	175	0.10687	0	0.997802	1
7	434	191	435	191	137	138	0.00109051	0	0.41978	1
8	333	444	331	439	137	147	0.0294438	0	0.975824	2
9	348	234	345	231	137	139	0.0130862	0	0.514286	2
10	648	181	646	181	137	142	0.00218103	0	0.397802	2
11	291	259	290	259	137	140	0.00109051	0	0.569231	2
12	244	129	241	128	137	140	0.00436205	0	0.283516	2
13	160	219	160	214	137	139	0.0272628	0	0.481319	1
14	409	230	406	228	137	138	0.00763359	0	0.505495	2
15	304	236	306	227	137	140	0.0905125	0	0.518681	1
16	139	252	151	244	137	144	0.082879	0	0.553846	1
17	303	26	306	24	137	145	0.00763359	0	0.0571429	1
18	54	85	57	77	137	157	0.0730643	0	0.186813	1
19	409	184	405	180	138	139	0.0218103	0	0.404396	2
20	428	158	425	151	138	141	0.0567067	0	0.347253	2
21	149	239	145	236	138	139	0.0141767	0	0.525275	2
22	400	207	398	202	138	139	0.0294438	0	0.454945	2
23	407	174	401	169	138	140	0.0338059	0	0.382418	2
24	389	189	386	184	138	139	0.0305344	0	0.415385	2
25	420	173	417	171	138	139	0.00763359	0	0.38022	2
26	308	336	299	339	138	141	0.0196292	0	0.738462	2
27	544	188	542	186	139	140	0.00654308	0	0.413187	2
28	440	181	440	180	139	140	0.00109051	0	0.397802	1
29	510	86	506	86	139	140	0.00436205	0	0.189011	2
30	370	203	367	202	139	140	0.00436205	0	0.446154	2
31	368	216	366	214	139	140	0.00654308	0	0.474725	2
32	564	199	561	198	139	141	0.00436205	0	0.437363	2
33	439	151	443	145	139	143	0.0436205	0	0.331868	1
34	184	203	187	203	140	142	0.00327154	0	0.446154	1
35	410	200	414	194	140	143	0.0436205	0	0.43956	1
36	378	216	375	216	140	141	0.00327154	0	0.474725	2
37	152	229	153	229	140	141	0.00109051	0	0.503297	1
38	366	404	368	403	140	142	0.00327154	0	0.887912	1
39	319	364	316	365	140	141	0.00436205	0	0.8	2
40	399	198	405	189	140	144	0.0948746	0	0.435165	1
41	398	208	398	206	140	141	0.00436205	0	0.457143	1
42	407	252	403	250	140	141	0.0087241	0	0.553846	2
43	377	179	377	177	140	141	0.00436205	0	0.393407	1
44	355	187	354	185	140	141	0.00545256	0	0.410989	2
45	435	191	436	190	140	141	0.00218103	0	0.41978	1
46	389	181	390	178	140	142	0.0109051	0	0.397802	1
47	150	219	155	217	140	142	0.00981461	0	0.481319	1
48	331	403	336	401	141	144	0.00981461	0	0.885714	1
49	328	195	335	191	141	144	0.0250818	0	0.428571	1
50	267	271	270	269	141	142	0.00763359	0	0.595604	1
51	361	208	361	207	141	142	0.00109051	0	0.457143	1
52	401	170	401	168	141	142	0.00436205	0	0.373626	1
53	407	232	408	231	141	142	0.00218103	0	0.50989	1
54	358	152	373	140	141	145	0.173391	0	0.334066	1
55	359	447	366	438	141	175	0.0959651	0	0.982418	1
56	361	166	363	162	141	142	0.0196292	0	0.364835	1
57	170	185	178	181	141	143	0.0261723	0	0.406593	1
58	561	225	562	223	141	142	0.00545256	0	0.494505	1
59	298	455	304	452	141	145	0.0163577	0	1	1
60	502	88	499	88	141	142	0.00327154	0	0.193407	2
61	350	455	350	449	142	147	0.0392585	0	1	1
62	421	238	424	236	142	143	0.00763359	0	0.523077	1
63	541	184	542	180	142	143	0.0185387	0	0.404396	1
64	345	168	356	164	142	144	0.0294438	0	0.369231	1
65	302	345	297	342	142	143	0.0152672	0	0.758242	2
66	425	200	427	197	142	143	0.0119956	0	0.43956	1
67	428	152	431	148	142	143	0.0207197	0	0.334066	1
68	318	204	327	199	142	145	0.0370774	0	0.448352	1
69	399	204	400	201	142	143	0.0109051	0	0.448352	1
70	308	206	313	202	142	146	0.0229008	0	0.452747	1
71	441	188	446	185	142	143	0.0152672	0	0.413187	1
72	383	255	383	257	142	144	0.00436205	0	0.56044	1
73	428	142	431	139	142	143	0.0130862	0	0.312088	1
74	356	183	358	180	142	143	0.0119956	0	0.402198	1
75	317	384	317	384	142	143	0	0	0.843956	1
76	506	52	502	49	142	145	0.0141767	0	0.114286	2
77	191	204	193	204	143	144	0.00218103	0	0.448352	1
78	430	455	445	447	143	175	0.0861505	0	1	1
79	275	267	285	262	143	145	0.0381679	0	0.586813	1
80	79	455	94	447	143	175	0.0861505	0	1	1
81	411	231	412	229	143	144	0.00545256	0	0.507692	1
82	648	181	648	177	143	145	0.0174482	0	0.397802	1
83	370	159	374	155	143	144	0.0218103	0	0.349451	1
84	439	166	441	162	143	144	0.0196292	0	0.364835	1
85	163	205	168	205	143	145	0.00545256	0	0.450549	1
86	155	235	160	233	143	144	0.00981461	0	0.516484	1
87	183	191	186	188	143	146	0.0130862	0	0.41978	1
88	146	256	151	254	143	144	0.00981461	0	0.562637	1
89	417	194	414	182	144	148	0.160305	0	0.426374	2
90	639	201	636	196	144	146	0.0305344	0	0.441758	2
91	102	455	115	447	144	175	0.0839695	0	1	1
92	328	212	330	210	144	145	0.00654308	0	0.465934	1
93	433	145	435	141	144	145	0.0196292	0	0.318681	1
94	552	171	552	168	144	145	0.00981461	0	0.375824	1
95	243	142	243	137	144	147	0.0272628	0	0.312088	1
96	388	177	388	175	144	145	0.00436205	0	0.389011	1
97	641	165	657	141	144	163	0.645583	0	0.362637	1
98	362	177	365	175	144	145	0.00763359	0	0.389011	1
99	92	455	105	447	144	175	0.0839695	0	1	1
100	424	220	424	217	144	145	0.00981461	0	0.483516	1
101	256	120	255	112	144	148	0.0708833	0	0.263736	2
102	246	125	247	123	144	145	0.00545256	0	0.274725	1
103	285	330	280	329	144	145	0.00654308	0	0.725275	2
104	194	204	193	202	145	146	0.00545256	0	0.448352	2
105	289	339	266	335	145	149	0.04253	0	0.745055	2
106	400	197	398	193	145	146	0.0196292	0	0.432967	2
107	451	179	454	175	145	146	0.0207197	0	0.393407	1
108	386	258	378	252	145	148	0.0479826	0	0.567033	2
109	338	192	338	190	145	146	0.00436205	0	0.421978	1
110	377	153	376	144	145	147	0.089422	0	0.336264	2
111	405	165	401	162	145	146	0.0141767	0	0.362637	2
112	173	229	175	227	145	146	0.00654308	0	0.503297	1
113	413	227	408	219	145	147	0.0752454	0	0.498901	2
114	550	178	548	174	145	146	0.0196292	0	0.391209	2
115	255	56	248	50	145	148	0.046892	0	0.123077	2
116	354	180	353	176	145	146	0.0185387	0	0.395604	2
117	316	363	307	360	145	146	0.0196292	0	0.797802	2
118	351	393	336	388	145	146	0.0436205	0	0.863736	2
119	436	151	434	147	145	146	0.0196292	0	0.331868	2
120	473	454	470	450	145	149	0.0207197	0	0.997802	2
121	411	176	409	172	146	147	0.0196292	0	0.386813	2
122	159	243	157	242	146	147	0.00327154	0	0.534066	2
123	348	200	344	198	146	147	0.0087241	0	0.43956	2
124	647	170	644	166	146	147	0.0207197	0	0.373626	2
125	303	452	305	451	146	153	0.00327154	0	0.993407	1
126	213	188	215	185	146	148	0.0119956	0	0.413187	1
127	208	157	213	149	146	149	0.0752454	0	0.345055	1
128	379	242	372	239	146	148	0.0174482	0	0.531868	2
129	175	201	179	199	146	149	0.0087241	0	0.441758	1
130	173	217	174	216	146	147	0.00218103	0	0.476923	1
131	487	79	475	74	146	148	0.040349	0	0.173626	2
132	340	175	339	171	146	147	0.0185387	0	0.384615	2
133	552	164	550	157	146	149	0.0556161	0	0.36044	2
134	428	137	425	133	146	147	0.0207197	0	0.301099	2
135	252	71	250	69	146	147	0.00654308	0	0.156044	2
136	381	223	376	222	146	147	0.00654308	0	0.49011	2
137	417	232	411	227	146	148	0.0338059	0	0.50989	2
138	367	245	359	244	146	148	0.00981461	0	0.538462	2
139	794	450	811	444	146	175	0.0577972	0	0.989011	1
140	375	138	380	134	146	149	0.0229008	0	0.303297	1
141	497	47	492	45	146	147	0.00981461	0	0.103297	2
142	166	231	166	231	147	148	0	0	0.507692	1
143	338	187	340	186	147	148	0.00327154	0	0.410989	1
144	409	196	408	194	147	148	0.00545256	0	0.430769	2
145	202	186	203	184	147	148	0.00545256	0	0.408791	1
146	192	200	201	196	147	150	0.0272628	0	0.43956	1
147	439	197	441	198	147	148	0.00327154	0	0.432967	1
148	449	455	449	454	147	149	0.00109051	0	1	1
149	460	455	460	454	147	149	0.00109051	0	1	1
150	332	208	333	206	147	148	0.00545256	0	0.457143	1
151	433	145	431	143	147	148	0.00654308	0	0.318681	2
152	502	455	502	454	147	149	0.00109051	0	1	1
153	402	208	401	206	147	148	0.00545256	0	0.457143	2
154	332	440	341	436	148	167	0.0272628	0	0.967033	1
155	332	397	332	396	148	149	0.00109051	0	0.872527	1
156	182	229	184	229	148	149	0.00218103	0	0.503297	1
157	348	449	350	449	148	154	0.00218103	0	0.986813	1
158	24	453	46	451	148	164	0.0283533	0	0.995604	1
159	408	171	408	171	148	149	0	0	0.375824	1
160	344	196	343	195	148	149	0.00218103	0	0.430769	2
161	340	171	340	169	148	149	0.00436205	0	0.375824	1
162	638	196	642	195	148	149	0.00545256	0	0.430769	1
163	355	211	354	210	148	149	0.00218103	0	0.463736	2
164	534	24	538	24	148	154	0.00436205	0	0.0527473	1
165	407	217	405	217	148	149	0.00218103	0	0.476923	2
166	329	196	329	196	148	149	0	0	0.430769	1
167	242	139	240	141	148	149	0.00654308	0	0.305495	2
168	644	165	646	163	148	152	0.00654308	0	0.362637	1
169	354	183	355	180	148	149	0.0109051	0	0.402198	1
170	156	241	164	238	148	153	0.0185387	0	0.52967	1
171	489	45	485	45	148	149	0.00436205	0	0.0989011	2
172	431	133	429	133	148	149	0.00218103	0	0.292308	2
173	170	188	180	186	148	152	0.0152672	0	0.413187	1
174	312	454	312	454	149	150	0	0	0.997802	1
175	413	206	413	206	149	150	0	0	0.452747	1
176	334	207	338	206	149	152	0.00545256	0	0.454945	1
177	168	232	183	222	149	155	0.125409	0	0.50989	1
178	322	257	343	253	149	160	0.040349	0	0.564835	1
179	471	74	467	74	149	150	0.00436205	0	0.162637	2
180	401	184	402	183	149	150	0.00218103	0	0.404396	1
181	485	122	485	123	149	151	0.00109051	0	0.268132	1
182	377	251	374	250	149	150	0.00436205	0	0.551648	2
183	257	115	268	114	149	153	0.0130862	0	0.252747	1
184	254	328	66	301	149	173	1	0	0.720879	2
185	391	161	390	160	149	150	0.00218103	0	0.353846	2
186	454	164	463	165	149	151	0.0109051	0	0.36044	1
187	314	267	316	269	149	151	0.00654308	0	0.586813	1
188	302	348	296	347	149	150	0.00763359	0	0.764835	2
189	254	64	254	66	149	153	0.00436205	0	0.140659	1
190	445	413	462	410	149	175	0.0283533	0	0.907692	1
191	55	105	56	106	149	150	0.00218103	0	0.230769	1
192	252	51	250	51	149	151	0.00218103	0	0.112088	2
193	416	182	416	181	150	151	0.00109051	0	0.4	1
194	409	172	409	171	150	151	0.00109051	0	0.378022	1
195	566	181	567	179	150	152	0.00545256	0	0.397802	1
196	356	211	362	207	150	154	0.0239913	0	0.463736	1
197	384	135	423	123	150	158	0.199564	0	0.296703	1
198	331	193	331	192	150	151	0.00109051	0	0.424176	1
199	355	243	355	242	150	151	0.00109051	0	0.534066	1
200	558	166	558	164	150	151	0.00436205	0	0.364835	1
201	344	196	344	195	150	151	0.00109051	0	0.430769	1
202	262	334	256	334	150	151	0.00654308	0	0.734066	2
203	182	199	190	192	150	153	0.0621592	0	0.437363	1
204	187	231	188	230	150	151	0.00218103	0	0.507692	1
205	341	168	344	165	150	152	0.0130862	0	0.369231	1
206	218	148	221	147	150	151	0.00436205	0	0.325275	1
207	239	143	240	143	150	151	0.00109051	0	0.314286	1
208	389	173	389	172	150	151	0.00109051	0	0.38022	1
209	483	46	478	45	150	151	0.00654308	0	0.101099	2
210	428	130	427	131	150	151	0.00218103	0	0.285714	2
211	218	163	220	161	150	151	0.00654308	0	0.358242	1
212	336	178	339	176	150	151	0.00763359	0	0.391209	1
213	546	201	556	198	150	157	0.0207197	0	0.441758	1
214	371	225	370	225	150	152	0.00109051	0	0.494505	2
215	180	451	195	447	150	175	0.0338059	0	0.991209	1
216	470	451	485	448	150	175	0.0261723	0	0.991209	1
217	314	454	314	452	151	154	0.00436205	0	0.997802	1
218	271	393	266	396	151	152	0.0152672	0	0.863736	2
219	209	198	216	196	151	152	0.0119956	0	0.435165	1
220	391	145	412	140	151	155	0.0501636	0	0.318681	1
221	465	78	462	77	151	152	0.00436205	0	0.171429	2
222	478	96	475	93	151	152	0.0130862	0	0.210989	2
223	450	207	451	207	151	152	0.00109051	0	0.454945	1
224	56	107	60	105	151	157	0.0087241	0	0.235165	1
225	433	192	434	192	151	152	0.00109051	0	0.421978	1
226	290	362	285	360	151	152	0.00981461	0	0.795604	2
227	469	202	481	201	151	153	0.0141767	0	0.443956	1
228	419	198	418	196	152	153	0.00545256	0	0.435165	2
229	350	184	353	182	152	154	0.00763359	0	0.404396	1
230	650	188	650	181	152	155	0.0534351	0	0.413187	1
231	186	233	187	232	152	153	0.00218103	0	0.512088	1
232	407	170	406	169	152	153	0.00218103	0	0.373626	2
233	241	144	247	141	152	154	0.0163577	0	0.316484	1
234	389	173	387	170	152	154	0.0119956	0	0.38022	2
235	316	269	318	267	152	154	0.00654308	0	0.591209	1
236	404	183	403	180	152	153	0.0109051	0	0.402198	2
237	465	192	470	191	152	153	0.00654308	0	0.421978	1
238	560	163	557	160	152	154	0.0130862	0	0.358242	2
239	468	214	474	212	152	153	0.0109051	0	0.47033	1
240	475	45	467	43	152	154	0.0130862	0	0.0989011	2
241	428	132	427	131	152	153	0.00218103	0	0.29011	2
242	224	160	226	158	152	153	0.00654308	0	0.351648	1
243	434	150	431	149	152	153	0.00436205	0	0.32967	2
244	225	149	228	148	152	153	0.00436205	0	0.327473	1
245	661	188	661	184	152	154	0.0174482	0	0.413187	1
246	54	95	53	94	152	153	0.00218103	0	0.208791	2
247	360	243	362	243	153	154	0.00218103	0	0.534066	1
248	340	205	341	203	153	154	0.00545256	0	0.450549	1
249	648	162	661	152	153	160	0.123228	0	0.356044	1
250	246	337	239	337	153	154	0.00763359	0	0.740659	2
251	268	399	271	396	153	156	0.0130862	0	0.876923	1
252	486	123	485	121	153	154	0.00545256	0	0.27033	2
253	351	170	356	165	153	155	0.0327154	0	0.373626	1
254	656	208	656	206	153	154	0.00436205	0	0.457143	1
255	324	203	330	200	153	157	0.0163577	0	0.446154	1
256	340	171	342	168	153	154	0.0119956	0	0.375824	1
257	479	158	546	154	153	164	0.0905125	0	0.347253	1
258	467	93	461	90	153	154	0.0163577	0	0.204396	2
259	186	182	219	167	153	162	0.281352	0	0.4	1
260	189	406	202	402	153	175	0.0316249	0	0.892308	1
261	98	415	110	412	153	175	0.0229008	0	0.912088	1
262	482	211	488	209	154	155	0.0109051	0	0.463736	1
263	415	194	419	188	154	157	0.0436205	0	0.426374	1
264	231	157	234	154	154	155	0.0130862	0	0.345055	1
265	429	130	430	128	154	155	0.00545256	0	0.285714	1
266	642	169	642	166	154	155	0.00981461	0	0.371429	1
267	414	204	414	202	154	155	0.00436205	0	0.448352	1
268	453	455	470	453	154	161	0.0229008	0	1	1
269	330	184	336	181	154	156	0.0163577	0	0.404396	1
270	169	236	180	228	154	156	0.0817884	0	0.518681	1
271	193	190	230	175	154	165	0.285714	0	0.417582	1
272	453	75	450	73	154	155	0.00763359	0	0.164835	2
273	478	49	475	48	154	155	0.00436205	0	0.107692	2
274	186	242	190	237	154	156	0.0316249	0	0.531868	1
275	273	111	278	109	154	155	0.00981461	0	0.243956	1
276	420	214	419	210	154	156	0.0185387	0	0.47033	2
277	364	245	376	240	155	158	0.040349	0	0.538462	1
278	316	452	320	450	155	157	0.0087241	0	0.993407	1
279	320	266	331	265	155	159	0.0130862	0	0.584615	1
280	541	455	556	454	155	161	0.0174482	0	1	1
281	351	454	360	453	155	164	0.0109051	0	0.997802	1
282	556	159	558	154	155	157	0.0294438	0	0.349451	1
283	155	455	170	454	155	161	0.0174482	0	1	1
284	406	170	411	165	155	157	0.0327154	0	0.373626	1
285	343	194	344	192	155	156	0.00545256	0	0.426374	1
286	227	191	229	190	155	156	0.00327154	0	0.41978	1
287	365	200	368	199	155	156	0.00436205	0	0.43956	1
288	416	175	418	173	155	156	0.00654308	0	0.384615	1
289	646	199	651	198	155	157	0.00654308	0	0.437363	1
290	237	54	237	50	155	158	0.0174482	0	0.118681	1
291	261	455	276	454	155	161	0.0174482	0	1	1
292	674	455	689	453	155	160	0.0207197	0	1	1
293	355	220	357	218	155	156	0.00654308	0	0.483516	1
294	418	137	435	129	156	160	0.0883315	0	0.301099	1
295	494	210	503	210	156	158	0.00981461	0	0.461538	1
296	240	152	247	149	156	157	0.0174482	0	0.334066	1
297	652	179	652	179	156	157	0	0	0.393407	1
298	249	329	244	327	156	157	0.00981461	0	0.723077	2
299	447	71	445	70	156	157	0.00327154	0	0.156044	2
300	415	200	418	195	156	157	0.0305344	0	0.43956	1
301	227	332	220	329	156	157	0.0174482	0	0.72967	2
302	384	167	384	167	156	157	0	0	0.367033	1
303	547	146	551	143	156	157	0.0141767	0	0.320879	1
304	486	191	504	191	156	158	0.0196292	0	0.41978	1
305	486	171	497	170	156	157	0.0130862	0	0.375824	1
306	55	93	57	93	156	157	0.00218103	0	0.204396	1
307	238	167	245	164	156	157	0.0174482	0	0.367033	1
308	360	230	363	229	156	157	0.00436205	0	0.505495	1
309	373	199	377	201	157	158	0.0087241	0	0.437363	1
310	648	169	654	172	157	158	0.0163577	0	0.371429	1
311	423	172	427	170	157	158	0.0087241	0	0.378022	1
312	234	189	261	186	157	160	0.0392585	0	0.415385	1
313	439	127	444	125	157	158	0.00981461	0	0.279121	1
314	64	179	75	180	157	162	0.0130862	0	0.393407	1
315	407	214	410	211	157	158	0.0130862	0	0.47033	1
316	374	225	378	225	157	158	0.00436205	0	0.494505	1
317	447	171	457	166	157	159	0.0381679	0	0.375824	1
318	372	166	374	166	157	158	0.00218103	0	0.364835	1
319	325	450	326	450	158	164	0.00109051	0	0.989011	1
320	562	152	565	148	158	159	0.0207197	0	0.334066	1
321	239	325	233	322	158	159	0.0163577	0	0.714286	2
322	345	193	348	192	158	159	0.00436205	0	0.424176	1
323	217	326	211	322	158	159	0.0239913	0	0.716484	2
324	445	72	442	72	158	159	0.00327154	0	0.158242	2
325	428	189	434	188	158	160	0.00763359	0	0.415385	1
326	385	166	387	166	158	159	0.00218103	0	0.364835	1
327	210	206	216	204	158	159	0.0109051	0	0.452747	1
328	61	93	65	93	158	162	0.00436205	0	0.204396	1
329	368	229	372	228	158	159	0.00545256	0	0.503297	1
330	375	153	381	151	158	159	0.0109051	0	0.336264	1
331	380	211	384	213	158	159	0.0087241	0	0.463736	1
332	241	455	246	454	158	160	0.00654308	0	1	1
333	520	455	525	454	158	160	0.00654308	0	1	1
334	474	176	476	174	158	159	0.00654308	0	0.386813	1
335	315	454	320	454	158	161	0.00545256	0	0.997802	1
336	34	440	35	440	158	175	0.00109051	0	0.967033	1
337	200	213	211	210	158	160	0.0218103	0	0.468132	1
338	421	184	424	184	159	161	0.00327154	0	0.404396	1
339	416	211	417	210	159	160	0.00218103	0	0.463736	1
340	240	39	237	38	159	161	0.00436205	0	0.0857143	2
341	419	166	422	165	159	160	0.00436205	0	0.364835	1
342	402	209	403	209	159	160	0.00109051	0	0.459341	1
343	428	121	431	122	159	162	0.00436205	0	0.265934	1
344	384	208	387	211	160	161	0.0130862	0	0.457143	1
345	568	146	569	146	160	162	0.00109051	0	0.320879	1
346	652	177	650	174	160	161	0.0119956	0	0.389011	2
347	415	195	414	196	160	161	0.00218103	0	0.428571	2
348	228	320	212	322	160	162	0.0218103	0	0.703297	2
349	208	322	201	321	160	161	0.0087241	0	0.707692	2
350	578	145	579	144	160	161	0.00218103	0	0.318681	1
351	665	197	666	197	160	161	0.00109051	0	0.432967	1
352	381	229	384	233	160	161	0.0207197	0	0.503297	1
353	510	173	528	174	160	164	0.0207197	0	0.38022	1
354	520	168	525	168	160	161	0.00545256	0	0.369231	1
355	331	266	330	266	160	163	0.00109051	0	0.584615	2
356	223	207	227	206	160	161	0.00545256	0	0.454945	1
357	362	222	361	225	160	161	0.0109051	0	0.487912	2
358	390	170	390	170	160	161	0	0	0.373626	1
359	202	226	204	225	160	161	0.00327154	0	0.496703	1
360	400	169	402	169	160	161	0.00218103	0	0.371429	1
361	429	198	430	198	160	161	0.00109051	0	0.435165	1
362	211	192	215	194	161	164	0.0087241	0	0.421978	1
363	363	204	363	207	161	162	0.00981461	0	0.448352	1
364	661	174	659	171	161	162	0.0119956	0	0.382418	2
365	403	210	401	211	161	162	0.00327154	0	0.461538	2
366	485	205	494	203	161	162	0.0141767	0	0.450549	1
367	281	182	281	184	161	163	0.00436205	0	0.4	1
368	375	161	377	162	161	163	0.00327154	0	0.353846	1
369	457	121	456	121	161	162	0.00109051	0	0.265934	2
370	216	210	216	213	161	162	0.00981461	0	0.461538	1
371	342	191	341	191	161	162	0.00109051	0	0.41978	2
372	275	138	280	138	161	163	0.00545256	0	0.303297	1
373	455	40	449	42	161	162	0.0109051	0	0.0879121	2
374	341	252	341	249	162	164	0.00981461	0	0.553846	1
375	395	163	393	162	162	163	0.00327154	0	0.358242	2
376	659	152	658	145	162	165	0.0545256	0	0.334066	2
377	534	170	538	170	162	163	0.00436205	0	0.373626	1
378	413	198	411	199	162	163	0.00327154	0	0.435165	2
379	555	24	554	24	162	164	0.00109051	0	0.0527473	2
380	279	152	284	152	162	163	0.00545256	0	0.334066	1
381	578	162	576	161	162	163	0.00327154	0	0.356044	2
382	478	173	478	172	162	163	0.00109051	0	0.38022	1
383	433	155	437	152	162	166	0.0141767	0	0.340659	1
384	394	177	393	176	162	163	0.00218103	0	0.389011	2
385	323	102	350	100	162	167	0.0338059	0	0.224176	1
386	665	195	664	193	162	163	0.00545256	0	0.428571	2
387	675	168	673	165	162	164	0.0119956	0	0.369231	2
388	371	172	380	165	162	166	0.0632497	0	0.378022	1
389	518	451	512	448	162	173	0.0163577	0	0.991209	2
390	399	258	393	256	162	167	0.0109051	0	0.567033	2
391	416	213	414	213	162	164	0.00218103	0	0.468132	2
392	430	76	421	75	162	163	0.0109051	0	0.167033	2
393	570	147	571	145	163	164	0.00545256	0	0.323077	1
394	388	218	388	218	163	164	0	0	0.479121	1
395	185	321	178	317	163	164	0.0250818	0	0.705495	2
396	400	212	398	207	163	166	0.0294438	0	0.465934	2
397	453	123	453	122	163	164	0.00109051	0	0.27033	1
398	429	123	428	120	163	164	0.0109051	0	0.27033	2
399	392	149	393	146	163	164	0.0109051	0	0.327473	1
400	367	205	367	205	163	164	0	0	0.450549	1
401	237	45	230	43	163	165	0.0119956	0	0.0989011	2
402	340	193	341	190	163	165	0.0109051	0	0.424176	1
403	228	200	229	198	163	164	0.00545256	0	0.43956	1
404	439	185	438	184	163	164	0.00218103	0	0.406593	2
405	75	181	72	179	163	168	0.00763359	0	0.397802	2
406	505	203	514	202	163	164	0.0109051	0	0.446154	1
407	218	215	218	210	163	166	0.0272628	0	0.472527	1
408	56	123	54	120	163	165	0.0119956	0	0.27033	2
409	393	452	388	449	163	175	0.0152672	0	0.993407	2
410	440	211	437	207	163	166	0.0207197	0	0.463736	2
411	275	455	270	454	163	168	0.00654308	0	1	2
412	64	80	62	77	163	165	0.0119956	0	0.175824	2
413	428	199	428	198	163	164	0.00109051	0	0.437363	1
414	402	402	398	399	163	175	0.0141767	0	0.883516	2
415	212	227	211	223	164	166	0.0185387	0	0.498901	2
416	469	455	464	454	164	168	0.00654308	0	1	2
417	543	171	547	169	164	165	0.0087241	0	0.375824	1
418	169	455	165	454	164	168	0.00545256	0	1	2
419	281	185	281	181	164	165	0.0174482	0	0.406593	1
420	295	143	300	139	164	165	0.0229008	0	0.314286	1
421	555	455	551	454	164	168	0.00545256	0	1	2
422	394	176	394	173	164	165	0.00981461	0	0.386813	1
423	231	55	228	53	164	165	0.00763359	0	0.120879	2
424	256	455	253	453	164	167	0.00763359	0	1	2
425	363	224	360	221	164	166	0.0130862	0	0.492308	2
426	577	156	577	151	165	167	0.0272628	0	0.342857	1
427	43	449	39	449	165	175	0.00436205	0	0.986813	2
428	535	174	539	173	165	166	0.00545256	0	0.382418	1
429	572	142	563	132	165	172	0.118866	0	0.312088	2
430	321	453	316	453	165	169	0.00545256	0	0.995604	2
431	433	168	433	168	165	166	0	0	0.369231	1
432	354	206	351	207	165	166	0.00436205	0	0.452747	2
433	360	452	356	451	165	167	0.00545256	0	0.993407	2
434	420	173	419	171	165	166	0.00545256	0	0.38022	2
435	388	218	381	216	165	168	0.0119956	0	0.479121	2
436	647	163	646	160	165	167	0.0109051	0	0.358242	2
437	429	118	428	114	165	166	0.0185387	0	0.259341	2
438	246	455	245	454	165	166	0.00218103	0	1	2
439	329	137	329	136	165	166	0.00109051	0	0.301099	1
440	687	454	684	453	165	167	0.00436205	0	0.997802	2
441	414	212	412	210	165	166	0.00654308	0	0.465934	2
442	673	160	669	156	165	169	0.0218103	0	0.351648	2
443	453	118	453	117	165	166	0.00109051	0	0.259341	1
444	141	455	140	454	165	166	0.00218103	0	1	2
445	162	315	153	313	165	166	0.0141767	0	0.692308	2
446	365	205	360	207	165	167	0.00981461	0	0.450549	2
447	565	132	564	129	165	166	0.0109051	0	0.29011	2
448	176	373	161	374	165	166	0.0174482	0	0.81978	2
449	390	228	385	227	165	167	0.00654308	0	0.501099	2
450	479	453	475	454	165	168	0.00545256	0	0.995604	2
451	549	159	562	159	165	168	0.0141767	0	0.349451	1
452	230	63	225	61	165	166	0.00981461	0	0.138462	2
453	219	192	220	190	165	166	0.00545256	0	0.421978	1
454	435	140	433	139	165	169	0.00327154	0	0.307692	2
455	357	420	350	419	165	175	0.0087241	0	0.923077	2
456	429	188	427	188	166	167	0.00218103	0	0.413187	2
457	285	181	289	179	166	167	0.0087241	0	0.397802	1
458	552	169	555	169	166	167	0.00327154	0	0.371429	1
459	349	197	347	195	166	170	0.00654308	0	0.432967	2
460	304	137	308	136	166	168	0.00545256	0	0.301099	1
461	221	37	191	36	166	175	0.0338059	0	0.0813187	2
462	390	165	389	163	166	167	0.00545256	0	0.362637	2
463	231	172	246	163	166	175	0.104689	0	0.378022	1
464	419	181	417	181	166	167	0.00218103	0	0.397802	2
465	661	145	660	144	166	167	0.00218103	0	0.318681	2
466	341	239	340	236	166	167	0.0109051	0	0.525275	2
467	421	153	420	153	166	167	0.00109051	0	0.336264	2
468	434	169	434	170	167	168	0.00109051	0	0.371429	1
469	345	250	342	253	167	168	0.0130862	0	0.549451	2
470	420	171	419	172	167	168	0.00218103	0	0.375824	2
471	142	316	130	319	167	168	0.0229008	0	0.694505	2
472	436	154	435	154	167	168	0.00109051	0	0.338462	2
473	217	210	227	201	167	171	0.0992366	0	0.461538	1
474	359	221	353	225	167	169	0.0239913	0	0.485714	2
475	411	211	409	212	167	168	0.00327154	0	0.463736	2
476	544	172	548	173	167	168	0.00545256	0	0.378022	1
477	396	205	393	203	167	168	0.00763359	0	0.450549	2
478	421	198	420	199	167	168	0.00218103	0	0.435165	2
479	324	243	318	237	167	171	0.0458015	0	0.534066	2
480	211	221	211	219	167	168	0.00436205	0	0.485714	1
481	221	62	190	64	167	175	0.0381679	0	0.136264	2
482	347	210	343	213	167	168	0.0141767	0	0.461538	2
483	462	116	458	114	167	170	0.0087241	0	0.254945	2
484	427	112	425	112	167	168	0.00218103	0	0.246154	2
485	409	165	408	166	167	169	0.00218103	0	0.362637	2
486	331	189	331	188	167	169	0.00109051	0	0.415385	1
487	290	144	296	142	167	170	0.0109051	0	0.316484	1
488	497	160	495	165	167	169	0.0294438	0	0.351648	2
489	339	438	337	438	168	169	0.00218103	0	0.962637	2
490	354	450	352	450	168	169	0.00218103	0	0.989011	2
491	445	190	445	195	168	170	0.0272628	0	0.417582	1
492	559	171	562	173	168	169	0.00763359	0	0.375824	1
493	552	24	549	24	168	172	0.00327154	0	0.0527473	2
494	404	152	402	152	168	169	0.00218103	0	0.334066	2
495	658	144	655	142	168	170	0.00763359	0	0.316484	2
496	668	169	668	160	168	175	0.0883315	0	0.371429	1
497	350	241	351	241	168	174	0.00109051	0	0.52967	1
498	336	203	335	202	168	169	0.00218103	0	0.446154	2
499	183	363	162	361	168	169	0.0272628	0	0.797802	2
500	430	208	427	209	168	169	0.00436205	0	0.457143	2
501	386	68	371	69	168	170	0.0174482	0	0.149451	2
502	362	125	365	126	168	169	0.00436205	0	0.274725	1
503	355	99	365	98	168	170	0.0119956	0	0.217582	1
504	472	167	471	166	168	169	0.00218103	0	0.367033	2
505	341	253	339	252	169	171	0.00327154	0	0.556044	2
506	425	114	423	112	169	170	0.00654308	0	0.250549	2
507	419	175	418	174	169	170	0.00218103	0	0.384615	2
508	341	217	338	219	169	170	0.00763359	0	0.476923	2
509	391	202	389	201	169	170	0.00327154	0	0.443956	2
510	141	390	138	388	169	171	0.00763359	0	0.857143	2
511	408	214	406	213	169	170	0.00327154	0	0.47033	2
512	454	156	454	154	169	170	0.00436205	0	0.342857	1
513	306	144	310	140	169	171	0.0218103	0	0.316484	1
514	119	323	83	317	169	172	0.0785169	0	0.70989	2
515	419	187	417	186	169	170	0.00327154	0	0.410989	2
516	388	123	385	121	169	171	0.00763359	0	0.27033	2
517	353	211	349	211	169	170	0.00436205	0	0.463736	2
518	132	316	118	316	169	170	0.0152672	0	0.694505	2
519	302	130	326	121	169	174	0.114504	0	0.285714	1
520	415	203	414	202	169	171	0.00218103	0	0.446154	2
521	440	181	439	181	169	170	0.00109051	0	0.397802	2
522	389	257	381	252	169	172	0.0359869	0	0.564835	2
523	442	233	444	230	169	175	0.0119956	0	0.512088	1
524	219	37	209	36	169	172	0.0119956	0	0.0813187	2
525	661	187	659	179	169	172	0.0719738	0	0.410989	2
526	321	451	325	449	170	175	0.0087241	0	0.991209	1
527	353	448	354	446	170	175	0.00545256	0	0.984615	1
528	376	213	374	210	170	171	0.0119956	0	0.468132	2
529	462	455	465	453	170	175	0.00763359	0	1	1
530	392	172	391	171	170	171	0.00218103	0	0.378022	2
531	163	455	165	453	170	175	0.00654308	0	1	1
532	351	226	351	225	170	171	0.00109051	0	0.496703	1
533	318	207	321	201	170	171	0.04253	0	0.454945	1
534	425	210	427	209	170	172	0.00327154	0	0.461538	1
535	338	185	340	183	170	171	0.00654308	0	0.406593	1
536	311	455	313	452	170	175	0.0119956	0	1	1
537	226	190	236	185	170	173	0.0381679	0	0.417582	1
538	421	171	425	168	171	174	0.0141767	0	0.375824	1
539	429	119	430	119	171	172	0.00109051	0	0.261538	1
540	549	455	551	453	171	175	0.00654308	0	1	1
541	345	215	344	213	171	172	0.00545256	0	0.472527	2
542	458	114	461	111	171	175	0.0130862	0	0.250549	1
543	370	224	369	224	171	172	0.00109051	0	0.492308	2
544	657	141	656	137	171	173	0.0185387	0	0.30989	2
545	419	185	420	183	171	172	0.00545256	0	0.406593	1
546	360	238	361	236	171	174	0.00545256	0	0.523077	1
547	269	434	274	433	171	175	0.00654308	0	0.953846	1
548	468	182	470	180	171	172	0.00654308	0	0.4	1
549	373	100	380	99	171	172	0.0087241	0	0.21978	1
550	680	455	682	453	171	175	0.00654308	0	1	1
551	103	315	83	308	171	173	0.0752454	0	0.692308	2
552	232	156	243	151	171	175	0.0392585	0	0.342857	1
553	70	180	73	178	171	175	0.00763359	0	0.395604	1
554	447	110	448	107	171	173	0.0109051	0	0.241758	1
555	411	166	412	164	171	172	0.00545256	0	0.364835	1
556	336	190	339	189	172	173	0.00436205	0	0.417582	1
557	303	172	317	167	172	175	0.04253	0	0.378022	1
558	385	203	384	202	172	173	0.00218103	0	0.446154	2
559	371	209	369	208	172	173	0.00327154	0	0.459341	2
560	441	177	443	177	172	173	0.00218103	0	0.389011	1
561	232	199	237	197	172	174	0.00981461	0	0.437363	1
562	341	252	341	251	172	173	0.00109051	0	0.553846	1
563	409	212	410	211	172	173	0.00218103	0	0.465934	1
564	352	226	353	225	172	173	0.00218103	0	0.496703	1
565	318	235	321	231	172	173	0.0207197	0	0.516484	1
566	241	455	243	454	172	175	0.00327154	0	1	1
567	316	251	315	251	172	173	0.00109051	0	0.551648	2
568	418	131	418	129	172	173	0.00436205	0	0.287912	1
569	354	204	352	201	172	173	0.0119956	0	0.448352	2
570	394	159	394	159	173	174	0	0	0.349451	1
571	563	130	564	126	173	175	0.0185387	0	0.285714	1
572	447	149	454	149	173	175	0.00763359	0	0.327473	1
573	210	209	216	202	173	175	0.0599782	0	0.459341	1
574	430	207	435	206	173	175	0.00654308	0	0.454945	1
575	208	37	206	37	173	174	0.00218103	0	0.0813187	2
576	620	455	620	454	173	174	0.00109051	0	1	1
577	388	98	396	97	173	174	0.00981461	0	0.215385	1
578	576	176	583	175	173	174	0.0087241	0	0.386813	1
579	73	314	63	312	173	174	0.0152672	0	0.69011	2
580	473	179	479	179	173	175	0.00654308	0	0.393407	1
581	562	455	562	454	173	174	0.00109051	0	1	1
582	342	221	346	220	173	174	0.00545256	0	0.485714	1
583	455	163	459	162	173	174	0.00545256	0	0.358242	1
584	353	67	342	67	173	175	0.0119956	0	0.147253	2
585	427	187	429	186	174	175	0.00327154	0	0.410989	1
586	368	209	365	210	174	175	0.00436205	0	0.459341	2
587	335	236	335	237	174	175	0.00109051	0	0.518681	1
588	352	202	350	202	174	175	0.00218103	0	0.443956	2
589	344	191	347	193	174	175	0.00763359	0	0.41978	1
590	327	133	332	132	174	175	0.00654308	0	0.292308	1
591	343	252	343	252	174	175	0	0	0.553846	1
592	410	155	411	154	174	175	0.00218103	0	0.340659	1
593	514	447	514	447	174	175	0	0	0.982418	1
594	657	137	655	136	174	175	0.00327154	0	0.301099	2
595	73	310	63	308	174	175	0.0152672	0	0.681319	2
596	413	211	415	211	174	175	0.00218103	0	0.463736	1
597	338	428	338	428	174	175	0	0	0.940659	1
598	314	253	313	254	174	175	0.00218103	0	0.556044	2
599	440	180	441	179	174	175	0.00218103	0	0.395604	1
600	440	170	442	171	174	175	0.00327154	0	0.373626	1
601	231	179	233	179	174	175	0.00218103	0	0.393407	1