
0	443	172	443	170	107	108	0.0277778	0	0.669261	1
1	606	156	603	158	107	108	0.0486111	0	0.607004	2
2	373	152	373	150	107	108	0.0277778	0	0.59144	1
3	386	146	386	144	107	108	0.0277778	0	0.568093	1
4	397	159	396	158	107	108	0.0138889	0	0.618677	2
5	485	209	479	211	107	109	0.0694444	0	0.81323	2
6	217	186	217	187	107	108	0.00694444	0	0.723735	1
7	480	198	474	196	108	110	0.0694444	0	0.770428	2
8	224	172	222	172	108	109	0.0138889	0	0.669261	2
9	574	138	572	137	108	110	0.0208333	0	0.536965	2
10	418	192	418	189	108	109	0.0625	0	0.747082	1
11	376	218	375	218	108	109	0.00694444	0	0.848249	2
12	316	131	319	131	108	112	0.0208333	0	0.509728	1
13	210	169	209	170	108	110	0.0138889	0	0.657588	2
14	391	128	389	126	108	109	0.0416667	0	0.498054	2
15	580	30	578	28	108	119	0.0416667	0	0.116732	2
16	217	212	217	213	108	109	0.00694444	0	0.824903	1
17	442	167	434	165	109	111	0.0833333	0	0.649805	2
18	341	137	342	135	109	110	0.0347222	0	0.533074	1
19	226	185	226	185	109	110	0	0	0.719844	1
20	396	157	395	155	109	110	0.0347222	0	0.610895	2
21	403	132	400	130	109	110	0.0486111	0	0.513619	2
22	344	152	345	154	109	113	0.0347222	0	0.59144	1
23	392	144	389	142	109	110	0.0486111	0	0.560311	2
24	364	204	363	204	109	110	0.00694444	0	0.793774	2
25	207	209	206	208	109	111	0.0138889	0	0.81323	2
26	379	127	373	125	109	111	0.0694444	0	0.494163	2
27	600	161	595	162	109	110	0.0416667	0	0.626459	2
28	429	157	420	152	109	112	0.236111	0	0.610895	2
29	509	226	507	226	109	110	0.0138889	0	0.879377	2
30	221	203	219	205	109	110	0.0416667	0	0.789883	2
31	498	221	495	220	109	110	0.0277778	0	0.859922	2
32	596	172	579	174	109	112	0.145833	0	0.669261	2
33	326	154	326	156	109	111	0.0277778	0	0.599222	1
34	454	24	451	24	109	113	0.0208333	0	0.0933852	2
35	383	165	382	164	110	111	0.0138889	0	0.642023	2
36	389	124	386	121	110	111	0.0833333	0	0.48249	2
37	406	149	403	147	110	111	0.0486111	0	0.579767	2
38	223	172	221	171	110	112	0.0208333	0	0.669261	2
39	416	155	412	153	110	111	0.0555556	0	0.603113	2
40	237	163	277	173	110	125	0.972222	0	0.634241	1
41	476	213	473	214	110	111	0.0277778	0	0.828794	2
42	464	50	462	49	110	117	0.0208333	0	0.194553	2
43	203	191	207	194	110	111	0.0902778	0	0.743191	1
44	379	229	378	228	110	113	0.0138889	0	0.891051	2
45	359	144	357	144	110	111	0.0138889	0	0.560311	2
46	396	225	398	224	110	111	0.0208333	0	0.875486	1
47	596	214	588	213	110	111	0.0625	0	0.832685	2
48	197	70	197	70	110	112	0	0	0.272374	1
49	392	166	391	164	111	112	0.0347222	0	0.645914	2
50	370	149	369	147	111	112	0.0347222	0	0.579767	2
51	341	126	342	123	111	112	0.0694444	0	0.490272	1
52	473	195	469	193	111	112	0.0555556	0	0.758755	2
53	570	137	566	131	111	115	0.277778	0	0.533074	2
54	424	182	425	181	111	112	0.0138889	0	0.708171	1
55	364	205	364	205	111	112	0	0	0.797665	1
56	398	176	398	174	111	112	0.0277778	0	0.684825	1
57	210	171	216	176	111	115	0.215278	0	0.66537	1
58	495	223	494	222	111	112	0.0138889	0	0.867704	2
59	245	63	245	64	111	113	0.00694444	0	0.245136	1
60	165	132	164	131	111	112	0.0138889	0	0.513619	2
61	379	159	381	157	112	113	0.0416667	0	0.618677	1
62	175	140	175	138	112	113	0.0277778	0	0.544747	1
63	415	181	417	180	112	113	0.0208333	0	0.70428	1
64	372	121	370	120	112	113	0.0208333	0	0.470817	2
65	603	216	602	215	112	113	0.0138889	0	0.840467	2
66	384	119	379	113	112	116	0.284722	0	0.463035	2
67	743	46	743	45	112	116	0.00694444	0	0.178988	1
68	398	142	396	138	112	113	0.125	0	0.552529	2
69	330	125	346	124	112	121	0.118056	0	0.486381	1
70	627	44	629	42	112	119	0.0416667	0	0.171206	1
71	418	191	420	189	112	113	0.0416667	0	0.743191	1
72	359	195	359	195	112	113	0	0	0.758755	1
73	522	42	521	41	112	113	0.0138889	0	0.163424	2
74	161	187	162	186	112	117	0.0138889	0	0.727626	1
75	142	53	139	52	112	134	0.0277778	0	0.206226	2
76	371	144	371	143	113	114	0.00694444	0	0.560311	1
77	425	162	419	161	113	114	0.0486111	0	0.63035	2
78	493	218	493	217	113	114	0.00694444	0	0.848249	1
79	164	145	164	145	113	114	0	0	0.564202	1
80	469	191	465	190	113	114	0.0347222	0	0.743191	2
81	590	205	585	203	113	114	0.0625	0	0.797665	2
82	569	169	550	172	113	116	0.194444	0	0.657588	2
83	420	150	417	149	113	114	0.0277778	0	0.583658	2
84	385	188	385	188	113	114	0	0	0.731518	1
85	316	176	318	175	113	114	0.0208333	0	0.684825	1
86	404	223	405	225	113	114	0.0347222	0	0.867704	1
87	492	96	493	96	113	115	0.00694444	0	0.373541	1
88	329	156	331	155	113	114	0.0208333	0	0.607004	1
89	425	187	428	186	114	115	0.0277778	0	0.727626	1
90	385	157	388	156	114	115	0.0277778	0	0.610895	1
91	423	177	426	176	114	115	0.0277778	0	0.688716	1
92	346	119	351	120	114	117	0.0416667	0	0.463035	1
93	358	138	360	138	114	115	0.0138889	0	0.536965	1
94	345	155	347	157	114	116	0.0416667	0	0.603113	1
95	395	136	391	135	114	116	0.0347222	0	0.529183	2
96	369	119	367	119	114	115	0.0138889	0	0.463035	2
97	573	152	572	152	114	115	0.00694444	0	0.59144	2
98	407	156	408	156	114	115	0.00694444	0	0.607004	1
99	600	212	581	214	114	117	0.159722	0	0.824903	2
100	323	130	325	130	114	115	0.0138889	0	0.505837	1
101	382	169	383	169	114	115	0.00694444	0	0.657588	1
102	733	31	734	31	114	118	0.00694444	0	0.120623	1
103	805	209	825	209	114	131	0.138889	0	0.81323	1
104	587	149	585	153	114	116	0.125	0	0.579767	2
105	491	82	495	81	114	118	0.0347222	0	0.319066	1
106	372	144	374	145	115	116	0.0208333	0	0.560311	1
107	401	229	400	230	115	116	0.0138889	0	0.891051	2
108	350	129	351	129	115	116	0.00694444	0	0.501946	1
109	168	151	169	149	115	116	0.0347222	0	0.587549	1
110	575	163	573	167	115	116	0.125	0	0.634241	2
111	175	201	175	200	115	116	0.00694444	0	0.782101	1
112	395	168	397	169	115	116	0.0208333	0	0.653696	1
113	185	146	185	146	115	117	0	0	0.568093	1
114	176	136	177	133	115	116	0.0694444	0	0.529183	1
115	191	86	192	87	115	116	0.0138889	0	0.33463	1
116	406	146	404	145	115	116	0.0208333	0	0.568093	2
117	371	159	374	158	115	116	0.0277778	0	0.618677	1
118	493	217	492	216	115	116	0.0138889	0	0.844358	2
119	356	148	363	145	115	119	0.111111	0	0.575875	1
120	226	175	231	176	115	116	0.0416667	0	0.680934	1
121	581	205	569	208	115	117	0.145833	0	0.797665	2
122	385	125	384	124	115	116	0.0138889	0	0.486381	2
123	609	221	604	219	115	116	0.0625	0	0.859922	2
124	641	110	641	109	115	117	0.00694444	0	0.428016	1
125	398	178	400	179	115	116	0.0208333	0	0.692607	1
126	215	213	216	211	115	117	0.0347222	0	0.828794	1
127	207	49	204	49	115	145	0.0208333	0	0.190661	2
128	432	184	435	183	116	117	0.0277778	0	0.715953	1
129	389	154	389	152	116	117	0.0277778	0	0.599222	1
130	572	137	570	136	116	117	0.0208333	0	0.533074	2
131	414	149	412	147	116	117	0.0416667	0	0.579767	2
132	363	138	364	137	116	117	0.0138889	0	0.536965	1
133	341	140	344	137	116	119	0.0833333	0	0.544747	1
134	502	83	504	81	116	118	0.0416667	0	0.322957	1
135	560	131	555	129	116	119	0.0625	0	0.509728	2
136	386	170	387	169	116	117	0.0138889	0	0.661479	1
137	182	104	183	104	116	117	0.00694444	0	0.404669	1
138	218	180	221	182	116	118	0.0486111	0	0.700389	1
139	560	211	557	212	116	117	0.0277778	0	0.821012	2
140	429	158	424	154	116	119	0.145833	0	0.614786	2
141	566	228	566	227	116	117	0.00694444	0	0.88716	1
142	354	130	354	129	117	118	0.00694444	0	0.505837	1
143	377	148	379	146	117	118	0.0416667	0	0.575875	1
144	400	231	400	229	117	118	0.0277778	0	0.898833	1
145	492	219	487	216	117	118	0.0972222	0	0.85214	2
146	247	87	249	85	117	118	0.0416667	0	0.338521	1
147	175	200	172	197	117	118	0.0833333	0	0.77821	2
148	377	113	374	108	117	125	0.194444	0	0.439689	2
149	195	89	197	89	117	118	0.0138889	0	0.346304	1
150	400	172	399	171	117	118	0.0138889	0	0.669261	2
151	182	132	183	128	117	119	0.118056	0	0.513619	1
152	599	217	580	218	117	119	0.138889	0	0.844358	2
153	348	158	352	155	117	119	0.0902778	0	0.614786	1
154	251	179	254	179	117	118	0.0208333	0	0.696498	1
155	587	29	582	29	117	131	0.0347222	0	0.11284	2
156	381	124	378	121	117	118	0.0833333	0	0.48249	2
157	559	179	555	179	117	118	0.0277778	0	0.696498	2
158	402	143	400	140	117	118	0.0763889	0	0.55642	2
159	237	176	245	174	117	119	0.0833333	0	0.684825	1
160	390	190	394	190	117	119	0.0277778	0	0.7393	1
161	476	95	475	93	118	119	0.0347222	0	0.36965	2
162	524	44	523	42	118	119	0.0347222	0	0.171206	2
163	389	152	388	150	118	119	0.0347222	0	0.59144	2
164	185	104	187	103	118	119	0.0208333	0	0.404669	1
165	567	226	567	225	118	119	0.00694444	0	0.879377	1
166	186	146	186	145	118	119	0.00694444	0	0.568093	1
167	413	145	412	142	118	121	0.0694444	0	0.564202	2
168	827	255	826	255	118	119	0.00694444	0	0.992218	2
169	365	136	365	135	118	119	0.00694444	0	0.529183	1
170	573	183	573	182	118	119	0.00694444	0	0.712062	1
171	642	108	641	107	118	119	0.0138889	0	0.420233	2
172	164	186	164	185	118	119	0.00694444	0	0.723735	1
173	466	49	462	50	118	145	0.0347222	0	0.190661	2
174	387	136	386	134	118	119	0.0347222	0	0.529183	2
175	375	136	377	134	118	119	0.0416667	0	0.529183	1
176	373	196	373	195	118	119	0.00694444	0	0.762646	1
177	425	170	420	169	118	119	0.0416667	0	0.661479	2
178	402	228	402	228	119	120	0	0	0.88716	1
179	251	205	253	207	119	120	0.0416667	0	0.797665	1
180	550	179	546	179	119	120	0.0277778	0	0.696498	2
181	354	119	354	119	119	120	0	0	0.463035	1
182	377	121	376	121	119	120	0.00694444	0	0.470817	2
183	376	24	375	24	119	132	0.00694444	0	0.0933852	2
184	364	123	365	123	119	120	0.00694444	0	0.478599	1
185	506	100	506	100	119	120	0	0	0.389105	1
186	264	52	267	52	119	120	0.0208333	0	0.202335	1
187	569	149	565	150	119	120	0.0347222	0	0.579767	2
188	400	218	400	218	119	120	0	0	0.848249	1
189	365	79	362	80	119	145	0.0277778	0	0.307393	2
190	290	123	288	124	119	132	0.0208333	0	0.478599	2
191	354	130	356	132	119	124	0.0416667	0	0.505837	1
192	418	180	415	183	120	121	0.0833333	0	0.700389	2
193	168	194	167	194	120	121	0.00694444	0	0.754864	2
194	471	87	468	90	120	127	0.0833333	0	0.338521	2
195	445	181	450	181	120	121	0.0347222	0	0.70428	1
196	403	176	398	175	120	122	0.0416667	0	0.684825	2
197	368	143	370	143	120	123	0.0138889	0	0.55642	1
198	631	44	631	45	120	129	0.00694444	0	0.171206	1
199	388	138	389	137	120	121	0.0138889	0	0.536965	1
200	191	102	197	102	120	122	0.0416667	0	0.396887	1
201	185	126	185	127	120	121	0.00694444	0	0.490272	1
202	522	39	521	39	120	121	0.00694444	0	0.151751	2
203	174	141	169	150	120	127	0.597222	0	0.548638	2
204	641	106	641	107	120	123	0.00694444	0	0.412451	1
205	419	170	417	172	120	122	0.0416667	0	0.661479	2
206	503	90	504	91	120	122	0.0138889	0	0.350195	1
207	443	171	447	171	120	121	0.0277778	0	0.66537	1
208	248	175	251	176	120	121	0.0277778	0	0.680934	1
209	237	86	236	87	120	124	0.0138889	0	0.33463	2
210	376	195	377	194	120	121	0.0138889	0	0.758755	1
211	417	191	421	192	120	121	0.0347222	0	0.743191	1
212	481	116	479	116	120	123	0.0138889	0	0.451362	2
213	553	131	550	132	120	121	0.0277778	0	0.509728	2
214	203	87	209	87	120	122	0.0416667	0	0.338521	1
215	351	156	354	157	120	122	0.0277778	0	0.607004	1
216	676	65	672	66	120	145	0.0347222	0	0.252918	2
217	536	169	519	172	120	123	0.180556	0	0.657588	2
218	253	217	253	220	120	121	0.0625	0	0.844358	1
219	335	123	331	123	120	129	0.0277778	0	0.478599	2
220	422	153	420	155	120	122	0.0416667	0	0.595331	2
221	365	37	361	38	120	145	0.0347222	0	0.143969	2
222	519	29	518	29	120	121	0.00694444	0	0.11284	2
223	672	186	668	187	120	145	0.0347222	0	0.723735	2
224	507	69	511	68	121	124	0.0347222	0	0.268482	1
225	542	181	526	185	121	124	0.222222	0	0.70428	2
226	217	75	219	75	121	122	0.0138889	0	0.291829	1
227	255	210	255	212	121	122	0.0277778	0	0.817121	1
228	408	230	408	230	121	122	0	0	0.894942	1
229	507	101	507	101	121	122	0	0	0.392996	1
230	271	46	271	46	121	122	0	0	0.178988	1
231	401	137	401	135	121	122	0.0277778	0	0.533074	1
232	378	123	376	120	121	125	0.0763889	0	0.478599	2
233	225	89	224	89	121	122	0.00694444	0	0.346304	2
234	257	186	259	188	121	122	0.0416667	0	0.723735	1
235	350	174	349	175	121	122	0.0138889	0	0.677043	2
236	561	152	548	152	121	124	0.0902778	0	0.59144	2
237	356	120	356	119	121	122	0.00694444	0	0.466926	1
238	362	153	366	154	121	127	0.0347222	0	0.595331	1
239	558	137	553	136	122	123	0.0416667	0	0.533074	2
240	414	185	412	186	122	123	0.0208333	0	0.719844	2
241	167	195	168	195	122	123	0.00694444	0	0.758755	1
242	389	140	388	139	122	123	0.0138889	0	0.544747	2
243	458	178	468	173	122	124	0.243056	0	0.692607	1
244	522	40	519	39	122	124	0.0277778	0	0.155642	2
245	254	178	254	179	122	123	0.00694444	0	0.692607	1
246	448	171	453	169	122	123	0.0625	0	0.66537	1
247	184	132	183	134	122	123	0.0347222	0	0.513619	2
248	547	133	542	132	122	123	0.0416667	0	0.51751	2
249	376	196	374	195	122	124	0.0208333	0	0.762646	2
250	373	157	372	156	122	123	0.0138889	0	0.610895	2
251	381	214	372	214	122	126	0.0625	0	0.832685	2
252	262	87	264	87	122	123	0.0138889	0	0.338521	1
253	612	70	607	69	122	145	0.0416667	0	0.272374	2
254	413	143	414	144	122	124	0.0138889	0	0.55642	1
255	501	24	500	24	122	124	0.00694444	0	0.0933852	2
256	379	133	378	132	122	123	0.0138889	0	0.51751	2
257	383	151	381	151	123	124	0.0138889	0	0.587549	2
258	508	103	510	103	123	125	0.0138889	0	0.400778	1
259	200	102	202	101	123	124	0.0208333	0	0.396887	1
260	410	229	414	226	123	124	0.0902778	0	0.891051	1
261	355	117	354	113	123	126	0.118056	0	0.455253	2
262	506	93	507	93	123	124	0.00694444	0	0.361868	1
263	416	171	413	168	123	125	0.0833333	0	0.66537	2
264	517	88	522	85	123	126	0.0972222	0	0.342412	1
265	211	86	217	85	123	125	0.0486111	0	0.33463	1
266	403	136	403	133	123	130	0.0625	0	0.529183	1
267	547	221	540	222	123	124	0.0555556	0	0.859922	2
268	369	226	365	225	123	126	0.0347222	0	0.879377	2
269	537	152	535	156	123	124	0.125	0	0.59144	2
270	387	140	386	138	124	125	0.0347222	0	0.544747	2
271	642	109	641	107	124	126	0.0347222	0	0.424125	2
272	394	173	389	168	124	128	0.208333	0	0.673152	2
273	370	144	370	143	124	126	0.00694444	0	0.560311	1
274	273	187	275	186	124	125	0.0208333	0	0.727626	1
275	532	238	530	237	124	126	0.0208333	0	0.92607	2
276	411	186	408	184	124	125	0.0486111	0	0.723735	2
277	545	133	541	132	124	125	0.0347222	0	0.51751	2
278	448	228	445	229	124	125	0.0277778	0	0.88716	2
279	477	117	475	118	124	126	0.0208333	0	0.455253	2
280	183	135	182	136	124	125	0.0138889	0	0.525292	2
281	369	134	368	133	124	126	0.0138889	0	0.521401	2
282	385	191	383	190	124	125	0.0208333	0	0.743191	2
283	417	157	415	156	124	126	0.0208333	0	0.610895	2
284	357	199	356	197	124	126	0.0347222	0	0.774319	2
285	427	181	425	180	124	125	0.0208333	0	0.70428	2
286	514	68	515	67	125	126	0.0138889	0	0.264591	1
287	381	151	380	150	125	126	0.0138889	0	0.587549	2
288	519	39	516	39	125	127	0.0208333	0	0.151751	2
289	242	188	245	190	125	126	0.0486111	0	0.731518	1
290	264	197	267	197	125	126	0.0208333	0	0.766537	1
291	423	170	421	169	125	126	0.0208333	0	0.661479	2
292	555	47	554	46	125	132	0.0138889	0	0.182879	2
293	251	209	251	209	125	126	0	0	0.81323	1
294	509	93	510	92	125	126	0.0138889	0	0.361868	1
295	487	144	485	143	125	126	0.0208333	0	0.560311	2
296	459	175	463	173	125	126	0.0555556	0	0.680934	1
297	270	86	272	85	125	126	0.0208333	0	0.33463	1
298	394	218	391	217	125	126	0.0277778	0	0.848249	2
299	757	38	756	38	125	138	0.00694444	0	0.14786	2
300	367	200	365	201	125	126	0.0208333	0	0.77821	2
301	184	137	183	139	126	127	0.0347222	0	0.533074	2
302	445	230	446	230	126	127	0.00694444	0	0.894942	1
303	378	116	376	114	126	134	0.0416667	0	0.451362	2
304	180	198	183	199	126	127	0.0277778	0	0.770428	1
305	510	106	511	108	126	128	0.0347222	0	0.412451	1
306	406	183	400	183	126	129	0.0416667	0	0.712062	2
307	543	138	535	140	126	128	0.0833333	0	0.536965	2
308	422	182	420	183	126	127	0.0208333	0	0.708171	2
309	261	224	263	226	126	127	0.0416667	0	0.871595	1
310	169	197	168	197	126	127	0.00694444	0	0.766537	2
311	381	189	376	189	126	128	0.0347222	0	0.735409	2
312	368	123	366	123	126	127	0.0138889	0	0.478599	2
313	251	179	254	183	126	127	0.131944	0	0.696498	1
314	210	100	219	99	126	128	0.0694444	0	0.389105	1
315	273	65	277	65	126	127	0.0277778	0	0.252918	1
316	341	151	339	151	126	130	0.0138889	0	0.587549	2
317	192	156	193	157	126	127	0.0138889	0	0.607004	1
318	256	191	258	192	126	127	0.0208333	0	0.743191	1
319	263	214	264	216	126	127	0.0347222	0	0.832685	1
320	511	191	501	193	126	127	0.0972222	0	0.743191	2
321	810	250	811	250	126	127	0.00694444	0	0.972763	1
322	519	67	521	67	127	128	0.0138889	0	0.2607	1
323	641	109	640	109	127	129	0.00694444	0	0.424125	2
324	380	151	379	151	127	128	0.00694444	0	0.587549	2
325	419	173	417	174	127	128	0.0208333	0	0.673152	2
326	822	247	822	247	127	128	0	0	0.961089	1
327	369	137	369	137	127	128	0	0	0.533074	1
328	214	88	213	88	127	128	0.00694444	0	0.342412	2
329	354	113	351	113	127	130	0.0208333	0	0.439689	2
330	739	41	738	41	127	128	0.00694444	0	0.159533	2
331	376	125	375	124	127	128	0.0138889	0	0.486381	2
332	422	197	419	197	127	128	0.0208333	0	0.766537	2
333	238	74	250	72	127	130	0.111111	0	0.287938	1
334	526	114	525	114	127	131	0.00694444	0	0.44358	2
335	512	94	513	93	127	128	0.0138889	0	0.365759	1
336	524	87	526	87	127	128	0.0138889	0	0.338521	1
337	369	105	359	104	127	145	0.0763889	0	0.40856	2
338	413	148	411	148	127	130	0.0138889	0	0.575875	2
339	527	143	515	145	127	130	0.111111	0	0.55642	2
340	624	26	622	26	127	129	0.0138889	0	0.101167	2
341	540	80	539	80	127	129	0.00694444	0	0.311284	2
342	168	151	161	159	128	136	0.493056	0	0.587549	2
343	472	92	473	91	128	133	0.0138889	0	0.357977	1
344	188	201	188	201	128	130	0	0	0.782101	1
345	386	225	378	225	128	129	0.0555556	0	0.875486	2
346	418	185	416	184	128	129	0.0208333	0	0.719844	2
347	364	126	362	125	128	130	0.0208333	0	0.490272	2
348	447	230	447	229	128	129	0.00694444	0	0.894942	1
349	195	161	196	163	128	129	0.0347222	0	0.626459	1
350	516	39	513	39	128	131	0.0208333	0	0.151751	2
351	233	85	237	84	128	129	0.0347222	0	0.330739	1
352	809	257	811	258	128	129	0.0208333	0	1	1
353	263	230	265	230	128	132	0.0138889	0	0.894942	1
354	274	198	276	199	128	129	0.0208333	0	0.770428	1
355	285	204	291	199	128	130	0.215278	0	0.793774	1
356	295	75	296	75	128	129	0.00694444	0	0.291829	1
357	514	226	485	229	128	132	0.263889	0	0.879377	2
358	355	196	354	195	128	130	0.0138889	0	0.762646	2
359	470	126	468	126	128	129	0.0138889	0	0.490272	2
360	64	28	62	27	128	134	0.0208333	0	0.108949	2
361	524	133	490	136	128	136	0.298611	0	0.51751	2
362	173	195	172	194	128	131	0.0138889	0	0.758755	2
363	522	67	523	66	129	130	0.0138889	0	0.2607	1
364	378	150	376	149	129	130	0.0208333	0	0.583658	2
365	388	166	381	164	129	132	0.0763889	0	0.645914	2
366	739	40	740	37	129	132	0.0694444	0	0.155642	1
367	482	180	473	179	129	130	0.0694444	0	0.700389	2
368	213	89	210	88	129	145	0.0277778	0	0.346304	2
369	531	142	527	142	129	130	0.0277778	0	0.552529	2
370	180	142	179	144	129	131	0.0347222	0	0.552529	2
371	268	220	267	221	129	130	0.0138889	0	0.856031	2
372	370	139	369	139	129	130	0.00694444	0	0.540856	2
373	375	124	375	122	129	134	0.0277778	0	0.48249	1
374	275	69	281	69	129	131	0.0416667	0	0.268482	1
375	478	219	469	219	129	130	0.0625	0	0.85214	2
376	650	104	650	104	129	131	0	0	0.404669	1
377	418	185	416	184	130	131	0.0208333	0	0.719844	2
378	639	110	638	109	130	131	0.0138889	0	0.428016	2
379	630	46	631	45	130	134	0.0138889	0	0.178988	1
380	240	84	244	83	130	131	0.0347222	0	0.326848	1
381	222	89	222	88	130	138	0.00694444	0	0.346304	1
382	400	181	396	178	130	133	0.0902778	0	0.70428	2
383	480	189	472	188	130	131	0.0625	0	0.735409	2
384	813	257	814	256	130	135	0.0138889	0	1	1
385	527	240	521	235	130	131	0.215278	0	0.933852	2
386	369	181	367	179	130	132	0.0416667	0	0.70428	2
387	330	127	328	127	130	131	0.0138889	0	0.494163	2
388	343	123	344	122	130	133	0.0138889	0	0.478599	1
389	528	152	525	151	130	131	0.0277778	0	0.59144	2
390	516	236	509	235	130	131	0.0555556	0	0.918288	2
391	396	202	392	203	130	131	0.0347222	0	0.785992	2
392	619	24	618	24	130	131	0.00694444	0	0.0933852	2
393	292	65	295	65	130	131	0.0208333	0	0.252918	1
394	410	158	410	157	130	131	0.00694444	0	0.614786	1
395	527	66	530	64	131	132	0.0486111	0	0.256809	1
396	376	149	376	147	131	132	0.0277778	0	0.579767	1
397	189	202	191	202	131	136	0.0138889	0	0.785992	1
398	355	128	354	127	131	134	0.0138889	0	0.498054	2
399	542	80	545	78	131	132	0.0486111	0	0.311284	1
400	286	50	286	49	131	132	0.00694444	0	0.194553	1
401	480	124	482	123	131	132	0.0208333	0	0.48249	1
402	255	72	260	71	131	132	0.0416667	0	0.280156	1
403	523	141	510	141	131	134	0.0902778	0	0.548638	2
404	362	138	362	138	131	134	0	0	0.536965	1
405	297	196	302	194	131	132	0.0625	0	0.762646	1
406	413	147	413	159	131	142	1	0	0.571984	1
407	432	216	432	214	131	132	0.0277778	0	0.840467	1
408	404	211	401	212	131	133	0.0277778	0	0.821012	2
409	515	173	520	174	132	133	0.0416667	0	0.673152	1
410	301	178	306	178	132	133	0.0347222	0	0.692607	1
411	350	112	350	113	132	135	0.00694444	0	0.435798	1
412	511	71	508	71	132	133	0.0208333	0	0.276265	2
413	180	145	179	146	132	133	0.0138889	0	0.564202	2
414	583	29	579	29	132	141	0.0277778	0	0.11284	2
415	455	223	448	224	132	133	0.0555556	0	0.867704	2
416	286	72	289	71	132	133	0.0277778	0	0.280156	1
417	367	225	365	225	132	133	0.0138889	0	0.875486	2
418	559	75	560	75	132	135	0.00694444	0	0.291829	1
419	388	179	383	179	132	134	0.0347222	0	0.696498	2
420	819	203	826	204	132	136	0.0555556	0	0.789883	1
421	171	196	171	196	132	133	0	0	0.762646	1
422	516	108	516	108	132	133	0	0	0.420233	1
423	402	198	401	197	132	133	0.0138889	0	0.770428	2
424	393	151	390	151	132	133	0.0208333	0	0.587549	2
425	332	110	330	110	132	138	0.0138889	0	0.428016	2
426	521	88	527	90	132	134	0.0694444	0	0.342412	1
427	365	126	365	126	132	134	0	0	0.490272	1
428	259	86	267	86	132	134	0.0555556	0	0.33463	1
429	455	177	439	178	132	134	0.118056	0	0.688716	2
430	650	81	654	81	132	135	0.0277778	0	0.315175	1
431	238	99	241	99	132	133	0.0208333	0	0.385214	1
432	297	64	299	64	132	133	0.0138889	0	0.249027	1
433	533	64	535	63	133	134	0.0208333	0	0.249027	1
434	379	164	375	164	133	134	0.0277778	0	0.638132	2
435	366	212	361	213	133	134	0.0416667	0	0.824903	2
436	638	82	644	81	133	138	0.0486111	0	0.319066	1
437	286	49	284	49	133	145	0.0138889	0	0.190661	2
438	290	125	291	125	133	134	0.00694444	0	0.486381	1
439	393	133	392	132	133	134	0.0138889	0	0.51751	2
440	292	186	303	186	133	135	0.0763889	0	0.723735	1
441	306	198	309	202	133	134	0.131944	0	0.770428	1
442	647	109	646	109	133	134	0.00694444	0	0.424125	2
443	328	123	326	123	133	137	0.0138889	0	0.478599	2
444	518	226	522	231	133	134	0.201389	0	0.879377	1
445	235	87	232	87	133	145	0.0208333	0	0.338521	2
446	742	38	742	38	133	134	0	0	0.14786	1
447	504	147	495	147	133	135	0.0625	0	0.571984	2
448	300	221	308	229	133	136	0.5	0	0.859922	1
449	352	230	347	233	133	134	0.0972222	0	0.894942	2
450	509	24	508	24	133	134	0.00694444	0	0.0933852	2
451	270	221	275	220	133	134	0.0416667	0	0.859922	1
452	527	114	528	114	133	134	0.00694444	0	0.44358	1
453	403	147	403	147	133	134	0	0	0.571984	1
454	273	49	270	49	133	145	0.0208333	0	0.190661	2
455	471	29	468	29	133	145	0.0208333	0	0.11284	2
456	525	49	524	49	133	134	0.00694444	0	0.190661	2
457	518	72	517	72	133	134	0.00694444	0	0.280156	2
458	394	178	393	176	134	135	0.0347222	0	0.692607	2
459	51	39	49	39	134	145	0.0138889	0	0.151751	2
460	504	71	502	70	134	135	0.0208333	0	0.276265	2
461	204	161	207	161	134	135	0.0208333	0	0.626459	1
462	191	156	195	159	134	136	0.0902778	0	0.607004	1
463	495	25	495	24	134	135	0.00694444	0	0.0972763	1
464	247	82	245	81	134	145	0.0208333	0	0.319066	2
465	390	142	389	142	134	135	0.00694444	0	0.552529	2
466	288	81	292	81	134	135	0.0277778	0	0.315175	1
467	528	170	533	170	135	136	0.0347222	0	0.661479	1
468	354	127	349	126	135	140	0.0416667	0	0.494163	2
469	539	63	541	63	135	136	0.0138889	0	0.245136	1
470	375	114	368	115	135	142	0.0555556	0	0.44358	2
471	340	121	339	119	135	139	0.0347222	0	0.470817	2
472	474	88	477	86	135	138	0.0486111	0	0.342412	1
473	364	127	364	126	135	136	0.00694444	0	0.494163	1
474	647	109	646	108	135	136	0.0138889	0	0.424125	2
475	367	166	364	167	135	136	0.0277778	0	0.645914	2
476	432	179	424	178	135	136	0.0625	0	0.696498	2
477	391	132	389	132	135	137	0.0138889	0	0.513619	2
478	649	71	657	71	135	142	0.0555556	0	0.276265	1
479	404	148	404	148	135	136	0	0	0.575875	1
480	632	45	631	45	135	145	0.00694444	0	0.175097	2
481	169	195	166	193	135	138	0.0486111	0	0.758755	2
482	202	147	207	149	135	137	0.0625	0	0.571984	1
483	531	93	542	93	135	140	0.0763889	0	0.361868	1
484	506	144	494	145	135	137	0.0902778	0	0.560311	2
485	532	180	545	180	135	137	0.0902778	0	0.700389	1
486	371	137	370	136	135	136	0.0138889	0	0.533074	2
487	302	85	306	82	135	136	0.0902778	0	0.330739	1
488	358	213	354	215	135	136	0.0555556	0	0.828794	2
489	424	191	417	188	135	136	0.111111	0	0.743191	2
490	407	195	405	194	135	136	0.0208333	0	0.758755	2
491	174	151	170	151	135	136	0.0277778	0	0.587549	2
492	366	230	364	231	135	138	0.0208333	0	0.894942	2
493	265	84	286	84	135	139	0.145833	0	0.326848	1
494	634	71	645	71	135	144	0.0763889	0	0.276265	1
495	517	73	513	73	135	142	0.0277778	0	0.284047	2
496	528	67	530	66	135	136	0.0208333	0	0.2607	1
497	524	230	526	229	135	139	0.0208333	0	0.894942	1
498	516	43	515	43	135	140	0.00694444	0	0.167315	2
499	219	151	221	152	135	136	0.0208333	0	0.587549	1
500	179	182	178	182	135	136	0.00694444	0	0.708171	2
501	317	180	335	184	135	139	0.236111	0	0.700389	1
502	398	166	395	165	135	137	0.0277778	0	0.645914	2
503	308	187	313	188	136	138	0.0416667	0	0.727626	1
504	391	176	389	175	136	137	0.0208333	0	0.684825	2
505	502	71	497	73	136	141	0.0625	0	0.276265	2
506	438	233	433	235	136	137	0.0625	0	0.906615	2
507	350	225	346	227	136	137	0.0555556	0	0.875486	2
508	322	212	326	212	136	137	0.0277778	0	0.824903	1
509	296	82	313	82	136	140	0.118056	0	0.319066	1
510	533	76	533	76	136	137	0	0	0.29572	1
511	353	115	352	114	136	138	0.0138889	0	0.447471	2
512	349	177	348	177	136	138	0.00694444	0	0.688716	2
513	322	73	325	72	136	137	0.0277778	0	0.284047	1
514	431	192	414	191	136	138	0.125	0	0.747082	2
515	560	75	561	75	136	138	0.00694444	0	0.291829	1
516	281	71	291	70	136	138	0.0763889	0	0.276265	1
517	471	96	473	96	136	141	0.0138889	0	0.373541	1
518	359	190	355	192	136	137	0.0555556	0	0.7393	2
519	544	65	551	65	137	140	0.0486111	0	0.252918	1
520	542	170	550	169	137	138	0.0625	0	0.661479	1
521	190	203	180	203	137	140	0.0694444	0	0.789883	2
522	368	170	363	172	137	139	0.0625	0	0.661479	2
523	647	110	646	110	137	138	0.00694444	0	0.428016	2
524	167	154	161	154	137	138	0.0416667	0	0.599222	2
525	330	133	325	132	137	140	0.0416667	0	0.51751	2
526	499	24	497	24	137	141	0.0138889	0	0.0933852	2
527	312	79	315	78	137	138	0.0277778	0	0.307393	1
528	198	160	199	162	137	138	0.0347222	0	0.622568	1
529	454	241	448	240	137	138	0.0486111	0	0.937743	2
530	324	50	332	50	137	139	0.0555556	0	0.194553	1
531	326	122	323	122	138	139	0.0208333	0	0.474708	2
532	215	147	216	148	138	139	0.0138889	0	0.571984	1
533	426	236	416	235	138	139	0.0763889	0	0.918288	2
534	474	132	473	131	138	139	0.0138889	0	0.513619	2
535	393	160	391	160	138	139	0.0138889	0	0.622568	2
536	489	148	482	149	138	139	0.0555556	0	0.575875	2
537	294	208	307	208	138	141	0.0902778	0	0.809339	1
538	744	30	743	30	138	141	0.00694444	0	0.116732	2
539	554	179	562	176	138	139	0.118056	0	0.696498	1
540	171	138	168	138	138	139	0.0208333	0	0.536965	2
541	534	76	532	76	138	141	0.0138889	0	0.29572	2
542	401	188	391	188	138	139	0.0694444	0	0.731518	2
543	64	35	63	35	138	144	0.00694444	0	0.136187	2
544	300	24	298	24	138	145	0.0138889	0	0.0933852	2
545	349	149	346	145	138	145	0.131944	0	0.579767	2
546	35	51	33	51	138	145	0.0138889	0	0.198444	2
547	366	128	364	128	139	140	0.0138889	0	0.498054	2
548	368	138	368	137	139	140	0.00694444	0	0.536965	1
549	317	189	320	188	139	140	0.0277778	0	0.735409	1
550	222	89	220	88	139	145	0.0208333	0	0.346304	2
551	404	162	402	165	139	140	0.0763889	0	0.63035	2
552	408	225	397	229	139	140	0.1875	0	0.875486	2
553	352	115	350	114	139	140	0.0208333	0	0.447471	2
554	644	110	643	110	139	141	0.00694444	0	0.428016	2
555	348	179	346	179	139	140	0.0138889	0	0.696498	2
556	298	72	303	71	139	140	0.0416667	0	0.280156	1
557	416	164	415	165	139	140	0.0138889	0	0.638132	2
558	646	81	654	83	139	145	0.0833333	0	0.315175	1
559	563	75	571	74	139	142	0.0625	0	0.291829	1
560	519	204	505	204	139	142	0.0972222	0	0.793774	2
561	289	128	291	129	139	140	0.0208333	0	0.498054	1
562	305	181	302	180	139	141	0.0277778	0	0.70428	2
563	376	165	371	165	139	141	0.0347222	0	0.642023	2
564	154	154	145	154	139	141	0.0625	0	0.599222	2
565	477	85	480	87	139	143	0.0486111	0	0.330739	1
566	39	24	38	24	139	141	0.00694444	0	0.0933852	2
567	525	46	524	46	139	141	0.00694444	0	0.178988	2
568	438	238	425	236	139	140	0.118056	0	0.92607	2
569	477	148	471	149	140	141	0.0486111	0	0.575875	2
570	339	119	331	118	140	145	0.0625	0	0.463035	2
571	362	173	359	172	140	141	0.0277778	0	0.673152	2
572	384	136	383	135	140	141	0.0138889	0	0.529183	2
573	570	170	577	167	140	141	0.111111	0	0.661479	1
574	218	150	222	153	140	142	0.0902778	0	0.583658	1
575	527	227	537	217	140	142	0.763889	0	0.883268	1
576	658	148	657	147	140	145	0.0138889	0	0.575875	2
577	515	24	513	24	140	141	0.0138889	0	0.0933852	2
578	820	150	814	152	140	145	0.0694444	0	0.583658	2
579	392	164	389	164	140	141	0.0208333	0	0.638132	2
580	543	83	545	82	140	141	0.0208333	0	0.322957	1
581	292	85	297	85	140	141	0.0347222	0	0.330739	1
582	333	186	360	192	140	145	0.4375	0	0.723735	1
583	323	122	320	120	140	141	0.0486111	0	0.474708	2
584	388	151	387	152	140	141	0.0138889	0	0.587549	2
585	553	64	558	63	141	143	0.0416667	0	0.249027	1
586	360	133	359	131	141	142	0.0347222	0	0.51751	2
587	333	228	336	231	141	142	0.0833333	0	0.88716	1
588	402	167	402	168	141	142	0.00694444	0	0.649805	1
589	348	114	340	114	141	145	0.0555556	0	0.44358	2
590	309	71	315	70	141	142	0.0486111	0	0.276265	1
591	393	139	396	136	141	145	0.0833333	0	0.540856	1
592	545	94	549	93	141	142	0.0347222	0	0.365759	1
593	370	137	371	135	141	142	0.0347222	0	0.533074	1
594	513	44	512	43	141	143	0.0138889	0	0.171206	2
595	325	131	324	128	141	142	0.0694444	0	0.509728	2
596	358	123	355	122	141	142	0.0277778	0	0.478599	2
597	216	194	218	190	141	142	0.125	0	0.754864	1
598	61	25	61	24	141	145	0.00694444	0	0.0972763	1
599	355	157	355	156	141	142	0.00694444	0	0.610895	1
600	558	173	570	168	141	143	0.256944	0	0.673152	1
601	415	168	414	171	141	143	0.0694444	0	0.653696	2
602	474	163	459	165	141	145	0.131944	0	0.634241	2
603	586	162	605	159	142	145	0.194444	0	0.63035	1
604	646	110	645	110	142	145	0.00694444	0	0.428016	2
605	498	74	496	73	142	145	0.0208333	0	0.287938	2
606	384	133	386	131	142	145	0.0416667	0	0.51751	1
607	380	243	375	241	142	144	0.0625	0	0.945525	2
608	524	45	523	44	142	144	0.0138889	0	0.175097	2
609	751	35	750	34	142	145	0.0138889	0	0.136187	2
610	217	180	216	180	142	143	0.00694444	0	0.700389	2
611	538	80	537	79	142	145	0.0138889	0	0.311284	2
612	330	192	334	195	142	143	0.0902778	0	0.747082	1
613	386	152	386	154	142	143	0.0277778	0	0.59144	1
614	497	24	496	24	142	143	0.00694444	0	0.0933852	2
615	410	149	408	150	142	143	0.0208333	0	0.579767	2
616	394	184	390	185	142	143	0.0347222	0	0.715953	2
617	323	178	325	179	142	144	0.0208333	0	0.692607	1
618	39	24	38	24	142	143	0.00694444	0	0.0933852	2
619	501	39	497	38	142	145	0.0347222	0	0.151751	2
620	374	176	370	177	143	144	0.0347222	0	0.684825	2
621	403	171	405	171	143	145	0.0138889	0	0.66537	1
622	367	117	366	116	143	144	0.0138889	0	0.455253	2
623	515	73	513	72	143	145	0.0208333	0	0.284047	2
624	573	75	579	74	143	145	0.0486111	0	0.291829	1
625	658	72	660	71	143	145	0.0208333	0	0.280156	1
626	463	155	455	156	143	145	0.0625	0	0.603113	2
627	370	134	370	133	143	144	0.00694444	0	0.521401	1
628	311	85	324	82	143	145	0.152778	0	0.330739	1
629	469	180	460	178	143	145	0.0902778	0	0.700389	2
630	320	71	325	68	143	144	0.0972222	0	0.276265	1
631	827	162	824	160	143	145	0.0486111	0	0.63035	2
632	546	211	575	202	143	145	0.763889	0	0.821012	1
633	415	214	414	211	143	145	0.0694444	0	0.832685	2
634	521	27	520	26	143	145	0.0138889	0	0.105058	2
635	301	96	307	94	143	144	0.0694444	0	0.373541	1
636	480	97	483	99	143	145	0.0486111	0	0.377432	1
637	225	155	229	159	143	145	0.138889	0	0.603113	1
638	402	239	403	240	143	145	0.0138889	0	0.929961	1
639	552	95	556	94	143	145	0.0347222	0	0.36965	1
640	561	64	564	64	144	145	0.0208333	0	0.249027	1
641	339	240	339	241	144	145	0.00694444	0	0.933852	1
642	365	165	362	165	144	145	0.0208333	0	0.642023	2
643	511	42	510	42	144	145	0.00694444	0	0.163424	2
644	387	187	383	188	144	145	0.0347222	0	0.727626	2
645	582	227	582	227	144	145	0	0	0.883268	1
646	407	153	406	153	144	145	0.00694444	0	0.595331	2
647	244	209	244	209	144	145	0	0	0.81323	1
648	332	80	336	80	144	145	0.0277778	0	0.311284	1
649	586	167	592	167	144	145	0.0416667	0	0.649805	1
650	356	119	355	119	144	145	0.00694444	0	0.463035	2
651	447	157	443	158	144	145	0.0347222	0	0.610895	2
652	470	98	471	99	144	145	0.0138889	0	0.381323	1
653	313	122	311	122	144	145	0.0138889	0	0.474708	2
654	333	133	332	134	144	145	0.0138889	0	0.51751	2