
0	539	158	539	158	112	114	0	0	0.391089	1
1	496	147	497	142	112	114	0.0785498	0	0.363861	1
2	178	387	164	393	112	118	0.151057	0	0.957921	2
3	291	141	295	141	112	117	0.0120846	0	0.34901	1
4	499	179	500	178	112	114	0.0060423	0	0.443069	1
5	424	202	417	199	112	114	0.0483384	0	0.5	2
6	276	179	275	179	112	113	0.00302115	0	0.443069	2
7	518	113	519	112	112	114	0.0060423	0	0.279703	1
8	745	111	743	111	113	115	0.0060423	0	0.274752	2
9	540	120	539	117	113	114	0.0302115	0	0.29703	2
10	434	142	436	139	113	115	0.0332326	0	0.351485	1
11	607	123	607	119	113	115	0.0483384	0	0.304455	1
12	187	345	162	338	113	117	0.223565	0	0.85396	2
13	400	185	399	184	113	114	0.0060423	0	0.457921	2
14	540	102	546	96	113	116	0.126888	0	0.252475	1
15	268	160	272	158	113	116	0.0241692	0	0.39604	1
16	401	108	403	109	113	114	0.00906344	0	0.267327	1
17	533	178	530	179	113	114	0.0120846	0	0.440594	2
18	279	150	279	150	113	114	0	0	0.371287	1
19	403	174	405	172	113	114	0.0181269	0	0.430693	1
20	733	168	717	172	113	123	0.0966767	0	0.415842	2
21	759	107	749	113	113	119	0.138973	0	0.264851	2
22	387	145	388	144	113	118	0.0060423	0	0.358911	1
23	637	108	640	107	113	116	0.0120846	0	0.267327	1
24	619	141	620	137	113	116	0.0513595	0	0.34901	1
25	598	153	597	152	113	116	0.0060423	0	0.378713	2
26	565	79	566	79	113	114	0.00302115	0	0.195545	1
27	561	134	552	136	113	124	0.0392749	0	0.331683	2
28	611	96	630	91	113	127	0.132931	0	0.237624	1
29	410	151	413	149	114	115	0.021148	0	0.373762	1
30	188	356	165	348	114	118	0.26284	0	0.881188	2
31	421	147	423	144	114	115	0.0332326	0	0.363861	1
32	721	30	727	29	114	133	0.021148	0	0.0742574	1
33	161	347	150	343	114	116	0.081571	0	0.858911	2
34	130	217	130	216	114	115	0.00302115	0	0.537129	1
35	490	28	486	28	114	116	0.0120846	0	0.0693069	2
36	574	104	573	103	114	115	0.0060423	0	0.257426	2
37	498	163	499	160	114	115	0.0302115	0	0.403465	1
38	481	82	472	83	114	125	0.0302115	0	0.20297	2
39	551	95	553	93	114	115	0.0181269	0	0.235149	1
40	747	143	746	143	114	115	0.00302115	0	0.35396	2
41	739	49	740	49	114	129	0.00302115	0	0.121287	1
42	428	130	430	127	114	116	0.0332326	0	0.321782	1
43	445	251	439	245	115	118	0.126888	0	0.621287	2
44	720	151	712	155	115	127	0.0725076	0	0.373762	2
45	530	125	530	123	115	116	0.0120846	0	0.309406	1
46	401	103	407	101	115	117	0.0302115	0	0.25495	1
47	450	261	449	260	115	116	0.0060423	0	0.64604	2
48	564	83	571	82	115	117	0.0241692	0	0.205446	1
49	503	178	506	175	115	117	0.0362538	0	0.440594	1
50	498	140	501	131	115	120	0.253776	0	0.346535	1
51	503	31	503	30	115	116	0.00302115	0	0.0767327	1
52	746	70	746	69	115	119	0.00302115	0	0.173267	1
53	579	122	582	119	115	123	0.0362538	0	0.30198	1
54	417	100	420	99	116	117	0.0120846	0	0.247525	1
55	415	236	405	230	116	118	0.138973	0	0.584158	2
56	736	105	735	106	116	117	0.0060423	0	0.259901	2
57	430	230	410	227	116	120	0.0876133	0	0.569307	2
58	608	116	609	115	116	118	0.0060423	0	0.287129	1
59	440	133	444	130	116	118	0.0392749	0	0.329208	1
60	131	217	131	217	116	117	0	0	0.537129	1
61	398	186	398	185	116	117	0.00302115	0	0.460396	1
62	416	155	420	152	116	117	0.0392749	0	0.383663	1
63	276	148	277	148	116	117	0.00302115	0	0.366337	1
64	466	159	467	157	116	117	0.0151057	0	0.393564	1
65	405	117	407	117	116	117	0.0060423	0	0.289604	1
66	754	146	754	146	117	118	0	0	0.361386	1
67	731	65	729	67	117	118	0.0181269	0	0.160891	2
68	743	116	741	117	117	118	0.00906344	0	0.287129	2
69	151	188	132	178	117	150	0.359517	0	0.465347	2
70	118	209	105	206	117	150	0.0664653	0	0.517327	2
71	413	195	409	193	117	118	0.0241692	0	0.482673	2
72	547	165	549	165	117	118	0.0060423	0	0.408416	1
73	144	249	140	250	117	119	0.0151057	0	0.616337	2
74	127	198	111	195	117	147	0.0755287	0	0.490099	2
75	418	142	422	140	117	118	0.0241692	0	0.351485	1
76	485	30	479	29	117	119	0.021148	0	0.0742574	2
77	641	106	648	104	117	124	0.0332326	0	0.262376	1
78	543	35	542	34	118	119	0.0060423	0	0.0866337	2
79	139	202	139	202	118	119	0	0	0.5	1
80	419	103	422	101	118	119	0.021148	0	0.25495	1
81	412	146	415	145	118	119	0.0120846	0	0.361386	1
82	504	121	503	120	118	119	0.0060423	0	0.299505	2
83	470	157	473	156	118	119	0.0120846	0	0.388614	1
84	410	116	411	115	118	119	0.0060423	0	0.287129	1
85	517	195	520	193	118	119	0.021148	0	0.482673	1
86	576	82	578	81	118	119	0.00906344	0	0.20297	1
87	527	190	527	188	118	119	0.0120846	0	0.470297	1
88	289	141	289	141	118	119	0	0	0.34901	1
89	496	31	494	31	118	119	0.0060423	0	0.0767327	2
90	152	348	147	346	118	119	0.0271903	0	0.861386	2
91	544	104	547	101	118	119	0.0362538	0	0.257426	1
92	132	217	134	218	118	121	0.00906344	0	0.537129	1
93	275	186	278	183	118	127	0.0362538	0	0.460396	1
94	142	341	137	340	118	119	0.0181269	0	0.844059	2
95	522	116	521	114	118	120	0.0151057	0	0.287129	2
96	422	150	424	148	118	119	0.0181269	0	0.371287	1
97	179	404	92	395	118	127	0.507553	0	1	2
98	597	109	598	110	118	121	0.0060423	0	0.269802	1
99	378	188	383	186	118	119	0.0271903	0	0.465347	1
100	627	131	672	128	118	133	0.163142	0	0.324257	1
101	136	191	129	190	118	128	0.0241692	0	0.472772	2
102	534	104	537	103	118	119	0.0120846	0	0.257426	1
103	424	242	416	241	119	120	0.0271903	0	0.59901	2
104	576	133	577	132	119	121	0.0060423	0	0.329208	1
105	401	229	381	226	119	128	0.0876133	0	0.566832	2
106	477	44	475	42	119	120	0.0181269	0	0.108911	2
107	399	254	399	253	119	124	0.00302115	0	0.628713	1
108	426	138	436	136	119	122	0.0422961	0	0.341584	1
109	406	155	414	155	119	121	0.0241692	0	0.383663	1
110	529	145	528	144	119	120	0.0060423	0	0.358911	2
111	392	146	394	144	119	120	0.0181269	0	0.361386	1
112	612	118	615	117	119	122	0.0120846	0	0.292079	1
113	713	73	708	75	119	120	0.0271903	0	0.180693	2
114	491	156	491	155	119	120	0.00302115	0	0.386139	1
115	701	76	697	76	119	122	0.0120846	0	0.188119	2
116	531	126	529	125	119	120	0.00906344	0	0.311881	2
117	153	336	147	336	119	120	0.0181269	0	0.831683	2
118	556	90	558	89	120	121	0.00906344	0	0.222772	1
119	139	202	134	201	120	127	0.0181269	0	0.5	2
120	426	102	428	101	120	121	0.00906344	0	0.252475	1
121	544	34	544	32	120	125	0.0120846	0	0.0841584	1
122	291	127	303	127	120	125	0.0362538	0	0.314356	1
123	287	140	293	140	120	123	0.0181269	0	0.346535	1
124	756	70	761	71	120	144	0.0181269	0	0.173267	1
125	440	141	443	140	120	121	0.0120846	0	0.34901	1
126	422	147	425	146	120	121	0.0120846	0	0.363861	1
127	504	165	502	163	120	121	0.0181269	0	0.408416	2
128	746	70	751	74	120	150	0.0634441	0	0.173267	1
129	406	193	401	194	120	121	0.0181269	0	0.477723	2
130	553	165	549	164	120	122	0.0151057	0	0.408416	2
131	746	116	739	114	120	122	0.0332326	0	0.287129	2
132	553	45	553	42	120	126	0.0271903	0	0.111386	1
133	485	27	482	25	120	121	0.021148	0	0.0668317	2
134	695	54	688	52	120	122	0.0332326	0	0.133663	2
135	224	42	223	41	120	139	0.0060423	0	0.10396	2
136	723	69	723	68	120	121	0.00302115	0	0.170792	1
137	590	82	596	81	120	122	0.021148	0	0.20297	1
138	496	37	501	41	120	150	0.0634441	0	0.0915842	1
139	232	25	228	24	120	130	0.0151057	0	0.0618812	2
140	755	58	759	56	120	132	0.0241692	0	0.143564	1
141	131	249	131	248	121	122	0.00302115	0	0.616337	1
142	144	367	124	362	121	123	0.135952	0	0.908416	2
143	424	156	425	153	121	122	0.0302115	0	0.386139	1
144	537	167	534	168	121	122	0.0120846	0	0.413366	2
145	473	41	470	39	121	122	0.021148	0	0.101485	2
146	530	192	532	192	121	127	0.0060423	0	0.475248	1
147	290	153	291	153	121	122	0.00302115	0	0.378713	1
148	421	199	409	196	121	124	0.0634441	0	0.492574	2
149	132	345	123	341	121	122	0.0755287	0	0.85396	2
150	174	393	172	391	121	122	0.0181269	0	0.972772	2
151	492	141	489	139	121	122	0.021148	0	0.34901	2
152	525	127	522	127	121	122	0.00906344	0	0.314356	2
153	538	118	537	117	121	122	0.0060423	0	0.292079	2
154	573	153	572	152	121	124	0.0060423	0	0.378713	2
155	375	47	379	51	121	150	0.060423	0	0.116337	1
156	739	105	729	104	121	124	0.0332326	0	0.259901	2
157	575	101	577	100	121	122	0.00906344	0	0.25	1
158	509	108	524	96	121	128	0.480363	0	0.267327	1
159	430	101	432	103	122	124	0.0181269	0	0.25	1
160	567	88	569	86	122	123	0.0181269	0	0.217822	1
161	421	115	420	114	122	123	0.0060423	0	0.284653	2
162	427	218	411	207	122	127	0.413897	0	0.539604	2
163	576	133	576	133	122	123	0	0	0.329208	1
164	595	110	603	108	122	126	0.0362538	0	0.272277	1
165	723	68	728	72	122	149	0.0634441	0	0.168317	1
166	480	28	477	26	122	123	0.021148	0	0.0693069	2
167	135	219	134	219	122	125	0.00302115	0	0.542079	2
168	712	64	685	62	122	128	0.0936556	0	0.158416	2
169	301	146	304	144	122	123	0.021148	0	0.361386	1
170	510	120	511	117	122	123	0.0302115	0	0.29703	1
171	535	127	535	127	122	123	0	0	0.314356	1
172	518	41	522	45	122	150	0.060423	0	0.101485	1
173	517	181	517	182	122	124	0.00302115	0	0.44802	1
174	132	249	130	249	123	128	0.0060423	0	0.616337	2
175	573	107	576	107	123	124	0.00906344	0	0.264851	1
176	486	139	483	138	123	124	0.0120846	0	0.344059	2
177	614	117	615	117	123	124	0.00302115	0	0.289604	1
178	496	171	489	169	123	127	0.0332326	0	0.423267	2
179	476	37	472	35	123	124	0.0241692	0	0.0915842	2
180	609	128	610	128	123	124	0.00302115	0	0.316832	1
181	431	147	435	146	123	124	0.0151057	0	0.363861	1
182	583	82	585	82	123	124	0.0060423	0	0.20297	1
183	450	140	457	138	123	125	0.0332326	0	0.346535	1
184	108	335	100	335	123	124	0.0241692	0	0.829208	2
185	167	389	141	390	123	125	0.081571	0	0.962871	2
186	389	189	383	186	123	125	0.0453172	0	0.467822	2
187	122	240	119	239	123	131	0.0120846	0	0.594059	2
188	292	154	299	154	123	127	0.021148	0	0.381188	1
189	406	136	410	137	123	124	0.0151057	0	0.336634	1
190	693	62	665	58	123	129	0.132931	0	0.153465	2
191	701	78	699	77	123	125	0.00906344	0	0.193069	2
192	466	38	454	34	123	127	0.0845921	0	0.0940594	2
193	430	111	431	112	123	124	0.0060423	0	0.274752	1
194	525	125	524	126	123	124	0.0060423	0	0.309406	2
195	682	51	677	49	123	124	0.0271903	0	0.126238	2
196	506	179	505	179	123	124	0.00302115	0	0.443069	2
197	573	87	590	85	124	128	0.0634441	0	0.215347	1
198	720	123	715	121	124	126	0.0271903	0	0.304455	2
199	577	134	578	134	124	125	0.00302115	0	0.331683	1
200	293	137	303	137	124	128	0.0302115	0	0.339109	1
201	543	167	540	167	124	125	0.00906344	0	0.413366	2
202	400	184	384	172	124	131	0.483384	0	0.455446	2
203	443	136	447	135	124	125	0.0151057	0	0.336634	1
204	743	127	741	124	124	125	0.0332326	0	0.314356	2
205	513	118	514	116	124	125	0.0151057	0	0.292079	1
206	527	168	526	168	124	125	0.00302115	0	0.415842	2
207	309	144	314	145	124	126	0.0181269	0	0.356436	1
208	419	147	419	146	124	125	0.00302115	0	0.363861	1
209	410	184	406	182	124	125	0.0241692	0	0.455446	2
210	434	104	435	103	125	126	0.0060423	0	0.257426	1
211	528	137	527	137	125	126	0.00302115	0	0.339109	2
212	524	127	523	128	125	126	0.0060423	0	0.314356	2
213	617	117	620	116	125	126	0.0120846	0	0.289604	1
214	612	131	616	129	125	127	0.0241692	0	0.324257	1
215	437	141	442	140	125	126	0.0181269	0	0.34901	1
216	401	192	395	187	125	127	0.0936556	0	0.475248	2
217	549	122	562	121	125	127	0.0422961	0	0.30198	1
218	300	184	306	186	125	131	0.0302115	0	0.455446	1
219	586	81	589	80	125	126	0.0120846	0	0.200495	1
220	518	190	516	191	125	126	0.00906344	0	0.470297	2
221	470	30	464	27	125	127	0.0453172	0	0.0742574	2
222	533	109	534	107	125	126	0.0151057	0	0.269802	1
223	118	382	106	389	125	126	0.18429	0	0.945545	2
224	713	85	710	83	125	126	0.021148	0	0.210396	2
225	485	77	471	79	125	127	0.0543807	0	0.190594	2
226	710	179	710	177	125	129	0.0120846	0	0.443069	1
227	491	126	490	125	125	126	0.0060423	0	0.311881	2
228	581	135	583	134	126	127	0.00906344	0	0.334158	1
229	544	32	544	32	126	129	0	0	0.0792079	1
230	462	136	466	135	126	127	0.0151057	0	0.336634	1
231	534	118	533	116	126	127	0.0151057	0	0.292079	2
232	452	133	456	132	126	127	0.0151057	0	0.329208	1
233	308	125	325	127	126	132	0.0634441	0	0.309406	1
234	584	105	586	104	126	127	0.00906344	0	0.259901	1
235	78	340	69	339	126	127	0.0302115	0	0.841584	2
236	403	179	401	177	126	127	0.0181269	0	0.443069	2
237	578	121	581	121	126	127	0.00906344	0	0.299505	1
238	135	220	133	218	126	127	0.0181269	0	0.544554	2
239	85	330	68	328	126	128	0.0634441	0	0.816832	2
240	501	127	500	125	126	127	0.0151057	0	0.314356	2
241	600	75	605	75	126	127	0.0151057	0	0.185644	1
242	129	237	128	237	126	127	0.00302115	0	0.586634	2
243	230	42	233	45	126	150	0.0362538	0	0.10396	1
244	571	151	572	149	126	127	0.0151057	0	0.373762	1
245	455	94	460	93	126	128	0.0181269	0	0.232673	1
246	637	42	637	42	126	130	0	0	0.10396	1
247	518	179	519	176	126	127	0.0302115	0	0.443069	1
248	714	120	712	120	127	130	0.0060423	0	0.29703	2
249	438	102	442	103	127	129	0.0151057	0	0.252475	1
250	524	130	523	131	127	128	0.0060423	0	0.321782	2
251	625	116	629	113	127	129	0.0392749	0	0.287129	1
252	489	126	488	126	127	128	0.00302115	0	0.311881	2
253	607	108	626	102	127	133	0.166163	0	0.267327	1
254	543	108	560	107	127	132	0.0543807	0	0.267327	1
255	518	107	520	106	127	128	0.00906344	0	0.264851	1
256	516	192	516	191	127	129	0.00302115	0	0.475248	1
257	449	142	454	142	127	128	0.0151057	0	0.351485	1
258	553	42	552	42	127	130	0.00302115	0	0.10396	2
259	701	79	693	78	127	128	0.0271903	0	0.195545	2
260	425	144	426	143	127	128	0.0060423	0	0.356436	1
261	477	36	474	36	127	128	0.00906344	0	0.0891089	2
262	673	80	670	81	127	128	0.0120846	0	0.19802	2
263	130	260	131	255	128	131	0.0785498	0	0.643564	1
264	133	200	133	192	128	133	0.193353	0	0.49505	1
265	582	121	583	121	128	129	0.00302115	0	0.299505	1
266	60	346	24	335	128	131	0.47432	0	0.856436	2
267	532	191	534	189	128	129	0.0181269	0	0.472772	1
268	592	137	601	131	128	130	0.135952	0	0.339109	1
269	520	175	519	174	128	129	0.0060423	0	0.433168	2
270	489	142	488	140	128	129	0.0151057	0	0.351485	2
271	455	129	455	127	128	129	0.0120846	0	0.319307	1
272	462	26	449	30	128	134	0.0876133	0	0.0643564	2
273	715	158	714	157	128	130	0.0060423	0	0.391089	2
274	394	186	388	181	128	132	0.0936556	0	0.460396	2
275	593	103	595	102	128	129	0.00906344	0	0.25495	1
276	703	119	699	118	128	130	0.0151057	0	0.294554	2
277	404	180	390	170	128	134	0.344411	0	0.445545	2
278	506	180	506	180	128	129	0	0	0.445545	1
279	87	347	74	347	128	129	0.0392749	0	0.858911	2
280	510	123	511	124	128	129	0.0060423	0	0.304455	1
281	524	141	524	141	128	129	0	0	0.34901	1
282	541	117	554	116	128	132	0.0422961	0	0.289604	1
283	118	252	121	251	128	132	0.0120846	0	0.623762	1
284	500	139	503	133	128	135	0.117825	0	0.344059	1
285	280	183	296	182	128	131	0.0513595	0	0.45297	1
286	717	130	716	129	128	129	0.0060423	0	0.321782	2
287	130	249	130	245	129	131	0.0483384	0	0.616337	1
288	596	85	602	84	129	130	0.021148	0	0.210396	1
289	445	120	446	118	129	130	0.0151057	0	0.29703	1
290	383	243	383	242	129	130	0.00302115	0	0.601485	1
291	522	131	521	131	129	130	0.00302115	0	0.324257	2
292	530	168	529	169	129	130	0.0060423	0	0.415842	2
293	306	137	311	137	129	131	0.0151057	0	0.339109	1
294	71	363	37	359	129	132	0.151057	0	0.898515	2
295	463	141	470	141	129	130	0.021148	0	0.34901	1
296	524	109	531	106	129	131	0.0483384	0	0.269802	1
297	612	91	618	88	129	130	0.0453172	0	0.225248	1
298	531	96	534	95	129	130	0.0120846	0	0.237624	1
299	88	400	59	395	129	132	0.163142	0	0.990099	2
300	69	330	50	324	129	131	0.166163	0	0.816832	2
301	435	130	435	129	129	130	0.00302115	0	0.321782	1
302	313	189	316	188	129	132	0.0120846	0	0.467822	1
303	56	387	42	380	129	130	0.190332	0	0.957921	2
304	735	69	739	73	129	150	0.060423	0	0.170792	1
305	545	32	548	33	130	133	0.0120846	0	0.0792079	1
306	633	114	636	114	130	131	0.00906344	0	0.282178	1
307	747	33	750	33	130	139	0.00906344	0	0.0816832	1
308	541	186	545	181	130	131	0.0876133	0	0.460396	1
309	518	190	519	186	130	131	0.0513595	0	0.470297	1
310	456	127	457	126	130	131	0.0060423	0	0.314356	1
311	63	346	32	342	130	133	0.141994	0	0.856436	2
312	519	174	520	173	130	131	0.0060423	0	0.430693	1
313	388	223	389	223	130	131	0.00302115	0	0.55198	1
314	671	82	672	81	130	131	0.0060423	0	0.20297	1
315	741	48	744	47	130	135	0.0120846	0	0.118812	1
316	457	153	476	152	130	134	0.060423	0	0.378713	1
317	131	210	131	207	130	131	0.0271903	0	0.519802	1
318	429	147	433	146	130	132	0.0151057	0	0.363861	1
319	428	183	428	182	130	131	0.00302115	0	0.45297	1
320	675	62	660	61	130	134	0.0483384	0	0.153465	2
321	725	156	728	154	130	131	0.021148	0	0.386139	1
322	464	81	458	79	130	131	0.0302115	0	0.200495	2
323	651	46	648	45	130	131	0.0120846	0	0.113861	2
324	128	186	122	187	130	142	0.021148	0	0.460396	2
325	79	351	72	354	130	131	0.0483384	0	0.868812	2
326	288	172	303	175	130	132	0.0725076	0	0.425743	1
327	623	123	627	120	130	131	0.0392749	0	0.304455	1
328	478	175	483	174	130	131	0.0181269	0	0.433168	1
329	716	131	716	130	130	131	0.00302115	0	0.324257	1
330	524	134	524	134	131	132	0	0	0.331683	1
331	385	240	385	239	131	132	0.00302115	0	0.594059	1
332	715	120	716	121	131	132	0.0060423	0	0.29703	1
333	603	83	608	83	131	132	0.0151057	0	0.205446	1
334	484	131	488	130	131	132	0.0151057	0	0.324257	1
335	700	116	697	116	131	132	0.00906344	0	0.287129	2
336	719	179	719	184	131	134	0.0755287	0	0.443069	1
337	477	141	486	141	131	133	0.0271903	0	0.34901	1
338	462	111	463	111	131	132	0.00302115	0	0.274752	1
339	767	46	768	52	131	150	0.111782	0	0.113861	1
340	229	24	226	26	131	144	0.021148	0	0.0594059	2
341	715	154	714	155	131	132	0.0060423	0	0.381188	2
342	531	117	534	117	131	132	0.00906344	0	0.289604	1
343	605	100	609	99	131	132	0.0151057	0	0.247525	1
344	553	43	555	44	131	140	0.00906344	0	0.106436	1
345	513	132	514	133	131	133	0.0060423	0	0.326733	1
346	328	145	344	142	131	136	0.0755287	0	0.358911	1
347	449	41	441	46	131	134	0.0996979	0	0.101485	2
348	131	244	128	242	132	134	0.021148	0	0.60396	2
349	131	255	129	254	132	133	0.00906344	0	0.631188	2
350	389	229	388	227	132	133	0.0151057	0	0.566832	2
351	522	185	524	184	132	133	0.00906344	0	0.457921	1
352	121	240	117	233	132	136	0.160121	0	0.594059	2
353	459	128	458	129	132	134	0.0060423	0	0.316832	2
354	548	179	551	184	132	134	0.0845921	0	0.443069	1
355	36	330	25	330	132	133	0.0332326	0	0.816832	2
356	382	171	377	168	132	134	0.0422961	0	0.423267	2
357	381	210	374	204	132	135	0.129909	0	0.519802	2
358	429	181	428	182	132	141	0.0060423	0	0.44802	2
359	134	205	134	205	132	133	0	0	0.507426	1
360	484	178	487	179	132	133	0.0120846	0	0.440594	1
361	707	134	701	135	132	134	0.021148	0	0.331683	2
362	727	112	734	130	132	150	1	0	0.277228	1
363	458	37	455	39	132	133	0.021148	0	0.0915842	2
364	646	44	641	43	132	133	0.0181269	0	0.108911	2
365	671	83	671	84	132	133	0.00302115	0	0.205446	1
366	549	103	553	105	132	133	0.0241692	0	0.25495	1
367	292	32	292	37	132	150	0.0755287	0	0.0792079	1
368	492	131	493	130	133	134	0.0060423	0	0.324257	1
369	524	135	521	134	133	134	0.0120846	0	0.334158	2
370	326	131	326	130	133	134	0.00302115	0	0.324257	1
371	308	187	308	185	133	134	0.0120846	0	0.462871	1
372	325	145	328	144	133	135	0.0120846	0	0.358911	1
373	636	96	638	96	133	134	0.0060423	0	0.237624	1
374	606	101	608	101	133	134	0.0060423	0	0.25	1
375	489	154	491	154	133	134	0.0060423	0	0.381188	1
376	538	116	538	116	133	134	0	0	0.287129	1
377	516	155	516	154	133	134	0.00302115	0	0.383663	1
378	470	109	475	109	133	134	0.0151057	0	0.269802	1
379	591	125	601	121	133	135	0.0785498	0	0.309406	1
380	372	219	364	218	133	139	0.0271903	0	0.542079	2
381	720	125	728	129	133	144	0.0725076	0	0.309406	1
382	507	181	506	179	133	135	0.0151057	0	0.44802	2
383	384	180	365	171	133	139	0.302115	0	0.445545	2
384	596	98	598	98	133	134	0.0060423	0	0.242574	1
385	119	251	117	249	133	134	0.0181269	0	0.621287	2
386	667	72	664	71	133	134	0.0120846	0	0.178218	2
387	641	28	640	28	133	134	0.00302115	0	0.0693069	2
388	646	82	647	81	133	134	0.0060423	0	0.20297	1
389	133	192	132	190	134	136	0.0151057	0	0.475248	2
390	548	35	548	34	134	137	0.00302115	0	0.0866337	1
391	704	116	698	117	134	135	0.021148	0	0.287129	2
392	616	84	619	82	134	135	0.021148	0	0.207921	1
393	712	160	712	160	134	135	0	0	0.39604	1
394	556	113	560	113	134	135	0.0120846	0	0.279703	1
395	697	155	683	151	134	138	0.0906344	0	0.383663	2
396	639	112	643	110	134	136	0.0241692	0	0.277228	1
397	628	102	671	108	134	150	0.238671	0	0.252475	1
398	671	83	667	79	134	135	0.060423	0	0.205446	2
399	484	98	525	100	134	142	0.135952	0	0.242574	1
400	450	81	431	79	134	142	0.0694864	0	0.200495	2
401	434	148	435	149	134	143	0.0060423	0	0.366337	1
402	719	173	717	175	134	135	0.0181269	0	0.428218	2
403	313	143	326	145	134	139	0.0513595	0	0.35396	1
404	128	240	127	238	135	136	0.0151057	0	0.594059	2
405	535	105	535	103	135	136	0.0120846	0	0.259901	1
406	531	181	532	180	135	136	0.0060423	0	0.44802	1
407	619	128	621	127	135	136	0.00906344	0	0.316832	1
408	519	129	519	127	135	136	0.0120846	0	0.319307	1
409	726	29	725	28	135	137	0.0060423	0	0.0717822	2
410	459	128	459	129	135	137	0.00302115	0	0.316832	1
411	444	36	437	34	135	137	0.0332326	0	0.0891089	2
412	611	100	624	97	135	139	0.0664653	0	0.247525	1
413	312	181	324	178	135	137	0.0634441	0	0.44802	1
414	546	158	549	157	135	138	0.0120846	0	0.391089	1
415	329	130	352	135	135	144	0.145015	0	0.321782	1
416	338	192	343	193	135	138	0.0181269	0	0.475248	1
417	133	210	133	209	135	136	0.00302115	0	0.519802	1
418	651	80	653	79	135	136	0.00906344	0	0.19802	1
419	758	55	758	60	135	150	0.0755287	0	0.136139	1
420	577	44	577	44	135	141	0	0	0.108911	1
421	499	123	500	121	135	137	0.0151057	0	0.304455	1
422	496	154	499	152	135	137	0.021148	0	0.381188	1
423	529	126	530	123	135	139	0.0302115	0	0.311881	1
424	211	136	211	140	135	150	0.0483384	0	0.336634	1
425	386	236	383	227	135	136	0.253776	0	0.584158	2
426	535	115	536	113	135	136	0.0151057	0	0.284653	1
427	452	151	452	150	135	136	0.00302115	0	0.373762	1
428	557	185	559	184	135	146	0.00906344	0	0.457921	1
429	437	52	430	49	135	137	0.0483384	0	0.128713	2
430	123	201	118	205	135	141	0.0634441	0	0.497525	2
431	332	144	340	148	136	140	0.0725076	0	0.356436	1
432	562	113	568	116	136	138	0.0453172	0	0.279703	1
433	713	162	712	163	136	137	0.0060423	0	0.40099	2
434	487	148	487	148	136	137	0	0	0.366337	1
435	498	143	499	143	136	138	0.00302115	0	0.35396	1
436	574	104	576	104	136	138	0.0060423	0	0.257426	1
437	698	112	688	116	136	138	0.0785498	0	0.277228	2
438	520	168	520	167	136	137	0.00302115	0	0.415842	1
439	477	108	482	108	136	137	0.0151057	0	0.267327	1
440	745	48	745	53	136	150	0.0755287	0	0.118812	1
441	624	80	627	79	136	137	0.0120846	0	0.19802	1
442	502	133	504	133	136	139	0.0060423	0	0.329208	1
443	539	137	542	139	136	138	0.021148	0	0.339109	1
444	491	131	491	131	136	138	0	0	0.324257	1
445	508	144	509	144	136	138	0.00302115	0	0.356436	1
446	670	90	671	90	136	137	0.00302115	0	0.222772	1
447	634	81	638	80	136	137	0.0151057	0	0.200495	1
448	717	176	714	178	136	139	0.021148	0	0.435644	2
449	386	166	381	163	136	138	0.0422961	0	0.410891	2
450	553	102	558	106	136	138	0.0634441	0	0.252475	1
451	387	205	383	206	136	137	0.0151057	0	0.507426	2
452	126	239	125	240	137	138	0.0060423	0	0.591584	2
453	133	190	123	196	137	147	0.138973	0	0.470297	2
454	116	232	105	235	137	150	0.060423	0	0.574257	2
455	654	126	657	127	137	138	0.0120846	0	0.311881	1
456	492	108	496	109	137	138	0.0151057	0	0.267327	1
457	380	222	377	220	137	138	0.021148	0	0.549505	2
458	370	231	370	230	137	138	0.00302115	0	0.571782	1
459	324	158	327	158	137	138	0.00906344	0	0.391089	1
460	647	115	649	116	137	138	0.00906344	0	0.284653	1
461	534	179	534	179	137	139	0	0	0.443069	1
462	132	210	131	212	137	139	0.0151057	0	0.519802	2
463	513	124	515	123	137	140	0.00906344	0	0.306931	1
464	479	119	478	119	137	138	0.00302115	0	0.294554	2
465	623	107	626	107	137	138	0.00906344	0	0.264851	1
466	537	103	536	105	138	139	0.0151057	0	0.25495	2
467	461	130	462	131	138	140	0.0060423	0	0.321782	1
468	727	29	727	34	138	150	0.0755287	0	0.0717822	1
469	122	251	122	253	138	147	0.0120846	0	0.621287	1
470	550	34	550	34	138	140	0	0	0.0841584	1
471	435	35	431	34	138	139	0.0151057	0	0.0866337	2
472	632	78	646	79	138	143	0.0453172	0	0.193069	1
473	712	163	711	163	138	139	0.00302115	0	0.403465	2
474	110	241	105	238	138	141	0.0422961	0	0.596535	2
475	696	130	694	132	138	139	0.0181269	0	0.321782	2
476	557	129	571	130	138	146	0.0453172	0	0.319307	1
477	678	84	694	80	138	142	0.0966767	0	0.207921	1
478	711	190	710	190	138	141	0.00302115	0	0.470297	2
479	539	118	538	118	138	139	0.00302115	0	0.292079	2
480	668	78	676	76	138	140	0.0362538	0	0.193069	1
481	125	241	121	242	139	149	0.0151057	0	0.596535	2
482	660	128	663	128	139	140	0.00906344	0	0.316832	1
483	559	116	567	121	139	144	0.0996979	0	0.287129	1
484	653	115	663	114	139	142	0.0332326	0	0.284653	1
485	550	159	550	159	139	140	0	0	0.393564	1
486	488	151	489	151	139	140	0.00302115	0	0.373762	1
487	342	194	342	193	139	140	0.00302115	0	0.480198	1
488	679	156	675	160	139	140	0.060423	0	0.386139	2
489	576	101	578	102	139	147	0.00906344	0	0.25	1
490	693	162	687	164	139	140	0.0302115	0	0.40099	2
491	500	143	501	142	139	140	0.0060423	0	0.35396	1
492	466	146	475	147	139	140	0.0302115	0	0.361386	1
493	645	70	651	70	139	142	0.0181269	0	0.173267	1
494	379	162	375	158	139	141	0.060423	0	0.40099	2
495	624	83	626	82	139	140	0.00906344	0	0.205446	1
496	439	179	440	179	139	140	0.00302115	0	0.443069	1
497	684	129	681	132	139	140	0.0362538	0	0.319307	2
498	502	153	502	152	139	142	0.00302115	0	0.378713	1
499	751	33	751	37	140	150	0.0483384	0	0.0816832	1
500	497	172	498	171	140	141	0.0060423	0	0.425743	1
501	429	28	422	28	140	142	0.021148	0	0.0693069	2
502	574	119	581	118	140	145	0.0241692	0	0.294554	1
503	628	97	631	97	140	141	0.00906344	0	0.240099	1
504	475	127	476	127	140	141	0.00302115	0	0.314356	1
505	124	228	123	228	140	142	0.00302115	0	0.564356	2
506	329	145	333	145	140	142	0.0120846	0	0.358911	1
507	621	60	558	62	140	150	0.202417	0	0.148515	2
508	130	212	129	213	140	141	0.0060423	0	0.524752	2
509	487	141	487	140	140	141	0.00302115	0	0.34901	1
510	703	133	705	137	140	142	0.0543807	0	0.329208	1
511	713	124	713	125	140	141	0.00302115	0	0.306931	1
512	553	36	556	36	141	144	0.00906344	0	0.0891089	1
513	463	128	464	129	141	144	0.0060423	0	0.316832	1
514	672	155	668	157	141	142	0.0241692	0	0.383663	2
515	674	165	671	167	141	142	0.021148	0	0.408416	2
516	678	124	675	126	141	142	0.021148	0	0.306931	2
517	342	194	342	194	141	142	0	0	0.480198	1
518	487	151	487	151	141	142	0	0	0.373762	1
519	219	93	218	97	141	150	0.0513595	0	0.230198	2
520	555	141	563	140	141	145	0.0271903	0	0.34901	1
521	505	124	505	123	141	142	0.00302115	0	0.306931	1
522	419	37	415	36	141	142	0.0151057	0	0.0915842	2
523	680	75	683	74	141	142	0.0120846	0	0.185644	1
524	500	139	501	137	141	142	0.0151057	0	0.344059	1
525	684	163	680	162	141	142	0.0151057	0	0.403465	2
526	717	180	735	195	141	150	0.734139	0	0.445545	1
527	456	152	456	154	141	143	0.0120846	0	0.376238	1
528	495	128	496	127	141	142	0.0060423	0	0.316832	1
529	710	160	710	161	141	143	0.00302115	0	0.39604	1
530	527	136	527	135	141	142	0.00302115	0	0.336634	1
531	533	185	534	185	142	143	0.00302115	0	0.457921	1
532	682	152	681	152	142	143	0.00302115	0	0.376238	2
533	523	125	524	124	142	143	0.0060423	0	0.309406	1
534	639	102	652	103	142	147	0.0422961	0	0.252475	1
535	714	127	716	131	142	144	0.0543807	0	0.314356	1
536	372	216	374	216	142	143	0.0060423	0	0.534653	1
537	488	140	489	139	142	144	0.0060423	0	0.346535	1
538	515	108	519	107	142	143	0.0151057	0	0.267327	1
539	443	180	442	181	142	143	0.0060423	0	0.445545	2
540	663	136	657	137	142	144	0.021148	0	0.336634	2
541	653	81	656	81	142	143	0.00906344	0	0.200495	1
542	425	38	422	37	142	143	0.0120846	0	0.0940594	2
543	547	97	553	103	142	147	0.126888	0	0.240099	1
544	491	116	494	115	142	145	0.0120846	0	0.287129	1
545	678	139	675	140	143	144	0.0120846	0	0.344059	2
546	587	24	586	24	143	144	0.00302115	0	0.0594059	2
547	343	144	344	145	143	144	0.0060423	0	0.356436	1
548	690	77	701	75	143	146	0.0453172	0	0.190594	1
549	537	171	537	170	143	144	0.00302115	0	0.423267	1
550	123	230	114	233	143	150	0.0543807	0	0.569307	2
551	420	27	411	25	143	146	0.0392749	0	0.0668317	2
552	509	122	509	122	143	144	0	0	0.30198	1
553	496	183	496	184	143	144	0.00302115	0	0.45297	1
554	524	134	525	134	143	144	0.00302115	0	0.331683	1
555	447	133	443	140	143	150	0.160121	0	0.329208	2
556	508	179	507	179	143	144	0.00302115	0	0.443069	2
557	426	77	405	81	143	147	0.111782	0	0.190594	2
558	627	121	632	122	143	145	0.0181269	0	0.299505	1
559	372	205	372	205	143	144	0	0	0.507426	1
560	688	137	686	139	143	144	0.0181269	0	0.339109	2
561	531	101	535	101	143	144	0.0120846	0	0.25	1
562	409	53	389	54	143	149	0.0634441	0	0.131188	2
563	360	125	367	131	143	148	0.129909	0	0.309406	1
564	499	127	499	127	143	144	0	0	0.314356	1
565	636	84	640	85	143	145	0.0151057	0	0.207921	1
566	412	40	405	39	143	145	0.0241692	0	0.0990099	2
567	555	110	557	112	143	145	0.0181269	0	0.272277	1
568	216	117	216	117	144	146	0	0	0.289604	1
569	376	217	377	218	144	145	0.0060423	0	0.537129	1
570	536	187	537	187	144	145	0.00302115	0	0.462871	1
571	486	156	483	157	144	147	0.0120846	0	0.386139	2
572	665	159	662	158	144	145	0.0120846	0	0.393564	2
573	718	192	729	202	144	150	0.335347	0	0.475248	1
574	443	182	442	183	144	145	0.0060423	0	0.450495	2
575	419	36	415	35	144	145	0.0151057	0	0.0891089	2
576	703	79	711	77	144	146	0.0362538	0	0.195545	1
577	29	190	36	199	144	150	0.265861	0	0.470297	1
578	343	155	340	155	144	145	0.00906344	0	0.383663	2
579	575	37	569	36	144	145	0.021148	0	0.0915842	2
580	645	124	648	123	144	145	0.0120846	0	0.306931	1
581	535	122	536	121	144	145	0.0060423	0	0.30198	1
582	683	77	686	77	144	145	0.00906344	0	0.190594	1
583	556	38	556	38	145	146	0	0	0.0940594	1
584	374	208	374	208	145	147	0	0	0.514851	1
585	24	139	32	141	145	147	0.0362538	0	0.344059	1
586	672	143	669	145	145	146	0.021148	0	0.35396	2
587	656	83	655	85	145	146	0.0151057	0	0.205446	2
588	568	120	567	120	145	147	0.00302115	0	0.29703	2
589	719	134	720	137	145	147	0.0302115	0	0.331683	1
590	667	168	659	175	145	147	0.172205	0	0.415842	2
591	581	24	579	27	145	150	0.0332326	0	0.0594059	2
592	763	71	761	74	145	150	0.0332326	0	0.175743	2
593	353	135	355	140	145	148	0.081571	0	0.334158	1
594	225	27	222	28	145	149	0.0120846	0	0.0668317	2
595	125	217	123	216	145	146	0.00906344	0	0.537129	2
596	498	184	498	184	145	147	0	0	0.455446	1
597	495	174	495	174	145	147	0	0	0.430693	1
598	124	182	121	176	145	150	0.117825	0	0.450495	2
599	165	25	164	28	145	150	0.0302115	0	0.0618812	2
600	357	158	351	159	145	147	0.021148	0	0.391089	2
601	31	126	49	133	145	150	0.202417	0	0.311881	1
602	509	122	509	122	145	146	0	0	0.30198	1
603	669	133	666	134	146	147	0.0120846	0	0.329208	2
604	380	219	379	218	146	147	0.0060423	0	0.542079	2
605	538	187	538	187	146	147	0	0	0.462871	1
606	654	146	650	146	146	147	0.0120846	0	0.361386	2
607	463	137	461	138	146	147	0.00906344	0	0.339109	2
608	593	70	581	68	146	147	0.0483384	0	0.173267	2
609	498	140	495	140	146	147	0.00906344	0	0.346535	2
610	581	119	577	119	146	149	0.0120846	0	0.294554	2
611	566	143	567	146	146	147	0.0302115	0	0.35396	1
612	526	170	526	170	146	147	0	0	0.420792	1
613	709	88	714	88	146	148	0.0151057	0	0.217822	1
614	655	122	661	125	146	149	0.0453172	0	0.30198	1
615	508	132	506	135	146	148	0.0332326	0	0.326733	2
616	710	169	713	171	146	149	0.021148	0	0.418317	1
617	680	124	682	124	146	147	0.0060423	0	0.306931	1
618	556	114	556	115	146	147	0.00302115	0	0.282178	1
619	674	160	671	160	146	147	0.00906344	0	0.39604	2
620	24	149	27	150	146	147	0.0120846	0	0.368812	1
621	455	158	454	158	146	147	0.00302115	0	0.391089	2
622	485	138	483	137	146	147	0.00906344	0	0.341584	2
623	566	75	563	77	146	147	0.021148	0	0.185644	2
624	457	127	453	131	146	149	0.060423	0	0.314356	2
625	524	124	523	126	147	149	0.0151057	0	0.306931	2
626	657	160	653	161	147	148	0.0151057	0	0.39604	2
627	535	118	533	119	147	148	0.00906344	0	0.292079	2
628	545	130	544	129	147	148	0.0060423	0	0.321782	2
629	353	194	353	198	147	148	0.0483384	0	0.480198	1
630	558	184	556	185	147	149	0.00906344	0	0.455446	2
631	214	117	213	117	147	148	0.00302115	0	0.289604	2
632	410	27	406	28	147	148	0.0151057	0	0.0668317	2
633	545	113	550	114	147	148	0.0181269	0	0.279703	1
634	650	136	637	137	147	150	0.0422961	0	0.336634	2
635	704	75	710	76	147	149	0.021148	0	0.185644	1
636	686	109	688	110	147	148	0.00906344	0	0.269802	1
637	662	137	658	138	148	149	0.0151057	0	0.339109	2
638	123	253	121	254	148	150	0.00906344	0	0.626238	2
639	338	212	334	210	148	149	0.0241692	0	0.524752	2
640	372	209	367	206	148	149	0.0422961	0	0.517327	2
641	653	88	652	88	148	149	0.00302115	0	0.217822	2
642	668	163	666	164	148	149	0.00906344	0	0.403465	2
643	655	148	645	149	148	150	0.0332326	0	0.366337	2
644	571	151	575	154	148	149	0.0392749	0	0.373762	1
645	688	126	692	128	148	149	0.0241692	0	0.311881	1
646	124	190	123	188	148	149	0.0151057	0	0.470297	2
647	29	147	31	148	148	149	0.00906344	0	0.363861	1
648	459	140	457	141	148	149	0.00906344	0	0.346535	2
649	538	187	538	186	148	149	0.00302115	0	0.462871	1
650	648	103	650	104	148	149	0.00906344	0	0.25495	1
651	645	146	641	145	148	149	0.0151057	0	0.361386	2
652	708	117	713	116	148	149	0.0181269	0	0.289604	1
653	29	157	32	158	148	149	0.0120846	0	0.388614	1
654	664	79	665	79	148	149	0.00302115	0	0.195545	1
655	574	107	573	107	148	149	0.00302115	0	0.264851	2
656	720	177	722	178	148	149	0.00906344	0	0.438119	1
657	504	145	497	145	148	149	0.021148	0	0.358911	2
658	444	182	443	183	148	149	0.0060423	0	0.450495	2
659	653	180	649	181	148	149	0.0151057	0	0.445545	2
660	482	158	477	158	148	150	0.0151057	0	0.391089	2
661	112	245	112	245	148	149	0	0	0.606436	1
662	717	78	721	79	148	149	0.0151057	0	0.193069	1
663	39	140	45	143	148	150	0.0453172	0	0.346535	1
664	717	92	719	94	149	150	0.0181269	0	0.227723	1
665	541	119	541	120	149	150	0.00302115	0	0.294554	1
666	212	123	212	124	149	150	0.00302115	0	0.304455	1
667	513	178	514	178	149	150	0.00302115	0	0.440594	1
668	396	37	393	39	149	150	0.021148	0	0.0915842	2
669	650	162	647	163	149	150	0.0120846	0	0.40099	2
670	545	131	544	132	149	150	0.0060423	0	0.324257	2
671	363	141	365	145	149	150	0.0543807	0	0.34901	1