
0	666	211	667	209	292	295	0.00563063	0	0.463736	1
1	488	169	489	168	292	294	0.00225225	0	0.371429	1
2	593	188	594	189	292	294	0.00225225	0	0.413187	1
3	103	300	103	301	292	327	0.00112613	0	0.659341	1
4	475	197	476	196	293	295	0.00225225	0	0.432967	1
5	542	186	543	185	293	295	0.00225225	0	0.408791	1
6	569	156	568	154	293	294	0.00563063	0	0.342857	2
7	429	220	429	218	293	294	0.0045045	0	0.483516	1
8	642	198	642	197	293	294	0.00112613	0	0.435165	1
9	655	200	656	198	293	295	0.00563063	0	0.43956	1
10	413	197	414	197	293	294	0.00112613	0	0.432967	1
11	483	184	484	182	293	294	0.00563063	0	0.404396	1
12	529	167	530	164	293	294	0.0112613	0	0.367033	1
13	566	166	566	163	293	294	0.0101351	0	0.364835	1
14	466	245	468	244	293	294	0.00337838	0	0.538462	1
15	544	196	546	195	293	295	0.00337838	0	0.430769	1
16	564	205	565	204	293	294	0.00225225	0	0.450549	1
17	419	187	420	186	294	295	0.00225225	0	0.410989	1
18	494	178	494	176	294	295	0.0045045	0	0.391209	1
19	403	197	404	194	294	295	0.0112613	0	0.432967	1
20	518	159	518	158	294	295	0.00112613	0	0.349451	1
21	492	233	492	230	294	295	0.0101351	0	0.512088	1
22	456	200	456	199	294	295	0.00112613	0	0.43956	1
23	827	448	826	447	294	321	0.00225225	0	0.984615	2
24	525	229	523	228	295	300	0.00337838	0	0.503297	2
25	612	148	611	146	295	296	0.00563063	0	0.325275	2
26	482	170	482	167	295	296	0.0101351	0	0.373626	1
27	526	212	525	209	295	299	0.0112613	0	0.465934	2
28	374	158	374	151	295	298	0.0551802	0	0.347253	1
29	532	168	530	166	295	296	0.00675676	0	0.369231	2
30	384	207	386	201	295	297	0.0427928	0	0.454945	1
31	602	200	600	196	295	296	0.0202703	0	0.43956	2
32	619	189	616	185	295	298	0.0213964	0	0.415385	2
33	565	164	562	161	295	296	0.0135135	0	0.36044	2
34	470	246	471	246	295	303	0.00112613	0	0.540659	1
35	537	216	537	212	296	299	0.018018	0	0.474725	1
36	476	196	475	193	296	297	0.0112613	0	0.430769	2
37	367	227	366	226	296	300	0.00225225	0	0.498901	2
38	388	194	390	187	296	298	0.0574324	0	0.426374	1
39	655	195	655	189	296	298	0.0405405	0	0.428571	1
40	426	200	425	196	296	297	0.0191441	0	0.43956	2
41	430	211	431	205	296	297	0.0416667	0	0.463736	1
42	501	177	499	172	296	297	0.0304054	0	0.389011	2
43	590	161	587	159	296	297	0.00788288	0	0.353846	2
44	476	221	475	219	296	297	0.00563063	0	0.485714	2
45	720	220	716	218	296	297	0.00900901	0	0.483516	2
46	450	196	449	192	296	297	0.0191441	0	0.430769	2
47	581	132	579	131	296	297	0.00337838	0	0.29011	2
48	643	191	643	186	296	297	0.0281532	0	0.41978	1
49	198	261	194	261	296	298	0.0045045	0	0.573626	2
50	567	203	564	198	296	298	0.0315315	0	0.446154	2
51	622	146	621	143	296	297	0.0112613	0	0.320879	2
52	548	192	546	188	296	298	0.0202703	0	0.421978	2
53	632	76	619	74	296	317	0.0191441	0	0.167033	2
54	493	228	494	225	296	297	0.0112613	0	0.501099	1
55	584	151	584	149	296	297	0.0045045	0	0.331868	1
56	415	195	416	190	296	298	0.0292793	0	0.428571	1
57	664	455	662	454	296	300	0.00337838	0	1	2
58	217	285	207	285	296	303	0.0112613	0	0.626374	2
59	520	180	520	174	296	299	0.0405405	0	0.395604	1
60	615	159	613	157	296	297	0.00675676	0	0.349451	2
61	670	205	667	203	296	297	0.00788288	0	0.450549	2
62	579	189	580	190	296	297	0.00225225	0	0.415385	1
63	736	231	733	230	296	300	0.0045045	0	0.507692	2
64	446	245	445	241	297	298	0.0191441	0	0.538462	2
65	465	235	464	234	297	298	0.00225225	0	0.516484	2
66	681	203	679	199	297	298	0.0202703	0	0.446154	2
67	596	192	591	187	297	298	0.0337838	0	0.421978	2
68	483	164	483	161	297	298	0.0101351	0	0.36044	1
69	611	142	610	139	297	298	0.0112613	0	0.312088	2
70	655	179	657	175	297	298	0.0202703	0	0.393407	1
71	264	175	264	174	297	298	0.00112613	0	0.384615	1
72	473	181	473	178	297	298	0.0101351	0	0.397802	1
73	435	187	434	182	297	299	0.0292793	0	0.410989	2
74	404	182	407	181	298	299	0.0045045	0	0.4	1
75	474	191	473	190	298	299	0.00225225	0	0.41978	2
76	364	172	364	171	298	299	0.00112613	0	0.378022	1
77	426	193	426	191	298	299	0.0045045	0	0.424176	1
78	444	193	447	190	298	301	0.0135135	0	0.424176	1
79	476	217	479	217	298	300	0.00337838	0	0.476923	1
80	666	230	666	232	298	300	0.0045045	0	0.505495	1
81	581	190	580	190	298	299	0.00112613	0	0.417582	2
82	529	171	529	169	298	299	0.0045045	0	0.375824	1
83	608	149	609	146	298	300	0.0112613	0	0.327473	1
84	532	156	531	154	298	299	0.00563063	0	0.342857	2
85	593	198	593	199	298	303	0.00112613	0	0.435165	1
86	572	149	569	149	298	299	0.00337838	0	0.327473	2
87	655	187	658	185	299	301	0.00788288	0	0.410989	1
88	394	185	398	184	299	300	0.00563063	0	0.406593	1
89	465	235	469	234	299	304	0.00563063	0	0.516484	1
90	206	270	187	266	299	306	0.0394144	0	0.593407	2
91	546	191	547	191	299	300	0.00112613	0	0.41978	1
92	750	210	758	210	299	303	0.00900901	0	0.461538	1
93	540	164	540	164	299	300	0	0	0.36044	1
94	371	150	377	151	299	301	0.00788288	0	0.32967	1
95	615	184	617	186	299	302	0.00675676	0	0.404396	1
96	508	168	510	167	299	300	0.00337838	0	0.369231	1
97	463	185	463	184	299	300	0.00112613	0	0.406593	1
98	238	325	237	327	299	302	0.00563063	0	0.714286	2
99	495	159	498	157	299	300	0.00788288	0	0.349451	1
100	559	144	555	145	299	301	0.00563063	0	0.316484	2
101	483	185	483	185	299	300	0	0	0.406593	1
102	271	189	275	189	299	300	0.0045045	0	0.415385	1
103	635	181	636	181	299	300	0.00112613	0	0.397802	1
104	535	222	537	221	299	300	0.00337838	0	0.487912	1
105	493	196	493	196	299	300	0	0	0.430769	1
106	474	175	475	175	299	300	0.00112613	0	0.384615	1
107	342	233	347	234	299	301	0.00675676	0	0.512088	1
108	442	209	442	209	299	301	0	0	0.459341	1
109	485	163	491	165	300	303	0.0112613	0	0.358242	1
110	365	174	366	175	300	301	0.00225225	0	0.382418	1
111	501	218	503	221	300	301	0.0123874	0	0.479121	1
112	667	185	669	184	300	301	0.00337838	0	0.406593	1
113	473	192	473	190	300	301	0.0045045	0	0.421978	1
114	497	167	499	165	300	301	0.00675676	0	0.367033	1
115	201	261	194	262	300	302	0.00900901	0	0.573626	2
116	427	191	428	190	300	301	0.00225225	0	0.41978	1
117	611	136	614	134	300	302	0.00788288	0	0.298901	1
118	437	181	438	180	300	301	0.00225225	0	0.397802	1
119	655	176	665	173	300	304	0.0213964	0	0.386813	1
120	570	167	569	167	300	301	0.00112613	0	0.367033	2
121	542	211	545	210	300	301	0.0045045	0	0.463736	1
122	281	242	290	243	300	305	0.0112613	0	0.531868	1
123	201	290	197	292	300	304	0.00900901	0	0.637363	2
124	568	152	562	151	300	303	0.00788288	0	0.334066	2
125	536	174	539	174	300	301	0.00337838	0	0.382418	1
126	584	138	586	139	300	301	0.00337838	0	0.303297	1
127	403	202	405	202	301	302	0.00225225	0	0.443956	1
128	212	270	206	269	301	303	0.00788288	0	0.593407	2
129	512	168	524	161	301	307	0.0686937	0	0.369231	1
130	483	186	484	185	301	302	0.00225225	0	0.408791	1
131	541	220	543	219	301	302	0.00337838	0	0.483516	1
132	550	194	551	194	301	302	0.00112613	0	0.426374	1
133	629	139	631	138	301	302	0.00337838	0	0.305495	1
134	482	218	482	216	301	303	0.0045045	0	0.479121	1
135	582	192	582	191	301	303	0.00112613	0	0.421978	1
136	636	181	634	181	301	302	0.00225225	0	0.397802	2
137	296	253	295	255	301	305	0.00563063	0	0.556044	2
138	523	228	523	229	301	303	0.00112613	0	0.501099	1
139	368	225	386	226	301	304	0.0213964	0	0.494505	1
140	405	182	413	181	301	303	0.0101351	0	0.4	1
141	493	196	494	195	301	303	0.00225225	0	0.430769	1
142	267	178	282	173	301	306	0.045045	0	0.391209	1
143	544	162	543	161	301	302	0.00225225	0	0.356044	2
144	503	188	504	188	301	302	0.00112613	0	0.413187	1
145	522	177	523	176	301	302	0.00225225	0	0.389011	1
146	667	233	667	233	301	302	0	0	0.512088	1
147	445	235	446	233	301	302	0.00563063	0	0.516484	1
148	737	200	735	200	301	302	0.00225225	0	0.43956	2
149	463	204	463	203	301	302	0.00112613	0	0.448352	1
150	530	152	530	150	301	303	0.0045045	0	0.334066	1
151	661	185	663	183	302	303	0.00675676	0	0.406593	1
152	671	185	673	184	302	303	0.00337838	0	0.406593	1
153	505	223	505	223	302	304	0	0	0.49011	1
154	367	177	383	175	302	308	0.0225225	0	0.389011	1
155	474	190	475	188	302	303	0.00563063	0	0.417582	1
156	567	167	564	166	302	303	0.0045045	0	0.367033	2
157	717	190	718	187	302	303	0.0112613	0	0.417582	1
158	274	166	378	138	302	330	1	0	0.364835	1
159	553	146	549	143	302	304	0.0146396	0	0.320879	2
160	621	144	626	137	302	305	0.0608108	0	0.316484	1
161	544	184	547	182	302	304	0.00788288	0	0.404396	1
162	666	197	681	183	302	316	0.237613	0	0.432967	1
163	377	165	379	165	302	303	0.00225225	0	0.362637	1
164	533	170	537	168	302	303	0.00900901	0	0.373626	1
165	506	204	506	202	302	304	0.0045045	0	0.448352	1
166	555	199	555	198	303	304	0.00112613	0	0.437363	1
167	735	200	736	176	303	321	0.649775	0	0.43956	1
168	485	184	484	182	303	304	0.00563063	0	0.404396	2
169	451	232	456	233	303	305	0.00675676	0	0.50989	1
170	565	203	564	202	303	304	0.00225225	0	0.446154	2
171	442	173	445	171	303	304	0.00788288	0	0.38022	1
172	503	162	504	160	303	304	0.00563063	0	0.356044	1
173	192	261	172	252	303	310	0.113739	0	0.573626	2
174	634	181	634	181	303	307	0	0	0.397802	1
175	463	202	463	199	303	304	0.0101351	0	0.443956	1
176	207	326	205	324	303	306	0.00675676	0	0.716484	2
177	548	218	549	217	303	304	0.00225225	0	0.479121	1
178	450	188	448	186	303	304	0.00675676	0	0.413187	2
179	728	190	729	184	303	306	0.0416667	0	0.417582	1
180	616	132	617	129	303	304	0.0112613	0	0.29011	1
181	203	259	183	252	303	310	0.0777027	0	0.569231	2
182	265	249	271	247	303	305	0.0112613	0	0.547253	1
183	464	186	463	184	303	304	0.00563063	0	0.408791	2
184	269	193	273	192	303	305	0.00563063	0	0.424176	1
185	320	215	331	212	303	306	0.0225225	0	0.472527	1
186	437	188	431	185	303	306	0.0168919	0	0.413187	2
187	180	262	177	260	303	304	0.00788288	0	0.575824	2
188	666	183	670	174	304	309	0.0957207	0	0.402198	1
189	676	183	679	177	304	307	0.0439189	0	0.402198	1
190	362	229	368	228	304	305	0.00788288	0	0.503297	1
191	208	282	200	279	304	306	0.0191441	0	0.61978	2
192	494	165	496	164	304	305	0.00337838	0	0.362637	1
193	383	164	388	163	304	306	0.00675676	0	0.36044	1
194	203	268	197	265	304	306	0.0168919	0	0.589011	2
195	481	214	479	211	304	305	0.0123874	0	0.47033	2
196	718	188	721	182	304	308	0.0439189	0	0.413187	1
197	532	151	530	148	304	305	0.0123874	0	0.331868	2
198	552	172	554	169	304	305	0.0123874	0	0.378022	1
199	399	167	405	167	304	306	0.00675676	0	0.367033	1
200	450	221	451	220	304	305	0.00225225	0	0.485714	1
201	514	156	517	152	304	306	0.0213964	0	0.342857	1
202	494	194	493	191	304	305	0.0112613	0	0.426374	2
203	505	223	509	217	305	310	0.045045	0	0.49011	1
204	480	181	478	179	305	306	0.00675676	0	0.397802	2
205	448	171	450	170	305	306	0.00337838	0	0.375824	1
206	618	176	622	169	305	307	0.0596847	0	0.386813	1
207	548	180	549	178	305	306	0.00563063	0	0.395604	1
208	323	202	334	201	305	308	0.0135135	0	0.443956	1
209	506	159	507	157	305	306	0.00563063	0	0.349451	1
210	175	260	164	256	305	309	0.0304054	0	0.571429	2
211	394	226	401	224	305	306	0.0123874	0	0.496703	1
212	447	186	445	185	305	306	0.00337838	0	0.408791	2
213	577	188	573	185	305	306	0.0146396	0	0.413187	2
214	722	228	720	226	305	306	0.00675676	0	0.501099	2
215	224	317	216	313	305	306	0.027027	0	0.696703	2
216	305	247	306	246	305	306	0.00225225	0	0.542857	1
217	620	127	623	124	305	307	0.0135135	0	0.279121	1
218	589	140	592	139	305	306	0.0045045	0	0.307692	1
219	665	455	665	454	305	308	0.00112613	0	1	1
220	666	170	669	164	305	308	0.0439189	0	0.373626	1
221	541	141	539	140	305	306	0.00337838	0	0.30989	2
222	316	242	317	242	305	306	0.00112613	0	0.531868	1
223	398	148	401	145	305	306	0.0135135	0	0.325275	1
224	466	154	472	153	305	309	0.00788288	0	0.338462	1
225	528	206	529	204	306	307	0.00563063	0	0.452747	1
226	461	233	461	233	306	307	0	0	0.512088	1
227	629	135	631	132	306	308	0.0123874	0	0.296703	1
228	557	168	559	166	306	307	0.00675676	0	0.369231	1
229	587	160	591	161	306	310	0.00563063	0	0.351648	1
230	511	203	514	201	306	307	0.00788288	0	0.446154	1
231	291	188	297	184	306	309	0.0247748	0	0.413187	1
232	486	218	488	219	306	307	0.00337838	0	0.479121	1
233	282	212	282	212	306	307	0	0	0.465934	1
234	277	193	285	194	306	308	0.0101351	0	0.424176	1
235	733	207	732	203	306	310	0.0191441	0	0.454945	2
236	440	221	441	220	306	307	0.00225225	0	0.485714	1
237	467	142	469	142	306	308	0.00225225	0	0.312088	1
238	501	196	501	195	306	307	0.00112613	0	0.430769	1
239	403	205	437	196	306	321	0.129505	0	0.450549	1
240	531	176	534	173	306	308	0.0135135	0	0.386813	1
241	197	278	185	275	307	310	0.0236486	0	0.610989	2
242	474	180	477	179	307	309	0.0045045	0	0.395604	1
243	453	169	455	168	307	308	0.00337838	0	0.371429	1
244	559	177	562	176	307	308	0.0045045	0	0.389011	1
245	444	186	450	183	307	310	0.0168919	0	0.408791	1
246	733	183	734	182	307	308	0.00225225	0	0.402198	1
247	185	265	176	262	307	310	0.0202703	0	0.582418	2
248	408	224	412	225	307	309	0.00563063	0	0.492308	1
249	716	210	715	204	307	308	0.0416667	0	0.461538	2
250	195	264	192	263	307	308	0.0045045	0	0.58022	2
251	308	247	319	246	307	308	0.0135135	0	0.542857	1
252	427	194	428	193	307	308	0.00225225	0	0.426374	1
253	620	135	620	134	307	308	0.00112613	0	0.296703	1
254	510	158	512	157	307	308	0.00337838	0	0.347253	1
255	287	172	301	168	307	311	0.0337838	0	0.378022	1
256	309	179	311	176	307	308	0.0123874	0	0.393407	1
257	334	213	341	212	307	309	0.00900901	0	0.468132	1
258	405	171	407	173	307	308	0.00675676	0	0.375824	1
259	551	197	552	198	307	308	0.00225225	0	0.432967	1
260	554	147	557	149	307	308	0.00788288	0	0.323077	1
261	604	130	607	130	307	308	0.00337838	0	0.285714	1
262	433	181	437	178	307	309	0.0146396	0	0.397802	1
263	583	444	580	444	307	312	0.00337838	0	0.975824	2
264	569	198	568	197	307	308	0.00225225	0	0.435165	2
265	594	129	597	129	307	308	0.00337838	0	0.283516	1
266	512	148	513	147	307	308	0.00225225	0	0.325275	1
267	168	288	168	288	307	308	0	0	0.632967	1
268	526	161	528	160	308	309	0.00337838	0	0.353846	1
269	680	176	680	175	308	309	0.00112613	0	0.386813	1
270	475	224	475	223	308	309	0.00112613	0	0.492308	1
271	461	234	462	233	308	311	0.00225225	0	0.514286	1
272	490	220	489	220	308	312	0.00112613	0	0.483516	2
273	558	166	566	165	308	310	0.0101351	0	0.364835	1
274	519	202	523	203	308	309	0.00563063	0	0.443956	1
275	464	224	465	222	308	309	0.00563063	0	0.492308	1
276	264	211	272	209	308	309	0.0135135	0	0.463736	1
277	295	198	296	197	308	309	0.00225225	0	0.435165	1
278	531	137	530	137	308	309	0.00112613	0	0.301099	2
279	172	267	169	263	308	309	0.0213964	0	0.586813	2
280	463	131	474	132	308	313	0.0135135	0	0.287912	1
281	659	167	661	166	308	310	0.00337838	0	0.367033	1
282	546	221	546	221	308	310	0	0	0.485714	1
283	635	181	636	180	308	309	0.00225225	0	0.397802	1
284	454	157	454	158	308	309	0.00112613	0	0.345055	1
285	680	166	681	165	308	310	0.00225225	0	0.364835	1
286	476	448	474	447	309	311	0.00337838	0	0.984615	2
287	624	128	625	127	309	310	0.00225225	0	0.281319	1
288	534	202	536	200	309	310	0.00675676	0	0.443956	1
289	431	191	434	187	309	310	0.0213964	0	0.41978	1
290	565	177	589	170	309	315	0.0822072	0	0.389011	1
291	713	205	712	203	309	310	0.00563063	0	0.450549	2
292	206	323	203	320	309	311	0.0135135	0	0.70989	2
293	735	183	733	174	309	314	0.0934685	0	0.402198	2
294	465	175	467	172	309	310	0.0123874	0	0.384615	1
295	515	152	517	151	309	310	0.00337838	0	0.334066	1
296	340	202	344	202	309	310	0.0045045	0	0.443956	1
297	487	186	489	187	309	310	0.00337838	0	0.408791	1
298	189	263	185	261	309	310	0.00900901	0	0.578022	2
299	536	174	538	174	309	310	0.00225225	0	0.382418	1
300	670	164	671	164	309	310	0.00112613	0	0.36044	1
301	544	143	545	142	309	310	0.00225225	0	0.314286	1
302	664	228	664	227	309	311	0.00112613	0	0.501099	1
303	187	319	167	320	309	311	0.0236486	0	0.701099	2
304	330	243	339	239	309	310	0.0281532	0	0.534066	1
305	573	160	601	154	309	316	0.0720721	0	0.351648	1
306	741	226	740	224	309	310	0.00563063	0	0.496703	2
307	475	169	477	168	309	310	0.00337838	0	0.371429	1
308	531	160	536	158	310	312	0.0101351	0	0.351648	1
309	681	175	680	174	310	311	0.00225225	0	0.384615	2
310	671	175	670	174	310	311	0.00225225	0	0.384615	2
311	412	229	410	230	310	311	0.00337838	0	0.503297	2
312	622	157	625	156	310	312	0.0045045	0	0.345055	1
313	479	181	483	180	310	312	0.00563063	0	0.397802	1
314	318	245	318	244	310	311	0.00112613	0	0.538462	1
315	479	198	479	197	310	311	0.00112613	0	0.435165	1
316	639	179	642	175	310	311	0.0213964	0	0.393407	1
317	405	176	415	173	310	311	0.0213964	0	0.386813	1
318	414	135	424	136	310	313	0.0123874	0	0.296703	1
319	527	149	529	148	310	311	0.00337838	0	0.327473	1
320	301	186	309	185	310	312	0.0101351	0	0.408791	1
321	462	193	462	192	310	311	0.00112613	0	0.424176	1
322	665	455	664	454	310	320	0.00225225	0	1	2
323	640	129	643	129	310	313	0.00337838	0	0.283516	1
324	532	139	532	139	310	311	0	0	0.305495	1
325	172	284	167	281	310	311	0.0157658	0	0.624176	2
326	565	431	563	430	310	330	0.00337838	0	0.947253	2
327	514	172	516	170	310	311	0.00675676	0	0.378022	1
328	540	199	544	196	311	312	0.0146396	0	0.437363	1
329	510	192	511	191	311	312	0.00225225	0	0.421978	1
330	341	223	346	221	311	312	0.0101351	0	0.49011	1
331	181	275	167	272	311	315	0.0259009	0	0.604396	2
332	182	260	174	256	311	313	0.027027	0	0.571429	2
333	349	202	386	198	311	317	0.0596847	0	0.443956	1
334	493	187	497	186	311	313	0.00563063	0	0.410989	1
335	561	182	564	180	311	312	0.00788288	0	0.4	1
336	160	254	155	251	311	312	0.0157658	0	0.558242	2
337	442	173	443	171	311	312	0.00563063	0	0.38022	1
338	308	248	319	244	311	313	0.0304054	0	0.545055	1
339	541	175	547	173	311	313	0.0112613	0	0.384615	1
340	529	205	529	204	311	312	0.00112613	0	0.450549	1
341	671	162	671	160	311	312	0.0045045	0	0.356044	1
342	172	261	165	257	311	313	0.0259009	0	0.573626	2
343	570	164	582	159	311	314	0.0416667	0	0.36044	1
344	735	222	734	217	311	313	0.0292793	0	0.487912	2
345	521	158	523	156	311	312	0.00675676	0	0.347253	1
346	451	183	452	181	311	312	0.00563063	0	0.402198	1
347	724	178	723	176	311	312	0.00563063	0	0.391209	2
348	429	169	430	166	311	312	0.0112613	0	0.371429	1
349	162	268	153	268	311	313	0.0101351	0	0.589011	2
350	179	250	174	247	311	312	0.0157658	0	0.549451	2
351	423	222	431	218	311	314	0.027027	0	0.487912	1
352	347	237	366	241	311	316	0.0394144	0	0.520879	1
353	550	219	551	216	311	312	0.0112613	0	0.481319	1
354	694	189	698	186	311	313	0.0146396	0	0.415385	1
355	681	164	680	162	311	312	0.00563063	0	0.36044	2
356	591	159	606	157	311	315	0.0213964	0	0.349451	1
357	426	179	426	177	311	312	0.0045045	0	0.393407	1
358	690	174	690	171	311	312	0.0101351	0	0.382418	1
359	680	173	689	169	312	317	0.0281532	0	0.38022	1
360	408	230	408	228	312	313	0.0045045	0	0.505495	1
361	462	231	463	229	312	313	0.00563063	0	0.507692	1
362	304	167	313	167	312	314	0.0101351	0	0.367033	1
363	288	206	292	203	312	313	0.0146396	0	0.452747	1
364	415	145	418	144	312	313	0.0045045	0	0.318681	1
365	201	316	197	311	312	313	0.0326577	0	0.694505	2
366	440	182	444	179	312	314	0.0146396	0	0.4	1
367	451	227	452	226	312	313	0.00225225	0	0.498901	1
368	479	193	481	192	312	313	0.00337838	0	0.424176	1
369	159	318	154	320	312	318	0.0101351	0	0.698901	2
370	469	169	472	167	312	313	0.00788288	0	0.371429	1
371	615	137	619	135	312	313	0.00900901	0	0.301099	1
372	408	175	415	175	312	315	0.00788288	0	0.384615	1
373	557	164	561	163	312	313	0.00563063	0	0.36044	1
374	562	190	572	187	312	314	0.0213964	0	0.417582	1
375	513	218	514	217	312	313	0.00225225	0	0.479121	1
376	346	245	353	249	312	314	0.0259009	0	0.538462	1
377	735	199	736	196	312	316	0.0112613	0	0.437363	1
378	335	233	351	237	312	314	0.036036	0	0.512088	1
379	647	141	671	142	312	323	0.0281532	0	0.30989	1
380	514	193	516	193	313	314	0.00225225	0	0.424176	1
381	552	195	558	194	313	314	0.00788288	0	0.428571	1
382	482	171	485	169	313	314	0.00788288	0	0.375824	1
383	625	157	637	155	313	318	0.018018	0	0.345055	1
384	468	150	470	149	313	314	0.00337838	0	0.32967	1
385	153	250	149	250	313	314	0.0045045	0	0.549451	2
386	533	205	535	204	313	314	0.00337838	0	0.450549	1
387	535	148	541	147	313	314	0.00788288	0	0.325275	1
388	581	444	580	445	313	320	0.00225225	0	0.975824	2
389	693	217	699	218	313	315	0.00788288	0	0.476923	1
390	723	176	722	174	313	316	0.00563063	0	0.386813	2
391	509	145	502	144	313	317	0.00900901	0	0.318681	2
392	515	180	517	179	313	314	0.00337838	0	0.395604	1
393	480	156	482	155	313	314	0.00337838	0	0.342857	1
394	463	186	465	186	313	314	0.00225225	0	0.408791	1
395	682	161	688	159	313	316	0.0112613	0	0.353846	1
396	559	151	561	150	313	314	0.00337838	0	0.331868	1
397	423	155	434	154	313	315	0.0135135	0	0.340659	1
398	486	208	488	204	313	315	0.0202703	0	0.457143	1
399	171	246	167	245	313	314	0.00563063	0	0.540659	2
400	639	132	641	132	314	315	0.00225225	0	0.29011	1
401	491	179	492	177	314	315	0.00563063	0	0.393407	1
402	409	226	418	224	314	317	0.0146396	0	0.496703	1
403	454	230	454	228	314	315	0.0045045	0	0.505495	1
404	575	177	578	176	314	315	0.0045045	0	0.389011	1
405	162	257	150	259	314	317	0.018018	0	0.564835	2
406	424	144	430	144	314	315	0.00675676	0	0.316484	1
407	515	217	515	216	314	317	0.00112613	0	0.476923	1
408	695	170	697	172	314	315	0.00675676	0	0.373626	1
409	450	169	451	168	314	315	0.00225225	0	0.371429	1
410	150	271	143	272	314	315	0.00900901	0	0.595604	2
411	432	176	433	175	314	315	0.00225225	0	0.386813	1
412	475	166	477	165	314	315	0.00337838	0	0.364835	1
413	483	226	483	224	314	315	0.0045045	0	0.496703	1
414	495	169	498	169	314	315	0.00337838	0	0.371429	1
415	571	214	570	214	314	315	0.00112613	0	0.47033	2
416	191	314	183	309	314	315	0.0371622	0	0.69011	2
417	152	260	148	262	314	315	0.00900901	0	0.571429	2
418	619	121	626	117	314	317	0.0259009	0	0.265934	1
419	437	190	441	190	314	317	0.0045045	0	0.417582	1
420	725	223	727	215	314	319	0.0743243	0	0.49011	1
421	674	160	677	159	314	316	0.0045045	0	0.351648	1
422	469	145	471	145	315	316	0.00225225	0	0.318681	1
423	488	167	487	165	315	316	0.00563063	0	0.367033	2
424	444	179	444	179	315	316	0	0	0.393407	1
425	461	155	461	156	315	317	0.00112613	0	0.340659	1
426	565	151	569	151	315	317	0.0045045	0	0.331868	1
427	319	168	342	161	315	321	0.0810811	0	0.369231	1
428	534	174	535	173	315	316	0.00225225	0	0.382418	1
429	168	256	163	256	315	316	0.00563063	0	0.562637	2
430	156	248	147	249	315	317	0.0112613	0	0.545055	2
431	463	166	463	165	315	316	0.00112613	0	0.364835	1
432	673	169	674	169	315	316	0.00112613	0	0.371429	1
433	657	175	656	174	315	316	0.00225225	0	0.384615	2
434	538	203	541	202	315	316	0.0045045	0	0.446154	1
435	555	193	562	194	315	317	0.00900901	0	0.424176	1
436	146	250	141	251	315	316	0.00675676	0	0.549451	2
437	533	160	536	161	315	316	0.0045045	0	0.351648	1
438	599	167	602	166	315	316	0.0045045	0	0.367033	1
439	439	165	439	164	315	316	0.00112613	0	0.362637	1
440	586	159	589	158	315	316	0.0045045	0	0.349451	1
441	519	147	516	147	315	316	0.00337838	0	0.323077	2
442	331	190	339	187	315	318	0.0191441	0	0.417582	1
443	597	453	592	453	315	330	0.00563063	0	0.995604	2
444	638	148	656	147	315	322	0.0213964	0	0.325275	1
445	642	134	648	133	316	319	0.00788288	0	0.294505	1
446	494	176	494	173	316	317	0.0101351	0	0.386813	1
447	164	272	157	270	316	318	0.0123874	0	0.597802	2
448	467	214	471	212	316	317	0.00900901	0	0.47033	1
449	467	178	467	175	316	317	0.0101351	0	0.391209	1
450	317	196	319	196	316	317	0.00225225	0	0.430769	1
451	592	170	605	166	316	319	0.0326577	0	0.373626	1
452	751	200	753	194	316	319	0.0427928	0	0.43956	1
453	613	157	617	157	316	317	0.0045045	0	0.345055	1
454	631	64	602	65	316	330	0.0337838	0	0.140659	2
455	356	251	361	247	316	319	0.0236486	0	0.551648	1
456	582	178	596	174	316	319	0.0337838	0	0.391209	1
457	492	127	496	127	316	317	0.0045045	0	0.279121	1
458	642	124	644	124	316	317	0.00225225	0	0.272527	1
459	699	219	699	218	316	318	0.00112613	0	0.481319	1
460	161	246	158	245	316	317	0.0045045	0	0.540659	2
461	434	174	436	173	316	317	0.00337838	0	0.382418	1
462	487	201	487	196	316	319	0.0281532	0	0.441758	1
463	506	443	502	440	316	325	0.0146396	0	0.973626	2
464	446	180	447	179	317	318	0.00225225	0	0.395604	1
465	679	168	680	167	317	318	0.00225225	0	0.369231	1
466	737	196	733	191	317	319	0.0326577	0	0.430769	2
467	538	197	541	196	317	318	0.0045045	0	0.432967	1
468	601	159	605	157	317	318	0.00900901	0	0.349451	1
469	518	158	520	157	317	318	0.00337838	0	0.347253	1
470	681	186	682	184	317	318	0.00563063	0	0.408791	1
471	452	168	453	167	317	318	0.00225225	0	0.369231	1
472	680	158	680	156	317	318	0.0045045	0	0.347253	1
473	368	245	369	244	317	318	0.00225225	0	0.538462	1
474	516	148	515	148	317	318	0.00112613	0	0.325275	2
475	691	159	689	151	317	323	0.0743243	0	0.349451	2
476	522	178	529	173	317	319	0.036036	0	0.391209	1
477	184	292	183	291	317	318	0.00225225	0	0.641758	2
478	445	139	450	139	317	318	0.00563063	0	0.305495	1
479	390	210	404	204	317	319	0.0563063	0	0.461538	1
480	691	168	690	164	318	320	0.0191441	0	0.369231	2
481	494	171	492	167	318	320	0.0202703	0	0.375824	2
482	525	194	529	192	318	319	0.00900901	0	0.426374	1
483	516	214	514	210	318	319	0.0202703	0	0.47033	2
484	131	249	125	245	318	319	0.0247748	0	0.547253	2
485	733	171	738	166	318	322	0.0337838	0	0.375824	1
486	424	224	428	222	318	319	0.00900901	0	0.492308	1
487	146	257	135	251	318	320	0.0529279	0	0.564835	2
488	157	255	144	249	318	321	0.0551802	0	0.56044	2
489	142	247	126	240	318	322	0.0731982	0	0.542857	2
490	443	167	443	166	318	319	0.00112613	0	0.367033	1
491	572	151	573	149	318	319	0.00563063	0	0.331868	1
492	503	143	500	143	318	319	0.00337838	0	0.314286	2
493	461	157	460	157	318	319	0.00112613	0	0.345055	2
494	395	196	401	193	318	319	0.0168919	0	0.430769	1
495	321	197	327	195	318	320	0.0112613	0	0.432967	1
496	154	245	145	240	318	320	0.0382883	0	0.538462	2
497	502	181	502	178	318	319	0.0101351	0	0.397802	1
498	645	123	647	122	318	320	0.00337838	0	0.27033	1
499	592	206	600	206	318	319	0.00900901	0	0.452747	1
500	619	75	607	74	318	323	0.0146396	0	0.164835	2
501	558	166	560	166	318	319	0.00225225	0	0.364835	1
502	558	200	565	199	318	319	0.00900901	0	0.43956	1
503	483	137	490	136	318	320	0.00900901	0	0.301099	1
504	505	125	507	124	318	319	0.00337838	0	0.274725	1
505	167	254	162	250	318	319	0.0236486	0	0.558242	2
506	680	166	681	162	319	321	0.0191441	0	0.364835	1
507	151	268	128	264	319	324	0.0439189	0	0.589011	2
508	609	156	621	155	319	321	0.0146396	0	0.342857	1
509	679	156	679	154	319	320	0.0045045	0	0.342857	1
510	400	231	407	232	319	320	0.00900901	0	0.507692	1
511	163	268	159	266	319	320	0.00900901	0	0.589011	2
512	684	181	686	176	319	322	0.0304054	0	0.397802	1
513	159	306	157	305	319	320	0.00337838	0	0.672527	2
514	455	136	466	133	319	321	0.0225225	0	0.298901	1
515	570	169	574	168	319	320	0.00563063	0	0.371429	1
516	159	316	156	312	319	320	0.0213964	0	0.694505	2
517	561	445	563	444	319	328	0.00337838	0	0.978022	1
518	386	230	404	232	319	321	0.0247748	0	0.505495	1
519	454	167	456	167	319	320	0.00225225	0	0.367033	1
520	556	156	559	156	319	320	0.00337838	0	0.342857	1
521	541	164	548	162	319	321	0.0123874	0	0.36044	1
522	629	140	632	140	319	320	0.00337838	0	0.307692	1
523	470	446	470	447	320	322	0.00112613	0	0.98022	1
524	585	206	596	205	320	321	0.0135135	0	0.452747	1
525	488	447	488	447	320	321	0	0	0.982418	1
526	651	133	663	129	320	325	0.0315315	0	0.292308	1
527	610	165	616	165	320	321	0.00675676	0	0.362637	1
528	577	150	586	151	320	322	0.0112613	0	0.32967	1
529	513	209	514	210	320	321	0.00225225	0	0.459341	1
530	472	163	470	164	320	321	0.00337838	0	0.358242	2
531	436	221	442	217	320	321	0.0247748	0	0.485714	1
532	726	208	727	206	320	321	0.00563063	0	0.457143	1
533	674	175	675	176	320	321	0.00225225	0	0.384615	1
534	549	173	553	172	320	321	0.00563063	0	0.38022	1
535	122	241	107	236	320	325	0.045045	0	0.52967	2
536	498	199	498	200	320	322	0.00112613	0	0.437363	1
537	158	248	146	252	320	323	0.0315315	0	0.545055	2
538	511	197	512	197	320	321	0.00112613	0	0.432967	1
539	733	190	735	189	320	322	0.00337838	0	0.417582	1
540	574	198	581	199	320	321	0.00900901	0	0.435165	1
541	341	186	344	186	320	321	0.00337838	0	0.408791	1
542	376	239	400	239	320	322	0.027027	0	0.525275	1
543	505	120	519	120	320	323	0.0157658	0	0.263736	1
544	335	207	336	207	320	321	0.00112613	0	0.454945	1
545	488	195	489	194	320	321	0.00225225	0	0.428571	1
546	467	144	475	143	320	321	0.0101351	0	0.316484	1
547	314	204	328	200	320	322	0.0337838	0	0.448352	1
548	505	142	503	144	320	321	0.00675676	0	0.312088	2
549	691	164	689	162	321	323	0.00675676	0	0.36044	2
550	554	190	559	190	321	322	0.00563063	0	0.417582	1
551	420	195	427	194	321	322	0.00900901	0	0.428571	1
552	452	181	455	181	321	322	0.00337838	0	0.397802	1
553	531	188	534	189	321	322	0.0045045	0	0.413187	1
554	132	251	121	250	321	324	0.0135135	0	0.551648	2
555	499	169	499	169	321	322	0	0	0.371429	1
556	506	182	507	182	321	322	0.00112613	0	0.4	1
557	542	191	545	192	321	322	0.0045045	0	0.41978	1
558	703	209	704	209	321	323	0.00112613	0	0.459341	1
559	580	446	580	445	321	325	0.00112613	0	0.98022	1
560	658	169	658	167	321	322	0.0045045	0	0.371429	1
561	564	197	565	197	321	322	0.00112613	0	0.432967	1
562	641	123	643	123	321	322	0.00225225	0	0.27033	1
563	680	152	679	151	321	322	0.00225225	0	0.334066	2
564	611	175	617	176	321	322	0.00788288	0	0.384615	1
565	565	158	569	158	321	322	0.0045045	0	0.347253	1
566	143	239	135	238	321	323	0.0101351	0	0.525275	2
567	635	149	640	149	321	322	0.00563063	0	0.327473	1
568	147	309	144	309	321	322	0.00337838	0	0.679121	2
569	444	171	446	170	321	322	0.00337838	0	0.375824	1
570	454	166	457	166	321	322	0.00337838	0	0.364835	1
571	539	174	542	174	321	322	0.00337838	0	0.382418	1
572	625	83	615	85	321	324	0.0157658	0	0.182418	2
573	427	222	433	221	321	322	0.00788288	0	0.487912	1
574	508	155	506	153	322	323	0.00675676	0	0.340659	2
575	488	447	486	446	322	324	0.00337838	0	0.982418	2
576	622	166	627	166	322	323	0.00563063	0	0.364835	1
577	736	176	742	170	322	325	0.0472973	0	0.386813	1
578	680	163	678	160	322	324	0.0123874	0	0.358242	2
579	413	256	412	255	322	323	0.00225225	0	0.562637	2
580	140	249	135	248	322	323	0.00675676	0	0.547253	2
581	347	161	360	156	322	325	0.0427928	0	0.353846	1
582	472	132	489	126	322	325	0.0596847	0	0.29011	1
583	481	142	486	140	322	323	0.0101351	0	0.312088	1
584	608	205	617	202	322	323	0.0202703	0	0.450549	1
585	517	214	519	214	322	325	0.00225225	0	0.47033	1
586	443	227	442	227	322	323	0.00112613	0	0.498901	2
587	569	170	572	170	322	323	0.00337838	0	0.373626	1
588	419	238	422	239	322	323	0.0045045	0	0.523077	1
589	826	449	822	447	322	330	0.00900901	0	0.986813	2
590	440	197	442	195	322	323	0.00675676	0	0.432967	1
591	667	455	664	453	322	330	0.00788288	0	1	2
592	568	148	571	148	322	323	0.00337838	0	0.325275	1
593	633	131	633	129	322	323	0.0045045	0	0.287912	1
594	587	204	591	205	322	324	0.00563063	0	0.448352	1
595	116	249	110	246	322	324	0.0168919	0	0.547253	2
596	181	77	179	75	322	330	0.00675676	0	0.169231	2
597	469	447	469	446	323	325	0.00112613	0	0.982418	1
598	532	195	538	195	323	324	0.00675676	0	0.428571	1
599	735	189	740	183	323	325	0.0461712	0	0.415385	1
600	496	169	497	170	323	324	0.00225225	0	0.371429	1
601	635	119	634	118	323	324	0.00225225	0	0.261538	2
602	547	193	549	193	323	324	0.00225225	0	0.424176	1
603	455	161	457	159	323	324	0.00675676	0	0.353846	1
604	123	240	109	233	323	327	0.0709459	0	0.527473	2
605	507	184	509	183	323	326	0.00337838	0	0.404396	1
606	645	125	646	124	323	324	0.00225225	0	0.274725	1
607	622	176	637	174	323	325	0.0213964	0	0.386813	1
608	640	151	652	148	323	325	0.0236486	0	0.331868	1
609	679	152	678	150	323	324	0.00563063	0	0.334066	2
610	128	310	127	310	323	324	0.00112613	0	0.681319	2
611	735	160	734	158	323	324	0.00563063	0	0.351648	2
612	350	189	356	185	323	324	0.0247748	0	0.415385	1
613	485	193	485	192	323	324	0.00112613	0	0.424176	1
614	580	158	583	158	323	324	0.00337838	0	0.347253	1
615	566	202	567	202	323	324	0.00112613	0	0.443956	1
616	112	269	108	271	323	324	0.00900901	0	0.591209	2
617	449	171	450	169	323	324	0.00563063	0	0.375824	1
618	639	161	644	159	323	324	0.0101351	0	0.353846	1
619	131	223	125	220	323	325	0.0168919	0	0.49011	2
620	506	152	508	146	324	326	0.0427928	0	0.334066	1
621	689	161	688	158	324	325	0.0112613	0	0.353846	2
622	703	208	703	206	324	325	0.0045045	0	0.457143	1
623	414	256	415	254	324	325	0.00563063	0	0.562637	1
624	465	183	470	182	324	325	0.00675676	0	0.402198	1
625	133	240	130	238	324	325	0.00788288	0	0.527473	2
626	605	74	604	73	324	325	0.00225225	0	0.162637	2
627	471	173	475	171	324	325	0.00900901	0	0.38022	1
628	134	250	131	248	324	325	0.00788288	0	0.549451	2
629	742	206	742	202	324	325	0.018018	0	0.452747	1
630	525	120	547	115	324	328	0.0529279	0	0.263736	1
631	574	147	578	146	324	325	0.00563063	0	0.323077	1
632	518	158	520	157	324	325	0.00337838	0	0.347253	1
633	634	153	640	151	324	325	0.0112613	0	0.336264	1
634	617	207	620	206	324	325	0.0045045	0	0.454945	1
635	690	151	689	148	324	325	0.0112613	0	0.331868	2
636	700	164	699	156	324	327	0.0731982	0	0.36044	2
637	511	170	512	167	324	325	0.0112613	0	0.373626	1
638	637	136	639	136	324	325	0.00225225	0	0.298901	1
639	492	160	493	159	324	325	0.00225225	0	0.351648	1
640	110	256	108	253	324	325	0.0123874	0	0.562637	2
641	550	175	554	174	324	325	0.00563063	0	0.384615	1
642	552	146	565	140	324	328	0.0551802	0	0.320879	1
643	126	263	121	260	325	326	0.0157658	0	0.578022	2
644	119	249	110	243	325	327	0.0506757	0	0.547253	2
645	553	195	553	194	325	326	0.00112613	0	0.428571	1
646	467	197	467	197	325	326	0	0	0.432967	1
647	444	186	450	183	325	326	0.0168919	0	0.408791	1
648	500	169	499	168	325	326	0.00225225	0	0.371429	2
649	462	158	465	154	325	327	0.0213964	0	0.347253	1
650	591	205	591	203	325	326	0.0045045	0	0.450549	1
651	474	209	472	208	325	326	0.00337838	0	0.459341	2
652	642	164	649	163	325	326	0.00900901	0	0.36044	1
653	109	269	105	265	325	326	0.0225225	0	0.591209	2
654	460	175	461	174	325	326	0.00225225	0	0.384615	1
655	420	244	427	238	325	327	0.0484234	0	0.536264	1
656	353	180	360	176	325	327	0.0259009	0	0.395604	1
657	532	154	545	148	325	327	0.0551802	0	0.338462	1
658	364	180	375	176	325	327	0.0304054	0	0.395604	1
659	511	203	511	201	325	326	0.0045045	0	0.446154	1
660	468	445	463	444	326	330	0.00675676	0	0.978022	2
661	665	127	666	123	326	329	0.0191441	0	0.279121	1
662	582	168	584	166	326	327	0.00675676	0	0.369231	1
663	520	213	519	211	326	329	0.00563063	0	0.468132	2
664	364	155	374	154	326	328	0.0123874	0	0.340659	1
665	745	170	743	165	326	329	0.0304054	0	0.373626	2
666	579	146	581	143	326	327	0.0123874	0	0.320879	1
667	126	247	108	240	326	330	0.0754505	0	0.542857	2
668	501	440	495	439	326	330	0.00788288	0	0.967033	2
669	422	213	423	211	326	327	0.00563063	0	0.468132	1
670	103	234	85	227	326	330	0.0754505	0	0.514286	2
671	448	213	455	210	326	327	0.018018	0	0.468132	1
672	498	140	497	137	326	327	0.0112613	0	0.307692	2
673	446	173	449	169	326	330	0.0213964	0	0.38022	1
674	569	201	570	198	326	328	0.0112613	0	0.441758	1
675	499	186	499	184	326	327	0.0045045	0	0.408791	1
676	473	181	472	180	326	327	0.00225225	0	0.397802	2
677	127	236	109	229	326	330	0.0754505	0	0.518681	2
678	653	114	653	112	326	327	0.0045045	0	0.250549	1
679	135	298	134	295	326	327	0.0112613	0	0.654945	2
680	687	147	684	145	326	327	0.00788288	0	0.323077	2
681	361	196	364	195	326	328	0.0045045	0	0.430769	1
682	635	157	643	151	326	330	0.0495495	0	0.345055	1
683	730	156	728	151	326	329	0.0304054	0	0.342857	2
684	103	253	96	247	326	328	0.0484234	0	0.556044	2
685	529	150	538	145	326	328	0.0382883	0	0.32967	1
686	487	445	482	444	326	330	0.00675676	0	0.978022	2
687	601	73	589	74	326	330	0.0146396	0	0.16044	2
688	589	155	592	151	326	327	0.0213964	0	0.340659	1
689	206	127	203	126	326	330	0.0045045	0	0.279121	2
690	511	166	510	164	326	327	0.00563063	0	0.364835	2
691	580	444	577	443	326	330	0.0045045	0	0.975824	2
692	821	65	815	64	326	327	0.00788288	0	0.142857	2
693	740	159	735	152	326	330	0.0608108	0	0.349451	2
694	581	198	582	195	326	327	0.0112613	0	0.435165	1
695	660	148	666	147	326	327	0.00788288	0	0.325275	1
696	644	174	665	172	326	330	0.0281532	0	0.382418	1
697	185	292	182	292	326	330	0.00337838	0	0.641758	2
698	508	145	509	144	327	328	0.00225225	0	0.318681	1
699	658	166	676	166	327	330	0.0202703	0	0.364835	1
700	554	194	557	192	327	328	0.00788288	0	0.426374	1
701	509	181	509	179	327	328	0.0045045	0	0.397802	1
702	626	203	633	199	327	328	0.0259009	0	0.446154	1
703	116	258	101	255	327	330	0.027027	0	0.567033	2
704	498	168	497	166	327	328	0.00563063	0	0.369231	2
705	595	203	597	202	327	328	0.00337838	0	0.446154	1
706	464	224	472	225	327	328	0.0101351	0	0.492308	1
707	714	163	716	158	327	328	0.0304054	0	0.358242	1
708	494	149	495	147	327	328	0.00563063	0	0.327473	1
709	458	234	465	236	327	328	0.0123874	0	0.514286	1
710	742	178	739	175	327	330	0.0135135	0	0.391209	2
711	653	156	660	155	327	328	0.00900901	0	0.342857	1
712	611	53	603	55	327	330	0.0135135	0	0.116484	2
713	108	241	98	240	328	330	0.0123874	0	0.52967	2
714	106	230	96	229	328	330	0.0123874	0	0.505495	2
715	469	155	470	156	328	329	0.00225225	0	0.340659	1
716	374	178	374	181	328	329	0.0101351	0	0.391209	1
717	426	210	427	208	328	330	0.00563063	0	0.461538	1
718	604	151	607	150	328	329	0.0045045	0	0.331868	1
719	348	187	354	185	328	329	0.0112613	0	0.410989	1
720	586	139	591	137	328	330	0.0101351	0	0.305495	1
721	573	157	575	156	328	329	0.00337838	0	0.345055	1
722	592	152	596	150	328	329	0.00900901	0	0.334066	1
723	810	63	798	61	328	330	0.018018	0	0.138462	2
724	363	182	374	182	328	329	0.0123874	0	0.4	1
725	495	136	494	134	328	330	0.00563063	0	0.298901	2
726	99	262	89	261	328	330	0.0123874	0	0.575824	2
727	511	164	510	163	328	329	0.00225225	0	0.36044	2
728	605	99	602	99	328	330	0.00337838	0	0.217582	2
729	670	155	676	155	328	329	0.00675676	0	0.340659	1
730	735	203	734	202	328	329	0.00225225	0	0.446154	2
731	481	171	481	171	328	329	0	0	0.375824	1
732	439	202	438	201	328	330	0.00225225	0	0.443956	2
733	561	191	564	190	329	330	0.0045045	0	0.41978	1
734	510	179	508	177	329	330	0.00675676	0	0.393407	2
735	552	115	555	115	329	330	0.00337838	0	0.252747	1
736	93	246	87	245	329	330	0.00788288	0	0.540659	2
737	597	203	596	202	329	330	0.00225225	0	0.446154	2
738	472	454	469	453	329	330	0.0045045	0	0.997802	2
739	371	163	373	162	329	330	0.00337838	0	0.358242	1
740	364	197	362	196	329	330	0.00337838	0	0.432967	2
741	382	149	385	148	329	330	0.0045045	0	0.327473	1
742	462	183	461	182	329	330	0.00225225	0	0.402198	2
743	815	71	809	70	329	330	0.00788288	0	0.156044	2
744	574	198	578	196	329	330	0.00900901	0	0.435165	1
745	512	126	516	125	329	330	0.00563063	0	0.276923	1
746	562	445	560	444	329	330	0.00337838	0	0.978022	2
747	477	229	478	230	329	330	0.00225225	0	0.503297	1
748	545	146	549	146	329	330	0.0045045	0	0.320879	1
749	607	83	602	83	329	330	0.00563063	0	0.182418	2
750	503	220	502	219	329	330	0.00225225	0	0.483516	2
751	555	154	556	153	329	330	0.00225225	0	0.338462	1