
0	302	210	303	209	97	98	0.00275862	0	0.461538	1
1	606	175	606	172	97	99	0.0124138	0	0.384615	1
2	371	146	371	144	97	98	0.00551724	0	0.320879	1
3	363	224	364	224	97	98	0.00137931	0	0.492308	1
4	522	451	524	450	97	111	0.00413793	0	0.991209	1
5	49	416	83	406	97	135	0.184828	0	0.914286	1
6	645	452	640	449	97	111	0.0193103	0	0.993407	2
7	641	442	636	438	97	100	0.0289655	0	0.971429	2
8	509	437	507	433	97	100	0.0248276	0	0.96044	2
9	347	449	355	450	98	113	0.0124138	0	0.986813	1
10	490	312	487	310	98	99	0.00965517	0	0.685714	2
11	369	451	394	452	98	115	0.0358621	0	0.991209	1
12	400	233	394	229	99	100	0.0303448	0	0.512088	2
13	316	167	309	158	99	101	0.121379	0	0.367033	2
14	491	440	485	438	99	101	0.0137931	0	0.967033	2
15	793	455	786	454	99	102	0.0110345	0	1	2
16	330	179	327	177	99	100	0.00965517	0	0.393407	2
17	476	428	513	431	99	117	0.0634483	0	0.940659	1
18	344	221	340	221	99	100	0.00551724	0	0.485714	2
19	274	225	273	222	100	101	0.0137931	0	0.494505	2
20	604	172	604	168	100	106	0.022069	0	0.378022	1
21	473	166	466	164	100	102	0.0151724	0	0.364835	2
22	255	436	307	434	100	135	0.0772414	0	0.958242	1
23	365	143	361	139	100	101	0.0275862	0	0.314286	2
24	388	455	384	454	100	101	0.00689655	0	1	2
25	483	179	475	178	100	103	0.0124138	0	0.393407	2
26	147	423	143	424	100	102	0.00689655	0	0.92967	2
27	363	162	361	155	100	102	0.0703448	0	0.356044	2
28	336	221	333	222	101	102	0.00551724	0	0.485714	2
29	746	446	752	449	101	104	0.0206897	0	0.98022	1
30	293	198	293	197	101	102	0.00137931	0	0.435165	1
31	613	434	629	437	101	113	0.0344828	0	0.953846	1
32	436	134	435	132	101	102	0.00689655	0	0.294505	2
33	172	420	175	423	101	110	0.0165517	0	0.923077	1
34	309	157	311	158	102	103	0.00413793	0	0.345055	1
35	364	139	367	140	102	103	0.00551724	0	0.305495	1
36	429	445	447	447	102	113	0.0303448	0	0.978022	1
37	486	440	493	441	102	105	0.0110345	0	0.967033	1
38	487	296	491	298	102	103	0.0110345	0	0.650549	1
39	349	242	347	243	102	103	0.00413793	0	0.531868	2
40	395	176	395	178	102	104	0.00551724	0	0.386813	1
41	475	311	493	302	102	106	0.136552	0	0.683516	1
42	321	178	324	180	102	103	0.00965517	0	0.391209	1
43	692	452	695	451	103	104	0.00551724	0	0.993407	1
44	24	415	26	410	103	107	0.0372414	0	0.912088	1
45	499	436	502	435	103	104	0.00551724	0	0.958242	1
46	96	412	98	411	103	104	0.00413793	0	0.905495	1
47	364	127	367	123	103	104	0.0262069	0	0.279121	1
48	503	24	507	24	103	104	0.00551724	0	0.0527473	1
49	348	232	347	231	103	104	0.00275862	0	0.50989	2
50	367	182	370	179	103	104	0.0165517	0	0.4	1
51	387	239	388	239	103	104	0.00137931	0	0.525275	1
52	465	169	467	162	103	106	0.0703448	0	0.371429	1
53	438	138	440	137	103	104	0.00413793	0	0.303297	1
54	512	318	516	319	103	104	0.00689655	0	0.698901	1
55	384	174	384	174	103	104	0	0	0.382418	1
56	147	427	151	423	103	106	0.0275862	0	0.938462	1
57	637	438	672	437	104	116	0.0496552	0	0.962637	1
58	376	192	377	188	104	105	0.0234483	0	0.421978	1
59	395	213	396	211	104	105	0.00689655	0	0.468132	1
60	183	178	184	173	104	108	0.0358621	0	0.391209	1
61	501	298	505	295	104	105	0.017931	0	0.654945	1
62	307	186	311	183	104	105	0.017931	0	0.408791	1
63	328	179	333	175	104	105	0.0289655	0	0.393407	1
64	363	428	409	425	105	135	0.0758621	0	0.940659	1
65	370	121	372	118	105	106	0.0151724	0	0.265934	1
66	505	434	502	433	105	108	0.00551724	0	0.953846	2
67	698	450	697	448	105	107	0.00689655	0	0.989011	2
68	475	175	474	172	105	106	0.0137931	0	0.384615	2
69	448	181	439	183	105	110	0.017931	0	0.397802	2
70	446	436	457	438	105	113	0.0206897	0	0.958242	1
71	459	174	458	171	105	106	0.0137931	0	0.382418	2
72	133	208	134	207	105	106	0.00275862	0	0.457143	1
73	196	439	207	440	105	113	0.0165517	0	0.964835	1
74	348	229	345	226	105	106	0.0165517	0	0.503297	2
75	94	409	105	410	105	113	0.0165517	0	0.898901	1
76	794	455	788	454	105	108	0.00965517	0	1	2
77	442	135	440	133	105	107	0.00827586	0	0.296703	2
78	518	319	521	316	105	107	0.0165517	0	0.701099	1
79	514	352	517	351	105	106	0.00551724	0	0.773626	1
80	44	428	80	421	105	135	0.117241	0	0.940659	1
81	330	221	327	218	105	106	0.0165517	0	0.485714	2
82	493	354	493	351	105	108	0.0124138	0	0.778022	1
83	141	417	151	418	105	113	0.0151724	0	0.916484	1
84	442	125	442	123	105	106	0.00551724	0	0.274725	1
85	287	216	289	214	105	106	0.00827586	0	0.474725	1
86	493	441	522	445	106	115	0.062069	0	0.969231	1
87	446	444	456	446	106	113	0.0193103	0	0.975824	1
88	505	292	505	290	106	107	0.00551724	0	0.641758	1
89	392	455	389	454	106	107	0.00551724	0	1	2
90	377	132	377	128	106	107	0.022069	0	0.29011	1
91	391	233	389	231	106	107	0.00827586	0	0.512088	2
92	483	212	478	208	106	107	0.0289655	0	0.465934	2
93	471	170	465	169	107	108	0.00965517	0	0.373626	2
94	455	169	449	169	107	108	0.00827586	0	0.371429	2
95	378	183	374	182	107	108	0.00689655	0	0.402198	2
96	150	422	145	425	107	109	0.0193103	0	0.927473	2
97	601	165	593	162	107	108	0.0234483	0	0.362637	2
98	293	215	291	214	107	109	0.00413793	0	0.472527	2
99	574	114	564	115	107	111	0.0151724	0	0.250549	2
100	752	448	753	450	107	111	0.00689655	0	0.984615	1
101	464	159	454	159	107	109	0.0137931	0	0.349451	2
102	692	450	694	452	108	110	0.00827586	0	0.989011	1
103	333	170	333	171	108	109	0.00137931	0	0.373626	1
104	385	229	382	231	108	109	0.00965517	0	0.503297	2
105	510	292	516	294	108	110	0.0137931	0	0.641758	1
106	490	222	488	223	108	110	0.00413793	0	0.487912	2
107	98	404	135	406	108	119	0.0565517	0	0.887912	1
108	392	184	386	185	108	109	0.00965517	0	0.404396	2
109	514	358	513	360	108	109	0.00689655	0	0.786813	2
110	101	417	139	418	108	116	0.0537931	0	0.916484	1
111	503	436	547	437	109	117	0.062069	0	0.958242	1
112	376	133	379	133	109	110	0.00413793	0	0.292308	1
113	370	165	367	164	109	110	0.00551724	0	0.362637	2
114	431	129	431	129	109	110	0	0	0.283516	1
115	183	177	192	176	109	112	0.0137931	0	0.389011	1
116	367	199	368	197	109	110	0.00689655	0	0.437363	1
117	364	183	388	175	109	117	0.121379	0	0.402198	1
118	182	136	182	136	109	110	0	0	0.298901	1
119	24	414	68	413	110	129	0.062069	0	0.90989	1
120	376	177	376	175	110	111	0.00551724	0	0.389011	1
121	461	178	460	176	110	111	0.00689655	0	0.391209	2
122	147	426	162	426	110	113	0.0206897	0	0.936264	1
123	306	224	305	222	110	111	0.00689655	0	0.492308	2
124	328	223	329	219	110	112	0.0234483	0	0.49011	1
125	789	455	793	454	110	111	0.00689655	0	1	1
126	529	325	541	322	110	111	0.0289655	0	0.714286	1
127	296	215	304	215	110	111	0.0110345	0	0.472527	1
128	692	452	705	452	111	113	0.017931	0	0.993407	1
129	373	196	377	194	111	112	0.0110345	0	0.430769	1
130	442	181	446	181	111	112	0.00551724	0	0.397802	1
131	379	224	382	221	111	112	0.0165517	0	0.492308	1
132	179	423	190	423	111	113	0.0151724	0	0.92967	1
133	495	433	533	434	111	117	0.0537931	0	0.951648	1
134	439	139	442	138	111	112	0.00551724	0	0.305495	1
135	181	155	189	154	112	113	0.0124138	0	0.340659	1
136	531	454	537	453	112	113	0.00965517	0	0.997802	1
137	646	450	674	452	112	117	0.0441379	0	0.989011	1
138	708	453	714	453	112	113	0.00827586	0	0.995604	1
139	371	168	379	165	112	114	0.0234483	0	0.369231	1
140	191	137	197	136	112	113	0.00965517	0	0.301099	1
141	361	455	388	454	112	116	0.0386207	0	1	1
142	535	347	560	346	112	114	0.0358621	0	0.762637	1
143	565	117	572	115	112	114	0.0151724	0	0.257143	1
144	491	219	492	215	112	113	0.0234483	0	0.481319	1
145	537	290	548	288	112	113	0.0206897	0	0.637363	1
146	363	123	379	123	112	114	0.022069	0	0.27033	1
147	412	151	418	151	112	113	0.00827586	0	0.331868	1
148	463	61	516	61	112	117	0.0731034	0	0.134066	1
149	705	174	721	174	113	115	0.022069	0	0.382418	1
150	267	448	304	443	113	135	0.0855172	0	0.984615	1
151	124	448	131	447	113	114	0.0110345	0	0.984615	1
152	221	434	254	428	113	135	0.0951724	0	0.953846	1
153	465	179	466	179	113	114	0.00137931	0	0.393407	1
154	456	162	459	161	113	114	0.00551724	0	0.356044	1
155	437	118	441	117	113	114	0.00689655	0	0.259341	1
156	329	167	338	166	113	114	0.0137931	0	0.367033	1
157	205	175	223	169	113	115	0.0744828	0	0.384615	1
158	447	138	460	135	113	115	0.0303448	0	0.303297	1
159	325	219	336	216	113	115	0.0275862	0	0.481319	1
160	575	137	579	135	113	114	0.0110345	0	0.301099	1
161	335	191	365	190	113	116	0.0427586	0	0.41978	1
162	382	193	404	171	113	133	0.697931	0	0.424176	1
163	531	363	568	364	113	116	0.0524138	0	0.797802	1
164	175	420	204	415	114	135	0.0744828	0	0.923077	1
165	713	452	731	453	114	118	0.0262069	0	0.993407	1
166	561	449	590	449	114	134	0.04	0	0.986813	1
167	455	446	470	447	114	119	0.022069	0	0.98022	1
168	159	419	174	419	114	119	0.0206897	0	0.920879	1
169	345	427	359	427	114	119	0.0193103	0	0.938462	1
170	470	434	484	435	114	119	0.0206897	0	0.953846	1
171	370	444	396	440	114	135	0.057931	0	0.975824	1
172	121	448	148	446	114	123	0.0427586	0	0.984615	1
173	638	437	646	437	114	115	0.0110345	0	0.96044	1
174	60	416	75	416	114	119	0.0206897	0	0.914286	1
175	492	210	492	203	114	116	0.0675862	0	0.461538	1
176	566	165	578	166	114	120	0.017931	0	0.362637	1
177	260	448	288	444	114	133	0.0606897	0	0.984615	1
178	544	450	559	450	114	116	0.0206897	0	0.989011	1
179	260	438	287	437	114	128	0.0386207	0	0.962637	1
180	254	349	271	350	114	117	0.0248276	0	0.767033	1
181	212	440	238	439	114	127	0.0372414	0	0.967033	1
182	408	141	420	141	114	115	0.0165517	0	0.30989	1
183	194	141	203	138	114	115	0.0248276	0	0.30989	1
184	470	217	485	217	114	116	0.0206897	0	0.476923	1
185	350	211	368	211	114	116	0.0248276	0	0.463736	1
186	163	429	178	429	114	119	0.0206897	0	0.942857	1
187	392	175	397	174	115	116	0.00827586	0	0.384615	1
188	465	163	466	162	115	117	0.00275862	0	0.358242	1
189	143	447	161	441	115	134	0.0744828	0	0.982418	1
190	584	360	595	366	115	117	0.0648276	0	0.791209	1
191	322	212	326	209	115	117	0.017931	0	0.465934	1
192	404	447	425	442	115	135	0.0634483	0	0.982418	1
193	474	446	480	446	115	116	0.00827586	0	0.98022	1
194	581	113	583	113	115	117	0.00275862	0	0.248352	1
195	400	448	401	448	116	118	0.00137931	0	0.984615	1
196	477	164	475	164	116	117	0.00275862	0	0.36044	2
197	431	142	436	141	116	117	0.00827586	0	0.312088	1
198	346	214	343	211	116	118	0.0165517	0	0.47033	2
199	70	428	68	422	116	134	0.0524138	0	0.940659	2
200	465	133	466	131	116	117	0.00689655	0	0.292308	1
201	232	168	236	168	116	117	0.00551724	0	0.369231	1
202	529	446	529	446	116	119	0	0	0.98022	1
203	224	130	227	130	116	117	0.00413793	0	0.285714	1
204	468	150	468	149	116	117	0.00137931	0	0.32967	1
205	361	437	374	434	116	132	0.0303448	0	0.96044	1
206	586	288	593	289	116	117	0.0110345	0	0.632967	1
207	594	425	594	425	116	119	0	0	0.934066	1
208	475	132	473	129	116	119	0.0151724	0	0.29011	2
209	670	440	667	440	117	119	0.00413793	0	0.967033	2
210	483	447	481	447	117	119	0.00275862	0	0.982418	2
211	216	134	217	133	117	118	0.00275862	0	0.294505	1
212	730	174	727	174	117	119	0.00413793	0	0.382418	2
213	591	455	590	454	117	118	0.00275862	0	1	2
214	371	180	369	176	117	118	0.0248276	0	0.395604	2
215	413	133	414	130	117	118	0.0137931	0	0.292308	1
216	548	438	559	437	118	123	0.0165517	0	0.962637	1
217	374	210	374	208	118	119	0.00551724	0	0.461538	1
218	397	174	407	168	118	124	0.0634483	0	0.382418	1
219	423	182	422	180	118	119	0.00689655	0	0.4	2
220	588	121	582	120	118	119	0.00965517	0	0.265934	2
221	472	164	462	161	118	120	0.0262069	0	0.36044	2
222	598	295	608	294	118	120	0.0151724	0	0.648352	1
223	424	147	425	145	118	119	0.00689655	0	0.323077	1
224	521	63	523	63	118	119	0.00275862	0	0.138462	1
225	224	157	223	155	118	119	0.00689655	0	0.345055	2
226	387	174	388	168	118	121	0.0510345	0	0.382418	1
227	533	436	544	435	118	124	0.0165517	0	0.958242	1
228	806	455	820	450	118	135	0.0537931	0	1	1
229	322	271	351	268	118	121	0.0524138	0	0.595604	1
230	576	116	570	115	118	119	0.00965517	0	0.254945	2
231	463	131	459	129	118	119	0.0110345	0	0.287912	2
232	326	203	320	198	118	121	0.0427586	0	0.446154	2
233	104	455	112	451	118	125	0.0331034	0	1	1
234	743	454	741	454	118	119	0.00275862	0	0.997802	2
235	514	427	513	428	118	119	0.00275862	0	0.938462	2
236	369	176	376	172	119	121	0.0317241	0	0.386813	1
237	394	445	404	441	119	132	0.0358621	0	0.978022	1
238	585	368	631	364	119	124	0.0855172	0	0.808791	1
239	389	455	401	450	119	135	0.0510345	0	1	1
240	588	454	604	449	119	135	0.0565517	0	0.997802	1
241	216	134	217	133	119	120	0.00275862	0	0.294505	1
242	214	425	226	423	119	126	0.022069	0	0.934066	1
243	586	305	616	307	119	122	0.0468966	0	0.67033	1
244	676	437	688	434	120	132	0.0289655	0	0.96044	1
245	176	419	188	414	120	135	0.0510345	0	0.920879	1
246	362	427	375	421	120	135	0.0675862	0	0.938462	1
247	472	447	484	442	120	135	0.0510345	0	0.982418	1
248	561	455	570	454	120	122	0.0137931	0	1	1
249	669	455	677	454	120	125	0.0124138	0	1	1
250	419	105	421	101	120	121	0.0248276	0	0.230769	1
251	76	415	72	409	120	135	0.0551724	0	0.912088	2
252	130	410	142	404	120	135	0.0662069	0	0.901099	1
253	482	447	486	445	120	121	0.0110345	0	0.982418	1
254	180	429	190	424	120	134	0.0482759	0	0.942857	1
255	487	433	499	427	120	135	0.0662069	0	0.951648	1
256	730	175	739	172	120	122	0.0248276	0	0.384615	1
257	580	120	583	113	120	124	0.0717241	0	0.263736	1
258	733	454	738	452	120	127	0.0124138	0	0.997802	1
259	573	110	576	104	120	124	0.0537931	0	0.241758	1
260	427	179	435	176	120	121	0.0234483	0	0.393407	1
261	405	162	411	163	120	121	0.00965517	0	0.356044	1
262	405	119	410	117	120	121	0.0124138	0	0.261538	1
263	651	455	663	450	120	134	0.0510345	0	1	1
264	596	367	628	364	120	123	0.0565517	0	0.806593	1
265	530	445	541	443	120	123	0.0206897	0	0.978022	1
266	743	454	750	453	120	125	0.0110345	0	0.997802	1
267	529	62	563	63	120	125	0.0482759	0	0.136264	1
268	666	438	675	436	120	122	0.017931	0	0.962637	1
269	246	443	255	438	120	135	0.0468966	0	0.973626	1
270	517	429	528	428	120	122	0.0165517	0	0.942857	1
271	461	158	457	155	121	124	0.017931	0	0.347253	2
272	449	159	451	156	121	122	0.0151724	0	0.349451	1
273	617	289	652	291	121	126	0.0537931	0	0.635165	1
274	465	120	469	118	121	122	0.0110345	0	0.263736	1
275	400	157	405	154	121	122	0.0193103	0	0.345055	1
276	194	432	202	427	121	135	0.0455172	0	0.949451	1
277	335	206	331	202	121	124	0.0275862	0	0.452747	2
278	247	142	296	116	121	134	1	0	0.312088	1
279	394	167	397	166	122	123	0.00551724	0	0.367033	1
280	428	122	430	121	122	123	0.00413793	0	0.268132	1
281	240	126	243	124	122	123	0.00965517	0	0.276923	1
282	380	152	378	150	122	123	0.00827586	0	0.334066	2
283	572	452	573	452	123	133	0.00137931	0	0.993407	1
284	494	446	493	446	123	124	0.00137931	0	0.98022	2
285	427	100	424	99	123	124	0.00551724	0	0.21978	2
286	741	173	739	171	123	127	0.00827586	0	0.38022	2
287	475	169	472	169	123	124	0.00413793	0	0.371429	2
288	479	195	471	192	123	124	0.0234483	0	0.428571	2
289	494	129	498	131	123	124	0.0110345	0	0.283516	1
290	241	180	245	179	123	124	0.00689655	0	0.395604	1
291	345	353	345	351	123	125	0.00551724	0	0.775824	1
292	652	369	652	370	124	125	0.00137931	0	0.810989	1
293	392	172	392	171	124	125	0.00137931	0	0.378022	1
294	443	152	439	150	124	125	0.0110345	0	0.334066	2
295	243	123	243	121	124	125	0.00551724	0	0.27033	1
296	149	448	152	443	124	135	0.0386207	0	0.984615	1
297	374	149	365	143	124	128	0.062069	0	0.327473	2
298	398	158	399	155	124	127	0.0137931	0	0.347253	1
299	543	445	545	443	124	129	0.00827586	0	0.978022	1
300	432	121	433	120	124	125	0.00275862	0	0.265934	1
301	377	159	369	153	124	127	0.0606897	0	0.349451	2
302	493	447	493	446	125	127	0.00137931	0	0.982418	1
303	423	98	422	95	125	126	0.0137931	0	0.215385	2
304	458	154	454	152	125	126	0.0110345	0	0.338462	2
305	413	207	413	206	125	126	0.00137931	0	0.454945	1
306	582	113	581	111	125	126	0.00689655	0	0.248352	2
307	408	160	408	159	125	126	0.00137931	0	0.351648	1
308	335	198	332	195	125	126	0.0165517	0	0.435165	2
309	393	181	393	178	125	126	0.0124138	0	0.397802	1
310	464	164	459	161	125	126	0.0193103	0	0.36044	2
311	655	328	665	325	125	126	0.0262069	0	0.720879	1
312	410	139	412	137	125	126	0.00827586	0	0.305495	1
313	409	170	408	156	125	134	0.271724	0	0.373626	2
314	503	136	506	136	125	126	0.00413793	0	0.298901	1
315	571	106	570	105	125	126	0.00275862	0	0.232967	2
316	315	195	306	184	125	130	0.17931	0	0.428571	2
317	678	455	677	454	126	127	0.00275862	0	1	2
318	749	454	739	449	126	134	0.0482759	0	0.997802	2
319	383	191	386	188	126	127	0.0165517	0	0.41978	1
320	653	370	653	370	126	127	0	0	0.813187	1
321	245	121	246	120	126	127	0.00275862	0	0.265934	1
322	466	125	469	123	126	127	0.00965517	0	0.274725	1
323	398	167	398	165	126	127	0.00551724	0	0.367033	1
324	409	157	409	155	127	128	0.00551724	0	0.345055	1
325	328	194	325	190	127	129	0.0262069	0	0.426374	2
326	447	151	443	150	127	128	0.00689655	0	0.331868	2
327	413	201	412	200	127	128	0.00275862	0	0.441758	2
328	656	308	669	304	127	129	0.04	0	0.676923	1
329	660	290	667	288	127	128	0.0151724	0	0.637363	1
330	674	363	683	365	127	128	0.017931	0	0.797802	1
331	510	135	512	135	127	128	0.00275862	0	0.296703	1
332	421	95	419	92	127	129	0.0151724	0	0.208791	2
333	671	318	677	316	127	128	0.0137931	0	0.698901	1
334	660	319	667	318	127	128	0.0110345	0	0.701099	1
335	416	140	418	138	127	128	0.00827586	0	0.307692	1
336	407	302	427	303	127	129	0.0289655	0	0.663736	1
337	436	147	432	146	127	128	0.00689655	0	0.323077	2
338	494	447	493	442	128	134	0.0358621	0	0.982418	2
339	235	437	234	435	128	131	0.00689655	0	0.96044	2
340	678	455	677	452	128	132	0.0137931	0	1	2
341	400	165	400	163	128	129	0.00551724	0	0.362637	1
342	399	155	399	153	128	129	0.00551724	0	0.340659	1
343	459	115	456	112	128	130	0.0165517	0	0.252747	2
344	741	171	741	168	128	131	0.0124138	0	0.375824	1
345	242	454	242	450	128	135	0.022069	0	0.997802	1
346	737	453	733	448	128	133	0.04	0	0.995604	2
347	368	153	360	147	128	132	0.0606897	0	0.336264	2
348	569	104	564	103	128	130	0.00827586	0	0.228571	2
349	709	455	709	451	128	135	0.022069	0	1	1
350	425	156	426	155	129	130	0.00275862	0	0.342857	1
351	321	423	322	419	129	135	0.0234483	0	0.92967	1
352	412	199	411	196	129	130	0.0137931	0	0.437363	2
353	244	439	243	435	129	135	0.0234483	0	0.964835	2
354	410	153	409	151	129	130	0.00689655	0	0.336264	2
355	360	140	357	136	129	131	0.0262069	0	0.307692	2
356	252	159	252	159	129	130	0	0	0.349451	1
357	367	162	359	155	129	132	0.0786207	0	0.356044	2
358	504	151	505	148	129	131	0.0137931	0	0.331868	1
359	433	355	434	355	129	130	0.00137931	0	0.78022	1
360	249	125	252	126	129	131	0.00551724	0	0.274725	1
361	676	289	683	288	129	130	0.0110345	0	0.635165	1
362	330	205	329	203	129	130	0.00689655	0	0.450549	2
363	691	368	696	372	129	130	0.0289655	0	0.808791	1
364	227	423	227	422	129	130	0.00137931	0	0.92967	1
365	325	189	318	181	130	133	0.097931	0	0.415385	2
366	67	414	61	409	130	135	0.0427586	0	0.90989	2
367	399	153	398	151	130	131	0.00689655	0	0.336264	2
368	545	444	544	440	130	135	0.0234483	0	0.975824	2
369	559	436	557	433	130	134	0.0151724	0	0.958242	2
370	424	99	422	97	130	132	0.00827586	0	0.217582	2
371	351	182	339	181	130	135	0.017931	0	0.4	2
372	418	89	413	84	130	134	0.0413793	0	0.195604	2
373	705	370	706	371	131	132	0.00275862	0	0.813187	1
374	409	151	407	147	131	133	0.0248276	0	0.331868	2
375	445	112	444	109	131	132	0.0137931	0	0.246154	2
376	433	356	432	354	131	132	0.00689655	0	0.782418	2
377	462	119	461	112	131	134	0.0689655	0	0.261538	2
378	689	290	694	290	131	132	0.00689655	0	0.637363	1
379	432	114	431	111	131	132	0.0137931	0	0.250549	2
380	402	202	401	201	131	132	0.00275862	0	0.443956	2
381	399	161	397	159	131	132	0.00827586	0	0.353846	2
382	422	125	422	121	132	133	0.022069	0	0.274725	1
383	355	135	352	133	132	133	0.00965517	0	0.296703	2
384	568	146	568	143	132	135	0.0124138	0	0.320879	1
385	254	127	254	128	132	133	0.00137931	0	0.279121	1
386	276	430	277	428	132	135	0.00689655	0	0.945055	1
387	456	106	456	101	132	134	0.0344828	0	0.232967	1
388	244	124	249	124	132	135	0.00689655	0	0.272527	1
389	438	455	440	453	132	135	0.00827586	0	1	1
390	398	149	397	147	132	133	0.00689655	0	0.327473	2
391	688	433	690	432	133	135	0.00413793	0	0.951648	1
392	686	319	689	316	133	134	0.0165517	0	0.701099	1
393	699	291	704	290	133	134	0.00827586	0	0.63956	1
394	405	440	407	440	133	135	0.00275862	0	0.967033	1
395	572	430	573	429	133	135	0.00275862	0	0.945055	1
396	398	157	398	155	133	134	0.00551724	0	0.345055	1
397	357	144	354	143	133	134	0.00551724	0	0.316484	2
398	433	109	434	107	133	134	0.00689655	0	0.23956	1
399	677	453	679	452	133	135	0.00413793	0	0.995604	1
400	299	174	297	172	133	134	0.00827586	0	0.382418	2
401	426	150	425	147	133	134	0.0137931	0	0.32967	2
402	599	95	601	95	133	134	0.00275862	0	0.208791	1
403	400	200	401	197	133	135	0.0137931	0	0.43956	1
404	421	95	420	93	133	135	0.00689655	0	0.208791	2
405	374	432	376	431	133	135	0.00413793	0	0.949451	1
406	491	121	499	116	133	135	0.0455172	0	0.265934	1
407	291	443	292	443	134	135	0.00137931	0	0.973626	1
408	574	453	576	453	134	135	0.00275862	0	0.995604	1
409	706	371	709	369	134	135	0.00965517	0	0.815385	1
410	408	146	409	144	134	135	0.00689655	0	0.320879	1
411	256	130	258	132	134	135	0.00827586	0	0.285714	1
412	405	168	406	166	134	135	0.00689655	0	0.369231	1
413	316	178	314	177	134	135	0.00413793	0	0.391209	2