
0	542	85	542	86	72	73	0.000526593	0	0.186813	1
1	347	125	344	125	72	73	0.00157978	0	0.274725	2
2	381	111	379	109	72	73	0.00315956	0	0.243956	2
3	466	165	462	165	72	74	0.00210637	0	0.362637	2
4	415	116	414	116	72	73	0.000526593	0	0.254945	2
5	510	139	494	131	72	77	0.0421274	0	0.305495	2
6	742	168	632	175	72	90	0.0837283	0	0.369231	2
7	615	92	609	91	72	77	0.00368615	0	0.202198	2
8	559	112	555	115	72	74	0.00684571	0	0.246154	2
9	253	103	251	98	73	74	0.014218	0	0.226374	2
10	425	173	431	164	73	77	0.0458136	0	0.38022	1
11	697	443	654	442	73	83	0.0231701	0	0.973626	2
12	53	46	38	54	73	99	0.0416008	0	0.101099	2
13	396	98	395	97	73	74	0.00105319	0	0.215385	2
14	492	158	488	155	74	75	0.00684571	0	0.347253	2
15	485	190	484	186	74	75	0.00895208	0	0.417582	2
16	412	117	408	117	74	76	0.00210637	0	0.257143	2
17	552	97	552	99	74	76	0.00210637	0	0.213187	1
18	255	111	251	110	74	75	0.00263296	0	0.243956	2
19	568	87	569	83	74	75	0.00895208	0	0.191209	1
20	386	122	381	118	74	76	0.0110585	0	0.268132	2
21	119	127	142	121	74	82	0.031069	0	0.279121	1
22	514	189	511	189	75	77	0.00157978	0	0.415385	2
23	544	86	550	86	75	82	0.00315956	0	0.189011	1
24	554	118	555	124	75	79	0.0194839	0	0.259341	1
25	333	132	332	128	75	77	0.00895208	0	0.29011	2
26	534	78	545	71	75	83	0.0315956	0	0.171429	1
27	712	233	685	237	75	80	0.0226435	0	0.512088	2
28	497	173	493	173	75	76	0.00210637	0	0.38022	2
29	465	166	464	166	75	76	0.000526593	0	0.364835	2
30	437	161	440	157	75	77	0.0100053	0	0.353846	1
31	166	215	162	215	75	78	0.00210637	0	0.472527	2
32	112	104	115	104	75	77	0.00157978	0	0.228571	1
33	507	178	502	178	75	77	0.00263296	0	0.391209	2
34	500	342	496	342	75	78	0.00210637	0	0.751648	2
35	571	89	570	88	76	77	0.00105319	0	0.195604	2
36	124	105	125	104	76	77	0.00105319	0	0.230769	1
37	373	148	369	136	76	79	0.0779358	0	0.325275	2
38	485	183	486	178	76	77	0.0136914	0	0.402198	1
39	247	87	260	74	76	84	0.0958399	0	0.191209	1
40	403	107	402	106	76	77	0.00105319	0	0.235165	2
41	177	57	172	56	76	77	0.00315956	0	0.125275	2
42	188	34	165	32	76	80	0.014218	0	0.0747253	2
43	455	372	455	368	76	87	0.00842549	0	0.817582	1
44	316	142	318	136	76	78	0.0200105	0	0.312088	1
45	719	256	704	252	77	81	0.0163244	0	0.562637	2
46	332	117	330	114	77	78	0.00579252	0	0.257143	2
47	554	95	551	92	77	79	0.00631912	0	0.208791	2
48	407	117	394	113	77	80	0.0152712	0	0.257143	2
49	727	266	714	257	77	82	0.0494997	0	0.584615	2
50	534	85	534	81	77	79	0.00842549	0	0.186813	1
51	583	96	576	92	77	79	0.0121116	0	0.210989	2
52	216	129	216	127	77	79	0.00210637	0	0.283516	1
53	247	106	248	105	77	78	0.00105319	0	0.232967	1
54	467	173	462	170	77	79	0.0073723	0	0.38022	2
55	612	132	626	135	77	87	0.0121116	0	0.29011	1
56	88	26	86	25	77	78	0.00157978	0	0.0571429	2
57	225	102	227	94	77	83	0.0347551	0	0.224176	1
58	173	111	170	103	77	84	0.0352817	0	0.243956	2
59	499	390	496	393	77	95	0.00631912	0	0.857143	2
60	249	94	248	90	78	79	0.00895208	0	0.206593	2
61	418	151	419	149	78	79	0.00263296	0	0.331868	1
62	173	176	168	174	78	79	0.00473934	0	0.386813	2
63	117	102	116	101	78	79	0.00105319	0	0.224176	2
64	72	158	71	154	78	79	0.00895208	0	0.347253	2
65	127	104	126	102	78	79	0.00263296	0	0.228571	2
66	383	103	373	97	78	81	0.0242233	0	0.226374	2
67	442	154	443	148	78	79	0.0194839	0	0.338462	1
68	399	105	390	101	78	80	0.0131648	0	0.230769	2
69	626	166	619	162	78	82	0.0121116	0	0.364835	2
70	176	65	160	66	78	82	0.00895208	0	0.142857	2
71	496	304	404	324	78	110	0.259084	0	0.668132	2
72	374	125	378	114	79	83	0.0658241	0	0.274725	1
73	494	342	491	338	79	82	0.0100053	0	0.751648	2
74	286	164	290	159	79	84	0.0152712	0	0.36044	1
75	248	100	244	98	79	81	0.00421274	0	0.21978	2
76	560	76	559	78	79	81	0.00263296	0	0.167033	2
77	331	116	330	114	79	80	0.00263296	0	0.254945	2
78	767	255	708	243	79	84	0.106898	0	0.56044	2
79	433	142	433	138	79	80	0.00842549	0	0.312088	1
80	529	95	528	96	79	80	0.00105319	0	0.208791	2
81	240	114	238	112	79	80	0.00315956	0	0.250549	2
82	362	146	360	144	79	80	0.00315956	0	0.320879	2
83	178	188	168	184	79	82	0.0136914	0	0.413187	2
84	350	145	347	144	79	81	0.00210637	0	0.318681	2
85	154	153	151	151	80	81	0.00368615	0	0.336264	2
86	326	177	329	174	80	81	0.00631912	0	0.389011	1
87	422	145	426	140	80	82	0.0152712	0	0.318681	1
88	412	146	413	143	80	81	0.00526593	0	0.320879	1
89	117	101	119	101	80	81	0.00105319	0	0.221978	1
90	248	88	256	86	80	83	0.00631912	0	0.193407	1
91	157	176	152	174	80	81	0.00473934	0	0.386813	2
92	230	80	260	80	80	86	0.0157978	0	0.175824	1
93	556	124	555	123	80	81	0.00105319	0	0.272527	2
94	441	148	440	144	80	81	0.00895208	0	0.325275	2
95	158	139	155	138	80	81	0.00210637	0	0.305495	2
96	457	133	448	122	80	83	0.0684571	0	0.292308	2
97	388	88	404	92	80	92	0.016851	0	0.193407	1
98	127	104	128	104	80	81	0.000526593	0	0.228571	1
99	601	84	624	86	80	86	0.014218	0	0.184615	1
100	495	179	484	176	80	81	0.0105319	0	0.393407	2
101	261	67	277	62	80	84	0.0215903	0	0.147253	1
102	337	140	336	140	80	81	0.000526593	0	0.307692	2
103	96	107	97	107	80	81	0.000526593	0	0.235165	1
104	645	442	637	436	81	83	0.0231701	0	0.971429	2
105	309	167	329	169	81	88	0.0126382	0	0.367033	1
106	467	113	469	111	81	82	0.00315956	0	0.248352	1
107	506	191	510	183	81	84	0.0358083	0	0.41978	1
108	77	156	93	153	81	85	0.0131648	0	0.342857	1
109	344	126	347	123	81	82	0.00631912	0	0.276923	1
110	334	117	342	111	81	83	0.0231701	0	0.257143	1
111	648	432	636	426	81	84	0.0252765	0	0.949451	2
112	827	316	826	317	81	84	0.00105319	0	0.694505	2
113	494	163	509	161	81	85	0.0100053	0	0.358242	1
114	389	102	389	100	81	82	0.00210637	0	0.224176	1
115	319	119	322	118	81	82	0.00210637	0	0.261538	1
116	161	33	142	24	81	88	0.0526593	0	0.0725275	2
117	149	29	144	24	81	83	0.0157978	0	0.0637363	2
118	204	73	187	68	81	83	0.0221169	0	0.16044	2
119	661	435	656	431	82	83	0.0110585	0	0.956044	2
120	376	98	378	95	82	83	0.00579252	0	0.215385	1
121	463	172	456	166	82	83	0.0226435	0	0.378022	2
122	489	173	491	169	82	83	0.00947867	0	0.38022	1
123	416	141	435	138	82	85	0.0147446	0	0.30989	1
124	379	128	383	123	82	83	0.0152712	0	0.281319	1
125	641	419	625	422	82	87	0.0131648	0	0.920879	2
126	658	425	638	428	82	87	0.0152712	0	0.934066	2
127	703	253	706	251	82	83	0.00368615	0	0.556044	1
128	150	152	162	155	82	88	0.0110585	0	0.334066	1
129	560	104	564	101	82	83	0.00684571	0	0.228571	1
130	561	78	582	80	82	90	0.0131648	0	0.171429	1
131	380	145	382	144	82	83	0.00157978	0	0.318681	1
132	126	104	133	101	82	83	0.00842549	0	0.228571	1
133	686	187	683	184	82	83	0.00631912	0	0.410989	2
134	460	101	481	104	82	89	0.0157978	0	0.221978	1
135	438	143	441	139	82	83	0.0100053	0	0.314286	1
136	311	124	316	123	82	83	0.00315956	0	0.272527	1
137	351	145	377	151	82	91	0.0326488	0	0.318681	1
138	826	265	826	264	82	83	0.000526593	0	0.582418	1
139	672	455	665	453	82	84	0.00579252	0	1	2
140	402	138	406	134	82	83	0.0105319	0	0.303297	1
141	357	120	360	118	82	83	0.00368615	0	0.263736	1
142	682	241	683	238	82	83	0.00526593	0	0.52967	1
143	473	108	491	116	83	89	0.0431806	0	0.237363	1
144	350	184	355	182	83	84	0.00473934	0	0.404396	1
145	346	123	352	121	83	84	0.00526593	0	0.27033	1
146	431	138	444	138	83	85	0.00684571	0	0.303297	1
147	326	115	340	117	83	85	0.00947867	0	0.252747	1
148	476	295	388	328	83	110	0.6198	0	0.648352	2
149	212	130	226	130	83	90	0.0073723	0	0.285714	1
150	166	178	169	177	83	84	0.00210637	0	0.391209	1
151	653	432	648	436	84	86	0.0110585	0	0.949451	2
152	385	94	396	97	84	86	0.0105319	0	0.206593	1
153	636	437	632	442	84	86	0.0152712	0	0.96044	2
154	556	85	570	93	84	87	0.0410742	0	0.186813	1
155	492	169	491	169	84	85	0.000526593	0	0.371429	2
156	488	382	486	390	84	93	0.0347551	0	0.83956	2
157	364	118	379	125	84	87	0.0337019	0	0.259341	1
158	226	120	236	124	84	86	0.0136914	0	0.263736	1
159	178	141	170	154	84	92	0.093207	0	0.30989	2
160	351	111	358	113	84	85	0.00579252	0	0.243956	1
161	498	331	507	335	84	86	0.0131648	0	0.727473	1
162	724	256	732	259	84	86	0.00895208	0	0.562637	1
163	251	96	260	98	84	85	0.00684571	0	0.210989	1
164	179	38	180	40	84	85	0.00263296	0	0.0835165	1
165	152	170	152	195	84	102	0.329121	0	0.373626	1
166	682	185	682	186	84	85	0.000526593	0	0.406593	1
167	610	154	620	159	84	87	0.0184308	0	0.338462	1
168	155	222	121	232	84	97	0.0705635	0	0.487912	2
169	301	78	307	84	84	86	0.0221169	0	0.171429	1
170	145	24	140	24	84	87	0.00263296	0	0.0527473	2
171	306	106	301	130	84	100	0.305951	0	0.232967	2
172	375	91	388	93	84	87	0.00895208	0	0.2	1
173	130	93	153	97	84	86	0.0205371	0	0.204396	1
174	168	28	173	32	84	85	0.0110585	0	0.0615385	1
175	549	72	567	88	84	92	0.144286	0	0.158242	1
176	573	99	582	100	84	85	0.00526593	0	0.217582	1
177	661	182	658	184	84	85	0.00368615	0	0.4	2
178	386	156	395	161	84	86	0.0179042	0	0.342857	1
179	155	54	141	60	84	87	0.0263296	0	0.118681	2
180	397	133	408	133	84	86	0.00579252	0	0.292308	1
181	651	399	622	400	84	89	0.0157978	0	0.876923	2
182	47	53	40	67	84	99	0.106898	0	0.116484	2
183	627	161	636	166	84	86	0.0179042	0	0.353846	1
184	638	429	635	431	85	86	0.00368615	0	0.942857	2
185	360	180	365	181	85	86	0.00315956	0	0.395604	1
186	269	77	275	80	85	86	0.00789889	0	0.169231	1
187	360	124	366	126	85	86	0.00526593	0	0.272527	1
188	703	210	700	209	85	86	0.00210637	0	0.461538	2
189	298	162	311	163	85	87	0.0073723	0	0.356044	1
190	173	179	175	181	85	86	0.00315956	0	0.393407	1
191	284	64	289	63	85	86	0.00315956	0	0.140659	1
192	155	90	182	89	85	91	0.0147446	0	0.197802	1
193	398	121	406	121	85	88	0.00421274	0	0.265934	1
194	652	444	624	444	85	89	0.0147446	0	0.975824	2
195	717	253	693	243	85	89	0.0652975	0	0.556044	2
196	419	132	425	131	85	86	0.00368615	0	0.29011	1
197	176	169	177	172	85	88	0.00526593	0	0.371429	1
198	661	434	635	433	85	89	0.014218	0	0.953846	2
199	106	101	107	102	85	89	0.00105319	0	0.221978	1
200	426	119	426	114	86	87	0.0131648	0	0.261538	1
201	452	141	470	134	86	92	0.0352817	0	0.30989	1
202	659	184	632	182	86	89	0.0163244	0	0.404396	2
203	455	154	460	154	86	87	0.00263296	0	0.338462	1
204	461	130	465	129	86	87	0.00263296	0	0.285714	1
205	485	160	491	155	86	87	0.0163244	0	0.351648	1
206	513	165	513	162	86	89	0.00473934	0	0.362637	1
207	365	116	368	117	86	87	0.00210637	0	0.254945	1
208	706	239	661	238	86	90	0.0242233	0	0.525275	2
209	79	24	79	24	86	88	0	0	0.0527473	1
210	379	110	381	108	86	87	0.00315956	0	0.241758	1
211	169	223	161	220	86	91	0.00895208	0	0.49011	2
212	465	149	471	147	86	87	0.00526593	0	0.327473	1
213	395	116	395	115	86	88	0.000526593	0	0.254945	1
214	497	127	500	129	86	88	0.00368615	0	0.279121	1
215	693	252	643	264	86	95	0.102159	0	0.553846	2
216	151	213	141	208	86	88	0.0184308	0	0.468132	2
217	626	443	616	440	87	88	0.0100053	0	0.973626	2
218	351	122	345	123	87	93	0.00368615	0	0.268132	2
219	113	154	137	142	87	90	0.0884676	0	0.338462	1
220	174	102	176	100	87	88	0.00315956	0	0.224176	1
221	368	182	367	180	87	88	0.00263296	0	0.4	2
222	730	257	710	243	87	89	0.113744	0	0.564835	2
223	239	122	238	120	87	88	0.00263296	0	0.268132	2
224	398	154	396	152	87	88	0.00315956	0	0.338462	2
225	824	270	776	271	87	92	0.0258031	0	0.593407	2
226	368	127	367	125	87	88	0.00263296	0	0.279121	2
227	265	81	262	78	87	89	0.00631912	0	0.178022	2
228	410	133	409	131	87	88	0.00263296	0	0.292308	2
229	445	140	447	137	87	88	0.00579252	0	0.307692	1
230	160	118	165	117	87	88	0.00315956	0	0.259341	1
231	440	121	434	120	87	88	0.00368615	0	0.265934	2
232	504	106	497	119	87	94	0.0926804	0	0.232967	2
233	357	112	353	109	87	89	0.00684571	0	0.246154	2
234	254	101	254	99	87	92	0.00210637	0	0.221978	1
235	510	338	504	337	87	89	0.00368615	0	0.742857	2
236	442	155	444	152	87	88	0.00579252	0	0.340659	1
237	571	94	571	94	88	89	0	0	0.206593	1
238	633	435	596	431	88	92	0.0279094	0	0.956044	2
239	390	95	387	94	88	89	0.00210637	0	0.208791	2
240	615	421	555	427	88	95	0.0505529	0	0.925275	2
241	469	126	470	123	88	89	0.00526593	0	0.276923	1
242	279	90	274	85	88	89	0.0157978	0	0.197802	2
243	449	365	442	363	88	89	0.00579252	0	0.802198	2
244	384	126	378	124	88	90	0.00526593	0	0.276923	2
245	369	115	366	113	88	89	0.00368615	0	0.252747	2
246	630	425	576	427	88	94	0.0305424	0	0.934066	2
247	562	130	558	129	88	89	0.00263296	0	0.285714	2
248	176	182	173	181	88	89	0.00210637	0	0.4	2
249	657	454	604	452	88	94	0.0300158	0	0.997802	2
250	619	158	615	155	88	89	0.00684571	0	0.347253	2
251	317	163	316	166	88	89	0.00526593	0	0.358242	2
252	259	129	248	128	88	92	0.00631912	0	0.283516	2
253	297	69	294	67	89	90	0.00368615	0	0.151648	2
254	635	418	563	429	89	97	0.101632	0	0.918681	2
255	165	95	166	95	89	90	0.000526593	0	0.208791	1
256	606	438	596	436	89	90	0.0073723	0	0.962637	2
257	156	106	158	106	89	90	0.00105319	0	0.232967	1
258	188	97	192	98	89	91	0.00263296	0	0.213187	1
259	153	152	150	152	89	90	0.00157978	0	0.334066	2
260	163	57	151	57	89	90	0.00631912	0	0.125275	2
261	177	99	177	99	89	90	0	0	0.217582	1
262	415	133	409	138	89	92	0.0163244	0	0.292308	2
263	423	112	419	108	89	90	0.0105319	0	0.246154	2
264	460	126	462	124	89	90	0.00315956	0	0.276923	1
265	361	181	350	198	89	96	0.157978	0	0.397802	2
266	403	118	398	116	89	91	0.00473934	0	0.259341	2
267	176	192	176	193	89	90	0.000526593	0	0.421978	1
268	165	36	143	64	89	110	0.424434	0	0.0791209	2
269	75	24	66	31	89	95	0.0305424	0	0.0527473	2
270	490	120	488	122	90	91	0.00315956	0	0.263736	2
271	574	96	584	95	90	93	0.00579252	0	0.210989	1
272	393	142	393	138	90	91	0.00842549	0	0.312088	1
273	565	111	568	111	90	91	0.00157978	0	0.243956	1
274	437	363	432	363	90	91	0.00263296	0	0.797802	2
275	450	145	453	146	90	92	0.00210637	0	0.318681	1
276	314	168	311	172	90	95	0.0100053	0	0.369231	2
277	272	82	270	79	90	91	0.00579252	0	0.18022	2
278	365	118	364	118	90	92	0.000526593	0	0.259341	2
279	171	183	172	184	90	91	0.00105319	0	0.402198	1
280	634	98	652	111	90	100	0.0984729	0	0.215385	1
281	241	122	240	121	90	91	0.00105319	0	0.268132	2
282	472	123	475	122	90	91	0.00210637	0	0.27033	1
283	277	71	274	69	90	91	0.00368615	0	0.156044	2
284	500	339	496	339	90	91	0.00210637	0	0.745055	2
285	649	450	621	454	90	93	0.0231701	0	0.989011	2
286	614	442	565	454	90	96	0.101632	0	0.971429	2
287	479	107	476	109	90	92	0.00368615	0	0.235165	2
288	385	93	383	93	90	92	0.00105319	0	0.204396	2
289	422	132	419	132	90	91	0.00157978	0	0.29011	2
290	818	294	770	298	90	95	0.0337019	0	0.646154	2
291	261	79	253	91	90	99	0.0800421	0	0.173626	2
292	513	161	522	174	90	98	0.0937335	0	0.353846	1
293	400	132	396	132	90	92	0.00210637	0	0.29011	2
294	575	128	579	126	90	92	0.00421274	0	0.281319	1
295	460	302	372	316	90	107	0.149552	0	0.663736	2
296	454	319	367	343	90	110	0.349131	0	0.701099	2
297	372	102	370	102	90	91	0.00105319	0	0.224176	2
298	622	184	601	186	90	92	0.0131648	0	0.404396	2
299	352	110	352	114	90	94	0.00842549	0	0.241758	1
300	179	36	161	64	90	110	0.422328	0	0.0791209	2
301	295	66	296	66	91	92	0.000526593	0	0.145055	1
302	160	146	158	149	91	92	0.00579252	0	0.320879	2
303	589	435	573	436	91	93	0.00895208	0	0.956044	2
304	377	124	376	124	91	92	0.000526593	0	0.272527	2
305	452	190	450	191	91	92	0.00157978	0	0.417582	2
306	492	292	466	297	91	96	0.0268562	0	0.641758	2
307	388	148	386	149	91	92	0.00157978	0	0.325275	2
308	171	96	175	96	91	92	0.00210637	0	0.210989	1
309	158	103	161	105	91	92	0.00368615	0	0.226374	1
310	583	82	585	81	91	92	0.00157978	0	0.18022	1
311	168	113	170	112	91	92	0.00157978	0	0.248352	1
312	183	192	196	195	91	98	0.011585	0	0.421978	1
313	422	164	411	167	91	94	0.0105319	0	0.36044	2
314	230	126	230	126	91	92	0	0	0.276923	1
315	429	365	426	368	92	93	0.00631912	0	0.802198	2
316	273	67	272	65	92	93	0.00263296	0	0.147253	2
317	459	134	471	138	92	95	0.0147446	0	0.294505	1
318	270	78	269	77	92	93	0.00105319	0	0.171429	2
319	473	149	476	148	92	93	0.00210637	0	0.327473	1
320	827	327	797	331	92	95	0.0242233	0	0.718681	2
321	493	342	482	344	92	94	0.00789889	0	0.751648	2
322	332	168	332	173	92	93	0.0131648	0	0.369231	1
323	149	162	149	161	92	93	0.000526593	0	0.356044	1
324	481	119	483	120	92	93	0.00157978	0	0.261538	1
325	187	90	210	97	92	96	0.0379147	0	0.197802	1
326	416	106	414	103	92	93	0.00579252	0	0.232967	2
327	510	141	510	139	92	93	0.00210637	0	0.30989	1
328	135	84	133	85	92	93	0.00157978	0	0.184615	2
329	371	104	370	104	92	93	0.000526593	0	0.228571	2
330	800	267	791	267	92	93	0.00473934	0	0.586813	2
331	120	52	115	51	92	93	0.00315956	0	0.114286	2
332	376	152	372	158	92	98	0.0210637	0	0.334066	2
333	386	111	382	112	92	95	0.00263296	0	0.243956	2
334	621	136	628	138	92	94	0.00579252	0	0.298901	1
335	298	70	303	75	93	95	0.0157978	0	0.153846	1
336	475	134	483	138	93	95	0.0126382	0	0.294505	1
337	165	183	173	187	93	96	0.0126382	0	0.402198	1
338	367	119	368	120	93	94	0.00105319	0	0.261538	1
339	377	126	376	127	93	94	0.00105319	0	0.276923	2
340	201	99	207	100	93	94	0.00368615	0	0.217582	1
341	170	156	177	164	93	101	0.0373881	0	0.342857	1
342	231	127	231	130	93	95	0.00473934	0	0.279121	1
343	159	153	161	156	93	94	0.00579252	0	0.336264	1
344	415	151	413	151	93	94	0.00105319	0	0.331868	2
345	433	176	432	178	93	94	0.00263296	0	0.386813	2
346	253	99	248	103	93	97	0.0110585	0	0.217582	2
347	180	98	193	102	93	95	0.0152712	0	0.215385	1
348	562	92	549	117	93	110	0.335966	0	0.202198	2
349	572	86	580	91	93	95	0.0173776	0	0.189011	1
350	486	141	487	146	93	94	0.0136914	0	0.30989	1
351	469	332	411	324	93	102	0.0642443	0	0.72967	2
352	590	79	599	86	93	95	0.0305424	0	0.173626	1
353	163	167	174	173	93	99	0.0247499	0	0.367033	1
354	611	93	612	95	93	94	0.00263296	0	0.204396	1
355	599	179	544	183	93	98	0.0373881	0	0.393407	2
356	98	105	85	130	93	110	0.335966	0	0.230769	2
357	330	130	331	132	93	94	0.00263296	0	0.285714	1
358	584	110	591	121	93	96	0.0674039	0	0.241758	1
359	169	216	153	228	93	102	0.0842549	0	0.474725	2
360	348	126	351	130	94	98	0.0100053	0	0.276923	1
361	821	332	807	332	94	95	0.0073723	0	0.72967	2
362	588	95	592	99	94	95	0.0105319	0	0.208791	1
363	486	392	486	394	94	95	0.00210637	0	0.861538	1
364	783	355	774	364	94	99	0.0473934	0	0.78022	2
365	275	70	279	77	94	97	0.0279094	0	0.153846	1
366	270	80	272	82	94	95	0.00315956	0	0.175824	1
367	448	193	433	190	94	99	0.0126382	0	0.424176	2
368	420	380	401	387	94	101	0.0358083	0	0.835165	2
369	397	111	395	111	94	95	0.00105319	0	0.243956	2
370	510	139	510	141	94	95	0.00210637	0	0.305495	1
371	486	122	489	124	94	95	0.00368615	0	0.268132	1
372	573	119	574	121	94	95	0.00263296	0	0.261538	1
373	330	177	329	182	94	97	0.0136914	0	0.389011	2
374	417	99	413	98	94	95	0.00263296	0	0.217582	2
375	181	113	197	118	94	96	0.0215903	0	0.248352	1
376	265	70	267	72	94	95	0.00315956	0	0.153846	1
377	784	274	775	282	94	95	0.0384413	0	0.602198	2
378	637	266	622	263	94	96	0.0126382	0	0.584615	2
379	560	447	543	451	95	97	0.0173776	0	0.982418	2
380	376	130	370	131	95	98	0.00368615	0	0.285714	2
381	364	121	365	122	95	96	0.00105319	0	0.265934	1
382	573	441	564	444	95	96	0.00947867	0	0.969231	2
383	769	365	759	370	95	100	0.0184308	0	0.802198	2
384	165	158	169	158	95	96	0.00210637	0	0.347253	1
385	372	104	373	105	95	96	0.00105319	0	0.228571	1
386	432	181	430	180	95	97	0.00157978	0	0.397802	2
387	353	117	355	119	95	98	0.00315956	0	0.257143	1
388	130	88	124	87	95	96	0.00368615	0	0.193407	2
389	396	160	397	162	95	96	0.00263296	0	0.351648	1
390	617	95	622	100	95	98	0.0157978	0	0.208791	1
391	499	124	501	126	95	96	0.00315956	0	0.272527	1
392	590	264	576	269	95	96	0.0205371	0	0.58022	2
393	607	96	609	98	95	96	0.00315956	0	0.210989	1
394	592	146	642	189	95	110	1	0	0.320879	1
395	445	297	378	310	95	109	0.124276	0	0.652747	2
396	397	138	395	138	95	96	0.00105319	0	0.303297	2
397	77	26	69	28	95	96	0.00631912	0	0.0571429	2
398	309	78	310	80	96	97	0.00263296	0	0.171429	1
399	596	106	599	112	96	99	0.0205371	0	0.232967	1
400	486	398	480	398	96	97	0.00315956	0	0.874725	2
401	397	114	394	113	96	97	0.00210637	0	0.250549	2
402	232	133	232	135	96	97	0.00210637	0	0.292308	1
403	548	432	538	433	96	97	0.00579252	0	0.949451	2
404	160	172	157	173	96	101	0.00210637	0	0.378022	2
405	603	88	607	93	96	99	0.0152712	0	0.193407	1
406	752	265	686	266	96	101	0.0352817	0	0.582418	2
407	633	263	618	259	96	97	0.0163244	0	0.578022	2
408	406	175	400	178	96	98	0.00789889	0	0.384615	2
409	393	172	389	173	96	97	0.00263296	0	0.378022	2
410	559	242	543	250	96	98	0.0421274	0	0.531868	2
411	562	433	551	434	96	97	0.00631912	0	0.951648	2
412	743	276	721	277	96	98	0.0121116	0	0.606593	2
413	289	84	289	83	96	97	0.000526593	0	0.184615	1
414	648	173	657	174	96	97	0.00526593	0	0.38022	1
415	366	153	358	153	96	99	0.00421274	0	0.336264	2
416	168	116	154	135	96	110	0.197472	0	0.254945	2
417	304	68	304	73	96	101	0.0131648	0	0.149451	1
418	611	249	576	253	96	98	0.0268562	0	0.547253	2
419	487	144	490	145	97	98	0.00210637	0	0.316484	1
420	353	195	351	195	97	98	0.00105319	0	0.428571	2
421	582	125	586	125	97	98	0.00210637	0	0.274725	1
422	216	99	231	103	97	101	0.0163244	0	0.217582	1
423	574	280	565	282	97	100	0.00684571	0	0.615385	2
424	226	107	231	108	97	98	0.00315956	0	0.235165	1
425	460	297	428	288	97	102	0.059505	0	0.652747	2
426	171	162	170	164	97	100	0.00263296	0	0.356044	2
427	402	136	398	134	97	98	0.00421274	0	0.298901	2
428	512	152	507	154	97	100	0.00473934	0	0.334066	2
429	564	268	559	273	97	99	0.0157978	0	0.589011	2
430	80	101	59	100	97	102	0.011585	0	0.221978	2
431	65	35	57	35	97	98	0.00421274	0	0.0769231	2
432	484	134	486	134	97	98	0.00105319	0	0.294505	1
433	320	169	326	168	97	98	0.00368615	0	0.371429	1
434	321	137	322	138	97	98	0.00105319	0	0.301099	1
435	480	146	496	150	98	105	0.016851	0	0.320879	1
436	550	430	520	430	98	100	0.0157978	0	0.945055	2
437	277	81	272	84	98	99	0.0073723	0	0.178022	2
438	472	397	460	397	98	99	0.00631912	0	0.872527	2
439	642	93	639	97	98	102	0.0100053	0	0.204396	2
440	328	183	324	184	98	99	0.00263296	0	0.402198	2
441	375	115	370	116	98	99	0.00315956	0	0.252747	2
442	496	135	497	134	98	99	0.00105319	0	0.296703	1
443	588	114	589	116	98	99	0.00263296	0	0.250549	1
444	538	395	528	393	98	99	0.0073723	0	0.868132	2
445	291	83	285	86	98	99	0.00789889	0	0.182418	2
446	634	181	617	180	98	103	0.00947867	0	0.397802	2
447	213	125	220	129	98	99	0.0121116	0	0.274725	1
448	66	77	40	81	98	100	0.0221169	0	0.169231	2
449	667	111	668	121	98	104	0.0531859	0	0.243956	1
450	388	119	374	128	98	100	0.0500263	0	0.261538	2
451	341	141	330	137	98	102	0.014218	0	0.30989	2
452	211	166	200	166	98	101	0.00579252	0	0.364835	2
453	493	124	490	123	98	103	0.00210637	0	0.272527	2
454	220	110	225	113	98	99	0.0073723	0	0.241758	1
455	123	227	125	225	98	99	0.00315956	0	0.498901	1
456	493	145	492	145	99	100	0.000526593	0	0.318681	2
457	367	133	361	134	99	100	0.00368615	0	0.292308	2
458	487	134	483	134	99	101	0.00210637	0	0.294505	2
459	757	345	709	340	99	102	0.0384413	0	0.758242	2
460	507	139	505	140	99	100	0.00157978	0	0.305495	2
461	522	450	493	450	99	101	0.0152712	0	0.989011	2
462	496	161	497	161	99	100	0.000526593	0	0.353846	1
463	130	235	133	234	99	101	0.00210637	0	0.516484	1
464	642	107	639	110	99	101	0.00631912	0	0.235165	2
465	391	108	385	109	99	100	0.00368615	0	0.237363	2
466	54	30	41	30	99	100	0.00684571	0	0.0659341	2
467	313	139	309	146	99	101	0.0279094	0	0.305495	2
468	209	122	211	124	99	100	0.00315956	0	0.268132	1
469	416	376	409	376	99	100	0.00368615	0	0.826374	2
470	398	181	379	180	99	103	0.0105319	0	0.397802	2
471	579	258	555	261	99	100	0.0173776	0	0.567033	2
472	599	112	598	114	100	101	0.00263296	0	0.246154	2
473	423	194	409	196	100	101	0.00947867	0	0.426374	2
474	442	397	425	394	100	101	0.0136914	0	0.872527	2
475	770	370	759	367	100	101	0.0105319	0	0.813187	2
476	344	199	338	197	100	101	0.00526593	0	0.437363	2
477	171	174	166	173	100	101	0.00315956	0	0.382418	2
478	360	121	352	121	100	101	0.00421274	0	0.265934	2
479	589	129	589	131	100	101	0.00210637	0	0.283516	1
480	671	188	662	192	100	104	0.0131648	0	0.413187	2
481	78	60	73	75	100	110	0.121116	0	0.131868	2
482	586	105	584	106	100	101	0.00157978	0	0.230769	2
483	320	185	313	183	100	101	0.00579252	0	0.406593	2
484	302	89	298	87	100	101	0.00421274	0	0.195604	2
485	502	430	445	435	100	105	0.0431806	0	0.945055	2
486	364	161	347	162	100	103	0.00947867	0	0.353846	2
487	631	103	627	103	100	101	0.00210637	0	0.226374	2
488	59	36	52	36	100	101	0.00368615	0	0.0791209	2
489	599	137	598	138	100	101	0.00105319	0	0.301099	2
490	607	98	612	104	100	104	0.0215903	0	0.215385	1
491	656	158	692	177	100	110	0.209057	0	0.347253	1
492	632	155	670	175	100	110	0.230648	0	0.340659	1
493	301	120	315	132	100	109	0.0832017	0	0.263736	1
494	692	286	673	284	100	101	0.0121116	0	0.628571	2
495	277	93	266	95	100	101	0.00789889	0	0.204396	2
496	589	119	588	121	100	101	0.00263296	0	0.261538	2
497	537	442	523	436	100	101	0.0263296	0	0.971429	2
498	491	146	501	145	101	104	0.00579252	0	0.320879	1
499	242	107	246	104	101	102	0.00684571	0	0.235165	1
500	653	109	658	109	101	104	0.00263296	0	0.23956	1
501	354	135	347	134	101	102	0.00421274	0	0.296703	2
502	365	124	356	128	101	103	0.0131648	0	0.272527	2
503	504	140	504	137	101	102	0.00473934	0	0.307692	1
504	167	163	165	163	101	103	0.00105319	0	0.358242	2
505	504	431	491	433	101	102	0.00895208	0	0.947253	2
506	299	134	323	146	101	110	0.0884676	0	0.294505	1
507	472	128	477	127	101	104	0.00315956	0	0.281319	1
508	493	135	503	134	101	104	0.00579252	0	0.296703	1
509	215	125	220	122	101	102	0.0073723	0	0.274725	1
510	647	144	681	169	101	110	0.347025	0	0.316484	1
511	545	273	525	265	101	103	0.0442338	0	0.6	2
512	621	116	620	115	101	102	0.00105319	0	0.254945	2
513	530	259	521	256	101	102	0.00947867	0	0.569231	2
514	268	73	262	74	101	103	0.00368615	0	0.16044	2
515	498	158	500	158	102	103	0.00105319	0	0.347253	1
516	481	158	496	163	102	106	0.0210637	0	0.347253	1
517	596	119	604	125	102	104	0.0231701	0	0.261538	1
518	175	166	177	169	102	104	0.00579252	0	0.364835	1
519	312	179	314	177	102	103	0.00315956	0	0.393407	1
520	334	195	330	194	102	103	0.00263296	0	0.428571	2
521	483	133	492	134	102	104	0.00526593	0	0.292308	1
522	592	133	596	135	102	103	0.00421274	0	0.292308	1
523	161	172	164	174	102	104	0.00368615	0	0.378022	1
524	307	67	308	71	102	104	0.00895208	0	0.147253	1
525	347	122	341	129	102	104	0.0289626	0	0.268132	2
526	394	387	376	389	102	104	0.011585	0	0.850549	2
527	466	180	475	169	102	103	0.0684571	0	0.395604	1
528	236	100	250	102	102	104	0.00947867	0	0.21978	1
529	316	150	315	154	102	105	0.00895208	0	0.32967	2
530	672	342	665	346	102	103	0.0121116	0	0.751648	2
531	37	28	43	45	102	110	0.155345	0	0.0615385	1
532	254	89	267	91	102	104	0.00895208	0	0.195604	1
533	662	345	657	349	102	103	0.0110585	0	0.758242	2
534	477	451	466	454	102	103	0.0105319	0	0.991209	2
535	293	83	304	92	102	108	0.0484466	0	0.182418	1
536	420	391	406	390	102	103	0.00789889	0	0.859341	2
537	48	33	54	50	102	110	0.155345	0	0.0725275	1
538	585	158	584	160	102	103	0.00263296	0	0.347253	2
539	682	359	678	365	102	104	0.0210637	0	0.789011	2
540	472	144	481	145	102	104	0.00526593	0	0.316484	1
541	64	34	70	51	102	110	0.155345	0	0.0747253	1
542	641	99	659	118	103	108	0.199579	0	0.217582	1
543	343	139	341	143	103	104	0.00947867	0	0.305495	2
544	200	166	205	164	103	104	0.00473934	0	0.364835	1
545	484	437	461	441	103	106	0.0205371	0	0.96044	2
546	424	289	407	312	103	110	0.28752	0	0.635165	2
547	471	275	454	295	103	108	0.219589	0	0.604396	2
548	513	180	516	187	103	105	0.0273828	0	0.395604	1
549	392	189	393	191	103	104	0.00263296	0	0.415385	1
550	466	191	454	195	103	104	0.0147446	0	0.41978	2
551	365	111	366	114	103	104	0.00526593	0	0.243956	1
552	581	113	585	115	103	104	0.00421274	0	0.248352	1
553	53	98	47	96	103	104	0.00526593	0	0.215385	2
554	245	112	300	137	103	110	0.358083	0	0.246154	1
555	409	177	409	182	103	106	0.0131648	0	0.389011	1
556	498	436	489	439	103	104	0.00947867	0	0.958242	2
557	481	276	461	292	103	110	0.14534	0	0.606593	2
558	463	246	445	258	103	105	0.0853081	0	0.540659	2
559	183	157	189	163	103	106	0.0221169	0	0.345055	1
560	456	192	445	195	103	104	0.0105319	0	0.421978	2
561	151	223	160	228	103	104	0.0179042	0	0.49011	1
562	311	82	322	90	103	108	0.0394945	0	0.18022	1
563	356	132	358	144	104	108	0.0768826	0	0.29011	1
564	316	204	315	207	104	105	0.00526593	0	0.448352	2
565	467	453	458	454	104	105	0.00526593	0	0.995604	2
566	359	150	358	152	104	105	0.00263296	0	0.32967	2
567	601	140	604	144	104	105	0.0100053	0	0.307692	1
568	597	106	608	114	104	106	0.0394945	0	0.232967	1
569	344	165	339	175	104	107	0.0552923	0	0.362637	2
570	166	198	168	200	104	105	0.00315956	0	0.435165	1
571	615	117	620	119	104	105	0.00473934	0	0.257143	1
572	156	208	156	207	104	105	0.000526593	0	0.457143	1
573	247	132	267	141	104	107	0.0531859	0	0.29011	1
574	589	125	609	137	104	108	0.0863612	0	0.274725	1
575	265	77	267	79	104	105	0.00315956	0	0.169231	1
576	43	55	52	69	104	110	0.107952	0	0.120879	1
577	676	370	674	370	105	106	0.00105319	0	0.813187	2
578	340	147	348	158	105	110	0.0679305	0	0.323077	1
579	389	395	399	411	105	110	0.140074	0	0.868132	1
580	664	194	665	195	105	106	0.00105319	0	0.426374	1
581	664	113	666	116	105	106	0.00579252	0	0.248352	1
582	232	147	231	149	105	106	0.00263296	0	0.323077	2
583	507	148	517	152	105	107	0.0136914	0	0.325275	1
584	342	134	350	145	105	110	0.0679305	0	0.294505	1
585	178	171	196	186	105	110	0.127962	0	0.375824	1
586	483	438	448	451	105	110	0.107425	0	0.962637	2
587	394	381	399	396	105	110	0.121116	0	0.837363	1
588	604	130	613	136	105	107	0.0236967	0	0.285714	1
589	258	107	264	110	105	106	0.00789889	0	0.235165	1
590	396	195	400	205	105	107	0.0547657	0	0.428571	1
591	512	135	517	137	105	106	0.00473934	0	0.296703	1
592	495	138	500	139	105	106	0.00315956	0	0.303297	1
593	653	115	682	137	105	110	0.270142	0	0.252747	1
594	258	95	265	98	105	106	0.00842549	0	0.208791	1
595	443	201	429	205	105	106	0.0157978	0	0.441758	2
596	327	204	323	206	105	106	0.00421274	0	0.448352	2
597	77	24	86	35	105	110	0.0684571	0	0.0527473	1
598	672	125	690	138	105	109	0.0984729	0	0.274725	1
599	592	117	596	119	105	106	0.00421274	0	0.257143	1
600	332	165	336	178	105	110	0.0911006	0	0.362637	1
601	517	145	533	155	105	108	0.0610848	0	0.318681	1
602	513	201	518	203	105	107	0.00473934	0	0.441758	1
603	614	150	617	153	105	106	0.00631912	0	0.32967	1
604	168	169	187	185	105	110	0.144813	0	0.371429	1
605	269	116	273	119	105	106	0.00684571	0	0.254945	1
606	501	152	522	158	106	109	0.0300158	0	0.334066	1
607	659	358	641	359	106	109	0.0100053	0	0.786813	2
608	283	183	294	190	106	109	0.0315956	0	0.402198	1
609	36	25	46	34	106	110	0.04792	0	0.0549451	1
610	51	24	61	33	106	110	0.04792	0	0.0527473	1
611	161	203	165	204	106	107	0.00263296	0	0.446154	1
612	255	99	259	101	106	107	0.00421274	0	0.217582	1
613	306	74	306	76	106	107	0.00210637	0	0.162637	1
614	659	316	647	315	106	107	0.00684571	0	0.694505	2
615	367	137	367	139	106	107	0.00210637	0	0.301099	1
616	355	389	344	388	106	107	0.00631912	0	0.854945	2
617	359	148	370	153	106	110	0.0189573	0	0.325275	1
618	437	437	417	448	106	109	0.0742496	0	0.96044	2
619	448	445	435	451	106	108	0.0258031	0	0.978022	2
620	271	83	276	86	106	107	0.0073723	0	0.182418	1
621	455	445	443	453	107	109	0.0400211	0	0.978022	2
622	646	355	640	356	107	108	0.00368615	0	0.78022	2
623	671	121	676	127	107	108	0.0215903	0	0.265934	1
624	352	376	341	383	107	110	0.0315956	0	0.826374	2
625	270	115	278	120	107	108	0.0173776	0	0.252747	1
626	676	191	708	198	107	110	0.042654	0	0.41978	1
627	508	142	523	146	107	109	0.0163244	0	0.312088	1
628	520	141	536	145	107	109	0.016851	0	0.30989	1
629	619	154	621	157	107	108	0.00579252	0	0.338462	1
630	400	150	412	157	107	110	0.0321222	0	0.32967	1
631	650	127	670	141	107	110	0.113744	0	0.279121	1
632	412	212	401	215	107	108	0.0105319	0	0.465934	2
633	185	190	195	198	107	109	0.0389679	0	0.417582	1
634	620	322	608	325	107	108	0.0110585	0	0.707692	2
635	189	243	215	252	107	110	0.0563454	0	0.534066	1
636	518	165	533	169	107	109	0.0163244	0	0.362637	1
637	621	141	629	144	108	109	0.00895208	0	0.30989	1
638	265	110	280	114	108	110	0.0163244	0	0.241758	1
639	336	390	331	395	108	110	0.0157978	0	0.857143	2
640	340	178	343	180	108	110	0.00368615	0	0.391209	1
641	259	131	265	132	108	109	0.00368615	0	0.287912	1
642	593	348	583	359	108	110	0.0689837	0	0.764835	2
643	267	142	283	144	108	110	0.0105319	0	0.312088	1
644	389	126	398	128	108	110	0.00684571	0	0.276923	1
645	205	163	217	170	108	110	0.0321222	0	0.358242	1
646	523	156	538	159	108	110	0.0126382	0	0.342857	1
647	642	121	650	124	108	109	0.00895208	0	0.265934	1
648	415	189	420	194	108	109	0.0157978	0	0.415385	1
649	435	277	434	277	108	109	0.000526593	0	0.608791	2
650	450	246	441	243	108	109	0.00947867	0	0.540659	2
651	398	136	403	140	108	109	0.0110585	0	0.298901	1
652	311	80	323	87	108	110	0.0321222	0	0.175824	1
653	376	320	374	323	108	110	0.00579252	0	0.703297	2
654	501	134	515	142	108	110	0.0410742	0	0.294505	1
655	668	123	675	126	109	110	0.00842549	0	0.27033	1
656	597	390	597	394	109	110	0.00842549	0	0.857143	1
657	634	162	641	163	109	110	0.00421274	0	0.356044	1
658	362	143	365	142	109	110	0.00210637	0	0.314286	1
659	630	129	636	132	109	110	0.00789889	0	0.283516	1
660	287	124	296	125	109	110	0.00526593	0	0.272527	1
661	300	126	309	127	109	110	0.00526593	0	0.276923	1
662	374	128	378	129	109	110	0.00263296	0	0.281319	1
663	600	321	591	322	109	110	0.00526593	0	0.705495	2
664	357	182	363	183	109	110	0.00368615	0	0.4	1
665	662	209	665	209	109	110	0.00157978	0	0.459341	1
666	658	360	642	353	109	110	0.0342285	0	0.791209	2
667	158	24	161	25	109	110	0.00210637	0	0.0527473	1
668	323	162	329	162	109	110	0.00315956	0	0.356044	1
669	28	83	32	84	109	110	0.00263296	0	0.182418	1