
0	276	52	275	52	72	73	0.00322581	0	0.114286	2
1	435	111	434	109	72	73	0.016129	0	0.243956	2
2	615	443	610	443	72	81	0.016129	0	0.973626	2
3	489	101	488	101	73	74	0.00322581	0	0.221978	2
4	320	94	320	94	73	74	0	0	0.206593	1
5	533	116	532	116	73	74	0.00322581	0	0.254945	2
6	811	433	813	432	73	77	0.00967742	0	0.951648	1
7	363	98	361	95	73	74	0.0354839	0	0.215385	2
8	491	91	491	91	74	75	0	0	0.2	1
9	405	100	406	98	74	75	0.016129	0	0.21978	1
10	342	127	343	127	74	75	0.00322581	0	0.279121	1
11	276	54	278	55	74	76	0.00967742	0	0.118681	1
12	813	454	813	453	74	78	0.00322581	0	0.997802	1
13	490	101	489	99	75	77	0.016129	0	0.221978	2
14	333	90	334	90	75	76	0.00322581	0	0.197802	1
15	676	455	677	453	75	91	0.016129	0	1	1
16	372	87	373	85	75	76	0.016129	0	0.191209	1
17	451	99	451	96	75	77	0.0290323	0	0.217582	1
18	754	446	756	444	75	96	0.0193548	0	0.98022	1
19	205	89	206	90	75	77	0.00645161	0	0.195604	1
20	203	99	203	100	75	76	0.00322581	0	0.217582	1
21	402	136	398	135	75	76	0.016129	0	0.298901	2
22	488	70	484	66	75	79	0.0645161	0	0.153846	2
23	305	79	308	77	75	76	0.0225806	0	0.173626	1
24	323	96	325	95	75	76	0.00967742	0	0.210989	1
25	285	67	283	68	75	82	0.00967742	0	0.147253	2
26	373	124	374	123	75	76	0.00645161	0	0.272527	1
27	362	96	363	94	75	76	0.016129	0	0.210989	1
28	307	89	312	86	75	77	0.0451613	0	0.195604	1
29	635	425	622	425	75	110	0.0419355	0	0.934066	2
30	202	139	205	139	75	78	0.00967742	0	0.305495	1
31	440	100	440	97	75	76	0.0290323	0	0.21978	1
32	185	142	184	141	75	79	0.00645161	0	0.312088	2
33	470	135	470	133	75	76	0.0129032	0	0.296703	1
34	786	134	786	133	76	77	0.00322581	0	0.294505	1
35	347	85	346	85	76	78	0.00322581	0	0.186813	2
36	430	98	429	97	76	77	0.00645161	0	0.215385	2
37	458	110	454	107	76	78	0.0419355	0	0.241758	2
38	407	95	407	92	76	77	0.0290323	0	0.208791	1
39	402	80	402	79	76	77	0.00322581	0	0.175824	1
40	339	75	336	71	76	78	0.0612903	0	0.164835	2
41	476	104	474	102	76	77	0.0193548	0	0.228571	2
42	194	122	194	123	77	78	0.00322581	0	0.268132	1
43	336	91	335	91	77	78	0.00322581	0	0.2	2
44	311	76	311	75	77	78	0.00322581	0	0.167033	1
45	371	84	367	81	77	79	0.0419355	0	0.184615	2
46	339	126	338	124	77	78	0.016129	0	0.276923	2
47	827	130	824	126	77	89	0.0612903	0	0.285714	2
48	503	112	500	111	77	78	0.0129032	0	0.246154	2
49	326	94	326	93	77	78	0.00322581	0	0.206593	1
50	527	117	521	118	77	79	0.0225806	0	0.257143	2
51	364	94	363	93	77	78	0.00645161	0	0.206593	2
52	429	123	428	122	77	78	0.00645161	0	0.27033	2
53	622	109	622	117	77	82	0.206452	0	0.23956	1
54	212	100	212	100	77	78	0	0	0.21978	1
55	467	118	464	117	77	78	0.0129032	0	0.259341	2
56	374	123	373	123	77	78	0.00322581	0	0.27033	2
57	278	54	271	54	77	87	0.0225806	0	0.118681	2
58	786	135	793	140	78	86	0.103226	0	0.296703	1
59	89	62	89	61	78	79	0.00322581	0	0.136264	1
60	409	91	409	89	78	79	0.0129032	0	0.2	1
61	685	455	683	454	78	82	0.00967742	0	1	2
62	533	112	530	112	78	79	0.00967742	0	0.246154	2
63	480	90	468	88	78	82	0.0516129	0	0.197802	2
64	401	80	397	79	78	81	0.016129	0	0.175824	2
65	388	89	385	89	78	79	0.00967742	0	0.195604	2
66	656	449	653	450	78	83	0.0129032	0	0.986813	2
67	343	113	342	112	78	79	0.00645161	0	0.248352	2
68	268	67	265	67	78	83	0.00967742	0	0.147253	2
69	206	89	204	89	78	79	0.00645161	0	0.195604	2
70	94	48	95	44	78	81	0.0548387	0	0.105495	1
71	809	443	807	442	78	79	0.00967742	0	0.973626	2
72	394	135	393	134	79	83	0.00645161	0	0.296703	2
73	498	112	495	112	79	80	0.00967742	0	0.246154	2
74	457	105	452	104	79	81	0.0193548	0	0.230769	2
75	338	123	337	122	79	80	0.00645161	0	0.27033	2
76	312	74	312	72	79	80	0.0129032	0	0.162637	1
77	757	202	755	203	79	82	0.00967742	0	0.443956	2
78	336	95	342	92	79	82	0.0483871	0	0.208791	1
79	479	99	475	98	79	80	0.016129	0	0.217582	2
80	599	143	598	144	79	80	0.00645161	0	0.314286	2
81	346	84	347	82	79	80	0.016129	0	0.184615	1
82	433	81	430	80	79	80	0.0129032	0	0.178022	2
83	289	81	290	80	79	80	0.00645161	0	0.178022	1
84	806	429	805	428	79	80	0.00645161	0	0.942857	2
85	206	136	204	137	79	80	0.00967742	0	0.298901	2
86	279	95	278	93	79	80	0.016129	0	0.208791	2
87	428	126	427	124	79	80	0.016129	0	0.276923	2
88	612	179	613	178	79	83	0.00645161	0	0.393407	1
89	210	107	209	106	79	80	0.00645161	0	0.235165	2
90	537	83	537	83	79	110	0	0	0.182418	1
91	827	141	826	140	79	83	0.00645161	0	0.30989	2
92	89	60	89	59	80	81	0.00322581	0	0.131868	1
93	409	87	411	87	80	81	0.00645161	0	0.191209	1
94	608	129	621	127	80	86	0.0548387	0	0.283516	1
95	332	77	331	75	80	81	0.016129	0	0.169231	2
96	737	441	739	441	80	87	0.00645161	0	0.969231	1
97	807	440	806	440	80	81	0.00322581	0	0.967033	2
98	285	113	286	111	80	81	0.016129	0	0.248352	1
99	368	80	368	79	80	81	0.00322581	0	0.175824	1
100	185	142	187	142	80	81	0.00645161	0	0.312088	1
101	408	98	409	97	80	81	0.00645161	0	0.215385	1
102	342	111	341	110	80	81	0.00645161	0	0.243956	2
103	362	92	362	92	80	81	0	0	0.202198	1
104	85	70	86	69	80	81	0.00645161	0	0.153846	1
105	590	182	591	181	80	83	0.00645161	0	0.4	1
106	339	124	338	125	81	82	0.00645161	0	0.272527	2
107	435	93	437	93	81	82	0.00645161	0	0.204396	1
108	352	85	355	84	81	82	0.0129032	0	0.186813	1
109	536	128	531	128	81	82	0.016129	0	0.281319	2
110	599	145	600	145	81	82	0.00322581	0	0.318681	1
111	698	454	700	453	81	83	0.00967742	0	0.997802	1
112	472	98	466	97	81	83	0.0225806	0	0.215385	2
113	429	124	430	124	81	82	0.00322581	0	0.272527	1
114	217	96	221	96	81	83	0.0129032	0	0.210989	1
115	91	64	92	63	82	83	0.00645161	0	0.140659	1
116	332	75	331	73	82	83	0.016129	0	0.164835	2
117	429	83	427	82	82	83	0.00967742	0	0.182418	2
118	804	428	806	428	82	86	0.00645161	0	0.940659	1
119	809	438	811	438	82	84	0.00645161	0	0.962637	1
120	388	123	389	122	82	83	0.00645161	0	0.27033	1
121	771	167	781	163	82	89	0.083871	0	0.367033	1
122	402	128	405	126	82	84	0.0225806	0	0.281319	1
123	418	82	420	80	82	83	0.0193548	0	0.18022	1
124	478	85	476	85	82	83	0.00645161	0	0.186813	2
125	209	108	212	108	82	83	0.00967742	0	0.237363	1
126	810	449	811	450	82	86	0.00645161	0	0.986813	1
127	613	444	613	445	82	89	0.00322581	0	0.975824	1
128	784	199	790	199	82	84	0.0193548	0	0.437363	1
129	336	102	339	101	82	83	0.0129032	0	0.224176	1
130	783	169	784	168	82	83	0.00645161	0	0.371429	1
131	103	40	157	24	82	109	1	0	0.0879121	1
132	511	97	509	98	82	84	0.00967742	0	0.213187	2
133	269	82	269	81	82	83	0.00322581	0	0.18022	1
134	485	104	481	104	82	84	0.0129032	0	0.228571	2
135	324	85	324	84	82	83	0.00322581	0	0.186813	1
136	652	367	653	367	82	110	0.00322581	0	0.806593	1
137	754	202	756	201	83	86	0.00967742	0	0.443956	1
138	772	148	788	142	83	91	0.167742	0	0.325275	1
139	360	85	364	86	83	84	0.016129	0	0.186813	1
140	441	93	444	93	83	84	0.00967742	0	0.204396	1
141	339	126	339	125	83	84	0.00322581	0	0.276923	1
142	279	71	276	71	83	89	0.00967742	0	0.156044	2
143	319	70	320	69	83	84	0.00645161	0	0.153846	1
144	476	114	473	114	83	84	0.00967742	0	0.250549	2
145	373	78	375	77	83	84	0.00967742	0	0.171429	1
146	101	90	102	91	83	84	0.00645161	0	0.197802	1
147	603	144	608	141	83	85	0.0451613	0	0.316484	1
148	269	91	269	91	83	84	0	0	0.2	1
149	370	95	371	94	83	84	0.00645161	0	0.208791	1
150	484	66	484	66	83	84	0	0	0.145055	1
151	613	178	613	177	84	85	0.00322581	0	0.391209	1
152	418	81	420	79	84	85	0.0193548	0	0.178022	1
153	395	133	397	131	84	85	0.0193548	0	0.292308	1
154	330	76	331	76	84	85	0.00322581	0	0.167033	1
155	520	127	517	125	84	85	0.0225806	0	0.279121	2
156	739	119	736	118	84	87	0.0129032	0	0.261538	2
157	391	123	392	122	84	85	0.00645161	0	0.27033	1
158	522	115	520	114	84	85	0.00967742	0	0.252747	2
159	226	98	239	99	84	87	0.0451613	0	0.215385	1
160	743	104	740	102	84	89	0.0225806	0	0.228571	2
161	475	86	473	87	84	85	0.00967742	0	0.189011	2
162	96	60	97	61	84	85	0.00645161	0	0.131868	1
163	433	95	436	95	84	85	0.00967742	0	0.208791	1
164	371	108	372	109	84	85	0.00645161	0	0.237363	1
165	216	109	220	108	84	85	0.016129	0	0.23956	1
166	399	84	399	84	84	85	0	0	0.184615	1
167	265	68	264	68	84	86	0.00322581	0	0.149451	2
168	404	116	406	116	84	85	0.00645161	0	0.254945	1
169	497	120	494	119	84	85	0.0129032	0	0.263736	2
170	600	438	600	439	84	86	0.00322581	0	0.962637	1
171	429	125	429	125	84	85	0	0	0.274725	1
172	455	83	458	82	84	85	0.0129032	0	0.182418	1
173	532	111	530	110	84	85	0.00967742	0	0.243956	2
174	212	127	214	126	84	85	0.00967742	0	0.279121	1
175	813	439	811	438	85	89	0.00967742	0	0.964835	2
176	631	129	631	127	85	86	0.0129032	0	0.283516	1
177	340	127	339	127	85	86	0.00322581	0	0.279121	2
178	407	126	410	125	85	86	0.0129032	0	0.276923	1
179	449	96	451	96	85	86	0.00645161	0	0.210989	1
180	701	455	699	453	85	89	0.0193548	0	1	2
181	686	455	684	453	85	89	0.0193548	0	1	2
182	469	72	466	73	85	87	0.0129032	0	0.158242	2
183	626	118	627	115	85	87	0.0322581	0	0.259341	1
184	269	91	268	92	85	86	0.00645161	0	0.2	2
185	790	201	788	200	85	89	0.00967742	0	0.441758	2
186	756	172	762	165	85	90	0.177419	0	0.378022	1
187	727	430	726	430	85	95	0.00322581	0	0.945055	2
188	103	93	103	93	85	86	0	0	0.204396	1
189	480	106	477	105	85	86	0.0129032	0	0.232967	2
190	321	69	322	68	85	86	0.00645161	0	0.151648	1
191	484	70	481	70	85	87	0.00967742	0	0.153846	2
192	505	99	497	98	85	88	0.0290323	0	0.217582	2
193	413	89	415	88	85	86	0.00967742	0	0.195604	1
194	334	74	334	73	86	87	0.00322581	0	0.162637	1
195	400	130	402	129	86	87	0.00967742	0	0.285714	1
196	354	89	357	87	86	87	0.0225806	0	0.195604	1
197	394	107	393	105	86	87	0.016129	0	0.235165	2
198	616	178	615	177	86	87	0.00645161	0	0.391209	2
199	99	67	100	67	86	87	0.00322581	0	0.147253	1
200	611	142	612	140	86	87	0.016129	0	0.312088	1
201	432	128	432	128	86	87	0	0	0.281319	1
202	344	89	344	89	86	87	0	0	0.195604	1
203	225	108	228	107	86	87	0.0129032	0	0.237363	1
204	491	120	487	120	86	87	0.0129032	0	0.263736	2
205	425	80	427	79	86	87	0.00967742	0	0.175824	1
206	386	126	388	125	86	87	0.00967742	0	0.276923	1
207	108	55	110	54	86	87	0.00967742	0	0.120879	1
208	400	120	402	119	86	87	0.00967742	0	0.263736	1
209	400	81	399	80	86	91	0.00645161	0	0.178022	2
210	622	127	622	125	87	88	0.0129032	0	0.279121	1
211	811	452	809	451	87	89	0.00967742	0	0.993407	2
212	794	139	819	131	87	103	0.287097	0	0.305495	1
213	448	89	446	86	87	89	0.0354839	0	0.195604	2
214	233	131	236	129	87	88	0.0225806	0	0.287912	1
215	267	93	265	94	87	88	0.00967742	0	0.204396	2
216	367	80	369	79	87	88	0.00967742	0	0.175824	1
217	228	121	228	122	87	88	0.00322581	0	0.265934	1
218	383	93	383	91	87	88	0.0129032	0	0.204396	1
219	103	93	102	92	87	88	0.00645161	0	0.204396	2
220	441	99	439	97	87	89	0.0193548	0	0.217582	2
221	588	82	584	82	87	99	0.0129032	0	0.18022	2
222	265	64	264	65	87	89	0.00645161	0	0.140659	2
223	420	86	421	85	88	89	0.00645161	0	0.189011	1
224	738	441	737	440	88	89	0.00645161	0	0.969231	2
225	346	88	346	87	88	89	0.00322581	0	0.193407	1
226	631	115	633	113	88	90	0.0193548	0	0.252747	1
227	785	135	801	128	88	100	0.209677	0	0.296703	1
228	735	117	733	117	88	89	0.00645161	0	0.257143	2
229	318	70	318	70	88	89	0	0	0.153846	1
230	333	73	333	72	88	89	0.00322581	0	0.16044	1
231	803	428	802	428	88	89	0.00322581	0	0.940659	2
232	430	81	431	80	88	89	0.00645161	0	0.178022	1
233	232	108	235	108	88	89	0.00967742	0	0.237363	1
234	392	104	392	103	88	89	0.00322581	0	0.228571	1
235	101	67	103	66	88	89	0.00967742	0	0.147253	1
236	480	71	476	70	88	90	0.016129	0	0.156044	2
237	600	438	599	437	88	89	0.00645161	0	0.962637	2
238	473	106	471	105	88	90	0.00967742	0	0.232967	2
239	416	126	418	125	88	89	0.00967742	0	0.276923	1
240	358	118	362	120	88	89	0.0258065	0	0.259341	1
241	626	135	626	133	88	89	0.0129032	0	0.296703	1
242	615	140	616	139	88	89	0.00645161	0	0.307692	1
243	483	120	481	120	88	89	0.00645161	0	0.263736	2
244	299	111	299	109	88	89	0.0129032	0	0.243956	1
245	517	125	514	125	88	89	0.00967742	0	0.274725	2
246	112	52	113	50	88	89	0.016129	0	0.114286	1
247	758	144	759	142	88	97	0.016129	0	0.316484	1
248	447	117	446	116	88	89	0.00645161	0	0.257143	2
249	619	115	629	109	88	93	0.148387	0	0.252747	1
250	238	144	239	145	89	90	0.00645161	0	0.316484	1
251	433	126	435	123	89	92	0.0354839	0	0.276923	1
252	729	95	730	95	89	91	0.00322581	0	0.208791	1
253	495	101	492	101	89	90	0.00967742	0	0.221978	2
254	775	444	775	443	90	102	0.00322581	0	0.975824	1
255	410	129	410	129	90	92	0	0	0.283516	1
256	615	176	616	175	90	91	0.00645161	0	0.386813	1
257	321	71	323	69	90	93	0.0193548	0	0.156044	1
258	227	125	225	122	90	91	0.0354839	0	0.274725	2
259	515	125	514	125	90	91	0.00322581	0	0.274725	2
260	479	120	479	116	90	91	0.0516129	0	0.263736	1
261	813	440	813	439	90	110	0.00322581	0	0.967033	1
262	810	452	810	451	90	92	0.00322581	0	0.993407	1
263	363	77	364	76	90	91	0.00645161	0	0.169231	1
264	109	55	111	54	90	91	0.00967742	0	0.120879	1
265	700	455	699	454	90	101	0.00645161	0	1	2
266	738	441	737	439	90	102	0.016129	0	0.969231	2
267	686	454	686	453	90	98	0.00322581	0	0.997802	1
268	108	65	111	64	90	91	0.0129032	0	0.142857	1
269	741	104	740	104	90	92	0.00322581	0	0.228571	2
270	727	129	725	128	90	92	0.00967742	0	0.283516	2
271	279	67	288	67	90	94	0.0290323	0	0.147253	1
272	783	163	790	160	90	93	0.0516129	0	0.358242	1
273	421	126	421	126	90	91	0	0	0.276923	1
274	347	88	350	87	90	92	0.0129032	0	0.193407	1
275	337	73	340	71	90	92	0.0225806	0	0.16044	1
276	732	119	731	119	90	91	0.00322581	0	0.261538	2
277	803	428	805	427	90	97	0.00967742	0	0.940659	1
278	270	80	270	80	90	91	0	0	0.175824	1
279	789	202	790	201	90	93	0.00645161	0	0.443956	1
280	764	194	772	192	90	92	0.0387097	0	0.426374	1
281	266	64	277	63	90	95	0.0387097	0	0.140659	1
282	600	440	600	438	90	110	0.0129032	0	0.967033	1
283	446	85	445	84	90	91	0.00645161	0	0.186813	2
284	310	86	311	85	90	91	0.00645161	0	0.189011	1
285	499	91	486	89	90	94	0.0548387	0	0.2	2
286	389	119	395	118	90	93	0.0225806	0	0.261538	1
287	250	99	252	99	90	91	0.00645161	0	0.217582	1
288	630	126	633	123	91	92	0.0387097	0	0.276923	1
289	360	90	361	89	91	92	0.00645161	0	0.197802	1
290	368	124	369	123	91	92	0.00645161	0	0.272527	1
291	431	102	431	101	91	92	0.00322581	0	0.224176	1
292	374	69	373	67	91	94	0.016129	0	0.151648	2
293	371	90	375	89	91	92	0.016129	0	0.197802	1
294	386	79	389	78	91	92	0.0129032	0	0.173626	1
295	412	85	413	86	91	92	0.00645161	0	0.186813	1
296	767	166	771	164	91	92	0.0258065	0	0.364835	1
297	406	103	409	102	91	92	0.0129032	0	0.226374	1
298	478	72	478	71	91	92	0.00322581	0	0.158242	1
299	401	121	403	120	91	92	0.00967742	0	0.265934	1
300	677	455	675	454	92	107	0.00967742	0	1	2
301	792	141	801	138	92	100	0.0580645	0	0.30989	1
302	643	114	648	112	92	95	0.0290323	0	0.250549	1
303	115	53	116	52	92	93	0.00645161	0	0.116484	1
304	364	75	364	75	92	93	0	0	0.164835	1
305	512	126	508	126	92	93	0.0129032	0	0.276923	2
306	738	126	736	125	92	93	0.00967742	0	0.276923	2
307	480	114	479	112	92	93	0.016129	0	0.250549	2
308	491	119	487	119	92	93	0.0129032	0	0.261538	2
309	239	107	239	105	92	93	0.0129032	0	0.235165	1
310	480	124	480	123	92	93	0.00322581	0	0.272527	1
311	731	94	725	90	92	96	0.0709677	0	0.206593	2
312	452	87	450	84	92	93	0.0354839	0	0.191209	2
313	727	117	725	116	92	93	0.00967742	0	0.257143	2
314	750	110	745	109	92	95	0.0193548	0	0.241758	2
315	602	455	601	454	92	93	0.00645161	0	1	2
316	274	80	274	79	92	93	0.00322581	0	0.175824	1
317	631	454	630	452	92	95	0.016129	0	0.997802	2
318	480	95	476	93	93	94	0.0258065	0	0.208791	2
319	363	89	363	89	93	94	0	0	0.195604	1
320	631	120	632	119	93	94	0.00645161	0	0.263736	1
321	230	118	232	118	93	94	0.00645161	0	0.259341	1
322	825	163	826	164	93	95	0.00645161	0	0.358242	1
323	468	79	469	78	93	94	0.00645161	0	0.173626	1
324	785	150	786	149	93	94	0.00645161	0	0.32967	1
325	809	452	805	451	93	101	0.016129	0	0.993407	2
326	334	114	334	113	93	94	0.00322581	0	0.250549	1
327	738	104	733	101	93	96	0.0451613	0	0.228571	2
328	393	77	396	76	93	94	0.0129032	0	0.169231	1
329	619	172	620	170	93	94	0.016129	0	0.378022	1
330	353	87	354	85	93	94	0.016129	0	0.191209	1
331	480	73	479	75	93	94	0.016129	0	0.16044	2
332	338	73	337	72	93	94	0.00645161	0	0.16044	2
333	424	122	420	121	93	94	0.016129	0	0.268132	2
334	642	138	644	138	93	94	0.00645161	0	0.303297	1
335	249	99	251	99	93	95	0.00645161	0	0.217582	1
336	118	52	120	51	94	95	0.00967742	0	0.114286	1
337	505	126	499	126	94	95	0.0193548	0	0.276923	2
338	635	109	637	108	94	95	0.00967742	0	0.23956	1
339	471	107	471	106	94	95	0.00322581	0	0.235165	1
340	431	123	431	122	94	95	0.00322581	0	0.27033	1
341	487	128	484	130	94	95	0.0225806	0	0.281319	2
342	483	103	480	102	94	95	0.0129032	0	0.226374	2
343	434	100	433	100	94	95	0.00322581	0	0.21978	2
344	718	122	715	120	94	95	0.0225806	0	0.268132	2
345	246	139	249	139	94	95	0.00967742	0	0.305495	1
346	199	78	202	78	94	98	0.00967742	0	0.171429	1
347	794	201	794	200	94	95	0.00322581	0	0.441758	1
348	272	75	274	76	94	96	0.00967742	0	0.164835	1
349	208	55	208	55	94	95	0	0	0.120879	1
350	675	421	673	420	94	107	0.00967742	0	0.925275	2
351	255	119	261	119	94	96	0.0193548	0	0.261538	1
352	322	71	324	69	95	98	0.0193548	0	0.156044	1
353	474	92	472	91	95	96	0.00967742	0	0.202198	2
354	635	119	637	118	95	96	0.00967742	0	0.261538	1
355	366	78	369	77	95	98	0.0129032	0	0.171429	1
356	364	90	366	88	95	98	0.0193548	0	0.197802	1
357	788	153	800	151	95	102	0.0516129	0	0.336264	1
358	405	106	403	108	95	96	0.0193548	0	0.232967	2
359	371	68	391	66	95	108	0.0774194	0	0.149451	1
360	481	77	481	77	95	96	0	0	0.169231	1
361	727	133	726	132	95	96	0.00645161	0	0.292308	2
362	381	70	383	68	95	98	0.0193548	0	0.153846	1
363	362	116	362	114	95	97	0.0129032	0	0.254945	1
364	134	62	144	61	95	98	0.0354839	0	0.136264	1
365	452	72	451	71	95	96	0.00645161	0	0.158242	2
366	339	72	339	69	95	98	0.0290323	0	0.158242	1
367	471	78	472	77	95	96	0.00645161	0	0.171429	1
368	337	110	340	107	95	96	0.0387097	0	0.241758	1
369	449	82	446	81	95	96	0.0129032	0	0.18022	2
370	637	131	639	130	95	96	0.00967742	0	0.287912	1
371	316	61	317	59	95	98	0.016129	0	0.134066	1
372	290	69	291	70	95	96	0.00645161	0	0.151648	1
373	434	99	433	99	96	97	0.00322581	0	0.217582	2
374	278	66	298	66	96	104	0.0645161	0	0.145055	1
375	645	108	647	108	96	97	0.00645161	0	0.237363	1
376	123	53	125	52	96	97	0.00967742	0	0.116484	1
377	472	108	472	107	96	97	0.00322581	0	0.237363	1
378	717	112	707	110	96	102	0.0451613	0	0.246154	2
379	648	118	651	119	96	97	0.0129032	0	0.259341	1
380	267	133	268	132	96	97	0.00645161	0	0.292308	1
381	732	145	732	144	96	97	0.00322581	0	0.318681	1
382	726	430	723	429	96	100	0.0129032	0	0.945055	2
383	253	99	255	99	96	97	0.00645161	0	0.217582	1
384	209	56	209	55	96	97	0.00322581	0	0.123077	1
385	744	108	734	108	96	101	0.0322581	0	0.237363	2
386	628	451	623	449	96	100	0.0290323	0	0.991209	2
387	635	108	639	108	96	99	0.0129032	0	0.237363	1
388	480	130	477	129	96	97	0.0129032	0	0.285714	2
389	811	164	813	163	96	97	0.00967742	0	0.36044	1
390	799	159	802	158	96	98	0.0129032	0	0.349451	1
391	277	101	278	102	96	97	0.00645161	0	0.221978	1
392	596	358	595	358	96	110	0.00322581	0	0.786813	2
393	756	446	754	446	97	102	0.00645161	0	0.98022	2
394	443	86	440	86	97	99	0.00967742	0	0.189011	2
395	640	119	641	119	97	98	0.00322581	0	0.261538	1
396	726	130	721	128	97	99	0.0290323	0	0.285714	2
397	452	71	449	73	97	102	0.0225806	0	0.156044	2
398	724	99	712	101	97	104	0.0516129	0	0.217582	2
399	483	79	482	80	97	98	0.00645161	0	0.173626	2
400	390	98	388	100	97	98	0.0193548	0	0.215385	2
401	294	75	304	76	97	102	0.0354839	0	0.164835	1
402	253	143	253	144	97	98	0.00322581	0	0.314286	1
403	441	72	438	72	97	99	0.00967742	0	0.158242	2
404	281	81	282	82	97	99	0.00645161	0	0.178022	1
405	721	89	703	98	97	107	0.319355	0	0.195604	2
406	634	134	636	134	97	98	0.00645161	0	0.294505	1
407	403	98	401	100	97	98	0.0193548	0	0.215385	2
408	421	110	421	112	97	98	0.0129032	0	0.241758	1
409	127	53	128	52	98	99	0.00645161	0	0.116484	1
410	654	115	658	113	98	100	0.0258065	0	0.252747	1
411	791	201	790	200	98	99	0.00645161	0	0.441758	2
412	417	75	422	75	98	99	0.016129	0	0.164835	1
413	472	77	471	77	98	99	0.00322581	0	0.169231	2
414	210	55	210	53	98	99	0.0129032	0	0.120879	1
415	600	455	600	454	98	104	0.00322581	0	1	1
416	650	103	651	100	98	100	0.0322581	0	0.226374	1
417	815	167	815	166	98	99	0.00322581	0	0.367033	1
418	563	55	561	54	98	101	0.00967742	0	0.120879	2
419	755	142	740	141	98	101	0.0516129	0	0.312088	2
420	733	97	726	95	98	101	0.0354839	0	0.213187	2
421	648	129	648	128	98	99	0.00322581	0	0.283516	1
422	388	85	388	84	98	99	0.00322581	0	0.186813	1
423	259	100	264	98	98	100	0.0290323	0	0.21978	1
424	330	59	329	58	98	99	0.00645161	0	0.12967	2
425	325	69	325	68	99	100	0.00322581	0	0.151648	1
426	685	454	686	454	99	106	0.00322581	0	0.997802	1
427	363	86	363	85	99	100	0.00322581	0	0.189011	1
428	485	126	482	125	99	100	0.0129032	0	0.276923	2
429	425	85	424	84	99	100	0.00645161	0	0.186813	2
430	635	122	636	120	99	100	0.016129	0	0.268132	1
431	470	89	467	88	99	100	0.0129032	0	0.195604	2
432	204	82	203	80	99	100	0.016129	0	0.18022	2
433	146	60	157	58	99	102	0.0483871	0	0.131868	1
434	638	135	643	131	99	102	0.0677419	0	0.296703	1
435	585	56	587	56	99	104	0.00645161	0	0.123077	1
436	387	71	388	71	99	100	0.00322581	0	0.156044	1
437	444	105	444	104	99	100	0.00322581	0	0.230769	1
438	490	115	487	114	99	101	0.0129032	0	0.252747	2
439	806	197	816	197	99	101	0.0322581	0	0.432967	1
440	217	80	217	79	99	100	0.00322581	0	0.175824	1
441	371	76	374	75	99	101	0.0129032	0	0.167033	1
442	344	65	349	61	99	104	0.0677419	0	0.142857	1
443	284	99	286	97	99	100	0.0193548	0	0.217582	1
444	398	101	397	99	100	101	0.016129	0	0.221978	2
445	646	118	648	116	100	101	0.0193548	0	0.259341	1
446	459	126	454	123	100	101	0.0451613	0	0.276923	2
447	790	200	791	199	100	102	0.00645161	0	0.43956	1
448	474	101	471	100	100	101	0.0129032	0	0.221978	2
449	427	74	432	73	100	101	0.0193548	0	0.162637	1
450	209	53	210	51	100	101	0.016129	0	0.116484	1
451	325	58	325	58	100	101	0	0	0.127473	1
452	817	166	822	165	100	102	0.0193548	0	0.364835	1
453	471	76	468	78	100	104	0.0225806	0	0.167033	2
454	389	85	395	84	100	104	0.0225806	0	0.186813	1
455	640	107	641	106	100	101	0.00645161	0	0.235165	1
456	253	148	254	147	100	101	0.00645161	0	0.325275	1
457	206	38	211	34	100	106	0.0677419	0	0.0835165	1
458	330	107	329	106	100	101	0.00645161	0	0.235165	2
459	480	125	478	124	101	102	0.00967742	0	0.274725	2
460	468	122	467	119	101	102	0.0322581	0	0.268132	2
461	803	139	810	139	101	104	0.0225806	0	0.305495	1
462	326	70	327	72	101	103	0.016129	0	0.153846	1
463	371	85	372	85	101	102	0.00322581	0	0.186813	1
464	133	55	136	54	101	102	0.0129032	0	0.120879	1
465	273	119	278	117	101	102	0.0290323	0	0.261538	1
466	803	129	809	130	101	104	0.0225806	0	0.283516	1
467	389	69	397	68	101	105	0.0290323	0	0.151648	1
468	276	138	281	135	101	102	0.0451613	0	0.303297	1
469	722	427	723	426	101	104	0.00645161	0	0.938462	1
470	658	111	659	109	101	102	0.016129	0	0.243956	1
471	809	158	811	158	101	102	0.00645161	0	0.347253	1
472	723	138	718	137	101	103	0.0193548	0	0.303297	2
473	653	100	654	96	101	103	0.0548387	0	0.21978	1
474	629	446	629	446	101	103	0	0	0.98022	1
475	219	79	220	78	101	102	0.00645161	0	0.173626	1
476	354	101	355	101	101	102	0.00322581	0	0.221978	1
477	282	77	288	75	101	103	0.0322581	0	0.169231	1
478	377	112	378	111	101	102	0.00645161	0	0.246154	1
479	705	455	705	454	102	104	0.00322581	0	1	1
480	469	99	466	98	102	103	0.0129032	0	0.217582	2
481	397	98	396	96	102	103	0.016129	0	0.215385	2
482	213	51	214	50	102	103	0.00645161	0	0.112088	1
483	325	61	326	62	102	103	0.00645161	0	0.134066	1
484	643	104	644	102	102	103	0.016129	0	0.228571	1
485	651	119	655	114	102	105	0.0935484	0	0.261538	1
486	585	82	586	81	102	107	0.00645161	0	0.18022	1
487	560	56	560	55	102	107	0.00322581	0	0.123077	1
488	331	83	331	84	102	103	0.00322581	0	0.182418	1
489	733	111	730	111	102	104	0.00967742	0	0.243956	2
490	141	44	147	41	102	104	0.0483871	0	0.0967033	1
491	778	443	777	442	103	104	0.00645161	0	0.973626	2
492	464	120	459	120	103	104	0.016129	0	0.263736	2
493	655	106	657	103	103	105	0.0354839	0	0.232967	1
494	803	152	812	150	103	108	0.0419355	0	0.334066	1
495	814	158	819	156	103	106	0.0290323	0	0.347253	1
496	739	439	738	438	103	107	0.00645161	0	0.964835	2
497	140	55	143	54	103	104	0.0129032	0	0.120879	1
498	374	86	375	85	103	104	0.00645161	0	0.189011	1
499	723	99	717	105	103	106	0.135484	0	0.217582	2
500	645	130	646	129	103	104	0.00645161	0	0.285714	1
501	287	136	300	143	103	106	0.2	0	0.298901	1
502	355	103	355	103	103	104	0	0	0.226374	1
503	793	198	794	197	103	104	0.00645161	0	0.435165	1
504	436	85	435	85	103	104	0.00322581	0	0.186813	2
505	281	122	284	123	103	104	0.0129032	0	0.268132	1
506	282	90	284	90	103	104	0.00645161	0	0.197802	1
507	404	79	405	79	103	104	0.00322581	0	0.173626	1
508	643	113	644	111	103	104	0.016129	0	0.248352	1
509	754	449	753	448	103	107	0.00645161	0	0.986813	2
510	261	143	263	142	103	104	0.00967742	0	0.314286	1
511	719	112	717	112	103	104	0.00645161	0	0.246154	2
512	808	455	805	454	103	110	0.0129032	0	1	2
513	406	101	405	101	103	104	0.00322581	0	0.221978	2
514	806	427	804	426	103	110	0.00967742	0	0.938462	2
515	463	97	459	96	104	105	0.016129	0	0.213187	2
516	212	53	212	51	104	105	0.0129032	0	0.116484	1
517	822	131	825	130	104	106	0.0129032	0	0.287912	1
518	646	101	647	100	104	105	0.00645161	0	0.221978	1
519	331	86	333	83	104	108	0.0354839	0	0.189011	1
520	389	96	388	94	104	105	0.016129	0	0.210989	2
521	327	63	329	63	104	105	0.00645161	0	0.138462	1
522	338	53	338	52	104	105	0.00322581	0	0.116484	1
523	279	107	298	109	104	110	0.0741935	0	0.235165	1
524	317	87	317	86	104	105	0.00322581	0	0.191209	1
525	812	140	819	137	105	110	0.0516129	0	0.307692	1
526	329	74	333	72	105	108	0.0258065	0	0.162637	1
527	453	106	450	104	105	106	0.0225806	0	0.232967	2
528	314	76	316	76	105	106	0.00645161	0	0.167033	1
529	711	450	709	449	105	110	0.00967742	0	0.989011	2
530	777	443	775	443	105	108	0.00645161	0	0.973626	2
531	812	130	819	127	105	110	0.0516129	0	0.285714	1
532	145	54	152	52	105	108	0.0354839	0	0.118681	1
533	397	107	394	106	105	106	0.0129032	0	0.235165	2
534	378	83	379	82	105	106	0.00645161	0	0.182418	1
535	296	70	305	72	105	108	0.0419355	0	0.153846	1
536	588	59	589	59	105	110	0.00322581	0	0.12967	1
537	475	118	473	117	105	106	0.00967742	0	0.259341	2
538	295	103	307	104	105	109	0.0419355	0	0.226374	1
539	701	455	700	454	105	108	0.00645161	0	1	2
540	467	79	465	78	105	107	0.00967742	0	0.173626	2
541	473	105	471	104	105	106	0.00967742	0	0.230769	2
542	145	66	150	65	105	107	0.0193548	0	0.145055	1
543	801	197	802	196	105	106	0.00645161	0	0.432967	1
544	645	111	645	110	105	106	0.00322581	0	0.243956	1
545	319	66	320	65	105	106	0.00645161	0	0.145055	1
546	407	77	408	76	105	106	0.00645161	0	0.169231	1
547	724	426	724	425	105	107	0.00322581	0	0.936264	1
548	600	455	599	454	105	106	0.00645161	0	1	2
549	347	65	349	64	105	106	0.00967742	0	0.142857	1
550	27	73	32	72	105	106	0.0193548	0	0.16044	1
551	649	126	651	122	105	109	0.0580645	0	0.276923	1
552	730	110	728	110	105	106	0.00645161	0	0.241758	2
553	657	93	661	89	105	110	0.0645161	0	0.204396	1
554	723	149	720	149	105	110	0.00967742	0	0.327473	2
555	411	87	413	88	105	107	0.00967742	0	0.191209	1
556	221	78	220	77	105	106	0.00645161	0	0.171429	2
557	570	47	573	44	105	110	0.0387097	0	0.103297	1
558	419	128	418	127	105	108	0.00645161	0	0.281319	2
559	658	102	659	98	106	110	0.0548387	0	0.224176	1
560	288	129	289	131	106	107	0.016129	0	0.283516	1
561	444	94	441	93	106	107	0.0129032	0	0.206593	2
562	657	112	658	108	106	110	0.0548387	0	0.246154	1
563	398	68	400	68	106	108	0.00645161	0	0.149451	1
564	699	126	696	127	106	107	0.0129032	0	0.276923	2
565	217	46	217	45	106	107	0.00322581	0	0.101099	1
566	647	100	647	99	106	107	0.00322581	0	0.21978	1
567	147	43	151	42	106	108	0.016129	0	0.0945055	1
568	455	89	452	87	106	107	0.0225806	0	0.195604	2
569	404	101	402	100	106	107	0.00967742	0	0.221978	2
570	401	89	402	88	106	107	0.00645161	0	0.195604	1
571	710	118	707	120	106	107	0.0225806	0	0.259341	2
572	685	454	684	454	107	109	0.00322581	0	0.997802	2
573	446	103	438	102	107	110	0.0290323	0	0.226374	2
574	465	108	462	107	107	108	0.0129032	0	0.237363	2
575	382	83	383	83	107	108	0.00322581	0	0.182418	1
576	822	155	823	154	107	108	0.00645161	0	0.340659	1
577	472	118	471	119	107	108	0.00645161	0	0.259341	2
578	350	63	352	63	107	108	0.00645161	0	0.138462	1
579	714	108	705	110	107	110	0.0419355	0	0.237363	2
580	381	112	382	111	107	108	0.00645161	0	0.246154	1
581	335	63	336	62	107	108	0.00645161	0	0.138462	1
582	319	79	320	79	107	108	0.00322581	0	0.173626	1
583	305	145	312	146	107	110	0.0258065	0	0.318681	1
584	399	110	397	109	107	108	0.00967742	0	0.241758	2
585	321	66	322	65	107	108	0.00645161	0	0.145055	1
586	222	156	221	156	107	110	0.00322581	0	0.342857	2
587	340	53	343	53	107	109	0.00967742	0	0.116484	1
588	438	85	435	84	108	109	0.0129032	0	0.186813	2
589	27	73	26	72	108	110	0.00645161	0	0.16044	2
590	561	56	563	56	108	110	0.00645161	0	0.123077	1
591	464	78	463	77	108	109	0.00645161	0	0.171429	2
592	647	108	647	105	108	110	0.0290323	0	0.237363	1
593	738	439	737	438	108	109	0.00645161	0	0.964835	2
594	451	93	445	91	108	110	0.0322581	0	0.204396	2
595	648	98	648	95	108	110	0.0290323	0	0.215385	1
596	210	35	210	34	108	110	0.00322581	0	0.0769231	1
597	414	89	416	91	108	110	0.0193548	0	0.195604	1
598	218	45	218	44	108	109	0.00322581	0	0.0989011	1
599	702	123	698	123	108	109	0.0129032	0	0.27033	2
600	587	81	587	80	108	110	0.00322581	0	0.178022	1
601	433	98	432	98	108	109	0.00322581	0	0.215385	2
602	434	134	432	134	108	110	0.00645161	0	0.294505	2
603	447	71	445	70	108	109	0.00967742	0	0.156044	2
604	472	105	472	104	108	109	0.00322581	0	0.230769	1
605	407	112	405	110	108	110	0.0193548	0	0.246154	2
606	501	131	498	129	108	110	0.0225806	0	0.287912	2
607	324	108	324	107	108	109	0.00322581	0	0.237363	1
608	561	87	562	86	108	110	0.00645161	0	0.191209	1
609	355	63	356	63	109	110	0.00322581	0	0.138462	1
610	401	69	402	69	109	110	0.00322581	0	0.151648	1
611	400	100	398	98	109	110	0.0193548	0	0.21978	2
612	328	62	329	60	109	110	0.016129	0	0.136264	1
613	472	121	473	122	109	110	0.00645161	0	0.265934	1
614	814	150	815	149	109	110	0.00645161	0	0.32967	1
615	154	52	155	51	109	110	0.00645161	0	0.114286	1
616	387	76	388	76	109	110	0.00322581	0	0.167033	1
617	335	82	335	80	109	110	0.0129032	0	0.18022	1
618	477	67	482	65	109	110	0.0290323	0	0.147253	1
619	153	42	154	41	109	110	0.00645161	0	0.0923077	1
620	776	443	775	443	109	110	0.00322581	0	0.973626	2
621	333	52	336	51	109	110	0.0129032	0	0.114286	1
622	695	133	692	133	109	110	0.00967742	0	0.292308	2
623	685	127	680	124	109	110	0.0451613	0	0.279121	2
624	596	455	594	454	109	110	0.00967742	0	1	2
625	155	62	156	61	109	110	0.00645161	0	0.136264	1