
0	594	137	591	137	47	50	0.0106007	0	0.36631	2
1	325	124	324	121	47	48	0.0353357	0	0.331551	2
2	586	121	579	121	47	51	0.024735	0	0.323529	2
3	356	293	344	300	47	70	0.215548	0	0.783422	2
4	276	126	275	125	48	49	0.00706714	0	0.336898	2
5	314	125	313	123	48	49	0.0176678	0	0.334225	2
6	512	129	511	129	48	49	0.00353357	0	0.34492	2
7	389	154	390	153	48	50	0.00706714	0	0.411765	1
8	188	24	189	24	48	53	0.00353357	0	0.0641711	1
9	157	24	158	24	48	50	0.00353357	0	0.0641711	1
10	279	136	279	136	48	49	0	0	0.363636	1
11	48	39	41	49	48	85	0.378092	0	0.104278	2
12	589	107	580	107	49	53	0.0318021	0	0.286096	2
13	415	142	413	140	49	50	0.0212014	0	0.379679	2
14	265	134	264	133	49	50	0.00706714	0	0.358289	2
15	286	120	286	118	49	50	0.0141343	0	0.320856	1
16	209	133	220	131	49	56	0.0530035	0	0.355615	1
17	593	123	590	123	49	51	0.0106007	0	0.328877	2
18	275	125	274	123	50	51	0.0176678	0	0.334225	2
19	509	130	506	129	50	51	0.0141343	0	0.347594	2
20	376	163	374	161	50	51	0.0212014	0	0.435829	2
21	272	165	272	161	50	52	0.0565371	0	0.441176	1
22	320	119	320	115	50	51	0.0565371	0	0.318182	1
23	285	132	285	131	50	51	0.00353357	0	0.352941	1
24	219	157	224	155	50	52	0.0318021	0	0.419786	1
25	803	207	800	204	50	51	0.0424028	0	0.553476	2
26	458	139	450	136	50	53	0.0600707	0	0.371658	2
27	399	142	396	139	50	51	0.0424028	0	0.379679	2
28	412	166	411	164	50	51	0.0176678	0	0.44385	2
29	355	124	353	122	50	51	0.0212014	0	0.331551	2
30	806	191	796	192	50	53	0.0388693	0	0.510695	2
31	590	137	588	137	51	52	0.00706714	0	0.36631	2
32	605	139	602	139	51	52	0.0106007	0	0.371658	2
33	285	118	284	117	51	52	0.00706714	0	0.315508	2
34	272	133	271	132	51	52	0.00706714	0	0.355615	2
35	206	151	206	150	51	52	0.00353357	0	0.403743	1
36	330	169	330	169	51	52	0	0	0.451872	1
37	212	141	212	139	51	52	0.0141343	0	0.377005	1
38	815	209	811	208	51	52	0.0176678	0	0.558824	2
39	196	158	197	157	51	53	0.00706714	0	0.42246	1
40	487	120	483	117	52	53	0.0459364	0	0.320856	2
41	407	182	407	181	52	53	0.00353357	0	0.486631	1
42	274	120	272	119	52	53	0.0106007	0	0.320856	2
43	510	152	509	151	52	54	0.00706714	0	0.406417	2
44	499	123	492	119	52	54	0.0812721	0	0.328877	2
45	349	124	348	122	52	53	0.0176678	0	0.331551	2
46	298	176	298	174	52	54	0.0141343	0	0.470588	1
47	813	194	807	193	52	53	0.024735	0	0.518717	2
48	797	202	794	202	52	53	0.0106007	0	0.540107	2
49	177	154	181	154	52	57	0.0141343	0	0.411765	1
50	281	132	279	132	52	53	0.00706714	0	0.352941	2
51	577	122	571	122	52	53	0.0212014	0	0.326203	2
52	823	195	814	192	52	54	0.0636042	0	0.52139	2
53	393	135	390	132	52	53	0.0424028	0	0.360963	2
54	502	133	499	131	52	53	0.024735	0	0.355615	2
55	492	134	491	133	52	53	0.00706714	0	0.358289	2
56	284	117	282	116	53	54	0.0106007	0	0.312834	2
57	228	155	242	148	53	56	0.222615	0	0.414439	1
58	207	150	211	148	53	56	0.0282686	0	0.40107	1
59	343	147	343	140	53	57	0.173145	0	0.393048	1
60	332	170	330	170	53	58	0.00706714	0	0.454545	2
61	273	159	272	158	53	57	0.00706714	0	0.425134	2
62	418	157	419	154	53	54	0.0353357	0	0.419786	1
63	304	118	303	116	53	54	0.0176678	0	0.315508	2
64	230	138	232	135	53	54	0.0388693	0	0.368984	1
65	239	166	240	167	53	57	0.00706714	0	0.44385	1
66	509	126	506	124	53	54	0.024735	0	0.336898	2
67	439	147	435	144	53	54	0.0459364	0	0.393048	2
68	577	106	566	106	54	58	0.0388693	0	0.283422	2
69	803	193	799	192	54	55	0.0176678	0	0.516043	2
70	277	131	274	130	54	55	0.0141343	0	0.350267	2
71	363	134	356	132	54	56	0.0388693	0	0.358289	2
72	414	183	414	181	54	55	0.0141343	0	0.489305	1
73	313	111	312	111	54	56	0.00353357	0	0.296791	2
74	448	137	424	134	54	61	0.116608	0	0.36631	2
75	241	197	247	200	54	58	0.0530035	0	0.526738	1
76	432	134	420	130	54	58	0.0989399	0	0.358289	2
77	396	126	393	124	54	55	0.024735	0	0.336898	2
78	793	193	774	196	54	59	0.0989399	0	0.516043	2
79	825	201	818	200	54	56	0.0282686	0	0.537433	2
80	409	127	410	125	54	55	0.0176678	0	0.339572	1
81	489	117	485	116	55	56	0.0176678	0	0.312834	2
82	479	115	468	113	55	58	0.0530035	0	0.307487	2
83	394	135	391	135	55	56	0.0106007	0	0.360963	2
84	263	129	260	129	55	56	0.0106007	0	0.34492	2
85	235	135	240	133	55	57	0.0318021	0	0.360963	1
86	569	24	560	37	55	85	0.628975	0	0.0641711	2
87	431	142	427	140	55	56	0.0282686	0	0.379679	2
88	404	185	402	186	55	57	0.0106007	0	0.494652	2
89	419	200	418	201	55	57	0.00706714	0	0.534759	2
90	383	139	377	137	55	56	0.0353357	0	0.371658	2
91	289	117	288	117	55	56	0.00353357	0	0.312834	2
92	200	156	200	156	55	58	0	0	0.417112	1
93	260	169	261	173	55	61	0.0600707	0	0.451872	1
94	469	173	452	170	55	57	0.0918728	0	0.462567	2
95	397	114	398	114	55	56	0.00353357	0	0.304813	1
96	285	160	289	160	55	57	0.0141343	0	0.427807	1
97	265	118	263	118	55	56	0.00706714	0	0.315508	2
98	333	130	332	130	55	56	0.00353357	0	0.347594	2
99	190	24	181	36	55	85	0.540636	0	0.0641711	2
100	413	178	412	178	56	57	0.00353357	0	0.475936	2
101	796	194	787	195	56	58	0.0353357	0	0.518717	2
102	278	116	275	117	56	57	0.0141343	0	0.31016	2
103	496	125	493	123	56	57	0.024735	0	0.334225	2
104	817	234	816	234	56	57	0.00353357	0	0.625668	2
105	407	125	408	125	56	57	0.00353357	0	0.334225	1
106	415	140	413	137	56	57	0.0388693	0	0.374332	2
107	413	188	412	190	56	58	0.0176678	0	0.502674	2
108	196	142	198	141	56	59	0.0106007	0	0.379679	1
109	555	116	543	115	56	60	0.0459364	0	0.31016	2
110	213	147	213	146	57	58	0.00353357	0	0.393048	1
111	481	116	477	115	57	58	0.0176678	0	0.31016	2
112	267	188	266	190	57	59	0.0176678	0	0.502674	2
113	350	118	344	117	57	59	0.024735	0	0.315508	2
114	247	146	249	146	57	58	0.00706714	0	0.390374	1
115	419	147	417	145	57	58	0.0212014	0	0.393048	2
116	354	129	350	128	57	58	0.0176678	0	0.34492	2
117	311	113	311	114	57	59	0.00353357	0	0.302139	1
118	584	119	580	118	57	58	0.0176678	0	0.318182	2
119	159	24	151	34	57	85	0.381625	0	0.0641711	2
120	259	152	258	153	57	58	0.00706714	0	0.406417	2
121	286	119	283	122	57	59	0.0424028	0	0.318182	2
122	273	118	272	119	58	59	0.00706714	0	0.315508	2
123	199	174	206	172	58	61	0.0388693	0	0.465241	1
124	320	116	321	116	58	59	0.00353357	0	0.31016	1
125	272	160	269	155	58	64	0.0989399	0	0.427807	2
126	586	138	576	137	58	61	0.0388693	0	0.368984	2
127	313	160	316	161	58	60	0.0141343	0	0.427807	1
128	405	147	407	144	58	65	0.0388693	0	0.393048	1
129	410	135	409	133	58	59	0.0176678	0	0.360963	2
130	402	188	401	188	58	59	0.00353357	0	0.502674	2
131	419	206	418	205	58	59	0.00706714	0	0.550802	2
132	243	173	239	175	58	72	0.0282686	0	0.462567	2
133	183	155	192	156	58	62	0.0353357	0	0.414439	1
134	492	122	485	120	58	60	0.0388693	0	0.326203	2
135	707	294	704	293	58	60	0.0141343	0	0.786096	2
136	499	145	504	148	58	59	0.04947	0	0.387701	1
137	785	207	777	206	58	59	0.0318021	0	0.553476	2
138	310	180	312	186	58	69	0.134276	0	0.481283	1
139	208	133	214	128	58	63	0.109541	0	0.355615	1
140	276	185	276	183	58	61	0.0141343	0	0.494652	1
141	473	115	466	112	59	61	0.0565371	0	0.307487	2
142	330	168	334	166	59	61	0.0282686	0	0.449198	1
143	563	106	551	112	59	63	0.169611	0	0.283422	2
144	784	196	782	195	59	60	0.0106007	0	0.524064	2
145	412	190	400	189	59	71	0.0459364	0	0.508021	2
146	217	141	218	138	59	61	0.0353357	0	0.377005	1
147	568	138	563	141	59	61	0.04947	0	0.368984	2
148	418	146	417	143	59	60	0.0353357	0	0.390374	2
149	462	113	443	113	59	64	0.0671378	0	0.302139	2
150	252	159	251	158	59	60	0.00706714	0	0.425134	2
151	823	242	821	240	59	61	0.0212014	0	0.647059	2
152	811	234	802	237	59	60	0.0636042	0	0.625668	2
153	358	138	357	136	59	60	0.0176678	0	0.368984	2
154	301	116	302	116	59	60	0.00353357	0	0.31016	1
155	251	201	254	201	59	61	0.0106007	0	0.537433	1
156	353	127	351	126	59	60	0.0106007	0	0.339572	2
157	507	158	506	157	59	60	0.00706714	0	0.42246	2
158	267	150	265	146	59	63	0.0636042	0	0.40107	2
159	729	300	706	299	59	68	0.0848057	0	0.802139	2
160	236	146	241	149	59	60	0.04947	0	0.390374	1
161	414	177	413	175	60	61	0.0176678	0	0.473262	2
162	266	191	266	189	60	64	0.0141343	0	0.510695	1
163	346	137	345	137	60	61	0.00353357	0	0.36631	2
164	198	139	200	138	60	62	0.0106007	0	0.371658	1
165	769	205	764	203	60	61	0.0318021	0	0.548128	2
166	326	116	328	116	60	61	0.00706714	0	0.31016	1
167	410	132	410	130	60	61	0.0141343	0	0.352941	1
168	812	238	810	237	60	61	0.0106007	0	0.636364	2
169	772	191	742	194	60	67	0.137809	0	0.510695	2
170	230	152	238	152	60	61	0.0282686	0	0.406417	1
171	802	194	798	190	60	61	0.0706714	0	0.518717	2
172	401	189	400	187	60	62	0.0176678	0	0.505348	2
173	425	183	424	180	60	62	0.0353357	0	0.489305	2
174	474	125	467	124	60	62	0.0282686	0	0.334225	2
175	781	194	770	198	61	64	0.0954064	0	0.518717	2
176	793	239	774	250	61	69	0.4947	0	0.639037	2
177	305	118	308	119	61	62	0.0141343	0	0.315508	1
178	252	158	252	157	61	62	0.00353357	0	0.42246	1
179	714	299	633	309	61	81	0.639576	0	0.799465	2
180	418	144	418	144	61	62	0	0	0.385027	1
181	789	250	775	260	61	68	0.402827	0	0.668449	2
182	325	138	325	138	61	62	0	0	0.368984	1
183	476	149	470	150	61	62	0.024735	0	0.398396	2
184	315	162	316	162	61	62	0.00353357	0	0.433155	1
185	413	174	411	173	62	63	0.0106007	0	0.465241	2
186	211	172	214	170	62	63	0.024735	0	0.459893	1
187	463	114	459	115	62	63	0.0176678	0	0.304813	2
188	811	237	806	235	62	63	0.0318021	0	0.63369	2
189	338	136	337	136	62	63	0.00353357	0	0.363636	2
190	215	139	215	139	62	63	0	0	0.371658	1
191	763	205	760	205	62	63	0.0106007	0	0.548128	2
192	371	149	367	150	62	63	0.0176678	0	0.398396	2
193	319	117	321	117	62	63	0.00706714	0	0.312834	1
194	804	205	795	211	62	63	0.159011	0	0.548128	2
195	703	294	697	295	62	64	0.024735	0	0.786096	2
196	417	122	420	122	62	63	0.0106007	0	0.326203	1
197	793	192	789	195	62	63	0.0459364	0	0.513369	2
198	495	146	478	148	62	64	0.0742049	0	0.390374	2
199	507	150	500	149	62	63	0.0282686	0	0.40107	2
200	211	27	201	36	62	85	0.321555	0	0.0721925	2
201	27	82	24	90	62	74	0.236749	0	0.219251	2
202	767	79	756	89	62	85	0.392226	0	0.21123	2
203	339	166	339	165	63	64	0.00353357	0	0.44385	1
204	275	126	276	126	63	64	0.00353357	0	0.336898	1
205	416	135	415	135	63	64	0.00353357	0	0.360963	2
206	251	158	249	155	63	65	0.0388693	0	0.42246	2
207	311	120	313	120	63	64	0.00706714	0	0.320856	1
208	327	135	325	135	63	64	0.00706714	0	0.360963	2
209	813	245	797	239	63	65	0.183746	0	0.65508	2
210	564	147	562	148	63	64	0.0106007	0	0.393048	2
211	203	140	203	139	63	64	0.00353357	0	0.374332	1
212	81	24	70	31	63	85	0.212014	0	0.0641711	2
213	469	159	467	161	63	68	0.0212014	0	0.425134	2
214	349	125	347	126	63	64	0.0106007	0	0.334225	2
215	776	212	769	214	63	64	0.0388693	0	0.566845	2
216	282	147	281	150	63	64	0.0353357	0	0.393048	2
217	423	181	421	180	63	64	0.0106007	0	0.483957	2
218	259	120	262	122	63	65	0.024735	0	0.320856	1
219	454	118	449	118	64	65	0.0176678	0	0.315508	2
220	259	145	259	143	64	65	0.0141343	0	0.387701	1
221	203	175	205	173	64	66	0.0212014	0	0.467914	1
222	547	116	541	116	64	65	0.0212014	0	0.31016	2
223	215	160	217	157	64	65	0.0388693	0	0.427807	1
224	410	174	403	173	64	69	0.0282686	0	0.465241	2
225	416	125	419	123	64	65	0.024735	0	0.334225	1
226	336	136	336	135	64	65	0.00353357	0	0.363636	1
227	219	139	223	137	64	66	0.0282686	0	0.371658	1
228	397	184	397	180	64	66	0.0565371	0	0.491979	1
229	419	222	417	214	64	67	0.233216	0	0.593583	2
230	362	152	358	151	64	65	0.0176678	0	0.406417	2
231	255	203	255	200	64	66	0.0318021	0	0.542781	1
232	541	106	536	106	64	65	0.0176678	0	0.283422	2
233	215	149	220	147	64	66	0.0318021	0	0.398396	1
234	707	321	642	330	65	79	0.515901	0	0.858289	2
235	695	309	669	313	65	71	0.14841	0	0.826203	2
236	311	128	313	128	65	66	0.00706714	0	0.342246	1
237	326	136	326	135	65	67	0.00353357	0	0.363636	1
238	280	126	284	125	65	66	0.0176678	0	0.336898	1
239	265	157	262	157	65	68	0.0106007	0	0.419786	2
240	415	162	416	161	65	66	0.00706714	0	0.433155	1
241	268	187	269	185	65	66	0.0176678	0	0.5	1
242	695	298	683	298	65	68	0.0424028	0	0.796791	2
243	333	125	334	124	65	66	0.00706714	0	0.334225	1
244	465	123	462	123	65	66	0.0106007	0	0.328877	2
245	568	150	567	149	65	66	0.00706714	0	0.40107	2
246	361	138	355	140	65	66	0.0353357	0	0.368984	2
247	249	143	249	143	65	66	0	0	0.382353	1
248	218	128	223	129	65	68	0.0212014	0	0.342246	1
249	548	132	524	134	65	69	0.0989399	0	0.352941	2
250	533	114	526	113	66	67	0.0282686	0	0.304813	2
251	261	142	259	141	66	67	0.0106007	0	0.379679	2
252	763	201	754	202	66	67	0.0353357	0	0.537433	2
253	424	123	425	122	66	67	0.00706714	0	0.328877	1
254	414	132	413	131	66	67	0.00706714	0	0.352941	2
255	251	154	245	156	66	70	0.0353357	0	0.411765	2
256	410	144	408	144	66	69	0.00706714	0	0.385027	2
257	336	135	335	134	66	67	0.00706714	0	0.360963	2
258	256	188	254	187	66	67	0.0106007	0	0.502674	2
259	530	125	524	125	66	67	0.0212014	0	0.334225	2
260	323	120	324	121	66	67	0.00706714	0	0.320856	1
261	355	288	343	290	66	70	0.0565371	0	0.770053	2
262	271	175	270	176	66	68	0.00706714	0	0.467914	2
263	556	146	527	151	66	70	0.190813	0	0.390374	2
264	390	128	384	128	66	67	0.0212014	0	0.342246	2
265	409	218	403	216	66	68	0.0353357	0	0.582888	2
266	448	112	441	112	66	67	0.024735	0	0.299465	2
267	533	141	510	147	66	70	0.208481	0	0.377005	2
268	225	161	225	162	67	68	0.00353357	0	0.430481	1
269	205	174	215	177	67	72	0.0671378	0	0.465241	1
270	225	138	226	140	67	69	0.0176678	0	0.368984	1
271	425	183	422	187	67	69	0.0671378	0	0.489305	2
272	712	344	700	347	67	70	0.0742049	0	0.919786	2
273	740	214	730	211	67	68	0.0671378	0	0.572193	2
274	335	123	334	122	67	68	0.00706714	0	0.328877	2
275	396	143	394	141	67	68	0.0212014	0	0.382353	2
276	457	124	444	127	67	69	0.0777385	0	0.331551	2
277	265	194	262	201	67	74	0.183746	0	0.518717	2
278	561	147	537	149	67	70	0.0989399	0	0.393048	2
279	288	144	289	148	67	69	0.0600707	0	0.385027	1
280	363	151	357	152	67	68	0.024735	0	0.403743	2
281	419	232	416	241	67	74	0.29682	0	0.620321	2
282	281	179	280	183	67	70	0.0600707	0	0.47861	2
283	319	165	317	165	67	68	0.00706714	0	0.441176	2
284	267	144	265	145	68	69	0.0106007	0	0.385027	2
285	519	114	497	118	68	72	0.134276	0	0.304813	2
286	254	188	252	189	68	70	0.0106007	0	0.502674	2
287	740	213	726	215	68	70	0.0636042	0	0.569519	2
288	383	136	376	136	68	69	0.024735	0	0.363636	2
289	419	129	419	129	68	69	0	0	0.34492	1
290	255	141	252	143	68	70	0.024735	0	0.377005	2
291	370	172	369	174	68	70	0.0176678	0	0.459893	2
292	735	193	727	193	68	69	0.0282686	0	0.516043	2
293	409	133	407	133	68	69	0.00706714	0	0.355615	2
294	514	127	509	132	68	69	0.106007	0	0.339572	2
295	429	124	429	125	68	69	0.00353357	0	0.331551	1
296	746	247	719	263	69	74	1	0	0.660428	2
297	267	180	265	185	69	71	0.0954064	0	0.481283	2
298	413	175	411	177	69	70	0.0212014	0	0.467914	2
299	275	159	282	160	69	70	0.0282686	0	0.425134	1
300	348	130	348	131	69	70	0.00353357	0	0.347594	1
301	334	123	334	123	69	71	0	0	0.328877	1
302	282	136	291	141	69	73	0.120141	0	0.363636	1
303	396	134	395	136	69	70	0.0176678	0	0.358289	2
304	225	130	227	132	69	72	0.0212014	0	0.347594	1
305	677	297	664	300	69	72	0.0777385	0	0.794118	2
306	344	164	337	166	69	70	0.0388693	0	0.438503	2
307	324	259	310	257	69	74	0.0636042	0	0.692513	2
308	418	150	419	148	69	70	0.0176678	0	0.40107	1
309	392	144	389	148	69	70	0.0671378	0	0.385027	2
310	519	153	516	156	69	70	0.0424028	0	0.409091	2
311	414	190	411	191	70	71	0.0141343	0	0.508021	2
312	257	169	252	172	70	74	0.04947	0	0.451872	2
313	733	203	725	203	70	71	0.0282686	0	0.542781	2
314	332	248	309	242	70	78	0.208481	0	0.663102	2
315	407	136	404	136	70	71	0.0106007	0	0.363636	2
316	322	181	314	183	70	71	0.0424028	0	0.483957	2
317	315	124	312	123	70	71	0.0141343	0	0.331551	2
318	291	24	282	25	70	85	0.0353357	0	0.0641711	2
319	379	149	376	149	70	71	0.0106007	0	0.398396	2
320	577	24	568	25	70	85	0.0353357	0	0.0641711	2
321	721	198	694	201	70	74	0.127208	0	0.529412	2
322	332	142	326	140	70	71	0.0353357	0	0.379679	2
323	264	146	261	146	70	71	0.0106007	0	0.390374	2
324	390	190	388	191	71	72	0.0106007	0	0.508021	2
325	425	135	427	134	71	72	0.0106007	0	0.360963	1
326	343	290	293	291	71	84	0.180212	0	0.775401	2
327	769	257	738	254	71	74	0.141343	0	0.687166	2
328	336	257	300	249	71	84	0.353357	0	0.687166	2
329	226	146	227	146	71	73	0.00353357	0	0.390374	1
330	398	167	397	166	71	72	0.00706714	0	0.446524	2
331	240	148	238	147	71	72	0.0106007	0	0.395722	2
332	251	143	249	142	71	72	0.0106007	0	0.382353	2
333	692	305	660	306	71	78	0.116608	0	0.815508	2
334	354	183	333	181	71	73	0.0883392	0	0.489305	2
335	288	158	291	156	71	72	0.024735	0	0.42246	1
336	429	123	431	122	71	72	0.0106007	0	0.328877	1
337	702	347	698	346	71	72	0.0176678	0	0.927807	2
338	393	138	391	136	71	72	0.0212014	0	0.368984	2
339	412	222	407	225	71	74	0.04947	0	0.593583	2
340	330	169	323	169	71	72	0.024735	0	0.451872	2
341	264	156	259	156	71	74	0.0176678	0	0.417112	2
342	273	123	284	121	71	77	0.0530035	0	0.328877	1
343	292	121	295	121	71	73	0.0106007	0	0.323529	1
344	169	28	160	29	71	85	0.0353357	0	0.0748663	2
345	367	140	362	140	72	73	0.0176678	0	0.374332	2
346	265	187	262	188	72	74	0.0141343	0	0.5	2
347	400	190	391	188	72	75	0.0459364	0	0.508021	2
348	411	192	405	191	72	74	0.024735	0	0.513369	2
349	664	313	659	313	72	73	0.0176678	0	0.836898	2
350	719	205	712	206	72	73	0.0282686	0	0.548128	2
351	244	159	235	158	72	76	0.0353357	0	0.425134	2
352	388	235	385	236	72	73	0.0141343	0	0.628342	2
353	273	136	275	137	72	73	0.0106007	0	0.363636	1
354	732	217	725	219	72	73	0.0388693	0	0.580214	2
355	322	122	321	121	72	73	0.00706714	0	0.326203	2
356	207	158	199	144	72	85	0.720848	0	0.42246	2
357	493	119	487	119	73	74	0.0212014	0	0.318182	2
358	329	135	328	134	73	74	0.00706714	0	0.360963	2
359	417	166	415	166	73	74	0.00706714	0	0.44385	2
360	249	145	246	144	73	74	0.0141343	0	0.387701	2
361	384	185	379	184	73	74	0.0212014	0	0.494652	2
362	390	143	387	142	73	74	0.0141343	0	0.382353	2
363	334	122	332	121	73	74	0.0106007	0	0.326203	2
364	364	159	357	158	73	74	0.0282686	0	0.425134	2
365	426	131	428	130	73	74	0.0106007	0	0.350267	1
366	403	170	400	169	73	74	0.0141343	0	0.454545	2
367	351	138	346	138	73	74	0.0176678	0	0.368984	2
368	404	122	399	122	73	74	0.0176678	0	0.326203	2
369	237	194	233	194	73	74	0.0141343	0	0.518717	2
370	660	302	655	301	73	74	0.0212014	0	0.807487	2
371	436	125	438	124	73	74	0.0106007	0	0.334225	1
372	387	195	384	194	73	74	0.0141343	0	0.52139	2
373	239	176	237	175	73	74	0.0106007	0	0.470588	2
374	411	180	407	178	74	75	0.0282686	0	0.481283	2
375	508	157	489	153	74	77	0.123675	0	0.419786	2
376	678	374	662	373	74	77	0.0600707	0	1	2
377	228	147	228	145	74	75	0.0141343	0	0.393048	1
378	656	313	631	315	74	79	0.102473	0	0.836898	2
379	308	127	309	126	74	75	0.00706714	0	0.339572	1
380	224	167	220	165	74	75	0.0282686	0	0.446524	2
381	296	124	297	124	74	75	0.00353357	0	0.331551	1
382	706	210	700	209	74	75	0.024735	0	0.561497	2
383	384	237	384	236	74	77	0.00353357	0	0.63369	1
384	737	244	724	246	74	75	0.0600707	0	0.652406	2
385	646	335	618	329	74	79	0.226148	0	0.895722	2
386	319	132	318	132	75	76	0.00353357	0	0.352941	2
387	258	190	247	187	75	78	0.0706714	0	0.508021	2
388	242	144	239	142	75	76	0.024735	0	0.385027	2
389	443	168	444	169	75	78	0.00706714	0	0.449198	1
390	376	183	371	181	75	76	0.0318021	0	0.489305	2
391	722	267	720	265	75	76	0.0212014	0	0.713904	2
392	486	120	472	119	75	77	0.0530035	0	0.320856	2
393	404	223	390	220	75	78	0.0812721	0	0.596257	2
394	433	129	436	127	75	76	0.024735	0	0.34492	1
395	687	200	680	198	75	76	0.0388693	0	0.534759	2
396	340	136	328	136	75	77	0.0424028	0	0.363636	2
397	381	194	377	192	75	76	0.0282686	0	0.518717	2
398	373	211	369	211	75	76	0.0141343	0	0.564171	2
399	88	175	82	175	75	85	0.0212014	0	0.467914	2
400	687	228	677	225	75	76	0.0671378	0	0.609626	2
401	327	157	326	156	75	76	0.00706714	0	0.419786	2
402	223	155	219	152	75	77	0.0459364	0	0.414439	2
403	443	122	447	120	75	76	0.0282686	0	0.326203	1
404	466	133	460	132	75	76	0.024735	0	0.355615	2
405	494	130	479	129	75	77	0.0565371	0	0.347594	2
406	300	139	295	139	75	76	0.0176678	0	0.371658	2
407	387	187	349	180	76	85	0.30742	0	0.5	2
408	403	178	399	177	76	77	0.0176678	0	0.475936	2
409	340	156	332	155	76	77	0.0318021	0	0.417112	2
410	330	120	326	120	76	78	0.0141343	0	0.320856	2
411	706	232	690	229	76	78	0.0883392	0	0.620321	2
412	687	208	680	206	76	77	0.0388693	0	0.55615	2
413	705	220	690	216	76	78	0.109541	0	0.588235	2
414	227	143	225	141	76	77	0.0212014	0	0.382353	2
415	667	349	648	355	76	79	0.194346	0	0.933155	2
416	384	138	380	138	76	77	0.0141343	0	0.368984	2
417	647	300	636	301	76	78	0.0424028	0	0.802139	2
418	470	114	462	114	76	77	0.0282686	0	0.304813	2
419	227	200	222	199	76	79	0.0212014	0	0.534759	2
420	147	29	141	30	76	85	0.024735	0	0.0775401	2
421	466	151	460	153	77	78	0.0353357	0	0.403743	2
422	237	142	233	142	77	78	0.0141343	0	0.379679	2
423	668	224	644	224	77	80	0.0848057	0	0.59893	2
424	717	263	711	261	77	78	0.0353357	0	0.703209	2
425	441	127	443	126	77	78	0.0106007	0	0.339572	1
426	234	159	225	157	77	80	0.0459364	0	0.425134	2
427	446	117	448	116	77	78	0.0106007	0	0.312834	1
428	392	187	387	186	77	78	0.0212014	0	0.5	2
429	670	200	646	202	77	80	0.0989399	0	0.534759	2
430	313	146	310	146	77	78	0.0106007	0	0.390374	2
431	654	361	647	364	77	78	0.0565371	0	0.965241	2
432	341	129	337	130	77	79	0.0176678	0	0.34492	2
433	315	165	312	164	77	78	0.0141343	0	0.441176	2
434	255	149	251	149	77	78	0.0141343	0	0.398396	2
435	290	143	282	144	77	78	0.0318021	0	0.382353	2
436	330	145	321	147	78	79	0.0459364	0	0.387701	2
437	383	237	379	233	78	82	0.0706714	0	0.63369	2
438	674	204	659	205	78	80	0.0565371	0	0.545455	2
439	349	136	346	136	78	80	0.0106007	0	0.363636	2
440	387	121	387	120	78	79	0.00353357	0	0.323529	1
441	332	192	326	191	78	82	0.024735	0	0.513369	2
442	293	159	287	160	78	79	0.024735	0	0.425134	2
443	320	150	313	152	78	79	0.0388693	0	0.40107	2
444	295	121	296	123	78	80	0.0176678	0	0.323529	1
445	373	219	370	220	78	79	0.0141343	0	0.585561	2
446	300	144	301	144	78	79	0.00353357	0	0.385027	1
447	359	190	355	189	79	80	0.0176678	0	0.508021	2
448	632	304	611	305	79	83	0.0777385	0	0.812834	2
449	369	122	362	123	79	80	0.0282686	0	0.326203	2
450	305	243	290	239	79	85	0.109541	0	0.649733	2
451	652	317	624	316	79	84	0.102473	0	0.847594	2
452	450	117	453	116	79	80	0.0141343	0	0.312834	1
453	446	127	449	126	79	80	0.0141343	0	0.339572	1
454	642	366	627	366	79	85	0.0530035	0	0.97861	2
455	443	169	443	168	79	81	0.00353357	0	0.451872	1
456	244	156	242	156	79	80	0.00706714	0	0.417112	2
457	681	217	664	220	79	81	0.0918728	0	0.580214	2
458	373	173	370	172	79	80	0.0141343	0	0.462567	2
459	208	137	206	131	79	83	0.134276	0	0.36631	2
460	314	121	312	121	79	80	0.00706714	0	0.323529	2
461	572	35	569	35	79	85	0.0106007	0	0.0935829	2
462	294	256	279	253	79	85	0.0848057	0	0.684492	2
463	655	274	647	276	80	81	0.0424028	0	0.73262	2
464	628	317	601	317	80	85	0.0954064	0	0.847594	2
465	311	156	305	154	80	81	0.0353357	0	0.417112	2
466	699	255	653	252	80	84	0.194346	0	0.681818	2
467	325	125	324	124	80	81	0.00706714	0	0.334225	2
468	639	333	634	331	80	81	0.0318021	0	0.890374	2
469	614	329	610	327	80	81	0.0282686	0	0.879679	2
470	372	128	369	127	80	81	0.0141343	0	0.342246	2
471	369	221	367	220	80	81	0.0106007	0	0.590909	2
472	390	123	391	121	80	81	0.0176678	0	0.328877	1
473	336	130	334	126	80	83	0.0636042	0	0.347594	2
474	699	265	691	260	80	81	0.116608	0	0.708556	2
475	656	221	648	222	80	81	0.0318021	0	0.590909	2
476	645	354	625	355	80	85	0.0742049	0	0.946524	2
477	212	157	211	154	80	81	0.0353357	0	0.419786	2
478	294	300	289	298	80	82	0.0318021	0	0.802139	2
479	257	148	251	147	80	81	0.024735	0	0.395722	2
480	271	162	264	161	80	81	0.0282686	0	0.433155	2
481	365	137	363	135	81	82	0.0212014	0	0.36631	2
482	329	167	326	165	81	82	0.024735	0	0.446524	2
483	653	208	645	210	81	82	0.0424028	0	0.55615	2
484	346	135	345	133	81	82	0.0176678	0	0.360963	2
485	400	165	401	162	81	82	0.0353357	0	0.441176	1
486	221	137	220	135	81	82	0.0176678	0	0.36631	2
487	316	134	313	133	81	82	0.0141343	0	0.358289	2
488	230	150	229	149	81	82	0.00706714	0	0.40107	2
489	638	299	610	295	81	85	0.155477	0	0.799465	2
490	638	228	625	234	81	83	0.173145	0	0.609626	2
491	384	195	383	193	81	82	0.0176678	0	0.52139	2
492	641	202	625	203	81	83	0.0600707	0	0.540107	2
493	215	165	213	164	81	82	0.0106007	0	0.441176	2
494	369	171	368	168	81	82	0.0353357	0	0.457219	2
495	335	182	332	180	81	82	0.024735	0	0.486631	2
496	434	119	419	118	81	83	0.0565371	0	0.318182	2
497	376	137	369	134	81	85	0.0565371	0	0.36631	2
498	314	119	309	118	81	83	0.0212014	0	0.318182	2
499	217	153	215	152	82	83	0.0106007	0	0.409091	2
500	352	184	347	182	82	83	0.0318021	0	0.491979	2
501	324	123	322	122	82	83	0.0106007	0	0.328877	2
502	647	278	644	278	82	85	0.0106007	0	0.743316	2
503	315	154	307	154	82	83	0.0282686	0	0.411765	2
504	631	330	620	329	82	84	0.0424028	0	0.882353	2
505	303	142	295	141	82	83	0.0318021	0	0.379679	2
506	213	183	209	182	82	83	0.0176678	0	0.489305	2
507	628	308	609	307	82	85	0.0706714	0	0.823529	2
508	367	220	352	214	82	85	0.180212	0	0.588235	2
509	430	150	420	150	82	83	0.0353357	0	0.40107	2
510	332	144	330	142	82	84	0.0212014	0	0.385027	2
511	230	173	224	175	82	85	0.0353357	0	0.462567	2
512	392	120	394	118	82	85	0.0212014	0	0.320856	1
513	380	174	377	176	82	83	0.024735	0	0.465241	2
514	262	160	248	160	82	84	0.04947	0	0.427807	2
515	293	139	278	138	82	84	0.0565371	0	0.371658	2
516	643	308	636	307	82	83	0.0282686	0	0.823529	2
517	424	131	415	130	82	83	0.0353357	0	0.350267	2
518	445	133	436	132	82	83	0.0353357	0	0.355615	2
519	322	165	319	163	83	84	0.024735	0	0.441176	2
520	309	133	303	133	83	85	0.0212014	0	0.355615	2
521	460	121	464	120	83	84	0.0176678	0	0.323529	1
522	637	213	627	213	83	84	0.0353357	0	0.569519	2
523	220	134	220	133	83	84	0.00353357	0	0.358289	1
524	444	154	434	154	83	84	0.0353357	0	0.411765	2
525	267	121	265	122	83	84	0.0106007	0	0.323529	2
526	465	111	468	109	83	84	0.024735	0	0.296791	1
527	321	191	314	189	83	84	0.0388693	0	0.510695	2
528	277	266	273	265	83	85	0.0176678	0	0.71123	2
529	252	144	244	144	83	84	0.0282686	0	0.385027	2
530	429	118	416	119	83	85	0.04947	0	0.315508	2
531	240	156	235	157	83	84	0.0212014	0	0.417112	2
532	367	204	357	202	83	85	0.04947	0	0.545455	2
533	342	136	341	135	83	84	0.00706714	0	0.363636	2
534	618	234	607	230	84	85	0.0954064	0	0.625668	2
535	605	308	598	307	84	85	0.0282686	0	0.823529	2
536	286	148	281	147	84	85	0.0212014	0	0.395722	2
537	204	181	200	179	84	85	0.0282686	0	0.483957	2
538	412	118	406	117	84	85	0.024735	0	0.315508	2
539	360	129	358	127	84	85	0.0212014	0	0.34492	2
540	641	234	634	232	84	85	0.0388693	0	0.625668	2
541	608	362	601	362	84	85	0.024735	0	0.967914	2