
0	499	106	497	104	52	53	0.0264317	0	0.232967	2
1	388	164	389	161	52	53	0.0440529	0	0.36044	1
2	253	330	252	330	52	53	0.00440529	0	0.725275	2
3	316	181	317	184	52	54	0.0440529	0	0.397802	1
4	641	208	641	207	52	54	0.00440529	0	0.457143	1
5	489	103	487	98	52	57	0.118943	0	0.226374	2
6	509	110	508	108	52	53	0.0220264	0	0.241758	2
7	387	177	387	176	52	53	0.00440529	0	0.389011	1
8	275	362	274	363	52	53	0.00881057	0	0.795604	2
9	660	186	659	185	52	53	0.00881057	0	0.408791	2
10	271	320	269	323	52	55	0.0484581	0	0.703297	2
11	329	179	331	179	53	54	0.00881057	0	0.393407	1
12	341	121	354	121	53	56	0.0572687	0	0.265934	1
13	303	170	310	167	53	54	0.0704846	0	0.373626	1
14	624	169	622	165	53	55	0.0792952	0	0.371429	2
15	415	136	416	135	53	54	0.00881057	0	0.298901	1
16	319	203	321	204	53	54	0.0132159	0	0.446154	1
17	503	153	503	153	53	55	0	0	0.336264	1
18	479	197	479	196	53	54	0.00440529	0	0.432967	1
19	341	131	345	131	53	54	0.0176211	0	0.287912	1
20	458	166	459	162	53	54	0.0748899	0	0.364835	1
21	489	126	491	121	53	55	0.118943	0	0.276923	1
22	226	342	221	335	53	54	0.237885	0	0.751648	2
23	310	151	320	157	53	59	0.202643	0	0.331868	1
24	650	102	645	100	53	54	0.0396476	0	0.224176	2
25	437	125	436	122	53	54	0.0440529	0	0.274725	2
26	349	170	352	169	53	54	0.0176211	0	0.373626	1
27	369	188	370	188	53	54	0.00440529	0	0.413187	1
28	629	158	628	157	53	54	0.00881057	0	0.347253	2
29	243	375	247	376	53	57	0.0220264	0	0.824176	1
30	402	37	401	37	53	54	0.00440529	0	0.0813187	2
31	414	146	414	144	54	55	0.0176211	0	0.320879	1
32	469	188	469	188	54	56	0	0	0.413187	1
33	479	142	479	140	54	55	0.0176211	0	0.312088	1
34	606	61	603	60	54	55	0.0176211	0	0.134066	2
35	462	111	461	109	54	55	0.0220264	0	0.243956	2
36	425	125	427	123	54	56	0.0264317	0	0.274725	1
37	436	112	435	110	54	55	0.0220264	0	0.246154	2
38	391	162	393	159	54	55	0.0484581	0	0.356044	1
39	507	117	508	115	54	55	0.0220264	0	0.257143	1
40	342	190	343	188	54	55	0.0220264	0	0.417582	1
41	328	136	331	134	54	55	0.030837	0	0.298901	1
42	509	107	508	106	54	55	0.00881057	0	0.235165	2
43	377	156	383	151	54	56	0.136564	0	0.342857	1
44	504	171	503	169	54	56	0.0220264	0	0.375824	2
45	383	164	386	161	55	56	0.0528634	0	0.36044	1
46	635	161	634	159	55	56	0.0220264	0	0.353846	2
47	460	160	463	159	55	58	0.0176211	0	0.351648	1
48	661	27	658	27	55	56	0.0132159	0	0.0593407	2
49	320	184	323	184	55	56	0.0132159	0	0.404396	1
50	336	119	340	118	55	56	0.0220264	0	0.261538	1
51	649	162	649	161	55	56	0.00440529	0	0.356044	1
52	327	206	330	206	55	56	0.0132159	0	0.452747	1
53	333	184	341	182	55	57	0.0528634	0	0.404396	1
54	356	169	362	169	55	57	0.0264317	0	0.371429	1
55	635	197	637	195	55	58	0.0264317	0	0.432967	1
56	337	202	339	203	55	56	0.0132159	0	0.443956	1
57	423	134	423	133	55	56	0.00440529	0	0.294505	1
58	436	120	434	118	55	56	0.0264317	0	0.263736	2
59	334	173	337	172	55	56	0.0176211	0	0.38022	1
60	348	131	352	130	55	56	0.0220264	0	0.287912	1
61	407	31	405	30	55	56	0.0132159	0	0.0681319	2
62	366	191	366	191	55	56	0	0	0.41978	1
63	284	362	284	360	55	56	0.0176211	0	0.795604	1
64	485	111	485	111	55	56	0	0	0.243956	1
65	24	431	24	431	55	57	0	0	0.947253	1
66	631	41	638	47	55	59	0.189427	0	0.0901099	1
67	406	48	414	53	55	59	0.145374	0	0.105495	1
68	502	101	502	99	56	57	0.0176211	0	0.221978	1
69	472	145	471	144	56	57	0.00881057	0	0.318681	2
70	601	61	598	61	56	57	0.0132159	0	0.134066	2
71	497	111	497	109	56	57	0.0176211	0	0.243956	1
72	641	36	641	36	56	57	0	0	0.0791209	1
73	462	146	461	145	56	57	0.00881057	0	0.320879	2
74	620	157	632	155	56	60	0.0704846	0	0.345055	1
75	301	368	300	366	56	57	0.0220264	0	0.808791	2
76	471	135	470	134	56	57	0.00881057	0	0.296703	2
77	439	108	444	111	56	59	0.061674	0	0.237363	1
78	672	174	672	174	56	57	0	0	0.382418	1
79	457	134	454	134	56	57	0.0132159	0	0.294505	2
80	334	138	338	136	56	57	0.0352423	0	0.303297	1
81	640	149	641	147	56	57	0.0220264	0	0.327473	1
82	347	187	352	186	56	57	0.0264317	0	0.410989	1
83	498	125	499	123	56	57	0.0220264	0	0.274725	1
84	333	103	336	103	56	57	0.0132159	0	0.226374	1
85	269	329	267	330	56	57	0.0132159	0	0.723077	2
86	493	174	492	174	56	57	0.00440529	0	0.382418	2
87	656	26	656	26	57	58	0	0	0.0571429	1
88	470	189	477	199	57	60	0.471366	0	0.415385	1
89	233	320	231	325	57	59	0.118943	0	0.703297	2
90	643	159	647	159	57	58	0.0176211	0	0.349451	1
91	283	359	256	368	57	61	0.475771	0	0.789011	2
92	487	162	493	168	57	61	0.185022	0	0.356044	1
93	484	113	487	114	57	58	0.0176211	0	0.248352	1
94	336	118	350	122	57	59	0.132159	0	0.259341	1
95	211	317	212	321	57	58	0.0748899	0	0.696703	1
96	609	73	609	74	57	58	0.00440529	0	0.16044	1
97	491	103	494	110	58	60	0.229075	0	0.226374	1
98	509	109	513	111	58	59	0.0352423	0	0.23956	1
99	352	182	360	184	58	59	0.0528634	0	0.4	1
100	665	131	669	131	58	66	0.0176211	0	0.287912	1
101	476	145	476	148	58	61	0.0396476	0	0.318681	1
102	160	128	134	134	58	72	0.273128	0	0.281319	2
103	637	159	640	161	58	59	0.030837	0	0.349451	1
104	466	147	466	152	58	62	0.110132	0	0.323077	1
105	660	167	662	168	58	59	0.0132159	0	0.367033	1
106	365	125	374	128	58	59	0.0792952	0	0.274725	1
107	419	146	424	151	58	59	0.132159	0	0.320879	1
108	510	169	515	171	58	59	0.0396476	0	0.371429	1
109	600	63	587	66	58	62	0.0969163	0	0.138462	2
110	451	135	453	139	58	59	0.0792952	0	0.296703	1
111	676	175	677	177	58	67	0.0220264	0	0.384615	1
112	299	367	294	370	58	59	0.061674	0	0.806593	2
113	250	367	251	371	58	59	0.0748899	0	0.806593	1
114	469	132	470	136	58	59	0.0748899	0	0.29011	1
115	350	172	357	174	58	59	0.0484581	0	0.378022	1
116	109	130	114	132	58	64	0.0396476	0	0.285714	1
117	665	190	665	193	58	63	0.0396476	0	0.417582	1
118	391	33	378	38	58	66	0.167401	0	0.0725275	2
119	111	92	115	99	58	61	0.23348	0	0.202198	1
120	343	104	350	107	58	59	0.0704846	0	0.228571	1
121	499	113	503	116	58	59	0.0572687	0	0.248352	1
122	327	172	333	173	58	59	0.030837	0	0.378022	1
123	440	133	444	136	58	59	0.0572687	0	0.292308	1
124	581	70	585	75	58	60	0.127753	0	0.153846	1
125	329	197	343	200	58	60	0.101322	0	0.432967	1
126	540	72	529	76	58	70	0.118943	0	0.158242	2
127	533	117	534	123	58	61	0.162996	0	0.257143	1
128	355	140	364	144	58	59	0.110132	0	0.307692	1
129	787	418	755	428	58	90	0.581498	0	0.918681	2
130	156	386	124	398	58	90	0.77533	0	0.848352	2
131	636	149	640	151	58	59	0.0352423	0	0.327473	1
132	747	421	717	431	58	90	0.572687	0	0.925275	2
133	657	29	651	29	59	61	0.0264317	0	0.0637363	2
134	491	119	490	120	59	60	0.00881057	0	0.261538	2
135	467	164	465	164	59	62	0.00881057	0	0.36044	2
136	246	342	237	340	59	61	0.0572687	0	0.751648	2
137	28	424	24	422	59	67	0.0352423	0	0.931868	2
138	609	79	601	79	59	61	0.0352423	0	0.173626	2
139	472	106	473	106	59	60	0.00440529	0	0.232967	1
140	633	171	633	161	59	61	0.440529	0	0.375824	1
141	646	220	646	220	59	61	0	0	0.483516	1
142	650	197	650	198	59	60	0.00440529	0	0.432967	1
143	428	152	430	152	60	61	0.00881057	0	0.334066	1
144	397	161	409	155	60	64	0.211454	0	0.353846	1
145	646	161	644	157	60	62	0.0792952	0	0.353846	2
146	382	128	386	126	60	61	0.0352423	0	0.281319	1
147	364	185	367	183	60	61	0.030837	0	0.406593	1
148	489	140	487	138	60	61	0.0264317	0	0.307692	2
149	455	144	455	143	60	61	0.00440529	0	0.316484	1
150	352	189	355	187	60	61	0.030837	0	0.415385	1
151	508	113	508	110	60	61	0.0396476	0	0.248352	1
152	663	166	661	164	60	61	0.0264317	0	0.364835	2
153	443	133	443	132	60	61	0.00440529	0	0.292308	1
154	440	122	437	119	60	62	0.0528634	0	0.268132	2
155	609	91	604	89	60	61	0.0396476	0	0.2	2
156	406	68	403	63	60	64	0.123348	0	0.149451	2
157	354	107	361	102	60	63	0.140969	0	0.235165	1
158	400	151	402	148	60	61	0.0484581	0	0.331868	1
159	656	155	653	151	60	62	0.0837004	0	0.340659	2
160	512	126	511	122	60	63	0.0748899	0	0.276923	2
161	369	207	369	204	60	61	0.0396476	0	0.454945	1
162	286	372	271	370	60	61	0.0837004	0	0.817582	2
163	401	108	400	106	60	61	0.0220264	0	0.237363	2
164	511	139	508	136	60	62	0.0528634	0	0.305495	2
165	338	124	348	119	60	64	0.154185	0	0.272527	1
166	412	193	411	192	60	61	0.00881057	0	0.424176	2
167	236	362	234	361	60	61	0.0132159	0	0.795604	2
168	652	210	650	209	60	61	0.0132159	0	0.461538	2
169	378	178	381	177	60	61	0.0176211	0	0.391209	1
170	711	455	675	454	60	80	0.162996	0	1	2
171	658	130	657	126	60	63	0.0748899	0	0.285714	2
172	409	40	400	37	60	63	0.0792952	0	0.0879121	2
173	425	129	424	128	60	62	0.00881057	0	0.283516	2
174	492	108	488	107	61	62	0.0220264	0	0.237363	2
175	418	155	419	153	61	62	0.0220264	0	0.340659	1
176	223	326	218	325	61	62	0.0264317	0	0.716484	2
177	471	187	466	189	61	62	0.0396476	0	0.410989	2
178	440	142	441	141	61	62	0.00881057	0	0.312088	1
179	477	200	475	199	61	62	0.0132159	0	0.43956	2
180	458	131	454	130	61	62	0.0220264	0	0.287912	2
181	213	325	201	324	61	63	0.0572687	0	0.714286	2
182	650	199	646	194	61	63	0.127753	0	0.437363	2
183	412	144	421	140	61	65	0.110132	0	0.316484	1
184	482	179	480	178	61	62	0.0132159	0	0.393407	2
185	414	52	409	65	61	90	0.76652	0	0.114286	2
186	428	139	426	138	61	62	0.0132159	0	0.305495	2
187	657	50	645	47	61	63	0.092511	0	0.10989	2
188	518	109	516	111	61	69	0.0264317	0	0.23956	2
189	647	29	642	27	62	63	0.0396476	0	0.0637363	2
190	507	110	507	109	62	63	0.00440529	0	0.241758	1
191	390	128	395	128	62	63	0.0220264	0	0.281319	1
192	276	369	261	369	62	63	0.0660793	0	0.810989	2
193	492	168	488	168	62	65	0.0176211	0	0.369231	2
194	632	154	630	151	62	63	0.0484581	0	0.338462	2
195	379	180	383	180	62	63	0.0176211	0	0.395604	1
196	410	189	409	188	62	63	0.00881057	0	0.415385	2
197	580	76	575	76	62	63	0.0220264	0	0.167033	2
198	389	178	400	177	62	64	0.0528634	0	0.391209	1
199	401	105	401	103	62	63	0.0176211	0	0.230769	1
200	32	438	30	438	62	67	0.00881057	0	0.962637	2
201	348	197	398	192	62	75	0.330396	0	0.432967	1
202	290	383	258	391	62	90	0.422907	0	0.841758	2
203	593	112	591	112	62	63	0.00881057	0	0.246154	2
204	35	425	25	425	62	69	0.0440529	0	0.934066	2
205	115	101	117	102	62	64	0.0132159	0	0.221978	1
206	365	113	367	110	62	63	0.0484581	0	0.248352	1
207	510	155	509	154	62	63	0.00881057	0	0.340659	2
208	645	220	644	219	62	64	0.00881057	0	0.483516	2
209	634	144	626	136	62	68	0.317181	0	0.316484	2
210	449	113	451	111	62	65	0.0264317	0	0.248352	1
211	169	146	160	146	62	69	0.0396476	0	0.320879	2
212	665	43	660	42	62	63	0.0264317	0	0.0945055	2
213	304	455	303	454	62	63	0.00881057	0	1	2
214	86	136	86	135	62	66	0.00440529	0	0.298901	1
215	462	189	461	190	63	64	0.00881057	0	0.415385	2
216	422	153	425	152	63	64	0.0176211	0	0.336264	1
217	643	150	639	144	63	67	0.176211	0	0.32967	2
218	589	69	578	72	63	66	0.0881057	0	0.151648	2
219	476	197	477	197	63	64	0.00440529	0	0.432967	1
220	464	166	464	167	63	64	0.00440529	0	0.364835	1
221	443	142	446	142	63	64	0.0132159	0	0.312088	1
222	488	110	485	110	63	64	0.0132159	0	0.241758	2
223	496	131	496	131	63	64	0	0	0.287912	1
224	437	118	439	117	63	64	0.0132159	0	0.259341	1
225	223	365	232	363	63	64	0.0572687	0	0.802198	1
226	424	128	428	128	63	65	0.0176211	0	0.281319	1
227	475	102	472	102	63	64	0.0132159	0	0.224176	2
228	495	100	493	100	63	64	0.00881057	0	0.21978	2
229	474	166	475	168	63	65	0.0220264	0	0.364835	1
230	513	122	513	123	64	68	0.00440529	0	0.268132	1
231	249	371	247	370	64	65	0.0132159	0	0.815385	2
232	403	128	409	128	64	65	0.0264317	0	0.281319	1
233	385	186	396	186	64	66	0.0484581	0	0.408791	1
234	478	136	476	137	64	65	0.0132159	0	0.298901	2
235	224	353	218	347	64	65	0.185022	0	0.775824	2
236	647	189	645	188	64	65	0.0132159	0	0.415385	2
237	474	152	472	153	64	65	0.0132159	0	0.334066	2
238	497	110	497	110	64	65	0	0	0.241758	1
239	402	196	411	196	64	65	0.0396476	0	0.430769	1
240	637	202	633	202	64	68	0.0176211	0	0.443956	2
241	239	352	234	346	64	65	0.180617	0	0.773626	2
242	197	324	154	315	64	69	0.546256	0	0.712088	2
243	396	108	395	108	64	65	0.00440529	0	0.237363	2
244	367	97	370	97	64	65	0.0132159	0	0.213187	1
245	483	98	484	98	64	65	0.00440529	0	0.215385	1
246	642	158	633	153	64	68	0.14978	0	0.347253	2
247	472	192	472	191	65	66	0.00440529	0	0.421978	1
248	462	197	460	197	65	66	0.00881057	0	0.432967	2
249	516	132	517	132	65	66	0.00440529	0	0.29011	1
250	475	117	472	118	65	66	0.0176211	0	0.257143	2
251	199	337	190	333	65	66	0.110132	0	0.740659	2
252	403	64	400	64	65	67	0.0132159	0	0.140659	2
253	443	122	445	120	65	66	0.0264317	0	0.268132	1
254	200	323	185	316	65	67	0.281938	0	0.70989	2
255	510	152	506	152	65	68	0.0176211	0	0.334066	2
256	352	119	359	117	65	67	0.0484581	0	0.261538	1
257	381	173	381	172	65	66	0.00440529	0	0.38022	1
258	672	164	660	154	65	70	0.493392	0	0.36044	2
259	480	182	481	182	65	66	0.00440529	0	0.4	1
260	486	142	486	141	65	66	0.00440529	0	0.312088	1
261	479	202	480	202	65	67	0.00440529	0	0.443956	1
262	457	181	454	181	65	66	0.0132159	0	0.397802	2
263	509	106	501	108	65	70	0.0528634	0	0.232967	2
264	449	141	451	140	65	66	0.0132159	0	0.30989	1
265	461	167	461	167	65	66	0	0	0.367033	1
266	391	176	396	175	65	66	0.0264317	0	0.386813	1
267	651	156	650	154	65	66	0.0220264	0	0.342857	2
268	341	152	340	151	65	66	0.00881057	0	0.334066	2
269	230	364	227	362	65	66	0.030837	0	0.8	2
270	498	100	489	100	65	71	0.0396476	0	0.21978	2
271	211	378	197	379	66	67	0.0660793	0	0.830769	2
272	417	130	423	128	66	67	0.0440529	0	0.285714	1
273	431	156	432	155	66	67	0.00881057	0	0.342857	1
274	248	370	242	367	66	67	0.0660793	0	0.813187	2
275	446	150	449	148	66	67	0.030837	0	0.32967	1
276	499	111	499	110	66	67	0.00440529	0	0.243956	1
277	373	101	374	99	66	67	0.0220264	0	0.221978	1
278	210	344	189	342	66	68	0.110132	0	0.756044	2
279	471	170	472	169	66	67	0.00881057	0	0.373626	1
280	396	106	394	105	66	67	0.0132159	0	0.232967	2
281	648	43	647	42	66	67	0.00881057	0	0.0945055	2
282	447	110	448	108	66	67	0.0220264	0	0.241758	1
283	405	130	410	128	66	67	0.0396476	0	0.285714	1
284	642	78	640	77	66	67	0.0132159	0	0.171429	2
285	630	153	625	151	66	68	0.0396476	0	0.336264	2
286	457	198	452	198	67	68	0.0220264	0	0.435165	2
287	629	27	622	26	67	68	0.0352423	0	0.0593407	2
288	383	172	384	170	67	68	0.0220264	0	0.378022	1
289	425	145	425	144	67	68	0.00440529	0	0.318681	1
290	670	129	668	127	67	68	0.0264317	0	0.283516	2
291	517	132	514	133	67	68	0.0176211	0	0.29011	2
292	470	120	466	121	67	68	0.0220264	0	0.263736	2
293	573	72	557	71	67	69	0.0748899	0	0.158242	2
294	448	118	448	115	67	68	0.0396476	0	0.259341	1
295	198	329	188	329	67	68	0.0440529	0	0.723077	2
296	417	173	419	171	67	68	0.0264317	0	0.38022	1
297	394	182	399	181	67	68	0.0264317	0	0.4	1
298	620	40	615	39	67	68	0.0264317	0	0.0879121	2
299	663	153	661	152	67	68	0.0132159	0	0.336264	2
300	489	134	484	134	67	68	0.0220264	0	0.294505	2
301	187	376	175	377	67	68	0.0572687	0	0.826374	2
302	228	359	200	358	67	69	0.127753	0	0.789011	2
303	211	347	183	348	67	69	0.127753	0	0.762637	2
304	641	31	638	31	67	68	0.0132159	0	0.0681319	2
305	660	125	655	123	67	68	0.0396476	0	0.274725	2
306	477	200	469	203	68	70	0.0748899	0	0.43956	2
307	426	124	427	122	68	69	0.0220264	0	0.272527	1
308	374	100	369	100	68	71	0.0220264	0	0.21978	2
309	457	166	454	166	68	69	0.0132159	0	0.364835	2
310	643	42	614	50	68	90	0.409692	0	0.0923077	2
311	483	186	468	189	68	71	0.105727	0	0.408791	2
312	417	154	417	153	68	69	0.00440529	0	0.338462	1
313	490	176	480	176	68	70	0.0440529	0	0.386813	2
314	636	143	630	142	68	69	0.030837	0	0.314286	2
315	498	109	496	109	68	69	0.00881057	0	0.23956	2
316	552	72	543	72	68	69	0.0396476	0	0.158242	2
317	632	73	615	73	68	71	0.0748899	0	0.16044	2
318	487	101	482	101	68	69	0.0220264	0	0.221978	2
319	362	116	362	116	68	69	0	0	0.254945	1
320	470	169	468	168	68	69	0.0132159	0	0.371429	2
321	482	120	477	121	68	69	0.0264317	0	0.263736	2
322	628	184	620	181	68	70	0.0748899	0	0.404396	2
323	444	145	443	144	68	69	0.00881057	0	0.318681	2
324	674	179	665	178	68	70	0.0440529	0	0.393407	2
325	175	365	165	367	68	69	0.061674	0	0.802198	2
326	397	64	370	71	68	74	0.334802	0	0.140659	2
327	108	133	98	133	68	70	0.0440529	0	0.292308	2
328	403	225	400	226	68	70	0.0176211	0	0.494505	2
329	449	200	434	203	69	72	0.105727	0	0.43956	2
330	170	379	164	380	69	70	0.030837	0	0.832967	2
331	427	146	427	145	69	70	0.00440529	0	0.320879	1
332	505	152	501	151	69	70	0.0220264	0	0.334066	2
333	388	168	396	165	69	71	0.0748899	0	0.369231	1
334	469	108	463	109	69	70	0.030837	0	0.237363	2
335	666	126	647	124	69	72	0.101322	0	0.276923	2
336	456	183	452	183	69	70	0.0176211	0	0.402198	2
337	505	122	500	123	69	70	0.0264317	0	0.268132	2
338	404	175	404	175	69	70	0	0	0.384615	1
339	671	116	663	115	69	83	0.0396476	0	0.254945	2
340	643	137	638	135	69	70	0.0396476	0	0.301099	2
341	366	37	358	37	69	70	0.0352423	0	0.0813187	2
342	414	169	409	167	69	72	0.0396476	0	0.371429	2
343	660	112	639	111	69	72	0.0969163	0	0.246154	2
344	462	192	455	194	70	71	0.0484581	0	0.421978	2
345	462	119	454	120	70	71	0.0396476	0	0.261538	2
346	478	152	471	149	70	71	0.0704846	0	0.334066	2
347	548	72	483	77	70	80	0.396476	0	0.158242	2
348	393	185	396	184	70	73	0.0176211	0	0.406593	1
349	458	157	452	157	70	71	0.0264317	0	0.345055	2
350	629	146	614	142	70	72	0.136564	0	0.320879	2
351	478	102	465	102	70	72	0.0572687	0	0.224176	2
352	384	90	381	90	70	71	0.0132159	0	0.197802	2
353	618	143	601	135	70	74	0.356828	0	0.314286	2
354	513	120	491	118	70	75	0.114537	0	0.263736	2
355	110	101	100	101	70	72	0.0440529	0	0.221978	2
356	491	111	485	112	70	71	0.030837	0	0.243956	2
357	156	146	136	146	70	74	0.0881057	0	0.320879	2
358	427	198	420	200	70	71	0.0484581	0	0.435165	2
359	388	234	375	234	70	72	0.0572687	0	0.514286	2
360	148	356	137	358	70	71	0.0660793	0	0.782418	2
361	360	118	354	119	70	73	0.030837	0	0.259341	2
362	414	178	412	177	70	71	0.0132159	0	0.391209	2
363	621	44	606	45	70	72	0.0704846	0	0.0967033	2
364	174	385	166	385	70	71	0.0352423	0	0.846154	2
365	410	188	410	187	71	72	0.00440529	0	0.413187	1
366	445	167	438	168	71	72	0.0352423	0	0.367033	2
367	463	206	453	206	71	74	0.0440529	0	0.452747	2
368	494	125	486	125	71	72	0.0352423	0	0.274725	2
369	138	322	104	322	71	73	0.14978	0	0.707692	2
370	456	110	449	111	71	72	0.0352423	0	0.241758	2
371	402	178	401	177	71	72	0.00881057	0	0.391209	2
372	615	179	607	178	71	72	0.0396476	0	0.393407	2
373	432	180	425	178	71	72	0.0484581	0	0.395604	2
374	473	177	465	179	71	72	0.0528634	0	0.389011	2
375	464	121	457	122	71	72	0.0352423	0	0.265934	2
376	451	130	445	131	71	72	0.030837	0	0.285714	2
377	495	110	487	110	71	72	0.0352423	0	0.241758	2
378	426	190	419	191	71	72	0.0352423	0	0.417582	2
379	448	141	444	141	71	72	0.0176211	0	0.30989	2
380	633	134	626	131	71	72	0.0704846	0	0.294505	2
381	524	165	508	166	71	77	0.0748899	0	0.362637	2
382	490	172	484	171	71	72	0.030837	0	0.378022	2
383	118	96	118	94	71	76	0.0176211	0	0.210989	1
384	484	138	476	137	71	72	0.0396476	0	0.303297	2
385	623	168	615	167	71	72	0.0396476	0	0.369231	2
386	444	97	451	100	71	83	0.0704846	0	0.213187	1
387	585	27	572	26	71	72	0.061674	0	0.0593407	2
388	760	432	750	439	71	90	0.259912	0	0.949451	2
389	731	410	722	417	71	90	0.255507	0	0.901099	2
390	393	222	388	222	71	72	0.0220264	0	0.487912	2
391	563	75	546	75	71	77	0.0748899	0	0.164835	2
392	491	150	487	149	72	73	0.0220264	0	0.32967	2
393	464	150	460	150	72	73	0.0176211	0	0.32967	2
394	366	102	366	101	72	73	0.00440529	0	0.224176	1
395	155	388	150	386	72	73	0.0396476	0	0.852747	2
396	411	177	413	174	72	73	0.0484581	0	0.389011	1
397	456	169	453	169	72	73	0.0132159	0	0.371429	2
398	123	360	92	346	72	74	1	0	0.791209	2
399	615	124	612	122	72	73	0.030837	0	0.272527	2
400	647	404	644	410	72	90	0.171806	0	0.887912	2
401	275	455	268	454	72	76	0.0352423	0	1	2
402	669	455	662	454	72	76	0.0352423	0	1	2
403	473	118	469	118	72	73	0.0176211	0	0.259341	2
404	433	203	435	200	73	74	0.0484581	0	0.446154	1
405	420	153	421	152	73	74	0.00881057	0	0.336264	1
406	611	141	611	139	73	74	0.0176211	0	0.30989	1
407	410	152	411	151	73	74	0.00881057	0	0.334066	1
408	421	143	422	142	73	74	0.00881057	0	0.314286	1
409	481	125	479	123	73	74	0.0264317	0	0.274725	2
410	636	114	634	115	73	77	0.0132159	0	0.250549	2
411	643	125	644	126	73	80	0.00881057	0	0.274725	1
412	434	125	437	124	73	74	0.0176211	0	0.274725	1
413	131	132	128	132	73	80	0.0132159	0	0.29011	2
414	474	138	474	138	73	74	0	0	0.303297	1
415	467	160	466	159	73	74	0.00881057	0	0.351648	2
416	637	154	635	154	73	74	0.00881057	0	0.338462	2
417	102	88	108	86	73	76	0.0440529	0	0.193407	1
418	138	374	135	372	73	74	0.030837	0	0.821978	2
419	439	173	438	173	73	74	0.00440529	0	0.38022	2
420	464	103	463	102	73	74	0.00881057	0	0.226374	2
421	444	141	446	140	73	74	0.0132159	0	0.30989	1
422	355	150	353	146	73	76	0.0792952	0	0.32967	2
423	130	321	95	317	73	76	0.22467	0	0.705495	2
424	601	45	600	51	73	90	0.162996	0	0.0989011	2
425	101	101	106	99	73	75	0.0396476	0	0.221978	1
426	139	385	137	384	73	74	0.0132159	0	0.846154	2
427	479	103	478	102	73	74	0.00881057	0	0.226374	2
428	525	118	523	117	73	74	0.0132159	0	0.259341	2
429	364	111	377	106	73	76	0.167401	0	0.243956	1
430	386	82	385	81	73	74	0.00881057	0	0.18022	2
431	166	379	166	385	73	89	0.15859	0	0.832967	1
432	461	149	461	149	74	75	0	0	0.327473	1
433	415	163	419	160	74	75	0.0572687	0	0.358242	1
434	406	183	412	181	74	75	0.0440529	0	0.402198	1
435	412	141	413	139	74	75	0.0220264	0	0.30989	1
436	411	173	416	170	74	75	0.061674	0	0.38022	1
437	372	99	377	97	74	75	0.0396476	0	0.217582	1
438	450	186	449	185	74	75	0.00881057	0	0.408791	2
439	652	173	655	167	74	76	0.171806	0	0.38022	1
440	452	170	450	172	74	76	0.0264317	0	0.373626	2
441	507	95	495	93	74	76	0.0704846	0	0.208791	2
442	557	40	542	38	74	76	0.0837004	0	0.0879121	2
443	637	173	637	174	74	75	0.00440529	0	0.38022	1
444	554	25	547	24	75	76	0.0352423	0	0.0549451	2
445	425	142	428	142	75	79	0.0132159	0	0.312088	1
446	143	379	133	374	75	76	0.154185	0	0.832967	2
447	613	137	611	134	75	76	0.0484581	0	0.301099	2
448	85	338	74	337	75	76	0.0528634	0	0.742857	2
449	453	206	451	211	75	77	0.118943	0	0.452747	2
450	620	124	617	121	75	76	0.0528634	0	0.272527	2
451	434	113	432	113	75	76	0.00881057	0	0.248352	2
452	371	72	384	71	75	81	0.061674	0	0.158242	1
453	634	159	636	163	75	80	0.0792952	0	0.349451	1
454	447	130	447	129	75	76	0.00440529	0	0.285714	1
455	91	328	28	323	75	82	0.387665	0	0.720879	2
456	357	114	355	113	75	76	0.0132159	0	0.250549	2
457	604	190	601	188	75	76	0.030837	0	0.417582	2
458	99	343	74	344	75	77	0.114537	0	0.753846	2
459	121	359	111	356	75	76	0.0837004	0	0.789011	2
460	112	303	91	308	75	77	0.202643	0	0.665934	2
461	150	390	147	390	75	76	0.0132159	0	0.857143	2
462	474	101	468	100	75	79	0.030837	0	0.221978	2
463	453	108	451	108	75	76	0.00881057	0	0.237363	2
464	611	175	607	171	75	77	0.0881057	0	0.384615	2
465	604	122	598	116	75	79	0.185022	0	0.268132	2
466	136	146	137	155	75	90	0.361233	0	0.320879	1
467	405	155	404	153	75	76	0.0220264	0	0.340659	2
468	414	141	416	142	76	78	0.0132159	0	0.30989	1
469	477	119	476	120	76	77	0.00881057	0	0.261538	2
470	435	201	437	201	76	77	0.00881057	0	0.441758	1
471	486	153	485	156	76	77	0.0440529	0	0.336264	2
472	415	151	415	151	76	77	0	0	0.331868	1
473	420	170	425	169	76	78	0.0264317	0	0.373626	1
474	634	187	635	187	76	80	0.00440529	0	0.410989	1
475	123	365	110	362	76	77	0.0969163	0	0.802198	2
476	402	214	408	214	76	77	0.0264317	0	0.47033	1
477	470	109	468	108	76	78	0.0132159	0	0.23956	2
478	367	121	376	121	76	78	0.0396476	0	0.265934	1
479	68	315	32	312	76	80	0.198238	0	0.692308	2
480	638	177	638	177	76	80	0	0	0.389011	1
481	540	26	535	25	77	78	0.0264317	0	0.0571429	2
482	441	144	444	142	77	78	0.030837	0	0.316484	1
483	404	178	404	177	77	78	0.00440529	0	0.391209	1
484	608	135	609	132	77	78	0.0440529	0	0.296703	1
485	486	112	486	111	77	78	0.00440529	0	0.246154	1
486	461	155	464	158	77	78	0.0528634	0	0.340659	1
487	436	177	439	175	77	78	0.030837	0	0.389011	1
488	613	119	612	117	77	78	0.0220264	0	0.261538	2
489	452	118	455	117	77	78	0.0176211	0	0.259341	1
490	383	99	388	99	77	78	0.0220264	0	0.217582	1
491	657	168	657	168	77	78	0	0	0.369231	1
492	110	89	113	89	77	78	0.0132159	0	0.195604	1
493	433	110	434	109	77	78	0.00881057	0	0.241758	1
494	451	128	454	128	77	78	0.0132159	0	0.281319	1
495	86	380	88	380	77	80	0.00881057	0	0.835165	1
496	353	117	354	116	77	79	0.00881057	0	0.257143	1
497	421	131	426	131	77	79	0.0220264	0	0.287912	1
498	498	175	499	175	77	78	0.00440529	0	0.384615	1
499	446	177	448	177	77	78	0.00881057	0	0.389011	1
500	594	129	601	126	77	82	0.0704846	0	0.283516	1
501	75	298	49	298	77	80	0.114537	0	0.654945	2
502	450	155	453	156	77	78	0.0176211	0	0.340659	1
503	148	389	152	395	77	90	0.176211	0	0.854945	1
504	565	73	564	72	77	78	0.00881057	0	0.16044	2
505	67	359	61	361	77	78	0.0440529	0	0.789011	2
506	420	121	421	120	77	78	0.00881057	0	0.265934	1
507	620	40	624	46	77	90	0.176211	0	0.0879121	1
508	425	180	428	178	78	79	0.030837	0	0.395604	1
509	457	213	469	213	78	82	0.0528634	0	0.468132	1
510	436	186	444	181	78	80	0.145374	0	0.408791	1
511	422	156	424	156	78	79	0.00881057	0	0.342857	1
512	608	166	609	164	78	79	0.0220264	0	0.364835	1
513	328	34	325	34	78	79	0.0132159	0	0.0747253	2
514	59	379	66	383	78	83	0.101322	0	0.832967	1
515	634	118	640	116	78	80	0.0440529	0	0.259341	1
516	439	152	443	151	78	79	0.0220264	0	0.334066	1
517	454	143	457	143	78	79	0.0132159	0	0.314286	1
518	492	89	488	89	78	79	0.0176211	0	0.195604	2
519	547	75	552	76	78	82	0.0264317	0	0.164835	1
520	467	220	474	220	78	81	0.030837	0	0.483516	1
521	103	139	103	139	78	79	0	0	0.305495	1
522	449	204	455	205	79	81	0.030837	0	0.448352	1
523	418	142	421	143	79	80	0.0176211	0	0.312088	1
524	446	194	450	192	79	80	0.0352423	0	0.426374	1
525	441	173	445	171	79	80	0.0352423	0	0.38022	1
526	406	176	408	175	79	80	0.0132159	0	0.386813	1
527	610	129	612	126	79	81	0.0484581	0	0.283516	1
528	430	168	434	166	79	80	0.0352423	0	0.369231	1
529	384	104	389	105	79	80	0.0264317	0	0.228571	1
530	394	99	399	100	79	80	0.0264317	0	0.217582	1
531	117	95	123	96	79	80	0.030837	0	0.208791	1
532	482	108	483	108	79	80	0.00440529	0	0.237363	1
533	135	380	137	387	79	90	0.22467	0	0.835165	1
534	476	80	462	88	79	83	0.343612	0	0.175824	2
535	526	24	521	24	80	81	0.0220264	0	0.0527473	2
536	460	129	482	136	80	84	0.312775	0	0.283516	1
537	432	177	436	177	80	81	0.0176211	0	0.389011	1
538	325	34	323	35	80	81	0.0132159	0	0.0747253	2
539	461	142	465	143	80	81	0.0220264	0	0.312088	1
540	431	141	433	143	80	81	0.0264317	0	0.30989	1
541	105	140	108	141	80	82	0.0176211	0	0.307692	1
542	411	150	413	150	80	81	0.00881057	0	0.32967	1
543	617	116	621	117	80	82	0.0220264	0	0.254945	1
544	484	92	477	96	80	82	0.101322	0	0.202198	2
545	708	24	710	30	80	90	0.167401	0	0.0527473	1
546	408	226	417	224	80	83	0.0572687	0	0.496703	1
547	445	160	450	158	80	81	0.0396476	0	0.351648	1
548	508	78	508	78	80	81	0	0	0.171429	1
549	425	164	428	166	81	82	0.030837	0	0.36044	1
550	450	172	455	171	81	82	0.0264317	0	0.378022	1
551	412	175	419	178	81	83	0.0704846	0	0.384615	1
552	489	118	490	118	81	82	0.00440529	0	0.259341	1
553	648	126	654	127	81	83	0.030837	0	0.276923	1
554	458	119	463	120	81	82	0.0264317	0	0.261538	1
555	132	134	133	139	81	89	0.114537	0	0.294505	1
556	470	118	481	120	81	83	0.0660793	0	0.259341	1
557	443	226	447	225	81	82	0.0220264	0	0.496703	1
558	38	342	30	337	81	82	0.145374	0	0.751648	2
559	641	161	655	154	81	87	0.277533	0	0.353846	1
560	434	116	445	116	81	84	0.0484581	0	0.254945	1
561	395	108	413	111	81	84	0.118943	0	0.237363	1
562	131	93	145	93	81	83	0.061674	0	0.204396	1
563	437	127	441	129	81	82	0.0352423	0	0.279121	1
564	401	98	420	102	81	84	0.154185	0	0.215385	1
565	629	127	633	126	81	82	0.0220264	0	0.279121	1
566	90	381	90	386	81	90	0.110132	0	0.837363	1
567	486	108	487	108	81	82	0.00440529	0	0.237363	1
568	643	116	654	116	81	84	0.0484581	0	0.254945	1
569	613	178	619	181	81	84	0.0660793	0	0.391209	1
570	444	112	447	111	81	82	0.0176211	0	0.246154	1
571	468	179	473	180	81	82	0.0264317	0	0.393407	1
572	392	81	399	81	81	83	0.030837	0	0.178022	1
573	518	26	513	27	82	83	0.0264317	0	0.0571429	2
574	445	168	456	168	82	84	0.0484581	0	0.369231	1
575	443	178	454	178	82	84	0.0484581	0	0.391209	1
576	611	126	614	127	82	84	0.0176211	0	0.276923	1
577	63	366	55	361	82	84	0.145374	0	0.804396	2
578	469	190	491	188	82	89	0.114537	0	0.417582	1
579	416	152	419	153	82	83	0.0176211	0	0.334066	1
580	422	212	427	210	82	83	0.0396476	0	0.465934	1
581	438	139	440	141	82	83	0.0264317	0	0.305495	1
582	389	69	401	75	82	89	0.211454	0	0.151648	1
583	133	105	140	105	82	83	0.030837	0	0.230769	1
584	143	139	147	144	82	85	0.127753	0	0.305495	1
585	411	118	423	118	82	84	0.0528634	0	0.259341	1
586	51	355	30	352	82	85	0.132159	0	0.78022	2
587	604	116	607	109	82	89	0.229075	0	0.254945	1
588	472	215	478	215	83	84	0.0264317	0	0.472527	1
589	466	205	476	205	83	85	0.0440529	0	0.450549	1
590	438	152	440	155	83	84	0.0484581	0	0.334066	1
591	474	82	470	84	83	84	0.0352423	0	0.18022	2
592	450	135	451	137	83	84	0.0220264	0	0.296703	1
593	472	162	481	163	83	85	0.0440529	0	0.356044	1
594	455	112	456	114	83	84	0.0220264	0	0.246154	1
595	622	119	624	117	83	86	0.0264317	0	0.261538	1
596	471	145	477	146	83	84	0.030837	0	0.318681	1
597	460	160	464	159	83	84	0.0220264	0	0.351648	1
598	322	40	320	42	83	84	0.0264317	0	0.0879121	2
599	520	80	521	81	83	84	0.00881057	0	0.175824	1
600	554	78	551	82	83	90	0.0837004	0	0.171429	2
601	444	221	444	226	83	86	0.110132	0	0.485714	1
602	602	126	603	122	83	87	0.0748899	0	0.276923	1
603	451	125	452	126	83	84	0.00881057	0	0.274725	1
604	464	181	469	180	83	84	0.0264317	0	0.397802	1
605	35	342	25	341	83	84	0.0484581	0	0.751648	2
606	42	332	34	330	83	84	0.0528634	0	0.72967	2
607	622	129	624	129	83	84	0.00881057	0	0.283516	1
608	466	141	468	145	84	85	0.0792952	0	0.30989	1
609	465	192	467	194	84	85	0.0264317	0	0.421978	1
610	475	120	479	122	84	85	0.0352423	0	0.263736	1
611	467	169	471	169	84	85	0.0176211	0	0.371429	1
612	482	225	485	225	84	85	0.0132159	0	0.494505	1
613	668	115	670	112	84	87	0.0484581	0	0.252747	1
614	659	127	660	127	84	85	0.00440529	0	0.279121	1
615	435	211	440	212	84	85	0.0264317	0	0.463736	1
616	306	42	303	43	84	85	0.0176211	0	0.0923077	2
617	160	114	160	116	84	85	0.0176211	0	0.250549	1
618	613	167	613	160	84	87	0.215859	0	0.367033	1
619	148	96	157	97	84	86	0.0440529	0	0.210989	1
620	497	161	499	164	84	85	0.0484581	0	0.353846	1
621	515	40	509	42	84	85	0.0440529	0	0.0879121	2
622	427	221	433	221	84	85	0.0264317	0	0.485714	1
623	419	198	418	200	84	85	0.0220264	0	0.435165	2
624	426	186	429	186	85	86	0.0132159	0	0.408791	1
625	620	128	615	122	85	89	0.180617	0	0.281319	2
626	460	180	465	178	85	87	0.0396476	0	0.395604	1
627	484	215	486	214	85	86	0.0132159	0	0.472527	1
628	461	169	464	168	85	86	0.0176211	0	0.371429	1
629	463	126	461	125	85	86	0.0132159	0	0.276923	2
630	436	184	438	185	85	86	0.0132159	0	0.404396	1
631	465	92	447	92	85	87	0.0792952	0	0.202198	2
632	435	156	435	157	85	86	0.00440529	0	0.342857	1
633	425	105	429	105	85	86	0.0176211	0	0.230769	1
634	450	172	453	171	85	86	0.0176211	0	0.378022	1
635	482	149	485	149	85	86	0.0132159	0	0.327473	1
636	419	115	426	114	85	87	0.0352423	0	0.252747	1
637	424	157	423	157	85	86	0.00440529	0	0.345055	2
638	652	186	654	182	85	87	0.0792952	0	0.408791	1
639	469	116	467	115	85	86	0.0132159	0	0.254945	2
640	483	112	482	112	85	86	0.00440529	0	0.246154	2
641	657	113	660	109	85	90	0.0837004	0	0.248352	1
642	157	143	155	144	85	86	0.0132159	0	0.314286	2
643	495	132	498	130	86	87	0.030837	0	0.29011	1
644	474	174	476	172	86	87	0.0264317	0	0.382418	1
645	495	159	497	157	86	87	0.0264317	0	0.349451	1
646	493	31	477	27	86	88	0.140969	0	0.0681319	2
647	504	43	496	43	86	87	0.0352423	0	0.0945055	2
648	437	207	437	205	86	87	0.0176211	0	0.454945	1
649	299	45	281	44	86	90	0.0837004	0	0.0989011	2
650	485	173	491	172	86	89	0.030837	0	0.38022	1
651	154	120	149	119	86	90	0.0264317	0	0.263736	2
652	518	80	514	78	86	87	0.0352423	0	0.175824	2
653	393	112	392	109	86	88	0.0440529	0	0.246154	2
654	425	215	424	212	86	87	0.0440529	0	0.472527	2
655	425	131	428	127	86	88	0.0837004	0	0.287912	1
656	509	65	489	61	86	89	0.15859	0	0.142857	2
657	474	163	481	161	86	89	0.0484581	0	0.358242	1
658	615	40	610	39	86	90	0.0264317	0	0.0879121	2
659	439	136	439	134	86	87	0.0176211	0	0.298901	1
660	147	183	142	182	86	90	0.0264317	0	0.402198	2
661	672	290	667	289	86	90	0.0264317	0	0.637363	2
662	487	161	489	159	87	88	0.0264317	0	0.353846	1
663	472	196	473	196	87	88	0.00440529	0	0.430769	1
664	466	168	473	166	87	90	0.0484581	0	0.369231	1
665	491	212	493	209	87	88	0.0484581	0	0.465934	1
666	432	103	436	99	87	89	0.0881057	0	0.226374	1
667	661	126	661	124	87	89	0.0176211	0	0.276923	1
668	457	116	453	114	87	88	0.0352423	0	0.254945	2
669	498	144	499	143	87	88	0.00881057	0	0.316484	1
670	438	117	439	114	87	88	0.0440529	0	0.257143	1
671	627	116	623	115	87	90	0.0220264	0	0.254945	2
672	151	144	148	142	87	89	0.030837	0	0.316484	2
673	161	97	167	96	87	89	0.030837	0	0.213187	1
674	444	226	446	225	87	89	0.0132159	0	0.496703	1
675	481	113	479	114	87	90	0.0132159	0	0.248352	2
676	407	117	407	116	87	88	0.00440529	0	0.257143	1
677	422	157	420	154	87	88	0.0484581	0	0.345055	2
678	391	88	391	87	87	88	0.00440529	0	0.193407	1
679	501	115	504	115	87	89	0.0132159	0	0.252747	1
680	489	142	492	141	88	89	0.0176211	0	0.312088	1
681	461	177	463	176	88	89	0.0132159	0	0.389011	1
682	449	125	447	125	88	89	0.00881057	0	0.274725	2
683	479	171	483	171	88	90	0.0176211	0	0.375824	1
684	429	110	433	108	88	90	0.0352423	0	0.241758	1
685	671	108	673	109	88	90	0.0132159	0	0.237363	1
686	501	130	504	130	88	89	0.0132159	0	0.285714	1
687	658	155	659	154	88	89	0.00881057	0	0.340659	1
688	483	212	485	210	88	89	0.0264317	0	0.465934	1
689	605	122	604	120	88	90	0.0220264	0	0.268132	2
690	436	205	434	204	88	89	0.0132159	0	0.450549	2
691	620	176	617	176	88	90	0.0132159	0	0.386813	2
692	603	135	601	133	88	89	0.0264317	0	0.296703	2
693	514	84	511	84	88	90	0.0132159	0	0.184615	2
694	448	164	442	163	88	89	0.030837	0	0.36044	2
695	678	125	680	126	88	90	0.0132159	0	0.274725	1
696	497	210	503	211	89	90	0.030837	0	0.461538	1
697	470	192	472	192	89	90	0.00881057	0	0.421978	1
698	442	177	441	177	89	90	0.00440529	0	0.389011	2
699	425	137	422	139	89	90	0.030837	0	0.301099	2
700	492	117	491	118	89	90	0.00881057	0	0.257143	2
701	502	140	506	140	89	90	0.0176211	0	0.307692	1
702	418	195	417	195	89	90	0.00440529	0	0.428571	2
703	164	123	167	121	89	90	0.030837	0	0.27033	1
704	503	220	510	218	89	90	0.0484581	0	0.483516	1
705	658	178	658	177	89	90	0.00440529	0	0.391209	1
706	421	211	420	211	89	90	0.00440529	0	0.463736	2
707	180	103	185	102	89	90	0.0264317	0	0.226374	1