
0	426	241	426	239	167	168	0.0070922	0	0.52967	1
1	490	205	488	203	167	168	0.0106383	0	0.450549	2
2	411	171	412	170	167	168	0.0035461	0	0.375824	1
3	424	218	425	214	167	168	0.0301418	0	0.479121	1
4	471	195	469	195	167	168	0.0035461	0	0.428571	2
5	424	229	425	228	167	168	0.0035461	0	0.503297	1
6	689	176	685	175	167	179	0.00886525	0	0.386813	2
7	595	40	603	40	167	171	0.0141844	0	0.0879121	1
8	480	230	478	227	167	168	0.0195035	0	0.505495	2
9	477	206	476	203	167	168	0.0177305	0	0.452747	2
10	524	250	522	249	167	168	0.00531915	0	0.549451	2
11	417	251	416	249	167	168	0.00886525	0	0.551648	2
12	451	151	446	149	168	170	0.0159574	0	0.331868	2
13	384	282	383	282	168	170	0.00177305	0	0.61978	2
14	540	437	540	437	168	171	0	0	0.96044	1
15	385	251	386	250	168	169	0.0035461	0	0.551648	1
16	384	337	393	334	168	170	0.0319149	0	0.740659	1
17	484	238	479	235	168	169	0.0248227	0	0.523077	2
18	671	412	678	414	168	174	0.0195035	0	0.905495	1
19	578	24	579	24	168	169	0.00177305	0	0.0527473	1
20	185	168	185	169	168	169	0.00177305	0	0.369231	1
21	334	135	335	135	168	170	0.00177305	0	0.296703	1
22	720	455	727	454	168	171	0.0141844	0	1	1
23	708	404	814	391	168	205	0.487589	0	0.887912	1
24	414	169	416	168	169	170	0.00531915	0	0.371429	1
25	486	202	484	201	169	170	0.00531915	0	0.443956	2
26	426	210	427	206	169	170	0.0301418	0	0.461538	1
27	422	241	424	242	169	170	0.00531915	0	0.52967	1
28	426	226	427	225	169	170	0.0035461	0	0.496703	1
29	184	157	193	161	169	173	0.0443262	0	0.345055	1
30	399	204	399	202	169	170	0.0070922	0	0.448352	1
31	476	202	475	199	169	170	0.0177305	0	0.443956	2
32	509	239	504	237	169	171	0.0159574	0	0.525275	2
33	355	41	356	41	169	170	0.00177305	0	0.0901099	1
34	189	196	193	200	169	172	0.035461	0	0.430769	1
35	410	232	411	231	169	170	0.0035461	0	0.50989	1
36	464	199	463	197	169	170	0.00886525	0	0.437363	2
37	583	46	585	45	169	170	0.00531915	0	0.101099	1
38	177	187	178	186	169	170	0.0035461	0	0.410989	1
39	475	225	473	221	169	170	0.0319149	0	0.494505	2
40	371	214	379	210	169	172	0.0425532	0	0.47033	1
41	476	231	471	227	170	172	0.037234	0	0.507692	2
42	400	376	399	377	170	171	0.0035461	0	0.826374	2
43	386	250	387	250	170	171	0.00177305	0	0.549451	1
44	687	236	688	238	170	173	0.00886525	0	0.518681	1
45	382	184	391	184	170	172	0.0159574	0	0.404396	1
46	398	350	403	349	170	171	0.0106383	0	0.769231	1
47	189	169	194	171	170	172	0.0159574	0	0.371429	1
48	472	184	471	184	170	172	0.00177305	0	0.404396	2
49	178	176	180	176	170	171	0.0035461	0	0.386813	1
50	367	46	369	46	170	171	0.0035461	0	0.101099	1
51	339	110	341	110	170	171	0.0035461	0	0.241758	1
52	369	417	369	418	171	173	0.00177305	0	0.916484	1
53	484	201	482	201	171	172	0.0035461	0	0.441758	2
54	403	276	403	275	171	172	0.00177305	0	0.606593	1
55	487	226	475	220	171	176	0.0851064	0	0.496703	2
56	429	207	432	207	171	172	0.00531915	0	0.454945	1
57	432	229	435	230	171	172	0.0070922	0	0.503297	1
58	433	240	441	243	171	173	0.0301418	0	0.527473	1
59	420	167	426	168	171	173	0.0124113	0	0.367033	1
60	358	49	363	51	171	173	0.0159574	0	0.107692	1
61	415	147	419	146	171	173	0.00886525	0	0.323077	1
62	446	147	443	148	171	178	0.0070922	0	0.323077	2
63	588	46	591	47	171	172	0.0070922	0	0.101099	1
64	400	335	415	333	171	174	0.0336879	0	0.736264	1
65	415	234	418	236	171	172	0.0124113	0	0.514286	1
66	414	222	417	221	171	172	0.0070922	0	0.487912	1
67	473	219	469	216	171	173	0.0230496	0	0.481319	2
68	497	203	495	203	171	173	0.0035461	0	0.446154	2
69	436	149	434	149	171	172	0.0035461	0	0.327473	2
70	699	305	698	305	171	178	0.00177305	0	0.67033	2
71	719	391	730	389	172	175	0.0265957	0	0.859341	1
72	715	377	741	368	172	178	0.189716	0	0.828571	1
73	382	284	384	283	172	173	0.00531915	0	0.624176	1
74	440	185	441	186	172	173	0.0035461	0	0.406593	1
75	595	129	593	128	172	173	0.00531915	0	0.283516	2
76	539	439	539	439	172	173	0	0	0.964835	1
77	502	238	499	238	172	173	0.00531915	0	0.523077	2
78	607	42	609	42	172	173	0.0035461	0	0.0923077	1
79	359	418	359	417	172	173	0.00177305	0	0.918681	1
80	408	348	422	345	172	175	0.0407801	0	0.764835	1
81	393	395	394	396	172	173	0.0035461	0	0.868132	1
82	339	402	365	402	172	174	0.0460993	0	0.883516	1
83	486	211	483	211	172	173	0.00531915	0	0.463736	2
84	385	194	384	195	172	173	0.0035461	0	0.426374	2
85	430	196	440	193	172	176	0.0336879	0	0.430769	1
86	694	410	696	409	172	173	0.00531915	0	0.901099	1
87	481	188	480	182	172	176	0.0656028	0	0.413187	2
88	361	405	399	403	172	175	0.0744681	0	0.89011	1
89	452	184	451	183	172	173	0.0035461	0	0.404396	2
90	781	102	783	104	172	179	0.0106383	0	0.224176	1
91	477	197	477	195	173	174	0.0070922	0	0.432967	1
92	469	226	460	223	173	176	0.0319149	0	0.496703	2
93	436	208	445	203	173	176	0.0602837	0	0.457143	1
94	439	233	443	234	173	174	0.00886525	0	0.512088	1
95	708	377	726	371	173	177	0.0957447	0	0.828571	1
96	616	175	612	173	173	174	0.0141844	0	0.384615	2
97	494	228	492	226	173	174	0.0106383	0	0.501099	2
98	595	43	596	42	173	174	0.0035461	0	0.0945055	1
99	341	116	352	113	173	176	0.035461	0	0.254945	1
100	374	278	381	273	173	179	0.0567376	0	0.610989	1
101	357	280	321	284	173	205	0.0921986	0	0.615385	2
102	385	263	383	259	173	174	0.0319149	0	0.578022	2
103	367	48	369	46	174	175	0.0106383	0	0.105495	1
104	390	283	393	280	174	175	0.0212766	0	0.621978	1
105	445	244	449	243	174	175	0.00886525	0	0.536264	1
106	420	146	419	141	174	179	0.0460993	0	0.320879	2
107	677	246	670	241	174	177	0.0567376	0	0.540659	2
108	495	202	493	201	174	175	0.00531915	0	0.443956	2
109	591	128	589	127	174	175	0.00531915	0	0.281319	2
110	540	439	539	438	174	175	0.0035461	0	0.964835	2
111	480	205	477	203	174	175	0.0124113	0	0.450549	2
112	430	144	430	139	174	179	0.0443262	0	0.316484	1
113	470	185	470	183	174	175	0.0070922	0	0.406593	1
114	499	239	494	236	174	176	0.0248227	0	0.525275	2
115	614	43	617	42	174	175	0.0070922	0	0.0945055	1
116	423	238	426	237	174	175	0.0070922	0	0.523077	1
117	189	209	195	206	174	175	0.0265957	0	0.459341	1
118	215	164	215	164	174	176	0	0	0.36044	1
119	195	164	197	163	174	176	0.00531915	0	0.36044	1
120	428	169	430	167	174	175	0.0106383	0	0.371429	1
121	336	143	335	141	174	175	0.00886525	0	0.314286	2
122	440	176	441	174	174	175	0.00886525	0	0.386813	1
123	392	249	399	239	174	178	0.189716	0	0.547253	1
124	770	100	771	100	174	178	0.00177305	0	0.21978	1
125	601	53	602	52	174	175	0.0035461	0	0.116484	1
126	456	274	454	275	174	178	0.00531915	0	0.602198	2
127	691	263	682	261	174	177	0.0230496	0	0.578022	2
128	719	350	799	328	174	203	1	0	0.769231	1
129	673	256	665	251	174	177	0.0585106	0	0.562637	2
130	392	187	397	186	174	175	0.0106383	0	0.410989	1
131	418	136	413	132	174	181	0.037234	0	0.298901	2
132	596	141	594	139	174	175	0.0106383	0	0.30989	2
133	477	193	476	191	175	176	0.00886525	0	0.424176	2
134	447	184	449	182	175	176	0.0106383	0	0.404396	1
135	439	235	442	235	175	176	0.00531915	0	0.516484	1
136	359	47	359	47	175	176	0	0	0.103297	1
137	458	183	460	181	175	176	0.0106383	0	0.402198	1
138	412	174	416	180	175	179	0.070922	0	0.382418	1
139	778	115	777	115	175	176	0.00177305	0	0.252747	2
140	412	229	416	228	175	177	0.00886525	0	0.503297	1
141	582	117	573	116	175	179	0.0177305	0	0.257143	2
142	721	75	684	81	175	205	0.129433	0	0.164835	2
143	437	82	430	83	175	189	0.0141844	0	0.18022	2
144	420	332	452	326	175	180	0.120567	0	0.72967	1
145	522	387	521	389	175	179	0.00886525	0	0.850549	2
146	735	388	759	374	176	183	0.390071	0	0.852747	1
147	453	244	456	245	176	177	0.0070922	0	0.536264	1
148	362	416	362	415	176	177	0.00177305	0	0.914286	1
149	372	45	374	45	176	177	0.0035461	0	0.0989011	1
150	414	274	420	276	176	177	0.0177305	0	0.602198	1
151	693	243	692	243	176	177	0.00177305	0	0.534066	2
152	588	127	584	127	176	178	0.0070922	0	0.279121	2
153	601	45	608	43	176	179	0.0195035	0	0.0989011	1
154	485	220	480	219	176	177	0.0106383	0	0.483516	2
155	390	367	404	364	176	178	0.0407801	0	0.806593	1
156	183	185	190	182	176	178	0.0283688	0	0.406593	1
157	424	350	429	347	176	177	0.0248227	0	0.769231	1
158	390	398	390	398	176	177	0	0	0.874725	1
159	695	296	685	290	176	180	0.0815603	0	0.650549	2
160	199	204	202	203	176	177	0.0070922	0	0.448352	1
161	504	218	500	219	176	177	0.00886525	0	0.479121	2
162	221	175	223	176	176	178	0.00531915	0	0.384615	1
163	337	140	349	138	176	179	0.0283688	0	0.307692	1
164	450	182	450	180	177	178	0.0070922	0	0.4	1
165	441	228	443	226	177	178	0.0106383	0	0.501099	1
166	406	242	408	239	177	178	0.0195035	0	0.531868	1
167	482	197	479	196	177	178	0.0070922	0	0.432967	2
168	415	370	423	367	177	178	0.0301418	0	0.813187	1
169	616	42	619	42	177	179	0.00531915	0	0.0923077	1
170	491	234	488	231	177	178	0.0212766	0	0.514286	2
171	376	406	417	398	177	182	0.18617	0	0.892308	1
172	356	49	355	49	177	178	0.00177305	0	0.107692	2
173	436	165	438	164	177	178	0.00531915	0	0.362637	1
174	216	163	215	163	177	178	0.00177305	0	0.358242	2
175	203	193	204	191	177	178	0.00886525	0	0.424176	1
176	449	204	451	202	177	178	0.0106383	0	0.448352	1
177	487	207	480	207	177	179	0.0124113	0	0.454945	2
178	387	277	389	276	177	178	0.00531915	0	0.608791	1
179	406	386	420	379	177	179	0.111702	0	0.848352	1
180	196	165	198	164	177	178	0.00531915	0	0.362637	1
181	458	215	453	215	177	178	0.00886525	0	0.472527	2
182	428	393	459	396	177	183	0.070922	0	0.863736	1
183	446	238	449	239	177	178	0.0070922	0	0.523077	1
184	460	246	462	248	178	179	0.0106383	0	0.540659	1
185	467	220	443	223	178	183	0.0585106	0	0.483516	2
186	366	412	378	403	178	180	0.164894	0	0.905495	1
187	691	243	678	239	178	182	0.0514184	0	0.534066	2
188	377	47	380	45	178	179	0.0124113	0	0.103297	1
189	665	242	648	229	178	184	0.329787	0	0.531868	2
190	706	231	708	232	178	179	0.00531915	0	0.507692	1
191	537	439	536	438	178	179	0.0035461	0	0.964835	2
192	731	369	792	364	178	194	0.152482	0	0.810989	1
193	497	221	492	221	178	179	0.00886525	0	0.485714	2
194	468	209	462	208	178	179	0.0124113	0	0.459341	2
195	428	276	434	275	178	179	0.0124113	0	0.606593	1
196	601	167	599	166	178	179	0.00531915	0	0.367033	2
197	680	260	676	257	178	179	0.0230496	0	0.571429	2
198	429	219	430	218	178	179	0.0035461	0	0.481319	1
199	33	29	31	28	178	179	0.00531915	0	0.0637363	2
200	207	207	202	215	178	181	0.12234	0	0.454945	2
201	441	339	447	337	178	179	0.0177305	0	0.745055	1
202	478	195	475	194	179	180	0.0070922	0	0.428571	2
203	747	365	805	362	179	194	0.118794	0	0.802198	1
204	452	200	452	199	179	180	0.00177305	0	0.43956	1
205	682	203	679	203	179	180	0.00531915	0	0.446154	2
206	355	49	321	53	179	205	0.0886525	0	0.107692	2
207	389	244	414	250	179	187	0.108156	0	0.536264	1
208	402	238	405	235	179	181	0.0212766	0	0.523077	1
209	441	259	445	263	179	181	0.035461	0	0.569231	1
210	445	150	443	149	179	180	0.00531915	0	0.32967	2
211	657	229	631	219	179	189	0.223404	0	0.503297	2
212	411	275	412	277	180	181	0.00886525	0	0.604396	1
213	392	275	400	277	180	183	0.0212766	0	0.604396	1
214	436	419	435	419	180	181	0.00177305	0	0.920879	2
215	438	279	443	284	180	182	0.0531915	0	0.613187	1
216	215	226	219	227	180	183	0.00886525	0	0.496703	1
217	705	235	701	234	180	185	0.00886525	0	0.516484	2
218	476	204	472	204	180	181	0.0070922	0	0.448352	2
219	419	142	416	139	180	184	0.0212766	0	0.312088	2
220	510	254	507	255	180	183	0.0070922	0	0.558242	2
221	485	193	481	193	180	181	0.0070922	0	0.424176	2
222	449	177	447	176	180	181	0.00531915	0	0.389011	2
223	534	440	532	440	180	183	0.0035461	0	0.967033	2
224	409	188	406	187	180	181	0.0070922	0	0.413187	2
225	228	173	227	176	180	182	0.0177305	0	0.38022	2
226	707	390	709	389	180	181	0.00531915	0	0.857143	1
227	440	193	439	192	180	181	0.0035461	0	0.424176	2
228	775	103	777	96	180	188	0.0904255	0	0.226374	1
229	684	179	671	181	180	186	0.0301418	0	0.393407	2
230	576	124	562	127	180	185	0.0407801	0	0.272527	2
231	594	165	579	162	180	183	0.0425532	0	0.362637	2
232	236	184	234	184	180	181	0.0035461	0	0.404396	2
233	446	422	443	424	180	186	0.0124113	0	0.927473	2
234	607	40	609	42	180	182	0.0106383	0	0.0879121	1
235	204	235	201	235	180	181	0.00531915	0	0.516484	2
236	381	196	370	199	180	191	0.035461	0	0.430769	2
237	350	83	350	81	180	181	0.0070922	0	0.182418	1
238	519	407	516	407	180	185	0.00531915	0	0.894505	2
239	429	136	427	133	180	184	0.0195035	0	0.298901	2
240	362	109	365	111	180	182	0.0124113	0	0.23956	1
241	416	263	425	270	180	183	0.102837	0	0.578022	1
242	450	336	461	334	180	182	0.0265957	0	0.738462	1
243	363	49	360	49	180	181	0.00531915	0	0.107692	2
244	483	204	480	205	181	182	0.0070922	0	0.448352	2
245	434	241	434	241	181	182	0	0	0.52967	1
246	384	41	387	40	181	182	0.0070922	0	0.0901099	1
247	471	194	469	194	181	182	0.0035461	0	0.426374	2
248	441	149	440	149	181	189	0.00177305	0	0.327473	2
249	209	177	209	178	181	182	0.00177305	0	0.389011	1
250	367	100	380	102	181	185	0.0301418	0	0.21978	1
251	625	42	628	42	181	183	0.00531915	0	0.0923077	1
252	457	170	457	170	181	182	0	0	0.373626	1
253	733	454	749	451	181	183	0.0443262	0	0.997802	1
254	461	216	456	216	181	182	0.00886525	0	0.474725	2
255	659	205	650	201	181	183	0.0443262	0	0.450549	2
256	689	298	678	291	181	184	0.106383	0	0.654945	2
257	728	442	750	441	181	184	0.0407801	0	0.971429	1
258	471	184	470	183	181	182	0.0035461	0	0.404396	2
259	216	165	216	166	181	182	0.00177305	0	0.362637	1
260	480	195	474	192	182	189	0.0265957	0	0.428571	2
261	433	421	434	419	182	185	0.00886525	0	0.925275	1
262	442	162	443	162	182	183	0.00177305	0	0.356044	1
263	405	399	423	400	182	183	0.0336879	0	0.876923	1
264	453	200	454	199	182	183	0.0035461	0	0.43956	1
265	406	188	410	184	182	186	0.035461	0	0.413187	1
266	448	266	450	267	182	183	0.00531915	0	0.584615	1
267	447	177	448	176	182	183	0.0035461	0	0.389011	1
268	465	347	524	338	182	188	0.248227	0	0.762637	1
269	449	189	451	188	182	183	0.00531915	0	0.415385	1
270	440	403	442	402	182	183	0.00531915	0	0.885714	1
271	675	287	671	284	182	183	0.0230496	0	0.630769	2
272	207	188	210	189	182	184	0.0070922	0	0.413187	1
273	359	50	330	54	182	205	0.0797872	0	0.10989	2
274	495	83	467	88	182	204	0.0939716	0	0.182418	2
275	517	442	511	442	182	195	0.0106383	0	0.971429	2
276	667	253	658	248	182	186	0.0602837	0	0.556044	2
277	455	217	452	216	183	184	0.0070922	0	0.476923	2
278	469	197	466	195	183	186	0.0124113	0	0.432967	2
279	663	237	644	238	183	190	0.035461	0	0.520879	2
280	677	238	674	237	183	184	0.0070922	0	0.523077	2
281	393	84	395	85	183	190	0.00531915	0	0.184615	1
282	391	41	395	41	183	184	0.0070922	0	0.0901099	1
283	228	177	229	178	183	184	0.0035461	0	0.389011	1
284	445	283	445	282	183	184	0.00177305	0	0.621978	1
285	675	205	673	204	183	184	0.00531915	0	0.450549	2
286	470	331	504	325	183	187	0.124113	0	0.727473	1
287	719	391	752	404	183	190	0.358156	0	0.859341	1
288	465	255	465	254	183	184	0.00177305	0	0.56044	1
289	775	117	776	116	183	184	0.0035461	0	0.257143	1
290	431	145	428	143	183	186	0.0124113	0	0.318681	2
291	375	112	379	112	183	184	0.0070922	0	0.246154	1
292	135	47	104	50	183	205	0.070922	0	0.103297	2
293	648	211	643	208	183	185	0.0248227	0	0.463736	2
294	740	347	779	349	183	193	0.0762411	0	0.762637	1
295	442	224	438	224	184	185	0.0070922	0	0.492308	2
296	764	374	796	380	184	192	0.120567	0	0.821978	1
297	478	205	477	204	184	185	0.0035461	0	0.450549	2
298	456	198	455	195	184	185	0.0177305	0	0.435165	2
299	620	48	625	46	184	186	0.0159574	0	0.105495	1
300	534	440	533	439	184	185	0.0035461	0	0.967033	2
301	213	170	228	179	184	201	0.170213	0	0.373626	1
302	221	204	221	203	184	185	0.00177305	0	0.448352	1
303	444	166	445	166	184	185	0.00177305	0	0.364835	1
304	450	176	450	176	184	185	0	0	0.386813	1
305	453	270	453	271	184	186	0.00177305	0	0.593407	1
306	648	199	643	201	184	186	0.0159574	0	0.437363	2
307	632	40	634	39	184	185	0.00531915	0	0.0879121	1
308	420	152	417	151	184	187	0.0070922	0	0.334066	2
309	389	138	396	137	184	186	0.0141844	0	0.303297	1
310	663	210	655	208	184	186	0.0212766	0	0.461538	2
311	399	194	396	190	184	189	0.0336879	0	0.426374	2
312	227	225	230	224	185	186	0.0070922	0	0.494505	1
313	769	453	780	452	185	186	0.0212766	0	0.995604	1
314	422	280	422	280	185	186	0	0	0.615385	1
315	231	178	231	179	185	186	0.00177305	0	0.391209	1
316	413	138	411	138	185	188	0.0035461	0	0.303297	2
317	646	228	626	231	185	191	0.0514184	0	0.501099	2
318	671	238	670	238	185	186	0.00177305	0	0.523077	2
319	670	203	666	202	185	186	0.00886525	0	0.446154	2
320	480	177	478	175	185	186	0.0106383	0	0.389011	2
321	441	407	465	399	185	188	0.156028	0	0.894505	1
322	456	398	482	393	185	188	0.0904255	0	0.874725	1
323	209	189	213	191	185	188	0.0141844	0	0.415385	1
324	401	41	405	41	185	186	0.0070922	0	0.0901099	1
325	483	375	516	375	185	188	0.0585106	0	0.824176	1
326	426	133	425	135	185	190	0.00886525	0	0.292308	2
327	377	114	394	119	185	189	0.0744681	0	0.250549	1
328	460	410	474	411	185	186	0.0265957	0	0.901099	1
329	665	183	656	181	185	188	0.0230496	0	0.402198	2
330	490	386	512	381	185	187	0.0833333	0	0.848352	1
331	477	204	469	203	186	194	0.0159574	0	0.448352	2
332	433	227	432	229	186	187	0.00886525	0	0.498901	2
333	445	218	443	220	186	187	0.0106383	0	0.479121	2
334	438	279	439	278	186	187	0.0035461	0	0.613187	1
335	448	254	449	254	186	187	0.00177305	0	0.558242	1
336	558	126	553	126	186	188	0.00886525	0	0.276923	2
337	446	167	450	168	186	188	0.00886525	0	0.367033	1
338	387	101	413	110	186	194	0.189716	0	0.221978	1
339	626	24	632	24	186	188	0.0106383	0	0.0527473	1
340	219	181	234	183	186	199	0.0336879	0	0.397802	1
341	233	181	234	182	187	188	0.0035461	0	0.397802	1
342	795	451	806	451	187	188	0.0195035	0	0.991209	1
343	671	239	670	239	187	189	0.00177305	0	0.525275	2
344	741	179	741	179	187	188	0	0	0.393407	1
345	449	279	451	278	187	189	0.00531915	0	0.613187	1
346	529	440	529	440	187	188	0	0	0.967033	1
347	411	185	390	191	187	197	0.101064	0	0.406593	2
348	466	191	465	188	187	189	0.0177305	0	0.41978	2
349	410	44	415	44	187	188	0.00886525	0	0.0967033	1
350	492	415	504	420	187	190	0.0656028	0	0.912088	1
351	455	200	454	198	187	188	0.00886525	0	0.43956	2
352	654	249	648	252	187	189	0.0265957	0	0.547253	2
353	663	203	659	201	187	188	0.0141844	0	0.446154	2
354	639	48	643	48	187	188	0.0070922	0	0.105495	1
355	669	182	642	188	187	195	0.111702	0	0.4	2
356	692	226	683	224	187	188	0.0230496	0	0.496703	2
357	465	241	464	241	187	188	0.00177305	0	0.52967	2
358	539	440	539	440	187	188	0	0	0.967033	1
359	246	175	249	178	187	188	0.0212766	0	0.384615	1
360	430	143	428	145	187	191	0.0106383	0	0.314286	2
361	774	109	772	117	187	193	0.117021	0	0.23956	2
362	29	33	28	33	187	188	0.00177305	0	0.0725275	2
363	465	200	462	199	188	190	0.0070922	0	0.43956	2
364	443	223	441	226	188	189	0.0195035	0	0.49011	2
365	433	232	431	235	188	189	0.0195035	0	0.50989	2
366	436	278	437	277	188	189	0.0035461	0	0.610989	1
367	449	257	449	257	188	189	0	0	0.564835	1
368	473	223	469	222	188	189	0.00886525	0	0.49011	2
369	414	276	415	274	188	194	0.00886525	0	0.606593	1
370	418	152	416	152	188	192	0.0035461	0	0.334066	2
371	426	280	426	278	188	192	0.0070922	0	0.615385	1
372	469	266	469	267	188	189	0.00177305	0	0.584615	1
373	474	252	474	252	188	189	0	0	0.553846	1
374	786	145	789	145	188	189	0.00531915	0	0.318681	1
375	489	250	488	250	188	189	0.00177305	0	0.549451	2
376	410	166	405	172	188	193	0.072695	0	0.364835	2
377	237	183	238	183	189	190	0.00177305	0	0.402198	1
378	420	42	423	41	189	190	0.0070922	0	0.0923077	1
379	742	179	736	180	189	194	0.0124113	0	0.393407	2
380	234	208	237	209	189	191	0.0070922	0	0.457143	1
381	531	441	527	440	189	191	0.00886525	0	0.969231	2
382	412	139	410	139	189	191	0.0035461	0	0.305495	2
383	250	216	255	215	189	190	0.0106383	0	0.474725	1
384	461	241	460	242	189	190	0.0035461	0	0.52967	2
385	651	200	642	200	189	191	0.0159574	0	0.43956	2
386	657	286	651	286	189	191	0.0106383	0	0.628571	2
387	551	129	539	132	189	193	0.037234	0	0.283516	2
388	124	46	112	46	189	198	0.0212766	0	0.101099	2
389	234	244	239	244	189	190	0.00886525	0	0.536264	1
390	497	395	512	395	189	190	0.0265957	0	0.868132	1
391	778	98	778	107	189	194	0.143617	0	0.215385	1
392	550	141	543	142	189	191	0.0141844	0	0.30989	2
393	215	194	224	192	189	199	0.0230496	0	0.426374	1
394	498	183	500	183	189	190	0.0035461	0	0.402198	1
395	645	225	641	226	189	190	0.00886525	0	0.494505	2
396	692	269	685	269	189	194	0.0124113	0	0.591209	2
397	429	225	427	227	189	190	0.0106383	0	0.494505	2
398	667	294	665	293	189	190	0.00531915	0	0.646154	2
399	452	191	450	190	189	190	0.00531915	0	0.41978	2
400	41	25	24	26	189	200	0.0319149	0	0.0549451	2
401	437	276	436	274	190	191	0.00886525	0	0.606593	2
402	474	192	470	192	190	193	0.0070922	0	0.421978	2
403	441	230	439	232	190	191	0.0106383	0	0.505495	2
404	431	238	429	240	190	191	0.0106383	0	0.523077	2
405	447	278	446	276	190	193	0.00886525	0	0.610989	2
406	463	189	460	188	190	192	0.0070922	0	0.415385	2
407	490	183	492	183	190	191	0.0035461	0	0.402198	1
408	667	241	658	239	190	193	0.0230496	0	0.52967	2
409	520	411	520	411	190	191	0	0	0.903297	1
410	439	149	428	151	190	200	0.0265957	0	0.327473	2
411	538	408	537	408	190	191	0.00177305	0	0.896703	2
412	253	183	255	184	190	191	0.00531915	0	0.402198	1
413	643	255	625	255	190	194	0.0319149	0	0.56044	2
414	395	194	386	197	190	192	0.0319149	0	0.426374	2
415	226	205	228	205	190	192	0.0035461	0	0.450549	1
416	238	223	238	223	190	191	0	0	0.49011	1
417	539	339	545	338	190	191	0.0124113	0	0.745055	1
418	633	212	613	213	190	195	0.037234	0	0.465934	2
419	638	239	626	239	191	194	0.0212766	0	0.525275	2
420	460	199	458	198	191	192	0.00531915	0	0.437363	2
421	506	419	505	416	191	192	0.0177305	0	0.920879	2
422	451	214	451	213	191	192	0.00177305	0	0.47033	1
423	428	42	435	42	191	193	0.0124113	0	0.0923077	1
424	240	182	241	182	191	192	0.00177305	0	0.4	1
425	428	218	427	218	191	192	0.00177305	0	0.479121	2
426	260	215	275	216	191	194	0.0283688	0	0.472527	1
427	757	404	779	386	191	199	0.613475	0	0.887912	1
428	459	244	456	244	191	193	0.00531915	0	0.536264	2
429	441	222	439	226	191	192	0.0319149	0	0.487912	2
430	639	44	643	43	191	193	0.00886525	0	0.0967033	1
431	637	227	629	228	191	193	0.0159574	0	0.498901	2
432	240	247	237	248	191	194	0.0070922	0	0.542857	2
433	529	175	523	178	191	193	0.0265957	0	0.384615	2
434	519	385	545	384	191	195	0.0478723	0	0.846154	1
435	453	159	452	162	191	193	0.0177305	0	0.349451	2
436	236	234	234	236	191	194	0.0106383	0	0.514286	2
437	786	382	801	374	192	195	0.140071	0	0.83956	1
438	429	243	427	245	192	193	0.0106383	0	0.534066	2
439	499	232	505	231	192	193	0.0124113	0	0.50989	1
440	655	289	648	286	192	193	0.0283688	0	0.635165	2
441	622	231	581	231	192	200	0.072695	0	0.507692	2
442	425	85	424	85	192	194	0.00177305	0	0.186813	2
443	410	139	409	139	192	193	0.00177305	0	0.305495	2
444	495	188	497	189	192	193	0.00531915	0	0.413187	1
445	465	260	464	259	192	193	0.0035461	0	0.571429	2
446	255	216	261	216	192	194	0.0106383	0	0.474725	1
447	639	180	633	183	192	194	0.0265957	0	0.395604	2
448	750	406	771	386	192	200	0.746454	0	0.892308	1
449	649	205	646	206	192	193	0.0070922	0	0.450549	2
450	482	197	481	198	192	193	0.0035461	0	0.432967	2
451	371	196	374	192	192	194	0.0336879	0	0.430769	1
452	505	194	508	194	192	193	0.00531915	0	0.426374	1
453	472	220	470	220	192	193	0.0035461	0	0.483516	2
454	388	84	362	87	192	205	0.0620567	0	0.184615	2
455	552	337	569	335	192	194	0.037234	0	0.740659	1
456	412	121	424	123	192	196	0.0283688	0	0.265934	1
457	467	270	441	273	192	205	0.0620567	0	0.593407	2
458	452	214	451	214	193	194	0.00177305	0	0.47033	2
459	436	270	436	269	193	194	0.00177305	0	0.593407	1
460	459	199	458	199	193	195	0.00177305	0	0.437363	2
461	466	182	465	183	193	196	0.0035461	0	0.4	2
462	801	379	810	371	193	195	0.129433	0	0.832967	1
463	252	227	254	229	193	195	0.0106383	0	0.498901	1
464	244	184	246	184	193	194	0.0035461	0	0.404396	1
465	526	441	525	440	193	194	0.0035461	0	0.969231	2
466	422	142	422	142	193	194	0	0	0.312088	1
467	442	259	441	258	193	194	0.0035461	0	0.569231	2
468	658	47	661	47	193	194	0.00531915	0	0.103297	1
469	426	278	402	281	193	205	0.0585106	0	0.610989	2
470	416	152	416	151	193	194	0.00177305	0	0.334066	1
471	490	227	489	227	193	194	0.00177305	0	0.498901	2
472	641	285	633	285	194	195	0.0141844	0	0.626374	2
473	471	193	470	194	194	196	0.0035461	0	0.424176	2
474	208	237	222	238	194	198	0.0265957	0	0.520879	1
475	468	260	467	259	194	195	0.0035461	0	0.571429	2
476	415	245	413	246	194	195	0.00531915	0	0.538462	2
477	503	184	509	187	194	196	0.0265957	0	0.404396	1
478	781	455	810	445	194	198	0.228723	0	1	1
479	539	135	539	135	194	195	0	0	0.296703	1
480	553	171	550	171	194	195	0.00531915	0	0.375824	2
481	626	229	622	227	194	195	0.0141844	0	0.503297	2
482	535	145	534	145	194	195	0.00177305	0	0.318681	2
483	451	179	451	180	194	195	0.00177305	0	0.393407	1
484	513	191	516	192	194	195	0.0070922	0	0.41978	1
485	438	268	437	267	195	196	0.0035461	0	0.589011	2
486	469	204	453	206	195	203	0.035461	0	0.448352	2
487	810	358	815	360	195	205	0.0159574	0	0.786813	1
488	822	455	822	451	195	196	0.0283688	0	1	1
489	447	44	460	42	195	198	0.0301418	0	0.0967033	1
490	625	239	614	237	195	197	0.0265957	0	0.525275	2
491	800	361	802	352	195	201	0.147163	0	0.793407	1
492	451	276	446	277	195	198	0.0106383	0	0.606593	2
493	426	244	412	244	195	199	0.0248227	0	0.536264	2
494	785	361	790	359	195	205	0.0159574	0	0.793407	1
495	411	139	408	138	195	197	0.0070922	0	0.305495	2
496	735	180	723	181	195	200	0.0230496	0	0.395604	2
497	265	218	276	220	195	198	0.0265957	0	0.479121	1
498	424	139	423	138	195	196	0.0035461	0	0.305495	2
499	630	181	623	184	195	197	0.0283688	0	0.397802	2
500	425	85	424	84	195	196	0.0035461	0	0.186813	2
501	247	184	241	194	195	204	0.187943	0	0.404396	2
502	474	170	474	169	195	196	0.00177305	0	0.373626	1
503	462	162	465	162	195	197	0.00531915	0	0.356044	1
504	415	274	390	278	195	203	0.072695	0	0.602198	2
505	574	322	582	322	195	196	0.0141844	0	0.707692	1
506	267	179	277	176	195	197	0.0336879	0	0.393407	1
507	477	216	476	215	195	196	0.0035461	0	0.474725	2
508	563	378	585	384	195	197	0.102837	0	0.830769	1
509	516	240	515	239	195	196	0.0035461	0	0.527473	2
510	637	209	634	211	195	196	0.0124113	0	0.459341	2
511	419	111	420	122	195	205	0.216312	0	0.243956	1
512	435	278	430	278	195	199	0.00886525	0	0.610989	2
513	511	409	487	412	195	205	0.0585106	0	0.898901	2
514	779	105	779	106	195	199	0.00177305	0	0.230769	1
515	489	228	488	227	195	196	0.0035461	0	0.501099	2
516	805	370	806	375	196	205	0.0460993	0	0.813187	1
517	413	248	410	248	196	197	0.00531915	0	0.545055	2
518	458	200	455	200	196	197	0.00531915	0	0.43956	2
519	635	192	622	197	196	199	0.0673759	0	0.421978	2
520	254	227	271	226	196	199	0.0319149	0	0.498901	1
521	457	219	455	220	196	197	0.00531915	0	0.481319	2
522	466	259	463	259	196	197	0.00531915	0	0.569231	2
523	445	214	443	214	196	197	0.0035461	0	0.47033	2
524	642	244	633	247	196	197	0.0319149	0	0.536264	2
525	535	146	530	147	196	198	0.0106383	0	0.320879	2
526	619	411	624	414	196	197	0.0248227	0	0.903297	1
527	450	182	448	183	196	197	0.00531915	0	0.4	2
528	291	240	288	243	196	197	0.0212766	0	0.527473	2
529	539	135	524	139	196	202	0.0549645	0	0.296703	2
530	517	197	518	198	196	197	0.0035461	0	0.432967	1
531	476	262	471	263	196	198	0.0106383	0	0.575824	2
532	617	226	610	225	196	197	0.0141844	0	0.496703	2
533	584	349	591	351	196	197	0.0195035	0	0.767033	1
534	617	249	585	250	196	201	0.0585106	0	0.547253	2
535	416	258	410	259	196	198	0.0124113	0	0.567033	2
536	597	387	602	389	196	197	0.0159574	0	0.850549	1
537	364	53	341	56	196	205	0.0567376	0	0.116484	2
538	527	225	534	226	197	203	0.0141844	0	0.494505	1
539	474	216	472	216	197	198	0.0035461	0	0.474725	2
540	469	195	461	195	197	201	0.0141844	0	0.428571	2
541	423	138	421	137	197	198	0.00531915	0	0.303297	2
542	289	220	289	223	197	198	0.0159574	0	0.483516	1
543	590	324	634	329	197	204	0.12234	0	0.712088	1
544	459	190	453	190	197	200	0.0106383	0	0.417582	2
545	276	206	280	206	197	198	0.0070922	0	0.452747	1
546	522	188	527	186	197	200	0.0159574	0	0.413187	1
547	815	366	811	366	197	202	0.0070922	0	0.804396	2
548	379	194	381	191	197	200	0.0195035	0	0.426374	1
549	476	179	473	178	197	198	0.0070922	0	0.393407	2
550	426	124	425	125	197	198	0.0035461	0	0.272527	2
551	508	444	499	444	197	200	0.0159574	0	0.975824	2
552	512	187	513	187	197	198	0.00177305	0	0.410989	1
553	447	181	444	182	198	199	0.0070922	0	0.397802	2
554	616	417	613	417	198	199	0.00531915	0	0.916484	2
555	451	203	447	202	198	200	0.00886525	0	0.446154	2
556	406	246	402	244	198	199	0.0141844	0	0.540659	2
557	521	442	518	442	198	199	0.00531915	0	0.971429	2
558	608	237	594	237	198	200	0.0248227	0	0.520879	2
559	444	215	442	214	198	199	0.00531915	0	0.472527	2
560	461	260	455	260	198	200	0.0106383	0	0.571429	2
561	458	180	455	179	198	199	0.0070922	0	0.395604	2
562	628	250	609	252	198	205	0.0407801	0	0.549451	2
563	407	138	402	137	198	200	0.0106383	0	0.303297	2
564	620	186	611	188	198	200	0.0230496	0	0.408791	2
565	824	445	825	442	198	199	0.0177305	0	0.978022	1
566	389	191	390	191	198	199	0.00177305	0	0.41978	1
567	514	199	518	196	198	200	0.0230496	0	0.437363	1
568	614	223	609	224	198	199	0.0106383	0	0.49011	2
569	605	339	640	339	198	204	0.0620567	0	0.745055	1
570	674	48	674	48	198	199	0	0	0.105495	1
571	284	238	281	238	198	199	0.00531915	0	0.523077	2
572	282	189	284	188	198	199	0.00531915	0	0.415385	1
573	468	226	467	225	198	199	0.0035461	0	0.496703	2
574	529	158	520	159	198	201	0.0177305	0	0.347253	2
575	777	132	776	131	198	199	0.0035461	0	0.29011	2
576	464	41	467	40	199	200	0.0070922	0	0.0901099	1
577	444	278	428	280	199	205	0.035461	0	0.610989	2
578	815	444	819	444	199	201	0.0070922	0	0.975824	1
579	438	256	435	255	199	200	0.0070922	0	0.562637	2
580	528	147	522	147	199	201	0.0106383	0	0.323077	2
581	476	166	487	168	199	205	0.0265957	0	0.364835	1
582	420	137	417	137	199	200	0.00531915	0	0.301099	2
583	427	124	425	131	199	205	0.0904255	0	0.272527	2
584	587	296	571	297	199	203	0.0301418	0	0.650549	2
585	611	240	608	239	199	200	0.0070922	0	0.527473	2
586	468	263	456	264	199	202	0.0230496	0	0.578022	2
587	469	253	467	253	199	200	0.0035461	0	0.556044	2
588	442	167	437	166	199	201	0.0106383	0	0.367033	2
589	453	179	450	178	200	201	0.0070922	0	0.393407	2
590	392	191	393	190	200	201	0.0035461	0	0.41978	1
591	400	242	389	229	200	205	0.319149	0	0.531868	2
592	441	214	437	213	200	201	0.00886525	0	0.47033	2
593	619	200	612	201	200	201	0.0141844	0	0.43956	2
594	287	195	287	194	200	201	0.00177305	0	0.428571	1
595	781	385	780	384	200	201	0.0035461	0	0.846154	2
596	276	244	272	243	200	201	0.00886525	0	0.536264	2
597	778	105	772	104	200	202	0.0124113	0	0.230769	2
598	407	155	396	159	200	203	0.0478723	0	0.340659	2
599	604	216	596	215	200	202	0.0159574	0	0.474725	2
600	466	87	455	89	200	203	0.0265957	0	0.191209	2
601	626	214	613	216	200	202	0.0301418	0	0.47033	2
602	253	205	250	207	200	201	0.0124113	0	0.450549	2
603	582	214	552	218	200	205	0.0815603	0	0.47033	2
604	474	155	482	157	200	205	0.0212766	0	0.340659	1
605	470	41	470	42	201	202	0.00177305	0	0.0901099	1
606	451	194	447	194	201	202	0.0070922	0	0.426374	2
607	721	182	712	182	201	203	0.0159574	0	0.4	2
608	574	233	557	235	201	203	0.037234	0	0.512088	2
609	587	239	563	241	201	205	0.0496454	0	0.525275	2
610	435	259	427	260	201	204	0.0159574	0	0.569231	2
611	416	137	410	138	201	202	0.0124113	0	0.301099	2
612	242	229	241	232	201	202	0.0177305	0	0.503297	2
613	437	203	433	203	201	202	0.0070922	0	0.446154	2
614	603	236	597	236	201	202	0.0106383	0	0.518681	2
615	605	191	593	193	201	203	0.0283688	0	0.41978	2
616	628	393	632	393	201	202	0.0070922	0	0.863736	1
617	424	150	417	151	201	202	0.0141844	0	0.32967	2
618	451	261	443	262	201	205	0.0159574	0	0.573626	2
619	420	170	418	173	201	202	0.0195035	0	0.373626	2
620	460	238	454	237	201	202	0.0124113	0	0.523077	2
621	395	250	387	247	201	202	0.0301418	0	0.549451	2
622	425	263	417	264	201	205	0.0159574	0	0.578022	2
623	296	175	297	176	201	202	0.0035461	0	0.384615	1
624	217	49	207	50	201	205	0.0195035	0	0.107692	2
625	517	185	525	186	201	205	0.0159574	0	0.406593	1
626	230	189	226	195	201	204	0.070922	0	0.415385	2
627	131	282	122	283	201	205	0.0177305	0	0.61978	2
628	624	366	627	365	201	202	0.0070922	0	0.804396	1
629	822	447	824	448	202	203	0.00531915	0	0.982418	1
630	458	196	457	195	202	204	0.0035461	0	0.430769	2
631	517	149	512	151	202	204	0.0159574	0	0.327473	2
632	799	353	804	360	202	205	0.0957447	0	0.775824	1
633	268	244	265	243	202	203	0.0070922	0	0.536264	2
634	392	189	393	189	202	205	0.00177305	0	0.415385	1
635	247	211	251	212	202	205	0.00886525	0	0.463736	1
636	607	400	604	401	202	203	0.0070922	0	0.879121	2
637	439	240	434	242	202	203	0.0159574	0	0.527473	2
638	576	255	565	255	202	204	0.0195035	0	0.56044	2
639	363	201	363	196	202	205	0.0443262	0	0.441758	1
640	525	196	535	198	202	205	0.0248227	0	0.430769	1
641	430	122	428	123	202	203	0.00531915	0	0.268132	2
642	637	371	644	371	203	204	0.0124113	0	0.815385	1
643	810	369	816	373	203	205	0.0390071	0	0.810989	1
644	242	235	248	235	203	205	0.0106383	0	0.516484	1
645	446	194	450	191	203	205	0.0230496	0	0.426374	1
646	473	43	478	42	203	204	0.0106383	0	0.0945055	1
647	284	231	294	229	203	205	0.0248227	0	0.507692	1
648	286	200	300	200	203	205	0.0248227	0	0.43956	1
649	379	190	379	189	203	204	0.00177305	0	0.417582	1
650	519	138	518	139	203	205	0.0035461	0	0.303297	2
651	291	219	304	218	203	205	0.0248227	0	0.481319	1
652	310	220	325	220	203	205	0.0265957	0	0.483516	1
653	500	444	499	444	203	205	0.00177305	0	0.975824	2
654	224	184	229	186	203	205	0.0159574	0	0.404396	1
655	453	264	453	263	203	204	0.00177305	0	0.58022	1
656	302	177	316	178	203	205	0.0265957	0	0.389011	1
657	430	213	429	212	203	204	0.0035461	0	0.468132	2
658	641	393	652	391	203	204	0.0265957	0	0.863736	1
659	660	29	666	29	203	205	0.0106383	0	0.0637363	1
660	398	230	399	226	203	205	0.0301418	0	0.505495	1
661	433	189	433	187	203	204	0.0070922	0	0.415385	1
662	455	205	457	203	204	205	0.0106383	0	0.450549	1
663	825	448	821	444	204	205	0.035461	0	0.984615	2
664	555	237	551	237	204	205	0.0070922	0	0.520879	2
665	710	183	710	182	204	205	0.00177305	0	0.402198	1
666	672	51	676	49	204	205	0.0141844	0	0.112088	1
667	448	221	449	219	204	205	0.00886525	0	0.485714	1
668	599	202	597	201	204	205	0.00531915	0	0.443956	2
669	436	177	435	175	204	205	0.00886525	0	0.389011	2
670	390	279	390	279	204	205	0	0	0.613187	1
671	400	238	399	236	204	205	0.00886525	0	0.523077	2
672	433	201	434	199	204	205	0.00886525	0	0.441758	1
673	611	206	609	206	204	205	0.0035461	0	0.452747	2
674	477	178	481	177	204	205	0.00886525	0	0.391209	1
675	429	159	432	161	204	205	0.0124113	0	0.349451	1
676	445	203	446	201	204	205	0.00886525	0	0.446154	1
677	593	192	592	191	204	205	0.0035461	0	0.421978	2
678	267	26	267	25	204	205	0.00177305	0	0.0571429	1
679	662	384	672	383	204	205	0.0195035	0	0.843956	1
680	418	280	418	279	204	205	0.00177305	0	0.615385	1