
0	468	229	461	225	277	280	0.023	0	0.503297	2
1	422	188	424	185	277	278	0.011	0	0.413187	1
2	183	449	182	449	277	278	0.001	0	0.986813	2
3	395	210	394	206	277	278	0.017	0	0.461538	2
4	416	253	377	239	277	288	0.235	0	0.556044	2
5	347	258	348	258	277	278	0.001	0	0.567033	1
6	447	237	444	232	277	279	0.028	0	0.520879	2
7	301	243	303	245	277	278	0.006	0	0.534066	1
8	313	240	314	241	277	279	0.002	0	0.527473	1
9	442	308	433	304	278	279	0.025	0	0.676923	2
10	396	167	392	165	278	279	0.008	0	0.367033	2
11	453	273	451	272	278	279	0.003	0	0.6	2
12	407	177	407	174	278	279	0.009	0	0.389011	1
13	407	153	403	152	278	279	0.005	0	0.336264	2
14	331	256	325	257	278	279	0.007	0	0.562637	2
15	254	354	253	357	278	279	0.01	0	0.778022	2
16	393	196	392	194	278	279	0.005	0	0.430769	2
17	199	401	206	398	278	286	0.016	0	0.881319	1
18	536	81	531	81	278	286	0.005	0	0.178022	2
19	378	243	374	242	278	280	0.005	0	0.534066	2
20	494	248	483	247	278	284	0.012	0	0.545055	2
21	515	181	507	181	278	280	0.008	0	0.397802	2
22	374	180	369	178	278	280	0.009	0	0.395604	2
23	458	206	452	205	279	280	0.007	0	0.452747	2
24	180	449	172	450	279	284	0.009	0	0.986813	2
25	451	252	450	247	279	280	0.026	0	0.553846	2
26	402	164	398	161	279	280	0.013	0	0.36044	2
27	425	181	425	178	279	280	0.009	0	0.397802	1
28	421	167	420	164	279	280	0.01	0	0.367033	2
29	395	204	395	201	279	280	0.009	0	0.448352	1
30	304	245	305	245	279	280	0.001	0	0.538462	1
31	368	220	365	217	279	280	0.012	0	0.483516	2
32	827	85	818	87	279	285	0.013	0	0.186813	2
33	363	205	358	204	279	281	0.006	0	0.450549	2
34	475	233	472	233	279	280	0.003	0	0.512088	2
35	388	182	384	180	279	280	0.008	0	0.4	2
36	182	211	180	210	279	280	0.003	0	0.463736	2
37	420	157	416	156	279	280	0.005	0	0.345055	2
38	201	176	196	176	279	284	0.005	0	0.386813	2
39	448	205	442	203	279	280	0.01	0	0.450549	2
40	377	210	373	206	279	281	0.02	0	0.461538	2
41	470	167	448	163	279	284	0.038	0	0.367033	2
42	451	242	447	237	279	280	0.029	0	0.531868	2
43	291	236	290	239	280	282	0.01	0	0.518681	2
44	451	273	434	259	280	287	0.213	0	0.6	2
45	414	299	404	296	280	281	0.019	0	0.657143	2
46	408	174	406	174	280	281	0.002	0	0.382418	2
47	188	156	185	157	280	282	0.004	0	0.342857	2
48	498	230	481	229	280	282	0.018	0	0.505495	2
49	495	204	492	205	280	281	0.004	0	0.448352	2
50	390	191	388	190	280	281	0.003	0	0.41978	2
51	385	203	382	202	280	281	0.004	0	0.446154	2
52	321	273	314	274	280	284	0.008	0	0.6	2
53	653	173	635	167	280	291	0.054	0	0.38022	2
54	281	294	286	291	280	285	0.014	0	0.646154	1
55	442	227	438	224	280	281	0.013	0	0.498901	2
56	449	188	445	186	280	281	0.008	0	0.413187	2
57	488	164	484	162	280	281	0.008	0	0.36044	2
58	397	126	393	127	280	284	0.005	0	0.276923	2
59	408	252	369	232	281	297	0.439	0	0.553846	2
60	394	201	394	199	281	282	0.004	0	0.441758	1
61	275	246	275	248	281	282	0.004	0	0.540659	1
62	436	203	429	202	281	282	0.008	0	0.446154	2
63	440	237	436	234	281	282	0.013	0	0.520879	2
64	394	162	389	161	281	282	0.006	0	0.356044	2
65	183	216	182	216	281	282	0.001	0	0.474725	2
66	183	179	181	181	281	283	0.006	0	0.393407	2
67	422	164	429	159	281	286	0.032	0	0.36044	1
68	504	170	496	170	281	283	0.008	0	0.373626	2
69	446	205	438	204	281	282	0.009	0	0.450549	2
70	417	96	417	98	281	284	0.004	0	0.210989	1
71	455	177	450	176	281	282	0.006	0	0.389011	2
72	412	155	407	153	281	282	0.009	0	0.340659	2
73	410	242	387	233	281	287	0.104	0	0.531868	2
74	698	115	682	117	281	297	0.02	0	0.252747	2
75	191	413	188	412	281	284	0.004	0	0.907692	2
76	390	236	384	236	281	282	0.006	0	0.518681	2
77	469	234	463	230	281	285	0.022	0	0.514286	2
78	375	188	373	188	282	283	0.002	0	0.413187	2
79	411	295	407	294	282	283	0.005	0	0.648352	2
80	310	239	312	236	282	283	0.011	0	0.525275	1
81	387	276	380	273	282	283	0.016	0	0.606593	2
82	373	208	373	207	282	283	0.001	0	0.457143	1
83	487	147	484	146	282	283	0.004	0	0.323077	2
84	482	160	480	157	282	283	0.011	0	0.351648	2
85	251	337	259	335	282	284	0.012	0	0.740659	1
86	187	197	187	197	282	283	0	0	0.432967	1
87	182	450	181	449	282	283	0.002	0	0.989011	2
88	353	229	354	228	282	283	0.002	0	0.503297	1
89	164	211	171	214	282	286	0.016	0	0.463736	1
90	476	281	480	274	282	287	0.053	0	0.617582	1
91	330	257	329	255	282	283	0.005	0	0.564835	2
92	339	267	346	269	282	284	0.011	0	0.586813	1
93	365	181	363	181	282	283	0.002	0	0.397802	2
94	650	228	651	230	283	284	0.005	0	0.501099	1
95	294	239	300	235	283	285	0.022	0	0.525275	1
96	463	288	461	282	283	284	0.038	0	0.632967	2
97	278	250	294	244	283	287	0.052	0	0.549451	1
98	368	217	370	215	283	284	0.006	0	0.476923	1
99	393	155	389	153	283	284	0.008	0	0.340659	2
100	383	163	379	161	283	284	0.008	0	0.358242	2
101	407	177	409	175	283	284	0.006	0	0.389011	1
102	418	311	416	306	283	284	0.027	0	0.683516	2
103	178	160	186	157	283	287	0.017	0	0.351648	1
104	391	188	392	185	283	284	0.01	0	0.413187	1
105	358	213	360	212	283	284	0.003	0	0.468132	1
106	394	198	396	195	283	284	0.011	0	0.435165	1
107	383	201	389	199	283	285	0.01	0	0.441758	1
108	244	333	255	330	283	285	0.02	0	0.731868	1
109	435	212	433	208	283	284	0.018	0	0.465934	2
110	642	193	638	193	283	284	0.004	0	0.424176	2
111	300	226	305	221	283	285	0.03	0	0.496703	1
112	261	327	362	320	283	295	0.15	0	0.718681	1
113	444	176	440	174	283	284	0.008	0	0.386813	2
114	529	196	529	184	283	288	0.144	0	0.430769	1
115	541	47	543	45	283	284	0.006	0	0.103297	1
116	429	230	422	227	284	285	0.016	0	0.505495	2
117	404	294	397	290	284	286	0.023	0	0.646154	2
118	315	234	317	232	284	285	0.006	0	0.514286	1
119	474	157	471	156	284	285	0.004	0	0.345055	2
120	238	405	246	405	284	287	0.008	0	0.89011	1
121	482	146	468	145	284	293	0.015	0	0.320879	2
122	168	234	172	235	284	286	0.005	0	0.514286	1
123	645	218	651	220	284	289	0.01	0	0.479121	1
124	186	455	187	454	284	286	0.002	0	1	1
125	183	187	188	188	284	286	0.006	0	0.410989	1
126	441	193	435	186	284	287	0.055	0	0.424176	2
127	189	156	195	154	284	287	0.01	0	0.342857	1
128	398	163	395	161	284	285	0.007	0	0.358242	2
129	378	178	376	177	284	285	0.003	0	0.391209	2
130	703	120	706	118	284	287	0.007	0	0.263736	1
131	763	375	785	369	284	288	0.058	0	0.824176	1
132	462	276	463	269	285	287	0.05	0	0.606593	1
133	452	195	448	193	285	286	0.008	0	0.428571	2
134	410	297	407	292	285	286	0.028	0	0.652747	2
135	368	212	374	211	285	286	0.007	0	0.465934	1
136	814	77	815	76	285	286	0.002	0	0.169231	1
137	400	192	404	191	285	286	0.005	0	0.421978	1
138	230	364	237	363	285	286	0.008	0	0.8	1
139	256	343	263	340	285	286	0.016	0	0.753846	1
140	626	190	632	179	285	289	0.127	0	0.417582	1
141	817	67	822	66	285	287	0.006	0	0.147253	1
142	477	185	474	183	285	286	0.007	0	0.406593	2
143	400	202	403	200	285	286	0.007	0	0.443956	1
144	432	206	430	203	285	286	0.011	0	0.452747	2
145	639	203	648	202	285	289	0.01	0	0.446154	1
146	244	339	251	337	285	286	0.011	0	0.745055	1
147	377	160	376	158	285	287	0.005	0	0.351648	2
148	481	244	477	235	285	287	0.085	0	0.536264	2
149	543	46	546	46	285	286	0.003	0	0.101099	1
150	373	190	376	190	285	286	0.003	0	0.417582	1
151	227	414	243	411	285	288	0.025	0	0.90989	1
152	347	223	357	222	285	287	0.011	0	0.49011	1
153	375	290	375	289	285	287	0.001	0	0.637363	1
154	654	232	660	227	286	288	0.031	0	0.50989	1
155	318	232	322	231	286	287	0.005	0	0.50989	1
156	355	258	348	248	286	287	0.107	0	0.567033	2
157	393	199	423	195	286	289	0.046	0	0.437363	1
158	821	88	825	86	286	287	0.008	0	0.193407	1
159	288	288	296	283	286	287	0.033	0	0.632967	1
160	392	157	392	155	286	287	0.004	0	0.345055	1
161	309	220	315	219	286	287	0.007	0	0.483516	1
162	633	213	645	217	286	289	0.028	0	0.468132	1
163	377	176	378	175	286	287	0.002	0	0.386813	1
164	399	173	401	171	286	287	0.006	0	0.38022	1
165	645	242	660	239	286	290	0.024	0	0.531868	1
166	646	187	645	185	286	287	0.005	0	0.410989	2
167	394	189	401	189	286	287	0.007	0	0.415385	1
168	390	271	390	270	286	287	0.001	0	0.595604	1
169	436	170	442	169	286	287	0.007	0	0.373626	1
170	446	95	477	88	286	294	0.08	0	0.208791	1
171	370	306	374	305	286	287	0.005	0	0.672527	1
172	466	154	471	152	287	288	0.009	0	0.338462	1
173	474	185	480	187	287	288	0.01	0	0.406593	1
174	414	188	427	186	287	288	0.017	0	0.413187	1
175	390	177	398	175	287	288	0.012	0	0.389011	1
176	193	455	203	453	287	288	0.014	0	1	1
177	274	339	291	337	287	288	0.021	0	0.745055	1
178	100	354	37	365	287	315	0.184	0	0.778022	2
179	761	392	786	388	287	293	0.041	0	0.861538	1
180	263	336	279	334	287	288	0.02	0	0.738462	1
181	751	384	772	379	287	290	0.046	0	0.843956	1
182	604	395	544	407	287	315	0.204	0	0.868132	2
183	367	232	373	228	287	288	0.022	0	0.50989	1
184	436	159	447	157	287	288	0.015	0	0.349451	1
185	176	198	188	197	287	288	0.013	0	0.435165	1
186	338	215	364	216	287	291	0.027	0	0.472527	1
187	497	156	504	156	287	288	0.007	0	0.342857	1
188	336	230	345	228	288	289	0.013	0	0.505495	1
189	260	404	266	403	288	289	0.007	0	0.887912	1
190	398	212	409	210	288	289	0.015	0	0.465934	1
191	703	146	709	144	288	289	0.01	0	0.320879	1
192	206	191	217	188	288	289	0.02	0	0.41978	1
193	319	229	330	226	288	289	0.02	0	0.503297	1
194	407	164	413	163	288	289	0.007	0	0.36044	1
195	182	236	190	234	288	289	0.012	0	0.518681	1
196	385	287	387	282	288	290	0.027	0	0.630769	1
197	305	242	337	232	288	298	0.132	0	0.531868	1
198	361	270	364	270	288	291	0.003	0	0.593407	1
199	322	242	333	241	288	289	0.012	0	0.531868	1
200	221	214	236	216	288	294	0.019	0	0.47033	1
201	381	173	386	175	288	290	0.009	0	0.38022	1
202	477	206	479	204	288	290	0.006	0	0.452747	1
203	383	157	385	162	288	291	0.027	0	0.345055	1
204	602	398	531	412	288	315	0.267	0	0.874725	2
205	585	254	518	267	288	315	0.236	0	0.558242	2
206	787	398	802	396	288	294	0.019	0	0.874725	1
207	465	257	470	253	288	289	0.021	0	0.564835	1
208	393	153	392	158	288	292	0.026	0	0.336264	2
209	542	79	550	79	288	291	0.008	0	0.173626	1
210	802	260	774	269	288	305	0.109	0	0.571429	2
211	579	36	612	34	288	294	0.037	0	0.0791209	1
212	714	163	718	161	288	290	0.008	0	0.358242	1
213	371	206	374	209	288	291	0.012	0	0.452747	1
214	373	40	310	52	288	315	0.207	0	0.0879121	2
215	507	375	455	386	288	310	0.173	0	0.824176	2
216	384	275	388	273	288	289	0.008	0	0.604396	1
217	531	252	464	265	288	315	0.236	0	0.553846	2
218	440	129	463	131	288	296	0.027	0	0.283516	1
219	509	179	507	179	288	289	0.002	0	0.393407	2
220	405	143	404	144	288	291	0.002	0	0.314286	2
221	378	230	371	226	289	291	0.023	0	0.505495	2
222	802	381	813	380	289	296	0.012	0	0.837363	1
223	197	409	195	409	289	290	0.002	0	0.898901	2
224	447	251	445	256	289	291	0.027	0	0.551648	2
225	311	286	310	283	289	295	0.01	0	0.628571	2
226	199	197	207	196	289	293	0.009	0	0.432967	1
227	453	230	451	229	289	290	0.003	0	0.505495	2
228	466	186	457	187	289	291	0.01	0	0.408791	2
229	452	180	449	179	289	290	0.004	0	0.395604	2
230	439	186	438	185	289	290	0.002	0	0.408791	2
231	457	162	460	162	289	290	0.003	0	0.356044	1
232	209	453	207	454	289	290	0.003	0	0.995604	2
233	211	151	211	151	289	290	0	0	0.331868	1
234	213	163	212	163	289	290	0.001	0	0.358242	2
235	469	271	469	273	290	294	0.004	0	0.595604	1
236	334	228	344	228	290	293	0.01	0	0.501099	1
237	411	210	416	209	290	292	0.006	0	0.461538	1
238	195	450	195	451	290	294	0.001	0	0.989011	1
239	450	169	449	170	290	291	0.002	0	0.371429	2
240	314	340	316	339	290	291	0.003	0	0.747253	1
241	428	175	422	174	290	291	0.007	0	0.384615	2
242	427	194	427	193	290	291	0.001	0	0.426374	1
243	249	413	248	411	290	292	0.005	0	0.907692	2
244	707	146	696	156	290	295	0.111	0	0.320879	2
245	220	184	232	179	290	296	0.037	0	0.404396	1
246	581	42	583	43	290	291	0.003	0	0.0923077	1
247	455	70	462	70	290	296	0.007	0	0.153846	1
248	302	336	304	336	290	291	0.002	0	0.738462	1
249	346	217	346	218	290	291	0.001	0	0.476923	1
250	186	242	186	240	290	291	0.004	0	0.531868	1
251	638	182	632	182	290	291	0.006	0	0.4	2
252	421	212	422	211	290	291	0.002	0	0.465934	1
253	410	198	414	197	290	292	0.005	0	0.435165	1
254	413	244	409	246	290	291	0.008	0	0.536264	2
255	290	363	294	363	290	291	0.004	0	0.797802	1
256	652	179	640	179	290	292	0.012	0	0.393407	2
257	415	233	411	236	290	291	0.013	0	0.512088	2
258	179	447	175	448	290	296	0.005	0	0.982418	2
259	207	414	203	415	290	296	0.005	0	0.90989	2
260	399	212	403	211	291	292	0.005	0	0.465934	1
261	637	225	620	215	291	293	0.117	0	0.494505	2
262	192	411	191	411	291	292	0.001	0	0.903297	2
263	209	153	210	153	291	298	0.001	0	0.336264	1
264	657	240	656	235	291	295	0.026	0	0.527473	2
265	451	160	448	156	291	296	0.019	0	0.351648	2
266	382	283	376	280	291	293	0.015	0	0.621978	2
267	475	238	474	237	291	292	0.002	0	0.523077	2
268	461	164	464	162	291	294	0.007	0	0.36044	1
269	201	450	200	450	291	292	0.001	0	0.989011	2
270	445	82	435	102	291	308	0.41	0	0.18022	2
271	471	206	465	205	291	292	0.007	0	0.452747	2
272	337	284	346	285	291	293	0.01	0	0.624176	1
273	397	191	396	190	291	292	0.002	0	0.41978	2
274	715	165	714	165	291	295	0.001	0	0.362637	2
275	436	168	434	166	291	292	0.006	0	0.369231	2
276	450	173	450	168	292	296	0.025	0	0.38022	1
277	446	259	448	258	292	295	0.003	0	0.569231	1
278	623	182	621	180	292	293	0.006	0	0.4	2
279	322	339	339	338	292	294	0.018	0	0.745055	1
280	372	231	372	229	292	293	0.004	0	0.507692	1
281	264	402	283	396	292	294	0.055	0	0.883516	1
282	350	218	357	217	292	293	0.008	0	0.479121	1
283	388	228	371	220	292	297	0.081	0	0.501099	2
284	384	194	385	194	292	293	0.001	0	0.426374	1
285	419	174	419	170	292	294	0.016	0	0.382418	1
286	402	144	391	149	292	295	0.036	0	0.316484	2
287	201	174	203	172	292	297	0.006	0	0.382418	1
288	402	162	404	163	292	293	0.003	0	0.356044	1
289	383	169	384	171	292	293	0.005	0	0.371429	1
290	430	179	431	177	292	293	0.005	0	0.393407	1
291	720	155	721	153	292	293	0.005	0	0.340659	1
292	194	218	198	217	292	293	0.005	0	0.479121	1
293	410	211	417	209	293	295	0.011	0	0.463736	1
294	641	222	637	220	293	295	0.008	0	0.487912	2
295	622	205	612	198	293	295	0.059	0	0.450549	2
296	418	193	419	191	293	294	0.005	0	0.424176	1
297	195	413	192	412	293	296	0.004	0	0.907692	2
298	425	207	431	205	293	294	0.01	0	0.454945	1
299	202	207	209	205	293	295	0.011	0	0.454945	1
300	441	161	441	160	293	294	0.001	0	0.353846	1
301	322	419	306	424	293	300	0.041	0	0.920879	2
302	321	334	329	334	293	294	0.008	0	0.734066	1
303	446	120	456	122	293	296	0.014	0	0.263736	1
304	596	46	602	45	293	294	0.007	0	0.101099	1
305	400	218	403	216	293	294	0.007	0	0.479121	1
306	204	451	201	450	293	296	0.004	0	0.991209	2
307	25	420	24	419	293	295	0.002	0	0.923077	2
308	778	378	785	373	293	297	0.032	0	0.830769	1
309	588	82	588	83	293	295	0.001	0	0.18022	1
310	463	81	466	81	293	294	0.003	0	0.178022	1
311	380	212	356	206	293	298	0.06	0	0.465934	2
312	562	76	572	74	293	294	0.014	0	0.167033	1
313	586	53	591	52	293	294	0.006	0	0.116484	1
314	638	179	630	176	293	295	0.017	0	0.393407	2
315	268	419	275	412	294	295	0.056	0	0.920879	1
316	371	227	367	226	294	295	0.005	0	0.498901	2
317	616	210	478	201	294	313	0.219	0	0.461538	2
318	397	278	390	277	294	296	0.008	0	0.610989	2
319	388	158	382	157	294	295	0.007	0	0.347253	2
320	462	115	465	116	294	295	0.004	0	0.252747	1
321	269	400	306	389	294	297	0.158	0	0.879121	1
322	348	227	352	224	294	295	0.013	0	0.498901	1
323	327	402	332	405	294	295	0.014	0	0.883516	1
324	369	274	364	272	294	295	0.009	0	0.602198	2
325	411	274	403	275	294	297	0.009	0	0.602198	2
326	403	164	399	163	294	295	0.005	0	0.36044	2
327	716	148	709	151	294	295	0.016	0	0.325275	2
328	797	382	790	375	294	299	0.056	0	0.83956	2
329	170	436	165	436	294	296	0.005	0	0.958242	2
330	238	211	245	200	295	303	0.128	0	0.463736	1
331	345	339	350	340	295	296	0.006	0	0.745055	1
332	440	160	430	157	295	297	0.019	0	0.351648	2
333	594	54	595	54	295	296	0.001	0	0.118681	1
334	434	203	434	202	295	296	0.001	0	0.446154	1
335	370	282	359	281	295	297	0.012	0	0.61978	2
336	606	45	607	45	295	296	0.001	0	0.0989011	1
337	414	174	409	173	295	296	0.006	0	0.382418	2
338	335	333	344	336	295	297	0.018	0	0.731868	1
339	351	280	347	279	295	297	0.005	0	0.615385	2
340	195	236	188	231	295	298	0.032	0	0.518681	2
341	374	189	365	191	295	297	0.013	0	0.415385	2
342	398	236	397	238	295	296	0.005	0	0.518681	2
343	685	123	671	124	295	297	0.015	0	0.27033	2
344	466	246	457	244	295	297	0.013	0	0.540659	2
345	615	407	541	418	295	315	0.195	0	0.894505	2
346	455	182	447	180	295	297	0.012	0	0.4	2
347	480	190	471	190	295	296	0.009	0	0.417582	2
348	419	210	400	205	296	300	0.044	0	0.461538	2
349	469	86	467	88	296	297	0.006	0	0.189011	2
350	362	225	355	224	296	297	0.008	0	0.494505	2
351	332	406	328	408	296	297	0.008	0	0.892308	2
352	210	204	209	203	296	297	0.002	0	0.448352	2
353	422	176	416	176	296	297	0.006	0	0.386813	2
354	434	168	429	166	296	297	0.009	0	0.369231	2
355	588	83	580	83	296	298	0.008	0	0.182418	2
356	631	220	621	221	296	297	0.011	0	0.483516	2
357	468	120	445	139	296	308	0.384	0	0.263736	2
358	358	269	353	269	296	297	0.005	0	0.591209	2
359	458	158	444	155	296	298	0.023	0	0.347253	2
360	409	201	400	201	296	298	0.009	0	0.441758	2
361	376	157	368	159	296	297	0.012	0	0.345055	2
362	381	175	375	177	296	297	0.01	0	0.384615	2
363	200	217	195	218	296	297	0.006	0	0.476923	2
364	379	266	376	266	296	297	0.003	0	0.584615	2
365	321	420	290	416	296	300	0.047	0	0.923077	2
366	786	396	786	395	296	297	0.001	0	0.87033	1
367	358	330	362	330	296	299	0.004	0	0.725275	1
368	609	176	600	176	296	297	0.009	0	0.386813	2
369	608	47	606	47	297	298	0.002	0	0.103297	2
370	314	272	309	257	297	300	0.23	0	0.597802	2
371	356	343	358	342	297	299	0.003	0	0.753846	1
372	386	279	368	278	297	299	0.019	0	0.613187	2
373	442	158	433	157	297	298	0.01	0	0.347253	2
374	421	199	404	194	297	300	0.042	0	0.437363	2
375	432	204	428	204	297	298	0.004	0	0.448352	2
376	332	360	331	360	297	298	0.001	0	0.791209	2
377	232	180	237	179	297	304	0.006	0	0.395604	1
378	782	437	765	429	297	301	0.081	0	0.96044	2
379	161	436	132	434	297	300	0.033	0	0.958242	2
380	457	264	422	253	297	302	0.156	0	0.58022	2
381	460	73	438	84	297	302	0.143	0	0.16044	2
382	457	125	438	129	297	304	0.035	0	0.274725	2
383	409	165	387	161	297	299	0.038	0	0.362637	2
384	395	229	387	229	297	298	0.008	0	0.503297	2
385	611	209	561	211	297	300	0.054	0	0.459341	2
386	226	208	216	206	297	299	0.014	0	0.457143	2
387	216	192	213	191	297	298	0.004	0	0.421978	2
388	189	218	168	216	298	300	0.025	0	0.479121	2
389	463	92	455	93	298	299	0.009	0	0.202198	2
390	352	278	341	276	298	299	0.015	0	0.610989	2
391	408	178	383	174	298	300	0.041	0	0.391209	2
392	374	323	484	327	298	315	0.126	0	0.70989	1
393	688	161	639	164	298	304	0.058	0	0.353846	2
394	430	167	418	165	298	299	0.016	0	0.367033	2
395	322	410	312	408	298	299	0.014	0	0.901099	2
396	413	154	381	151	298	301	0.041	0	0.338462	2
397	600	79	595	84	298	300	0.03	0	0.173626	2
398	376	265	350	261	298	301	0.042	0	0.582418	2
399	396	176	384	174	298	299	0.016	0	0.386813	2
400	386	242	376	240	298	299	0.014	0	0.531868	2
401	662	126	592	131	298	306	0.095	0	0.276923	2
402	401	215	383	212	298	300	0.027	0	0.472527	2
403	357	194	345	192	298	299	0.016	0	0.426374	2
404	388	272	379	269	298	299	0.018	0	0.597802	2
405	213	206	198	206	298	301	0.015	0	0.452747	2
406	620	38	650	54	298	315	0.286	0	0.0835165	1
407	433	146	399	145	298	302	0.035	0	0.320879	2
408	332	389	325	389	298	299	0.007	0	0.854945	2
409	468	265	439	258	298	301	0.078	0	0.582418	2
410	197	173	172	191	298	307	0.349	0	0.38022	2
411	341	268	332	262	298	299	0.045	0	0.589011	2
412	323	266	321	260	298	299	0.038	0	0.584615	2
413	360	220	249	226	298	315	0.147	0	0.483516	2
414	358	161	344	161	298	299	0.014	0	0.353846	2
415	202	226	192	220	298	300	0.046	0	0.496703	2
416	420	174	410	172	298	299	0.014	0	0.382418	2
417	445	272	425	265	298	300	0.069	0	0.597802	2
418	337	280	312	279	298	302	0.026	0	0.615385	2
419	786	397	777	394	298	299	0.018	0	0.872527	2
420	380	291	348	289	298	301	0.036	0	0.63956	2
421	423	156	411	153	298	299	0.021	0	0.342857	2
422	434	156	421	154	299	300	0.017	0	0.342857	2
423	204	153	203	172	299	304	0.362	0	0.336264	2
424	335	362	335	361	299	300	0.001	0	0.795604	1
425	444	241	424	237	299	301	0.036	0	0.52967	2
426	421	155	408	154	299	300	0.014	0	0.340659	2
427	801	377	806	374	299	303	0.014	0	0.828571	1
428	334	212	317	218	299	302	0.053	0	0.465934	2
429	776	371	770	369	299	302	0.01	0	0.815385	2
430	346	205	332	205	299	300	0.014	0	0.450549	2
431	596	47	593	48	300	301	0.004	0	0.103297	2
432	374	161	365	161	300	301	0.009	0	0.353846	2
433	359	341	364	340	300	301	0.006	0	0.749451	1
434	333	269	328	272	300	301	0.014	0	0.591209	2
435	305	406	317	402	300	302	0.028	0	0.892308	1
436	417	200	412	199	300	301	0.006	0	0.43956	2
437	203	138	164	169	300	314	1	0	0.303297	2
438	370	265	369	263	300	301	0.005	0	0.582418	2
439	448	93	443	95	300	301	0.009	0	0.204396	2
440	355	246	348	247	300	301	0.008	0	0.540659	2
441	823	82	821	84	300	302	0.006	0	0.18022	2
442	827	309	790	314	300	306	0.062	0	0.679121	2
443	454	65	444	81	300	315	0.266	0	0.142857	2
444	777	356	797	351	300	315	0.045	0	0.782418	1
445	825	63	822	64	300	302	0.004	0	0.138462	2
446	337	172	324	172	300	301	0.013	0	0.378022	2
447	633	150	618	161	300	304	0.136	0	0.32967	2
448	397	205	401	206	301	302	0.005	0	0.450549	1
449	395	273	404	280	301	304	0.058	0	0.6	1
450	365	183	365	183	301	302	0	0	0.402198	1
451	410	165	409	167	301	302	0.005	0	0.362637	2
452	401	195	413	198	301	306	0.021	0	0.428571	1
453	400	154	403	159	301	303	0.028	0	0.338462	1
454	375	174	386	177	301	304	0.02	0	0.382418	1
455	382	205	385	206	301	302	0.004	0	0.450549	1
456	163	219	165	221	301	302	0.006	0	0.481319	1
457	412	155	417	163	301	304	0.069	0	0.340659	1
458	363	418	378	432	301	309	0.211	0	0.918681	1
459	350	277	349	278	301	302	0.002	0	0.608791	2
460	767	382	772	379	301	302	0.014	0	0.83956	1
461	290	413	300	408	301	302	0.035	0	0.907692	1
462	826	201	826	202	301	302	0.001	0	0.441758	1
463	353	400	384	410	301	303	0.131	0	0.879121	1
464	342	219	339	220	301	302	0.004	0	0.481319	2
465	779	373	798	367	301	315	0.055	0	0.81978	1
466	332	277	335	280	302	303	0.012	0	0.608791	1
467	773	449	779	448	302	303	0.007	0	0.986813	1
468	349	176	349	179	302	303	0.009	0	0.386813	1
469	347	290	328	302	302	310	0.163	0	0.637363	2
470	322	285	326	287	302	303	0.008	0	0.626374	1
471	391	192	403	195	302	304	0.021	0	0.421978	1
472	365	339	393	340	302	304	0.029	0	0.745055	1
473	401	217	408	219	302	306	0.011	0	0.476923	1
474	816	270	772	274	302	307	0.06	0	0.593407	2
475	351	263	355	268	302	303	0.029	0	0.578022	1
476	547	180	518	175	302	308	0.054	0	0.395604	2
477	317	295	323	295	302	305	0.006	0	0.648352	1
478	446	101	453	104	302	303	0.016	0	0.221978	1
479	360	193	366	194	302	303	0.007	0	0.424176	1
480	338	188	339	191	302	303	0.01	0	0.413187	1
481	767	414	787	416	302	304	0.024	0	0.90989	1
482	321	232	327	237	302	304	0.031	0	0.50989	1
483	622	174	627	180	302	304	0.041	0	0.382418	1
484	398	166	401	168	302	303	0.007	0	0.364835	1
485	770	432	789	430	302	305	0.023	0	0.949451	1
486	812	105	824	105	302	305	0.012	0	0.230769	1
487	408	208	410	207	303	306	0.003	0	0.457143	1
488	370	184	375	184	303	304	0.005	0	0.404396	1
489	352	165	352	165	303	304	0	0	0.362637	1
490	353	283	317	290	303	311	0.085	0	0.621978	2
491	395	204	401	205	303	304	0.007	0	0.448352	1
492	370	154	371	155	303	304	0.002	0	0.338462	1
493	370	173	374	173	303	304	0.004	0	0.38022	1
494	379	219	387	219	303	304	0.008	0	0.481319	1
495	398	184	400	184	303	304	0.002	0	0.404396	1
496	323	191	323	192	303	304	0.001	0	0.41978	1
497	315	417	363	413	303	306	0.064	0	0.916484	1
498	621	117	509	133	303	315	0.368	0	0.257143	2
499	327	175	328	178	303	304	0.01	0	0.384615	1
500	779	369	781	369	303	307	0.002	0	0.810989	1
501	560	177	559	176	303	304	0.002	0	0.389011	2
502	333	211	334	214	303	305	0.01	0	0.463736	1
503	171	223	160	223	303	308	0.011	0	0.49011	2
504	438	139	442	139	303	304	0.004	0	0.305495	1
505	827	269	824	268	303	304	0.004	0	0.591209	2
506	407	162	405	164	304	305	0.006	0	0.356044	2
507	336	281	332	281	304	305	0.004	0	0.617582	2
508	426	208	418	211	304	306	0.017	0	0.457143	2
509	217	206	220	206	304	305	0.003	0	0.452747	1
510	458	108	459	110	304	305	0.005	0	0.237363	1
511	363	232	354	237	304	305	0.034	0	0.50989	2
512	384	428	366	420	304	309	0.082	0	0.940659	2
513	786	447	793	444	304	306	0.016	0	0.982418	1
514	813	374	812	368	304	315	0.037	0	0.821978	2
515	223	194	225	191	304	307	0.011	0	0.426374	1
516	346	218	344	219	304	305	0.003	0	0.479121	2
517	379	349	394	351	304	307	0.019	0	0.767033	1
518	392	415	390	417	304	305	0.006	0	0.912088	2
519	552	192	548	192	304	305	0.004	0	0.421978	2
520	197	193	196	195	304	305	0.005	0	0.424176	2
521	400	249	401	250	304	305	0.002	0	0.547253	1
522	359	167	341	167	305	307	0.018	0	0.367033	2
523	367	223	361	222	305	307	0.007	0	0.49011	2
524	349	166	322	165	305	308	0.028	0	0.364835	2
525	374	175	369	175	305	306	0.005	0	0.384615	2
526	194	176	188	177	305	306	0.007	0	0.386813	2
527	242	178	245	184	305	313	0.039	0	0.391209	1
528	206	222	177	224	305	311	0.033	0	0.487912	2
529	402	341	408	341	305	307	0.006	0	0.749451	1
530	321	185	315	185	305	306	0.006	0	0.406593	2
531	364	198	360	199	305	306	0.005	0	0.435165	2
532	623	54	624	54	305	306	0.001	0	0.118681	1
533	619	70	619	70	305	306	0	0	0.153846	1
534	204	174	191	176	305	307	0.017	0	0.382418	2
535	135	443	91	446	305	315	0.053	0	0.973626	2
536	322	207	313	208	305	306	0.01	0	0.454945	2
537	454	89	433	89	305	312	0.021	0	0.195604	2
538	369	185	363	185	306	307	0.006	0	0.406593	2
539	457	113	448	113	306	308	0.009	0	0.248352	2
540	400	165	391	163	306	307	0.013	0	0.362637	2
541	352	238	349	237	306	307	0.004	0	0.523077	2
542	214	207	213	206	306	307	0.002	0	0.454945	2
543	341	243	331	249	306	307	0.046	0	0.534066	2
544	387	368	390	367	306	307	0.004	0	0.808791	1
545	456	102	445	101	306	309	0.012	0	0.224176	2
546	398	201	392	199	306	307	0.01	0	0.441758	2
547	363	242	361	241	306	308	0.003	0	0.531868	2
548	338	223	308	227	306	310	0.046	0	0.49011	2
549	628	92	622	101	306	310	0.087	0	0.202198	2
550	823	108	824	109	306	308	0.002	0	0.237363	1
551	599	93	597	90	306	307	0.011	0	0.204396	2
552	525	173	471	167	306	314	0.09	0	0.38022	2
553	317	239	307	239	306	307	0.01	0	0.525275	2
554	797	256	697	250	306	315	0.136	0	0.562637	2
555	318	218	293	220	306	309	0.029	0	0.479121	2
556	228	232	227	231	306	308	0.002	0	0.50989	2
557	418	344	430	343	306	309	0.013	0	0.756044	1
558	441	129	436	136	306	312	0.054	0	0.283516	2
559	794	384	789	385	306	309	0.006	0	0.843956	2
560	390	162	382	161	306	307	0.009	0	0.356044	2
561	393	271	388	268	307	308	0.014	0	0.595604	2
562	243	198	244	203	307	310	0.026	0	0.435165	1
563	405	206	398	207	307	308	0.008	0	0.452747	2
564	625	57	626	59	307	309	0.005	0	0.125275	1
565	364	175	358	175	307	308	0.006	0	0.384615	2
566	371	211	371	212	307	309	0.001	0	0.463736	1
567	354	201	348	201	307	308	0.006	0	0.441758	2
568	339	274	331	275	307	308	0.009	0	0.602198	2
569	827	89	822	91	307	309	0.009	0	0.195604	2
570	407	196	398	197	307	309	0.01	0	0.430769	2
571	312	185	298	188	307	309	0.023	0	0.406593	2
572	821	210	789	214	307	315	0.048	0	0.461538	2
573	606	166	597	165	307	308	0.01	0	0.364835	2
574	783	406	791	405	307	315	0.009	0	0.892308	1
575	789	319	740	313	307	312	0.085	0	0.701099	2
576	406	255	404	254	307	308	0.003	0	0.56044	2
577	395	184	390	186	307	308	0.009	0	0.404396	2
578	788	421	792	411	307	315	0.104	0	0.925275	1
579	348	237	349	237	308	309	0.001	0	0.520879	1
580	822	197	796	201	308	315	0.042	0	0.432967	2
581	361	223	363	223	308	309	0.002	0	0.49011	1
582	386	174	381	174	308	309	0.005	0	0.382418	2
583	332	167	300	169	308	312	0.036	0	0.367033	2
584	385	222	387	221	308	309	0.003	0	0.487912	1
585	380	161	369	163	308	310	0.015	0	0.353846	2
586	184	178	178	178	308	309	0.006	0	0.391209	2
587	381	279	376	280	308	310	0.006	0	0.613187	2
588	354	267	361	266	308	309	0.008	0	0.586813	1
589	406	370	415	369	308	309	0.01	0	0.813187	1
590	567	161	496	168	308	315	0.12	0	0.353846	2
591	303	243	275	240	308	312	0.037	0	0.534066	2
592	780	371	785	365	308	315	0.041	0	0.815385	1
593	341	280	338	280	308	309	0.003	0	0.615385	2
594	826	70	822	70	309	315	0.004	0	0.153846	2
595	137	420	134	420	309	310	0.003	0	0.923077	2
596	807	437	811	436	309	310	0.005	0	0.96044	1
597	312	169	307	170	309	310	0.006	0	0.371429	2
598	327	278	302	276	309	312	0.029	0	0.610989	2
599	435	101	434	100	309	310	0.002	0	0.221978	2
600	403	256	404	255	309	310	0.002	0	0.562637	1
601	345	203	337	201	309	311	0.012	0	0.446154	2
602	147	422	144	422	309	310	0.003	0	0.927473	2
603	419	341	425	341	309	310	0.006	0	0.749451	1
604	225	193	226	194	309	310	0.002	0	0.424176	1
605	606	89	614	90	309	310	0.009	0	0.195604	1
606	749	297	720	293	309	312	0.045	0	0.652747	2
607	514	175	482	171	309	314	0.048	0	0.384615	2
608	514	159	473	161	309	315	0.045	0	0.349451	2
609	448	145	446	145	309	310	0.002	0	0.318681	2
610	367	224	383	221	310	315	0.025	0	0.492308	1
611	351	238	353	237	310	311	0.003	0	0.523077	1
612	413	202	412	200	310	311	0.005	0	0.443956	2
613	394	209	393	208	310	311	0.002	0	0.459341	2
614	292	180	287	181	310	311	0.006	0	0.395604	2
615	335	281	327	277	310	314	0.024	0	0.617582	2
616	629	62	630	62	310	311	0.001	0	0.136264	1
617	376	431	379	424	310	311	0.052	0	0.947253	1
618	388	268	387	269	310	311	0.002	0	0.589011	2
619	399	197	397	195	310	312	0.006	0	0.432967	2
620	378	214	383	211	310	312	0.014	0	0.47033	1
621	437	343	448	346	310	312	0.02	0	0.753846	1
622	445	102	443	101	310	311	0.003	0	0.224176	2
623	393	219	395	216	310	311	0.011	0	0.481319	1
624	373	413	380	405	310	311	0.071	0	0.907692	1
625	824	96	825	99	310	311	0.01	0	0.210989	1
626	173	177	165	175	310	311	0.012	0	0.389011	2
627	504	197	497	195	310	311	0.011	0	0.432967	2
628	234	212	235	212	310	311	0.001	0	0.465934	1
629	341	171	335	170	310	311	0.007	0	0.375824	2
630	276	234	256	233	310	312	0.021	0	0.514286	2
631	352	176	339	174	310	312	0.017	0	0.386813	2
632	341	234	330	235	310	312	0.012	0	0.514286	2
633	289	192	281	195	310	311	0.017	0	0.421978	2
634	158	445	139	446	310	315	0.02	0	0.978022	2
635	348	186	340	184	311	312	0.012	0	0.408791	2
636	355	200	327	197	311	314	0.037	0	0.43956	2
637	816	437	807	439	311	313	0.013	0	0.96044	2
638	320	160	284	165	311	315	0.061	0	0.351648	2
639	286	282	263	287	311	315	0.048	0	0.61978	2
640	433	100	426	107	311	315	0.056	0	0.21978	2
641	358	167	348	168	311	312	0.011	0	0.367033	2
642	300	226	290	224	311	312	0.014	0	0.496703	2
643	406	214	402	211	311	312	0.013	0	0.47033	2
644	795	434	795	429	311	313	0.025	0	0.953846	1
645	444	150	440	156	311	315	0.04	0	0.32967	2
646	353	211	343	211	311	312	0.01	0	0.463736	2
647	156	229	136	234	311	315	0.045	0	0.503297	2
648	371	176	346	179	311	314	0.034	0	0.386813	2
649	432	340	444	343	311	313	0.021	0	0.747253	1
650	245	205	244	205	311	312	0.001	0	0.450549	2
651	160	218	140	224	311	315	0.056	0	0.479121	2
652	628	76	634	77	311	314	0.007	0	0.167033	1
653	789	382	788	379	311	313	0.01	0	0.83956	2
654	355	236	356	234	312	313	0.005	0	0.518681	1
655	280	183	273	184	312	313	0.008	0	0.402198	2
656	411	199	409	197	312	313	0.006	0	0.437363	2
657	441	102	436	108	312	315	0.041	0	0.224176	2
658	632	62	632	62	312	313	0	0	0.136264	1
659	161	175	150	180	312	314	0.036	0	0.384615	2
660	461	435	452	437	312	315	0.013	0	0.956044	2
661	234	212	233	210	312	313	0.005	0	0.465934	2
662	461	417	461	419	312	314	0.004	0	0.916484	1
663	728	315	712	313	312	313	0.02	0	0.692308	2
664	447	332	460	334	312	314	0.017	0	0.72967	1
665	492	190	485	188	312	313	0.011	0	0.417582	2
666	451	107	448	112	312	315	0.028	0	0.235165	2
667	183	177	169	180	312	315	0.023	0	0.389011	2
668	325	225	319	226	312	313	0.007	0	0.494505	2
669	235	182	237	185	312	315	0.011	0	0.4	1
670	273	199	260	203	312	314	0.029	0	0.437363	2
671	266	238	250	236	313	315	0.02	0	0.523077	2
672	396	194	396	194	313	314	0	0	0.426374	1
673	476	435	470	437	313	315	0.01	0	0.956044	2
674	335	210	324	209	313	314	0.012	0	0.461538	2
675	339	176	331	175	313	314	0.009	0	0.386813	2
676	401	408	419	408	313	314	0.018	0	0.896703	1
677	457	347	465	349	313	314	0.012	0	0.762637	1
678	323	169	310	170	313	315	0.014	0	0.371429	2
679	123	421	117	422	313	315	0.007	0	0.925275	2
680	815	114	812	114	313	314	0.003	0	0.250549	2
681	281	161	265	168	313	315	0.065	0	0.353846	2
682	167	191	163	192	313	314	0.005	0	0.41978	2
683	439	371	445	372	313	314	0.007	0	0.815385	1
684	462	336	477	337	313	315	0.016	0	0.738462	1
685	247	236	239	236	313	314	0.008	0	0.518681	2
686	343	166	334	167	313	314	0.01	0	0.364835	2
687	257	281	251	282	314	315	0.007	0	0.617582	2
688	156	221	153	222	314	315	0.004	0	0.485714	2
689	820	97	819	99	314	315	0.005	0	0.213187	2
690	385	208	389	208	314	315	0.004	0	0.457143	1
691	249	185	250	186	314	315	0.002	0	0.406593	1
692	311	179	304	181	314	315	0.011	0	0.393407	2
693	297	197	295	197	314	315	0.002	0	0.432967	2
694	452	352	460	352	314	315	0.008	0	0.773626	1
695	132	425	129	426	314	315	0.004	0	0.934066	2
696	804	384	806	384	314	315	0.002	0	0.843956	1