
0	486	198	486	198	167	168	0	0	0.435165	1
1	718	454	718	454	167	178	0	0	0.997802	1
2	401	24	402	24	167	171	0.00239234	0	0.0527473	1
3	769	253	802	246	167	199	0.196172	0	0.556044	1
4	434	195	434	193	168	169	0.00956938	0	0.428571	1
5	268	144	268	150	168	174	0.0861244	0	0.316484	1
6	250	27	252	25	168	191	0.0143541	0	0.0593407	1
7	476	198	472	195	168	170	0.0311005	0	0.435165	2
8	376	29	376	28	168	176	0.00239234	0	0.0637363	1
9	578	310	586	307	169	171	0.0406699	0	0.681319	1
10	502	212	497	210	169	170	0.0215311	0	0.465934	2
11	815	455	814	454	169	173	0.00478469	0	1	2
12	480	186	478	184	169	170	0.0143541	0	0.408791	2
13	428	180	427	178	169	170	0.0119617	0	0.395604	2
14	499	223	496	221	169	173	0.0167464	0	0.49011	2
15	398	194	397	192	169	170	0.0119617	0	0.426374	2
16	409	202	411	192	169	174	0.244019	0	0.443956	1
17	565	326	581	324	170	175	0.0478469	0	0.716484	1
18	374	179	377	174	170	172	0.0669856	0	0.393407	1
19	395	204	396	204	170	172	0.00239234	0	0.448352	1
20	426	219	423	217	170	171	0.0167464	0	0.481319	2
21	710	381	709	381	170	171	0.00239234	0	0.837363	2
22	428	201	430	197	170	172	0.0430622	0	0.441758	1
23	249	152	249	152	170	171	0	0	0.334066	1
24	412	249	412	248	170	171	0.00239234	0	0.547253	1
25	510	218	485	205	170	179	0.464115	0	0.479121	2
26	211	72	218	74	170	179	0.0263158	0	0.158242	1
27	431	238	431	238	171	172	0	0	0.523077	1
28	568	367	569	366	171	175	0.00478469	0	0.806593	1
29	376	156	381	152	171	180	0.0502392	0	0.342857	1
30	476	185	473	183	171	172	0.0167464	0	0.406593	2
31	423	248	420	246	172	173	0.0167464	0	0.545055	2
32	590	305	593	302	172	173	0.0287081	0	0.67033	1
33	263	119	250	118	172	177	0.0334928	0	0.261538	2
34	420	258	418	256	172	173	0.0143541	0	0.567033	2
35	412	220	407	215	172	174	0.0717703	0	0.483516	2
36	541	258	540	258	172	173	0.00239234	0	0.567033	2
37	587	294	681	276	172	189	1	0	0.646154	1
38	367	183	369	179	172	176	0.0430622	0	0.402198	1
39	545	354	547	356	172	173	0.0143541	0	0.778022	1
40	371	144	372	142	172	177	0.0119617	0	0.316484	1
41	458	176	453	173	172	174	0.0334928	0	0.386813	2
42	465	193	461	191	173	174	0.0191388	0	0.424176	2
43	424	213	422	212	173	174	0.00717703	0	0.468132	2
44	157	175	157	174	173	181	0.00239234	0	0.384615	1
45	432	242	431	242	173	177	0.00239234	0	0.531868	2
46	655	218	647	216	173	184	0.0287081	0	0.479121	2
47	396	206	396	207	173	174	0.00239234	0	0.452747	1
48	390	187	390	187	173	177	0	0	0.410989	1
49	399	174	399	174	173	174	0	0	0.382418	1
50	401	26	401	26	173	176	0	0	0.0571429	1
51	541	229	537	229	173	174	0.00956938	0	0.503297	2
52	247	127	243	127	173	175	0.00956938	0	0.279121	2
53	299	107	306	109	173	176	0.0263158	0	0.235165	1
54	162	160	158	158	173	179	0.0191388	0	0.351648	2
55	343	195	339	195	173	192	0.00956938	0	0.428571	2
56	419	244	415	241	174	176	0.0311005	0	0.536264	2
57	161	216	160	217	174	179	0.00478469	0	0.474725	2
58	597	301	607	297	174	177	0.062201	0	0.661538	1
59	495	221	484	217	174	177	0.0645933	0	0.485714	2
60	476	186	443	183	174	185	0.100478	0	0.408791	2
61	549	349	558	350	174	175	0.0239234	0	0.767033	1
62	382	172	382	171	174	176	0.00239234	0	0.378022	1
63	540	259	539	259	174	175	0.00239234	0	0.569231	2
64	397	207	397	207	175	176	0	0	0.454945	1
65	421	210	417	209	175	177	0.0119617	0	0.461538	2
66	312	115	311	116	175	176	0.00478469	0	0.252747	2
67	422	170	419	168	175	177	0.0167464	0	0.373626	2
68	463	182	453	180	175	179	0.0334928	0	0.4	2
69	401	175	400	175	175	176	0.00239234	0	0.384615	2
70	266	152	247	152	175	180	0.0454545	0	0.334066	2
71	535	230	520	229	175	179	0.0382775	0	0.505495	2
72	457	192	451	189	175	177	0.0358852	0	0.421978	2
73	561	55	570	55	175	188	0.0215311	0	0.120879	1
74	423	151	421	148	175	176	0.0263158	0	0.331868	2
75	482	215	474	213	175	177	0.0287081	0	0.472527	2
76	586	297	604	293	175	179	0.0813397	0	0.652747	1
77	722	378	721	378	175	176	0.00239234	0	0.830769	2
78	295	35	307	28	175	194	0.145933	0	0.0769231	1
79	418	228	414	227	176	177	0.0119617	0	0.501099	2
80	575	355	586	353	176	177	0.0358852	0	0.78022	1
81	540	260	539	259	176	177	0.00478469	0	0.571429	2
82	432	82	429	82	176	178	0.00717703	0	0.18022	2
83	583	124	583	125	176	179	0.00239234	0	0.272527	1
84	243	122	237	119	176	178	0.0358852	0	0.268132	2
85	566	367	565	367	176	177	0.00239234	0	0.806593	2
86	417	196	414	195	176	177	0.00956938	0	0.430769	2
87	450	178	442	176	176	179	0.0287081	0	0.391209	2
88	649	205	646	198	176	184	0.124402	0	0.450549	2
89	365	153	367	154	176	178	0.00717703	0	0.336264	1
90	399	228	396	227	177	179	0.00956938	0	0.501099	2
91	242	179	242	179	177	178	0	0	0.393407	1
92	405	175	403	173	177	179	0.0143541	0	0.384615	2
93	403	26	403	26	177	180	0	0	0.0571429	1
94	382	171	383	171	177	179	0.00239234	0	0.375824	1
95	661	193	659	191	177	179	0.0143541	0	0.424176	2
96	550	24	550	24	177	178	0	0	0.0527473	1
97	431	191	435	191	177	180	0.00956938	0	0.41978	1
98	511	220	502	218	177	178	0.0311005	0	0.483516	2
99	271	167	248	157	177	181	0.294258	0	0.367033	2
100	439	151	435	150	177	178	0.0119617	0	0.331868	2
101	229	117	218	117	177	180	0.0263158	0	0.257143	2
102	719	410	718	409	177	178	0.00478469	0	0.901099	2
103	412	228	409	228	178	179	0.00717703	0	0.501099	2
104	431	214	432	214	178	179	0.00239234	0	0.47033	1
105	598	350	636	336	178	183	0.559809	0	0.769231	1
106	431	242	429	241	178	179	0.00717703	0	0.531868	2
107	409	242	406	243	178	179	0.00956938	0	0.531868	2
108	415	209	410	209	178	181	0.0119617	0	0.459341	2
109	613	300	618	299	178	179	0.0143541	0	0.659341	1
110	581	328	584	322	178	179	0.0933014	0	0.720879	1
111	426	179	426	179	178	180	0	0	0.393407	1
112	420	190	420	191	178	179	0.00239234	0	0.417582	1
113	539	259	529	255	178	181	0.062201	0	0.569231	2
114	492	220	485	218	178	179	0.0263158	0	0.483516	2
115	418	168	415	167	178	181	0.00956938	0	0.369231	2
116	417	145	416	142	178	179	0.0239234	0	0.318681	2
117	671	191	667	186	178	182	0.069378	0	0.41978	2
118	350	177	346	182	178	182	0.069378	0	0.389011	2
119	372	144	363	138	178	188	0.107656	0	0.316484	2
120	243	142	240	141	178	179	0.00956938	0	0.312088	2
121	588	177	610	165	179	193	0.397129	0	0.389011	1
122	585	347	585	346	179	180	0.00239234	0	0.762637	1
123	312	117	312	118	179	181	0.00239234	0	0.257143	1
124	502	210	478	206	179	184	0.0956938	0	0.461538	2
125	369	155	360	145	179	194	0.260766	0	0.340659	2
126	234	120	201	110	179	191	0.318182	0	0.263736	2
127	322	115	352	108	179	186	0.188995	0	0.252747	1
128	499	249	489	253	179	182	0.062201	0	0.547253	2
129	595	130	598	130	179	184	0.00717703	0	0.285714	1
130	746	226	806	219	179	205	0.260766	0	0.496703	1
131	160	219	157	217	180	183	0.0167464	0	0.481319	2
132	428	242	425	242	180	181	0.00717703	0	0.531868	2
133	433	218	436	212	180	186	0.0933014	0	0.479121	1
134	502	220	482	215	180	184	0.107656	0	0.483516	2
135	395	229	385	224	180	183	0.0837321	0	0.503297	2
136	469	222	467	222	180	181	0.00478469	0	0.487912	2
137	659	190	657	186	180	182	0.0430622	0	0.417582	2
138	403	247	392	243	180	184	0.0645933	0	0.542857	2
139	243	179	244	176	180	185	0.0239234	0	0.393407	1
140	623	298	645	291	180	184	0.169856	0	0.654945	1
141	556	41	561	38	180	184	0.0334928	0	0.0901099	1
142	597	171	601	171	180	181	0.00956938	0	0.375824	1
143	403	176	402	175	180	181	0.00478469	0	0.386813	2
144	156	158	158	159	180	186	0.00717703	0	0.347253	1
145	609	321	621	316	180	182	0.0885167	0	0.705495	1
146	392	170	394	170	180	182	0.00478469	0	0.373626	1
147	484	217	481	216	180	181	0.00956938	0	0.476923	2
148	233	174	238	172	180	189	0.0215311	0	0.382418	1
149	236	162	220	150	180	188	0.382775	0	0.356044	2
150	443	178	439	177	180	181	0.0119617	0	0.391209	2
151	515	231	503	229	180	182	0.0382775	0	0.507692	2
152	584	126	603	125	180	190	0.0478469	0	0.276923	1
153	813	453	824	451	180	202	0.0358852	0	0.995604	1
154	233	189	232	189	180	181	0.00239234	0	0.415385	2
155	416	142	415	142	180	181	0.00239234	0	0.312088	2
156	259	28	263	24	180	191	0.0478469	0	0.0615385	1
157	506	261	499	265	180	183	0.0550239	0	0.573626	2
158	429	81	419	77	180	185	0.062201	0	0.178022	2
159	758	446	769	439	180	195	0.143541	0	0.98022	1
160	722	379	722	379	180	181	0	0	0.832967	1
161	498	238	494	239	180	181	0.0119617	0	0.523077	2
162	230	46	230	46	180	181	0	0	0.101099	1
163	231	152	227	150	180	183	0.0191388	0	0.334066	2
164	573	356	624	341	180	186	0.660287	0	0.782418	1
165	589	344	612	338	181	184	0.141148	0	0.756044	1
166	242	197	238	197	181	182	0.00956938	0	0.432967	2
167	403	29	402	26	181	184	0.0239234	0	0.0637363	2
168	217	119	164	102	181	200	0.818182	0	0.261538	2
169	380	151	372	142	181	186	0.212919	0	0.331868	2
170	426	187	425	183	181	184	0.0406699	0	0.410989	2
171	327	99	337	95	181	184	0.062201	0	0.217582	1
172	419	242	406	236	182	186	0.117225	0	0.531868	2
173	315	117	322	111	182	184	0.102871	0	0.257143	1
174	157	175	155	173	182	183	0.0143541	0	0.384615	2
175	436	187	434	185	182	183	0.0143541	0	0.410989	2
176	409	207	393	203	182	190	0.076555	0	0.454945	2
177	604	170	623	164	182	187	0.131579	0	0.373626	1
178	403	222	400	220	182	183	0.0167464	0	0.487912	2
179	411	185	407	182	182	184	0.0311005	0	0.406593	2
180	718	455	728	450	182	197	0.0837321	0	1	1
181	231	187	229	185	182	184	0.0143541	0	0.410989	2
182	413	142	403	143	182	184	0.0263158	0	0.312088	2
183	236	45	235	43	182	183	0.0119617	0	0.0989011	2
184	622	361	628	362	183	188	0.0167464	0	0.793407	1
185	578	352	613	344	183	186	0.236842	0	0.773626	1
186	403	171	401	168	183	184	0.0263158	0	0.375824	2
187	383	176	381	176	183	184	0.00478469	0	0.386813	2
188	345	182	340	177	183	192	0.0717703	0	0.4	2
189	236	200	237	196	183	186	0.0406699	0	0.43956	1
190	400	232	397	231	183	184	0.00956938	0	0.50989	2
191	667	184	669	179	183	187	0.0645933	0	0.404396	1
192	459	193	455	192	183	184	0.0119617	0	0.424176	2
193	500	227	491	225	183	185	0.0311005	0	0.498901	2
194	421	195	420	193	183	184	0.0119617	0	0.428571	2
195	707	379	706	378	183	184	0.00478469	0	0.832967	2
196	153	173	151	173	184	185	0.00478469	0	0.38022	2
197	156	215	155	213	184	186	0.0119617	0	0.472527	2
198	381	222	378	219	184	185	0.0287081	0	0.487912	2
199	640	336	645	339	184	186	0.0334928	0	0.738462	1
200	720	375	721	374	184	185	0.00478469	0	0.824176	1
201	426	166	424	164	184	185	0.0143541	0	0.364835	2
202	351	143	348	142	184	192	0.00956938	0	0.314286	2
203	654	181	655	178	184	186	0.0239234	0	0.397802	1
204	390	133	374	132	184	188	0.0406699	0	0.292308	2
205	468	214	463	212	184	185	0.0215311	0	0.47033	2
206	737	227	746	226	184	188	0.0239234	0	0.498901	1
207	415	26	420	24	184	191	0.0215311	0	0.0571429	1
208	336	106	341	107	184	185	0.0143541	0	0.232967	1
209	601	130	618	130	185	192	0.0406699	0	0.285714	1
210	390	240	367	242	185	194	0.0645933	0	0.527473	2
211	653	291	670	292	185	187	0.0430622	0	0.63956	1
212	421	189	421	183	185	193	0.0861244	0	0.415385	1
213	563	38	573	38	185	189	0.0239234	0	0.0835165	1
214	225	145	217	143	185	187	0.0287081	0	0.318681	2
215	230	184	234	183	185	188	0.0119617	0	0.404396	1
216	453	192	451	191	185	186	0.00717703	0	0.421978	2
217	659	167	679	171	185	200	0.0861244	0	0.367033	1
218	404	26	411	24	185	192	0.0263158	0	0.0571429	1
219	399	144	393	143	185	186	0.0167464	0	0.316484	2
220	587	110	600	111	185	190	0.0334928	0	0.241758	1
221	218	155	213	158	185	188	0.0334928	0	0.340659	2
222	408	182	407	180	185	186	0.0119617	0	0.4	2
223	215	138	210	140	185	187	0.0215311	0	0.303297	2
224	223	107	215	109	185	189	0.0287081	0	0.235165	2
225	708	377	713	379	185	188	0.0215311	0	0.828571	1
226	433	186	433	184	185	186	0.00956938	0	0.408791	1
227	761	455	762	454	185	186	0.00478469	0	1	1
228	419	179	418	176	185	187	0.0239234	0	0.393407	2
229	247	175	250	174	186	190	0.00956938	0	0.384615	1
230	488	228	476	229	186	188	0.0311005	0	0.501099	2
231	243	39	244	38	186	187	0.00478469	0	0.0857143	1
232	387	194	386	194	186	188	0.00239234	0	0.426374	2
233	500	264	494	262	186	189	0.0239234	0	0.58022	2
234	419	76	418	75	186	187	0.00478469	0	0.167033	2
235	425	86	423	85	186	189	0.00717703	0	0.189011	2
236	602	119	624	116	186	194	0.0741627	0	0.261538	1
237	249	213	251	211	186	191	0.0143541	0	0.468132	1
238	429	197	427	197	186	189	0.00478469	0	0.432967	2
239	390	211	389	210	186	187	0.00478469	0	0.463736	2
240	422	167	421	166	186	188	0.00478469	0	0.367033	2
241	169	166	170	168	186	187	0.0119617	0	0.364835	1
242	437	212	436	213	187	188	0.00478469	0	0.465934	2
243	405	238	399	238	187	194	0.0143541	0	0.523077	2
244	654	222	662	217	187	196	0.0789474	0	0.487912	1
245	658	334	712	328	187	193	0.215311	0	0.734066	1
246	160	160	162	163	187	188	0.0263158	0	0.351648	1
247	656	279	677	278	187	190	0.0526316	0	0.613187	1
248	642	341	677	335	187	192	0.169856	0	0.749451	1
249	450	191	448	191	187	188	0.00478469	0	0.41978	2
250	722	375	723	376	187	188	0.00478469	0	0.824176	1
251	236	193	238	193	187	188	0.00478469	0	0.424176	1
252	375	146	376	146	187	188	0.00239234	0	0.320879	1
253	655	314	700	309	187	192	0.167464	0	0.69011	1
254	167	26	169	24	187	192	0.0143541	0	0.0571429	1
255	241	222	255	219	187	194	0.0550239	0	0.487912	1
256	657	178	662	180	187	192	0.0215311	0	0.391209	1
257	401	212	400	212	187	188	0.00239234	0	0.465934	2
258	389	228	386	228	188	189	0.00717703	0	0.501099	2
259	438	182	435	176	188	193	0.0933014	0	0.4	2
260	407	175	405	174	188	189	0.00717703	0	0.384615	2
261	458	207	453	207	188	189	0.0119617	0	0.454945	2
262	166	204	171	207	188	194	0.0334928	0	0.448352	1
263	210	146	203	146	188	189	0.0167464	0	0.320879	2
264	672	181	673	181	188	192	0.00239234	0	0.397802	1
265	473	219	466	215	188	192	0.0550239	0	0.481319	2
266	347	27	348	24	188	192	0.0239234	0	0.0593407	1
267	660	329	667	325	188	189	0.0550239	0	0.723077	1
268	484	255	477	255	188	189	0.0167464	0	0.56044	2
269	388	212	380	211	188	191	0.0215311	0	0.465934	2
270	448	210	442	209	188	189	0.0167464	0	0.461538	2
271	370	78	372	79	188	189	0.00717703	0	0.171429	1
272	154	180	153	182	188	189	0.0119617	0	0.395604	2
273	691	290	708	285	189	191	0.100478	0	0.637363	1
274	164	168	173	164	189	194	0.0598086	0	0.369231	1
275	447	194	444	192	189	190	0.0167464	0	0.426374	2
276	375	221	370	220	189	192	0.0143541	0	0.485714	2
277	170	184	171	184	189	190	0.00239234	0	0.404396	1
278	432	215	430	213	189	190	0.0143541	0	0.472527	2
279	370	133	366	131	189	190	0.0191388	0	0.292308	2
280	572	59	572	58	189	190	0.00239234	0	0.12967	1
281	421	166	419	164	189	190	0.0143541	0	0.364835	2
282	661	211	662	209	189	190	0.0119617	0	0.463736	1
283	749	225	795	222	189	205	0.131579	0	0.494505	1
284	715	381	716	380	189	190	0.00478469	0	0.837363	1
285	398	33	401	29	189	192	0.0454545	0	0.0725275	1
286	375	145	372	144	189	190	0.00956938	0	0.318681	2
287	416	176	414	174	189	190	0.0143541	0	0.386813	2
288	674	354	695	353	190	196	0.0526316	0	0.778022	1
289	675	322	683	321	190	191	0.0215311	0	0.707692	1
290	381	194	379	192	190	191	0.0143541	0	0.426374	2
291	404	159	399	152	190	194	0.129187	0	0.349451	2
292	461	230	447	230	190	193	0.0334928	0	0.505495	2
293	576	38	581	34	190	192	0.0502392	0	0.0835165	1
294	687	277	695	274	190	191	0.0406699	0	0.608791	1
295	362	110	369	105	190	192	0.076555	0	0.241758	1
296	400	172	398	166	190	192	0.0909091	0	0.378022	2
297	247	53	247	51	190	191	0.00956938	0	0.116484	1
298	214	158	215	150	190	193	0.155502	0	0.347253	1
299	631	171	641	157	190	203	0.492823	0	0.375824	1
300	364	89	385	83	190	195	0.136364	0	0.195604	1
301	467	256	455	256	190	191	0.0287081	0	0.562637	2
302	685	277	705	276	191	193	0.0502392	0	0.608791	1
303	208	145	203	139	191	194	0.0980861	0	0.318681	2
304	390	202	387	199	191	194	0.0287081	0	0.443956	2
305	443	188	445	185	191	194	0.0263158	0	0.413187	1
306	378	106	388	99	191	198	0.141148	0	0.232967	1
307	663	208	669	206	191	193	0.0239234	0	0.457143	1
308	361	138	360	136	191	192	0.0119617	0	0.303297	2
309	172	178	174	176	191	192	0.0143541	0	0.391209	1
310	198	146	192	146	191	192	0.0143541	0	0.320879	2
311	400	215	400	213	191	192	0.00956938	0	0.472527	1
312	409	75	408	74	191	192	0.00478469	0	0.164835	2
313	718	380	722	379	191	192	0.0119617	0	0.835165	1
314	604	122	614	118	191	194	0.062201	0	0.268132	1
315	370	148	370	147	192	193	0.00239234	0	0.325275	1
316	382	190	382	188	192	193	0.00956938	0	0.417582	1
317	741	455	745	454	192	195	0.0119617	0	1	1
318	408	168	410	166	192	193	0.0143541	0	0.369231	1
319	708	290	717	288	192	193	0.0311005	0	0.637363	1
320	381	210	381	208	192	193	0.00956938	0	0.461538	1
321	383	231	376	230	192	195	0.0191388	0	0.507692	2
322	605	109	609	105	192	197	0.0478469	0	0.23956	1
323	78	40	89	46	192	205	0.11244	0	0.0879121	1
324	768	453	772	454	192	202	0.0119617	0	0.995604	1
325	200	109	200	107	192	193	0.00956938	0	0.23956	1
326	623	128	626	126	193	194	0.0167464	0	0.281319	1
327	468	215	466	213	193	194	0.0143541	0	0.472527	2
328	343	177	338	179	193	196	0.0215311	0	0.389011	2
329	178	175	184	176	193	197	0.0167464	0	0.384615	1
330	678	181	686	182	193	200	0.0215311	0	0.397802	1
331	409	73	406	73	193	196	0.00717703	0	0.16044	2
332	758	455	759	454	193	194	0.00478469	0	1	1
333	660	166	671	170	193	201	0.0645933	0	0.364835	1
334	446	261	445	261	193	194	0.00239234	0	0.573626	2
335	586	33	595	33	193	197	0.0215311	0	0.0725275	1
336	431	187	433	186	193	194	0.00717703	0	0.410989	1
337	405	110	406	109	193	198	0.00478469	0	0.241758	1
338	405	27	410	27	193	195	0.0119617	0	0.0593407	1
339	774	256	777	256	193	194	0.00717703	0	0.562637	1
340	256	46	258	46	193	198	0.00478469	0	0.101099	1
341	188	170	194	170	193	197	0.0143541	0	0.373626	1
342	681	335	699	333	193	194	0.0526316	0	0.736264	1
343	382	186	369	188	194	198	0.0406699	0	0.408791	2
344	587	47	589	49	194	196	0.0143541	0	0.103297	1
345	420	182	416	185	194	198	0.0311005	0	0.4	2
346	435	174	430	175	194	198	0.0143541	0	0.382418	2
347	674	207	674	209	194	196	0.00956938	0	0.454945	1
348	700	130	706	137	194	205	0.131579	0	0.285714	1
349	346	141	343	141	194	195	0.00717703	0	0.30989	2
350	423	253	411	249	194	195	0.0669856	0	0.556044	2
351	603	142	602	142	194	202	0.00239234	0	0.312088	2
352	671	179	673	180	194	197	0.00717703	0	0.393407	1
353	200	106	179	106	194	199	0.0502392	0	0.232967	2
354	643	439	648	449	194	205	0.251196	0	0.964835	1
355	619	162	632	170	195	205	0.184211	0	0.356044	1
356	394	238	379	236	195	199	0.0454545	0	0.523077	2
357	168	209	166	209	195	196	0.00478469	0	0.459341	2
358	362	244	342	239	195	203	0.107656	0	0.536264	2
359	421	208	402	208	195	197	0.0454545	0	0.457143	2
360	376	197	366	198	195	198	0.0263158	0	0.432967	2
361	258	217	257	215	195	197	0.0119617	0	0.476923	2
362	627	126	623	122	195	202	0.0478469	0	0.276923	2
363	424	218	390	220	195	199	0.0909091	0	0.479121	2
364	358	146	351	146	195	197	0.0167464	0	0.320879	2
365	443	188	427	189	195	202	0.0406699	0	0.413187	2
366	617	121	615	119	195	198	0.0143541	0	0.265934	2
367	396	154	376	162	195	205	0.200957	0	0.338462	2
368	376	176	366	177	195	198	0.0263158	0	0.386813	2
369	174	164	174	165	195	196	0.00239234	0	0.36044	1
370	196	139	188	137	195	196	0.0287081	0	0.305495	2
371	445	260	394	257	195	200	0.143541	0	0.571429	2
372	236	166	235	169	195	198	0.0239234	0	0.364835	2
373	398	71	394	70	195	197	0.0119617	0	0.156044	2
374	284	42	284	42	195	196	0	0	0.0923077	1
375	420	161	416	161	195	197	0.00956938	0	0.353846	2
376	795	235	820	242	195	205	0.177033	0	0.516484	1
377	243	186	243	186	195	196	0	0	0.408791	1
378	715	315	720	311	195	196	0.0502392	0	0.692308	1
379	249	202	249	202	195	196	0	0	0.443956	1
380	236	36	241	45	195	205	0.205742	0	0.0791209	1
381	627	137	626	133	195	197	0.0406699	0	0.301099	2
382	358	136	351	136	195	197	0.0167464	0	0.298901	2
383	245	176	248	175	196	197	0.00956938	0	0.386813	1
384	744	289	770	288	196	199	0.0645933	0	0.635165	1
385	402	248	390	253	196	198	0.0885167	0	0.545055	2
386	768	441	774	449	196	205	0.167464	0	0.969231	1
387	785	233	809	237	196	205	0.0956938	0	0.512088	1
388	256	163	256	159	196	197	0.0382775	0	0.358242	1
389	370	230	361	227	196	199	0.0430622	0	0.505495	2
390	264	24	268	25	196	202	0.0119617	0	0.0527473	1
391	706	344	724	336	196	199	0.196172	0	0.756044	1
392	355	24	360	30	196	204	0.0980861	0	0.0527473	1
393	754	285	781	283	196	199	0.0741627	0	0.626374	1
394	335	181	328	181	197	201	0.0167464	0	0.397802	2
395	183	210	186	208	197	198	0.0167464	0	0.461538	1
396	697	351	702	345	197	198	0.0980861	0	0.771429	1
397	717	157	716	157	197	199	0.00239234	0	0.345055	2
398	744	455	743	454	197	198	0.00478469	0	1	2
399	748	307	757	305	197	198	0.0311005	0	0.674725	1
400	178	138	173	139	197	199	0.0143541	0	0.303297	2
401	721	332	727	329	197	198	0.0358852	0	0.72967	1
402	412	205	404	205	197	198	0.0191388	0	0.450549	2
403	405	75	402	74	197	198	0.00956938	0	0.164835	2
404	747	276	777	274	197	200	0.0813397	0	0.606593	1
405	785	257	786	256	197	198	0.00478469	0	0.564835	1
406	399	260	392	262	197	198	0.0263158	0	0.571429	2
407	354	171	347	168	197	200	0.0382775	0	0.375824	2
408	379	202	376	202	197	198	0.00717703	0	0.443956	2
409	176	188	179	188	198	199	0.00717703	0	0.413187	1
410	442	214	440	215	198	199	0.00717703	0	0.47033	2
411	394	208	365	211	198	203	0.0909091	0	0.457143	2
412	258	216	261	215	198	200	0.00956938	0	0.474725	1
413	454	213	450	211	198	199	0.0191388	0	0.468132	2
414	240	179	241	177	198	200	0.0119617	0	0.393407	1
415	349	145	345	144	198	199	0.0119617	0	0.318681	2
416	257	157	256	156	198	199	0.00478469	0	0.345055	2
417	334	139	323	138	198	201	0.0287081	0	0.305495	2
418	274	24	275	24	198	200	0.00239234	0	0.0527473	1
419	425	216	424	216	198	199	0.00239234	0	0.474725	2
420	252	182	255	178	198	201	0.0454545	0	0.4	1
421	392	272	390	273	198	199	0.00717703	0	0.597802	2
422	411	167	407	168	198	200	0.0119617	0	0.367033	2
423	590	32	596	31	198	201	0.0167464	0	0.0703297	1
424	729	340	729	340	198	199	0	0	0.747253	1
425	592	52	592	51	198	199	0.00239234	0	0.114286	1
426	189	206	196	222	199	204	0.629187	0	0.452747	1
427	420	189	414	192	199	202	0.0358852	0	0.415385	2
428	191	175	212	186	199	205	0.339713	0	0.384615	1
429	776	353	784	355	199	200	0.0287081	0	0.775824	1
430	165	207	167	206	199	200	0.00717703	0	0.454945	1
431	781	324	788	325	199	200	0.0191388	0	0.712088	1
432	751	292	756	296	199	200	0.0502392	0	0.641758	1
433	416	179	411	184	199	203	0.0717703	0	0.393407	2
434	177	198	181	201	199	201	0.0311005	0	0.435165	1
435	400	73	397	72	199	200	0.00956938	0	0.16044	2
436	429	177	426	184	199	205	0.124402	0	0.389011	2
437	257	46	269	53	199	205	0.145933	0	0.101099	1
438	179	177	184	178	199	201	0.0143541	0	0.389011	1
439	772	343	780	345	199	200	0.0287081	0	0.753846	1
440	178	149	173	143	199	201	0.0980861	0	0.327473	2
441	374	209	367	209	199	200	0.0167464	0	0.459341	2
442	614	117	614	120	199	204	0.0215311	0	0.257143	1
443	678	217	693	228	199	205	0.325359	0	0.476923	1
444	759	372	760	370	199	200	0.0119617	0	0.817582	1
445	728	454	729	454	200	202	0.00239234	0	0.997802	1
446	376	236	372	237	200	201	0.0119617	0	0.518681	2
447	718	157	724	164	200	205	0.131579	0	0.345055	1
448	442	216	443	216	200	201	0.00239234	0	0.474725	1
449	384	220	358	226	200	205	0.148325	0	0.483516	2
450	807	246	821	253	200	205	0.150718	0	0.540659	1
451	402	180	400	179	200	201	0.00717703	0	0.395604	2
452	390	208	383	207	200	201	0.0191388	0	0.457143	2
453	254	158	254	160	200	201	0.00956938	0	0.347253	1
454	181	216	183	234	200	205	0.779904	0	0.474725	1
455	183	167	188	168	200	202	0.0143541	0	0.367033	1
456	343	144	338	143	200	202	0.0143541	0	0.316484	2
457	173	136	171	133	200	201	0.0263158	0	0.298901	2
458	424	218	423	225	200	205	0.119617	0	0.479121	2
459	372	97	379	99	200	205	0.0263158	0	0.213187	1
460	450	206	444	204	200	201	0.0239234	0	0.452747	2
461	286	43	294	50	200	205	0.136364	0	0.0945055	1
462	253	200	264	208	200	205	0.179426	0	0.43956	1
463	603	35	612	35	200	203	0.0215311	0	0.0769231	1
464	180	126	172	126	200	203	0.0191388	0	0.276923	2
465	254	170	254	169	200	201	0.00239234	0	0.373626	1
466	395	217	396	223	201	205	0.0885167	0	0.476923	1
467	799	286	810	287	201	202	0.0287081	0	0.628571	1
468	407	161	405	161	201	202	0.00478469	0	0.353846	2
469	163	100	161	99	201	203	0.00717703	0	0.21978	2
470	401	77	401	78	201	203	0.00239234	0	0.169231	1
471	327	160	323	163	201	203	0.0311005	0	0.351648	2
472	239	172	248	179	201	205	0.138756	0	0.378022	1
473	762	321	778	328	201	202	0.155502	0	0.705495	1
474	263	213	274	221	201	205	0.179426	0	0.468132	1
475	357	216	353	218	201	202	0.0191388	0	0.474725	2
476	730	341	730	341	201	202	0	0	0.749451	1
477	389	161	388	162	201	203	0.00478469	0	0.353846	2
478	178	108	174	113	201	205	0.069378	0	0.237363	2
479	784	346	786	347	201	202	0.00717703	0	0.76044	1
480	414	171	415	178	201	205	0.119617	0	0.375824	1
481	760	400	762	399	201	202	0.00717703	0	0.879121	1
482	391	75	390	75	201	202	0.00239234	0	0.164835	2
483	681	183	684	184	201	203	0.00956938	0	0.402198	1
484	326	183	324	183	202	203	0.00478469	0	0.402198	2
485	787	357	793	362	202	204	0.0741627	0	0.784615	1
486	674	171	681	175	202	205	0.0550239	0	0.375824	1
487	409	210	410	214	202	204	0.0406699	0	0.461538	1
488	281	25	288	30	202	205	0.076555	0	0.0549451	1
489	321	139	317	146	202	205	0.126794	0	0.305495	2
490	399	182	399	183	202	203	0.00239234	0	0.4	1
491	799	274	811	275	202	203	0.0311005	0	0.602198	1
492	379	209	374	210	202	203	0.0143541	0	0.459341	2
493	387	270	380	272	202	205	0.0263158	0	0.593407	2
494	415	160	414	164	202	204	0.0406699	0	0.351648	2
495	311	71	322	70	202	204	0.0287081	0	0.156044	1
496	311	131	305	138	202	205	0.131579	0	0.287912	2
497	188	182	198	189	202	204	0.141148	0	0.4	1
498	800	293	814	294	202	203	0.0358852	0	0.643956	1
499	691	184	699	186	202	204	0.0287081	0	0.404396	1
500	598	33	611	40	202	205	0.148325	0	0.0725275	1
501	625	124	627	126	203	204	0.0143541	0	0.272527	1
502	446	218	445	221	203	205	0.0239234	0	0.479121	2
503	415	194	416	198	203	205	0.0406699	0	0.426374	1
504	404	162	403	164	203	204	0.0119617	0	0.356044	2
505	193	172	201	180	203	205	0.172249	0	0.378022	1
506	374	262	364	269	203	205	0.141148	0	0.575824	2
507	183	216	192	221	203	204	0.0813397	0	0.474725	1
508	259	169	262	176	203	205	0.124402	0	0.371429	1
509	803	338	809	342	203	204	0.0526316	0	0.742857	1
510	733	344	736	349	203	205	0.0669856	0	0.756044	1
511	677	211	684	216	203	205	0.076555	0	0.463736	1
512	608	106	610	110	203	205	0.0430622	0	0.232967	1
513	383	24	386	29	203	205	0.0669856	0	0.0527473	1
514	760	370	764	372	203	204	0.0191388	0	0.813187	1
515	676	162	681	164	203	205	0.0215311	0	0.356044	1
516	341	243	337	245	204	205	0.0191388	0	0.534066	2
517	324	186	320	187	204	205	0.0119617	0	0.408791	2
518	343	229	340	230	204	205	0.00956938	0	0.503297	2
519	364	214	357	216	204	205	0.0263158	0	0.47033	2
520	402	83	400	84	204	205	0.00717703	0	0.182418	2
521	413	187	412	188	204	205	0.00478469	0	0.410989	2
522	390	167	388	169	204	205	0.0143541	0	0.367033	2
523	388	210	386	211	204	205	0.00717703	0	0.461538	2
524	291	235	293	237	204	205	0.0143541	0	0.516484	1
525	640	138	642	136	204	205	0.0143541	0	0.303297	1
526	353	266	345	270	204	205	0.0574163	0	0.584615	2
527	780	403	781	405	204	205	0.0119617	0	0.885714	1
528	366	255	358	258	204	205	0.0406699	0	0.56044	2
529	202	200	205	202	204	205	0.0167464	0	0.43956	1
530	162	101	160	102	204	205	0.00717703	0	0.221978	2
531	305	180	299	183	204	205	0.0358852	0	0.395604	2
532	434	27	435	29	204	205	0.0119617	0	0.0593407	1
533	490	24	490	26	204	205	0.00956938	0	0.0527473	1
534	178	24	178	26	204	205	0.00956938	0	0.0527473	1