
0	490	455	493	454	42	47	0.0122699	0	1	1
1	503	212	503	211	42	43	0.00306748	0	0.465934	1
2	538	230	538	229	43	44	0.00306748	0	0.505495	1
3	493	204	494	203	43	44	0.00613497	0	0.448352	1
4	512	188	511	185	43	44	0.0306748	0	0.413187	2
5	446	188	447	187	43	44	0.00613497	0	0.413187	1
6	197	188	199	186	43	44	0.0184049	0	0.413187	1
7	363	153	365	148	43	46	0.0828221	0	0.336264	1
8	825	424	826	424	43	45	0.00306748	0	0.931868	1
9	814	398	805	398	43	68	0.0276074	0	0.874725	2
10	570	429	571	428	43	44	0.00613497	0	0.942857	1
11	409	146	409	145	43	44	0.00306748	0	0.320879	1
12	390	70	348	70	43	57	0.128834	0	0.153846	2
13	266	232	268	232	43	46	0.00613497	0	0.50989	1
14	474	181	472	178	44	45	0.0337423	0	0.397802	2
15	359	135	360	132	44	45	0.0306748	0	0.296703	1
16	422	124	423	124	44	45	0.00306748	0	0.272527	1
17	509	205	508	202	44	45	0.0306748	0	0.450549	2
18	514	436	513	436	44	55	0.00306748	0	0.958242	2
19	474	166	473	163	44	45	0.0306748	0	0.364835	2
20	463	161	460	159	45	46	0.0214724	0	0.353846	2
21	540	228	538	227	45	46	0.00920245	0	0.501099	2
22	497	203	496	202	45	46	0.00613497	0	0.446154	2
23	447	205	448	203	45	46	0.0153374	0	0.450549	1
24	623	417	600	419	45	58	0.0828221	0	0.916484	2
25	448	188	447	187	45	46	0.00613497	0	0.413187	2
26	275	332	273	333	45	48	0.00920245	0	0.72967	2
27	400	118	398	115	45	46	0.0337423	0	0.259341	2
28	462	146	468	144	45	47	0.0306748	0	0.320879	1
29	568	427	568	425	45	53	0.0122699	0	0.938462	1
30	579	449	573	449	45	57	0.0184049	0	0.986813	2
31	75	455	74	454	45	46	0.00613497	0	1	2
32	434	209	433	206	45	47	0.0306748	0	0.459341	2
33	467	170	463	164	46	48	0.122699	0	0.373626	2
34	475	151	476	151	46	47	0.00306748	0	0.331868	1
35	548	231	538	229	46	48	0.0429448	0	0.507692	2
36	411	174	412	173	46	47	0.00613497	0	0.382418	1
37	501	191	498	188	46	47	0.0368098	0	0.41978	2
38	569	417	558	416	47	64	0.0368098	0	0.916484	2
39	637	162	635	159	47	48	0.0337423	0	0.356044	2
40	347	188	352	186	47	49	0.0276074	0	0.413187	1
41	402	436	399	435	47	52	0.0122699	0	0.958242	2
42	448	203	448	200	47	49	0.0276074	0	0.446154	1
43	494	174	491	173	47	48	0.0122699	0	0.382418	2
44	639	150	636	144	47	49	0.119632	0	0.32967	2
45	532	227	526	227	47	48	0.0184049	0	0.498901	2
46	205	185	205	186	47	49	0.00306748	0	0.406593	1
47	366	148	365	145	47	49	0.0306748	0	0.325275	2
48	459	189	459	188	47	48	0.00306748	0	0.415385	1
49	379	201	382	201	47	48	0.00920245	0	0.441758	1
50	270	257	260	258	47	57	0.0337423	0	0.564835	2
51	294	178	300	178	47	49	0.0184049	0	0.391209	1
52	252	377	244	374	47	51	0.0521472	0	0.828571	2
53	213	134	218	135	47	52	0.0184049	0	0.294505	1
54	472	145	474	145	48	49	0.00613497	0	0.318681	1
55	113	455	106	454	48	59	0.0245399	0	1	2
56	455	212	455	206	48	50	0.110429	0	0.465934	1
57	435	205	434	201	48	50	0.0521472	0	0.450549	2
58	477	155	478	156	48	49	0.00613497	0	0.340659	1
59	493	454	482	454	48	70	0.0337423	0	0.997802	2
60	166	455	159	454	48	69	0.0245399	0	1	2
61	414	142	410	139	48	49	0.0398773	0	0.312088	2
62	405	169	415	154	48	56	0.720859	0	0.371429	1
63	650	170	645	165	48	50	0.0920245	0	0.373626	2
64	503	195	500	192	48	49	0.0368098	0	0.428571	2
65	461	161	455	158	49	51	0.0460123	0	0.353846	2
66	634	157	632	155	49	50	0.0184049	0	0.345055	2
67	279	244	268	244	49	57	0.0337423	0	0.536264	2
68	482	203	474	200	49	50	0.0521472	0	0.446154	2
69	643	322	637	326	49	52	0.0674847	0	0.707692	2
70	366	131	366	128	49	50	0.0276074	0	0.287912	1
71	376	141	376	136	49	52	0.0766871	0	0.30989	1
72	700	411	688	411	49	59	0.0368098	0	0.903297	2
73	390	108	387	105	49	50	0.0368098	0	0.237363	2
74	519	227	496	218	49	53	0.319018	0	0.498901	2
75	415	171	415	166	49	51	0.0766871	0	0.375824	1
76	469	155	465	153	50	51	0.0245399	0	0.340659	2
77	392	213	393	210	50	51	0.0306748	0	0.468132	1
78	629	191	629	190	50	51	0.00306748	0	0.41978	1
79	651	284	646	283	50	51	0.0184049	0	0.624176	2
80	196	424	185	424	50	66	0.0337423	0	0.931868	2
81	500	177	496	175	50	51	0.0245399	0	0.389011	2
82	74	455	68	454	50	59	0.0214724	0	1	2
83	547	455	531	453	50	70	0.0613497	0	1	2
84	304	178	308	176	50	51	0.0245399	0	0.391209	1
85	441	238	440	237	50	53	0.00613497	0	0.523077	2
86	518	425	514	425	51	57	0.0122699	0	0.934066	2
87	292	242	291	241	51	53	0.00613497	0	0.531868	2
88	630	152	628	150	51	52	0.0184049	0	0.334066	2
89	272	313	248	308	51	56	0.150307	0	0.687912	2
90	527	221	526	218	51	52	0.0306748	0	0.485714	2
91	364	143	364	142	51	52	0.00306748	0	0.314286	1
92	366	128	366	127	51	52	0.00306748	0	0.281319	1
93	294	182	303	180	51	53	0.0398773	0	0.4	1
94	643	164	641	162	51	52	0.0184049	0	0.36044	2
95	401	450	401	450	51	52	0	0	0.989011	1
96	447	197	448	195	51	52	0.0153374	0	0.432967	1
97	202	188	200	185	51	58	0.0337423	0	0.413187	2
98	256	312	237	311	52	56	0.0613497	0	0.685714	2
99	242	322	239	321	52	53	0.0122699	0	0.707692	2
100	453	157	450	156	52	53	0.0122699	0	0.345055	2
101	397	207	399	203	52	53	0.0552147	0	0.454945	1
102	434	199	432	192	52	56	0.156442	0	0.437363	2
103	494	176	490	174	52	53	0.0245399	0	0.386813	2
104	53	455	52	454	52	53	0.00613497	0	1	2
105	246	310	229	310	52	56	0.0521472	0	0.681319	2
106	310	174	327	170	52	58	0.101227	0	0.382418	1
107	643	412	637	410	52	80	0.0306748	0	0.905495	2
108	612	434	581	438	53	70	0.144172	0	0.953846	2
109	585	420	584	419	53	54	0.00613497	0	0.923077	2
110	401	435	396	436	53	58	0.0184049	0	0.956044	2
111	449	192	447	187	53	55	0.0828221	0	0.421978	2
112	440	422	429	432	53	60	0.340491	0	0.927473	2
113	488	150	488	149	53	54	0.00306748	0	0.32967	1
114	279	378	266	375	53	56	0.0674847	0	0.830769	2
115	246	378	243	381	53	57	0.0368098	0	0.830769	2
116	403	450	401	451	53	56	0.00920245	0	0.989011	2
117	444	202	435	191	53	59	0.398773	0	0.443956	2
118	376	191	375	191	53	55	0.00306748	0	0.41978	2
119	379	139	379	138	53	54	0.00306748	0	0.305495	1
120	407	168	412	163	53	56	0.0920245	0	0.369231	1
121	246	321	231	321	54	57	0.0460123	0	0.705495	2
122	289	240	273	235	54	59	0.125767	0	0.527473	2
123	235	323	226	324	54	56	0.0306748	0	0.70989	2
124	308	179	313	178	54	56	0.0184049	0	0.393407	1
125	399	200	400	197	54	55	0.0306748	0	0.43956	1
126	660	427	657	425	54	59	0.0214724	0	0.938462	2
127	477	194	472	193	54	55	0.0184049	0	0.426374	2
128	581	432	579	432	54	56	0.00613497	0	0.949451	2
129	494	219	487	222	54	57	0.0490798	0	0.481319	2
130	164	82	157	87	54	59	0.0981595	0	0.18022	2
131	638	158	631	153	54	56	0.0981595	0	0.347253	2
132	648	194	643	191	54	55	0.0429448	0	0.426374	2
133	473	183	470	183	54	55	0.00920245	0	0.402198	2
134	222	137	227	133	54	59	0.0644172	0	0.301099	1
135	581	421	580	421	55	56	0.00306748	0	0.925275	2
136	458	192	457	190	55	56	0.0153374	0	0.421978	2
137	422	165	424	164	55	56	0.00920245	0	0.362637	1
138	483	149	484	149	55	56	0.00306748	0	0.327473	1
139	436	232	438	229	55	56	0.0337423	0	0.50989	1
140	632	296	628	296	55	56	0.0122699	0	0.650549	2
141	391	197	391	195	56	57	0.0122699	0	0.432967	1
142	432	209	424	203	56	59	0.134969	0	0.459341	2
143	494	141	496	159	56	71	1	0	0.30989	1
144	624	134	622	134	56	57	0.00613497	0	0.294505	2
145	446	186	444	185	56	57	0.00920245	0	0.408791	2
146	379	140	379	140	56	57	0	0	0.307692	1
147	776	406	769	407	56	70	0.0245399	0	0.892308	2
148	579	422	577	421	57	58	0.00920245	0	0.927473	2
149	94	451	85	452	57	70	0.0306748	0	0.991209	2
150	232	311	225	311	57	58	0.0214724	0	0.683516	2
151	473	172	466	171	57	58	0.0245399	0	0.378022	2
152	440	151	435	150	57	58	0.0184049	0	0.331868	2
153	422	154	422	153	57	58	0.00306748	0	0.338462	1
154	492	157	492	157	57	58	0	0	0.345055	1
155	242	310	235	309	57	58	0.0245399	0	0.681319	2
156	315	178	316	177	57	58	0.00613497	0	0.391209	1
157	578	433	575	432	57	58	0.0122699	0	0.951648	2
158	467	186	460	185	57	58	0.0245399	0	0.408791	2
159	627	154	621	153	57	58	0.0214724	0	0.338462	2
160	399	452	396	452	57	58	0.00920245	0	0.993407	2
161	613	418	592	420	57	70	0.0766871	0	0.918681	2
162	226	322	184	319	58	66	0.156442	0	0.707692	2
163	265	243	244	233	58	70	0.371166	0	0.534066	2
164	514	422	507	421	58	61	0.0245399	0	0.927473	2
165	485	222	481	221	58	59	0.0153374	0	0.487912	2
166	354	106	348	105	58	59	0.0214724	0	0.232967	2
167	302	447	295	447	58	67	0.0214724	0	0.982418	2
168	632	331	629	330	58	59	0.0122699	0	0.727473	2
169	378	139	377	138	58	59	0.00613497	0	0.305495	2
170	402	171	398	170	58	62	0.0153374	0	0.375824	2
171	342	71	336	71	58	59	0.0184049	0	0.156044	2
172	824	425	820	424	58	69	0.0153374	0	0.934066	2
173	807	425	801	425	58	67	0.0184049	0	0.934066	2
174	412	160	410	159	58	59	0.00920245	0	0.351648	2
175	673	439	657	441	58	72	0.0613497	0	0.964835	2
176	217	141	215	137	58	62	0.0552147	0	0.30989	2
177	572	418	567	418	59	61	0.0153374	0	0.918681	2
178	395	436	390	435	59	63	0.0184049	0	0.958242	2
179	491	160	491	161	59	60	0.00306748	0	0.351648	1
180	596	420	580	423	59	70	0.0766871	0	0.923077	2
181	229	309	210	304	59	62	0.134969	0	0.679121	2
182	219	310	181	307	59	66	0.144172	0	0.681319	2
183	330	170	332	169	59	60	0.00920245	0	0.373626	1
184	576	428	571	428	59	61	0.0153374	0	0.940659	2
185	423	234	419	233	59	61	0.0153374	0	0.514286	2
186	460	128	460	129	59	60	0.00306748	0	0.281319	1
187	486	150	487	151	59	61	0.00613497	0	0.32967	1
188	511	431	505	431	59	63	0.0184049	0	0.947253	2
189	616	191	614	189	59	60	0.0184049	0	0.41978	2
190	261	454	260	453	60	69	0.00613497	0	0.997802	2
191	478	221	469	220	60	61	0.0306748	0	0.485714	2
192	499	188	499	188	60	61	0	0	0.413187	1
193	618	415	615	414	60	65	0.0122699	0	0.912088	2
194	656	426	655	427	60	70	0.00613497	0	0.936264	2
195	599	167	595	166	60	61	0.0153374	0	0.367033	2
196	156	88	146	87	60	64	0.0337423	0	0.193407	2
197	270	235	259	224	60	69	0.404908	0	0.516484	2
198	434	189	431	186	60	62	0.0368098	0	0.415385	2
199	322	223	330	224	60	61	0.0276074	0	0.49011	1
200	322	177	323	176	60	61	0.00613497	0	0.389011	1
201	393	451	389	451	60	62	0.0122699	0	0.991209	2
202	235	373	229	371	60	61	0.0306748	0	0.81978	2
203	224	129	223	127	60	62	0.0153374	0	0.283516	2
204	423	203	421	199	60	63	0.0552147	0	0.446154	2
205	424	151	418	147	60	62	0.0674847	0	0.331868	2
206	687	412	682	412	60	65	0.0153374	0	0.905495	2
207	343	106	337	105	60	61	0.0214724	0	0.232967	2
208	612	153	600	146	60	63	0.187117	0	0.336264	2
209	407	432	401	430	60	70	0.0306748	0	0.949451	2
210	396	133	396	132	60	61	0.00306748	0	0.292308	1
211	438	146	435	144	60	61	0.0214724	0	0.320879	2
212	269	455	270	454	61	69	0.00613497	0	1	1
213	427	433	425	431	61	70	0.0184049	0	0.951648	2
214	102	455	101	454	61	64	0.00613497	0	1	2
215	492	162	492	161	61	62	0.00306748	0	0.356044	1
216	466	170	468	168	61	62	0.0184049	0	0.373626	1
217	334	168	341	167	61	63	0.0245399	0	0.369231	1
218	236	314	223	312	61	63	0.0521472	0	0.69011	2
219	63	455	65	454	61	69	0.00920245	0	1	1
220	461	131	462	131	61	62	0.00306748	0	0.287912	1
221	561	428	560	428	61	65	0.00306748	0	0.940659	2
222	501	188	513	196	62	67	0.233129	0	0.413187	1
223	505	422	502	422	62	80	0.00920245	0	0.927473	2
224	569	427	569	427	62	63	0	0	0.938462	1
225	277	454	280	454	62	69	0.00920245	0	0.997802	1
226	463	220	453	218	62	63	0.0429448	0	0.483516	2
227	399	136	396	135	62	63	0.0122699	0	0.298901	2
228	332	107	326	106	62	64	0.0214724	0	0.235165	2
229	613	174	613	173	62	63	0.00306748	0	0.382418	1
230	564	298	561	298	62	63	0.00920245	0	0.654945	2
231	362	194	363	193	62	64	0.00613497	0	0.426374	1
232	481	147	483	147	62	63	0.00613497	0	0.323077	1
233	438	179	440	178	63	64	0.00920245	0	0.393407	1
234	596	435	590	438	63	70	0.0460123	0	0.956044	2
235	206	304	190	305	63	66	0.0521472	0	0.668132	2
236	428	177	429	176	63	64	0.00613497	0	0.389011	1
237	481	439	482	440	63	70	0.00613497	0	0.964835	1
238	419	140	419	138	63	64	0.0122699	0	0.307692	1
239	493	155	497	161	63	66	0.122699	0	0.340659	1
240	431	161	424	157	63	66	0.0705521	0	0.353846	2
241	330	175	345	176	63	66	0.0490798	0	0.384615	1
242	567	417	567	417	63	64	0	0	0.916484	1
243	450	183	451	182	63	64	0.00613497	0	0.402198	1
244	656	415	656	416	64	70	0.00306748	0	0.912088	1
245	392	435	392	435	64	65	0	0	0.956044	1
246	424	201	425	199	64	70	0.0153374	0	0.441758	1
247	348	168	358	170	64	66	0.0429448	0	0.369231	1
248	600	146	598	144	64	65	0.0184049	0	0.320879	2
249	396	136	395	135	64	65	0.00613497	0	0.298901	2
250	437	188	436	187	64	66	0.00613497	0	0.413187	2
251	427	186	425	185	64	67	0.00920245	0	0.408791	2
252	615	172	610	169	64	67	0.0429448	0	0.378022	2
253	355	230	356	230	64	67	0.00306748	0	0.505495	1
254	435	228	435	228	64	65	0	0	0.501099	1
255	131	449	122	449	64	75	0.0276074	0	0.986813	2
256	585	139	573	132	64	68	0.187117	0	0.305495	2
257	506	431	496	434	64	71	0.0582822	0	0.947253	2
258	472	131	476	131	64	65	0.0122699	0	0.287912	1
259	560	418	559	418	65	66	0.00306748	0	0.918681	2
260	103	455	102	454	65	66	0.00613497	0	1	2
261	429	175	427	174	65	66	0.00920245	0	0.384615	2
262	145	87	142	86	65	66	0.0122699	0	0.191209	2
263	419	136	417	134	65	66	0.0184049	0	0.298901	2
264	231	130	236	130	65	67	0.0153374	0	0.285714	1
265	486	162	486	164	65	66	0.0122699	0	0.356044	1
266	440	177	438	176	65	66	0.00920245	0	0.389011	2
267	438	431	436	431	65	80	0.00613497	0	0.947253	2
268	334	145	290	146	65	76	0.138037	0	0.318681	2
269	712	403	713	403	65	80	0.00306748	0	0.885714	1
270	499	168	498	170	65	66	0.0153374	0	0.369231	2
271	324	106	320	106	65	66	0.0122699	0	0.232967	2
272	176	438	176	439	66	70	0.00306748	0	0.962637	1
273	446	194	444	192	66	67	0.0184049	0	0.426374	2
274	615	416	617	415	66	69	0.00920245	0	0.914286	1
275	563	434	564	433	66	69	0.00613497	0	0.953846	1
276	480	132	485	132	66	68	0.0153374	0	0.29011	1
277	437	223	436	222	66	67	0.00613497	0	0.49011	2
278	595	142	592	139	66	67	0.0368098	0	0.312088	2
279	391	436	393	435	66	80	0.00920245	0	0.958242	1
280	683	412	674	411	66	76	0.0306748	0	0.905495	2
281	494	196	493	195	66	68	0.00613497	0	0.430769	2
282	552	284	427	285	66	80	0.386503	0	0.624176	2
283	244	181	238	182	66	71	0.0214724	0	0.397802	2
284	568	338	564	338	66	68	0.0122699	0	0.742857	2
285	559	418	559	418	67	70	0	0	0.918681	1
286	428	175	427	173	67	69	0.0153374	0	0.384615	2
287	102	455	104	454	67	69	0.00920245	0	1	1
288	418	134	416	132	67	68	0.0184049	0	0.294505	2
289	438	177	438	174	67	69	0.0276074	0	0.389011	1
290	177	308	170	307	67	68	0.0245399	0	0.676923	2
291	430	149	427	147	67	68	0.0214724	0	0.327473	2
292	508	180	507	178	67	68	0.0153374	0	0.395604	2
293	144	90	140	87	67	70	0.0398773	0	0.197802	2
294	351	176	362	173	67	69	0.0613497	0	0.386813	1
295	513	197	516	199	68	70	0.0214724	0	0.432967	1
296	393	133	397	131	68	69	0.0245399	0	0.292308	1
297	424	183	426	182	68	69	0.00920245	0	0.402198	1
298	180	306	175	303	68	69	0.0429448	0	0.672527	2
299	597	121	597	121	68	70	0	0	0.265934	1
300	314	110	309	113	68	70	0.0429448	0	0.241758	2
301	608	167	595	171	68	76	0.0889571	0	0.367033	2
302	568	419	566	419	68	80	0.00613497	0	0.920879	2
303	290	451	276	454	68	72	0.0705521	0	0.991209	2
304	496	195	486	206	69	72	0.40184	0	0.428571	2
305	419	132	405	133	69	72	0.0460123	0	0.29011	2
306	430	146	429	146	69	70	0.00306748	0	0.320879	2
307	491	133	483	139	69	73	0.134969	0	0.292308	2
308	434	132	434	132	69	70	0	0	0.29011	1
309	495	185	495	186	69	70	0.00306748	0	0.406593	1
310	519	323	491	328	69	71	0.162577	0	0.70989	2
311	435	221	433	221	69	70	0.00613497	0	0.485714	2
312	409	152	408	152	69	70	0.00306748	0	0.334066	2
313	559	430	550	430	70	74	0.0276074	0	0.945055	2
314	368	172	376	167	70	74	0.101227	0	0.378022	1
315	257	227	247	229	70	71	0.0429448	0	0.498901	2
316	407	209	389	215	70	72	0.165644	0	0.459341	2
317	248	127	243	127	70	71	0.0153374	0	0.279121	2
318	399	133	393	133	70	71	0.0184049	0	0.292308	2
319	382	153	378	151	70	71	0.0245399	0	0.336264	2
320	802	426	800	426	70	80	0.00613497	0	0.936264	2
321	818	425	808	425	70	74	0.0306748	0	0.934066	2
322	429	178	420	180	71	72	0.0398773	0	0.391209	2
323	417	432	423	430	71	80	0.0306748	0	0.949451	1
324	527	428	532	426	71	80	0.0276074	0	0.940659	1
325	664	414	669	412	71	80	0.0276074	0	0.90989	1
326	760	398	768	396	71	80	0.0368098	0	0.874725	1
327	510	429	516	427	71	80	0.0306748	0	0.942857	1
328	236	237	231	243	71	74	0.125767	0	0.520879	2
329	510	202	502	206	71	73	0.0736196	0	0.443956	2
330	596	133	588	134	71	72	0.0276074	0	0.292308	2
331	521	212	518	221	71	74	0.257669	0	0.465934	2
332	416	419	422	416	71	80	0.0460123	0	0.920879	1
333	421	148	419	146	71	74	0.0184049	0	0.325275	2
334	271	440	278	437	71	80	0.0490798	0	0.967033	1
335	777	413	784	411	71	80	0.0337423	0	0.907692	1
336	417	202	412	201	71	74	0.0184049	0	0.443956	2
337	415	159	408	159	71	72	0.0214724	0	0.349451	2
338	237	137	235	137	71	73	0.00613497	0	0.301099	2
339	201	24	189	24	71	72	0.0368098	0	0.0527473	2
340	761	412	769	410	71	80	0.0368098	0	0.905495	1
341	556	133	536	122	71	76	0.432515	0	0.292308	2
342	791	55	794	54	71	80	0.0122699	0	0.120879	1
343	171	451	171	450	71	74	0.00306748	0	0.991209	1
344	402	230	394	231	71	73	0.0276074	0	0.505495	2
345	376	164	374	162	71	72	0.0184049	0	0.36044	2
346	430	223	427	220	71	74	0.0368098	0	0.49011	2
347	486	164	479	166	71	72	0.0337423	0	0.36044	2
348	471	430	482	427	72	80	0.0613497	0	0.945055	1
349	369	441	382	438	72	80	0.0674847	0	0.969231	1
350	129	454	141	451	72	80	0.0644172	0	0.997802	1
351	458	431	469	428	72	80	0.0613497	0	0.947253	1
352	570	426	583	423	72	80	0.0674847	0	0.936264	1
353	220	445	231	441	72	80	0.0828221	0	0.978022	1
354	455	445	466	441	72	80	0.0828221	0	0.978022	1
355	195	453	206	450	72	80	0.0613497	0	0.995604	1
356	570	439	582	436	72	80	0.0644172	0	0.964835	1
357	235	441	246	438	72	80	0.0613497	0	0.969231	1
358	643	418	654	415	72	80	0.0613497	0	0.918681	1
359	163	441	175	437	72	80	0.0858896	0	0.969231	1
360	409	180	411	177	72	74	0.0337423	0	0.395604	1
361	603	419	615	417	72	80	0.0490798	0	0.920879	1
362	72	454	84	450	72	80	0.0858896	0	0.997802	1
363	506	442	516	439	72	80	0.0582822	0	0.971429	1
364	642	429	653	426	72	80	0.0613497	0	0.942857	1
365	765	400	777	397	72	80	0.0644172	0	0.879121	1
366	239	127	246	126	72	74	0.0245399	0	0.279121	1
367	241	232	240	235	72	73	0.0306748	0	0.50989	2
368	234	181	237	179	72	73	0.0214724	0	0.397802	1
369	418	190	420	187	72	74	0.0337423	0	0.417582	1
370	580	441	592	438	72	80	0.0644172	0	0.969231	1
371	580	424	593	422	72	80	0.0521472	0	0.931868	1
372	286	451	291	449	72	74	0.0276074	0	0.991209	1
373	468	443	480	440	72	80	0.0644172	0	0.973626	1
374	390	132	391	131	72	73	0.00613497	0	0.29011	1
375	408	190	407	190	72	73	0.00306748	0	0.417582	2
376	60	187	71	184	72	80	0.0613497	0	0.410989	1
377	145	451	157	448	72	80	0.0644172	0	0.991209	1
378	433	445	444	442	72	80	0.0613497	0	0.978022	1
379	389	433	401	429	72	80	0.0858896	0	0.951648	1
380	64	455	74	451	73	80	0.0797546	0	1	1
381	407	134	411	131	73	74	0.0398773	0	0.294505	1
382	129	319	126	317	73	74	0.0214724	0	0.701099	2
383	420	180	422	176	73	74	0.0552147	0	0.395604	1
384	481	167	483	166	73	74	0.00920245	0	0.367033	1
385	487	209	481	206	73	76	0.0460123	0	0.459341	2
386	138	309	135	308	73	74	0.0122699	0	0.679121	2
387	117	83	112	83	73	79	0.0153374	0	0.182418	2
388	586	137	588	136	73	74	0.00920245	0	0.301099	1
389	388	217	390	214	73	74	0.0337423	0	0.476923	1
390	257	455	266	451	73	80	0.0766871	0	1	1
391	54	455	64	451	73	80	0.0797546	0	1	1
392	381	162	388	158	73	74	0.0705521	0	0.356044	1
393	234	452	237	449	73	74	0.0368098	0	0.993407	1
394	558	136	558	133	73	74	0.0276074	0	0.298901	1
395	287	123	281	121	73	76	0.0306748	0	0.27033	2
396	486	303	472	302	73	75	0.0460123	0	0.665934	2
397	482	186	485	185	73	74	0.0122699	0	0.408791	1
398	273	148	273	146	73	74	0.0122699	0	0.325275	1
399	504	205	502	203	74	75	0.0184049	0	0.450549	2
400	242	236	254	237	74	79	0.0398773	0	0.518681	1
401	249	455	248	453	74	76	0.0153374	0	1	2
402	108	455	107	453	74	76	0.0153374	0	1	2
403	269	455	268	453	74	76	0.0153374	0	1	2
404	87	455	93	453	74	80	0.0306748	0	1	1
405	374	454	381	452	74	80	0.0337423	0	0.997802	1
406	240	137	258	134	74	80	0.0828221	0	0.301099	1
407	244	176	261	179	74	79	0.0797546	0	0.386813	1
408	490	139	495	138	74	76	0.0184049	0	0.305495	1
409	399	231	399	228	74	75	0.0276074	0	0.507692	1
410	121	316	114	314	75	76	0.0337423	0	0.694505	2
411	411	172	410	170	75	76	0.0153374	0	0.378022	2
412	231	242	248	240	75	80	0.0644172	0	0.531868	1
413	421	173	420	171	75	77	0.0153374	0	0.38022	2
414	551	428	558	429	75	80	0.0245399	0	0.940659	1
415	237	452	244	452	75	80	0.0214724	0	0.993407	1
416	422	142	425	142	75	77	0.00920245	0	0.312088	1
417	420	183	426	179	75	80	0.0674847	0	0.402198	1
418	125	303	118	301	75	76	0.0337423	0	0.665934	2
419	484	166	482	166	75	76	0.00613497	0	0.364835	2
420	369	143	381	141	75	80	0.0490798	0	0.314286	1
421	282	450	289	450	75	80	0.0214724	0	0.989011	1
422	411	197	418	194	75	80	0.0490798	0	0.432967	1
423	391	212	390	210	75	76	0.0153374	0	0.465934	2
424	410	129	413	128	75	77	0.0122699	0	0.283516	1
425	703	418	709	420	75	79	0.0306748	0	0.918681	1
426	433	174	431	172	75	76	0.0184049	0	0.382418	2
427	473	454	473	454	75	76	0	0	0.997802	1
428	444	136	447	136	75	76	0.00920245	0	0.298901	1
429	410	146	411	145	75	77	0.00613497	0	0.320879	1
430	171	448	178	448	75	80	0.0214724	0	0.984615	1
431	247	124	259	124	75	79	0.0368098	0	0.272527	1
432	429	216	432	213	75	77	0.0368098	0	0.474725	1
433	399	174	398	172	75	76	0.0153374	0	0.382418	2
434	556	129	552	127	75	76	0.0245399	0	0.283516	2
435	383	132	387	131	75	78	0.0153374	0	0.29011	1
436	135	371	135	369	76	77	0.0122699	0	0.815385	1
437	123	450	130	449	76	80	0.0245399	0	0.989011	1
438	103	329	97	327	76	77	0.0306748	0	0.723077	2
439	586	133	587	135	76	79	0.0153374	0	0.292308	1
440	502	206	504	213	76	79	0.156442	0	0.452747	1
441	111	315	102	313	77	79	0.0398773	0	0.692308	2
442	479	207	480	205	77	80	0.0153374	0	0.454945	1
443	115	302	100	300	77	80	0.0582822	0	0.663736	2
444	434	171	436	170	77	78	0.00920245	0	0.375824	1
445	281	123	280	123	77	78	0.00306748	0	0.27033	2
446	483	171	484	172	77	78	0.00613497	0	0.375824	1
447	293	148	296	147	77	80	0.0122699	0	0.325275	1
448	471	346	469	344	77	78	0.0184049	0	0.76044	2
449	137	310	129	313	77	79	0.0521472	0	0.681319	2
450	359	192	363	190	77	78	0.0245399	0	0.421978	1
451	452	138	463	138	77	79	0.0337423	0	0.303297	1
452	551	128	550	127	77	78	0.00613497	0	0.281319	2
453	119	331	110	329	77	79	0.0398773	0	0.727473	2
454	423	170	428	169	78	80	0.0184049	0	0.373626	1
455	252	455	255	453	78	80	0.0214724	0	1	1
456	428	143	432	139	78	80	0.0613497	0	0.314286	1
457	111	455	114	453	78	80	0.0214724	0	1	1
458	492	203	492	202	78	79	0.00306748	0	0.446154	1
459	416	127	420	123	78	80	0.0613497	0	0.279121	1
460	272	455	275	453	78	80	0.0214724	0	1	1
461	131	368	124	366	78	79	0.0337423	0	0.808791	2
462	698	409	702	407	78	80	0.0245399	0	0.898901	1
463	589	178	590	176	78	79	0.0153374	0	0.391209	1
464	477	455	480	453	78	80	0.0214724	0	1	1
465	404	223	408	219	78	80	0.0613497	0	0.49011	1
466	529	186	533	184	79	80	0.0245399	0	0.408791	1
467	368	189	373	188	79	80	0.0184049	0	0.415385	1
468	102	455	103	454	79	80	0.00613497	0	1	1
469	438	169	440	169	79	80	0.00613497	0	0.371429	1
470	548	126	546	123	79	80	0.0337423	0	0.276923	2