
0	473	186	476	191	2	7	0.04811	0	0.414254	1
1	227	216	227	216	2	3	0	0	0.481069	1
2	476	169	472	172	2	5	0.0223368	0	0.376392	2
3	583	138	583	138	2	14	0	0	0.30735	1
4	384	206	381	209	2	6	0.0206186	0	0.458797	2
5	566	181	564	179	2	3	0.0103093	0	0.403118	2
6	516	199	516	199	2	3	0	0	0.443207	1
7	531	128	530	125	2	3	0.0171821	0	0.285078	2
8	256	210	256	201	2	5	0.139175	0	0.467706	1
9	239	195	241	192	3	4	0.0189003	0	0.434298	1
10	326	203	325	201	3	4	0.00859107	0	0.452116	2
11	355	174	357	170	3	4	0.0309278	0	0.387528	1
12	704	206	705	206	3	5	0.00171821	0	0.458797	1
13	536	216	538	215	3	4	0.00515464	0	0.481069	1
14	702	186	703	185	3	4	0.00343643	0	0.414254	1
15	527	199	530	197	3	4	0.0120275	0	0.443207	1
16	311	190	309	185	3	5	0.0463918	0	0.423163	2
17	121	119	125	118	3	4	0.00859107	0	0.265033	1
18	593	161	591	159	3	4	0.0103093	0	0.358575	2
19	471	151	469	150	3	4	0.00515464	0	0.336303	2
20	41	448	45	453	3	10	0.0498282	0	0.997773	1
21	29	246	28	246	3	4	0.00171821	0	0.547884	2
22	343	222	344	222	3	5	0.00171821	0	0.494432	1
23	80	430	86	454	3	39	1	0	0.957684	1
24	680	146	682	143	3	10	0.0189003	0	0.325167	1
25	626	169	622	176	3	10	0.0910653	0	0.376392	2
26	435	146	433	144	4	5	0.0103093	0	0.325167	2
27	527	249	526	248	4	5	0.00343643	0	0.554566	2
28	704	150	703	149	4	7	0.00343643	0	0.334076	2
29	508	195	511	192	4	5	0.0206186	0	0.434298	1
30	544	168	539	169	4	5	0.0103093	0	0.374165	2
31	610	219	604	218	4	7	0.0120275	0	0.487751	2
32	429	192	422	194	4	5	0.0189003	0	0.427617	2
33	518	190	524	185	4	6	0.0532646	0	0.423163	1
34	392	160	388	159	4	6	0.00859107	0	0.356347	2
35	263	177	290	176	4	14	0.04811	0	0.394209	1
36	378	166	376	164	4	5	0.0103093	0	0.36971	2
37	437	134	436	132	4	5	0.00859107	0	0.298441	2
38	508	248	510	245	4	5	0.0189003	0	0.552339	1
39	136	114	136	114	5	6	0	0	0.253898	1
40	243	188	244	185	5	6	0.0171821	0	0.418708	1
41	607	165	607	165	5	6	0	0	0.367483	1
42	527	129	524	128	5	6	0.00687285	0	0.287305	2
43	588	171	588	169	5	6	0.00687285	0	0.380846	1
44	523	152	519	152	5	6	0.00687285	0	0.33853	2
45	460	153	453	152	5	7	0.0137457	0	0.340757	2
46	227	229	231	228	5	7	0.00859107	0	0.510022	1
47	531	109	531	108	5	6	0.00171821	0	0.242762	1
48	364	150	370	145	5	7	0.0532646	0	0.334076	1
49	530	119	528	115	5	8	0.0309278	0	0.265033	2
50	233	217	235	217	6	7	0.00343643	0	0.483296	1
51	360	166	364	163	6	7	0.0223368	0	0.36971	1
52	430	143	429	141	6	7	0.00859107	0	0.318486	2
53	520	173	521	173	6	7	0.00171821	0	0.385301	1
54	542	190	546	188	6	7	0.0137457	0	0.423163	1
55	223	217	230	214	6	8	0.0274914	0	0.483296	1
56	366	235	364	233	6	7	0.0103093	0	0.523385	2
57	528	249	529	248	6	7	0.00343643	0	0.554566	1
58	697	189	690	188	6	9	0.0137457	0	0.420935	2
59	532	195	552	197	6	11	0.0412371	0	0.434298	1
60	584	119	582	122	6	15	0.0189003	0	0.265033	2
61	399	162	387	162	6	10	0.0206186	0	0.360802	2
62	322	204	321	204	6	7	0.00171821	0	0.454343	2
63	622	155	618	161	6	10	0.0687285	0	0.345212	2
64	444	138	444	135	6	7	0.0154639	0	0.30735	1
65	136	449	136	453	6	10	0.0274914	0	1	1
66	320	227	307	241	7	13	0.359107	0	0.505568	2
67	609	166	609	166	7	8	0	0	0.36971	1
68	248	182	256	179	7	9	0.0292096	0	0.405345	1
69	387	210	387	215	7	10	0.0429553	0	0.467706	1
70	506	135	493	151	7	12	0.462199	0	0.300668	2
71	523	236	526	233	7	8	0.0206186	0	0.525612	1
72	416	146	415	144	7	8	0.00859107	0	0.325167	2
73	266	178	283	186	7	12	0.139175	0	0.396437	1
74	537	178	541	177	7	8	0.00859107	0	0.396437	1
75	546	98	548	102	7	10	0.0309278	0	0.218263	1
76	443	151	442	150	7	8	0.00343643	0	0.336303	2
77	706	188	706	188	7	8	0	0	0.418708	1
78	387	159	382	158	7	9	0.0103093	0	0.35412	2
79	342	174	350	188	7	12	0.350515	0	0.387528	1
80	437	180	436	184	7	10	0.0292096	0	0.400891	2
81	382	142	386	142	7	10	0.00687285	0	0.316258	1
82	136	49	184	67	7	40	0.639175	0	0.109131	1
83	465	143	427	159	7	16	0.505155	0	0.318486	2
84	253	172	256	170	7	8	0.0120275	0	0.383073	1
85	520	126	517	124	8	9	0.0120275	0	0.280624	2
86	146	112	150	111	8	9	0.00859107	0	0.249443	1
87	428	141	423	141	8	10	0.00859107	0	0.314031	2
88	552	189	556	190	8	10	0.00859107	0	0.420935	1
89	138	75	137	77	8	10	0.00859107	0	0.167038	2
90	479	192	478	190	8	9	0.00859107	0	0.427617	2
91	438	137	436	136	8	9	0.00515464	0	0.305122	2
92	362	232	338	241	8	11	0.180412	0	0.516704	2
93	582	156	580	154	8	9	0.0103093	0	0.347439	2
94	708	143	709	154	8	12	0.209622	0	0.318486	1
95	592	164	592	161	8	9	0.0154639	0	0.365256	1
96	526	175	525	175	8	9	0.00171821	0	0.389755	2
97	514	172	505	170	8	9	0.0223368	0	0.383073	2
98	530	249	532	256	8	11	0.0876289	0	0.554566	1
99	537	103	538	103	8	9	0.00171821	0	0.229399	1
100	241	180	244	178	8	9	0.0120275	0	0.400891	1
101	696	139	693	141	8	10	0.0120275	0	0.309577	2
102	456	155	446	158	8	10	0.032646	0	0.345212	2
103	431	151	427	152	8	10	0.00859107	0	0.336303	2
104	592	230	588	231	8	9	0.00859107	0	0.512249	2
105	139	115	137	117	9	10	0.0103093	0	0.256125	2
106	608	167	606	170	9	10	0.0189003	0	0.371938	2
107	404	189	387	205	9	14	0.469072	0	0.420935	2
108	361	140	361	142	9	10	0.00687285	0	0.311804	1
109	464	180	457	196	9	12	0.45189	0	0.400891	2
110	399	105	407	117	9	12	0.261168	0	0.233853	1
111	419	149	416	150	9	10	0.00687285	0	0.331849	2
112	231	229	230	230	9	10	0.00343643	0	0.510022	2
113	253	192	254	193	9	10	0.00343643	0	0.427617	1
114	536	182	538	183	9	10	0.00515464	0	0.405345	1
115	409	146	410	152	9	11	0.0635739	0	0.325167	1
116	539	233	543	238	9	11	0.0498282	0	0.518931	1
117	706	192	704	195	9	10	0.0189003	0	0.427617	2
118	549	137	548	139	9	10	0.00859107	0	0.305122	2
119	260	179	275	189	10	13	0.197595	0	0.398664	1
120	475	191	473	195	10	11	0.0309278	0	0.42539	2
121	498	171	493	181	10	13	0.180412	0	0.380846	2
122	577	154	582	160	10	12	0.0704467	0	0.342984	1
123	448	183	447	188	10	11	0.0446735	0	0.407572	2
124	686	189	686	189	10	11	0	0	0.420935	1
125	414	204	400	215	10	14	0.231959	0	0.454343	2
126	253	150	266	161	10	14	0.230241	0	0.334076	1
127	595	157	598	160	10	11	0.0206186	0	0.349666	1
128	577	175	586	185	10	12	0.187285	0	0.389755	1
129	81	205	84	219	10	15	0.341924	0	0.45657	1
130	523	114	525	123	10	12	0.142612	0	0.253898	1
131	141	123	144	128	11	14	0.04811	0	0.273942	1
132	609	176	602	182	11	15	0.0738832	0	0.391982	2
133	425	144	427	149	11	12	0.0463918	0	0.320713	1
134	374	209	359	214	11	14	0.0687285	0	0.465479	2
135	599	170	601	176	11	12	0.0652921	0	0.378619	1
136	145	92	150	98	11	12	0.0704467	0	0.2049	1
137	137	77	144	83	11	13	0.0738832	0	0.171492	1
138	707	194	709	197	11	13	0.0189003	0	0.432071	1
139	546	112	553	116	11	14	0.0395189	0	0.249443	1
140	695	145	698	150	11	12	0.04811	0	0.32294	1
141	524	136	525	141	11	12	0.0446735	0	0.302895	1
142	559	95	566	98	11	14	0.0274914	0	0.211581	1
143	527	198	533	205	11	12	0.0945017	0	0.44098	1
144	546	187	555	184	11	14	0.0309278	0	0.416481	1
145	389	169	386	174	11	13	0.04811	0	0.376392	2
146	253	164	260	170	11	14	0.0738832	0	0.365256	1
147	369	149	374	155	11	12	0.0704467	0	0.331849	1
148	412	121	417	125	11	15	0.0360825	0	0.269488	1
149	440	158	437	165	11	13	0.0893471	0	0.351893	2
150	393	147	399	151	11	12	0.0378007	0	0.327394	1
151	365	177	365	182	11	12	0.0429553	0	0.394209	1
152	241	197	246	203	11	12	0.0704467	0	0.438753	1
153	373	124	371	127	11	17	0.0189003	0	0.276169	2
154	448	212	448	221	11	12	0.139175	0	0.47216	1
155	682	145	630	129	11	26	0.52921	0	0.32294	2
156	597	234	598	240	11	14	0.0635739	0	0.521158	1
157	241	178	245	183	11	12	0.0498282	0	0.396437	1
158	562	200	565	197	12	13	0.0206186	0	0.445434	1
159	166	128	165	127	12	14	0.00343643	0	0.285078	2
160	541	190	543	189	12	13	0.00515464	0	0.423163	1
161	535	142	533	141	12	13	0.00515464	0	0.316258	2
162	603	165	602	163	12	13	0.00859107	0	0.367483	2
163	699	186	691	179	12	15	0.0979381	0	0.414254	2
164	393	225	388	224	12	13	0.0103093	0	0.501114	2
165	551	200	555	193	12	15	0.0910653	0	0.445434	1
166	220	216	227	214	12	14	0.0189003	0	0.481069	1
167	242	238	228	240	12	21	0.0309278	0	0.530067	2
168	689	191	671	186	12	16	0.0738832	0	0.42539	2
169	375	169	371	168	12	13	0.00859107	0	0.376392	2
170	549	251	552	251	12	13	0.00515464	0	0.55902	1
171	547	239	551	237	12	13	0.0137457	0	0.532294	1
172	448	200	442	200	13	14	0.0103093	0	0.445434	2
173	412	116	403	115	13	16	0.0171821	0	0.258352	2
174	443	190	437	188	13	14	0.0171821	0	0.423163	2
175	807	60	804	58	13	14	0.0120275	0	0.13363	2
176	481	149	474	147	13	14	0.0189003	0	0.331849	2
177	539	131	535	130	13	14	0.00859107	0	0.291759	2
178	522	128	518	130	13	15	0.0137457	0	0.285078	2
179	701	156	695	151	13	15	0.0532646	0	0.347439	2
180	148	100	133	99	13	18	0.0274914	0	0.222717	2
181	246	183	244	180	13	14	0.0189003	0	0.407572	2
182	262	232	262	230	13	14	0.00687285	0	0.516704	1
183	377	213	334	218	13	17	0.116838	0	0.474388	2
184	451	220	447	219	13	15	0.00859107	0	0.489978	2
185	541	199	541	202	13	14	0.0154639	0	0.443207	1
186	82	232	77	234	13	15	0.0154639	0	0.516704	2
187	686	159	681	156	13	14	0.024055	0	0.35412	2
188	97	249	94	250	13	15	0.00687285	0	0.554566	2
189	266	212	254	212	13	17	0.0206186	0	0.47216	2
190	623	174	600	170	13	17	0.0670103	0	0.387528	2
191	797	28	761	25	13	21	0.0773196	0	0.0623608	2
192	97	222	42	209	14	23	0.38488	0	0.494432	2
193	599	160	596	159	14	15	0.00687285	0	0.356347	2
194	454	206	445	206	14	15	0.0154639	0	0.458797	2
195	412	173	410	171	14	15	0.0103093	0	0.385301	2
196	379	226	371	227	14	15	0.0154639	0	0.503341	2
197	487	185	472	189	14	16	0.0532646	0	0.412027	2
198	543	189	545	190	14	15	0.00515464	0	0.420935	1
199	623	189	602	186	14	17	0.0515464	0	0.420935	2
200	438	169	420	172	14	16	0.0463918	0	0.376392	2
201	412	198	385	196	14	18	0.0532646	0	0.44098	2
202	518	173	517	173	14	15	0.00171821	0	0.385301	2
203	144	128	126	125	15	17	0.0463918	0	0.285078	2
204	281	195	269	196	15	16	0.0223368	0	0.434298	2
205	423	165	411	165	15	16	0.0206186	0	0.367483	2
206	573	187	568	185	15	16	0.0154639	0	0.416481	2
207	149	87	134	85	15	17	0.032646	0	0.193764	2
208	394	160	377	158	15	17	0.0360825	0	0.356347	2
209	683	204	660	206	15	19	0.0463918	0	0.454343	2
210	268	163	247	165	15	20	0.0429553	0	0.363029	2
211	428	141	408	139	15	17	0.0412371	0	0.314031	2
212	412	181	390	177	15	17	0.0652921	0	0.403118	2
213	803	60	782	59	15	17	0.0378007	0	0.13363	2
214	536	132	520	130	15	17	0.0343643	0	0.293987	2
215	271	183	264	183	15	16	0.0120275	0	0.407572	2
216	390	177	380	178	15	16	0.0189003	0	0.394209	2
217	287	175	278	176	15	16	0.0171821	0	0.389755	2
218	354	218	327	217	15	17	0.04811	0	0.485523	2
219	554	117	547	117	15	16	0.0120275	0	0.260579	2
220	245	181	231	179	15	17	0.0309278	0	0.403118	2
221	159	129	127	126	15	21	0.0704467	0	0.287305	2
222	531	176	513	169	15	18	0.11512	0	0.391982	2
223	598	241	567	239	15	28	0.0601375	0	0.536748	2
224	803	47	781	45	15	17	0.0446735	0	0.104677	2
225	599	172	577	169	15	17	0.0532646	0	0.383073	2
226	444	345	443	356	15	40	0.209622	0	0.768374	2
227	551	252	532	249	15	17	0.04811	0	0.561247	2
228	384	164	376	164	15	16	0.0137457	0	0.365256	2
229	683	194	642	184	15	23	0.242268	0	0.432071	2
230	277	236	262	233	16	17	0.0412371	0	0.525612	2
231	480	171	466	167	16	17	0.0515464	0	0.380846	2
232	542	233	536	228	16	19	0.0532646	0	0.518931	2
233	425	187	410	184	16	17	0.0412371	0	0.416481	2
234	68	237	40	233	16	20	0.0756014	0	0.52784	2
235	161	125	134	120	16	22	0.0893471	0	0.278396	2
236	553	105	544	101	16	17	0.0429553	0	0.233853	2
237	510	131	497	132	16	19	0.024055	0	0.291759	2
238	429	207	382	209	16	23	0.0876289	0	0.461024	2
239	459	150	446	147	16	17	0.0378007	0	0.334076	2
240	411	127	401	124	16	17	0.032646	0	0.282851	2
241	802	97	763	90	16	24	0.151203	0	0.216036	2
242	281	246	263	245	16	17	0.032646	0	0.547884	2
243	556	192	550	180	16	21	0.257732	0	0.427617	2
244	573	124	536	124	16	23	0.0635739	0	0.276169	2
245	248	209	239	207	16	17	0.0223368	0	0.465479	2
246	260	233	253	230	16	17	0.0274914	0	0.518931	2
247	691	151	673	150	16	18	0.032646	0	0.336303	2
248	245	171	230	172	16	20	0.0274914	0	0.380846	2
249	557	122	545	119	16	17	0.0360825	0	0.271715	2
250	811	58	772	55	16	22	0.0824742	0	0.129176	2
251	563	99	552	97	16	18	0.0257732	0	0.22049	2
252	509	154	499	152	16	17	0.024055	0	0.342984	2
253	88	250	62	247	16	20	0.0601375	0	0.556793	2
254	393	117	384	114	16	17	0.0309278	0	0.260579	2
255	803	27	785	28	16	19	0.032646	0	0.0601336	2
256	804	404	814	416	16	40	0.264605	0	0.899777	1
257	415	91	390	87	16	22	0.0704467	0	0.202673	2
258	402	164	394	166	17	18	0.0206186	0	0.365256	2
259	561	179	560	178	17	18	0.00343643	0	0.398664	2
260	275	235	269	237	17	18	0.0171821	0	0.523385	2
261	416	150	412	152	17	18	0.0137457	0	0.334076	2
262	277	255	273	266	17	36	0.214777	0	0.567929	2
263	254	183	251	185	17	18	0.0120275	0	0.407572	2
264	522	146	523	147	17	18	0.00343643	0	0.325167	1
265	361	160	358	162	17	18	0.0120275	0	0.356347	2
266	338	228	329	228	17	18	0.0154639	0	0.507795	2
267	355	193	323	193	17	25	0.0549828	0	0.429844	2
268	265	191	260	191	18	19	0.00859107	0	0.42539	2
269	458	170	448	171	18	19	0.0189003	0	0.378619	2
270	503	146	501	147	18	19	0.00515464	0	0.325167	2
271	358	213	354	212	18	19	0.00859107	0	0.474388	2
272	398	148	394	149	18	19	0.00859107	0	0.329621	2
273	256	237	251	238	18	19	0.0103093	0	0.52784	2
274	323	186	304	185	18	21	0.0343643	0	0.414254	2
275	454	191	413	189	18	24	0.0773196	0	0.42539	2
276	777	61	767	58	18	20	0.032646	0	0.135857	2
277	597	173	586	165	18	24	0.128866	0	0.385301	2
278	131	87	130	88	18	19	0.00343643	0	0.193764	2
279	250	206	246	207	18	19	0.00859107	0	0.458797	2
280	497	157	484	155	18	22	0.0292096	0	0.349666	2
281	497	171	493	174	18	20	0.0223368	0	0.380846	2
282	530	242	535	221	18	22	0.766323	0	0.538976	1
283	126	130	123	124	18	21	0.0670103	0	0.289532	2
284	396	194	389	196	18	19	0.0189003	0	0.432071	2
285	360	152	360	151	18	19	0.00171821	0	0.33853	1
286	319	220	304	218	18	21	0.032646	0	0.489978	2
287	231	181	229	181	18	20	0.00343643	0	0.403118	2
288	373	187	370	188	18	19	0.00687285	0	0.416481	2
289	406	187	393	187	18	20	0.0223368	0	0.416481	2
290	388	148	380	149	18	19	0.0154639	0	0.329621	2
291	371	130	368	126	18	21	0.032646	0	0.289532	2
292	440	147	416	146	18	21	0.0429553	0	0.327394	2
293	778	47	761	43	18	21	0.056701	0	0.104677	2
294	536	191	539	178	18	23	0.295533	0	0.42539	1
295	513	155	507	154	18	20	0.0120275	0	0.345212	2
296	71	237	60	233	18	20	0.0463918	0	0.52784	2
297	592	187	585	179	18	27	0.121993	0	0.416481	2
298	344	170	326	166	18	23	0.0584192	0	0.378619	2
299	410	154	400	151	19	21	0.032646	0	0.342984	2
300	389	167	382	165	19	20	0.0189003	0	0.371938	2
301	370	213	366	210	19	20	0.0223368	0	0.474388	2
302	684	166	667	156	19	22	0.201031	0	0.36971	2
303	228	224	218	218	19	23	0.0790378	0	0.498886	2
304	544	101	539	97	19	23	0.0360825	0	0.224944	2
305	254	181	249	178	19	20	0.024055	0	0.403118	2
306	250	249	238	248	19	21	0.0223368	0	0.554566	2
307	513	169	503	172	19	22	0.032646	0	0.376392	2
308	358	180	350	178	19	20	0.0206186	0	0.400891	2
309	573	185	565	182	19	21	0.0292096	0	0.412027	2
310	537	125	532	123	19	20	0.0154639	0	0.278396	2
311	773	91	763	90	19	21	0.0189003	0	0.202673	2
312	394	117	390	115	19	20	0.0137457	0	0.260579	2
313	370	153	363	150	19	20	0.0274914	0	0.340757	2
314	491	142	483	140	19	21	0.0206186	0	0.316258	2
315	516	132	513	131	19	20	0.00687285	0	0.293987	2
316	246	238	239	237	20	21	0.0137457	0	0.530067	2
317	248	205	241	204	20	21	0.0137457	0	0.45657	2
318	497	145	490	144	20	22	0.0137457	0	0.32294	2
319	541	226	541	222	20	21	0.0274914	0	0.503341	1
320	319	236	311	237	20	21	0.0154639	0	0.525612	2
321	416	202	403	200	20	22	0.0292096	0	0.449889	2
322	379	123	378	121	20	21	0.00859107	0	0.273942	2
323	494	131	487	131	20	22	0.0120275	0	0.291759	2
324	545	243	538	240	20	22	0.0274914	0	0.541203	2
325	376	164	371	163	21	22	0.0103093	0	0.365256	2
326	237	171	238	170	21	22	0.00343643	0	0.380846	1
327	341	178	334	178	21	22	0.0120275	0	0.396437	2
328	33	230	24	221	21	24	0.154639	0	0.512249	2
329	561	223	558	221	21	22	0.0120275	0	0.496659	2
330	760	56	753	51	21	23	0.0549828	0	0.124722	2
331	653	138	648	134	21	22	0.0360825	0	0.30735	2
332	526	124	509	123	21	28	0.0309278	0	0.276169	2
333	368	189	365	190	21	23	0.00687285	0	0.420935	2
334	393	164	385	162	21	23	0.0206186	0	0.365256	2
335	305	224	292	235	22	31	0.230241	0	0.498886	2
336	242	195	239	194	22	23	0.00687285	0	0.434298	2
337	521	154	513	153	22	26	0.0154639	0	0.342984	2
338	396	150	395	148	22	23	0.00859107	0	0.334076	2
339	232	237	228	236	22	23	0.00859107	0	0.52784	2
340	256	196	249	194	22	26	0.0189003	0	0.436526	2
341	376	122	380	121	22	23	0.00859107	0	0.271715	1
342	126	82	126	81	22	23	0.00171821	0	0.182628	1
343	386	143	384	142	22	23	0.00515464	0	0.318486	2
344	308	236	306	234	22	24	0.0103093	0	0.525612	2
345	380	106	380	105	22	23	0.00171821	0	0.23608	1
346	363	144	361	143	22	23	0.00515464	0	0.320713	2
347	352	152	353	153	22	25	0.00343643	0	0.33853	1
348	234	247	232	246	22	23	0.00515464	0	0.550111	2
349	535	139	526	139	22	26	0.0154639	0	0.309577	2
350	256	186	253	185	22	24	0.00687285	0	0.414254	2
351	548	220	549	217	22	23	0.0171821	0	0.489978	1
352	566	164	584	166	22	29	0.0378007	0	0.365256	1
353	760	38	755	36	22	24	0.0154639	0	0.0846325	2
354	550	96	567	101	22	29	0.0721649	0	0.213808	1
355	148	141	182	155	22	40	0.395189	0	0.314031	1
356	758	90	739	87	22	28	0.04811	0	0.200445	2
357	133	118	134	117	23	24	0.00343643	0	0.262806	1
358	339	179	337	178	23	26	0.00515464	0	0.398664	2
359	372	169	371	168	23	24	0.00343643	0	0.376392	2
360	490	146	488	145	23	24	0.00515464	0	0.325167	2
361	359	211	359	211	23	24	0	0	0.469933	1
362	340	206	340	206	23	24	0	0	0.458797	1
363	357	166	357	166	23	24	0	0	0.36971	1
364	599	236	601	238	23	27	0.0103093	0	0.525612	1
365	241	179	240	178	23	24	0.00343643	0	0.398664	2
366	336	216	335	216	23	26	0.00171821	0	0.481069	2
367	530	151	527	151	23	25	0.00515464	0	0.336303	2
368	408	150	402	150	23	24	0.0103093	0	0.334076	2
369	656	133	656	133	23	24	0	0	0.296214	1
370	362	153	363	153	23	24	0.00171821	0	0.340757	1
371	390	113	395	112	23	24	0.0103093	0	0.25167	1
372	484	156	485	157	23	25	0.00343643	0	0.347439	1
373	225	182	228	182	23	24	0.00515464	0	0.405345	1
374	489	177	489	174	23	24	0.0154639	0	0.394209	1
375	641	133	638	127	23	29	0.0670103	0	0.296214	2
376	559	220	561	219	23	24	0.00515464	0	0.489978	1
377	375	152	373	150	23	25	0.0103093	0	0.33853	2
378	548	167	554	162	23	25	0.0532646	0	0.371938	1
379	763	25	762	24	23	24	0.00343643	0	0.0556793	2
380	420	170	399	167	23	28	0.0515464	0	0.378619	2
381	235	204	234	202	23	24	0.00859107	0	0.454343	2
382	388	172	384	171	23	26	0.00859107	0	0.383073	2
383	379	210	370	207	24	26	0.0309278	0	0.467706	2
384	42	206	45	218	24	35	0.252577	0	0.458797	1
385	384	161	378	162	24	27	0.0120275	0	0.358575	2
386	258	163	261	162	24	25	0.00687285	0	0.363029	1
387	640	178	637	175	24	25	0.0206186	0	0.396437	2
388	31	208	24	201	24	28	0.0962199	0	0.463252	2
389	544	99	607	107	24	40	0.218213	0	0.22049	1
390	366	135	369	135	24	25	0.00515464	0	0.300668	1
391	330	167	337	167	24	27	0.0120275	0	0.371938	1
392	537	126	534	125	24	25	0.00687285	0	0.280624	2
393	307	174	303	171	24	26	0.0223368	0	0.387528	2
394	262	239	260	250	24	31	0.21134	0	0.532294	2
395	347	165	348	165	24	25	0.00171821	0	0.367483	1
396	263	185	261	184	24	25	0.00515464	0	0.412027	2
397	417	141	409	139	24	26	0.0206186	0	0.314031	2
398	303	187	296	185	24	26	0.0189003	0	0.416481	2
399	121	75	174	86	24	40	0.298969	0	0.167038	1
400	132	80	139	82	25	29	0.0189003	0	0.178174	1
401	236	189	233	187	25	26	0.0120275	0	0.420935	2
402	140	116	144	115	25	26	0.00859107	0	0.258352	1
403	588	165	599	169	25	29	0.0463918	0	0.367483	1
404	305	233	295	234	25	28	0.0189003	0	0.518931	2
405	370	169	369	170	25	26	0.00343643	0	0.376392	2
406	395	119	400	119	25	26	0.00859107	0	0.265033	1
407	656	135	650	130	25	29	0.0532646	0	0.300668	2
408	751	50	749	48	25	26	0.0103093	0	0.111359	2
409	130	123	131	122	25	27	0.00343643	0	0.273942	1
410	754	36	749	34	25	28	0.0154639	0	0.0801782	2
411	385	144	384	143	25	26	0.00343643	0	0.320713	2
412	381	107	441	119	25	38	0.350515	0	0.238307	1
413	647	194	648	189	25	28	0.0446735	0	0.432071	1
414	487	171	487	190	25	31	0.620275	0	0.380846	1
415	219	221	221	220	25	26	0.00515464	0	0.492205	1
416	348	182	349	181	25	27	0.00343643	0	0.405345	1
417	321	215	323	215	25	26	0.00343643	0	0.478842	1
418	391	131	391	130	25	26	0.00171821	0	0.291759	1
419	563	222	564	222	25	26	0.00171821	0	0.494432	1
420	397	104	399	104	25	26	0.00343643	0	0.231626	1
421	568	180	569	179	25	26	0.00343643	0	0.400891	1
422	648	174	648	173	26	27	0.00171821	0	0.387528	1
423	362	158	362	156	26	27	0.00687285	0	0.351893	1
424	222	236	217	236	26	28	0.00859107	0	0.525612	2
425	382	118	384	117	26	27	0.00515464	0	0.262806	1
426	372	135	375	134	26	27	0.00687285	0	0.300668	1
427	531	125	528	124	26	27	0.00687285	0	0.278396	2
428	352	156	352	154	26	27	0.00687285	0	0.347439	1
429	764	32	765	41	26	35	0.140893	0	0.0712695	1
430	763	90	761	90	26	29	0.00343643	0	0.200445	2
431	261	197	259	196	26	27	0.00515464	0	0.438753	2
432	564	166	565	163	26	27	0.0171821	0	0.36971	1
433	347	166	347	165	26	27	0.00171821	0	0.36971	1
434	389	206	385	209	26	28	0.0223368	0	0.458797	2
435	225	246	216	252	26	29	0.0773196	0	0.547884	2
436	312	185	306	190	26	29	0.0532646	0	0.412027	2
437	251	184	245	184	26	28	0.0103093	0	0.4098	2
438	526	115	520	115	26	29	0.0103093	0	0.256125	2
439	366	145	366	143	26	27	0.00687285	0	0.32294	1
440	351	229	354	236	26	29	0.0893471	0	0.510022	1
441	587	220	590	220	26	27	0.00515464	0	0.489978	1
442	246	194	236	203	27	31	0.156357	0	0.432071	2
443	513	154	510	154	27	28	0.00515464	0	0.342984	2
444	268	163	276	166	27	29	0.0292096	0	0.363029	1
445	749	47	746	47	27	28	0.00515464	0	0.104677	2
446	250	166	250	168	27	28	0.00687285	0	0.36971	1
447	302	172	300	182	27	30	0.175258	0	0.383073	2
448	490	151	489	153	27	28	0.00859107	0	0.336303	2
449	630	130	637	130	27	40	0.0120275	0	0.289532	1
450	294	184	291	201	27	32	0.501718	0	0.4098	2
451	259	184	256	185	27	28	0.00687285	0	0.4098	2
452	402	183	397	184	27	28	0.0103093	0	0.407572	2
453	353	215	354	214	27	28	0.00343643	0	0.478842	1
454	526	147	521	148	27	28	0.0103093	0	0.327394	2
455	567	221	569	221	27	28	0.00343643	0	0.492205	1
456	551	148	552	151	27	29	0.0171821	0	0.329621	1
457	335	205	338	208	27	29	0.0206186	0	0.45657	1
458	410	112	498	130	27	39	0.707904	0	0.249443	1
459	137	117	138	119	28	29	0.00859107	0	0.260579	1
460	383	171	382	175	28	29	0.0292096	0	0.380846	2
461	363	152	364	154	28	29	0.00859107	0	0.33853	1
462	385	159	385	164	28	29	0.0429553	0	0.35412	1
463	339	179	357	188	28	35	0.170103	0	0.398664	1
464	363	164	363	168	28	29	0.0274914	0	0.365256	1
465	357	174	360	176	28	29	0.0120275	0	0.387528	1
466	551	114	554	116	28	29	0.0120275	0	0.253898	1
467	648	179	649	178	28	29	0.00343643	0	0.398664	1
468	602	242	619	250	28	34	0.139175	0	0.538976	1
469	419	139	490	146	28	36	0.206186	0	0.309577	1
470	273	216	275	223	28	30	0.0876289	0	0.481069	1
471	127	118	140	129	28	33	0.230241	0	0.262806	1
472	494	141	495	149	28	30	0.111684	0	0.314031	1
473	148	115	151	117	28	29	0.0120275	0	0.256125	1
474	638	161	637	164	28	31	0.0171821	0	0.358575	2
475	527	123	525	127	28	30	0.0309278	0	0.273942	2
476	338	169	353	177	28	36	0.135739	0	0.376392	1
477	587	180	636	189	28	40	0.223368	0	0.400891	1
478	327	217	331	219	28	29	0.0137457	0	0.483296	1
479	569	164	575	171	28	30	0.0945017	0	0.365256	1
480	373	165	373	169	28	29	0.0274914	0	0.367483	1
481	395	207	394	212	28	29	0.0446735	0	0.461024	2
482	299	201	299	205	28	29	0.0274914	0	0.447661	1
483	262	230	262	233	28	29	0.0154639	0	0.512249	1
484	499	157	501	160	28	29	0.0189003	0	0.349666	1
485	511	156	511	159	29	30	0.0154639	0	0.347439	1
486	743	78	743	82	29	31	0.0274914	0	0.173719	1
487	358	216	360	219	29	30	0.0189003	0	0.481069	1
488	219	240	232	248	29	39	0.132302	0	0.534521	1
489	293	240	314	250	29	38	0.207904	0	0.534521	1
490	573	225	575	226	29	30	0.00515464	0	0.501114	1
491	569	241	570	241	29	30	0.00171821	0	0.536748	1
492	749	36	751	43	29	34	0.0876289	0	0.0801782	1
493	745	93	745	96	29	30	0.0154639	0	0.207127	1
494	417	125	456	137	29	34	0.314433	0	0.278396	1
495	755	24	752	31	29	32	0.0893471	0	0.0534521	2
496	407	124	419	129	29	31	0.0635739	0	0.276169	1
497	600	225	629	231	29	36	0.111684	0	0.501114	1
498	637	185	637	188	29	30	0.0154639	0	0.412027	1
499	154	123	172	129	30	35	0.0927835	0	0.273942	1
500	144	85	156	90	30	33	0.0635739	0	0.18931	1
501	382	181	381	184	30	31	0.0171821	0	0.403118	2
502	605	175	630	183	30	35	0.152921	0	0.389755	1
503	392	219	415	224	30	40	0.0824742	0	0.487751	1
504	141	123	145	126	30	32	0.0223368	0	0.273942	1
505	274	177	281	181	30	32	0.0395189	0	0.394209	1
506	418	138	431	143	30	32	0.0652921	0	0.30735	1
507	762	95	757	95	30	31	0.00859107	0	0.211581	2
508	362	163	366	169	30	32	0.0687285	0	0.363029	1
509	334	221	336	222	30	31	0.00515464	0	0.492205	1
510	376	158	377	161	30	31	0.0171821	0	0.351893	1
511	306	194	305	201	30	32	0.0859107	0	0.432071	2
512	416	183	417	186	30	31	0.0171821	0	0.407572	1
513	261	237	261	242	30	32	0.0429553	0	0.52784	1
514	588	168	596	172	30	32	0.0412371	0	0.374165	1
515	744	53	750	55	30	37	0.0171821	0	0.11804	1
516	254	191	259	195	30	34	0.0360825	0	0.42539	1
517	371	219	370	222	30	31	0.0171821	0	0.487751	2
518	224	195	223	202	30	32	0.0859107	0	0.434298	2
519	557	121	564	125	30	32	0.0395189	0	0.269488	1
520	360	187	361	188	30	31	0.00343643	0	0.416481	1
521	387	133	390	134	30	31	0.00687285	0	0.296214	1
522	339	211	343	215	30	32	0.0343643	0	0.469933	1
523	645	137	647	139	30	33	0.0103093	0	0.305122	1
524	279	167	307	175	30	35	0.158076	0	0.371938	1
525	217	257	228	263	30	40	0.080756	0	0.572383	1
526	554	159	581	163	30	37	0.0738832	0	0.35412	1
527	366	202	367	204	30	32	0.00859107	0	0.449889	1
528	254	179	256	185	30	32	0.0652921	0	0.398664	1
529	516	116	521	127	30	36	0.216495	0	0.258352	1
530	499	152	503	154	31	32	0.0137457	0	0.33853	1
531	514	161	515	162	31	32	0.00343643	0	0.358575	1
532	267	185	271	188	31	32	0.0223368	0	0.412027	1
533	744	98	761	100	31	37	0.0360825	0	0.218263	1
534	353	175	369	174	31	37	0.0292096	0	0.389755	1
535	359	227	374	228	31	35	0.0274914	0	0.505568	1
536	259	224	262	233	31	32	0.14433	0	0.498886	1
537	279	225	281	227	31	32	0.0103093	0	0.501114	1
538	557	150	598	150	31	40	0.0704467	0	0.334076	1
539	578	229	588	228	31	33	0.0189003	0	0.510022	1
540	380	213	395	213	31	37	0.0257732	0	0.474388	1
541	502	192	525	208	31	38	0.479381	0	0.427617	1
542	242	188	257	193	31	39	0.0687285	0	0.418708	1
543	356	244	372	246	31	35	0.0343643	0	0.54343	1
544	408	128	422	127	32	34	0.0257732	0	0.285078	1
545	291	239	298	241	32	34	0.0189003	0	0.532294	1
546	386	190	390	191	32	33	0.00859107	0	0.423163	1
547	386	173	390	174	32	33	0.00859107	0	0.385301	1
548	746	85	748	85	32	33	0.00343643	0	0.18931	1
549	236	206	246	203	32	36	0.032646	0	0.458797	1
550	363	190	369	189	32	34	0.0120275	0	0.423163	1
551	398	128	412	128	32	34	0.024055	0	0.285078	1
552	598	218	625	219	32	37	0.04811	0	0.485523	1
553	598	162	608	161	32	33	0.0189003	0	0.360802	1
554	262	253	270	252	32	35	0.0154639	0	0.563474	1
555	376	183	399	181	32	40	0.0463918	0	0.407572	1
556	757	62	763	63	32	39	0.0120275	0	0.138085	1
557	485	150	500	157	32	36	0.109966	0	0.334076	1
558	432	146	441	146	33	34	0.0154639	0	0.325167	1
559	308	204	321	201	33	37	0.0378007	0	0.454343	1
560	265	242	268	241	33	34	0.00687285	0	0.538976	1
561	664	157	672	145	33	37	0.261168	0	0.349666	1
562	442	146	452	147	33	34	0.0189003	0	0.325167	1
563	290	196	294	196	33	34	0.00687285	0	0.436526	1
564	418	171	428	170	33	35	0.0189003	0	0.380846	1
565	255	209	258	209	33	34	0.00515464	0	0.465479	1
566	403	151	404	151	33	34	0.00171821	0	0.336303	1
567	288	183	294	183	33	34	0.0103093	0	0.407572	1
568	602	174	608	173	33	34	0.0120275	0	0.387528	1
569	495	168	499	169	33	34	0.00859107	0	0.374165	1
570	645	193	649	192	33	34	0.00859107	0	0.429844	1
571	304	194	322	189	33	39	0.0738832	0	0.432071	1
572	231	250	235	249	33	34	0.00859107	0	0.556793	1
573	367	210	371	208	33	34	0.0137457	0	0.467706	1
574	24	232	30	237	33	35	0.0532646	0	0.516704	1
575	571	126	583	124	33	35	0.0274914	0	0.280624	1
576	260	184	272	185	33	37	0.0223368	0	0.4098	1
577	593	189	604	188	33	35	0.0206186	0	0.420935	1
578	449	24	453	24	33	34	0.00687285	0	0.0534521	1
579	73	24	94	28	33	40	0.0635739	0	0.0534521	1
580	51	207	53	208	34	35	0.00515464	0	0.461024	1
581	284	238	295	239	34	35	0.0206186	0	0.530067	1
582	394	189	402	188	34	37	0.0154639	0	0.420935	1
583	642	177	646	174	34	36	0.0223368	0	0.394209	1
584	354	229	360	230	34	36	0.0120275	0	0.510022	1
585	498	181	502	183	34	36	0.0137457	0	0.403118	1
586	247	242	253	241	34	35	0.0120275	0	0.538976	1
587	511	156	516	157	34	35	0.0103093	0	0.347439	1
588	511	134	516	140	34	37	0.0704467	0	0.298441	1
589	321	203	338	199	34	40	0.056701	0	0.452116	1
590	595	235	614	240	34	40	0.0756014	0	0.523385	1
591	751	84	752	83	34	36	0.00343643	0	0.187082	1
592	430	126	445	128	35	38	0.032646	0	0.280624	1
593	272	241	273	243	35	37	0.00859107	0	0.536748	1
594	505	170	505	174	35	37	0.0274914	0	0.378619	1
595	452	148	480	152	35	39	0.0756014	0	0.329621	1
596	298	195	301	194	35	36	0.00687285	0	0.434298	1
597	464	149	472	150	35	36	0.0154639	0	0.331849	1
598	262	210	263	210	35	36	0.00171821	0	0.467706	1
599	471	193	492	197	35	38	0.0635739	0	0.429844	1
600	750	95	749	95	35	36	0.00171821	0	0.211581	2
601	281	193	284	192	35	36	0.00687285	0	0.429844	1
602	384	168	387	168	35	36	0.00515464	0	0.374165	1
603	157	134	162	133	35	36	0.0103093	0	0.298441	1
604	378	183	383	182	35	37	0.0103093	0	0.407572	1
605	524	146	524	147	35	36	0.00171821	0	0.325167	1
606	650	138	651	134	35	40	0.0292096	0	0.30735	1
607	624	163	629	163	35	36	0.00859107	0	0.363029	1
608	445	129	452	131	35	37	0.0189003	0	0.287305	1
609	600	247	601	248	35	36	0.00343643	0	0.550111	1
610	294	185	298	186	35	36	0.00859107	0	0.412027	1
611	175	129	177	129	36	37	0.00343643	0	0.287305	1
612	361	189	364	189	36	37	0.00515464	0	0.420935	1
613	48	221	50	222	36	37	0.00515464	0	0.492205	1
614	30	239	32	241	36	37	0.0103093	0	0.532294	1
615	589	122	603	120	36	40	0.0309278	0	0.271715	1
616	767	42	765	43	36	40	0.00515464	0	0.0935412	2
617	55	211	56	212	36	37	0.00343643	0	0.469933	1
618	445	187	474	189	36	40	0.056701	0	0.416481	1
619	309	176	313	175	36	37	0.00859107	0	0.391982	1
620	755	41	755	41	36	37	0	0	0.091314	1
621	319	173	336	175	36	40	0.0360825	0	0.385301	1
622	377	172	380	172	36	37	0.00515464	0	0.383073	1
623	502	203	501	203	36	38	0.00171821	0	0.452116	2
624	433	174	437	173	36	37	0.00859107	0	0.387528	1
625	397	164	400	164	36	37	0.00515464	0	0.365256	1
626	382	202	383	202	37	38	0.00171821	0	0.449889	1
627	267	198	268	200	37	38	0.00859107	0	0.44098	1
628	613	191	621	192	37	39	0.0154639	0	0.42539	1
629	535	182	535	186	37	38	0.0274914	0	0.405345	1
630	503	186	503	187	37	38	0.00171821	0	0.414254	1
631	303	245	305	245	37	38	0.00343643	0	0.545657	1
632	483	152	490	152	37	38	0.0120275	0	0.33853	1
633	754	83	754	83	37	38	0	0	0.184855	1
634	363	231	366	232	37	39	0.00687285	0	0.514477	1
635	353	179	352	180	37	38	0.00343643	0	0.398664	2
636	407	152	406	153	37	38	0.00343643	0	0.33853	2
637	624	165	629	165	37	38	0.00859107	0	0.367483	1
638	376	243	376	241	37	38	0.00687285	0	0.541203	1
639	517	173	514	174	37	38	0.00687285	0	0.385301	2
640	661	126	660	126	37	40	0.00171821	0	0.280624	2
641	606	250	609	250	37	39	0.00515464	0	0.556793	1
642	498	162	497	163	37	38	0.00343643	0	0.360802	2
643	599	155	603	154	37	39	0.00859107	0	0.345212	1
644	323	201	326	200	38	40	0.00687285	0	0.447661	1
645	642	194	649	192	38	40	0.0189003	0	0.432071	1
646	367	190	369	190	38	39	0.00343643	0	0.423163	1
647	398	171	401	170	38	40	0.00687285	0	0.380846	1
648	181	131	184	130	38	39	0.00687285	0	0.291759	1
649	274	248	273	250	38	39	0.00859107	0	0.552339	2
650	406	184	410	184	38	40	0.00687285	0	0.4098	1
651	382	175	380	174	38	39	0.00515464	0	0.389755	2
652	53	223	54	221	38	39	0.00859107	0	0.496659	1
653	416	184	421	183	38	40	0.0103093	0	0.4098	1
654	744	94	745	93	38	39	0.00343643	0	0.209354	1
655	406	194	407	193	38	39	0.00343643	0	0.432071	1
656	34	244	36	242	38	40	0.0103093	0	0.54343	1
657	649	207	656	206	38	40	0.0137457	0	0.461024	1
658	397	221	401	221	38	40	0.00687285	0	0.492205	1
659	755	42	754	42	38	39	0.00171821	0	0.0935412	2
660	265	213	265	213	38	39	0	0	0.474388	1
661	521	131	519	130	38	39	0.00515464	0	0.291759	2
662	57	213	59	211	38	40	0.0103093	0	0.474388	1
663	432	172	435	173	38	39	0.00687285	0	0.383073	1
664	425	210	427	214	38	40	0.0309278	0	0.467706	1
665	522	187	519	188	38	40	0.00687285	0	0.416481	2
666	531	173	532	175	38	40	0.00859107	0	0.385301	1
667	355	226	354	224	38	40	0.00859107	0	0.503341	2
668	249	207	250	210	38	40	0.0171821	0	0.461024	1
669	626	177	631	177	38	39	0.00859107	0	0.394209	1
670	490	198	491	198	39	40	0.00171821	0	0.44098	1
671	269	201	270	202	39	40	0.00343643	0	0.447661	1
672	281	194	283	193	39	40	0.00515464	0	0.432071	1
673	538	189	538	189	39	40	0	0	0.420935	1
674	359	191	360	192	39	40	0.00343643	0	0.42539	1
675	502	189	501	191	39	40	0.00859107	0	0.420935	2
676	752	83	749	83	39	40	0.00515464	0	0.184855	2
677	627	161	630	160	39	40	0.00687285	0	0.358575	1
678	514	169	510	169	39	40	0.00687285	0	0.376392	2
679	447	118	452	119	39	40	0.0103093	0	0.262806	1
680	506	179	503	179	39	40	0.00515464	0	0.398664	2
681	387	184	389	184	39	40	0.00343643	0	0.4098	1
682	640	166	643	165	39	40	0.00687285	0	0.36971	1
683	422	162	424	164	39	40	0.0103093	0	0.360802	1
684	437	151	442	152	39	40	0.0103093	0	0.336303	1
685	321	174	324	174	39	40	0.00515464	0	0.387528	1
686	468	25	469	25	39	40	0.00171821	0	0.0556793	1
687	632	222	636	220	39	40	0.0137457	0	0.494432	1
688	753	57	752	56	39	40	0.00343643	0	0.126949	2
689	355	212	355	212	39	40	0	0	0.47216	1
690	476	167	481	166	39	40	0.0103093	0	0.371938	1
691	500	203	499	204	39	40	0.00343643	0	0.452116	2
692	352	180	352	181	39	40	0.00171821	0	0.400891	1
693	406	156	405	158	39	40	0.00859107	0	0.347439	2