
0	539	179	538	178	252	253	0.00625	0	0.393407	2
1	648	192	647	191	252	253	0.00625	0	0.421978	2
2	491	176	490	175	252	253	0.00625	0	0.386813	2
3	294	422	293	424	252	258	0.015625	0	0.927473	2
4	432	209	431	208	252	253	0.00625	0	0.459341	2
5	660	194	660	193	252	254	0.003125	0	0.426374	1
6	401	220	402	219	253	254	0.00625	0	0.483516	1
7	444	428	444	429	253	254	0.003125	0	0.940659	1
8	349	421	350	421	253	258	0.003125	0	0.925275	1
9	448	440	448	441	253	254	0.003125	0	0.967033	1
10	480	194	481	193	253	255	0.00625	0	0.426374	1
11	434	218	433	217	253	254	0.00625	0	0.479121	2
12	561	150	560	149	253	254	0.00625	0	0.32967	2
13	459	428	459	429	253	254	0.003125	0	0.940659	1
14	545	190	545	190	253	254	0	0	0.417582	1
15	449	201	450	201	253	254	0.003125	0	0.441758	1
16	469	443	469	443	253	256	0	0	0.973626	1
17	336	155	337	156	253	255	0.00625	0	0.340659	1
18	730	214	728	216	253	254	0.01875	0	0.47033	2
19	252	442	252	443	253	254	0.003125	0	0.971429	1
20	573	185	572	185	253	254	0.003125	0	0.406593	2
21	540	179	541	177	254	255	0.015625	0	0.393407	1
22	491	175	492	173	254	255	0.015625	0	0.384615	1
23	427	196	428	194	254	255	0.015625	0	0.430769	1
24	649	190	650	187	254	255	0.03125	0	0.417582	1
25	317	436	315	436	254	260	0.00625	0	0.958242	2
26	518	177	519	176	254	255	0.00625	0	0.389011	1
27	361	149	363	148	254	255	0.009375	0	0.327473	1
28	252	431	252	431	255	256	0	0	0.947253	1
29	272	450	272	449	255	260	0.003125	0	0.989011	1
30	451	441	452	441	255	257	0.003125	0	0.969231	1
31	447	430	448	430	255	258	0.003125	0	0.945055	1
32	307	428	304	429	255	263	0.0125	0	0.940659	2
33	547	190	547	188	255	256	0.0125	0	0.417582	1
34	598	190	601	191	255	256	0.0125	0	0.417582	1
35	373	224	374	225	255	259	0.00625	0	0.492308	1
36	286	451	285	451	255	261	0.003125	0	0.991209	2
37	409	439	409	438	255	256	0.003125	0	0.964835	1
38	728	218	725	217	255	256	0.0125	0	0.479121	2
39	460	187	461	184	255	256	0.03125	0	0.410989	1
40	360	269	359	269	255	256	0.003125	0	0.591209	2
41	303	438	303	438	255	256	0	0	0.962637	1
42	316	263	315	262	255	258	0.00625	0	0.578022	2
43	672	231	671	229	255	256	0.015625	0	0.507692	2
44	220	437	176	443	255	290	0.25	0	0.96044	2
45	508	163	511	159	255	257	0.059375	0	0.358242	1
46	256	445	256	445	255	257	0	0	0.978022	1
47	527	162	526	160	255	256	0.015625	0	0.356044	2
48	270	179	271	179	255	256	0.003125	0	0.393407	1
49	160	275	132	276	255	266	0.090625	0	0.604396	2
50	741	241	740	241	255	259	0.003125	0	0.52967	2
51	400	187	401	184	255	256	0.03125	0	0.410989	1
52	372	454	373	454	255	262	0.003125	0	0.997802	1
53	434	421	436	421	255	260	0.00625	0	0.925275	1
54	156	355	154	355	255	265	0.00625	0	0.78022	2
55	303	448	303	446	255	262	0.0125	0	0.984615	1
56	483	192	483	190	256	258	0.0125	0	0.421978	1
57	602	141	602	139	256	258	0.0125	0	0.30989	1
58	684	203	683	199	256	257	0.053125	0	0.446154	2
59	563	154	562	152	256	257	0.015625	0	0.338462	2
60	316	426	313	427	256	263	0.0125	0	0.936264	2
61	320	252	325	255	256	262	0.04375	0	0.553846	1
62	455	198	455	197	256	257	0.003125	0	0.435165	1
63	457	427	461	428	256	262	0.015625	0	0.938462	1
64	487	162	489	160	256	257	0.01875	0	0.356044	1
65	530	171	531	169	256	258	0.015625	0	0.375824	1
66	651	185	652	182	256	257	0.03125	0	0.406593	1
67	438	215	439	212	256	257	0.03125	0	0.472527	1
68	434	203	434	200	256	257	0.028125	0	0.446154	1
69	480	180	480	178	256	257	0.0125	0	0.395604	1
70	253	431	252	430	257	275	0.00625	0	0.947253	2
71	353	171	354	171	257	258	0.003125	0	0.375824	1
72	338	427	339	426	257	261	0.00625	0	0.938462	1
73	663	190	663	188	257	258	0.0125	0	0.417582	1
74	575	153	574	152	257	258	0.00625	0	0.336264	2
75	526	225	527	225	257	260	0.003125	0	0.494505	1
76	536	213	537	212	257	258	0.00625	0	0.468132	1
77	548	192	549	190	257	259	0.015625	0	0.421978	1
78	573	120	572	120	257	258	0.003125	0	0.263736	2
79	673	189	674	187	257	258	0.015625	0	0.415385	1
80	239	431	240	431	257	261	0.003125	0	0.947253	1
81	223	447	222	446	257	260	0.00625	0	0.982418	2
82	421	190	423	189	257	258	0.009375	0	0.417582	1
83	386	402	386	402	257	264	0	0	0.883516	1
84	180	308	175	311	257	261	0.04375	0	0.676923	2
85	273	180	280	178	257	261	0.034375	0	0.395604	1
86	585	159	578	157	257	262	0.034375	0	0.349451	2
87	201	354	198	352	258	263	0.021875	0	0.778022	2
88	320	454	322	454	258	263	0.00625	0	0.997802	1
89	205	453	205	454	258	264	0.003125	0	0.995604	1
90	278	412	278	410	258	266	0.0125	0	0.905495	1
91	304	438	304	437	258	259	0.003125	0	0.962637	1
92	453	441	453	440	258	259	0.003125	0	0.969231	1
93	415	433	414	432	258	261	0.00625	0	0.951648	2
94	609	182	609	181	258	261	0.003125	0	0.4	1
95	440	209	442	204	258	259	0.084375	0	0.459341	1
96	760	209	764	205	258	259	0.0625	0	0.459341	1
97	401	185	404	182	258	259	0.0375	0	0.406593	1
98	472	184	472	181	258	259	0.028125	0	0.404396	1
99	493	157	499	152	258	260	0.096875	0	0.345055	1
100	544	161	543	157	258	260	0.053125	0	0.353846	2
101	372	136	381	133	258	261	0.05625	0	0.298901	1
102	474	237	474	237	258	259	0	0	0.520879	1
103	219	250	219	250	258	263	0	0	0.549451	1
104	483	158	488	153	258	260	0.09375	0	0.347253	1
105	404	436	404	435	258	270	0.003125	0	0.958242	1
106	259	447	259	446	258	260	0.003125	0	0.982418	1
107	448	426	451	427	259	263	0.0125	0	0.936264	1
108	386	445	386	444	259	269	0.003125	0	0.978022	1
109	293	424	287	422	259	273	0.03125	0	0.931868	2
110	508	220	510	219	259	261	0.009375	0	0.483516	1
111	295	410	293	409	259	274	0.009375	0	0.901099	2
112	484	187	484	183	259	261	0.05	0	0.410989	1
113	355	173	355	173	259	261	0	0	0.38022	1
114	409	201	410	200	259	260	0.00625	0	0.441758	1
115	351	422	351	422	259	261	0	0	0.927473	1
116	539	210	540	209	259	260	0.00625	0	0.461538	1
117	596	186	592	183	259	260	0.040625	0	0.408791	2
118	604	136	606	132	259	261	0.05625	0	0.298901	1
119	316	262	317	262	259	263	0.003125	0	0.575824	1
120	507	170	508	167	259	261	0.03125	0	0.373626	1
121	661	175	668	171	259	262	0.071875	0	0.384615	1
122	670	231	669	230	259	261	0.00625	0	0.507692	2
123	526	179	527	177	259	260	0.015625	0	0.393407	1
124	238	444	237	443	259	275	0.00625	0	0.975824	2
125	573	121	573	121	259	260	0	0	0.265934	1
126	507	443	507	443	259	262	0	0	0.973626	1
127	534	169	535	167	259	260	0.015625	0	0.371429	1
128	376	147	380	146	259	260	0.015625	0	0.323077	1
129	495	167	495	165	259	260	0.0125	0	0.367033	1
130	148	305	144	302	259	260	0.040625	0	0.67033	2
131	486	442	485	442	260	261	0.003125	0	0.971429	2
132	666	184	670	181	260	262	0.040625	0	0.404396	1
133	451	440	452	440	260	262	0.003125	0	0.967033	1
134	676	184	677	183	260	261	0.00625	0	0.404396	1
135	172	297	157	294	260	264	0.075	0	0.652747	2
136	767	205	762	210	260	263	0.09375	0	0.450549	2
137	377	226	382	226	260	261	0.015625	0	0.496703	1
138	444	200	446	197	260	261	0.034375	0	0.43956	1
139	475	237	476	237	260	263	0.003125	0	0.520879	1
140	473	180	473	178	260	261	0.0125	0	0.395604	1
141	621	171	622	170	260	262	0.00625	0	0.375824	1
142	550	191	552	191	260	262	0.00625	0	0.41978	1
143	408	181	420	180	260	263	0.040625	0	0.397802	1
144	539	219	541	217	260	261	0.01875	0	0.481319	1
145	423	177	430	175	260	262	0.034375	0	0.389011	1
146	334	214	338	214	260	261	0.0125	0	0.47033	1
147	325	226	328	226	260	261	0.009375	0	0.496703	1
148	272	450	271	449	261	265	0.00625	0	0.989011	2
149	166	353	164	352	261	264	0.009375	0	0.775824	2
150	407	201	409	201	261	262	0.00625	0	0.441758	1
151	456	194	457	192	261	262	0.015625	0	0.426374	1
152	526	225	526	225	261	262	0	0	0.494505	1
153	548	181	550	180	261	262	0.009375	0	0.397802	1
154	579	120	588	120	261	267	0.028125	0	0.263736	1
155	372	281	350	274	261	267	0.221875	0	0.617582	2
156	497	165	498	164	261	262	0.00625	0	0.362637	1
157	386	161	389	162	261	262	0.0125	0	0.353846	1
158	314	437	314	437	261	263	0	0	0.96044	1
159	743	197	742	194	261	263	0.03125	0	0.432967	2
160	501	209	501	207	261	262	0.0125	0	0.459341	1
161	327	126	326	124	261	263	0.015625	0	0.276923	2
162	285	451	285	451	262	264	0	0	0.991209	1
163	485	443	484	443	262	264	0.003125	0	0.973626	2
164	341	426	342	427	262	264	0.00625	0	0.936264	1
165	511	218	510	215	262	263	0.03125	0	0.479121	2
166	680	182	682	180	262	263	0.01875	0	0.4	1
167	485	182	483	178	262	265	0.05625	0	0.4	2
168	241	432	239	430	262	275	0.01875	0	0.949451	2
169	362	228	379	227	262	264	0.05625	0	0.501099	1
170	358	172	362	171	262	263	0.015625	0	0.378022	1
171	352	423	353	424	262	264	0.00625	0	0.92967	1
172	607	131	611	128	262	264	0.040625	0	0.287912	1
173	544	216	546	215	262	263	0.009375	0	0.474725	1
174	626	180	626	177	262	268	0.028125	0	0.395604	1
175	343	203	408	196	262	275	0.35625	0	0.446154	1
176	494	220	498	221	262	264	0.015625	0	0.483516	1
177	389	226	405	225	262	264	0.053125	0	0.496703	1
178	391	143	399	139	262	264	0.075	0	0.314286	1
179	510	168	512	167	262	264	0.009375	0	0.369231	1
180	397	334	396	333	262	264	0.00625	0	0.734066	2
181	238	274	239	275	262	264	0.00625	0	0.602198	1
182	343	214	347	213	262	263	0.015625	0	0.47033	1
183	472	204	472	201	262	263	0.028125	0	0.448352	1
184	509	152	512	152	262	263	0.009375	0	0.334066	1
185	278	178	294	166	262	268	0.5	0	0.391209	1
186	672	181	676	174	263	266	0.165625	0	0.397802	1
187	455	442	455	442	263	265	0	0	0.971429	1
188	432	175	433	176	263	264	0.00625	0	0.384615	1
189	585	186	587	187	263	265	0.009375	0	0.408791	1
190	555	190	556	190	263	264	0.003125	0	0.417582	1
191	498	163	498	163	263	264	0	0	0.358242	1
192	333	137	333	137	263	264	0	0	0.301099	1
193	442	171	455	165	263	269	0.153125	0	0.375824	1
194	303	442	301	439	263	266	0.034375	0	0.971429	2
195	551	146	550	146	263	264	0.003125	0	0.320879	2
196	727	183	728	181	263	264	0.015625	0	0.402198	1
197	530	225	530	225	263	264	0	0	0.494505	1
198	290	194	295	193	263	266	0.01875	0	0.426374	1
199	415	432	411	428	263	268	0.0625	0	0.949451	2
200	369	336	369	336	263	265	0	0	0.738462	1
201	576	131	578	131	263	264	0.00625	0	0.287912	1
202	168	310	163	308	263	264	0.028125	0	0.681319	2
203	376	281	369	279	263	265	0.034375	0	0.617582	2
204	673	170	677	160	263	267	0.325	0	0.373626	1
205	452	428	449	427	264	283	0.0125	0	0.940659	2
206	328	455	323	453	264	284	0.028125	0	1	2
207	305	430	301	426	264	269	0.0625	0	0.945055	2
208	511	214	511	209	264	267	0.078125	0	0.47033	1
209	743	195	743	187	264	269	0.2	0	0.428571	1
210	685	180	688	169	264	268	0.3875	0	0.395604	1
211	318	455	317	451	264	269	0.053125	0	1	2
212	550	180	550	178	264	265	0.0125	0	0.395604	1
213	194	350	187	346	264	265	0.071875	0	0.769231	2
214	477	237	477	235	264	265	0.0125	0	0.520879	1
215	338	248	330	251	264	265	0.053125	0	0.545055	2
216	460	189	459	187	264	265	0.015625	0	0.415385	2
217	413	454	413	450	264	269	0.05	0	0.997802	1
218	220	455	213	452	264	280	0.05	0	1	2
219	320	434	318	427	264	269	0.159375	0	0.953846	2
220	740	183	741	176	264	269	0.15625	0	0.402198	1
221	551	209	550	208	264	265	0.00625	0	0.459341	2
222	346	218	349	217	264	265	0.0125	0	0.479121	1
223	617	141	618	139	264	265	0.015625	0	0.30989	1
224	461	229	463	228	264	265	0.009375	0	0.503297	1
225	442	432	439	428	264	267	0.059375	0	0.949451	2
226	744	207	741	205	264	265	0.021875	0	0.454945	2
227	471	178	470	176	264	265	0.015625	0	0.391209	2
228	494	445	492	442	264	266	0.034375	0	0.978022	2
229	538	172	540	169	264	265	0.034375	0	0.378022	1
230	285	448	282	444	265	269	0.059375	0	0.984615	2
231	363	432	361	430	265	269	0.01875	0	0.949451	2
232	341	426	340	423	265	268	0.03125	0	0.936264	2
233	353	424	352	422	265	266	0.015625	0	0.931868	2
234	413	224	419	220	265	266	0.06875	0	0.492308	1
235	208	453	199	452	265	283	0.03125	0	0.995604	2
236	164	351	162	349	265	266	0.01875	0	0.771429	2
237	153	291	140	283	265	268	0.240625	0	0.63956	2
238	613	126	616	119	265	269	0.1625	0	0.276923	1
239	334	138	333	133	265	268	0.08125	0	0.303297	2
240	730	181	729	173	265	269	0.203125	0	0.397802	2
241	370	292	361	285	265	267	0.18125	0	0.641758	2
242	412	204	420	199	265	267	0.103125	0	0.448352	1
243	151	311	145	308	265	266	0.046875	0	0.683516	2
244	518	202	517	200	265	266	0.015625	0	0.443956	2
245	502	222	500	217	265	268	0.084375	0	0.487912	2
246	150	279	132	272	265	270	0.209375	0	0.613187	2
247	677	441	665	440	265	284	0.040625	0	0.969231	2
248	677	191	682	183	265	269	0.215625	0	0.41978	1
249	271	447	268	446	266	277	0.0125	0	0.982418	2
250	482	441	480	440	266	269	0.009375	0	0.969231	2
251	231	241	229	238	266	269	0.034375	0	0.52967	2
252	453	440	453	439	266	269	0.003125	0	0.967033	1
253	482	177	486	176	266	269	0.015625	0	0.389011	1
254	157	302	151	299	266	267	0.046875	0	0.663736	2
255	623	133	623	130	266	267	0.028125	0	0.292308	1
256	337	270	332	266	266	267	0.065625	0	0.593407	2
257	553	175	554	172	266	267	0.03125	0	0.384615	1
258	525	213	525	210	266	267	0.028125	0	0.468132	1
259	281	455	279	454	266	269	0.009375	0	1	2
260	559	165	561	162	266	267	0.034375	0	0.362637	1
261	370	337	369	335	266	267	0.015625	0	0.740659	2
262	587	187	586	187	266	272	0.003125	0	0.410989	2
263	463	230	465	229	266	267	0.009375	0	0.505495	1
264	374	454	373	453	266	269	0.00625	0	0.997802	2
265	446	180	442	178	266	267	0.025	0	0.395604	2
266	352	216	354	213	266	267	0.034375	0	0.474725	1
267	357	266	352	263	266	267	0.04375	0	0.584615	2
268	584	152	588	149	266	267	0.040625	0	0.334066	1
269	740	203	738	198	266	269	0.084375	0	0.446154	2
270	362	213	364	211	266	267	0.01875	0	0.468132	1
271	468	169	469	165	266	267	0.053125	0	0.371429	1
272	239	275	239	271	266	269	0.05	0	0.604396	1
273	344	435	344	434	266	269	0.003125	0	0.956044	1
274	277	409	262	412	267	285	0.075	0	0.898901	2
275	677	171	677	169	267	268	0.0125	0	0.375824	1
276	317	258	316	257	267	268	0.00625	0	0.567033	2
277	490	441	489	440	267	268	0.00625	0	0.969231	2
278	351	422	350	422	267	268	0.003125	0	0.927473	2
279	129	275	122	273	267	269	0.034375	0	0.604396	2
280	425	216	427	215	267	268	0.009375	0	0.474725	1
281	517	199	517	198	267	268	0.003125	0	0.437363	1
282	494	178	493	177	267	268	0.00625	0	0.391209	2
283	469	425	469	425	267	269	0	0	0.934066	1
284	501	156	499	155	267	268	0.009375	0	0.342857	2
285	563	172	566	172	268	269	0.009375	0	0.378022	1
286	147	299	143	299	268	269	0.0125	0	0.657143	2
287	453	183	453	183	268	269	0	0	0.402198	1
288	353	270	341	269	268	271	0.040625	0	0.593407	2
289	545	143	546	141	268	269	0.015625	0	0.314286	1
290	469	229	470	230	268	269	0.00625	0	0.503297	1
291	558	161	562	161	268	269	0.0125	0	0.353846	1
292	333	269	329	268	268	269	0.015625	0	0.591209	2
293	482	222	484	220	268	269	0.01875	0	0.487912	1
294	720	199	719	197	268	269	0.015625	0	0.437363	2
295	323	137	321	140	268	269	0.034375	0	0.301099	2
296	392	168	393	169	268	269	0.00625	0	0.369231	1
297	477	453	477	453	268	269	0	0	0.995604	1
298	408	137	412	135	268	269	0.025	0	0.301099	1
299	624	129	625	129	268	269	0.003125	0	0.283516	1
300	592	120	596	121	268	269	0.015625	0	0.263736	1
301	368	336	369	338	268	270	0.015625	0	0.738462	1
302	513	210	515	212	268	269	0.01875	0	0.461538	1
303	358	284	237	275	268	286	0.63125	0	0.624176	2
304	440	428	440	430	268	272	0.0125	0	0.940659	1
305	422	199	425	200	268	269	0.0125	0	0.437363	1
306	413	164	426	160	268	270	0.090625	0	0.36044	1
307	367	414	334	418	268	288	0.153125	0	0.90989	2
308	336	450	328	452	268	285	0.0375	0	0.989011	2
309	442	178	442	177	268	269	0.003125	0	0.391209	1
310	678	159	679	159	268	269	0.003125	0	0.349451	1
311	671	223	675	219	268	272	0.0625	0	0.49011	1
312	162	347	160	346	269	271	0.009375	0	0.762637	2
313	437	189	441	187	269	270	0.025	0	0.415385	1
314	679	170	680	170	269	270	0.003125	0	0.373626	1
315	137	285	134	285	269	270	0.009375	0	0.626374	2
316	431	218	434	222	269	271	0.059375	0	0.479121	1
317	495	209	497	211	269	271	0.01875	0	0.459341	1
318	490	442	490	443	269	271	0.003125	0	0.971429	1
319	335	132	337	133	269	272	0.009375	0	0.29011	1
320	413	148	419	148	269	270	0.01875	0	0.325275	1
321	741	220	741	215	269	271	0.078125	0	0.483516	1
322	298	167	301	168	269	270	0.0125	0	0.367033	1
323	695	192	700	188	269	270	0.065625	0	0.421978	1
324	283	445	281	445	270	277	0.00625	0	0.978022	2
325	301	433	298	431	270	274	0.021875	0	0.951648	2
326	387	446	343	450	270	290	0.1875	0	0.98022	2
327	362	431	349	431	270	284	0.040625	0	0.947253	2
328	469	172	472	170	270	271	0.021875	0	0.378022	1
329	542	144	542	142	270	271	0.0125	0	0.316484	1
330	316	454	316	453	270	276	0.003125	0	0.997802	1
331	499	184	500	184	270	271	0.003125	0	0.404396	1
332	230	240	216	243	270	279	0.071875	0	0.527473	2
333	571	174	586	168	270	274	0.159375	0	0.382418	1
334	455	441	455	440	270	273	0.003125	0	0.969231	1
335	456	183	465	178	270	273	0.10625	0	0.402198	1
336	691	172	692	171	270	271	0.00625	0	0.378022	1
337	619	122	620	122	270	271	0.003125	0	0.268132	1
338	242	273	242	274	270	271	0.003125	0	0.6	1
339	567	163	581	158	270	274	0.121875	0	0.358242	1
340	489	179	491	178	270	271	0.009375	0	0.393407	1
341	114	291	101	288	270	273	0.06875	0	0.63956	2
342	517	162	518	162	270	271	0.003125	0	0.356044	1
343	480	442	476	441	270	275	0.015625	0	0.971429	2
344	372	452	371	451	270	272	0.00625	0	0.993407	2
345	488	221	490	221	270	271	0.00625	0	0.485714	1
346	440	209	444	209	270	271	0.0125	0	0.459341	1
347	132	302	120	299	270	272	0.065625	0	0.663736	2
348	121	274	114	272	270	272	0.034375	0	0.602198	2
349	597	126	602	126	270	271	0.015625	0	0.276923	1
350	481	169	484	167	270	271	0.021875	0	0.371429	1
351	740	198	741	193	270	273	0.08125	0	0.435165	1
352	477	454	474	452	270	274	0.021875	0	0.997802	2
353	417	239	415	237	270	274	0.01875	0	0.525275	2
354	741	177	737	171	270	274	0.125	0	0.389011	2
355	745	187	740	180	270	275	0.16875	0	0.410989	2
356	319	428	269	431	270	290	0.184375	0	0.940659	2
357	440	174	442	172	270	271	0.01875	0	0.382418	1
358	470	233	471	231	270	273	0.015625	0	0.512088	1
359	502	158	503	157	270	271	0.00625	0	0.347253	1
360	558	140	559	138	270	271	0.015625	0	0.307692	1
361	325	132	326	133	270	271	0.00625	0	0.29011	1
362	731	174	728	169	270	275	0.0875	0	0.382418	2
363	416	137	422	138	270	271	0.021875	0	0.301099	1
364	362	323	361	321	270	271	0.015625	0	0.70989	2
365	396	169	419	170	270	273	0.075	0	0.371429	1
366	692	162	693	161	270	271	0.00625	0	0.356044	1
367	379	255	380	256	271	272	0.00625	0	0.56044	1
368	465	428	461	426	271	282	0.025	0	0.940659	2
369	446	187	448	183	271	272	0.05625	0	0.410989	1
370	281	455	280	454	271	277	0.00625	0	1	2
371	305	169	324	164	271	277	0.1375	0	0.371429	1
372	410	441	409	440	271	272	0.00625	0	0.969231	2
373	334	281	329	278	271	272	0.04375	0	0.617582	2
374	705	188	707	188	271	272	0.00625	0	0.413187	1
375	310	438	307	436	271	274	0.021875	0	0.962637	2
376	136	299	130	297	271	272	0.03125	0	0.657143	2
377	509	209	510	204	271	273	0.08125	0	0.459341	1
378	317	265	295	260	271	275	0.146875	0	0.582418	2
379	436	223	435	221	272	274	0.015625	0	0.49011	2
380	692	170	700	165	272	276	0.103125	0	0.373626	1
381	488	443	466	442	272	286	0.071875	0	0.973626	2
382	520	161	524	157	272	274	0.0625	0	0.353846	1
383	542	139	541	136	272	273	0.03125	0	0.305495	2
384	476	169	477	166	272	273	0.03125	0	0.371429	1
385	695	160	698	156	272	274	0.059375	0	0.351648	1
386	628	126	627	125	272	275	0.00625	0	0.276923	2
387	337	268	320	264	272	275	0.103125	0	0.589011	2
388	528	196	529	195	272	273	0.00625	0	0.430769	1
389	742	214	740	212	272	273	0.01875	0	0.47033	2
390	491	167	492	164	272	273	0.03125	0	0.367033	1
391	504	175	505	172	272	273	0.03125	0	0.384615	1
392	312	157	320	155	272	275	0.0375	0	0.345055	1
393	463	162	464	160	272	273	0.015625	0	0.356044	1
394	701	215	705	215	272	274	0.0125	0	0.472527	1
395	569	172	572	170	272	273	0.021875	0	0.378022	1
396	452	171	457	167	272	274	0.065625	0	0.375824	1
397	107	302	98	303	272	273	0.03125	0	0.663736	2
398	387	243	391	244	272	274	0.015625	0	0.534066	1
399	386	455	384	454	272	275	0.009375	0	1	2
400	129	281	113	279	272	275	0.0625	0	0.617582	2
401	480	156	492	149	272	278	0.190625	0	0.342857	1
402	381	257	381	257	273	274	0	0	0.564835	1
403	370	451	368	451	273	276	0.00625	0	0.991209	2
404	305	196	305	195	273	274	0.003125	0	0.430769	1
405	503	216	502	215	273	274	0.00625	0	0.474725	2
406	319	144	318	143	273	275	0.00625	0	0.316484	2
407	409	439	407	439	273	277	0.00625	0	0.964835	2
408	242	235	209	232	273	284	0.13125	0	0.516484	2
409	517	451	505	451	273	284	0.0375	0	0.991209	2
410	532	198	532	197	274	275	0.003125	0	0.435165	1
411	468	177	471	175	274	275	0.021875	0	0.389011	1
412	556	130	556	128	274	275	0.0125	0	0.285714	1
413	471	230	479	226	274	276	0.075	0	0.505495	1
414	520	210	522	212	274	281	0.01875	0	0.461538	1
415	507	158	509	155	274	275	0.034375	0	0.347253	1
416	102	347	101	347	274	275	0.003125	0	0.762637	2
417	451	177	453	176	274	275	0.009375	0	0.389011	1
418	504	179	504	178	274	275	0.003125	0	0.393407	1
419	514	179	515	177	274	275	0.015625	0	0.393407	1
420	574	175	576	174	274	275	0.009375	0	0.384615	1
421	98	274	74	274	274	278	0.075	0	0.602198	2
422	615	148	616	147	274	275	0.00625	0	0.325275	1
423	516	169	525	163	274	279	0.140625	0	0.371429	1
424	384	267	383	267	274	276	0.003125	0	0.586813	2
425	143	344	133	338	274	275	0.14375	0	0.756044	2
426	221	255	210	254	274	279	0.0375	0	0.56044	2
427	727	211	725	211	274	276	0.00625	0	0.463736	2
428	555	173	556	172	274	276	0.00625	0	0.38022	1
429	634	172	634	171	274	278	0.003125	0	0.378022	1
430	439	429	438	429	274	276	0.003125	0	0.942857	2
431	211	274	191	272	274	282	0.075	0	0.602198	2
432	293	410	290	409	275	281	0.0125	0	0.901099	2
433	298	431	297	431	275	276	0.003125	0	0.947253	2
434	434	222	433	221	275	276	0.00625	0	0.487912	2
435	382	257	393	250	275	278	0.1875	0	0.564835	1
436	590	159	593	159	275	276	0.009375	0	0.349451	1
437	527	156	532	155	275	277	0.01875	0	0.342857	1
438	501	215	502	215	275	278	0.003125	0	0.472527	1
439	369	441	328	445	275	290	0.178125	0	0.969231	2
440	588	169	590	168	275	276	0.009375	0	0.371429	1
441	704	216	704	216	275	277	0	0	0.474725	1
442	654	163	658	165	275	276	0.025	0	0.358242	1
443	255	440	254	440	275	278	0.003125	0	0.967033	2
444	450	129	456	128	275	276	0.021875	0	0.283516	1
445	525	146	528	145	275	276	0.0125	0	0.320879	1
446	350	446	348	446	275	282	0.00625	0	0.98022	2
447	346	308	335	305	275	276	0.0625	0	0.676923	2
448	347	320	336	316	275	276	0.084375	0	0.703297	2
449	252	430	249	428	276	280	0.021875	0	0.945055	2
450	101	349	98	345	276	279	0.059375	0	0.767033	2
451	535	199	536	199	276	277	0.003125	0	0.437363	1
452	738	169	740	160	276	282	0.259375	0	0.371429	1
453	739	179	708	162	276	290	1	0	0.393407	2
454	476	442	475	442	276	277	0.003125	0	0.971429	2
455	630	126	635	125	276	279	0.01875	0	0.276923	1
456	78	299	73	293	276	277	0.128125	0	0.657143	2
457	580	175	599	169	276	280	0.171875	0	0.384615	1
458	488	160	492	159	276	278	0.015625	0	0.351648	1
459	474	177	481	175	276	282	0.034375	0	0.389011	1
460	309	266	286	263	276	279	0.1	0	0.584615	2
461	107	282	100	282	276	277	0.021875	0	0.61978	2
462	632	115	633	115	276	277	0.003125	0	0.252747	1
463	306	195	308	194	276	277	0.009375	0	0.428571	1
464	742	192	739	187	276	278	0.0875	0	0.421978	2
465	758	192	757	189	276	278	0.03125	0	0.421978	2
466	341	110	342	108	276	277	0.015625	0	0.241758	1
467	565	132	566	133	276	277	0.00625	0	0.29011	1
468	612	150	619	150	276	277	0.021875	0	0.32967	1
469	325	154	328	152	276	277	0.021875	0	0.338462	1
470	703	155	703	146	276	280	0.253125	0	0.340659	1
471	510	204	512	202	276	280	0.01875	0	0.448352	1
472	497	199	502	196	276	279	0.04375	0	0.437363	1
473	241	280	240	281	276	277	0.00625	0	0.615385	2
474	297	429	294	426	277	280	0.0375	0	0.942857	2
475	459	437	457	434	277	280	0.034375	0	0.96044	2
476	428	197	434	194	277	278	0.046875	0	0.432967	1
477	115	335	104	334	277	278	0.0375	0	0.736264	2
478	595	168	608	162	277	280	0.153125	0	0.369231	1
479	692	163	692	156	277	281	0.153125	0	0.358242	1
480	702	164	702	162	277	278	0.0125	0	0.36044	1
481	321	140	325	139	277	278	0.015625	0	0.307692	1
482	317	454	316	452	277	279	0.015625	0	0.997802	2
483	598	158	607	153	277	279	0.10625	0	0.347253	1
484	369	452	359	452	277	284	0.03125	0	0.993407	2
485	514	150	516	148	277	278	0.01875	0	0.32967	1
486	460	178	461	177	277	278	0.00625	0	0.391209	1
487	728	209	729	203	277	279	0.115625	0	0.459341	1
488	430	186	434	182	277	278	0.0625	0	0.408791	1
489	308	439	305	436	277	280	0.0375	0	0.964835	2
490	470	455	466	454	277	279	0.015625	0	1	2
491	455	161	456	160	277	278	0.00625	0	0.353846	1
492	692	179	694	177	277	278	0.01875	0	0.393407	1
493	661	167	664	164	277	280	0.0375	0	0.367033	1
494	531	145	533	143	277	278	0.01875	0	0.318681	1
495	506	136	503	135	277	278	0.0125	0	0.298901	2
496	269	447	268	445	278	281	0.015625	0	0.982418	2
497	535	155	536	151	278	280	0.053125	0	0.340659	1
498	477	135	483	132	278	279	0.046875	0	0.296703	1
499	635	114	637	112	278	279	0.01875	0	0.250549	1
500	537	199	537	194	278	280	0.078125	0	0.437363	1
501	407	440	404	438	278	281	0.021875	0	0.967033	2
502	318	324	314	323	278	279	0.015625	0	0.712088	2
503	568	134	568	135	278	280	0.003125	0	0.294505	1
504	90	298	71	289	278	281	0.3125	0	0.654945	2
505	279	455	278	453	278	281	0.015625	0	1	2
506	475	444	473	442	278	280	0.01875	0	0.975824	2
507	95	282	82	276	278	280	0.153125	0	0.61978	2
508	383	455	379	454	278	282	0.015625	0	1	2
509	312	194	317	191	278	279	0.04375	0	0.426374	1
510	305	264	297	262	278	279	0.0375	0	0.58022	2
511	239	278	194	276	278	286	0.153125	0	0.610989	2
512	693	151	691	146	278	282	0.084375	0	0.331868	2
513	340	110	342	108	278	279	0.01875	0	0.241758	1
514	105	280	88	270	278	281	0.365625	0	0.615385	2
515	703	161	702	158	279	280	0.03125	0	0.353846	2
516	501	163	501	162	279	280	0.003125	0	0.358242	1
517	697	174	697	172	279	283	0.0125	0	0.382418	1
518	634	170	634	168	279	280	0.0125	0	0.373626	1
519	737	185	735	182	279	281	0.034375	0	0.406593	2
520	543	134	544	132	279	280	0.015625	0	0.294505	1
521	273	255	265	252	279	280	0.053125	0	0.56044	2
522	518	150	519	148	279	280	0.015625	0	0.32967	1
523	491	156	492	156	279	281	0.003125	0	0.342857	1
524	537	206	536	203	279	280	0.03125	0	0.452747	2
525	412	240	421	238	279	280	0.040625	0	0.527473	1
526	253	441	252	440	279	280	0.00625	0	0.969231	2
527	283	252	257	251	279	283	0.084375	0	0.553846	2
528	563	178	563	177	279	280	0.003125	0	0.391209	1
529	330	138	331	134	279	280	0.053125	0	0.303297	1
530	331	161	344	156	279	284	0.11875	0	0.353846	1
531	317	451	311	453	280	284	0.03125	0	0.991209	2
532	215	238	183	240	280	286	0.1125	0	0.523077	2
533	459	172	458	172	280	281	0.003125	0	0.378022	2
534	636	125	638	124	280	281	0.009375	0	0.274725	1
535	65	264	43	257	280	284	0.221875	0	0.58022	2
536	278	443	277	443	280	281	0.003125	0	0.973626	2
537	287	260	279	259	280	281	0.028125	0	0.571429	2
538	509	435	469	440	280	290	0.203125	0	0.956044	2
539	438	185	443	185	280	281	0.015625	0	0.406593	1
540	616	152	621	152	280	281	0.015625	0	0.334066	1
541	642	115	644	114	280	281	0.009375	0	0.252747	1
542	546	145	548	144	280	281	0.009375	0	0.318681	1
543	506	152	507	152	280	282	0.003125	0	0.334066	1
544	325	188	331	185	280	281	0.046875	0	0.413187	1
545	730	201	729	198	280	281	0.03125	0	0.441758	2
546	603	203	601	204	280	283	0.009375	0	0.446154	2
547	502	194	501	192	280	281	0.015625	0	0.426374	2
548	91	291	85	288	280	281	0.046875	0	0.63956	2
549	244	431	242	432	281	282	0.009375	0	0.947253	2
550	291	427	289	427	281	282	0.00625	0	0.938462	2
551	456	435	450	437	281	284	0.03125	0	0.956044	2
552	503	162	503	162	281	282	0	0	0.356044	1
553	702	157	700	158	281	283	0.009375	0	0.345055	2
554	612	162	631	162	281	286	0.059375	0	0.356044	1
555	76	272	41	267	281	286	0.1875	0	0.597802	2
556	530	149	530	149	281	282	0	0	0.327473	1
557	67	331	33	333	281	287	0.11875	0	0.727473	2
558	539	193	539	191	281	282	0.0125	0	0.424176	1
559	565	180	566	186	281	284	0.115625	0	0.395604	1
560	472	445	471	446	281	282	0.00625	0	0.978022	2
561	480	152	480	153	281	282	0.003125	0	0.334066	1
562	703	147	701	148	281	283	0.009375	0	0.323077	2
563	251	443	250	443	281	282	0.003125	0	0.973626	2
564	213	453	211	454	281	282	0.009375	0	0.995604	2
565	258	251	252	250	281	282	0.021875	0	0.551648	2
566	548	132	551	132	281	283	0.009375	0	0.29011	1
567	509	178	509	177	281	282	0.003125	0	0.391209	1
568	204	247	190	248	281	284	0.046875	0	0.542857	2
569	423	259	421	258	281	283	0.009375	0	0.569231	2
570	304	437	301	438	281	283	0.0125	0	0.96044	2
571	439	237	449	233	281	282	0.08125	0	0.520879	1
572	341	104	346	103	281	284	0.01875	0	0.228571	1
573	438	433	438	433	281	282	0	0	0.951648	1
574	192	145	188	147	281	284	0.025	0	0.318681	2
575	346	430	339	432	281	284	0.034375	0	0.945055	2
576	269	447	253	448	282	287	0.053125	0	0.982418	2
577	289	411	283	412	282	284	0.021875	0	0.903297	2
578	564	136	564	135	282	284	0.003125	0	0.298901	1
579	80	269	74	268	282	283	0.021875	0	0.591209	2
580	641	123	642	122	282	283	0.00625	0	0.27033	1
581	403	439	397	440	282	284	0.021875	0	0.964835	2
582	512	139	508	139	282	283	0.0125	0	0.305495	2
583	274	261	267	262	282	283	0.025	0	0.573626	2
584	252	431	232	432	282	287	0.065625	0	0.947253	2
585	736	182	735	179	282	284	0.03125	0	0.4	2
586	540	150	539	150	282	283	0.003125	0	0.32967	2
587	646	113	646	112	282	283	0.003125	0	0.248352	1
588	691	158	690	159	282	283	0.00625	0	0.347253	2
589	264	262	249	263	282	284	0.05	0	0.575824	2
590	338	132	340	130	282	284	0.01875	0	0.29011	1
591	452	201	457	198	282	283	0.04375	0	0.441758	1
592	339	184	343	181	282	283	0.040625	0	0.404396	1
593	632	149	636	149	282	283	0.0125	0	0.327473	1
594	316	196	315	195	282	283	0.00625	0	0.430769	2
595	79	286	57	284	282	285	0.08125	0	0.628571	2
596	503	193	502	193	282	283	0.003125	0	0.424176	2
597	288	429	279	429	283	285	0.028125	0	0.942857	2
598	492	157	490	157	283	284	0.00625	0	0.345055	2
599	483	178	483	179	283	284	0.003125	0	0.391209	1
600	248	445	244	445	283	284	0.0125	0	0.978022	2
601	240	432	236	432	283	284	0.0125	0	0.949451	2
602	459	427	423	430	283	290	0.140625	0	0.938462	2
603	741	159	707	150	283	290	0.359375	0	0.349451	2
604	498	135	482	133	283	286	0.0625	0	0.296703	2
605	502	161	500	161	283	284	0.00625	0	0.353846	2
606	529	160	528	160	283	284	0.003125	0	0.351648	2
607	720	205	705	200	283	286	0.125	0	0.450549	2
608	458	188	463	186	283	284	0.028125	0	0.413187	1
609	427	213	425	213	283	284	0.00625	0	0.468132	2
610	469	441	465	441	283	284	0.0125	0	0.969231	2
611	277	454	274	454	283	284	0.009375	0	0.997802	2
612	330	185	330	183	283	284	0.0125	0	0.406593	1
613	435	435	432	435	283	284	0.009375	0	0.956044	2
614	204	128	174	130	283	290	0.10625	0	0.281319	2
615	539	130	535	129	283	285	0.015625	0	0.285714	2
616	64	258	41	255	283	286	0.1	0	0.567033	2
617	584	186	580	185	283	284	0.015625	0	0.408791	2
618	445	427	413	430	284	290	0.128125	0	0.938462	2
619	68	268	60	267	284	285	0.028125	0	0.589011	2
620	193	454	178	454	284	287	0.046875	0	0.997802	2
621	641	122	638	120	284	285	0.021875	0	0.268132	2
622	640	149	642	147	284	285	0.01875	0	0.327473	1
623	330	135	331	134	284	285	0.00625	0	0.296703	1
624	461	241	466	244	284	287	0.04375	0	0.52967	1
625	407	446	386	447	284	288	0.06875	0	0.98022	2
626	210	448	200	448	284	286	0.03125	0	0.984615	2
627	435	202	434	201	284	285	0.00625	0	0.443956	2
628	646	112	643	110	284	285	0.021875	0	0.246154	2
629	695	172	679	166	284	287	0.1625	0	0.378022	2
630	179	273	162	273	284	286	0.053125	0	0.6	2
631	503	454	492	454	285	287	0.034375	0	0.997802	2
632	345	431	317	435	285	290	0.1375	0	0.947253	2
633	534	149	518	149	285	290	0.05	0	0.327473	2
634	399	432	376	435	285	289	0.1	0	0.949451	2
635	446	436	423	439	285	289	0.1	0	0.958242	2
636	233	433	227	433	285	286	0.01875	0	0.951648	2
637	466	185	468	183	285	286	0.01875	0	0.406593	1
638	733	197	729	194	285	286	0.040625	0	0.432967	2
639	280	411	263	412	285	288	0.05625	0	0.903297	2
640	563	186	555	185	285	287	0.028125	0	0.408791	2
641	463	452	440	454	285	289	0.084375	0	0.993407	2
642	527	159	513	158	285	289	0.046875	0	0.349451	2
643	683	149	663	146	285	288	0.090625	0	0.327473	2
644	694	149	668	146	285	289	0.109375	0	0.327473	2
645	185	149	162	152	285	290	0.1	0	0.327473	2
646	562	134	558	131	285	286	0.040625	0	0.294505	2
647	540	139	537	137	285	286	0.021875	0	0.305495	2
648	461	440	433	443	285	290	0.115625	0	0.967033	2
649	469	195	470	195	285	286	0.003125	0	0.428571	1
650	332	184	333	183	285	286	0.00625	0	0.404396	1
651	734	178	713	175	285	289	0.09375	0	0.391209	2
652	498	161	486	161	285	289	0.0375	0	0.353846	2
653	356	452	333	454	285	289	0.084375	0	0.993407	2
654	421	211	405	210	285	290	0.053125	0	0.463736	2
655	241	445	230	445	285	287	0.034375	0	0.978022	2
656	344	156	343	156	285	287	0.003125	0	0.342857	2
657	347	144	346	143	285	286	0.00625	0	0.316484	2
658	204	236	187	238	285	287	0.065625	0	0.518681	2
659	60	257	42	254	285	287	0.084375	0	0.564835	2
660	34	292	25	288	285	286	0.078125	0	0.641758	2
661	525	187	516	185	285	287	0.040625	0	0.410989	2
662	520	210	518	211	285	286	0.009375	0	0.461538	2
663	289	428	271	429	285	288	0.059375	0	0.940659	2
664	461	174	459	174	285	286	0.00625	0	0.382418	2
665	444	204	445	204	285	286	0.003125	0	0.448352	1
666	488	155	484	154	285	286	0.015625	0	0.340659	2
667	465	252	466	253	285	286	0.00625	0	0.553846	1
668	600	203	604	198	285	286	0.090625	0	0.446154	1
669	387	437	359	441	285	290	0.1375	0	0.96044	2
670	430	420	402	423	285	290	0.115625	0	0.923077	2
671	724	153	697	147	285	290	0.196875	0	0.336264	2
672	37	257	28	255	285	286	0.040625	0	0.564835	2
673	557	168	554	167	285	286	0.0125	0	0.369231	2
674	350	132	340	133	285	287	0.034375	0	0.29011	2
675	258	413	235	417	286	290	0.121875	0	0.907692	2
676	313	453	302	453	286	288	0.034375	0	0.995604	2
677	637	119	628	119	286	288	0.028125	0	0.261538	2
678	52	267	43	265	286	287	0.040625	0	0.586813	2
679	273	429	258	432	286	289	0.075	0	0.942857	2
680	323	452	305	454	286	289	0.06875	0	0.993407	2
681	481	171	477	170	286	287	0.015625	0	0.375824	2
682	455	223	458	226	286	287	0.0375	0	0.49011	1
683	226	272	214	272	286	287	0.0375	0	0.597802	2
684	508	210	506	211	286	287	0.009375	0	0.461538	2
685	644	147	645	146	286	287	0.00625	0	0.323077	1
686	480	140	473	139	287	288	0.025	0	0.307692	2
687	33	266	24	264	287	288	0.040625	0	0.584615	2
688	461	442	443	445	287	290	0.084375	0	0.971429	2
689	536	138	529	138	287	289	0.021875	0	0.303297	2
690	634	162	634	161	287	288	0.003125	0	0.356044	1
691	174	242	141	246	287	290	0.153125	0	0.531868	2
692	297	453	291	453	287	288	0.01875	0	0.995604	2
693	472	182	473	182	287	288	0.003125	0	0.4	1
694	153	273	132	276	287	289	0.09375	0	0.6	2
695	445	233	450	231	287	288	0.028125	0	0.512088	1
696	343	108	343	108	287	288	0	0	0.237363	1
697	517	215	513	217	287	288	0.025	0	0.472527	2
698	506	182	502	180	287	288	0.025	0	0.4	2
699	484	130	469	130	287	289	0.046875	0	0.285714	2
700	167	253	147	258	287	289	0.140625	0	0.556044	2
701	456	423	439	426	287	290	0.08125	0	0.92967	2
702	458	176	454	176	287	288	0.0125	0	0.386813	2
703	346	98	342	101	287	289	0.040625	0	0.215385	2
704	512	172	504	172	287	289	0.025	0	0.378022	2
705	195	451	188	452	287	288	0.025	0	0.991209	2
706	546	137	542	136	287	288	0.015625	0	0.301099	2
707	420	434	403	436	287	290	0.065625	0	0.953846	2
708	507	122	508	122	287	288	0.003125	0	0.268132	1
709	220	439	208	441	288	290	0.05	0	0.964835	2
710	248	427	236	429	288	290	0.05	0	0.938462	2
711	550	184	544	184	288	289	0.01875	0	0.404396	2
712	644	158	643	157	288	289	0.00625	0	0.347253	2
713	463	245	454	247	288	290	0.040625	0	0.538462	2
714	34	263	24	262	288	289	0.034375	0	0.578022	2
715	638	116	634	117	288	289	0.015625	0	0.254945	2
716	420	227	409	229	288	290	0.046875	0	0.498901	2
717	646	147	647	148	288	289	0.00625	0	0.323077	1
718	473	170	468	170	288	289	0.015625	0	0.373626	2
719	342	182	337	184	288	289	0.028125	0	0.4	2
720	628	171	630	171	288	290	0.00625	0	0.375824	1
721	32	330	24	326	288	289	0.075	0	0.725275	2
722	349	172	348	171	288	289	0.00625	0	0.378022	2
723	224	449	217	450	288	289	0.025	0	0.986813	2
724	554	132	548	131	288	289	0.021875	0	0.29011	2
725	343	157	340	156	288	290	0.0125	0	0.345055	2
726	318	433	306	435	288	290	0.05	0	0.951648	2
727	466	140	459	140	289	290	0.021875	0	0.307692	2
728	203	436	197	436	289	290	0.01875	0	0.958242	2
729	473	183	474	182	289	290	0.00625	0	0.402198	1
730	343	136	343	133	289	290	0.028125	0	0.298901	1
731	528	187	524	190	289	290	0.040625	0	0.410989	2
732	326	136	322	137	289	290	0.015625	0	0.298901	2
733	688	154	682	150	289	290	0.06875	0	0.338462	2
734	539	147	535	147	289	290	0.0125	0	0.323077	2
735	453	167	450	166	289	290	0.0125	0	0.367033	2
736	173	283	164	284	289	290	0.03125	0	0.621978	2
737	218	302	201	302	289	290	0.053125	0	0.663736	2
738	181	452	175	453	289	290	0.021875	0	0.993407	2
739	481	147	478	148	289	290	0.0125	0	0.323077	2
740	433	178	428	179	289	290	0.01875	0	0.391209	2
741	207	451	202	451	289	290	0.015625	0	0.991209	2
742	185	258	171	261	289	290	0.071875	0	0.567033	2
743	435	168	430	169	289	290	0.01875	0	0.369231	2
744	519	138	515	138	289	290	0.0125	0	0.303297	2
745	454	256	449	255	289	290	0.01875	0	0.562637	2