
0	581	426	582	432	117	155	0.270073	0	0.936264	1
1	373	103	375	102	117	118	0.0218978	0	0.226374	1
2	426	140	427	138	118	119	0.0364964	0	0.307692	1
3	368	92	369	90	118	119	0.0364964	0	0.202198	1
4	317	81	317	80	118	119	0.00729927	0	0.178022	1
5	275	74	278	72	118	119	0.0510949	0	0.162637	1
6	459	110	460	108	118	119	0.0364964	0	0.241758	1
7	749	413	747	414	119	127	0.0218978	0	0.907692	2
8	359	87	359	82	119	122	0.182482	0	0.191209	1
9	373	126	373	126	119	120	0	0	0.276923	1
10	577	128	577	128	119	120	0	0	0.281319	1
11	398	127	398	126	119	120	0.00729927	0	0.279121	1
12	408	105	410	100	119	121	0.19708	0	0.230769	1
13	317	94	317	93	119	120	0.00729927	0	0.206593	1
14	378	102	379	101	119	120	0.0145985	0	0.224176	1
15	234	147	232	149	119	128	0.0437956	0	0.323077	2
16	499	111	501	111	119	121	0.0145985	0	0.243956	1
17	709	425	709	427	120	124	0.0291971	0	0.934066	1
18	370	87	370	84	120	121	0.0656934	0	0.191209	1
19	499	95	496	93	120	123	0.0510949	0	0.208791	2
20	322	77	322	76	120	121	0.00729927	0	0.169231	1
21	760	428	755	432	120	131	0.153285	0	0.940659	2
22	281	72	285	71	120	122	0.0364964	0	0.158242	1
23	574	421	571	424	120	129	0.0875912	0	0.925275	2
24	459	100	458	97	120	121	0.0729927	0	0.21978	2
25	549	194	549	195	120	122	0.00729927	0	0.426374	1
26	361	97	361	95	120	121	0.0291971	0	0.213187	1
27	397	136	396	135	120	121	0.0145985	0	0.298901	2
28	538	437	536	440	120	124	0.080292	0	0.96044	2
29	346	86	346	86	120	122	0	0	0.189011	1
30	646	428	643	433	120	155	0.20438	0	0.940659	2
31	282	82	284	81	120	121	0.0218978	0	0.18022	1
32	450	88	448	84	120	122	0.131387	0	0.193407	2
33	235	86	232	87	120	125	0.0291971	0	0.189011	2
34	578	130	575	135	121	123	0.20438	0	0.285714	2
35	398	125	397	124	121	122	0.0145985	0	0.274725	2
36	447	100	444	98	121	123	0.0510949	0	0.21978	2
37	374	127	374	127	121	122	0	0	0.279121	1
38	772	409	770	410	121	124	0.0218978	0	0.898901	2
39	248	98	248	98	121	122	0	0	0.215385	1
40	427	135	425	135	121	122	0.0145985	0	0.296703	2
41	574	92	570	95	121	123	0.0948905	0	0.202198	2
42	472	440	471	442	121	123	0.0364964	0	0.967033	2
43	371	83	370	81	122	123	0.0364964	0	0.182418	2
44	474	107	473	106	122	123	0.0145985	0	0.235165	2
45	410	95	410	93	122	123	0.0291971	0	0.208791	1
46	568	190	568	190	122	123	0	0	0.417582	1
47	241	57	230	59	122	131	0.109489	0	0.125275	2
48	361	93	360	94	122	124	0.0145985	0	0.204396	2
49	457	94	455	92	122	123	0.0437956	0	0.206593	2
50	500	111	498	111	122	123	0.0145985	0	0.243956	2
51	698	167	697	172	122	124	0.189781	0	0.367033	2
52	574	121	572	125	122	124	0.131387	0	0.265934	2
53	524	116	522	116	122	123	0.0145985	0	0.254945	2
54	680	203	679	203	122	123	0.00729927	0	0.446154	2
55	539	428	536	429	123	134	0.0291971	0	0.940659	2
56	397	126	395	127	123	124	0.0218978	0	0.276923	2
57	700	148	705	149	123	128	0.0437956	0	0.325275	1
58	506	91	499	89	123	126	0.080292	0	0.2	2
59	286	72	293	70	123	126	0.080292	0	0.158242	1
60	342	118	341	121	123	124	0.0729927	0	0.259341	2
61	375	128	376	128	123	124	0.00729927	0	0.281319	1
62	710	443	708	442	123	127	0.0218978	0	0.973626	2
63	496	79	489	76	123	126	0.116788	0	0.173626	2
64	549	197	548	197	123	126	0.00729927	0	0.432967	2
65	304	118	304	118	123	124	0	0	0.259341	1
66	378	101	378	104	123	124	0.0656934	0	0.221978	1
67	827	435	825	438	123	155	0.080292	0	0.956044	2
68	262	115	264	114	123	124	0.0218978	0	0.252747	1
69	317	118	316	120	123	124	0.0364964	0	0.259341	2
70	576	137	577	136	124	125	0.0145985	0	0.301099	1
71	637	455	635	454	124	128	0.0218978	0	1	2
72	445	97	441	94	124	126	0.0948905	0	0.213187	2
73	571	455	569	454	124	128	0.0218978	0	1	2
74	412	92	413	90	124	125	0.0364964	0	0.202198	1
75	569	190	570	189	124	125	0.0145985	0	0.417582	1
76	564	136	568	135	124	127	0.0364964	0	0.298901	1
77	682	208	681	207	124	128	0.0145985	0	0.457143	2
78	455	92	453	90	124	125	0.0437956	0	0.202198	2
79	328	82	330	81	124	125	0.0218978	0	0.18022	1
80	423	140	421	141	124	125	0.0218978	0	0.307692	2
81	336	131	334	133	124	125	0.0437956	0	0.287912	2
82	216	146	210	145	124	127	0.0510949	0	0.320879	2
83	434	95	432	93	124	125	0.0437956	0	0.208791	2
84	494	93	491	92	124	125	0.0291971	0	0.204396	2
85	708	427	705	428	125	147	0.0291971	0	0.938462	2
86	716	145	718	144	125	127	0.0218978	0	0.318681	1
87	394	129	392	129	125	126	0.0145985	0	0.283516	2
88	225	100	224	97	125	127	0.0729927	0	0.21978	2
89	371	80	370	78	125	126	0.0364964	0	0.175824	2
90	358	83	374	80	125	133	0.182482	0	0.182418	1
91	697	173	699	171	125	128	0.0437956	0	0.38022	1
92	702	203	703	202	125	126	0.0145985	0	0.446154	1
93	494	102	490	101	125	126	0.0364964	0	0.224176	2
94	770	159	769	158	125	127	0.0145985	0	0.349451	2
95	537	439	535	439	125	128	0.0145985	0	0.964835	2
96	322	69	323	67	125	127	0.0364964	0	0.151648	1
97	341	123	341	122	125	128	0.00729927	0	0.27033	1
98	572	189	571	189	126	128	0.00729927	0	0.415385	2
99	579	135	580	132	126	127	0.0729927	0	0.296703	1
100	451	88	449	86	126	127	0.0437956	0	0.193407	2
101	334	132	334	131	126	129	0.00729927	0	0.29011	1
102	420	144	419	142	126	127	0.0364964	0	0.316484	2
103	414	89	416	88	126	127	0.0218978	0	0.195604	1
104	496	122	491	119	126	127	0.10219	0	0.268132	2
105	553	100	549	99	126	127	0.0364964	0	0.21978	2
106	299	119	300	117	126	127	0.0364964	0	0.261538	1
107	770	410	765	411	126	136	0.0437956	0	0.901099	2
108	574	124	575	122	126	127	0.0364964	0	0.272527	1
109	418	127	417	126	126	127	0.0145985	0	0.279121	2
110	206	83	203	78	126	131	0.20438	0	0.182418	2
111	393	130	392	129	127	128	0.0145985	0	0.285714	2
112	439	93	439	94	127	134	0.00729927	0	0.204396	1
113	487	67	472	65	127	131	0.138686	0	0.147253	2
114	372	78	375	76	127	129	0.0510949	0	0.171429	1
115	235	87	233	85	127	128	0.0437956	0	0.191209	2
116	441	128	437	127	127	128	0.0364964	0	0.281319	2
117	260	108	259	108	127	128	0.00729927	0	0.237363	2
118	708	203	707	204	127	131	0.0145985	0	0.446154	2
119	316	120	315	119	127	128	0.0145985	0	0.263736	2
120	284	70	297	69	127	132	0.10219	0	0.153846	1
121	517	443	513	445	128	134	0.0583942	0	0.973626	2
122	570	135	572	134	128	129	0.0218978	0	0.296703	1
123	579	123	581	122	128	129	0.0218978	0	0.27033	1
124	747	415	744	417	128	143	0.0510949	0	0.912088	2
125	483	88	478	87	128	129	0.0437956	0	0.193407	2
126	208	147	204	147	128	131	0.0291971	0	0.323077	2
127	757	414	756	416	128	155	0.0364964	0	0.90989	2
128	417	84	424	80	128	132	0.167883	0	0.184615	1
129	339	78	341	77	128	129	0.0218978	0	0.171429	1
130	223	96	223	94	128	130	0.0291971	0	0.210989	1
131	705	444	704	446	128	145	0.0364964	0	0.975824	2
132	171	104	170	102	128	130	0.0364964	0	0.228571	2
133	448	84	449	85	128	133	0.0145985	0	0.184615	1
134	237	97	236	97	128	131	0.00729927	0	0.213187	2
135	733	91	710	97	128	139	0.430657	0	0.2	2
136	701	149	703	148	129	130	0.0218978	0	0.327473	1
137	392	127	392	127	129	130	0	0	0.279121	1
138	326	75	325	75	129	130	0.00729927	0	0.164835	2
139	316	121	315	121	129	130	0.00729927	0	0.265934	2
140	233	149	230	148	129	130	0.0291971	0	0.327473	2
141	573	190	573	189	129	130	0.00729927	0	0.417582	1
142	218	105	217	104	129	130	0.0145985	0	0.230769	2
143	564	152	564	152	129	130	0	0	0.334066	1
144	234	86	232	85	129	132	0.0218978	0	0.189011	2
145	259	109	259	109	129	130	0	0	0.23956	1
146	711	170	716	168	129	131	0.0656934	0	0.373626	1
147	542	101	537	102	129	130	0.0437956	0	0.221978	2
148	762	147	761	146	129	131	0.0145985	0	0.323077	2
149	573	135	574	134	130	131	0.0145985	0	0.296703	1
150	573	424	572	424	130	134	0.00729927	0	0.931868	2
151	635	455	634	454	130	131	0.0145985	0	1	2
152	378	73	387	71	130	133	0.0948905	0	0.16044	1
153	713	148	715	146	130	131	0.0437956	0	0.325275	1
154	766	159	763	159	130	133	0.0218978	0	0.349451	2
155	196	96	198	94	130	132	0.0437956	0	0.210989	1
156	739	455	738	454	130	131	0.0145985	0	1	2
157	388	137	389	136	130	131	0.0145985	0	0.301099	1
158	702	163	704	161	130	131	0.0437956	0	0.358242	1
159	470	114	467	116	131	132	0.0510949	0	0.250549	2
160	417	132	415	132	131	132	0.0145985	0	0.29011	2
161	705	148	706	147	131	132	0.0145985	0	0.325275	1
162	587	127	588	126	131	133	0.0145985	0	0.279121	1
163	419	142	418	141	131	132	0.0145985	0	0.312088	2
164	315	122	315	121	131	132	0.00729927	0	0.268132	1
165	468	88	463	88	131	132	0.0364964	0	0.193407	2
166	727	138	728	137	131	132	0.0145985	0	0.303297	1
167	429	131	428	130	131	132	0.0145985	0	0.287912	2
168	401	127	402	126	131	132	0.0145985	0	0.279121	1
169	782	148	781	149	131	133	0.0145985	0	0.325275	2
170	223	95	222	95	131	132	0.00729927	0	0.208791	2
171	536	130	524	129	131	133	0.0948905	0	0.285714	2
172	566	150	567	149	131	132	0.0145985	0	0.32967	1
173	392	134	393	133	132	133	0.0145985	0	0.294505	1
174	575	136	575	136	132	133	0	0	0.298901	1
175	755	432	753	432	132	135	0.0145985	0	0.949451	2
176	707	161	709	160	132	133	0.0218978	0	0.353846	1
177	717	146	754	136	132	146	1	0	0.320879	1
178	329	86	329	86	132	133	0	0	0.189011	1
179	577	148	576	149	132	133	0.0145985	0	0.325275	2
180	200	82	199	80	132	136	0.0364964	0	0.18022	2
181	203	146	202	145	132	133	0.0145985	0	0.320879	2
182	314	87	314	86	132	133	0.00729927	0	0.191209	1
183	538	448	537	449	132	134	0.0145985	0	0.984615	2
184	228	60	224	63	132	137	0.0948905	0	0.131868	2
185	418	91	417	91	132	134	0.00729927	0	0.2	2
186	310	61	312	60	132	133	0.0218978	0	0.134066	1
187	424	445	424	446	132	155	0.00729927	0	0.978022	1
188	513	412	511	412	132	134	0.0145985	0	0.905495	2
189	713	206	712	206	132	134	0.00729927	0	0.452747	2
190	232	87	231	87	133	134	0.00729927	0	0.191209	2
191	200	93	199	90	133	137	0.0729927	0	0.204396	2
192	431	81	429	80	133	134	0.0218978	0	0.178022	2
193	429	133	428	132	133	134	0.0145985	0	0.292308	2
194	221	96	220	96	133	134	0.00729927	0	0.210989	2
195	708	148	709	147	133	134	0.0145985	0	0.325275	1
196	404	126	405	126	133	134	0.00729927	0	0.276923	1
197	730	137	731	136	133	134	0.0145985	0	0.301099	1
198	422	143	421	141	133	135	0.0364964	0	0.314286	2
199	542	127	532	131	133	134	0.189781	0	0.279121	2
200	570	455	569	454	133	136	0.0145985	0	1	2
201	355	77	356	76	133	134	0.0145985	0	0.169231	1
202	635	455	633	454	133	136	0.0218978	0	1	2
203	468	74	465	73	133	134	0.0291971	0	0.162637	2
204	364	93	369	90	133	135	0.10219	0	0.204396	1
205	711	161	714	159	134	136	0.0510949	0	0.353846	1
206	378	79	397	79	134	141	0.138686	0	0.173626	1
207	395	134	396	133	134	135	0.0145985	0	0.294505	1
208	536	153	535	153	134	137	0.00729927	0	0.336264	2
209	525	36	523	35	134	137	0.0218978	0	0.0791209	2
210	765	161	765	161	134	142	0	0	0.353846	1
211	781	150	787	153	134	148	0.109489	0	0.32967	1
212	383	69	397	68	134	139	0.109489	0	0.151648	1
213	322	115	324	113	134	135	0.0437956	0	0.252747	1
214	512	446	509	448	135	155	0.0510949	0	0.98022	2
215	408	138	407	138	135	136	0.00729927	0	0.303297	2
216	580	145	580	143	135	137	0.0291971	0	0.318681	1
217	590	127	590	125	135	137	0.0291971	0	0.279121	1
218	438	93	431	90	135	137	0.116788	0	0.204396	2
219	418	131	416	131	135	136	0.0145985	0	0.287912	2
220	221	97	220	98	135	136	0.0145985	0	0.213187	2
221	231	88	230	89	135	136	0.0145985	0	0.193407	2
222	536	429	536	430	135	155	0.00729927	0	0.942857	1
223	578	420	577	421	135	143	0.0145985	0	0.923077	2
224	777	130	782	129	135	143	0.0437956	0	0.285714	1
225	418	82	416	81	135	137	0.0218978	0	0.18022	2
226	309	119	309	118	135	136	0.00729927	0	0.261538	1
227	357	74	359	73	135	138	0.0218978	0	0.162637	1
228	298	71	295	73	135	138	0.0510949	0	0.156044	2
229	202	103	202	101	135	138	0.0291971	0	0.226374	1
230	735	135	738	133	135	137	0.0510949	0	0.296703	1
231	406	128	407	127	135	136	0.0145985	0	0.281319	1
232	463	71	459	70	135	136	0.0364964	0	0.156044	2
233	191	124	190	123	135	136	0.0145985	0	0.272527	2
234	429	76	427	75	135	136	0.0218978	0	0.167033	2
235	792	420	789	419	135	137	0.0291971	0	0.923077	2
236	454	130	452	130	135	137	0.0145985	0	0.285714	2
237	454	82	450	80	135	136	0.0583942	0	0.18022	2
238	416	92	414	91	135	137	0.0218978	0	0.202198	2
239	723	134	724	132	135	136	0.0364964	0	0.294505	1
240	580	121	581	118	135	137	0.0729927	0	0.265934	1
241	753	433	753	434	136	139	0.00729927	0	0.951648	1
242	372	89	374	89	136	137	0.0145985	0	0.195604	1
243	515	115	509	115	136	137	0.0437956	0	0.252747	2
244	397	133	397	133	136	137	0	0	0.292308	1
245	705	134	681	135	136	143	0.182482	0	0.294505	2
246	727	160	731	157	136	138	0.0948905	0	0.351648	1
247	424	105	421	104	136	137	0.0291971	0	0.230769	2
248	765	413	764	414	137	139	0.0145985	0	0.907692	2
249	322	68	322	67	137	138	0.00729927	0	0.149451	1
250	717	158	734	154	137	142	0.240876	0	0.347253	1
251	219	101	219	103	137	138	0.0291971	0	0.221978	1
252	191	124	192	122	137	138	0.0364964	0	0.272527	1
253	420	135	419	133	137	138	0.0364964	0	0.296703	2
254	303	63	301	64	137	138	0.0218978	0	0.138462	2
255	456	113	454	113	137	138	0.0145985	0	0.248352	2
256	213	152	213	152	137	140	0	0	0.334066	1
257	333	65	333	64	137	138	0.00729927	0	0.142857	1
258	203	75	204	74	137	138	0.0145985	0	0.164835	1
259	400	74	405	75	137	139	0.0437956	0	0.162637	1
260	430	130	429	128	137	138	0.0364964	0	0.285714	2
261	783	143	785	143	137	139	0.0145985	0	0.314286	1
262	705	123	700	125	137	138	0.0656934	0	0.27033	2
263	311	86	311	84	138	139	0.0291971	0	0.189011	1
264	403	142	403	141	138	139	0.00729927	0	0.312088	1
265	524	35	525	34	138	143	0.0145985	0	0.0769231	1
266	204	142	204	141	138	139	0.00729927	0	0.312088	1
267	578	130	580	129	138	139	0.0218978	0	0.285714	1
268	739	133	745	131	138	140	0.0729927	0	0.292308	1
269	200	91	204	88	138	140	0.0948905	0	0.2	1
270	231	96	233	97	138	140	0.0218978	0	0.210989	1
271	488	108	477	106	138	140	0.109489	0	0.237363	2
272	440	85	437	83	138	139	0.0510949	0	0.186813	2
273	454	130	456	130	138	140	0.0145985	0	0.285714	1
274	785	418	785	417	138	142	0.00729927	0	0.918681	1
275	323	68	323	66	139	142	0.0291971	0	0.149451	1
276	445	455	445	454	139	142	0.00729927	0	1	1
277	197	122	200	121	139	140	0.0291971	0	0.268132	1
278	220	105	221	104	139	140	0.0145985	0	0.230769	1
279	334	65	334	64	139	140	0.00729927	0	0.142857	1
280	217	84	218	83	139	140	0.0145985	0	0.184615	1
281	381	79	387	80	139	141	0.0510949	0	0.173626	1
282	582	145	585	142	139	140	0.0875912	0	0.318681	1
283	361	73	363	70	139	141	0.080292	0	0.16044	1
284	371	87	372	86	139	140	0.0145985	0	0.191209	1
285	226	65	224	66	139	142	0.0218978	0	0.142857	2
286	377	122	381	121	139	141	0.0364964	0	0.268132	1
287	203	100	205	99	139	140	0.0218978	0	0.21978	1
288	510	415	509	415	139	149	0.00729927	0	0.912088	2
289	795	420	797	418	139	145	0.0437956	0	0.923077	1
290	717	141	717	144	139	140	0.0656934	0	0.30989	1
291	469	132	466	132	139	140	0.0218978	0	0.29011	2
292	754	434	756	433	140	148	0.0218978	0	0.953846	1
293	582	129	586	127	140	142	0.0583942	0	0.283516	1
294	593	130	595	130	140	141	0.0145985	0	0.285714	1
295	446	105	445	102	140	141	0.0729927	0	0.230769	2
296	423	91	420	89	140	142	0.0510949	0	0.2	2
297	743	203	744	201	140	142	0.0364964	0	0.446154	1
298	505	135	484	136	140	142	0.160584	0	0.296703	2
299	746	396	748	396	140	155	0.0145985	0	0.87033	1
300	337	64	340	68	141	149	0.138686	0	0.140659	1
301	223	103	225	101	141	144	0.0437956	0	0.226374	1
302	313	83	314	83	141	143	0.00729927	0	0.182418	1
303	305	67	305	66	141	144	0.00729927	0	0.147253	1
304	749	130	759	125	141	144	0.255474	0	0.285714	1
305	788	140	789	138	141	146	0.0364964	0	0.307692	1
306	374	85	377	87	141	147	0.0510949	0	0.186813	1
307	209	72	209	71	141	142	0.00729927	0	0.158242	1
308	436	80	434	79	141	142	0.0218978	0	0.175824	2
309	579	143	579	142	141	142	0.00729927	0	0.314286	1
310	426	66	424	66	141	142	0.0145985	0	0.145055	2
311	447	82	446	80	141	145	0.0364964	0	0.18022	2
312	377	75	384	79	141	150	0.167883	0	0.164835	1
313	331	87	333	85	141	143	0.0437956	0	0.191209	1
314	318	121	319	120	141	143	0.0145985	0	0.265934	1
315	596	112	594	105	141	145	0.372263	0	0.246154	2
316	737	129	747	126	141	144	0.138686	0	0.283516	1
317	573	441	574	441	141	155	0.00729927	0	0.969231	1
318	401	69	404	69	141	142	0.0218978	0	0.151648	1
319	719	145	717	145	141	142	0.0145985	0	0.318681	2
320	699	106	679	102	141	146	0.262774	0	0.232967	2
321	445	101	444	100	142	143	0.0145985	0	0.221978	2
322	599	133	602	130	142	143	0.0875912	0	0.292308	1
323	753	160	756	159	142	143	0.0291971	0	0.351648	1
324	434	99	433	98	143	144	0.0145985	0	0.217582	2
325	738	154	752	155	143	148	0.109489	0	0.338462	1
326	323	67	322	67	143	144	0.00729927	0	0.147253	2
327	588	127	590	121	143	146	0.277372	0	0.279121	1
328	580	144	581	134	143	148	0.737226	0	0.316484	1
329	422	67	420	67	143	144	0.0145985	0	0.147253	2
330	213	110	213	110	143	144	0	0	0.241758	1
331	413	99	412	99	143	144	0.00729927	0	0.217582	2
332	326	57	325	58	143	144	0.0145985	0	0.125275	2
333	357	78	358	77	143	144	0.0145985	0	0.171429	1
334	404	69	406	69	143	144	0.0145985	0	0.151648	1
335	766	160	767	159	143	144	0.0145985	0	0.351648	1
336	508	430	507	430	143	155	0.00729927	0	0.945055	2
337	419	88	418	88	143	144	0.00729927	0	0.193407	2
338	527	444	526	444	143	155	0.00729927	0	0.975824	2
339	579	422	579	422	144	155	0	0	0.927473	1
340	745	417	746	417	144	154	0.00729927	0	0.916484	1
341	447	455	447	454	144	151	0.00729927	0	1	1
342	526	35	526	33	144	148	0.0291971	0	0.0769231	1
343	781	127	783	131	144	149	0.131387	0	0.279121	1
344	317	83	317	82	144	145	0.00729927	0	0.182418	1
345	210	76	211	75	144	145	0.0145985	0	0.167033	1
346	697	107	678	101	144	149	0.40146	0	0.235165	2
347	751	196	756	193	144	145	0.10219	0	0.430769	1
348	218	100	217	98	145	146	0.0364964	0	0.21978	2
349	323	68	323	68	145	146	0	0	0.149451	1
350	741	138	746	138	145	147	0.0364964	0	0.303297	1
351	306	65	306	64	145	146	0.00729927	0	0.142857	1
352	356	73	357	72	145	146	0.0145985	0	0.16044	1
353	117	260	110	259	145	155	0.0583942	0	0.571429	2
354	313	98	313	98	145	146	0	0	0.215385	1
355	219	135	221	132	145	146	0.080292	0	0.296703	1
356	419	74	417	74	145	146	0.0145985	0	0.162637	2
357	751	126	768	133	145	151	0.481752	0	0.276923	1
358	430	84	427	83	145	146	0.0291971	0	0.184615	2
359	707	143	693	141	145	147	0.131387	0	0.314286	2
360	583	111	583	108	145	146	0.0656934	0	0.243956	1
361	678	127	674	124	145	146	0.0948905	0	0.279121	2
362	210	146	210	145	145	146	0.00729927	0	0.320879	1
363	767	413	767	412	146	147	0.00729927	0	0.907692	1
364	318	83	318	83	146	147	0	0	0.182418	1
365	707	445	707	445	146	149	0	0	0.978022	1
366	676	139	673	139	146	147	0.0218978	0	0.305495	2
367	580	119	580	117	146	147	0.0291971	0	0.261538	1
368	227	100	226	98	146	147	0.0364964	0	0.21978	2
369	433	131	424	130	146	147	0.0729927	0	0.287912	2
370	230	89	230	88	146	147	0.00729927	0	0.195604	1
371	594	103	590	98	146	149	0.211679	0	0.226374	2
372	797	420	798	419	146	148	0.0145985	0	0.923077	1
373	446	79	444	79	146	147	0.0145985	0	0.173626	2
374	455	143	444	140	146	148	0.145985	0	0.314286	2
375	591	119	590	117	147	148	0.0364964	0	0.261538	2
376	757	137	772	143	147	152	0.372263	0	0.301099	1
377	790	140	789	144	147	149	0.124088	0	0.307692	2
378	314	100	315	102	147	149	0.0364964	0	0.21978	1
379	408	101	407	101	147	149	0.00729927	0	0.221978	2
380	324	69	324	71	147	149	0.0291971	0	0.151648	1
381	442	131	434	130	147	148	0.0656934	0	0.287912	2
382	598	168	596	162	147	148	0.277372	0	0.369231	2
383	125	262	122	262	147	149	0.0218978	0	0.575824	2
384	675	100	669	99	147	149	0.0510949	0	0.21978	2
385	761	158	763	159	147	148	0.0218978	0	0.347253	1
386	464	137	463	137	147	148	0.00729927	0	0.301099	2
387	601	114	599	112	147	148	0.0437956	0	0.250549	2
388	373	66	379	67	147	150	0.0510949	0	0.145055	1
389	668	125	649	127	147	151	0.167883	0	0.274725	2
390	427	66	426	66	147	148	0.00729927	0	0.145055	2
391	312	68	311	68	147	149	0.00729927	0	0.149451	2
392	767	413	767	413	148	151	0	0	0.907692	1
393	749	140	751	142	148	149	0.0437956	0	0.307692	1
394	580	116	580	115	148	149	0.00729927	0	0.254945	1
395	404	84	403	84	148	149	0.00729927	0	0.184615	2
396	706	428	706	428	148	149	0	0	0.940659	1
397	737	198	739	196	148	153	0.0437956	0	0.435165	1
398	231	88	231	87	148	149	0.00729927	0	0.193407	1
399	782	431	783	431	148	149	0.00729927	0	0.947253	1
400	288	117	287	117	148	149	0.00729927	0	0.257143	2
401	375	90	376	90	148	149	0.00729927	0	0.197802	1
402	319	85	320	87	148	149	0.0364964	0	0.186813	1
403	389	136	389	136	148	149	0	0	0.298901	1
404	757	433	757	433	149	151	0	0	0.951648	1
405	756	158	765	160	149	152	0.0948905	0	0.347253	1
406	427	132	417	134	149	150	0.10219	0	0.29011	2
407	591	116	590	115	149	150	0.0145985	0	0.254945	2
408	532	34	532	34	149	155	0	0	0.0747253	1
409	437	101	435	101	149	150	0.0145985	0	0.221978	2
410	519	33	519	33	149	155	0	0	0.0725275	1
411	582	133	583	134	149	153	0.0145985	0	0.292308	1
412	392	126	391	126	149	150	0.00729927	0	0.276923	2
413	687	132	676	133	149	151	0.0875912	0	0.29011	2
414	378	100	378	98	149	150	0.0291971	0	0.21978	1
415	677	139	670	137	149	150	0.080292	0	0.305495	2
416	434	142	422	143	149	150	0.0948905	0	0.312088	2
417	784	132	785	133	150	151	0.0145985	0	0.29011	1
418	706	429	706	429	150	155	0	0	0.942857	1
419	790	146	793	148	150	152	0.0510949	0	0.320879	1
420	235	87	237	86	150	151	0.0218978	0	0.191209	1
421	754	144	758	144	150	151	0.0291971	0	0.316484	1
422	589	98	590	100	150	153	0.0364964	0	0.215385	1
423	339	70	338	75	150	154	0.189781	0	0.153846	2
424	580	116	579	116	150	153	0.00729927	0	0.254945	2
425	464	138	464	137	150	151	0.00729927	0	0.303297	1
426	771	163	775	164	150	151	0.0364964	0	0.358242	1
427	429	68	424	66	150	153	0.0656934	0	0.149451	2
428	776	433	780	433	150	152	0.0291971	0	0.951648	1
429	223	94	227	93	150	152	0.0364964	0	0.206593	1
430	225	81	226	80	150	151	0.0145985	0	0.178022	1
431	802	422	803	421	150	152	0.0145985	0	0.927473	1
432	418	79	415	79	150	152	0.0218978	0	0.173626	2
433	774	134	778	135	150	151	0.0364964	0	0.294505	1
434	289	117	289	116	150	151	0.00729927	0	0.257143	1
435	672	119	667	119	150	151	0.0364964	0	0.261538	2
436	442	79	436	77	150	155	0.0729927	0	0.173626	2
437	710	446	710	446	150	155	0	0	0.98022	1
438	312	110	313	112	150	151	0.0364964	0	0.241758	1
439	591	116	590	116	151	152	0.00729927	0	0.254945	2
440	325	73	325	74	151	152	0.00729927	0	0.16044	1
441	670	108	665	109	151	152	0.0437956	0	0.237363	2
442	380	88	381	86	151	152	0.0364964	0	0.193407	1
443	455	127	453	125	151	153	0.0437956	0	0.279121	2
444	220	140	220	139	151	153	0.00729927	0	0.307692	1
445	388	127	387	127	151	152	0.00729927	0	0.279121	2
446	330	83	329	85	151	152	0.0364964	0	0.182418	2
447	561	399	561	399	151	155	0	0	0.876923	1
448	758	434	759	434	152	155	0.00729927	0	0.953846	1
449	777	160	781	158	152	153	0.0583942	0	0.351648	1
450	384	76	384	74	152	153	0.0291971	0	0.167033	1
451	396	101	389	99	152	153	0.080292	0	0.221978	2
452	381	66	380	64	152	153	0.0364964	0	0.145055	2
453	768	414	768	414	152	155	0	0	0.90989	1
454	448	455	447	454	152	154	0.0145985	0	1	2
455	242	88	246	86	152	154	0.0583942	0	0.193407	1
456	356	92	357	92	152	153	0.00729927	0	0.202198	1
457	437	111	436	110	152	153	0.0145985	0	0.243956	2
458	766	133	772	131	152	153	0.0729927	0	0.292308	1
459	665	95	652	100	152	155	0.277372	0	0.208791	2
460	762	144	779	140	152	155	0.240876	0	0.316484	1
461	590	116	589	114	153	154	0.0364964	0	0.254945	2
462	771	158	776	156	153	154	0.0656934	0	0.347253	1
463	778	143	789	141	153	155	0.109489	0	0.314286	1
464	323	64	322	65	153	154	0.0145985	0	0.140659	2
465	384	84	385	81	153	154	0.0729927	0	0.184615	1
466	218	75	220	74	153	154	0.0218978	0	0.164835	1
467	327	76	327	77	153	155	0.00729927	0	0.167033	1
468	326	96	325	96	153	154	0.00729927	0	0.210989	2
469	36	40	37	40	153	154	0.00729927	0	0.0879121	1
470	790	135	795	134	153	154	0.0437956	0	0.296703	1
471	399	135	396	134	153	154	0.0291971	0	0.296703	2
472	329	86	329	86	153	154	0	0	0.189011	1
473	232	82	233	81	153	154	0.0145985	0	0.18022	1
474	321	111	322	112	153	155	0.0145985	0	0.243956	1
475	585	135	585	135	154	155	0	0	0.296703	1
476	380	63	379	63	154	155	0.00729927	0	0.138462	2
477	741	195	746	193	154	155	0.0656934	0	0.428571	1
478	411	76	407	76	154	155	0.0291971	0	0.167033	2
479	774	433	775	433	154	155	0.00729927	0	0.951648	1
480	801	194	801	194	154	155	0	0	0.426374	1
481	626	126	619	122	154	155	0.167883	0	0.276923	2
482	784	433	785	433	154	155	0.00729927	0	0.951648	1
483	785	131	791	130	154	155	0.0510949	0	0.287912	1
484	221	139	222	137	154	155	0.0364964	0	0.305495	1
485	45	62	46	61	154	155	0.0145985	0	0.136264	1