
0	637	94	635	91	77	79	0.00650888	0	0.206593	2
1	588	222	572	226	77	83	0.0189349	0	0.487912	2
2	411	123	409	121	78	79	0.0035503	0	0.27033	2
3	431	104	431	100	78	79	0.00946746	0	0.228571	1
4	328	97	327	94	78	79	0.00591716	0	0.213187	2
5	447	115	441	102	78	82	0.10355	0	0.252747	2
6	535	30	533	27	78	80	0.00650888	0	0.0659341	2
7	709	393	707	391	78	79	0.0035503	0	0.863736	2
8	337	80	345	59	78	87	0.26568	0	0.175824	1
9	238	248	244	246	78	85	0.00591716	0	0.545055	1
10	82	453	81	448	78	80	0.0153846	0	0.995604	2
11	354	127	357	120	79	81	0.0307692	0	0.279121	1
12	437	121	434	117	79	80	0.0112426	0	0.265934	2
13	718	394	717	393	79	80	0.00118343	0	0.865934	2
14	577	188	551	182	79	85	0.0366864	0	0.413187	2
15	647	81	662	100	79	102	0.222485	0	0.178022	1
16	717	373	718	373	79	80	0.000591716	0	0.81978	1
17	75	338	69	342	79	84	0.0130178	0	0.742857	2
18	408	120	407	119	80	81	0.00118343	0	0.263736	2
19	328	91	328	88	80	81	0.00532544	0	0.2	1
20	643	127	644	128	80	84	0.00118343	0	0.279121	1
21	398	116	396	110	80	84	0.0224852	0	0.254945	2
22	376	153	382	147	81	84	0.0248521	0	0.336264	1
23	340	41	332	40	81	85	0.00532544	0	0.0901099	2
24	621	83	623	81	81	83	0.0035503	0	0.182418	1
25	543	190	539	193	81	82	0.00769231	0	0.417582	2
26	456	146	456	144	81	82	0.00236686	0	0.320879	1
27	164	24	168	24	81	85	0.00236686	0	0.0527473	1
28	333	120	347	115	81	86	0.0230769	0	0.263736	1
29	361	114	364	111	82	83	0.00710059	0	0.250549	1
30	491	183	493	182	82	85	0.00177515	0	0.402198	1
31	385	44	388	43	82	85	0.00236686	0	0.0967033	1
32	67	357	67	357	82	83	0	0	0.784615	1
33	585	251	585	250	82	83	0.000591716	0	0.551648	1
34	360	124	364	122	82	83	0.00473373	0	0.272527	1
35	71	428	47	427	82	93	0.0147929	0	0.940659	2
36	96	385	95	385	82	84	0.000591716	0	0.846154	2
37	468	152	467	149	82	83	0.00591716	0	0.334066	2
38	323	24	325	24	82	84	0.00118343	0	0.0527473	1
39	81	449	82	448	82	83	0.00118343	0	0.986813	1
40	407	119	405	115	82	84	0.0106509	0	0.261538	2
41	632	88	634	88	82	83	0.00118343	0	0.193407	1
42	447	140	447	140	83	84	0	0	0.307692	1
43	712	393	710	394	83	84	0.00177515	0	0.863736	2
44	404	69	401	64	83	85	0.016568	0	0.151648	2
45	441	101	440	97	83	84	0.0100592	0	0.221978	2
46	414	142	414	142	83	84	0	0	0.312088	1
47	179	90	184	90	83	86	0.00295858	0	0.197802	1
48	594	234	572	232	83	85	0.0153846	0	0.514286	2
49	25	31	26	30	83	84	0.00118343	0	0.0681319	1
50	177	136	178	135	83	85	0.00118343	0	0.298901	1
51	305	116	307	113	84	85	0.00650888	0	0.254945	1
52	352	112	366	105	84	91	0.0372781	0	0.246154	1
53	366	110	368	107	84	85	0.00650888	0	0.241758	1
54	636	87	639	85	84	87	0.00414201	0	0.191209	1
55	66	360	64	360	84	85	0.00118343	0	0.791209	2
56	513	198	501	188	84	89	0.0662722	0	0.435165	2
57	493	143	488	137	84	86	0.0242604	0	0.314286	2
58	393	65	391	62	84	85	0.00650888	0	0.142857	2
59	74	441	64	439	84	89	0.00828402	0	0.969231	2
60	197	85	204	84	84	89	0.00473373	0	0.186813	1
61	439	94	438	91	85	86	0.00591716	0	0.206593	2
62	456	99	457	98	85	86	0.00118343	0	0.217582	1
63	451	89	456	89	85	87	0.00295858	0	0.195604	1
64	386	145	389	142	85	86	0.00710059	0	0.318681	1
65	455	153	448	150	85	86	0.00946746	0	0.336264	2
66	178	124	179	124	85	87	0.000591716	0	0.272527	1
67	333	80	333	76	85	86	0.00946746	0	0.175824	1
68	26	29	27	27	85	87	0.00295858	0	0.0637363	1
69	68	343	59	345	85	87	0.00769231	0	0.753846	2
70	188	126	188	125	85	86	0.000591716	0	0.276923	1
71	709	398	699	403	85	88	0.0207101	0	0.874725	2
72	441	84	446	81	85	87	0.00828402	0	0.184615	1
73	416	142	409	138	85	88	0.0136095	0	0.312088	2
74	635	95	636	93	85	86	0.00295858	0	0.208791	1
75	24	51	24	49	85	87	0.00236686	0	0.112088	1
76	718	95	751	104	85	115	0.0674556	0	0.208791	1
77	671	100	667	97	85	89	0.00769231	0	0.21978	2
78	62	361	52	362	86	88	0.00650888	0	0.793407	2
79	372	106	374	106	86	87	0.00118343	0	0.232967	1
80	179	157	179	157	86	88	0	0	0.345055	1
81	170	194	160	201	86	99	0.0349112	0	0.426374	2
82	389	40	421	51	86	115	0.0905325	0	0.0879121	1
83	487	169	483	168	86	87	0.00295858	0	0.371429	2
84	712	358	704	357	86	87	0.00532544	0	0.786813	2
85	194	135	196	135	86	88	0.00118343	0	0.296703	1
86	379	136	382	134	86	87	0.00414201	0	0.298901	1
87	377	116	379	115	86	87	0.00177515	0	0.254945	1
88	536	27	530	24	86	91	0.00887574	0	0.0593407	2
89	630	75	621	116	86	115	1	0	0.164835	2
90	318	109	318	109	86	87	0	0	0.23956	1
91	336	144	332	146	86	87	0.00473373	0	0.316484	2
92	180	135	179	135	86	89	0.000591716	0	0.296703	2
93	233	274	230	273	87	89	0.00236686	0	0.602198	2
94	333	75	332	71	87	89	0.0100592	0	0.164835	2
95	585	247	583	246	87	88	0.00177515	0	0.542857	2
96	575	244	574	243	87	88	0.00118343	0	0.536264	2
97	540	182	534	178	87	88	0.0130178	0	0.4	2
98	635	95	634	96	87	88	0.00118343	0	0.208791	2
99	189	124	187	124	87	88	0.00118343	0	0.272527	2
100	371	138	372	137	87	88	0.00118343	0	0.303297	1
101	341	49	336	47	87	89	0.00532544	0	0.107692	2
102	644	127	640	127	87	89	0.00236686	0	0.279121	2
103	159	188	157	182	87	92	0.0224852	0	0.413187	2
104	680	372	678	379	87	88	0.0301775	0	0.817582	2
105	338	25	333	24	87	88	0.0035503	0	0.0549451	2
106	349	114	362	116	87	94	0.0100592	0	0.250549	1
107	440	148	432	144	87	88	0.0142012	0	0.325275	2
108	393	141	394	138	87	88	0.00591716	0	0.30989	1
109	84	383	76	382	87	88	0.00532544	0	0.841758	2
110	331	45	326	43	87	90	0.00532544	0	0.0989011	2
111	456	93	455	92	88	89	0.00118343	0	0.204396	2
112	65	364	34	361	88	92	0.0236686	0	0.8	2
113	377	107	378	105	88	89	0.00295858	0	0.235165	1
114	329	148	328	146	88	89	0.00295858	0	0.325275	2
115	638	86	635	86	88	89	0.00177515	0	0.189011	2
116	53	346	24	343	88	92	0.0224852	0	0.76044	2
117	466	110	462	109	88	89	0.00295858	0	0.241758	2
118	467	170	463	172	88	90	0.00473373	0	0.373626	2
119	466	85	540	117	88	115	0.649704	0	0.186813	1
120	177	125	176	125	88	89	0.000591716	0	0.274725	2
121	387	93	388	91	88	89	0.00295858	0	0.204396	1
122	27	26	24	24	88	89	0.00414201	0	0.0571429	2
123	447	83	520	115	88	115	0.649112	0	0.182418	1
124	402	105	399	103	88	89	0.00414201	0	0.230769	2
125	25	48	24	47	88	89	0.00118343	0	0.105495	2
126	165	130	164	128	88	89	0.00295858	0	0.285714	2
127	559	232	519	227	88	92	0.0384615	0	0.50989	2
128	567	234	559	230	89	90	0.0142012	0	0.514286	2
129	69	343	35	342	89	93	0.0207101	0	0.753846	2
130	430	122	426	118	89	90	0.0118343	0	0.268132	2
131	384	127	383	124	89	90	0.00591716	0	0.279121	2
132	108	46	101	45	89	91	0.00473373	0	0.101099	2
133	341	34	328	31	89	91	0.0130178	0	0.0747253	2
134	424	139	408	136	89	92	0.0147929	0	0.305495	2
135	373	136	373	132	89	91	0.00946746	0	0.298901	1
136	651	98	644	100	89	94	0.00650888	0	0.215385	2
137	696	405	693	405	89	90	0.00177515	0	0.89011	2
138	440	116	435	112	89	90	0.012426	0	0.254945	2
139	68	378	55	376	89	91	0.0100592	0	0.830769	2
140	628	96	624	95	89	90	0.00295858	0	0.210989	2
141	331	69	332	69	90	93	0.000591716	0	0.151648	1
142	38	360	24	360	90	92	0.00828402	0	0.791209	2
143	228	272	226	271	90	91	0.00177515	0	0.597802	2
144	458	95	457	94	90	91	0.00118343	0	0.208791	2
145	334	143	352	140	90	95	0.0159763	0	0.314286	1
146	185	161	188	160	90	91	0.00236686	0	0.353846	1
147	182	126	179	129	90	93	0.00710059	0	0.276923	2
148	431	102	420	98	90	92	0.0159763	0	0.224176	2
149	351	34	321	35	90	95	0.0183432	0	0.0747253	2
150	519	173	510	173	90	91	0.00532544	0	0.38022	2
151	379	98	381	96	90	92	0.0035503	0	0.215385	1
152	194	132	192	132	90	92	0.00118343	0	0.29011	2
153	165	127	167	125	90	91	0.0035503	0	0.279121	1
154	245	207	258	240	90	104	0.652071	0	0.454945	1
155	638	127	635	128	90	91	0.00236686	0	0.279121	2
156	571	238	561	231	90	91	0.0349112	0	0.523077	2
157	358	144	365	141	90	95	0.00946746	0	0.316484	1
158	363	133	362	132	90	91	0.00118343	0	0.292308	2
159	519	194	510	192	90	91	0.00769231	0	0.426374	2
160	49	344	25	344	90	93	0.0142012	0	0.756044	2
161	200	85	202	85	90	91	0.00118343	0	0.186813	1
162	597	26	633	37	90	115	0.0928994	0	0.0571429	1
163	93	436	85	435	90	91	0.00532544	0	0.958242	2
164	506	214	435	218	90	100	0.0514793	0	0.47033	2
165	397	102	395	100	90	91	0.0035503	0	0.224176	2
166	177	136	176	138	90	92	0.00295858	0	0.298901	2
167	473	178	461	176	90	91	0.00946746	0	0.391209	2
168	119	42	107	43	90	95	0.00769231	0	0.0923077	2
169	68	170	108	182	90	115	0.108876	0	0.373626	1
170	639	115	637	116	90	91	0.00177515	0	0.252747	2
171	94	45	86	46	90	93	0.00532544	0	0.0989011	2
172	373	118	372	116	91	93	0.00295858	0	0.259341	2
173	384	124	384	123	91	92	0.000591716	0	0.272527	1
174	305	117	302	117	91	94	0.00177515	0	0.257143	2
175	224	228	216	232	91	96	0.0142012	0	0.501099	2
176	509	243	502	248	91	96	0.0189349	0	0.534066	2
177	617	119	614	117	91	92	0.00414201	0	0.261538	2
178	322	92	321	91	91	92	0.00118343	0	0.202198	2
179	195	112	195	116	91	94	0.00946746	0	0.246154	1
180	59	439	56	440	91	92	0.00236686	0	0.964835	2
181	65	341	28	342	91	96	0.0224852	0	0.749451	2
182	225	273	223	273	92	93	0.00118343	0	0.6	2
183	374	131	374	130	92	93	0.000591716	0	0.287912	1
184	452	90	459	97	92	96	0.0331361	0	0.197802	1
185	98	47	94	47	92	93	0.00236686	0	0.103297	2
186	637	86	635	86	92	93	0.00118343	0	0.189011	2
187	450	173	433	164	92	94	0.0579882	0	0.38022	2
188	364	132	364	131	92	93	0.000591716	0	0.29011	1
189	420	117	415	118	92	93	0.0035503	0	0.257143	2
190	533	26	556	45	92	104	0.227219	0	0.0571429	1
191	352	69	349	69	92	93	0.00177515	0	0.151648	2
192	634	131	634	138	92	97	0.0289941	0	0.287912	1
193	537	226	521	224	92	93	0.0118343	0	0.496703	2
194	51	376	45	370	92	94	0.0248521	0	0.826374	2
195	232	234	230	233	92	93	0.00177515	0	0.514286	2
196	176	157	180	165	92	97	0.0402367	0	0.345055	1
197	617	89	612	92	93	95	0.00828402	0	0.195604	2
198	415	97	407	96	93	95	0.00532544	0	0.213187	2
199	718	433	716	434	93	95	0.00177515	0	0.951648	2
200	313	30	296	32	93	96	0.012426	0	0.0659341	2
201	669	353	662	349	93	94	0.0136095	0	0.775824	2
202	203	78	221	82	93	99	0.0201183	0	0.171429	1
203	385	122	387	120	93	95	0.0035503	0	0.268132	1
204	613	112	612	109	93	94	0.00591716	0	0.246154	2
205	496	177	476	177	93	95	0.0118343	0	0.389011	2
206	704	422	684	426	93	94	0.0213018	0	0.927473	2
207	682	378	674	370	93	94	0.0426036	0	0.830769	2
208	461	100	464	101	93	94	0.00236686	0	0.21978	1
209	321	93	322	93	93	95	0.000591716	0	0.204396	1
210	420	153	419	153	93	94	0.000591716	0	0.336264	2
211	693	407	688	404	93	95	0.00828402	0	0.894505	2
212	679	398	628	400	93	98	0.0325444	0	0.874725	2
213	355	156	354	156	93	94	0.000591716	0	0.342857	2
214	375	128	376	127	94	95	0.00118343	0	0.281319	1
215	60	377	27	360	94	98	0.190533	0	0.828571	2
216	92	48	85	49	94	97	0.00473373	0	0.105495	2
217	182	129	191	135	94	97	0.0266272	0	0.283516	1
218	634	91	633	92	94	95	0.00118343	0	0.2	2
219	610	123	607	131	94	96	0.039645	0	0.27033	2
220	453	174	449	175	94	95	0.00295858	0	0.382418	2
221	629	81	626	86	94	96	0.016568	0	0.178022	2
222	371	82	367	89	94	96	0.0313609	0	0.18022	2
223	371	94	370	96	94	95	0.00295858	0	0.206593	2
224	229	236	228	237	94	95	0.00118343	0	0.518681	2
225	158	24	190	35	94	112	0.0905325	0	0.0527473	1
226	378	140	381	140	94	95	0.00177515	0	0.307692	1
227	46	430	33	428	94	95	0.0100592	0	0.945055	2
228	185	139	190	143	94	96	0.012426	0	0.305495	1
229	642	103	640	104	95	96	0.00177515	0	0.226374	2
230	416	124	409	126	95	96	0.00650888	0	0.272527	2
231	429	165	425	170	95	96	0.0171598	0	0.362637	2
232	621	348	611	348	95	96	0.00591716	0	0.764835	2
233	612	114	611	116	95	96	0.00295858	0	0.250549	2
234	354	72	360	83	95	102	0.0751479	0	0.158242	1
235	206	153	210	150	95	96	0.00769231	0	0.336264	1
236	651	345	633	345	95	97	0.0106509	0	0.758242	2
237	365	113	361	114	95	96	0.00295858	0	0.248352	2
238	198	84	210	88	95	99	0.016568	0	0.184615	1
239	665	431	648	435	95	96	0.0195266	0	0.947253	2
240	355	158	355	160	95	96	0.00236686	0	0.347253	1
241	495	35	536	44	95	115	0.0721893	0	0.0769231	1
242	294	47	290	50	95	96	0.00769231	0	0.103297	2
243	221	287	219	288	95	96	0.00177515	0	0.630769	2
244	485	227	482	229	95	96	0.00414201	0	0.498901	2
245	421	144	411	145	95	97	0.00650888	0	0.316484	2
246	377	129	378	128	96	97	0.00118343	0	0.283516	1
247	225	275	222	277	96	98	0.00414201	0	0.604396	2
248	466	108	468	109	96	97	0.00177515	0	0.237363	1
249	353	148	355	153	96	97	0.0159763	0	0.325275	1
250	337	71	334	73	96	98	0.00414201	0	0.156044	2
251	611	99	609	102	96	97	0.00650888	0	0.217582	2
252	620	136	615	136	96	97	0.00295858	0	0.298901	2
253	320	42	318	42	96	97	0.00118343	0	0.0923077	2
254	166	157	165	158	96	98	0.00118343	0	0.345055	2
255	316	24	314	25	96	97	0.00177515	0	0.0527473	2
256	95	27	94	26	96	97	0.00118343	0	0.0593407	2
257	387	121	388	120	96	97	0.00118343	0	0.265934	1
258	42	434	30	433	96	98	0.00769231	0	0.953846	2
259	682	403	652	409	96	98	0.0390533	0	0.885714	2
260	379	103	377	103	96	97	0.00118343	0	0.226374	2
261	466	179	435	185	96	102	0.039645	0	0.393407	2
262	200	123	205	125	96	98	0.00532544	0	0.27033	1
263	42	446	30	444	96	98	0.00946746	0	0.98022	2
264	430	191	427	193	96	98	0.00414201	0	0.41978	2
265	304	128	302	128	96	97	0.00118343	0	0.281319	2
266	473	198	453	196	96	98	0.0142012	0	0.435165	2
267	97	85	91	87	96	99	0.00591716	0	0.186813	2
268	369	139	370	139	96	98	0.000591716	0	0.305495	1
269	660	368	648	369	96	97	0.00769231	0	0.808791	2
270	387	87	393	94	96	104	0.0325444	0	0.191209	1
271	420	175	424	179	97	101	0.0118343	0	0.384615	1
272	638	439	648	434	97	105	0.0207101	0	0.964835	1
273	640	105	694	118	97	115	0.131953	0	0.230769	1
274	214	148	218	147	97	98	0.00295858	0	0.325275	1
275	385	143	386	144	97	98	0.00118343	0	0.314286	1
276	601	349	592	350	97	98	0.00591716	0	0.767033	2
277	415	120	411	120	97	98	0.00236686	0	0.263736	2
278	429	150	421	152	97	99	0.00710059	0	0.32967	2
279	220	235	233	257	97	102	0.294083	0	0.516484	1
280	228	209	246	233	97	104	0.351479	0	0.459341	1
281	357	113	371	129	97	104	0.159763	0	0.248352	1
282	231	285	230	286	97	98	0.00118343	0	0.626374	2
283	630	103	632	106	97	100	0.00650888	0	0.226374	1
284	216	97	221	100	97	99	0.00828402	0	0.213187	1
285	484	226	453	224	97	100	0.0207101	0	0.496703	2
286	324	99	346	116	97	103	0.184024	0	0.217582	1
287	431	132	426	132	97	98	0.00295858	0	0.29011	2
288	308	117	310	122	97	100	0.0159763	0	0.257143	1
289	302	68	301	69	97	98	0.00118343	0	0.149451	2
290	467	102	513	118	98	106	0.178698	0	0.224176	1
291	610	102	612	104	98	100	0.0035503	0	0.224176	1
292	225	250	225	253	98	99	0.00532544	0	0.549451	1
293	315	26	358	31	98	115	0.0402367	0	0.0571429	1
294	319	45	362	50	98	115	0.0402367	0	0.0989011	1
295	337	89	338	90	98	99	0.00118343	0	0.195604	1
296	196	136	224	145	98	102	0.064497	0	0.298901	1
297	640	144	644	146	98	100	0.00473373	0	0.316484	1
298	370	125	370	127	98	99	0.00236686	0	0.274725	1
299	97	33	95	33	98	99	0.00118343	0	0.0725275	2
300	198	158	207	162	98	100	0.0147929	0	0.347253	1
301	605	373	601	374	98	99	0.00295858	0	0.81978	2
302	390	124	391	124	98	99	0.000591716	0	0.272527	1
303	300	42	293	44	98	99	0.00650888	0	0.0923077	2
304	87	46	85	45	98	99	0.00177515	0	0.101099	2
305	374	100	372	102	98	99	0.0035503	0	0.21978	2
306	603	351	594	352	98	99	0.00591716	0	0.771429	2
307	394	100	390	101	98	99	0.00295858	0	0.21978	2
308	469	113	472	114	98	99	0.00236686	0	0.248352	1
309	217	160	219	163	98	100	0.00650888	0	0.351648	1
310	285	57	274	56	98	99	0.00710059	0	0.125275	2
311	222	281	223	284	99	100	0.00591716	0	0.617582	1
312	435	162	429	162	99	100	0.0035503	0	0.356044	2
313	336	80	338	78	99	100	0.0035503	0	0.175824	1
314	583	354	573	363	99	102	0.0538462	0	0.778022	2
315	370	140	373	141	99	100	0.00236686	0	0.307692	1
316	372	117	374	117	99	100	0.00118343	0	0.257143	1
317	355	164	362	166	99	101	0.00650888	0	0.36044	1
318	738	24	783	27	99	115	0.0319527	0	0.0527473	1
319	387	144	390	145	99	100	0.00236686	0	0.316484	1
320	232	287	262	293	99	106	0.0390533	0	0.630769	1
321	451	147	454	148	99	100	0.00236686	0	0.323077	1
322	479	139	518	159	99	104	0.259763	0	0.305495	1
323	482	157	505	172	99	102	0.146746	0	0.345055	1
324	300	133	314	143	99	102	0.0674556	0	0.292308	1
325	427	26	470	29	99	115	0.0307692	0	0.0571429	1
326	405	136	413	114	99	112	0.291124	0	0.298901	1
327	165	161	209	164	99	115	0.0313609	0	0.353846	1
328	303	74	304	74	99	100	0.000591716	0	0.162637	1
329	208	126	233	135	99	102	0.0627219	0	0.276923	1
330	194	200	213	216	99	103	0.162722	0	0.43956	1
331	610	363	601	366	100	101	0.0106509	0	0.797802	2
332	401	122	406	121	100	101	0.0035503	0	0.268132	1
333	220	297	240	307	100	104	0.0710059	0	0.652747	1
334	372	104	377	105	100	101	0.0035503	0	0.228571	1
335	442	152	443	155	100	101	0.00591716	0	0.334066	1
336	614	134	619	139	100	101	0.0177515	0	0.294505	1
337	605	121	613	130	100	103	0.0526627	0	0.265934	1
338	641	167	660	178	100	102	0.0828402	0	0.367033	1
339	457	179	451	188	100	103	0.0514793	0	0.393407	2
340	96	32	105	36	100	102	0.0147929	0	0.0703297	1
341	86	45	99	51	100	104	0.0289941	0	0.0989011	1
342	422	132	437	132	100	104	0.00887574	0	0.29011	1
343	300	124	331	137	100	109	0.118343	0	0.272527	1
344	618	161	629	168	100	102	0.035503	0	0.353846	1
345	482	120	496	130	100	102	0.0674556	0	0.263736	1
346	230	94	236	97	100	101	0.00887574	0	0.206593	1
347	460	127	467	132	100	101	0.0189349	0	0.279121	1
348	145	29	188	32	100	115	0.0307692	0	0.0637363	1
349	230	291	247	294	101	108	0.0153846	0	0.63956	1
350	617	104	622	109	101	102	0.0177515	0	0.228571	1
351	396	149	401	152	101	102	0.00828402	0	0.327473	1
352	58	121	74	126	101	104	0.0242604	0	0.265934	1
353	548	24	569	24	101	109	0.012426	0	0.0527473	1
354	451	249	460	253	101	103	0.0147929	0	0.547253	1
355	341	81	345	84	101	102	0.00769231	0	0.178022	1
356	603	419	604	408	101	102	0.0721893	0	0.920879	1
357	735	24	756	24	101	109	0.012426	0	0.0527473	1
358	347	94	357	101	101	103	0.0349112	0	0.206593	1
359	306	72	307	74	101	102	0.00295858	0	0.158242	1
360	380	145	385	150	101	102	0.0177515	0	0.318681	1
361	435	228	385	217	101	108	0.101183	0	0.501099	2
362	574	24	595	24	101	109	0.012426	0	0.0527473	1
363	596	24	617	24	101	109	0.012426	0	0.0527473	1
364	220	104	229	110	101	102	0.0266272	0	0.228571	1
365	212	153	220	158	101	102	0.0195266	0	0.336264	1
366	273	37	272	41	101	102	0.0100592	0	0.0813187	2
367	636	111	641	116	101	102	0.0177515	0	0.243956	1
368	260	24	259	28	101	102	0.0100592	0	0.0527473	2
369	538	24	559	24	101	109	0.012426	0	0.0527473	1
370	422	120	430	124	101	103	0.0142012	0	0.263736	1
371	241	96	247	101	102	103	0.0183432	0	0.210989	1
372	472	24	482	26	102	104	0.00828402	0	0.0527473	1
373	703	25	713	26	102	104	0.00650888	0	0.0549451	1
374	716	25	726	26	102	104	0.00650888	0	0.0549451	1
375	630	99	638	102	102	105	0.0100592	0	0.217582	1
376	380	27	395	25	102	108	0.0112426	0	0.0593407	1
377	34	24	44	26	102	104	0.00828402	0	0.0527473	1
378	304	26	319	25	102	108	0.00946746	0	0.0571429	1
379	44	25	54	27	102	104	0.00828402	0	0.0549451	1
380	568	381	560	379	102	103	0.00710059	0	0.837363	2
381	168	24	178	26	102	104	0.00828402	0	0.0527473	1
382	405	138	404	125	103	106	0.100592	0	0.303297	2
383	351	85	354	80	103	104	0.016568	0	0.186813	1
384	259	31	257	28	103	104	0.00650888	0	0.0681319	2
385	433	171	429	166	103	104	0.0171598	0	0.375824	2
386	394	138	396	133	103	104	0.0159763	0	0.303297	1
387	442	238	431	230	103	106	0.0443787	0	0.523077	2
388	365	86	373	79	103	105	0.0337278	0	0.189011	1
389	633	173	643	166	103	107	0.0349112	0	0.38022	1
390	228	262	232	259	103	104	0.00769231	0	0.575824	1
391	424	209	419	202	103	104	0.0319527	0	0.459341	2
392	426	190	423	186	103	104	0.0112426	0	0.417582	2
393	450	248	452	243	103	104	0.0159763	0	0.545055	1
394	233	245	246	228	103	115	0.178698	0	0.538462	1
395	240	262	248	255	103	107	0.0337278	0	0.575824	1
396	237	116	255	110	103	107	0.0319527	0	0.254945	1
397	406	154	409	148	103	104	0.0230769	0	0.338462	1
398	620	428	593	416	103	106	0.101183	0	0.940659	2
399	278	45	276	43	103	104	0.0035503	0	0.0989011	2
400	254	102	269	97	104	110	0.0236686	0	0.224176	1
401	427	147	428	141	104	105	0.0218935	0	0.323077	1
402	264	100	269	97	104	105	0.00828402	0	0.21978	1
403	516	145	519	141	104	105	0.0112426	0	0.318681	1
404	394	104	392	99	104	105	0.0159763	0	0.228571	2
405	268	158	272	154	104	105	0.0118343	0	0.347253	1
406	515	174	519	171	104	105	0.00769231	0	0.382418	1
407	649	118	655	115	104	106	0.00887574	0	0.259341	1
408	430	109	429	103	104	106	0.0218935	0	0.23956	2
409	363	103	367	99	104	107	0.0118343	0	0.226374	1
410	89	60	91	58	104	105	0.0035503	0	0.131868	1
411	661	155	673	152	104	110	0.012426	0	0.340659	1
412	305	56	325	50	104	115	0.0331361	0	0.123077	1
413	251	231	251	219	105	112	0.0852071	0	0.507692	1
414	397	128	394	126	105	106	0.00414201	0	0.281319	2
415	451	233	444	229	105	106	0.0136095	0	0.512088	2
416	255	25	250	24	105	106	0.0035503	0	0.0549451	2
417	396	143	392	138	105	107	0.0171598	0	0.314286	2
418	245	304	248	301	105	111	0.00710059	0	0.668132	1
419	102	46	94	51	105	108	0.0195266	0	0.101099	2
420	261	238	268	226	105	115	0.0893491	0	0.523077	1
421	524	160	526	159	105	106	0.00177515	0	0.351648	1
422	235	256	233	251	105	109	0.0159763	0	0.562637	2
423	223	208	253	197	105	109	0.0893491	0	0.457143	1
424	441	127	435	114	105	115	0.10355	0	0.279121	2
425	427	180	419	181	105	106	0.00532544	0	0.395604	2
426	412	142	402	132	105	109	0.0650888	0	0.312088	2
427	368	161	362	164	105	107	0.00887574	0	0.353846	2
428	105	34	103	36	105	107	0.0035503	0	0.0747253	2
429	257	266	257	263	105	107	0.00532544	0	0.584615	1
430	626	152	626	148	105	107	0.00946746	0	0.334066	1
431	78	123	93	120	105	115	0.0142012	0	0.27033	1
432	27	455	26	451	105	106	0.0100592	0	1	2
433	238	104	254	101	105	115	0.0147929	0	0.228571	1
434	249	140	274	142	105	110	0.0171598	0	0.307692	1
435	465	193	464	191	106	108	0.00295858	0	0.424176	2
436	272	95	276	95	106	109	0.00236686	0	0.208791	1
437	488	24	487	24	106	108	0.000591716	0	0.0527473	2
438	24	24	25	24	106	107	0.000591716	0	0.0527473	1
439	342	130	339	133	106	108	0.00710059	0	0.285714	2
440	375	79	376	79	106	107	0.000591716	0	0.173626	1
441	733	24	732	24	106	108	0.000591716	0	0.0527473	2
442	51	24	50	24	106	108	0.000591716	0	0.0527473	2
443	550	444	547	444	106	111	0.00177515	0	0.975824	2
444	62	24	61	24	106	108	0.000591716	0	0.0527473	2
445	719	24	718	24	106	108	0.000591716	0	0.0527473	2
446	513	118	511	117	107	108	0.00177515	0	0.259341	2
447	627	113	623	115	107	108	0.00473373	0	0.248352	2
448	390	126	380	117	107	110	0.0538462	0	0.276923	2
449	393	95	382	91	107	109	0.0159763	0	0.208791	2
450	372	153	354	150	107	111	0.0159763	0	0.336264	2
451	246	29	228	24	107	109	0.0254438	0	0.0637363	2
452	268	117	267	117	107	108	0.000591716	0	0.257143	2
453	382	245	379	245	107	108	0.00177515	0	0.538462	2
454	89	62	85	64	107	108	0.00473373	0	0.136264	2
455	357	75	354	74	107	110	0.00236686	0	0.164835	2
456	646	113	645	114	107	108	0.00118343	0	0.248352	2
457	684	172	683	172	107	108	0.000591716	0	0.378022	2
458	272	48	256	45	107	109	0.0147929	0	0.105495	2
459	454	171	451	170	107	108	0.00236686	0	0.375824	2
460	402	111	398	107	108	109	0.0118343	0	0.243956	2
461	400	94	397	90	108	110	0.0112426	0	0.206593	2
462	378	165	375	161	108	109	0.0112426	0	0.362637	2
463	509	128	509	126	108	109	0.00236686	0	0.281319	1
464	624	151	624	160	108	112	0.047929	0	0.331868	1
465	255	261	251	252	108	111	0.0502959	0	0.573626	2
466	388	139	379	127	108	112	0.0905325	0	0.305495	2
467	364	80	364	78	108	110	0.00236686	0	0.175824	1
468	114	51	111	49	108	109	0.00414201	0	0.112088	2
469	527	141	531	140	108	110	0.00295858	0	0.30989	1
470	106	41	101	41	108	115	0.00295858	0	0.0901099	2
471	257	158	262	157	108	109	0.0035503	0	0.347253	1
472	626	131	624	130	108	110	0.00177515	0	0.287912	2
473	245	253	248	244	108	115	0.0497041	0	0.556044	1
474	439	178	437	177	108	109	0.00177515	0	0.391209	2
475	579	28	594	25	108	115	0.0142012	0	0.0615385	1
476	512	115	529	122	109	115	0.0390533	0	0.252747	1
477	623	118	631	124	109	114	0.0260355	0	0.259341	1
478	392	118	388	110	109	111	0.0402367	0	0.259341	2
479	440	159	438	156	109	110	0.00650888	0	0.349451	2
480	268	115	283	121	109	113	0.0301775	0	0.252747	1
481	91	52	88	51	109	110	0.00236686	0	0.114286	2
482	412	179	406	175	109	110	0.0130178	0	0.393407	2
483	255	105	256	103	109	110	0.00295858	0	0.230769	1
484	653	114	655	113	109	111	0.00177515	0	0.250549	1
485	287	163	300	165	109	111	0.0100592	0	0.358242	1
486	336	100	345	99	109	114	0.00591716	0	0.21978	1
487	365	100	362	98	109	110	0.00414201	0	0.21978	2
488	409	109	406	106	109	110	0.00710059	0	0.23956	2
489	564	410	541	412	109	110	0.0159763	0	0.901099	2
490	536	181	541	182	109	110	0.0035503	0	0.397802	1
491	451	166	449	161	109	111	0.0159763	0	0.364835	2
492	277	172	296	172	109	112	0.0112426	0	0.378022	1
493	678	182	683	179	109	112	0.00828402	0	0.4	1
494	279	96	282	98	110	111	0.00414201	0	0.210989	1
495	95	68	95	69	110	115	0.000591716	0	0.149451	1
496	511	126	514	128	110	111	0.00414201	0	0.276923	1
497	465	180	465	174	110	111	0.0213018	0	0.395604	1
498	336	138	342	138	110	113	0.0035503	0	0.303297	1
499	381	172	378	170	110	111	0.00414201	0	0.378022	2
500	374	204	373	201	110	111	0.00591716	0	0.448352	2
501	758	24	772	25	110	115	0.00887574	0	0.0527473	1
502	504	356	494	352	110	111	0.0153846	0	0.782418	2
503	569	24	583	25	110	115	0.00887574	0	0.0527473	1
504	373	159	371	160	110	111	0.00177515	0	0.349451	2
505	110	49	109	50	110	115	0.00118343	0	0.107692	2
506	232	248	239	244	110	115	0.0136095	0	0.545055	1
507	618	24	632	25	110	115	0.00887574	0	0.0527473	1
508	439	179	436	180	110	111	0.00236686	0	0.393407	2
509	528	162	532	164	110	111	0.00473373	0	0.356044	1
510	693	168	695	169	110	111	0.00177515	0	0.369231	1
511	429	102	435	100	110	115	0.00591716	0	0.224176	1
512	521	126	523	127	110	111	0.00177515	0	0.276923	1
513	96	85	97	85	110	111	0.000591716	0	0.186813	1
514	396	166	391	165	110	113	0.0035503	0	0.364835	2
515	39	24	54	25	110	115	0.00946746	0	0.0527473	1
516	269	157	306	166	110	115	0.0698225	0	0.345055	1
517	629	106	640	111	110	115	0.0213018	0	0.232967	1
518	246	164	261	165	110	115	0.00946746	0	0.36044	1
519	356	74	359	75	111	112	0.00236686	0	0.162637	1
520	358	98	357	98	111	112	0.000591716	0	0.215385	2
521	246	291	247	291	111	112	0.000591716	0	0.63956	1
522	398	91	402	93	111	113	0.00473373	0	0.2	1
523	262	104	266	105	111	112	0.00295858	0	0.228571	1
524	272	99	276	101	111	112	0.00473373	0	0.217582	1
525	397	175	395	176	111	113	0.00177515	0	0.384615	2
526	378	113	378	110	111	112	0.00532544	0	0.248352	1
527	527	412	501	405	111	114	0.0443787	0	0.905495	2
528	90	52	90	52	111	115	0	0	0.114286	1
529	509	372	489	368	111	113	0.0213018	0	0.817582	2
530	667	105	676	110	111	114	0.0201183	0	0.230769	1
531	391	68	403	77	111	115	0.0550296	0	0.149451	1
532	633	159	633	158	111	112	0.000591716	0	0.349451	1
533	611	132	612	132	111	114	0.000591716	0	0.29011	1
534	446	165	446	166	112	113	0.000591716	0	0.362637	1
535	287	101	291	103	112	113	0.00473373	0	0.221978	1
536	393	110	393	108	112	113	0.00236686	0	0.241758	1
537	523	131	526	133	112	113	0.00414201	0	0.287912	1
538	485	350	457	351	112	115	0.0171598	0	0.769231	2
539	659	116	665	120	112	114	0.0130178	0	0.254945	1
540	359	166	358	164	112	113	0.00295858	0	0.364835	2
541	237	46	225	46	112	115	0.00710059	0	0.101099	2
542	366	205	363	202	112	113	0.00710059	0	0.450549	2
543	97	93	103	93	112	114	0.0035503	0	0.204396	1
544	288	149	307	155	112	115	0.0325444	0	0.327473	1
545	210	24	207	26	112	113	0.00414201	0	0.0527473	2
546	649	113	656	121	112	115	0.0420118	0	0.248352	1
547	24	31	33	30	112	115	0.00591716	0	0.0681319	1
548	487	373	476	372	112	113	0.00710059	0	0.81978	2
549	368	117	366	113	112	115	0.0106509	0	0.257143	2
550	379	110	378	108	113	115	0.00295858	0	0.241758	2
551	413	110	414	109	113	114	0.00118343	0	0.241758	1
552	281	104	288	104	113	115	0.00414201	0	0.228571	1
553	462	168	462	166	113	114	0.00236686	0	0.369231	1
554	253	220	257	219	113	115	0.00295858	0	0.483516	1
555	689	182	700	185	113	115	0.0118343	0	0.4	1
556	241	288	243	289	113	115	0.00177515	0	0.632967	1
557	381	128	381	127	113	114	0.000591716	0	0.281319	1
558	447	165	445	162	114	115	0.00650888	0	0.362637	2
559	368	78	371	78	114	115	0.00177515	0	0.171429	1
560	531	135	534	134	114	115	0.00236686	0	0.296703	1
561	295	104	299	103	114	115	0.00295858	0	0.228571	1
562	380	174	377	173	114	115	0.00236686	0	0.382418	2
563	347	149	344	147	114	115	0.00414201	0	0.327473	2
564	407	92	409	92	114	115	0.00118343	0	0.202198	1
565	358	161	354	159	114	115	0.00473373	0	0.353846	2
566	358	80	361	80	114	115	0.00177515	0	0.175824	1
567	379	218	381	212	114	115	0.0224852	0	0.479121	1
568	363	201	362	202	114	115	0.00118343	0	0.441758	2
569	285	216	291	215	114	115	0.00414201	0	0.474725	1
570	278	118	282	118	114	115	0.00236686	0	0.259341	1
571	317	140	323	141	114	115	0.00414201	0	0.307692	1
572	419	126	421	125	114	115	0.00177515	0	0.276923	1