
0	466	182	464	179	82	83	0.025522	0	0.400881	2
1	517	279	510	284	82	84	0.0742459	0	0.614537	2
2	624	436	627	441	82	85	0.0649652	0	0.960352	1
3	466	162	463	162	82	83	0.00696056	0	0.356828	2
4	461	125	462	123	82	83	0.0116009	0	0.27533	1
5	451	141	451	139	82	83	0.00928074	0	0.310573	1
6	527	288	521	286	82	83	0.0232019	0	0.634361	2
7	364	219	369	218	82	84	0.0139211	0	0.482379	1
8	437	159	434	157	82	83	0.0162413	0	0.35022	2
9	574	135	498	142	82	94	0.290023	0	0.297357	2
10	430	113	431	110	82	84	0.0232019	0	0.248899	1
11	420	126	404	133	82	88	0.150812	0	0.277533	2
12	609	185	606	201	82	87	0.600928	0	0.407489	2
13	198	200	199	197	82	84	0.0232019	0	0.440529	1
14	228	173	233	177	83	85	0.0487239	0	0.381057	1
15	367	188	370	189	83	84	0.00928074	0	0.414097	1
16	364	169	367	170	83	84	0.00928074	0	0.372247	1
17	443	119	444	118	83	84	0.00464037	0	0.262115	1
18	635	437	636	438	83	84	0.00464037	0	0.962555	1
19	629	399	628	410	83	87	0.283063	0	0.878855	2
20	434	140	436	138	83	84	0.0139211	0	0.30837	1
21	377	184	381	185	83	85	0.0116009	0	0.405286	1
22	327	155	329	154	83	84	0.00696056	0	0.34141	1
23	490	191	491	192	83	84	0.00464037	0	0.420705	1
24	438	167	437	168	83	85	0.00464037	0	0.367841	2
25	382	143	384	142	83	84	0.00696056	0	0.314978	1
26	206	161	215	165	83	86	0.0580046	0	0.354626	1
27	537	268	531	267	83	84	0.0162413	0	0.590308	2
28	234	150	236	151	83	84	0.00696056	0	0.330396	1
29	713	179	712	179	83	84	0.00232019	0	0.394273	2
30	615	402	614	414	83	87	0.336427	0	0.885463	2
31	482	43	481	45	83	84	0.0116009	0	0.0947137	2
32	465	178	463	180	84	85	0.0139211	0	0.39207	2
33	225	152	227	154	84	85	0.0139211	0	0.334802	1
34	521	275	515	278	84	85	0.0348028	0	0.605727	2
35	376	33	368	43	84	87	0.25058	0	0.0726872	2
36	581	139	572	149	84	87	0.2529	0	0.306167	2
37	464	123	457	134	84	87	0.296984	0	0.270925	2
38	451	151	450	151	84	85	0.00232019	0	0.332599	2
39	367	118	369	121	84	86	0.025522	0	0.259912	1
40	488	143	490	141	84	85	0.0139211	0	0.314978	1
41	489	215	484	214	84	85	0.0139211	0	0.473568	2
42	453	178	453	178	84	85	0	0	0.39207	1
43	185	226	186	227	85	86	0.00464037	0	0.497797	1
44	241	154	243	158	85	86	0.0417633	0	0.339207	1
45	447	118	447	118	85	86	0	0	0.259912	1
46	550	291	544	294	85	86	0.0348028	0	0.640969	2
47	637	442	633	449	85	87	0.12297	0	0.973568	2
48	455	139	455	142	85	86	0.0208817	0	0.306167	1
49	456	165	452	167	85	86	0.0185615	0	0.363436	2
50	583	327	557	331	85	87	0.0974478	0	0.720264	2
51	494	214	486	217	85	87	0.0394432	0	0.471366	2
52	591	339	566	342	85	87	0.0788863	0	0.746696	2
53	475	158	474	162	85	86	0.0394432	0	0.348018	2
54	434	109	407	121	85	101	0.396752	0	0.240088	2
55	222	176	220	186	85	87	0.236659	0	0.387665	2
56	172	116	166	126	85	88	0.24594	0	0.255507	2
57	527	284	523	287	85	86	0.0301624	0	0.625551	2
58	714	182	711	185	85	86	0.0278422	0	0.400881	2
59	406	165	409	167	85	86	0.0162413	0	0.363436	1
60	234	182	225	192	86	89	0.2529	0	0.400881	2
61	520	277	501	283	86	88	0.12761	0	0.610132	2
62	693	144	673	149	86	89	0.104408	0	0.317181	2
63	448	153	441	155	86	87	0.025522	0	0.337004	2
64	231	170	226	176	86	88	0.0951276	0	0.374449	2
65	384	159	368	158	86	92	0.0394432	0	0.35022	2
66	418	188	416	190	86	87	0.0139211	0	0.414097	2
67	509	283	479	289	86	89	0.153132	0	0.623348	2
68	626	446	622	449	86	87	0.0301624	0	0.982379	2
69	164	227	137	228	86	91	0.0649652	0	0.5	2
70	449	183	442	187	86	87	0.0533643	0	0.403084	2
71	494	196	491	200	86	87	0.0440835	0	0.431718	2
72	491	143	487	144	86	87	0.0116009	0	0.314978	2
73	374	134	371	136	86	87	0.0162413	0	0.295154	2
74	230	159	228	163	86	87	0.0417633	0	0.35022	2
75	472	215	460	220	86	87	0.0858469	0	0.473568	2
76	430	140	422	144	86	87	0.0556845	0	0.30837	2
77	396	178	394	181	86	87	0.025522	0	0.39207	2
78	486	127	537	134	86	103	0.232019	0	0.279736	1
79	412	152	411	155	86	87	0.0232019	0	0.334802	2
80	513	93	503	99	86	88	0.106729	0	0.204846	2
81	526	322	521	326	86	87	0.0487239	0	0.709251	2
82	646	444	637	449	86	88	0.0788863	0	0.977974	2
83	213	185	207	192	86	88	0.12761	0	0.407489	2
84	207	221	204	222	87	88	0.00928074	0	0.486784	2
85	540	339	534	340	87	88	0.0162413	0	0.746696	2
86	581	159	570	161	87	88	0.0348028	0	0.35022	2
87	448	121	444	122	87	88	0.0116009	0	0.26652	2
88	454	155	447	158	87	88	0.037123	0	0.34141	2
89	505	163	482	158	87	92	0.111369	0	0.359031	2
90	438	142	434	142	87	88	0.00928074	0	0.312775	2
91	214	170	203	164	87	92	0.109049	0	0.374449	2
92	367	125	391	122	87	102	0.0765661	0	0.27533	1
93	502	153	499	154	87	88	0.00928074	0	0.337004	2
94	168	230	151	227	87	90	0.0603248	0	0.506608	2
95	471	167	444	163	87	91	0.099768	0	0.367841	2
96	242	163	240	163	87	88	0.00464037	0	0.359031	2
97	359	174	355	170	88	89	0.0464037	0	0.38326	2
98	374	243	376	238	88	89	0.062645	0	0.535242	1
99	413	190	410	188	88	89	0.0162413	0	0.418502	2
100	532	304	523	295	88	89	0.208817	0	0.669604	2
101	196	197	190	191	88	91	0.0974478	0	0.433921	2
102	391	136	388	134	88	89	0.0162413	0	0.299559	2
103	627	413	621	411	88	89	0.0232019	0	0.909692	2
104	454	181	446	180	88	89	0.0208817	0	0.398678	2
105	371	169	367	167	88	89	0.0185615	0	0.372247	2
106	367	136	351	124	88	92	0.37123	0	0.299559	2
107	484	144	478	141	88	89	0.0348028	0	0.317181	2
108	826	430	826	433	88	104	0.0208817	0	0.947137	1
109	704	192	698	190	88	89	0.0232019	0	0.422907	2
110	617	413	591	405	88	93	0.208817	0	0.909692	2
111	417	145	409	143	88	89	0.0278422	0	0.319383	2
112	602	203	582	198	88	91	0.104408	0	0.447137	2
113	174	228	162	223	88	90	0.0858469	0	0.502203	2
114	408	180	404	177	88	89	0.0301624	0	0.396476	2
115	353	159	338	155	88	92	0.0719258	0	0.35022	2
116	708	163	699	163	88	89	0.0208817	0	0.359031	2
117	565	151	554	150	88	89	0.0278422	0	0.332599	2
118	430	181	420	179	88	89	0.0324826	0	0.398678	2
119	443	182	429	179	88	89	0.0533643	0	0.400881	2
120	476	217	462	214	88	89	0.0533643	0	0.477974	2
121	589	187	582	185	88	89	0.025522	0	0.411894	2
122	201	224	235	212	89	98	0.412993	0	0.493392	1
123	396	233	396	229	89	90	0.037123	0	0.513216	1
124	439	159	431	158	89	90	0.0208817	0	0.35022	2
125	559	160	547	158	89	90	0.037123	0	0.352423	2
126	495	151	480	147	89	92	0.0719258	0	0.332599	2
127	617	449	610	446	89	90	0.037123	0	0.988987	2
128	419	154	408	152	89	90	0.0348028	0	0.339207	2
129	48	327	28	322	89	91	0.104408	0	0.720264	2
130	393	144	384	141	89	90	0.0417633	0	0.317181	2
131	537	344	523	339	89	91	0.0904872	0	0.757709	2
132	181	219	174	213	89	91	0.099768	0	0.482379	2
133	238	163	231	159	89	91	0.0533643	0	0.359031	2
134	686	198	672	196	89	97	0.0417633	0	0.436123	2
135	488	140	482	138	89	90	0.0232019	0	0.30837	2
136	187	241	182	240	89	98	0.0139211	0	0.530837	2
137	822	438	823	441	89	103	0.0232019	0	0.964758	1
138	80	75	57	74	89	99	0.0556845	0	0.165198	2
139	511	290	496	286	90	91	0.0719258	0	0.638767	2
140	405	184	395	179	90	92	0.0812065	0	0.405286	2
141	353	168	353	167	90	91	0.00232019	0	0.370044	1
142	185	228	223	224	90	101	0.12529	0	0.502203	1
143	203	190	201	187	90	91	0.025522	0	0.418502	2
144	660	147	643	144	90	92	0.0603248	0	0.323789	2
145	826	430	826	431	90	100	0.00232019	0	0.947137	1
146	430	121	421	120	90	91	0.0232019	0	0.26652	2
147	472	138	465	134	90	92	0.0533643	0	0.303965	2
148	470	288	459	284	90	91	0.062645	0	0.634361	2
149	399	173	394	170	90	91	0.0324826	0	0.381057	2
150	520	348	513	346	90	91	0.025522	0	0.76652	2
151	368	227	357	226	90	93	0.0278422	0	0.5	2
152	221	163	219	162	90	91	0.00696056	0	0.359031	2
153	558	165	550	162	90	91	0.0394432	0	0.363436	2
154	436	179	428	177	90	91	0.0278422	0	0.394273	2
155	454	290	441	284	90	91	0.113689	0	0.638767	2
156	423	135	415	132	90	91	0.0394432	0	0.297357	2
157	331	155	330	153	90	91	0.0116009	0	0.34141	2
158	339	177	337	171	90	91	0.0881671	0	0.389868	2
159	520	336	494	326	90	93	0.292343	0	0.740088	2
160	497	283	471	276	90	92	0.174014	0	0.623348	2
161	435	148	427	145	90	91	0.0394432	0	0.325991	2
162	665	180	653	179	90	92	0.0301624	0	0.396476	2
163	384	187	373	185	90	93	0.0348028	0	0.411894	2
164	723	454	720	454	90	98	0.00696056	0	1	2
165	497	303	470	296	90	92	0.176334	0	0.667401	2
166	351	242	364	242	90	100	0.0301624	0	0.53304	1
167	194	179	201	173	90	95	0.099768	0	0.394273	1
168	536	155	526	153	91	92	0.0324826	0	0.34141	2
169	212	195	206	194	91	92	0.0162413	0	0.429515	2
170	161	220	167	218	91	93	0.0232019	0	0.484581	1
171	393	143	387	140	91	92	0.0348028	0	0.314978	2
172	605	445	596	443	91	94	0.0301624	0	0.980176	2
173	407	152	400	150	91	92	0.025522	0	0.334802	2
174	610	407	601	405	91	94	0.0301624	0	0.896476	2
175	434	201	429	199	91	92	0.0208817	0	0.442731	2
176	428	165	421	163	91	92	0.025522	0	0.363436	2
177	478	136	472	135	91	93	0.0162413	0	0.299559	2
178	158	124	154	129	91	96	0.0672854	0	0.273128	2
179	444	209	434	206	91	95	0.0440835	0	0.460352	2
180	622	449	632	454	91	102	0.0812065	0	0.988987	1
181	450	280	440	278	92	93	0.0324826	0	0.61674	2
182	35	329	26	329	92	94	0.0208817	0	0.72467	2
183	189	218	187	217	92	93	0.00696056	0	0.480176	2
184	223	187	260	190	92	98	0.106729	0	0.411894	1
185	393	225	410	230	92	98	0.0974478	0	0.495595	1
186	437	161	431	159	92	93	0.0232019	0	0.354626	2
187	189	189	189	189	92	93	0	0	0.4163	1
188	390	166	386	164	92	93	0.0185615	0	0.365639	2
189	220	162	237	161	92	95	0.0417633	0	0.356828	1
190	230	158	236	158	92	94	0.0139211	0	0.348018	1
191	412	120	407	120	92	93	0.0116009	0	0.264317	2
192	469	191	473	189	92	94	0.0185615	0	0.420705	1
193	343	66	338	64	92	96	0.0208817	0	0.145374	2
194	424	135	418	135	92	93	0.0139211	0	0.297357	2
195	184	201	184	200	92	93	0.00232019	0	0.442731	1
196	417	145	412	146	92	93	0.0139211	0	0.319383	2
197	407	131	399	133	92	94	0.0278422	0	0.288546	2
198	437	55	417	53	92	96	0.0556845	0	0.121145	2
199	468	158	480	160	92	97	0.037123	0	0.348018	1
200	392	241	390	240	92	94	0.00696056	0	0.530837	2
201	336	167	338	164	92	93	0.025522	0	0.367841	1
202	450	95	445	94	92	95	0.0139211	0	0.209251	2
203	461	276	452	275	92	93	0.0232019	0	0.60793	2
204	208	218	230	205	93	95	0.443155	0	0.480176	1
205	518	152	511	154	93	95	0.025522	0	0.334802	2
206	477	148	476	149	93	94	0.00464037	0	0.325991	2
207	202	180	205	180	93	94	0.00696056	0	0.396476	1
208	154	220	164	218	93	94	0.0324826	0	0.484581	1
209	136	126	135	126	93	94	0.00232019	0	0.277533	2
210	641	147	634	148	93	94	0.0185615	0	0.323789	2
211	425	199	424	199	93	95	0.00232019	0	0.438326	2
212	351	125	356	125	93	95	0.0116009	0	0.27533	1
213	203	163	251	162	93	99	0.113689	0	0.359031	1
214	414	163	411	164	93	94	0.00928074	0	0.359031	2
215	398	149	396	148	93	94	0.00696056	0	0.328194	2
216	640	177	625	176	93	94	0.037123	0	0.389868	2
217	450	338	447	342	93	95	0.0440835	0	0.744493	2
218	423	266	415	264	93	94	0.0278422	0	0.585903	2
219	519	178	517	180	93	94	0.0139211	0	0.39207	2
220	433	279	428	280	94	95	0.0139211	0	0.614537	2
221	375	186	379	186	94	95	0.00928074	0	0.409692	1
222	386	153	386	153	94	95	0	0	0.337004	1
223	357	225	377	225	94	99	0.0464037	0	0.495595	1
224	406	121	408	121	94	95	0.00464037	0	0.26652	1
225	409	148	409	150	94	95	0.00928074	0	0.325991	1
226	591	406	596	407	94	96	0.0139211	0	0.894273	1
227	387	165	391	165	94	96	0.00928074	0	0.363436	1
228	486	325	475	322	94	95	0.0464037	0	0.715859	2
229	215	176	222	176	94	95	0.0162413	0	0.387665	1
230	479	139	482	140	94	95	0.00928074	0	0.306167	1
231	390	185	403	186	94	97	0.0324826	0	0.407489	1
232	153	98	155	99	94	95	0.00696056	0	0.215859	1
233	427	65	422	65	94	96	0.0116009	0	0.143172	2
234	439	269	434	270	94	95	0.0139211	0	0.592511	2
235	37	267	87	282	94	113	0.638051	0	0.588106	1
236	415	136	415	138	94	95	0.00928074	0	0.299559	1
237	437	351	448	355	94	99	0.062645	0	0.773128	1
238	635	177	629	175	94	95	0.0232019	0	0.389868	2
239	314	65	308	66	94	95	0.0162413	0	0.143172	2
240	479	150	484	150	95	96	0.0116009	0	0.330396	1
241	26	330	24	331	95	98	0.00696056	0	0.726872	2
242	481	191	499	198	95	98	0.155452	0	0.420705	1
243	597	444	600	445	95	96	0.00928074	0	0.977974	1
244	454	199	457	199	95	96	0.00696056	0	0.438326	1
245	639	149	635	149	95	96	0.00928074	0	0.328194	2
246	603	406	606	407	95	96	0.00928074	0	0.894273	1
247	401	137	402	142	95	97	0.0603248	0	0.301762	1
248	413	166	413	170	95	97	0.037123	0	0.365639	1
249	618	174	601	169	95	98	0.0974478	0	0.38326	2
250	376	218	381	217	95	96	0.0139211	0	0.480176	1
251	629	150	611	152	95	100	0.0510441	0	0.330396	2
252	451	294	442	297	95	97	0.0417633	0	0.647577	2
253	212	185	221	184	95	96	0.0232019	0	0.407489	1
254	197	198	244	196	95	100	0.118329	0	0.436123	1
255	393	243	396	243	95	96	0.00696056	0	0.535242	1
256	521	154	520	153	95	96	0.00464037	0	0.339207	2
257	645	164	643	165	95	96	0.00696056	0	0.361233	2
258	489	330	476	328	95	96	0.0394432	0	0.726872	2
259	138	127	143	130	95	97	0.0324826	0	0.279736	1
260	334	157	347	157	95	98	0.0301624	0	0.345815	1
261	186	219	194	221	95	97	0.0278422	0	0.482379	1
262	378	169	386	170	95	98	0.0208817	0	0.372247	1
263	414	137	414	138	96	97	0.00232019	0	0.301762	1
264	386	187	391	187	96	97	0.0116009	0	0.411894	1
265	210	173	282	179	96	104	0.25058	0	0.381057	1
266	415	124	419	127	96	98	0.0301624	0	0.273128	1
267	195	182	202	176	96	97	0.099768	0	0.400881	1
268	432	164	432	165	96	97	0.00232019	0	0.361233	1
269	368	122	372	120	96	97	0.0185615	0	0.268722	1
270	412	154	411	157	96	97	0.0232019	0	0.339207	2
271	514	187	508	186	96	97	0.0162413	0	0.411894	2
272	446	193	441	198	96	100	0.0696056	0	0.42511	2
273	483	140	489	141	96	97	0.0162413	0	0.30837	1
274	160	100	181	110	96	104	0.280742	0	0.220264	1
275	412	272	406	273	96	97	0.0162413	0	0.599119	2
276	379	126	382	128	96	98	0.0162413	0	0.277533	1
277	364	174	368	174	96	97	0.00928074	0	0.38326	1
278	365	210	378	211	96	100	0.0324826	0	0.462555	1
279	130	122	132	122	96	97	0.00464037	0	0.268722	1
280	419	219	417	220	96	98	0.00696056	0	0.482379	2
281	511	156	508	157	97	99	0.00928074	0	0.343612	2
282	208	210	237	209	97	100	0.0696056	0	0.462555	1
283	631	151	621	152	97	100	0.025522	0	0.332599	2
284	232	179	241	178	97	98	0.0232019	0	0.394273	1
285	413	55	411	56	97	98	0.00696056	0	0.121145	2
286	153	131	156	132	97	99	0.00928074	0	0.288546	1
287	500	152	497	153	97	98	0.00928074	0	0.334802	2
288	592	411	610	418	97	104	0.155452	0	0.905286	1
289	387	137	391	137	97	99	0.00928074	0	0.301762	1
290	370	135	371	136	97	98	0.00464037	0	0.297357	1
291	412	300	387	292	97	100	0.206497	0	0.660793	2
292	201	221	251	225	98	102	0.153132	0	0.486784	1
293	605	447	608	448	98	100	0.00928074	0	0.984581	1
294	417	282	407	279	98	99	0.0440835	0	0.621145	2
295	398	188	403	187	98	99	0.0139211	0	0.414097	1
296	609	409	624	415	98	104	0.118329	0	0.900881	1
297	391	288	379	285	98	100	0.0487239	0	0.634361	2
298	415	140	413	140	98	99	0.00464037	0	0.30837	2
299	409	186	412	186	98	99	0.00696056	0	0.409692	1
300	403	244	408	244	98	100	0.0116009	0	0.537445	1
301	430	202	431	207	98	100	0.0603248	0	0.444934	1
302	143	139	147	142	98	100	0.0301624	0	0.306167	1
303	437	179	436	181	98	99	0.0116009	0	0.394273	2
304	673	190	658	189	98	100	0.037123	0	0.418502	2
305	399	169	403	168	98	99	0.0116009	0	0.372247	1
306	452	344	451	342	98	99	0.0116009	0	0.757709	2
307	406	284	396	282	98	99	0.0324826	0	0.625551	2
308	636	167	631	168	98	99	0.0139211	0	0.367841	2
309	619	178	618	184	98	100	0.0858469	0	0.39207	2
310	428	159	431	161	98	99	0.0162413	0	0.35022	1
311	515	196	508	204	98	100	0.164733	0	0.431718	2
312	385	182	390	182	98	99	0.0116009	0	0.400881	1
313	637	156	622	159	98	102	0.0556845	0	0.343612	2
314	384	158	385	158	98	99	0.00232019	0	0.348018	1
315	413	326	378	328	98	103	0.0904872	0	0.718062	2
316	243	209	249	210	99	100	0.0162413	0	0.460352	1
317	418	287	409	286	99	100	0.0232019	0	0.632159	2
318	416	126	419	133	99	102	0.12065	0	0.277533	1
319	412	230	416	232	99	102	0.0185615	0	0.506608	1
320	490	148	459	168	99	108	1	0	0.325991	2
321	393	168	403	167	99	102	0.025522	0	0.370044	1
322	421	275	414	275	99	100	0.0162413	0	0.605727	2
323	616	447	617	447	99	100	0.00232019	0	0.984581	1
324	409	57	406	58	99	100	0.00928074	0	0.125551	2
325	422	302	396	303	99	102	0.062645	0	0.665198	2
326	375	134	375	135	99	100	0.00232019	0	0.295154	1
327	369	182	370	183	99	100	0.00464037	0	0.400881	1
328	521	131	547	136	99	103	0.118329	0	0.288546	1
329	598	169	595	169	99	100	0.00696056	0	0.372247	2
330	588	435	643	447	99	120	0.461717	0	0.95815	1
331	507	160	502	164	100	101	0.0487239	0	0.352423	2
332	408	188	412	188	100	101	0.00928074	0	0.414097	1
333	381	225	385	223	100	101	0.0185615	0	0.495595	1
334	512	147	540	153	100	104	0.148492	0	0.323789	1
335	409	334	392	349	100	104	0.561485	0	0.735683	2
336	260	178	268	177	100	101	0.0208817	0	0.39207	1
337	258	163	274	164	100	102	0.0394432	0	0.359031	1
338	396	279	387	278	100	101	0.0232019	0	0.614537	2
339	477	191	487	189	100	101	0.0324826	0	0.420705	1
340	447	340	440	336	100	101	0.0533643	0	0.748899	2
341	627	170	622	171	100	101	0.0139211	0	0.374449	2
342	381	147	381	149	100	101	0.00928074	0	0.323789	1
343	494	159	481	166	100	103	0.143852	0	0.35022	2
344	280	197	296	194	101	103	0.0580046	0	0.433921	1
345	152	140	153	141	101	102	0.00464037	0	0.30837	1
346	405	285	397	286	101	102	0.0208817	0	0.627753	2
347	609	449	613	451	101	103	0.0185615	0	0.988987	1
348	286	166	292	168	101	102	0.0232019	0	0.365639	1
349	619	449	629	454	101	104	0.0812065	0	0.988987	1
350	163	140	170	143	101	103	0.037123	0	0.30837	1
351	27	365	28	365	101	102	0.00232019	0	0.803965	1
352	390	290	384	289	101	102	0.0162413	0	0.638767	2
353	435	208	436	209	101	103	0.00464037	0	0.45815	1
354	610	153	607	153	101	102	0.00696056	0	0.337004	2
355	509	208	508	209	101	102	0.00464037	0	0.45815	2
356	377	138	378	140	101	102	0.0116009	0	0.303965	1
357	155	117	156	118	101	102	0.00464037	0	0.257709	1
358	304	47	301	46	101	102	0.00928074	0	0.103524	2
359	393	196	396	198	101	102	0.0162413	0	0.431718	1
360	401	216	427	219	101	106	0.0812065	0	0.475771	1
361	397	274	384	276	101	103	0.0394432	0	0.603524	2
362	402	60	400	60	101	102	0.00464037	0	0.132159	2
363	593	171	589	172	101	102	0.0116009	0	0.376652	2
364	502	223	515	230	101	105	0.143852	0	0.491189	1
365	415	258	437	267	101	107	0.238979	0	0.568282	1
366	377	282	358	286	101	105	0.0812065	0	0.621145	2
367	411	248	429	255	101	106	0.155452	0	0.546256	1
368	527	150	578	157	101	107	0.232019	0	0.330396	1
369	354	61	375	71	101	108	0.280742	0	0.134361	1
370	723	440	777	450	101	120	0.357309	0	0.969163	1
371	497	170	488	176	102	104	0.104408	0	0.374449	2
372	416	189	427	190	102	104	0.0278422	0	0.4163	1
373	383	178	385	178	102	103	0.00464037	0	0.39207	1
374	380	279	371	281	102	104	0.0301624	0	0.614537	2
375	407	121	410	122	102	103	0.00928074	0	0.26652	1
376	281	178	299	182	102	104	0.0788863	0	0.39207	1
377	372	150	374	154	102	103	0.0417633	0	0.330396	1
378	442	179	459	189	102	107	0.271462	0	0.394273	1
379	393	354	405	359	102	106	0.0858469	0	0.779736	1
380	264	192	270	191	102	103	0.0162413	0	0.422907	1
381	515	164	563	170	102	107	0.194896	0	0.361233	1
382	166	121	169	121	102	103	0.00696056	0	0.26652	1
383	406	301	399	303	102	103	0.025522	0	0.662996	2
384	386	52	381	62	102	107	0.243619	0	0.114537	2
385	386	188	394	186	102	103	0.0278422	0	0.414097	1
386	392	287	387	289	103	104	0.0208817	0	0.632159	2
387	301	170	310	172	103	104	0.0301624	0	0.374449	1
388	157	144	160	144	103	104	0.00696056	0	0.317181	1
389	270	227	287	225	103	104	0.0487239	0	0.5	1
390	293	213	307	212	103	104	0.0348028	0	0.469163	1
391	606	155	605	157	103	104	0.0116009	0	0.34141	2
392	401	198	413	203	103	105	0.0858469	0	0.436123	1
393	415	233	426	234	103	105	0.0278422	0	0.513216	1
394	55	81	57	82	103	104	0.00696056	0	0.178414	1
395	32	364	32	366	103	106	0.00928074	0	0.801762	1
396	380	290	376	292	103	104	0.0185615	0	0.638767	2
397	396	61	395	69	103	106	0.150812	0	0.134361	2
398	382	357	395	363	103	106	0.113689	0	0.786344	1
399	539	187	575	187	103	106	0.0835267	0	0.411894	1
400	431	341	417	341	103	104	0.0324826	0	0.751101	2
401	398	126	404	128	103	104	0.0232019	0	0.277533	1
402	285	165	294	166	103	104	0.0232019	0	0.363436	1
403	397	106	404	119	103	111	0.408353	0	0.23348	1
404	391	196	394	198	103	104	0.0162413	0	0.431718	1
405	586	174	584	177	103	104	0.025522	0	0.38326	2
406	450	194	467	201	103	107	0.153132	0	0.427313	1
407	508	211	510	212	103	104	0.00696056	0	0.464758	1
408	175	142	181	142	104	105	0.0139211	0	0.312775	1
409	80	180	103	186	104	116	0.136891	0	0.396476	1
410	380	159	385	163	104	105	0.0487239	0	0.35022	1
411	415	331	402	334	104	105	0.0510441	0	0.729075	2
412	516	202	541	200	104	107	0.0672854	0	0.444934	1
413	415	173	421	173	104	105	0.0139211	0	0.381057	1
414	396	305	392	306	104	105	0.0116009	0	0.671806	2
415	507	183	502	187	104	107	0.0487239	0	0.403084	2
416	386	140	388	148	104	111	0.153132	0	0.30837	1
417	250	232	318	229	104	110	0.178654	0	0.511013	1
418	77	24	100	30	104	111	0.136891	0	0.0528634	1
419	410	183	429	185	104	107	0.0533643	0	0.403084	1
420	357	269	344	271	104	107	0.0394432	0	0.592511	2
421	304	222	316	221	105	106	0.0301624	0	0.488987	1
422	606	161	604	164	105	106	0.025522	0	0.354626	2
423	322	173	332	175	105	106	0.0324826	0	0.381057	1
424	399	200	402	204	105	106	0.0440835	0	0.440529	1
425	483	177	477	180	105	107	0.0348028	0	0.389868	2
426	437	192	448	192	105	107	0.025522	0	0.422907	1
427	380	303	377	300	105	106	0.0278422	0	0.667401	2
428	268	227	315	230	105	109	0.12993	0	0.5	1
429	167	145	172	147	105	106	0.0208817	0	0.319383	1
430	369	283	366	283	105	106	0.00696056	0	0.623348	2
431	293	195	317	201	105	107	0.139211	0	0.429515	1
432	307	186	330	191	105	107	0.111369	0	0.409692	1
433	513	213	511	213	105	106	0.00464037	0	0.469163	2
434	437	182	443	182	105	106	0.0139211	0	0.400881	1
435	283	201	294	203	105	106	0.0348028	0	0.442731	1
436	478	199	476	201	105	106	0.0139211	0	0.438326	2
437	616	421	632	424	105	111	0.0580046	0	0.927313	1
438	605	215	607	223	105	111	0.153132	0	0.473568	1
439	94	26	110	29	105	110	0.0580046	0	0.0572687	1
440	305	170	315	173	105	106	0.0440835	0	0.374449	1
441	566	141	584	142	105	107	0.0440835	0	0.310573	1
442	24	24	62	28	105	120	0.12529	0	0.0528634	1
443	24	231	35	231	105	106	0.025522	0	0.508811	1
444	391	223	395	227	105	106	0.0464037	0	0.491189	1
445	382	153	386	159	105	107	0.0928074	0	0.337004	1
446	550	156	569	158	105	107	0.0533643	0	0.343612	1
447	188	114	202	119	105	108	0.0904872	0	0.251101	1
448	46	84	46	93	105	109	0.187935	0	0.185022	1
449	595	216	598	224	105	112	0.155452	0	0.475771	1
450	419	159	419	161	105	106	0.00928074	0	0.35022	1
451	274	266	290	269	105	112	0.0580046	0	0.585903	1
452	297	49	297	51	105	106	0.00928074	0	0.10793	1
453	349	304	324	300	106	110	0.0951276	0	0.669604	2
454	188	146	200	155	106	110	0.215777	0	0.321586	1
455	37	265	76	270	106	110	0.148492	0	0.5837	1
456	329	209	338	214	106	107	0.0788863	0	0.460352	1
457	289	225	312	227	106	108	0.062645	0	0.495595	1
458	634	421	637	422	106	107	0.00928074	0	0.927313	1
459	45	228	91	226	106	110	0.116009	0	0.502203	1
460	26	248	50	246	106	108	0.0649652	0	0.546256	1
461	565	209	578	213	106	107	0.0672854	0	0.460352	1
462	435	158	439	159	106	107	0.0116009	0	0.348018	1
463	356	288	352	287	106	107	0.0116009	0	0.634361	2
464	434	235	464	231	106	110	0.106729	0	0.517621	1
465	394	162	394	165	106	108	0.0208817	0	0.356828	1
466	490	177	487	177	106	107	0.00696056	0	0.389868	2
467	569	199	584	205	106	108	0.118329	0	0.438326	1
468	433	175	439	174	106	107	0.0162413	0	0.385463	1
469	74	24	78	25	106	107	0.0116009	0	0.0528634	1
470	374	297	341	300	107	111	0.0974478	0	0.654185	2
471	409	166	408	167	107	108	0.00464037	0	0.365639	2
472	444	138	467	140	107	111	0.062645	0	0.303965	1
473	43	230	53	229	107	108	0.025522	0	0.506608	1
474	517	229	502	228	107	109	0.037123	0	0.504405	2
475	369	309	361	307	107	108	0.0278422	0	0.680617	2
476	330	202	340	202	107	108	0.0232019	0	0.444934	1
477	31	261	57	265	107	109	0.0974478	0	0.57489	1
478	390	72	383	73	107	109	0.0185615	0	0.15859	2
479	380	311	363	309	107	109	0.0487239	0	0.685022	2
480	289	93	293	90	107	114	0.0301624	0	0.204846	1
481	399	351	391	344	107	109	0.132251	0	0.773128	2
482	293	43	290	45	107	109	0.0162413	0	0.0947137	2
483	62	24	71	25	107	115	0.0232019	0	0.0528634	1
484	410	357	397	340	107	110	0.700696	0	0.786344	2
485	551	201	563	197	108	109	0.0649652	0	0.442731	1
486	475	181	472	181	108	109	0.00696056	0	0.398678	2
487	182	156	186	157	108	109	0.0116009	0	0.343612	1
488	641	422	643	421	108	109	0.00696056	0	0.929515	1
489	348	285	335	285	108	110	0.0301624	0	0.627753	2
490	353	182	372	182	108	110	0.0440835	0	0.400881	1
491	326	202	337	205	108	109	0.0464037	0	0.444934	1
492	26	269	41	269	108	109	0.0348028	0	0.592511	1
493	592	142	598	142	108	109	0.0139211	0	0.312775	1
494	359	281	346	281	108	110	0.0301624	0	0.618943	2
495	354	346	338	349	108	109	0.0580046	0	0.762115	2
496	448	174	452	174	108	109	0.00928074	0	0.38326	1
497	26	28	44	28	108	119	0.0417633	0	0.061674	1
498	587	175	583	175	108	109	0.00928074	0	0.385463	2
499	289	62	285	60	108	109	0.0185615	0	0.136564	2
500	582	215	587	213	108	110	0.0208817	0	0.473568	1
501	421	132	417	141	108	120	0.197216	0	0.290749	2
502	348	299	334	299	108	110	0.0324826	0	0.65859	2
503	195	168	202	168	108	112	0.0162413	0	0.370044	1
504	359	211	369	208	109	110	0.0440835	0	0.464758	1
505	593	167	586	168	109	110	0.0185615	0	0.367841	2
506	453	191	457	192	109	110	0.0116009	0	0.420705	1
507	578	158	516	168	109	119	0.37587	0	0.348018	2
508	326	228	340	228	109	110	0.0324826	0	0.502203	1
509	400	356	348	341	109	113	0.642691	0	0.784141	2
510	336	224	349	227	109	110	0.0510441	0	0.493392	1
511	403	178	399	180	109	110	0.0185615	0	0.39207	2
512	206	122	208	123	109	115	0.00696056	0	0.268722	1
513	488	189	483	190	109	110	0.0139211	0	0.4163	2
514	384	101	352	103	109	114	0.0835267	0	0.222467	2
515	438	186	442	188	109	110	0.0185615	0	0.409692	1
516	394	158	393	158	109	110	0.00232019	0	0.348018	2
517	352	182	381	183	109	113	0.0696056	0	0.400881	1
518	365	226	377	223	110	111	0.0487239	0	0.497797	1
519	358	238	364	238	110	112	0.0139211	0	0.524229	1
520	415	188	419	188	110	111	0.00928074	0	0.414097	1
521	434	168	435	167	110	111	0.00464037	0	0.370044	1
522	647	422	647	422	110	111	0	0	0.929515	1
523	596	161	599	160	110	111	0.00928074	0	0.354626	1
524	190	157	192	154	110	111	0.025522	0	0.345815	1
525	434	178	437	177	110	111	0.00928074	0	0.39207	1
526	350	209	369	215	110	112	0.12761	0	0.460352	1
527	604	140	660	146	110	119	0.213457	0	0.30837	1
528	436	136	435	136	110	111	0.00232019	0	0.299559	2
529	328	353	320	356	110	111	0.0394432	0	0.777533	2
530	293	51	288	51	110	111	0.0116009	0	0.112335	2
531	388	85	383	85	110	111	0.0116009	0	0.187225	2
532	408	153	393	153	110	116	0.0348028	0	0.337004	2
533	375	229	387	224	110	111	0.0858469	0	0.504405	1
534	433	147	434	147	110	111	0.00232019	0	0.323789	1
535	579	178	572	178	110	111	0.0162413	0	0.39207	2
536	369	71	366	71	110	111	0.00696056	0	0.156388	2
537	313	360	305	366	110	115	0.102088	0	0.792952	2
538	327	286	316	287	111	112	0.0278422	0	0.629956	2
539	462	194	467	199	111	114	0.0696056	0	0.427313	1
540	413	176	408	176	111	112	0.0116009	0	0.387665	2
541	74	274	79	273	111	113	0.0139211	0	0.603524	1
542	202	156	211	163	111	119	0.134571	0	0.343612	1
543	476	258	497	261	111	119	0.0696056	0	0.568282	1
544	568	197	538	207	111	116	0.301624	0	0.433921	2
545	193	134	192	133	111	112	0.00464037	0	0.295154	2
546	610	195	618	192	111	112	0.0394432	0	0.429515	1
547	609	166	613	165	111	112	0.0116009	0	0.365639	1
548	576	168	558	167	111	113	0.0440835	0	0.370044	2
549	443	190	444	192	111	112	0.0116009	0	0.418502	1
550	429	187	435	185	111	113	0.0232019	0	0.411894	1
551	85	233	96	233	111	112	0.025522	0	0.513216	1
552	583	194	575	192	111	112	0.0278422	0	0.427313	2
553	464	150	467	150	111	112	0.00696056	0	0.330396	1
554	292	62	283	62	111	113	0.0208817	0	0.136564	2
555	458	177	459	178	111	112	0.00464037	0	0.389868	1
556	457	161	460	160	111	112	0.00928074	0	0.354626	1
557	606	176	611	174	111	112	0.0208817	0	0.387665	1
558	425	198	426	199	111	112	0.00464037	0	0.436123	1
559	174	122	173	122	111	113	0.00232019	0	0.268722	2
560	433	212	434	212	111	113	0.00232019	0	0.46696	1
561	86	272	101	268	111	112	0.0719258	0	0.599119	1
562	45	93	37	92	111	112	0.0208817	0	0.204846	2
563	478	236	504	235	112	120	0.062645	0	0.519824	1
564	379	213	387	215	112	113	0.0278422	0	0.469163	1
565	646	422	646	423	112	116	0.00232019	0	0.929515	1
566	578	171	553	171	112	115	0.0580046	0	0.376652	2
567	602	152	605	151	112	113	0.00928074	0	0.334802	1
568	470	185	472	185	112	113	0.00464037	0	0.407489	1
569	428	168	429	167	112	113	0.00464037	0	0.370044	1
570	432	137	425	146	112	118	0.204176	0	0.301762	2
571	471	140	505	151	112	119	0.359629	0	0.30837	1
572	632	424	653	424	112	120	0.0487239	0	0.933921	1
573	107	246	135	244	112	115	0.0742459	0	0.54185	1
574	376	74	370	73	112	113	0.0162413	0	0.162996	2
575	318	356	315	355	112	114	0.00928074	0	0.784141	2
576	362	331	329	332	112	114	0.0788863	0	0.729075	2
577	360	68	353	68	112	113	0.0162413	0	0.14978	2
578	110	30	108	29	112	114	0.00696056	0	0.0660793	2
579	367	238	368	238	113	114	0.00232019	0	0.524229	1
580	612	202	623	207	113	114	0.0835267	0	0.444934	1
581	617	164	621	163	113	114	0.0116009	0	0.361233	1
582	458	143	469	145	113	116	0.0348028	0	0.314978	1
583	307	288	276	281	113	116	0.185615	0	0.634361	2
584	115	262	182	265	113	119	0.176334	0	0.577093	1
585	102	246	131	245	113	116	0.0696056	0	0.54185	1
586	380	168	377	167	113	114	0.00928074	0	0.370044	2
587	463	161	468	162	113	115	0.0139211	0	0.354626	1
588	447	190	447	193	113	114	0.0208817	0	0.418502	1
589	450	166	452	165	113	114	0.00696056	0	0.365639	1
590	444	227	442	227	113	114	0.00464037	0	0.5	2
591	600	207	604	206	113	114	0.0116009	0	0.455947	1
592	98	261	107	259	113	114	0.0301624	0	0.57489	1
593	190	134	189	137	113	116	0.0232019	0	0.295154	2
594	318	286	307	284	113	114	0.0348028	0	0.629956	2
595	116	228	155	226	113	117	0.099768	0	0.502203	1
596	454	244	452	244	113	114	0.00464037	0	0.537445	2
597	98	30	97	29	113	114	0.00464037	0	0.0660793	2
598	439	163	442	162	113	114	0.00928074	0	0.359031	1
599	381	199	389	200	113	114	0.0208817	0	0.438326	1
600	372	223	376	224	113	114	0.0116009	0	0.491189	1
601	461	180	462	181	113	114	0.00464037	0	0.396476	1
602	450	201	450	204	113	114	0.0208817	0	0.442731	1
603	388	146	384	148	113	118	0.0185615	0	0.321586	2
604	473	155	477	155	113	114	0.00928074	0	0.34141	1
605	271	92	275	98	113	120	0.0928074	0	0.202643	1
606	106	232	145	230	113	117	0.099768	0	0.511013	1
607	288	308	259	298	114	120	0.299304	0	0.678414	2
608	610	152	649	157	114	119	0.148492	0	0.334802	1
609	86	271	112	271	114	116	0.0603248	0	0.596916	1
610	431	166	433	165	114	115	0.00696056	0	0.365639	1
611	389	214	413	213	114	117	0.0580046	0	0.471366	1
612	551	169	536	171	114	116	0.0440835	0	0.372247	2
613	364	75	358	76	114	115	0.0162413	0	0.165198	2
614	298	306	286	301	114	115	0.0858469	0	0.674009	2
615	430	199	432	199	114	116	0.00464037	0	0.438326	1
616	305	296	294	293	114	115	0.0464037	0	0.651982	2
617	199	138	200	140	114	116	0.0116009	0	0.303965	1
618	475	166	481	169	114	116	0.0348028	0	0.365639	1
619	418	192	416	193	114	115	0.00696056	0	0.422907	2
620	633	147	671	153	114	119	0.171694	0	0.323789	1
621	474	214	498	213	114	120	0.0580046	0	0.471366	1
622	462	248	489	243	114	120	0.12065	0	0.546256	1
623	419	202	421	200	114	115	0.0139211	0	0.444934	1
624	473	187	474	188	114	115	0.00464037	0	0.411894	1
625	400	237	410	236	114	116	0.025522	0	0.522026	1
626	462	399	482	399	114	120	0.0464037	0	0.878855	1
627	370	239	387	235	115	118	0.0765661	0	0.526432	1
628	306	293	290	289	115	117	0.0742459	0	0.645374	2
629	380	227	385	227	115	116	0.0116009	0	0.5	1
630	634	211	643	213	115	116	0.0301624	0	0.464758	1
631	397	200	406	199	115	116	0.0232019	0	0.440529	1
632	467	201	475	200	115	118	0.0208817	0	0.442731	1
633	409	221	415	222	115	116	0.0162413	0	0.486784	1
634	448	194	448	194	115	116	0	0	0.427313	1
635	627	165	640	168	115	117	0.0510441	0	0.363436	1
636	609	207	627	205	115	117	0.0510441	0	0.455947	1
637	376	165	374	165	115	116	0.00464037	0	0.363436	2
638	437	186	440	186	115	116	0.00696056	0	0.409692	1
639	118	260	129	263	115	116	0.0464037	0	0.572687	1
640	481	157	484	159	115	116	0.0162413	0	0.345815	1
641	389	163	388	162	115	116	0.00464037	0	0.359031	2
642	387	198	397	199	115	117	0.025522	0	0.436123	1
643	301	309	292	307	115	116	0.0301624	0	0.680617	2
644	453	171	456	171	115	116	0.00696056	0	0.376652	1
645	452	244	473	242	115	120	0.0580046	0	0.537445	1
646	454	158	458	159	115	116	0.0116009	0	0.348018	1
647	100	29	101	29	115	117	0.00232019	0	0.0638767	1
648	191	161	193	165	115	117	0.0417633	0	0.354626	1
649	47	89	43	89	115	116	0.00928074	0	0.196035	2
650	459	181	461	181	115	116	0.00464037	0	0.398678	1
651	391	234	393	235	115	116	0.00696056	0	0.515419	1
652	384	244	387	241	115	117	0.0278422	0	0.537445	1
653	544	231	546	234	115	116	0.025522	0	0.508811	1
654	443	162	446	162	115	116	0.00696056	0	0.356828	1
655	398	186	404	186	116	117	0.0139211	0	0.409692	1
656	491	187	496	186	116	117	0.0139211	0	0.411894	1
657	279	298	267	295	116	119	0.0487239	0	0.656388	2
658	295	278	288	275	116	117	0.037123	0	0.612335	2
659	471	165	475	167	116	117	0.0185615	0	0.363436	1
660	642	166	649	167	116	117	0.0185615	0	0.365639	1
661	110	24	111	24	116	117	0.00232019	0	0.0528634	1
662	208	125	220	126	116	119	0.0301624	0	0.27533	1
663	452	216	454	215	116	117	0.00696056	0	0.475771	1
664	452	204	454	203	116	117	0.00696056	0	0.449339	1
665	427	172	428	174	116	117	0.0116009	0	0.378855	1
666	304	306	293	304	116	118	0.0348028	0	0.674009	2
667	286	87	279	86	116	117	0.0185615	0	0.19163	2
668	393	229	402	228	117	118	0.0232019	0	0.504405	1
669	411	228	418	228	117	118	0.0162413	0	0.502203	1
670	476	150	483	152	117	118	0.025522	0	0.330396	1
671	651	423	669	422	117	120	0.0440835	0	0.931718	1
672	286	306	279	304	117	119	0.025522	0	0.674009	2
673	532	173	530	174	117	118	0.00696056	0	0.381057	2
674	110	192	120	191	117	119	0.025522	0	0.422907	1
675	479	198	484	196	117	118	0.0208817	0	0.436123	1
676	445	187	452	187	117	118	0.0162413	0	0.411894	1
677	466	181	473	179	117	118	0.025522	0	0.398678	1
678	379	167	381	167	117	118	0.00464037	0	0.367841	1
679	202	143	206	144	117	118	0.0116009	0	0.314978	1
680	269	280	262	277	117	119	0.037123	0	0.61674	2
681	309	358	309	347	117	119	0.280742	0	0.788546	1
682	375	250	396	250	117	120	0.0487239	0	0.550661	1
683	393	154	394	156	117	118	0.0116009	0	0.339207	1
684	348	91	345	91	117	118	0.00696056	0	0.200441	2
685	125	29	129	28	117	118	0.0116009	0	0.0638767	1
686	261	64	260	65	117	118	0.00464037	0	0.140969	2
687	306	346	305	333	117	120	0.394432	0	0.762115	2
688	648	196	658	197	117	118	0.025522	0	0.431718	1
689	399	239	412	238	117	119	0.0324826	0	0.526432	1
690	286	287	283	286	118	119	0.00928074	0	0.632159	2
691	656	169	666	169	118	119	0.0232019	0	0.372247	1
692	505	189	512	189	118	119	0.0162413	0	0.4163	1
693	458	148	466	149	118	119	0.0208817	0	0.325991	1
694	460	199	467	196	118	119	0.037123	0	0.438326	1
695	660	216	673	215	118	120	0.0324826	0	0.475771	1
696	269	342	253	339	118	120	0.0580046	0	0.753304	2
697	283	275	280	274	118	119	0.00928074	0	0.605727	2
698	296	284	292	283	118	120	0.0116009	0	0.625551	2
699	106	30	118	29	118	120	0.0301624	0	0.0660793	1
700	426	167	426	167	118	119	0	0	0.367841	1
701	529	186	526	186	118	119	0.00696056	0	0.409692	2
702	378	185	384	187	118	120	0.0232019	0	0.407489	1
703	197	167	203	165	118	119	0.0232019	0	0.367841	1
704	438	159	441	161	118	119	0.0162413	0	0.35022	1
705	170	226	184	224	118	119	0.0417633	0	0.497797	1
706	434	178	439	175	118	119	0.0324826	0	0.39207	1
707	340	75	341	75	118	120	0.00232019	0	0.165198	1
708	428	209	436	210	119	120	0.0208817	0	0.460352	1
709	478	178	486	176	119	120	0.0278422	0	0.39207	1
710	27	26	33	25	119	120	0.0162413	0	0.0572687	1
711	530	175	530	175	119	120	0	0	0.385463	1
712	427	149	429	149	119	120	0.00464037	0	0.328194	1
713	258	351	252	348	119	120	0.0348028	0	0.773128	2
714	490	147	498	147	119	120	0.0185615	0	0.323789	1
715	201	146	206	146	119	120	0.0116009	0	0.321586	1
716	484	190	492	189	119	120	0.0208817	0	0.418502	1
717	650	146	662	145	119	120	0.0301624	0	0.321586	1
718	328	71	329	69	119	120	0.0116009	0	0.156388	1
719	135	28	141	27	119	120	0.0162413	0	0.061674	1
720	397	72	402	71	119	120	0.0139211	0	0.15859	1