
0	476	117	473	115	102	103	0.0285714	0	0.260579	2
1	488	111	487	109	102	103	0.0204082	0	0.247216	2
2	522	56	527	57	102	106	0.0244898	0	0.124722	1
3	397	168	398	167	102	103	0.00816327	0	0.374165	1
4	407	141	407	139	102	103	0.0163265	0	0.314031	1
5	382	169	381	169	102	103	0.00408163	0	0.376392	2
6	481	149	477	147	102	104	0.0326531	0	0.331849	2
7	538	88	531	84	102	105	0.0938776	0	0.195991	2
8	413	124	413	123	103	104	0.00408163	0	0.276169	1
9	468	136	466	134	103	104	0.0244898	0	0.302895	2
10	512	121	510	121	103	104	0.00816327	0	0.269488	2
11	527	41	528	40	103	104	0.00816327	0	0.091314	1
12	462	86	462	86	103	104	0	0	0.191537	1
13	516	131	515	131	103	104	0.00408163	0	0.291759	2
14	256	90	254	89	103	109	0.0122449	0	0.200445	2
15	449	115	449	114	103	104	0.00408163	0	0.256125	1
16	159	312	170	316	103	109	0.110204	0	0.694878	1
17	163	347	160	348	103	110	0.0163265	0	0.772829	2
18	156	266	155	267	103	106	0.00816327	0	0.592428	2
19	475	83	477	82	104	105	0.0122449	0	0.184855	1
20	492	104	491	102	104	105	0.0204082	0	0.231626	2
21	160	279	162	279	104	105	0.00816327	0	0.621381	1
22	439	114	440	113	104	105	0.00816327	0	0.253898	1
23	304	100	303	100	104	105	0.00408163	0	0.222717	2
24	152	289	153	289	104	105	0.00408163	0	0.643653	1
25	646	146	645	146	104	105	0.00408163	0	0.325167	2
26	178	313	186	310	104	109	0.0693878	0	0.697105	1
27	783	66	782	67	104	106	0.00816327	0	0.146993	2
28	173	282	176	282	105	106	0.0122449	0	0.628062	1
29	153	216	165	219	105	109	0.0857143	0	0.481069	1
30	147	302	166	302	105	111	0.077551	0	0.672606	1
31	463	133	459	132	105	106	0.0204082	0	0.296214	2
32	468	110	466	109	105	106	0.0122449	0	0.244989	2
33	531	42	532	42	105	106	0.00408163	0	0.0935412	1
34	386	166	390	164	105	106	0.0326531	0	0.36971	1
35	514	133	511	134	105	107	0.0163265	0	0.296214	2
36	476	165	473	166	105	108	0.0163265	0	0.367483	2
37	446	32	447	32	105	106	0.00408163	0	0.0712695	1
38	464	91	465	91	105	106	0.00408163	0	0.202673	1
39	786	165	786	167	105	140	0.0163265	0	0.367483	1
40	547	116	539	113	105	108	0.0693878	0	0.258352	2
41	430	108	431	108	105	106	0.00408163	0	0.240535	1
42	506	91	505	91	105	106	0.00408163	0	0.202673	2
43	476	148	472	147	105	107	0.0204082	0	0.329621	2
44	511	77	508	74	105	106	0.0489796	0	0.171492	2
45	166	208	167	210	105	106	0.0204082	0	0.463252	1
46	539	273	538	271	105	119	0.0204082	0	0.608018	2
47	695	31	689	32	105	114	0.0285714	0	0.0690423	2
48	429	119	433	120	105	108	0.0204082	0	0.265033	1
49	490	133	472	129	105	111	0.138776	0	0.296214	2
50	616	85	595	87	105	118	0.102041	0	0.18931	2
51	439	46	444	47	105	109	0.0244898	0	0.10245	1
52	542	33	546	33	105	107	0.0163265	0	0.0734967	1
53	466	81	477	81	105	110	0.044898	0	0.180401	1
54	171	269	174	270	105	106	0.0163265	0	0.599109	1
55	405	170	404	171	105	106	0.00816327	0	0.378619	2
56	264	90	263	89	105	108	0.00816327	0	0.200445	2
57	480	81	482	80	106	107	0.0122449	0	0.180401	1
58	444	114	446	113	106	107	0.0122449	0	0.253898	1
59	491	101	491	100	106	107	0.00408163	0	0.224944	1
60	499	114	499	111	106	107	0.0367347	0	0.253898	1
61	510	168	504	168	106	107	0.0244898	0	0.374165	2
62	579	63	574	65	106	114	0.0367347	0	0.140312	2
63	629	100	626	103	106	110	0.0489796	0	0.222717	2
64	533	41	535	41	107	108	0.00816327	0	0.091314	1
65	172	280	180	278	107	109	0.0489796	0	0.623608	1
66	183	284	209	280	107	114	0.171429	0	0.632517	1
67	469	92	477	91	107	110	0.0367347	0	0.2049	1
68	168	212	171	212	107	108	0.0122449	0	0.47216	1
69	425	130	428	130	107	108	0.0122449	0	0.289532	1
70	457	132	453	131	107	108	0.0204082	0	0.293987	2
71	470	116	467	115	107	108	0.0163265	0	0.258352	2
72	448	35	449	35	107	108	0.00408163	0	0.077951	1
73	165	337	166	337	107	110	0.00408163	0	0.750557	1
74	261	148	258	148	107	117	0.0122449	0	0.329621	2
75	157	277	157	277	107	108	0	0	0.616927	1
76	506	72	504	69	107	108	0.044898	0	0.160356	2
77	401	171	401	171	107	110	0	0	0.380846	1
78	276	100	276	100	107	108	0	0	0.222717	1
79	507	154	506	154	107	108	0.00408163	0	0.342984	2
80	786	59	793	57	107	112	0.044898	0	0.131403	1
81	306	107	307	109	107	108	0.0204082	0	0.238307	1
82	588	104	587	103	107	108	0.00816327	0	0.231626	2
83	544	93	540	92	107	108	0.0204082	0	0.207127	2
84	484	80	488	81	108	110	0.0204082	0	0.178174	1
85	449	111	451	109	108	109	0.0244898	0	0.247216	1
86	494	147	490	145	108	109	0.0326531	0	0.327394	2
87	501	109	501	107	108	109	0.0163265	0	0.242762	1
88	164	287	167	286	108	109	0.0163265	0	0.639198	1
89	516	75	514	72	108	109	0.044898	0	0.167038	2
90	173	222	176	221	108	109	0.0163265	0	0.494432	1
91	481	108	480	108	108	109	0.00408163	0	0.240535	2
92	439	110	440	110	108	109	0.00408163	0	0.244989	1
93	451	62	452	62	108	109	0.00408163	0	0.138085	1
94	175	289	181	286	108	110	0.0612245	0	0.643653	1
95	470	132	462	130	108	111	0.0489796	0	0.293987	2
96	510	137	508	137	108	109	0.00816327	0	0.305122	2
97	631	117	630	117	108	109	0.00408163	0	0.260579	2
98	449	81	447	80	108	109	0.0122449	0	0.180401	2
99	160	238	166	237	108	110	0.0285714	0	0.530067	1
100	461	142	457	140	108	109	0.0326531	0	0.316258	2
101	477	118	472	116	108	110	0.0367347	0	0.262806	2
102	729	329	728	329	108	119	0.00408163	0	0.732739	2
103	573	44	572	43	109	112	0.00816327	0	0.0979955	2
104	519	99	515	98	109	110	0.0204082	0	0.22049	2
105	472	168	463	169	109	118	0.0408163	0	0.374165	2
106	495	173	492	173	109	111	0.0122449	0	0.385301	2
107	425	127	428	125	109	110	0.0285714	0	0.282851	1
108	538	44	543	43	109	110	0.0244898	0	0.0979955	1
109	435	121	435	120	109	110	0.00408163	0	0.269488	1
110	157	284	156	283	109	117	0.00816327	0	0.632517	2
111	149	238	158	236	109	111	0.0530612	0	0.530067	1
112	639	146	638	145	109	112	0.00816327	0	0.325167	2
113	264	87	265	90	109	113	0.0408163	0	0.193764	1
114	454	156	454	155	109	111	0.00408163	0	0.347439	1
115	502	67	500	65	109	110	0.0244898	0	0.14922	2
116	706	349	706	345	109	116	0.0653061	0	0.777283	1
117	175	211	189	208	109	112	0.0938776	0	0.469933	1
118	593	104	590	104	109	114	0.0122449	0	0.231626	2
119	292	84	291	85	109	110	0.00816327	0	0.187082	2
120	190	273	217	269	109	116	0.17551	0	0.608018	1
121	147	279	147	278	109	112	0.00408163	0	0.621381	1
122	289	131	288	130	109	110	0.00816327	0	0.291759	2
123	490	111	490	110	109	110	0.00408163	0	0.247216	1
124	482	165	480	164	109	110	0.0122449	0	0.367483	2
125	181	299	181	298	110	111	0.00408163	0	0.665924	1
126	169	220	173	218	110	111	0.0326531	0	0.489978	1
127	171	286	182	284	110	113	0.0612245	0	0.636971	1
128	507	136	510	138	110	115	0.0285714	0	0.302895	1
129	183	276	193	274	110	113	0.0571429	0	0.614699	1
130	511	149	510	149	110	112	0.00408163	0	0.331849	2
131	310	97	310	97	110	115	0	0	0.216036	1
132	446	47	448	46	110	111	0.0122449	0	0.104677	1
133	450	130	449	128	110	111	0.0204082	0	0.289532	2
134	462	120	462	120	110	111	0	0	0.267261	1
135	792	48	794	46	110	112	0.0244898	0	0.106904	1
136	428	141	435	141	110	113	0.0285714	0	0.314031	1
137	557	62	557	61	110	111	0.00408163	0	0.138085	1
138	166	342	166	342	111	112	0	0	0.761693	1
139	432	124	434	123	111	112	0.0122449	0	0.276169	1
140	122	281	138	275	111	113	0.212245	0	0.625835	1
141	301	102	301	103	111	114	0.00408163	0	0.227171	1
142	498	62	490	61	111	114	0.0367347	0	0.138085	2
143	512	112	511	112	111	112	0.00408163	0	0.249443	2
144	548	42	553	41	111	112	0.0244898	0	0.0935412	1
145	491	92	492	89	111	112	0.0408163	0	0.2049	1
146	402	173	403	172	111	114	0.00816327	0	0.385301	1
147	479	165	478	164	111	112	0.00816327	0	0.367483	2
148	436	91	434	91	111	112	0.00816327	0	0.202673	2
149	438	56	453	56	111	122	0.0612245	0	0.124722	1
150	529	58	539	58	111	113	0.0408163	0	0.129176	1
151	490	107	491	104	111	112	0.0408163	0	0.238307	1
152	676	294	693	288	111	122	0.216327	0	0.654788	1
153	447	82	446	82	111	112	0.00408163	0	0.182628	2
154	578	101	572	106	111	124	0.126531	0	0.224944	2
155	628	162	626	163	111	113	0.0122449	0	0.360802	2
156	167	301	176	300	112	114	0.0408163	0	0.670379	1
157	183	297	183	296	112	113	0.00408163	0	0.66147	1
158	179	217	184	217	112	113	0.0204082	0	0.483296	1
159	470	111	469	111	112	113	0.00408163	0	0.247216	2
160	566	62	565	62	112	113	0.00408163	0	0.138085	2
161	430	171	429	172	112	114	0.00816327	0	0.380846	2
162	453	97	452	97	112	114	0.00408163	0	0.216036	2
163	162	271	161	271	112	113	0.00408163	0	0.603563	2
164	505	61	502	61	112	113	0.0122449	0	0.135857	2
165	484	119	482	119	112	115	0.00816327	0	0.265033	2
166	482	149	480	149	112	114	0.00816327	0	0.331849	2
167	295	79	297	92	112	128	0.697959	0	0.175947	1
168	453	45	455	44	112	113	0.0122449	0	0.100223	1
169	208	316	215	313	112	113	0.0653061	0	0.703786	1
170	208	303	231	290	113	117	0.783673	0	0.674833	1
171	434	125	434	123	113	114	0.0163265	0	0.278396	1
172	195	212	199	212	113	114	0.0163265	0	0.47216	1
173	501	97	501	96	113	114	0.00408163	0	0.216036	1
174	520	228	521	229	113	116	0.00816327	0	0.507795	1
175	453	124	455	122	113	114	0.0244898	0	0.276169	1
176	498	176	497	176	113	116	0.00408163	0	0.391982	2
177	434	93	434	95	113	115	0.0163265	0	0.207127	1
178	485	170	482	169	113	116	0.0163265	0	0.378619	2
179	558	41	562	40	113	114	0.0204082	0	0.091314	1
180	445	80	445	84	113	117	0.0653061	0	0.178174	1
181	437	105	436	105	113	114	0.00408163	0	0.233853	2
182	281	101	280	100	113	114	0.00816327	0	0.224944	2
183	458	29	457	29	113	114	0.00408163	0	0.064588	2
184	155	332	165	333	113	114	0.044898	0	0.739421	1
185	784	41	785	41	113	114	0.00408163	0	0.091314	1
186	507	83	510	84	113	114	0.0163265	0	0.184855	1
187	548	43	551	43	113	114	0.0122449	0	0.0957684	1
188	639	152	638	152	113	114	0.00408163	0	0.33853	2
189	787	121	792	122	113	131	0.0244898	0	0.269488	1
190	618	153	616	152	113	117	0.0122449	0	0.340757	2
191	531	224	535	225	114	119	0.0204082	0	0.498886	1
192	259	92	261	90	114	120	0.0244898	0	0.2049	1
193	187	294	190	291	114	115	0.0489796	0	0.654788	1
194	500	64	497	62	114	115	0.0285714	0	0.142539	2
195	198	275	201	274	114	115	0.0163265	0	0.612472	1
196	570	30	574	29	114	115	0.0204082	0	0.0668151	1
197	465	132	466	132	114	115	0.00408163	0	0.293987	1
198	224	304	228	299	114	115	0.118367	0	0.67706	1
199	161	346	166	340	114	118	0.167347	0	0.770601	1
200	796	46	798	45	114	115	0.0122449	0	0.10245	1
201	457	147	456	147	114	115	0.00408163	0	0.327394	2
202	480	103	481	100	114	115	0.0408163	0	0.229399	1
203	291	91	289	92	114	116	0.0122449	0	0.202673	2
204	301	128	300	130	114	115	0.0204082	0	0.285078	2
205	799	65	801	65	114	115	0.00816327	0	0.144766	1
206	457	49	459	49	114	115	0.00816327	0	0.109131	1
207	696	313	704	311	115	121	0.0489796	0	0.697105	1
208	200	218	204	217	115	116	0.0204082	0	0.485523	1
209	211	280	214	279	115	116	0.0163265	0	0.623608	1
210	438	121	437	117	115	116	0.0693878	0	0.269488	2
211	167	276	181	278	115	116	0.0734694	0	0.614699	1
212	505	97	504	96	115	116	0.00816327	0	0.216036	2
213	405	172	408	169	115	117	0.0489796	0	0.383073	1
214	190	311	194	307	115	116	0.0816327	0	0.69265	1
215	463	28	462	28	115	117	0.00408163	0	0.0623608	2
216	458	120	460	116	115	117	0.0734694	0	0.267261	1
217	487	62	483	62	115	116	0.0163265	0	0.138085	2
218	787	41	788	40	115	116	0.00816327	0	0.091314	1
219	449	110	449	107	115	116	0.0367347	0	0.244989	1
220	455	97	453	97	115	116	0.00816327	0	0.216036	2
221	437	110	437	107	115	116	0.0367347	0	0.244989	1
222	518	157	517	156	115	117	0.00816327	0	0.349666	2
223	570	91	568	91	115	116	0.00816327	0	0.202673	2
224	187	334	197	335	115	116	0.044898	0	0.743875	1
225	212	203	357	193	115	135	1	0	0.452116	1
226	436	145	437	144	115	116	0.00816327	0	0.32294	1
227	281	101	280	101	115	117	0.00408163	0	0.224944	2
228	181	301	186	299	115	116	0.0367347	0	0.670379	1
229	581	58	579	58	116	118	0.00816327	0	0.129176	2
230	532	237	538	236	116	120	0.0285714	0	0.52784	1
231	512	138	512	137	116	118	0.00408163	0	0.30735	1
232	200	278	204	277	116	117	0.0204082	0	0.619154	1
233	194	289	204	289	116	118	0.0408163	0	0.643653	1
234	190	238	195	236	116	117	0.0367347	0	0.530067	1
235	573	32	577	31	116	117	0.0204082	0	0.0712695	1
236	302	133	301	134	116	117	0.00816327	0	0.296214	2
237	801	47	805	46	116	119	0.0204082	0	0.104677	1
238	455	145	455	144	116	117	0.00408163	0	0.32294	1
239	482	121	480	120	116	117	0.0122449	0	0.269488	2
240	522	98	522	97	116	117	0.00408163	0	0.218263	1
241	461	50	462	50	116	118	0.00408163	0	0.111359	1
242	170	335	183	329	116	119	0.2	0	0.746102	1
243	473	95	474	95	116	117	0.00408163	0	0.211581	1
244	493	98	492	97	116	117	0.00816327	0	0.218263	2
245	590	101	587	100	116	119	0.0163265	0	0.224944	2
246	805	65	807	64	116	117	0.0122449	0	0.144766	1
247	249	150	248	150	116	120	0.00408163	0	0.334076	2
248	507	153	506	152	116	117	0.00816327	0	0.340757	2
249	180	241	186	240	116	117	0.0285714	0	0.536748	1
250	194	217	210	218	116	119	0.0693878	0	0.483296	1
251	604	330	606	331	116	140	0.0122449	0	0.734967	1
252	827	107	825	106	116	119	0.0122449	0	0.238307	2
253	811	55	825	55	116	122	0.0571429	0	0.122494	1
254	140	449	141	450	116	140	0.00816327	0	1	1
255	219	278	235	278	117	120	0.0653061	0	0.619154	1
256	208	216	219	215	117	119	0.0489796	0	0.481069	1
257	687	300	689	298	117	119	0.0244898	0	0.668151	1
258	467	131	466	130	117	118	0.00816327	0	0.291759	2
259	520	229	525	228	117	120	0.0244898	0	0.510022	1
260	525	284	525	283	117	119	0.00408163	0	0.632517	1
261	488	63	485	63	117	118	0.0122449	0	0.140312	2
262	205	338	212	340	117	118	0.044898	0	0.752784	1
263	218	268	234	266	117	120	0.0816327	0	0.596882	1
264	574	69	574	69	117	119	0	0	0.153675	1
265	524	273	524	272	117	119	0.00408163	0	0.608018	1
266	427	134	427	132	117	119	0.0163265	0	0.298441	1
267	411	154	410	154	117	118	0.00408163	0	0.342984	2
268	196	266	204	268	117	118	0.0489796	0	0.592428	1
269	578	41	581	40	117	118	0.0163265	0	0.091314	1
270	308	97	305	101	117	125	0.077551	0	0.216036	2
271	448	106	448	105	117	118	0.00408163	0	0.23608	1
272	216	350	229	354	117	125	0.118367	0	0.77951	1
273	467	113	468	111	118	119	0.0204082	0	0.25167	1
274	717	354	733	360	118	129	0.212245	0	0.788419	1
275	235	291	238	292	118	119	0.0163265	0	0.648107	1
276	514	85	516	85	118	119	0.00816327	0	0.18931	1
277	435	110	436	108	118	119	0.0204082	0	0.244989	1
278	488	173	488	172	118	119	0.00408163	0	0.385301	1
279	467	33	468	32	118	119	0.00816327	0	0.0734967	1
280	222	211	258	211	118	123	0.146939	0	0.469933	1
281	706	341	714	340	118	121	0.0367347	0	0.759465	1
282	196	279	203	282	118	119	0.0653061	0	0.621381	1
283	438	96	440	95	118	119	0.0122449	0	0.213808	1
284	585	29	589	28	118	119	0.0204082	0	0.064588	1
285	158	269	167	263	118	119	0.183673	0	0.599109	1
286	289	134	286	131	118	119	0.0489796	0	0.298441	2
287	485	73	483	73	118	119	0.00816327	0	0.162584	2
288	811	106	815	106	118	124	0.0163265	0	0.23608	1
289	448	88	450	88	118	119	0.00816327	0	0.195991	1
290	428	172	429	171	118	119	0.00816327	0	0.383073	1
291	502	118	503	117	118	119	0.00816327	0	0.262806	1
292	30	444	33	445	118	140	0.0163265	0	0.988864	1
293	606	94	603	93	119	121	0.0163265	0	0.209354	2
294	463	169	469	168	119	123	0.0285714	0	0.376392	1
295	467	130	468	129	119	120	0.00816327	0	0.289532	1
296	580	59	581	57	119	120	0.0204082	0	0.131403	1
297	478	118	478	116	119	120	0.0163265	0	0.262806	1
298	162	276	189	268	119	121	0.371429	0	0.614699	1
299	514	136	514	134	119	120	0.0163265	0	0.302895	1
300	566	59	569	56	119	121	0.0489796	0	0.131403	1
301	216	342	220	342	119	122	0.0163265	0	0.761693	1
302	173	333	194	327	119	121	0.232653	0	0.741648	1
303	483	63	482	62	119	120	0.00816327	0	0.140312	2
304	503	154	506	153	119	121	0.0163265	0	0.342984	1
305	464	49	466	48	119	120	0.0122449	0	0.109131	1
306	522	98	527	96	119	120	0.0367347	0	0.218263	1
307	569	49	572	48	119	127	0.0163265	0	0.109131	1
308	625	163	627	164	119	121	0.0122449	0	0.363029	1
309	460	101	460	99	119	120	0.0163265	0	0.224944	1
310	225	216	232	217	120	121	0.0326531	0	0.481069	1
311	495	94	496	94	120	121	0.00408163	0	0.209354	1
312	287	130	287	137	120	123	0.2	0	0.289532	1
313	810	44	813	43	120	121	0.0163265	0	0.0979955	1
314	538	225	540	224	120	121	0.0122449	0	0.501114	1
315	525	281	527	281	120	122	0.00816327	0	0.625835	1
316	494	104	497	103	120	121	0.0163265	0	0.231626	1
317	482	74	474	77	120	125	0.0693878	0	0.164811	2
318	693	298	696	297	120	121	0.0163265	0	0.663697	1
319	463	114	463	113	120	121	0.00408163	0	0.253898	1
320	500	78	502	78	120	121	0.00816327	0	0.173719	1
321	207	283	210	282	120	124	0.0163265	0	0.63029	1
322	477	162	478	161	120	121	0.00816327	0	0.360802	1
323	440	107	441	107	120	121	0.00408163	0	0.238307	1
324	475	106	477	105	120	121	0.0122449	0	0.23608	1
325	282	96	282	97	120	121	0.00408163	0	0.213808	1
326	588	35	593	35	120	121	0.0204082	0	0.077951	1
327	496	117	499	117	120	121	0.0122449	0	0.260579	1
328	540	270	541	271	120	122	0.00816327	0	0.601336	1
329	473	32	490	33	120	129	0.0734694	0	0.0712695	1
330	431	130	432	129	120	123	0.00816327	0	0.289532	1
331	454	87	456	86	120	121	0.0122449	0	0.193764	1
332	728	329	728	331	120	126	0.0163265	0	0.732739	1
333	452	125	453	125	120	121	0.00408163	0	0.278396	1
334	212	299	235	299	120	124	0.0938776	0	0.665924	1
335	495	177	496	178	120	122	0.00816327	0	0.394209	1
336	485	93	486	92	120	121	0.00816327	0	0.207127	1
337	419	169	419	169	120	121	0	0	0.376392	1
338	526	271	530	271	120	122	0.0163265	0	0.603563	1
339	430	100	432	102	120	134	0.0244898	0	0.222717	1
340	432	170	435	169	120	121	0.0163265	0	0.378619	1
341	522	108	522	107	120	121	0.00408163	0	0.240535	1
342	428	145	427	147	120	122	0.0204082	0	0.32294	2
343	557	61	557	63	120	140	0.0163265	0	0.135857	1
344	242	279	248	280	121	122	0.0285714	0	0.621381	1
345	470	129	469	128	121	123	0.00816327	0	0.287305	2
346	543	235	546	233	121	122	0.0285714	0	0.523385	1
347	479	115	479	115	121	122	0	0	0.256125	1
348	262	91	262	92	121	122	0.00408163	0	0.202673	1
349	482	62	481	63	121	122	0.00816327	0	0.138085	2
350	469	45	475	46	121	125	0.0285714	0	0.100223	1
351	242	266	247	266	121	122	0.0204082	0	0.592428	1
352	530	227	532	226	121	122	0.0122449	0	0.505568	1
353	482	144	482	145	121	122	0.00408163	0	0.320713	1
354	441	97	441	97	121	122	0	0	0.216036	1
355	492	71	489	72	121	123	0.0163265	0	0.158129	2
356	507	96	508	97	121	122	0.00816327	0	0.213808	1
357	288	140	287	147	121	126	0.204082	0	0.311804	2
358	597	136	582	145	121	127	0.391837	0	0.302895	2
359	715	298	718	297	122	123	0.0163265	0	0.663697	1
360	582	56	583	58	122	127	0.0204082	0	0.124722	1
361	601	94	596	95	122	124	0.0244898	0	0.209354	2
362	570	60	569	61	122	126	0.00816327	0	0.13363	2
363	240	218	249	217	122	123	0.0408163	0	0.485523	1
364	281	107	281	110	122	123	0.0367347	0	0.238307	1
365	715	281	782	281	122	138	0.273469	0	0.625835	1
366	272	94	272	95	122	123	0.00408163	0	0.209354	1
367	255	308	307	304	122	130	0.277551	0	0.685969	1
368	497	94	496	94	122	123	0.00408163	0	0.209354	2
369	233	300	244	300	122	124	0.044898	0	0.668151	1
370	718	342	726	344	122	128	0.0489796	0	0.761693	1
371	512	141	511	141	122	123	0.00408163	0	0.314031	2
372	505	113	505	114	122	123	0.00408163	0	0.25167	1
373	415	156	415	156	122	123	0	0	0.347439	1
374	219	286	219	286	122	124	0	0	0.636971	1
375	546	223	551	217	122	126	0.167347	0	0.496659	1
376	253	148	254	147	122	123	0.00816327	0	0.329621	1
377	804	33	804	33	122	123	0	0	0.0734967	1
378	442	108	442	108	122	123	0	0	0.240535	1
379	225	235	256	234	122	126	0.130612	0	0.523385	1
380	706	314	712	313	122	124	0.0285714	0	0.699332	1
381	507	153	507	152	122	123	0.00408163	0	0.340757	1
382	625	149	620	148	122	126	0.0244898	0	0.331849	2
383	460	85	460	83	122	123	0.0163265	0	0.18931	1
384	695	298	703	296	122	124	0.0489796	0	0.663697	1
385	417	174	415	175	122	125	0.0122449	0	0.387528	2
386	463	100	463	99	122	123	0.00408163	0	0.222717	1
387	456	131	456	132	122	123	0.00408163	0	0.291759	1
388	480	119	479	119	123	124	0.00408163	0	0.265033	2
389	528	286	530	285	123	124	0.0122449	0	0.636971	1
390	529	251	531	250	123	124	0.0122449	0	0.55902	1
391	462	115	460	115	123	124	0.00816327	0	0.256125	2
392	257	281	265	279	123	124	0.0489796	0	0.625835	1
393	550	232	551	230	123	125	0.0204082	0	0.516704	1
394	490	133	492	134	123	124	0.0122449	0	0.296214	1
395	236	285	249	283	123	125	0.0693878	0	0.634744	1
396	257	303	281	293	123	126	0.506122	0	0.674833	1
397	533	274	534	272	123	124	0.0204082	0	0.610245	1
398	537	228	539	226	123	125	0.0244898	0	0.507795	1
399	535	261	536	257	123	125	0.0693878	0	0.581292	1
400	249	291	271	286	123	126	0.191837	0	0.648107	1
401	587	88	585	89	123	124	0.0122449	0	0.195991	2
402	428	148	427	147	123	124	0.00816327	0	0.329621	2
403	479	131	477	131	123	125	0.00816327	0	0.291759	2
404	493	119	494	119	123	124	0.00408163	0	0.265033	1
405	259	271	267	269	123	124	0.0489796	0	0.603563	1
406	527	224	544	222	123	134	0.0857143	0	0.498886	1
407	725	297	730	296	124	126	0.0244898	0	0.66147	1
408	259	217	267	216	124	125	0.0367347	0	0.483296	1
409	523	91	523	92	124	125	0.00408163	0	0.202673	1
410	473	168	472	168	124	126	0.00408163	0	0.374165	2
411	497	95	496	96	124	125	0.00816327	0	0.211581	2
412	271	96	270	98	124	125	0.0204082	0	0.213808	2
413	468	130	465	129	124	126	0.0163265	0	0.289532	2
414	487	72	484	72	124	125	0.0122449	0	0.160356	2
415	487	62	489	62	124	126	0.00816327	0	0.138085	1
416	449	116	449	117	124	125	0.00408163	0	0.258352	1
417	520	115	518	116	124	125	0.0122449	0	0.256125	2
418	509	101	508	102	124	125	0.00816327	0	0.224944	2
419	220	273	229	267	124	126	0.183673	0	0.608018	1
420	585	159	582	160	124	126	0.0163265	0	0.35412	2
421	475	152	474	152	124	126	0.00408163	0	0.33853	2
422	822	47	825	46	124	126	0.0163265	0	0.104677	1
423	459	117	457	117	125	126	0.00816327	0	0.260579	2
424	263	275	283	272	125	128	0.118367	0	0.612472	1
425	510	139	508	138	125	127	0.0122449	0	0.309577	2
426	249	301	263	300	125	127	0.0612245	0	0.670379	1
427	480	121	478	120	125	126	0.0122449	0	0.269488	2
428	494	139	494	139	125	126	0	0	0.309577	1
429	583	90	579	90	125	126	0.0163265	0	0.200445	2
430	445	101	444	100	125	126	0.00816327	0	0.224944	2
431	254	334	281	341	125	128	0.310204	0	0.743875	1
432	616	40	620	39	125	126	0.0204082	0	0.0890869	1
433	508	92	506	93	125	126	0.0122449	0	0.2049	2
434	273	277	279	275	125	126	0.0408163	0	0.616927	1
435	815	108	814	107	125	140	0.00816327	0	0.240535	2
436	426	147	425	146	125	126	0.00816327	0	0.327394	2
437	707	293	710	292	125	126	0.0163265	0	0.652561	1
438	288	115	287	116	125	126	0.00816327	0	0.256125	2
439	453	143	454	143	125	127	0.00408163	0	0.318486	1
440	813	36	814	36	125	126	0.00408163	0	0.0801782	1
441	258	235	265	234	125	126	0.0326531	0	0.523385	1
442	435	127	435	124	125	127	0.0367347	0	0.282851	1
443	257	265	269	263	125	127	0.0653061	0	0.5902	1
444	581	66	585	69	125	129	0.0530612	0	0.146993	1
445	225	340	243	330	125	128	0.481633	0	0.757238	1
446	739	40	738	39	125	140	0.00816327	0	0.0890869	2
447	575	107	575	106	125	126	0.00408163	0	0.238307	1
448	242	145	247	143	125	129	0.0367347	0	0.32294	1
449	259	282	281	283	126	129	0.0938776	0	0.628062	1
450	276	214	284	212	126	127	0.0489796	0	0.476615	1
451	478	71	476	70	126	127	0.0122449	0	0.158129	2
452	474	81	472	80	126	127	0.0122449	0	0.180401	2
453	549	230	558	233	126	133	0.0734694	0	0.512249	1
454	475	130	474	129	126	127	0.00816327	0	0.289532	2
455	218	273	238	261	126	128	0.669388	0	0.608018	1
456	453	90	456	89	126	128	0.0163265	0	0.200445	1
457	538	268	541	265	126	127	0.0489796	0	0.596882	1
458	490	97	490	97	126	127	0	0	0.216036	1
459	414	159	415	157	126	128	0.0204082	0	0.35412	1
460	497	81	494	80	126	127	0.0163265	0	0.180401	2
461	617	65	623	64	126	127	0.0285714	0	0.144766	1
462	269	346	287	351	126	131	0.17551	0	0.770601	1
463	287	102	287	102	126	127	0	0	0.227171	1
464	821	65	824	65	126	127	0.0122449	0	0.144766	1
465	732	298	736	298	127	128	0.0163265	0	0.663697	1
466	569	62	569	62	127	128	0	0	0.138085	1
467	446	102	450	101	127	129	0.0204082	0	0.227171	1
468	549	219	558	220	127	131	0.0408163	0	0.487751	1
469	464	123	467	131	127	134	0.273469	0	0.273942	1
470	469	169	466	168	127	128	0.0163265	0	0.376392	2
471	479	45	485	45	127	129	0.0244898	0	0.100223	1
472	469	112	470	112	127	129	0.00408163	0	0.249443	1
473	626	37	638	36	127	129	0.0530612	0	0.0824053	1
474	715	297	727	296	127	130	0.0530612	0	0.66147	1
475	224	280	267	267	127	130	0.865306	0	0.623608	1
476	539	250	541	251	127	128	0.0122449	0	0.556793	1
477	269	101	275	103	127	129	0.0408163	0	0.224944	1
478	276	284	283	283	127	128	0.0326531	0	0.632517	1
479	496	138	497	137	127	128	0.00816327	0	0.30735	1
480	286	273	293	272	127	128	0.0326531	0	0.608018	1
481	586	102	585	102	127	128	0.00408163	0	0.227171	2
482	493	62	501	60	127	130	0.0489796	0	0.138085	1
483	595	74	596	75	127	128	0.00816327	0	0.164811	1
484	576	92	571	93	127	132	0.0244898	0	0.2049	2
485	444	147	447	146	127	128	0.0163265	0	0.327394	1
486	443	162	448	160	127	128	0.0367347	0	0.360802	1
487	297	138	296	138	127	128	0.00408163	0	0.30735	2
488	267	235	277	235	127	128	0.0408163	0	0.523385	1
489	306	101	306	101	127	129	0	0	0.224944	1
490	441	112	442	111	127	128	0.00816327	0	0.249443	1
491	591	133	592	131	128	129	0.0204082	0	0.296214	1
492	474	123	477	127	128	132	0.077551	0	0.273942	1
493	507	138	507	138	128	129	0	0	0.30735	1
494	476	70	475	70	128	129	0.00408163	0	0.155902	2
495	287	118	288	118	128	129	0.00408163	0	0.262806	1
496	584	58	588	59	128	130	0.0204082	0	0.129176	1
497	553	278	556	279	128	129	0.0163265	0	0.619154	1
498	466	134	469	135	128	131	0.0163265	0	0.298441	1
499	273	301	290	303	128	130	0.0857143	0	0.670379	1
500	293	213	310	212	128	130	0.0734694	0	0.474388	1
501	439	125	442	124	128	130	0.0163265	0	0.278396	1
502	820	38	824	38	128	129	0.0163265	0	0.0846325	1
503	285	309	292	313	128	129	0.0938776	0	0.688196	1
504	580	82	581	83	128	129	0.00816327	0	0.182628	1
505	729	308	735	307	128	130	0.0285714	0	0.685969	1
506	233	333	285	332	128	132	0.216327	0	0.741648	1
507	487	78	486	78	128	129	0.00408163	0	0.173719	2
508	263	298	295	303	128	132	0.232653	0	0.663697	1
509	642	60	644	60	128	129	0.00816327	0	0.13363	1
510	695	31	698	30	128	135	0.0163265	0	0.0690423	1
511	491	161	492	161	128	129	0.00408163	0	0.358575	1
512	283	211	300	210	128	130	0.0734694	0	0.469933	1
513	742	298	755	297	129	133	0.0571429	0	0.663697	1
514	464	166	461	165	129	130	0.0163265	0	0.36971	2
515	291	272	302	273	129	131	0.0489796	0	0.605791	1
516	572	59	573	58	129	130	0.00816327	0	0.131403	1
517	301	274	319	274	129	132	0.0734694	0	0.610245	1
518	460	90	461	89	129	130	0.00816327	0	0.200445	1
519	577	49	579	50	129	131	0.0122449	0	0.109131	1
520	520	111	522	111	129	130	0.00816327	0	0.247216	1
521	296	136	296	139	129	130	0.0367347	0	0.302895	1
522	577	104	568	106	129	135	0.0530612	0	0.231626	2
523	595	77	597	80	129	131	0.044898	0	0.171492	1
524	551	267	554	268	129	130	0.0163265	0	0.594655	1
525	440	169	440	168	129	130	0.00408163	0	0.376392	1
526	590	104	590	103	129	130	0.00408163	0	0.231626	1
527	543	256	545	257	129	131	0.0122449	0	0.570156	1
528	479	133	480	134	129	131	0.00816327	0	0.296214	1
529	291	283	297	283	129	130	0.0244898	0	0.63029	1
530	294	104	289	108	129	134	0.0857143	0	0.231626	2
531	476	172	474	171	129	130	0.0122449	0	0.383073	2
532	478	94	479	94	129	130	0.00408163	0	0.209354	1
533	450	145	455	143	129	131	0.0367347	0	0.32294	1
534	285	89	316	92	129	136	0.163265	0	0.198218	1
535	492	171	493	172	129	130	0.00816327	0	0.380846	1
536	452	100	454	100	130	132	0.00816327	0	0.222717	1
537	558	282	558	283	130	132	0.00408163	0	0.628062	1
538	467	77	461	79	130	132	0.0408163	0	0.171492	2
539	593	128	589	129	130	133	0.0204082	0	0.285078	2
540	287	339	288	339	130	131	0.00408163	0	0.755011	1
541	488	48	490	46	130	131	0.0244898	0	0.106904	1
542	721	345	726	344	130	131	0.0244898	0	0.768374	1
543	467	67	464	67	130	131	0.0122449	0	0.14922	2
544	468	147	468	146	130	131	0.00408163	0	0.327394	1
545	430	144	432	143	130	132	0.0122449	0	0.320713	1
546	585	147	584	147	130	132	0.00408163	0	0.327394	2
547	472	113	472	114	130	131	0.00408163	0	0.25167	1
548	649	60	678	61	130	134	0.122449	0	0.13363	1
549	477	72	474	73	130	131	0.0163265	0	0.160356	2
550	493	161	493	162	130	131	0.00408163	0	0.358575	1
551	499	100	496	100	130	131	0.0122449	0	0.222717	2
552	636	64	640	64	130	131	0.0163265	0	0.142539	1
553	586	70	589	71	130	134	0.0163265	0	0.155902	1
554	584	83	585	84	130	131	0.00816327	0	0.184855	1
555	583	159	582	158	130	131	0.00816327	0	0.35412	2
556	456	124	456	125	131	132	0.00408163	0	0.276169	1
557	459	164	457	164	131	132	0.00816327	0	0.365256	2
558	510	148	511	149	131	132	0.00816327	0	0.329621	1
559	590	103	588	103	131	133	0.00816327	0	0.229399	2
560	287	121	286	121	131	132	0.00408163	0	0.269488	2
561	521	116	521	116	131	132	0	0	0.258352	1
562	294	149	294	149	131	132	0	0	0.331849	1
563	737	295	745	291	131	134	0.0979592	0	0.657016	1
564	302	297	305	294	131	132	0.0489796	0	0.66147	1
565	467	92	469	93	131	133	0.0122449	0	0.2049	1
566	451	110	452	110	131	132	0.00408163	0	0.244989	1
567	313	213	320	211	131	132	0.044898	0	0.474388	1
568	571	63	571	64	131	133	0.00408163	0	0.140312	1
569	443	125	443	125	131	134	0	0	0.278396	1
570	492	143	493	143	131	132	0.00408163	0	0.318486	1
571	291	324	293	326	131	132	0.0244898	0	0.721604	1
572	590	60	591	60	131	134	0.00408163	0	0.13363	1
573	284	282	287	278	131	133	0.077551	0	0.628062	1
574	510	109	509	109	131	132	0.00408163	0	0.242762	2
575	554	269	559	268	131	137	0.0244898	0	0.599109	1
576	726	287	745	285	131	137	0.0938776	0	0.639198	1
577	496	29	500	28	131	133	0.0204082	0	0.064588	1
578	499	129	499	128	131	132	0.00408163	0	0.287305	1
579	454	76	424	83	131	140	0.322449	0	0.169265	2
580	487	63	491	63	131	133	0.0163265	0	0.140312	1
581	498	67	501	66	131	134	0.0163265	0	0.14922	1
582	561	221	567	220	132	136	0.0285714	0	0.492205	1
583	314	306	318	303	132	133	0.0530612	0	0.681514	1
584	734	362	733	360	132	134	0.0204082	0	0.806236	2
585	514	95	511	96	132	134	0.0163265	0	0.211581	2
586	471	138	469	141	132	134	0.044898	0	0.30735	2
587	314	234	323	232	132	133	0.0530612	0	0.521158	1
588	281	351	283	347	132	134	0.0734694	0	0.781737	1
589	495	164	495	164	132	133	0	0	0.365256	1
590	735	337	745	337	132	134	0.0408163	0	0.750557	1
591	482	137	481	139	132	133	0.0204082	0	0.305122	2
592	335	290	343	286	132	133	0.0979592	0	0.64588	1
593	504	184	505	186	132	133	0.0204082	0	0.4098	1
594	474	114	474	115	132	133	0.00408163	0	0.253898	1
595	580	52	580	52	132	133	0	0	0.115813	1
596	291	352	291	352	132	133	0	0	0.783964	1
597	456	146	458	148	132	133	0.0244898	0	0.325167	1
598	526	98	523	97	132	134	0.0163265	0	0.218263	2
599	647	61	694	61	132	140	0.191837	0	0.135857	1
600	494	46	495	45	132	133	0.00816327	0	0.10245	1
601	481	159	479	161	132	134	0.0244898	0	0.35412	2
602	468	173	464	171	132	133	0.0326531	0	0.385301	2
603	459	127	458	128	133	134	0.00816327	0	0.282851	2
604	333	210	339	209	133	134	0.0285714	0	0.467706	1
605	328	276	333	274	133	134	0.0367347	0	0.614699	1
606	479	129	478	130	133	134	0.00816327	0	0.287305	2
607	465	75	440	81	133	140	0.24898	0	0.167038	2
608	290	123	287	124	133	135	0.0163265	0	0.273942	2
609	308	297	313	295	133	134	0.0367347	0	0.66147	1
610	558	282	555	281	133	136	0.0163265	0	0.628062	2
611	579	93	576	93	133	134	0.0122449	0	0.207127	2
612	522	116	520	115	133	134	0.0122449	0	0.258352	2
613	454	111	454	110	133	134	0.00408163	0	0.247216	1
614	421	158	423	156	133	134	0.0244898	0	0.351893	1
615	736	348	738	347	133	134	0.0122449	0	0.775056	1
616	284	143	283	141	133	134	0.0204082	0	0.318486	2
617	459	85	455	86	133	134	0.0204082	0	0.18931	2
618	459	99	459	99	133	134	0	0	0.22049	1
619	464	113	463	113	133	134	0.00408163	0	0.25167	2
620	493	141	491	141	133	134	0.00816327	0	0.314031	2
621	589	89	590	88	133	134	0.00816327	0	0.198218	1
622	553	223	553	222	133	134	0.00408163	0	0.496659	1
623	500	97	494	99	133	135	0.0408163	0	0.216036	2
624	507	111	499	112	133	136	0.0367347	0	0.247216	2
625	581	269	587	273	133	136	0.0897959	0	0.599109	1
626	323	263	336	261	133	135	0.0693878	0	0.585746	1
627	797	123	794	122	133	140	0.0163265	0	0.273942	2
628	757	296	762	296	134	136	0.0204082	0	0.659243	1
629	324	302	330	301	134	135	0.0285714	0	0.672606	1
630	577	65	578	64	134	137	0.00816327	0	0.144766	1
631	506	138	504	136	134	135	0.0244898	0	0.30735	2
632	494	165	492	164	134	135	0.0122449	0	0.367483	2
633	483	175	482	175	134	135	0.00408163	0	0.389755	2
634	499	182	497	182	134	136	0.00816327	0	0.405345	2
635	295	285	298	278	134	135	0.212245	0	0.634744	1
636	491	64	492	64	134	136	0.00408163	0	0.142539	1
637	495	45	495	45	134	135	0	0	0.100223	1
638	481	141	478	141	134	135	0.0122449	0	0.314031	2
639	321	280	333	280	134	136	0.0489796	0	0.623608	1
640	323	339	336	342	134	135	0.0897959	0	0.755011	1
641	754	24	752	24	134	138	0.00816327	0	0.0534521	2
642	308	102	312	101	134	135	0.0204082	0	0.227171	1
643	474	83	473	82	134	135	0.00816327	0	0.184855	2
644	737	360	743	360	135	136	0.0244898	0	0.801782	1
645	338	272	359	275	135	138	0.122449	0	0.605791	1
646	468	131	461	131	135	137	0.0285714	0	0.291759	2
647	583	133	579	134	135	136	0.0204082	0	0.296214	2
648	346	209	371	209	135	138	0.102041	0	0.465479	1
649	353	287	359	288	135	136	0.0285714	0	0.639198	1
650	757	285	776	290	135	140	0.179592	0	0.634744	1
651	509	97	505	98	135	136	0.0204082	0	0.216036	2
652	282	146	281	149	135	136	0.0408163	0	0.325167	2
653	585	106	582	106	135	136	0.0122449	0	0.23608	2
654	769	296	772	296	135	136	0.0122449	0	0.659243	1
655	458	128	454	128	135	136	0.0163265	0	0.285078	2
656	469	110	468	110	135	136	0.00408163	0	0.244989	2
657	459	111	459	111	135	136	0	0	0.247216	1
658	320	294	327	294	135	136	0.0285714	0	0.654788	1
659	454	168	451	169	135	136	0.0163265	0	0.374165	2
660	586	51	586	50	135	137	0.00408163	0	0.113586	1
661	467	141	464	141	135	136	0.0122449	0	0.314031	2
662	513	151	512	149	135	137	0.0204082	0	0.336303	2
663	287	342	310	330	135	138	0.681633	0	0.761693	1
664	354	265	362	268	135	136	0.0693878	0	0.5902	1
665	451	87	432	89	135	140	0.0938776	0	0.193764	2
666	494	144	490	144	135	136	0.0163265	0	0.320713	2
667	367	278	375	280	135	138	0.0489796	0	0.619154	1
668	489	119	488	120	135	136	0.00816327	0	0.265033	2
669	501	68	503	69	135	137	0.0122449	0	0.151448	1
670	575	95	573	95	135	136	0.00816327	0	0.211581	2
671	519	141	518	140	135	136	0.00816327	0	0.314031	2
672	446	125	446	125	135	136	0	0	0.278396	1
673	282	156	281	159	135	136	0.0408163	0	0.347439	2
674	555	223	560	220	135	137	0.0571429	0	0.496659	1
675	589	71	592	68	135	138	0.0489796	0	0.158129	1
676	592	61	592	60	135	136	0.00408163	0	0.135857	1
677	562	234	577	225	135	140	0.391837	0	0.521158	1
678	587	86	588	85	135	136	0.00816327	0	0.191537	1
679	289	106	288	109	135	138	0.0408163	0	0.23608	2
680	285	127	286	129	136	137	0.0204082	0	0.282851	1
681	340	303	351	304	136	137	0.0489796	0	0.674833	1
682	498	47	499	48	136	137	0.00816327	0	0.104677	1
683	346	344	359	347	136	140	0.0897959	0	0.766147	1
684	521	109	516	110	136	138	0.0244898	0	0.242762	2
685	296	348	313	340	136	138	0.330612	0	0.775056	1
686	567	66	567	64	136	140	0.0163265	0	0.146993	1
687	458	101	458	100	136	137	0.00408163	0	0.224944	1
688	469	91	469	89	136	137	0.0163265	0	0.202673	1
689	570	108	563	108	136	139	0.0285714	0	0.240535	2
690	315	105	325	104	136	138	0.044898	0	0.233853	1
691	308	269	337	264	136	138	0.220408	0	0.599109	1
692	754	346	759	348	136	137	0.0367347	0	0.770601	1
693	364	194	372	193	136	137	0.0367347	0	0.432071	1
694	503	135	502	136	136	138	0.00816327	0	0.300668	2
695	571	55	571	54	136	140	0.00408163	0	0.122494	1
696	581	263	583	262	136	139	0.0122449	0	0.585746	1
697	578	148	577	148	136	137	0.00408163	0	0.329621	2
698	730	333	730	331	136	140	0.0163265	0	0.741648	1
699	359	352	368	355	136	140	0.0734694	0	0.783964	1
700	782	124	782	123	136	140	0.00408163	0	0.276169	1
701	767	298	778	300	137	140	0.0612245	0	0.663697	1
702	571	219	578	214	137	140	0.130612	0	0.487751	1
703	471	139	463	137	137	139	0.0489796	0	0.309577	2
704	281	154	279	158	137	139	0.0734694	0	0.342984	2
705	777	297	781	298	137	138	0.0204082	0	0.66147	1
706	449	170	446	173	137	139	0.0489796	0	0.378619	2
707	495	97	492	97	137	138	0.0122449	0	0.216036	2
708	302	157	302	157	137	138	0	0	0.349666	1
709	498	183	496	182	137	138	0.0122449	0	0.407572	2
710	461	141	454	139	137	139	0.044898	0	0.314031	2
711	558	101	554	99	137	140	0.0326531	0	0.224944	2
712	493	64	498	63	137	140	0.0244898	0	0.142539	1
713	539	106	538	105	137	140	0.00816327	0	0.23608	2
714	508	101	504	102	137	138	0.0204082	0	0.224944	2
715	280	164	279	164	137	140	0.00408163	0	0.365256	2
716	430	115	420	118	137	140	0.077551	0	0.256125	2
717	558	251	561	249	137	138	0.0285714	0	0.55902	1
718	477	158	470	156	137	139	0.044898	0	0.351893	2
719	589	274	589	273	137	140	0.00408163	0	0.610245	1
720	341	272	356	275	137	139	0.0979592	0	0.605791	1
721	755	305	758	306	137	138	0.0163265	0	0.679287	1
722	749	295	759	298	137	140	0.077551	0	0.657016	1
723	288	130	290	129	138	139	0.0122449	0	0.289532	1
724	472	127	468	126	138	139	0.0204082	0	0.282851	2
725	501	50	502	51	138	139	0.00816327	0	0.111359	1
726	494	107	492	106	138	139	0.0122449	0	0.238307	2
727	579	64	579	63	138	140	0.00408163	0	0.142539	1
728	763	351	766	351	138	140	0.0122449	0	0.781737	1
729	587	50	587	50	138	139	0	0	0.111359	1
730	523	139	521	138	138	139	0.0122449	0	0.309577	2
731	560	220	565	216	138	140	0.0857143	0	0.489978	1
732	358	263	364	263	138	139	0.0244898	0	0.585746	1
733	345	284	351	285	138	139	0.0285714	0	0.632517	1
734	575	107	570	106	138	140	0.0244898	0	0.238307	2
735	561	267	567	261	138	140	0.171429	0	0.594655	1
736	569	207	573	203	138	140	0.0816327	0	0.461024	1
737	515	120	511	121	138	140	0.0204082	0	0.267261	2
738	484	172	480	172	138	139	0.0163265	0	0.383073	2
739	691	96	691	95	138	140	0.00408163	0	0.213808	1
740	514	59	515	58	138	139	0.00816327	0	0.131403	1
741	459	185	459	185	138	140	0	0	0.412027	1
742	491	148	492	150	138	139	0.0204082	0	0.329621	1
743	559	123	556	124	138	139	0.0163265	0	0.273942	2
744	342	301	356	300	138	140	0.0612245	0	0.670379	1
745	679	89	682	86	138	140	0.0489796	0	0.198218	1
746	589	126	587	124	138	139	0.0244898	0	0.280624	2
747	583	219	586	214	138	140	0.114286	0	0.487751	1
748	781	289	785	289	139	140	0.0163265	0	0.643653	1
749	453	128	450	128	139	140	0.0122449	0	0.285078	2
750	379	208	388	205	139	140	0.0734694	0	0.463252	1
751	784	299	788	299	139	140	0.0163265	0	0.665924	1
752	378	304	391	300	139	140	0.118367	0	0.67706	1
753	364	299	376	297	139	140	0.0653061	0	0.665924	1
754	563	253	564	250	139	140	0.0408163	0	0.563474	1
755	494	181	490	178	139	140	0.0530612	0	0.403118	2
756	324	337	339	337	139	140	0.0612245	0	0.750557	1
757	507	155	506	155	139	140	0.00408163	0	0.345212	2
758	289	113	291	112	139	140	0.0122449	0	0.25167	1
759	443	128	439	128	139	140	0.0163265	0	0.285078	2
760	487	86	490	86	139	140	0.0122449	0	0.191537	1
761	570	134	568	133	139	140	0.0122449	0	0.298441	2
762	594	60	595	59	139	140	0.00816327	0	0.13363	1
763	302	157	302	156	139	140	0.00408163	0	0.349666	1
764	361	288	371	288	139	140	0.0408163	0	0.641425	1
765	376	265	384	264	139	140	0.0367347	0	0.5902	1
766	515	107	513	107	139	140	0.00816327	0	0.238307	2
767	476	116	475	115	139	140	0.00816327	0	0.258352	2
768	370	229	378	228	139	140	0.0367347	0	0.510022	1
769	599	84	601	84	139	140	0.00816327	0	0.187082	1
770	452	154	451	152	139	140	0.0204082	0	0.342984	2